0,243,627,835,345,590,520,98,967,136,920,838,33,107,977,387,242,951,884,170,198,506,497,941,684,745,466,553,670,932,425,102,67,420,485,583,595,767,393,173,440,112,605,478,35,515,235,668,962,538,647,282,110,847,9,395,340,575,51,654,68,650,190,942,900,867,656,334,852,385,975,383,727,648,201,71,818,152,332,579,775,450,660,528,311,204,372,25,685,889,473,159,353,983,928,893,725,666,158,740,322,823,620,149,580,813,52,742,145,285,820,185,42,584,135,854,494,544,318,567,845,464,887,251,273,317,369,477,297,465,83,417,290,622,864,801,837,315,744,432,832,937,671,931,460,378,118,904,335,817,980,481,713,754,774,746,40,690,896,952,344,202,415,12,177,737,259,984,826,782,618,548,659,172,707,239,126,53,516,394,814,129,536,866,5,961,367,541,408,532,165,156,882,62,434,305,856,624,992,105,874,23,911,265,511,763,559,375,766,206,752,448,738,313,76,22,292,416,470,92,231,271,859,672,918,73,877,309,120,960,392,974,449,181,72,808,141,389,146,638,786,20,569,613,761,150,36,139,611,28,409,16,469,249,757,96,253,696,795,456,304,58,50,982,418,431,916,288,446,199,557,442,386,697,608,578,714,776,593,44,521,933,491,768,227,441,833,236,631,495,973,430,368,651,610,753,306,424,428,885,183,405,868,827,115,435,138,871,750,969,712,13,39,15,1,200,953,711,693,568,213,106,153,17,462,380,988,759,178,905,247,263,736,892,546,90,585,316,427,207,240,657,944,830,433,554,556,75,570,615,890,401,300,444,792,815,547,108,678,914,436,718,374,803,637,364,719,886,48,203,699,447,560,796,780,695,93,31,360,955,628,399,95,301,346,339,169,680,426,325,97,326,88,551,99,443,184,600,244,168,220,500,946,113,927,552,275,772,487,429,479,266,526,825,361,686,639,701,502,192,860,482,503,114,694,277,131,77,799,665,966,517,400,457,321,607,224,381,445,298,667,130,728,970,991,162,272,338,255,760,531,703,925,218,708,489,939,717,371,234,527,347,849,411,764,739,219,196,784,166,81,948,14,734,981,376,747,565,630,398,119,635,879,726,545,601,359,971,132,3,599,957,705,79,640,901,233,691,451,587,349,924,571,596,788,308,59,21,735,390,524,729,501,846,965,897,267,698,422,34,382,510,903,365,327,720,956,56,645,493,54,137,733,839,809,329,950,574,888,333,41,658,789,591,910,225,537,662,189,730,144,2,270,878,296,550,124,872,223,604,454,919,167,954,256,539,230,773,490,689,193,563,343,215,437,241,636,60,806,252,802,940,82,840,319,642,614,530,807,561,248,320,632,80,134,986,855,564,895,484,649,800,851,816,294,280,947,617,921,715,350,513,245,140,238,964,109,582,229,406,18,91,987,861,179,880,509,769,216,94,907,293,625,743,762,208,968,468,161,791,523,453,84,104,562,163,724,857,755,804,226,404,171,976,540,175,498,291,237,281,765,558,264,576,471,779,798,894,688,533,732,147,127,370,459,410,30,621,194,683,186,286,676,597,522,89,935,566,687,783,917,414,49,862,356,876,276,853,180,155,302,508,342,512,461,891,848,706,388,922,507,603,619,913,756,778,397,929,37,912,525,7,663,612,32,543,413,535,182,476,438,11,908,748,38,723,475,797,391,633,269,403,324,148,758,677,972,142,336,805,279,283,589,542,938,858,990,423,958,384,212,841,770,228,534,863,949,771,496,87,122,352,330,47,128,214,116,157,312,909,57,373,499,303,936,100,652,463,505,616,154,749,341,514,174,328,222,731,710,572,985,46,123,794,898,299,133,74,4,258,963,331,86,474,354,602,943,641,268,661,121,836,402,455,588,348,674,741,211,673,366,722,187,61,362,629,881,412,682,646,812,488,8,351,26,518,287,337,407,626,669,704,111,573,310,379,883,363,254,439,284,902,702,246,643,307,261,869,915,549,221,824,78,700,10,486,205,65,899,664,125,989,829,151,679,655,811,529,586,191,709,787,822,790,160,257,934,873,653,64,19,692,421,785,164,278,834,467,681,355,377,870,875,865,716,906,63,480,43,55,314,217,594,458,85,923,69,844,101,66,843,197,452,210,519,793,945,262,492,623,396,577,472,188,810,70,926,143,357,644,117,842,675,850,232,592,274,978,358,634,323,45,195,606,29,609,581,598,959,821,27,828,781,831,209,930,250,555,751,419,6,24,777,504,819,295,289,176,721,103,260,483,979,
value : 544.376 running time : 33.697693
0 80 20
243 85.278 19.9565
627 85.3483 21.5264
835 85.6468 28.1889
345 85.6549 28.3712
590 85.7796 31.1537
520 85.8855 33.518
98 85.9782 35.5863
967 86.3602 44.1188
136 86.3722 44.3858
920 86.3828 44.6234
838 86.3929 44.8478
33 86.4013 45.0356
107 86.4995 47.2276
977 86.5518 48.3953
387 86.5605 48.589
242 86.5693 48.7851
951 86.5776 48.9708
884 86.5864 49.1676
170 86.5952 49.3632
198 86.6037 49.5525
506 86.6125 49.7501
497 86.6204 49.9256
941 80.7553 50.635
684 80.4344 50.6738
745 80.0717 50.7177
466 79.4025 51.3009
553 78.1595 52.3841
670 77.16 53.2551
932 76.0289 54.2408
425 74.6654 55.4289
102 72.5547 57.2683
67 70.7472 58.8434
420 69.9602 59.5292
485 69.1702 60.2176
583 68.4483 60.8467
595 67.4076 61.7537
767 66.5221 62.5253
393 65.4178 63.4877
173 64.4456 64.3348
440 63.5637 65.1033
112 62.7508 65.8117
605 62.2359 66.2604
478 61.7821 66.6559
35 61.1933 67.169
515 60.5435 67.7352
235 59.8552 68.3351
668 60.147 68.6837
962 60.4257 69.0164
538 60.6283 69.2583
647 60.9113 69.5963
282 61.193 69.9327
110 62.0979 71.0133
847 62.123 71.1226
9 62.147 71.2271
395 62.1698 71.3265
340 62.1894 71.412
575 62.2128 71.5138
51 63.0677 70.7951
654 63.9332 70.0676
68 64.8048 69.3349
650 65.6086 68.6592
190 66.3735 68.0162
942 66.6641 68.2298
900 67.1065 68.5549
867 67.5216 68.8601
656 67.9166 69.1504
334 68.4912 69.5728
852 69.7051 70.5282
385 70.9031 71.4712
975 71.763 72.148
383 72.6414 72.8394
727 73.4718 73.4929
648 74.6582 74.4268
201 75.0718 74.7523
71 75.6469 75.2049
818 76.2491 75.679
152 76.7851 76.1008
332 77.8984 76.9771
579 78.9867 77.8337
775 80.6104 79.1117
450 83.7175 81.5572
660 84.2447 81.9722
528 84.6206 82.2681
311 85.0725 82.6238
204 85.5109 82.9689
372 86.0014 83.355
25 85.3915 83.9251
685 84.6479 84.6202
889 83.7499 85.4597
473 82.7857 86.3611
159 81.7668 87.3136
353 80.8079 88.21
983 80.4942 88.5032
928 80.3136 88.672
893 79.6536 88.8814
725 79.0492 89.0731
666 78.3581 89.2923
158 77.7587 89.4824
740 77.2821 89.6336
322 76.6257 89.8417
823 75.4329 90.22
620 74.4963 90.5171
149 73.9286 90.6972
580 73.4419 90.8515
813 72.9584 91.0049
52 72.4379 91.1699
742 72.0081 91.3063
145 71.4768 91.4748
285 70.9725 91.6347
820 70.4852 91.7893
185 69.8028 92.0057
42 69.2969 92.1662
584 68.7847 92.3286
135 68.7847 92.3286
854 68.5147 91.8457
494 68.2476 91.3682
544 67.9569 90.8482
318 67.6487 90.2973
567 67.29 89.6559
845 66.9756 89.0936
464 66.658 88.5258
887 66.2918 87.871
251 66.1163 87.5571
273 65.872 87.1203
317 65.6 86.634
369 65.3629 86.21
477 65.1681 85.8617
297 64.9553 85.4811
465 64.7507 85.1152
83 64.5347 84.729
417 64.3318 84.3662
290 64.0131 83.7963
622 64.0131 83.7963
864 64.0131 83.7963
801 64.0131 83.7963
837 64.0131 83.7963
315 63.1196 83.9316
744 62.3712 84.045
432 61.5132 84.1749
832 61.5132 84.1749
937 61.5132 84.1749
671 61.5132 84.1749
931 61.5132 84.1749
460 61.5132 84.1749
378 61.5131 84.1749
118 61.5131 84.1749
904 61.5131 84.1749
335 60.4291 84.804
817 59.4616 85.3654
980 59.1152 85.5475
481 58.8366 85.694
713 55.3683 87.5179
754 55.2094 87.6015
774 55.0391 87.691
746 54.8778 87.7759
40 54.738 87.8494
690 54.593 87.9256
896 54.4395 88.0063
952 54.293 88.0834
344 54.1455 88.161
202 54.0406 88.2162
415 53.9326 88.2729
12 53.8217 88.3313
177 53.6995 88.3955
737 53.568 88.4647
259 53.4468 88.5284
984 53.319 88.5956
826 53.1873 88.6649
782 53.0508 88.7367
618 50.8092 89.9155
548 48.322 91.2234
659 48.0488 91.3671
172 47.7361 91.5316
707 47.5084 91.6513
239 47.6427 91.6834
126 47.7685 91.7134
53 47.8797 91.7399
516 48.0101 91.771
394 48.1236 91.7981
814 48.2632 91.8314
129 48.3931 91.8624
536 48.5473 91.8992
866 48.6832 91.9317
5 48.8287 91.9664
961 48.9825 92.0031
367 49.1329 92.039
541 49.2599 92.0693
408 49.3912 92.1006
532 49.523 92.1321
165 49.652 92.1629
156 49.7976 92.1976
882 49.9452 92.2328
62 50.0848 92.2662
434 50.2218 92.2988
305 50.3518 92.3299
856 50.5001 92.3653
624 50.6265 92.3954
992 50.7592 92.4271
105 50.2597 92.3879
874 49.7932 92.3514
23 49.4046 92.3209
911 48.9609 92.2862
265 46.4723 92.0912
511 46.1033 92.0622
763 45.6697 92.0283
559 45.2555 91.9958
375 44.8352 91.9629
766 44.4006 91.9288
206 43.9843 91.8962
752 43.5513 91.8623
448 43.2068 91.8353
738 42.8785 91.8095
313 42.5848 91.7865
76 37.1632 91.3617
22 36.9452 91.3446
292 36.7251 91.3274
416 36.5048 91.3101
470 36.2663 91.2914
92 36.0343 91.2732
231 35.8125 91.2558
271 35.5913 91.2385
859 35.3555 91.22
672 35.1631 91.2049
918 34.9687 91.1897
73 34.7799 91.1749
877 34.6108 91.1617
309 34.4316 91.1476
120 34.2255 91.1315
960 34.0385 91.1168
392 33.8602 91.1029
974 33.6825 91.0889
449 33.5005 91.0747
181 33.3041 91.0593
72 33.0903 91.0425
808 32.8754 91.0257
141 32.6746 91.0099
389 32.4972 90.996
146 32.1894 90.9719
638 31.8827 90.9479
786 31.586 90.9246
20 31.3001 90.9022
569 31.0413 90.882
613 30.7286 90.8574
761 30.3722 90.8295
150 30.0614 90.8052
36 29.7423 90.7802
139 29.4634 90.7583
611 28.702 90.6986
28 27.9744 90.6416
409 27.2438 90.5844
16 26.6073 90.5345
469 26.1112 90.5022
249 25.5438 90.4652
757 24.936 90.4256
96 24.3156 90.3851
253 23.7482 90.3481
696 23.1756 90.3108
795 22.5352 90.2691
456 22.1592 90.2447
304 21.7699 90.2195
58 21.3848 90.1944
50 21.0208 90.1708
982 20.6783 90.1485
418 20.3894 90.1297
431 20.1147 90.1119
916 19.8407 90.0941
288 19.5636 90.0761
446 19.3065 90.0594
199 19.053 90.043
557 19.0529 90.0429
442 19.0528 90.0429
386 19.0527 90.0429
697 19.0526 90.0429
608 19.0525 90.0429
578 19.0524 90.0429
714 19.0524 90.0429
776 19.0523 90.0429
593 19.0522 90.0429
44 19.0521 90.0429
521 19.052 90.0429
933 19.0519 90.0429
491 19.0518 90.0429
768 19.0517 90.0429
227 19.0516 90.0429
441 19.0515 90.0429
833 19.0514 90.0429
236 19.0513 90.0428
631 19.0512 90.0428
495 18.9148 90.0336
973 18.7732 90.024
430 18.6439 90.0152
368 18.4918 90.0048
651 18.3383 89.9944
610 18.1841 89.984
753 18.0176 89.9726
306 17.861 89.962
424 17.68 89.9497
428 17.4945 89.9371
885 16.3022 89.8563
183 15.1422 89.7777
405 14.1194 89.7084
868 13.0724 89.6374
827 12.9019 89.6258
115 12.7449 89.6152
435 12.5739 89.6035
138 12.4236 89.5933
871 12.2756 89.5833
750 12.1051 89.5717
969 11.9417 89.5606
712 11.7857 89.55
13 11.6155 89.5385
39 11.4358 89.5263
15 11.2753 89.5154
1 11.0883 89.5027
200 10.8987 89.4898
953 10.7128 89.4772
711 10.5333 89.465
693 10.3554 89.4529
568 10.1748 89.4406
213 9.98742 89.4279
106 9.96193 89.4262
153 9.93729 89.4245
17 9.91277 89.4228
462 9.88449 89.4209
380 9.85281 89.4187
988 9.82338 89.4167
759 9.73169 88.7796
178 9.65403 88.2398
905 9.58903 87.788
247 9.52725 87.3585
263 9.46339 86.9146
736 9.39834 86.4623
892 9.3326 86.0054
546 9.26866 85.5609
90 9.2079 85.1385
585 9.15463 84.7682
316 8.87848 82.8494
427 8.70291 81.6301
207 8.69118 81.5486
240 8.69118 81.5486
657 8.69118 81.5486
944 8.69118 81.5486
830 8.69118 81.5486
433 8.69118 81.5486
554 8.69118 81.5486
556 8.69118 81.5486
75 8.69118 81.5486
570 8.69118 81.5486
615 8.69118 81.5486
890 8.69118 81.5486
401 8.69118 81.5486
300 8.69118 81.5486
444 8.69118 81.5486
792 8.69118 81.5486
815 8.69118 81.5486
547 8.69118 81.5486
108 8.69118 81.5486
678 8.69118 81.5486
914 8.73741 81.4286
436 8.78891 81.2949
718 8.83569 81.1735
374 8.88626 81.0423
803 8.92577 80.9397
637 8.96954 80.8261
364 9.01503 80.708
719 9.06597 80.5758
886 9.1179 80.441
48 9.16501 80.3187
203 9.21132 80.1985
699 9.25612 80.0822
447 9.30285 79.9609
560 9.36091 79.8102
796 9.41446 79.6712
780 9.46082 79.5509
695 9.50551 79.4349
93 9.56432 79.2822
31 9.62769 79.1177
360 9.69057 78.9545
955 9.75009 78.8
628 9.80819 78.6492
399 9.87104 78.4861
95 9.93436 78.3217
301 10.0004 78.1502
346 10.1347 77.8017
339 10.2499 77.5027
169 10.3496 77.2438
680 10.495 76.8665
426 10.6006 76.5922
325 10.7324 76.2502
97 10.8844 75.8557
326 11.0042 75.5447
88 11.1212 75.2409
551 11.2555 74.8924
99 11.3951 74.53
443 11.4864 74.293
184 11.578 74.0553
600 11.6792 73.7927
244 11.7616 73.5788
168 11.861 73.3206
220 11.9634 73.0549
500 12.0598 72.8048
946 12.1575 72.551
113 12.2579 72.2905
927 12.3641 72.0149
552 12.3762 71.9835
275 12.3885 71.9515
772 12.4006 71.92
487 12.4111 71.8928
429 12.4226 71.863
479 12.4344 71.8323
266 12.4468 71.8002
526 12.4331 71.709
825 12.4204 71.6244
361 12.4063 71.5304
686 12.3927 71.4405
639 12.3792 71.3504
701 12.3643 71.2513
502 12.3497 71.1543
192 12.3352 71.0575
860 12.3222 70.9709
482 12.3069 70.8695
503 12.2931 70.7778
114 12.2785 70.6803
694 12.2658 70.5959
277 12.2516 70.5012
131 12.2371 70.4048
77 12.224 70.3179
799 12.211 70.2316
665 12.1983 70.1465
966 12.1852 70.0596
517 12.1826 70.0422
400 12.1801 70.0256
457 12.1776 70.0091
321 12.1751 69.9922
607 12.1722 69.9734
224 12.1696 69.9558
381 12.1408 69.7644
445 12.1138 69.5848
298 12.0871 69.4079
667 12.0582 69.2153
130 12.0299 69.0273
728 12.0037 68.8532
970 11.9307 68.3683
991 11.8604 67.9012
162 11.7641 67.2612
272 11.6623 66.5847
338 11.557 65.8844
255 11.4469 65.1527
760 11.3393 64.4379
531 11.2347 63.7424
703 11.1405 63.116
925 11.0424 62.4644
218 10.9506 61.8544
708 10.868 61.3052
489 10.7988 60.8456
939 10.7988 60.8456
717 10.7988 60.8456
371 10.7988 60.8456
234 10.7988 60.8456
527 10.7988 60.8456
347 10.7988 60.8456
849 10.7988 60.8456
411 11.1068 60.9301
764 11.3305 60.9915
739 11.5405 61.0492
219 11.7417 61.1044
196 11.952 61.1621
784 12.1504 61.2166
166 12.353 61.2722
81 12.633 61.3491
948 12.8635 61.4124
14 13.0927 61.4753
734 13.4474 61.5727
981 14.0771 61.7455
376 14.5944 61.8876
747 15.1548 62.0414
565 15.7982 62.2181
630 16.4792 62.405
398 17.1562 62.5909
119 17.8039 62.7687
635 18.5816 62.9822
879 18.9943 63.0955
726 19.5918 63.2595
545 20.2186 63.1008
601 20.6161 63.0001
359 21.0408 62.8925
971 21.2012 62.8519
132 21.3604 62.8116
3 21.5233 62.7703
599 21.8593 62.6852
957 22.1577 62.6097
705 22.4217 62.5428
79 22.6858 62.4759
640 22.9461 62.41
901 23.1893 62.3484
233 23.4263 62.2884
691 23.6628 62.2285
451 23.9151 62.1646
587 24.1676 62.1006
349 24.4226 62.036
924 24.6702 61.9733
571 24.9574 61.9006
596 25.2439 61.828
788 25.2184 61.7932
308 25.1957 61.7621
59 25.1687 61.7251
21 25.1481 61.697
735 25.1223 61.6616
390 25.0994 61.6303
524 25.0738 61.5952
729 25.0514 61.5645
501 25.0302 61.5355
846 25.0062 61.5027
965 24.9839 61.4721
897 24.959 61.438
267 24.9355 61.4058
698 24.9081 61.3683
422 25.115 61.6878
34 25.3298 62.0196
382 25.5428 62.3485
510 25.7505 62.6692
903 25.9795 63.0229
365 26.1964 63.3578
327 26.3708 63.6271
720 26.532 63.8761
956 26.6914 64.1222
56 26.9046 64.4514
645 27.0489 64.6742
493 27.1904 64.8929
54 27.337 65.1192
137 27.357 65.1501
733 27.3769 65.1808
839 27.3975 65.2127
809 27.4186 65.2452
329 27.9326 66.1505
950 28.7418 67.5756
574 29.4214 68.7726
888 30.0347 69.8528
333 30.6519 70.9397
41 31.1593 71.8334
658 31.3167 72.1106
789 31.4813 72.4004
591 31.6496 72.6968
910 31.8217 73
225 31.9962 73.3074
537 32.159 73.594
662 32.3387 73.9105
189 32.5136 74.2185
730 32.6642 74.4838
144 32.8359 74.7862
2 32.9971 75.0701
270 33.1426 75.3263
878 33.283 75.5737
296 33.4378 75.8463
550 33.581 76.0985
124 33.7486 76.3935
872 33.9145 76.6857
223 34.0785 76.9747
604 34.2365 77.2529
454 34.4134 77.5644
919 34.6056 77.903
167 34.7721 78.1962
954 34.9397 78.4914
256 35.1284 78.8238
539 35.3129 79.1486
230 35.3129 79.1486
773 35.3129 79.1486
490 35.3129 79.1486
689 36.9424 79.1422
193 38.6178 79.1355
563 40.1035 79.1296
343 41.3617 79.1247
215 41.4179 79.1244
437 41.4769 79.1242
241 41.5373 79.124
636 41.6022 79.1237
60 41.6501 79.1235
806 41.9343 79.1224
252 42.2677 79.1211
802 42.6662 79.1196
940 43.0082 79.1182
82 43.3007 79.1171
840 43.5923 79.116
319 43.9225 79.1147
642 44.233 79.1135
614 44.5083 79.1124
530 44.8436 79.1111
807 45.1478 79.1099
561 45.4677 79.1086
248 45.8138 79.1073
320 46.1581 79.106
632 46.4729 79.1047
80 46.7583 79.1036
134 47.0987 79.1023
986 47.4707 79.1008
855 47.8165 79.0995
564 48.0795 79.0985
895 48.3614 79.0974
484 48.6245 79.0963
649 48.893 79.0953
800 49.3043 79.0937
851 49.6597 79.0923
816 49.9847 79.091
294 49.8882 78.3496
280 49.7972 77.6502
947 49.7017 76.9172
617 49.5538 75.7804
921 49.4489 74.9747
715 49.3383 74.1255
350 49.3927 74.1171
513 49.4508 74.108
245 49.5101 74.0988
140 51.2455 73.6134
238 53.1331 73.0853
964 53.1868 73.0703
109 53.2407 73.0552
582 53.2964 73.0396
229 53.3536 73.0236
406 53.4076 73.0085
18 53.4732 72.9902
91 53.4262 72.7471
987 53.3831 72.5238
861 53.3434 72.3179
179 53.2953 72.0686
880 53.2311 71.7358
509 53.0944 71.0275
769 52.945 70.2534
216 52.7826 69.412
94 52.6554 68.7529
907 52.495 67.9221
293 52.4129 67.4968
625 51.9857 67.5224
743 51.5387 67.5491
762 51.1356 67.5731
208 50.6818 67.6002
968 50.1946 67.6293
468 49.7198 67.6577
161 49.2198 67.6876
791 48.6855 67.7195
523 48.0948 67.7547
453 47.6219 67.783
84 47.1087 67.8136
104 46.4592 67.8524
562 46.1083 67.8734
163 45.8816 67.7987
724 45.6789 67.7319
857 45.5081 67.6756
755 45.2846 67.602
804 44.9663 67.4971
226 44.6627 67.3971
404 44.4787 66.9361
171 44.3002 66.4888
976 44.1309 66.0645
540 43.9247 65.5478
175 43.6535 64.8684
498 43.4008 64.2351
291 43.193 63.7146
237 42.9714 63.1592
281 42.8411 62.8328
765 42.7131 62.5119
558 42.5863 62.1944
264 42.4458 61.8423
576 42.3116 61.506
471 42.18 61.1762
779 42.0589 60.8727
798 41.9171 60.5176
894 41.7755 60.1628
688 40.1923 56.1957
533 40.4613 56.0557
732 40.7251 55.9183
147 40.9738 55.7889
127 41.245 55.6477
370 41.5026 55.5137
459 41.757 55.3813
410 42.0341 55.237
30 42.3113 55.0928
621 42.6288 54.9275
194 42.924 54.7738
683 43.2036 54.6283
186 43.5709 54.4371
286 43.8756 54.2785
676 43.5194 53.6677
597 42.6892 52.244
522 41.639 50.4432
89 40.7003 48.8334
935 39.6683 47.0638
566 39.6683 47.0638
687 39.6683 47.0638
783 39.6683 47.0638
917 39.6683 47.0638
414 39.6683 47.0638
49 39.6683 47.0638
862 39.6683 47.0638
356 39.6683 47.0638
876 39.6683 47.0638
276 39.6683 47.0638
853 39.6683 47.0638
180 39.1618 47.1797
155 38.6499 47.2967
302 38.1041 47.4215
508 37.6198 47.5323
342 37.1737 47.6343
512 36.6764 47.7481
461 36.1498 47.8685
891 35.5962 47.9951
848 35.0719 48.115
706 33.8455 48.3958
388 32.5907 48.683
922 31.3467 48.9676
507 30.0805 49.2575
603 30.0805 49.2575
619 30.0805 49.2575
913 30.0805 49.2575
756 30.0805 49.2575
778 30.0805 49.2575
397 30.0805 49.2575
929 30.0805 49.2575
37 30.0805 49.2575
912 30.0805 49.2575
525 29.3475 49.0781
7 28.6345 48.9035
663 24.7453 47.9511
612 22.6466 47.4373
32 22.5091 47.4412
543 22.3848 47.4448
413 22.2567 47.4484
535 22.1108 47.4526
182 21.9531 47.4571
476 21.8269 47.4607
438 21.7091 47.4641
11 21.5823 47.4677
908 21.4476 47.4715
748 21.3283 47.4749
38 21.19 47.4789
723 21.0356 47.4833
475 20.8883 47.4875
797 20.7363 47.4918
391 20.5967 47.4958
633 20.4595 47.4998
269 20.3232 47.5036
403 19.6364 47.5233
324 18.9536 47.5428
148 18.1497 47.5657
758 17.3798 47.5877
677 16.5906 47.6102
972 15.9708 47.6279
142 15.4072 47.644
336 14.7291 47.6634
805 14.0467 47.6829
279 13.4558 47.6998
283 12.8045 47.7184
589 12.2292 47.7348
542 12.0948 47.6989
938 11.9669 47.6647
858 11.8188 47.6251
990 11.6544 47.5812
423 11.4982 47.5394
958 11.3333 47.4954
384 11.1903 47.4571
212 11.0506 47.4198
841 10.919 47.3846
770 10.7804 47.3476
228 10.6473 47.312
534 10.5117 47.2758
863 10.3683 47.2375
949 10.2423 47.2038
771 10.1028 47.1665
496 9.94953 47.1255
87 9.77356 47.0785
122 9.09943 47.1159
352 9.14535 46.8636
330 9.19139 46.6106
47 9.2304 46.3963
128 9.27409 46.1562
214 9.31511 45.9308
116 9.36406 45.6619
157 9.41711 45.3704
312 9.47244 45.0664
909 9.522 44.7941
57 9.57218 44.5184
373 9.62673 44.2186
499 9.68225 43.9136
303 9.72966 43.6531
936 9.79133 43.3143
100 9.85526 42.963
652 9.93021 42.5512
463 10.0017 42.1581
505 10.076 41.7504
616 10.1639 41.2674
154 10.2428 40.8336
749 10.3258 40.3775
341 10.42 39.8603
514 10.5345 39.2308
174 10.5516 39.1371
328 10.6417 38.6422
222 10.7387 38.1089
731 10.8924 37.2648
710 11.0754 36.2592
572 11.202 35.5635
985 11.3013 35.018
46 11.3973 34.4907
123 11.5118 33.8612
794 11.6916 32.8735
898 11.8233 32.15
299 11.9223 31.6061
133 12.0116 31.1156
74 12.1022 30.6175
4 12.189 30.141
258 12.2765 29.6603
963 12.3586 29.2092
331 12.4361 28.7834
86 12.5062 28.3979
474 12.7302 27.1671
354 12.9182 26.1343
602 12.9136 25.8997
943 12.9089 25.6636
641 12.904 25.4153
268 12.8993 25.1773
661 12.8945 24.931
121 12.89 24.7042
836 12.8743 23.9048
402 12.8569 23.0178
455 12.8403 22.1778
588 12.8222 21.2581
348 12.8067 20.4668
674 12.7922 19.7332
741 12.7792 19.0721
211 12.765 18.35
673 12.7528 17.7292
366 12.7372 16.9352
722 12.7225 16.19
187 12.7225 16.19
61 12.7834 16.0126
362 12.8479 15.8243
629 12.9206 15.6122
881 12.9865 15.4201
412 13.0442 15.2517
682 13.1095 15.0614
646 13.1777 14.8622
812 13.2558 14.6345
488 18.1101 14.1473
8 22.3881 13.7179
351 28.2559 13.129
26 31.5768 12.7956
518 32.5457 12.6984
287 32.2742 13.2752
337 31.9898 13.8796
407 31.7361 14.4188
626 31.4494 15.028
669 31.213 15.5305
704 30.9535 16.0819
111 30.6803 16.6623
573 30.4263 17.2022
310 30.1487 17.7922
379 29.8293 18.4709
883 29.6564 18.8383
363 29.4808 19.2113
254 29.2618 19.6768
439 29.0555 20.1152
284 28.8539 20.5436
902 28.6568 20.9625
702 28.4758 21.3471
246 28.2956 21.73
643 28.1062 22.1325
307 27.9115 22.5462
261 27.7247 22.9432
869 26.6334 25.2623
915 26.0144 26.5776
549 25.3733 27.94
221 24.872 29.0054
824 24.3403 30.1352
78 23.6322 31.6401
700 23.3957 32.1425
10 23.217 32.5223
486 23.9689 32.6308
205 24.6476 32.7288
65 25.3144 32.825
899 26.0605 32.9327
664 27.278 33.1084
125 28.3622 33.2649
989 31.9004 33.7758
829 31.9004 33.7758
151 31.9004 33.7758
679 31.9004 33.7758
655 31.9004 33.7758
811 32.4968 33.2952
529 33.1464 32.7716
586 33.8368 32.2153
191 34.4087 31.7544
709 34.9633 31.3075
787 35.5214 30.8577
822 36.1104 30.3831
790 36.6262 29.9674
160 37.2559 29.46
257 37.8927 28.9468
934 38.5643 28.4056
873 39.1797 27.9096
653 38.8117 27.7411
64 38.425 27.564
19 40.6447 30.1261
692 41.0457 30.5889
421 41.4024 31.0006
785 41.7415 31.3921
164 42.0311 31.7264
278 42.3006 32.0374
834 43.0551 32.9084
467 43.9653 33.9591
681 45.1547 35.332
355 46.0499 36.3653
377 46.601 37.0014
870 46.7749 37.2021
875 46.9391 37.3917
865 47.0734 37.5467
716 47.2365 37.735
906 47.3923 37.9148
63 47.5412 38.0867
480 47.6759 38.2422
43 47.8345 38.4253
55 47.8345 38.4253
314 52.1095 44.1306
217 52.1058 44.2797
594 52.1023 44.4229
458 52.0986 44.5688
85 52.0945 44.7348
923 52.091 44.8761
69 52.0881 44.9953
844 52.0851 45.1168
101 52.0818 45.2499
66 52.0791 45.3569
843 52.076 45.4827
197 52.0732 45.5973
452 52.0699 45.728
210 52.0666 45.8622
519 52.7139 46.169
793 53.2896 46.4419
945 53.7228 46.6472
262 54.207 46.8768
492 54.6754 47.0988
623 55.1866 47.3411
396 55.6823 47.5761
577 56.1223 47.7847
472 56.5205 47.9734
188 57.0518 48.2253
810 57.5664 48.4692
70 58.615 48.0696
926 59.5263 47.7224
143 60.2937 47.43
357 60.9806 47.1683
644 61.6487 46.9138
117 62.3104 46.6616
842 62.9915 46.4021
675 63.6778 46.1406
850 64.3721 45.8761
232 65.5135 43.9231
592 66.5968 42.0693
274 67.3186 40.8341
978 67.3186 40.8341
358 67.3186 40.8341
634 67.3186 40.8341
323 67.3186 40.8341
45 67.3186 40.8341
195 67.3186 40.8341
606 66.6849 39.8389
29 66.0437 38.8319
609 65.0126 37.2123
581 60.1302 29.5435
598 60.0201 29.3707
959 59.9223 29.217
821 59.8291 29.0706
27 59.7289 28.9133
828 59.6294 28.7571
781 59.5245 28.5922
831 59.4162 28.4223
209 59.3123 28.259
930 59.2192 28.1127
250 58.9921 27.7562
555 58.866 27.558
751 58.7446 27.3674
419 58.617 27.167
6 58.5077 26.9953
24 58.3947 26.8179
777 58.2686 26.6198
504 58.2686 26.6198
819 58.2686 26.6198
295 58.2686 26.6198
289 58.2686 26.6198
176 64.7125 19.1315
721 67.2378 16.1967
103 68.3883 14.8596
260 80.5663 14.5565
483 83.8604 14.4746
979 82.8185 15.9658
