0,979,260,243,483,627,33,520,345,835,590,98,232,102,29,926,842,274,745,967,396,670,466,323,43,644,314,592,195,425,609,70,485,553,850,932,478,920,538,941,497,951,838,136,198,383,242,884,385,506,977,528,684,170,387,107,579,332,900,201,152,290,204,975,311,648,372,660,685,740,25,742,417,450,854,666,353,889,928,135,864,159,494,983,820,813,473,322,725,465,251,893,149,775,818,937,580,273,737,285,51,481,158,984,823,52,544,185,317,202,145,887,378,71,395,83,774,952,980,584,118,575,622,297,567,817,477,896,801,318,845,42,620,464,992,516,763,245,389,313,82,536,156,541,105,532,961,23,344,851,367,816,882,40,911,624,856,434,511,177,415,659,140,392,690,416,754,369,636,618,408,894,12,564,231,795,146,172,241,309,193,649,561,179,866,642,165,449,206,394,746,738,72,53,181,559,861,613,448,320,713,248,940,947,239,230,305,877,129,62,375,470,814,343,5,265,974,548,539,150,766,874,569,139,638,773,22,141,428,752,808,672,437,256,73,707,92,120,60,918,786,253,2,960,490,610,696,859,44,521,431,16,296,271,288,424,611,761,833,306,631,20,50,695,368,28,456,593,249,96,768,36,76,919,430,227,247,608,88,183,115,712,933,871,916,441,491,885,418,714,409,651,982,969,316,244,442,711,803,815,953,106,678,585,213,557,95,753,637,568,973,827,200,138,1,750,405,776,236,364,304,868,39,628,914,401,15,17,380,13,435,199,988,240,546,436,108,792,153,699,301,469,360,447,547,263,386,693,462,446,333,759,615,657,757,886,892,890,719,718,58,495,31,457,93,860,955,736,178,426,444,325,374,570,399,90,905,830,554,169,300,944,427,665,728,780,556,203,224,639,207,48,184,970,796,517,346,400,991,272,321,255,433,560,14,219,667,734,75,686,948,114,371,398,131,726,551,381,939,445,3,694,338,113,879,747,196,784,298,482,607,347,799,77,717,966,531,376,764,81,897,234,130,680,924,565,739,429,500,698,192,277,925,97,119,524,279,956,705,846,972,971,233,645,390,720,382,901,729,733,599,730,487,220,604,266,41,451,503,550,697,339,950,789,361,825,501,946,168,600,326,443,903,954,601,658,327,479,574,635,132,162,526,701,571,587,79,630,735,349,507,34,502,329,927,411,537,99,359,124,275,965,552,888,167,689,270,578,226,872,252,976,806,215,292,840,493,56,171,809,223,104,54,804,765,189,855,986,134,410,454,225,878,163,662,724,294,80,614,591,807,513,21,459,404,523,683,291,144,596,235,826,857,558,216,540,632,802,715,676,782,350,126,484,910,800,468,779,562,563,319,91,895,769,432,280,530,208,18,755,964,393,315,515,904,832,335,880,440,931,617,94,847,762,625,460,968,406,229,259,9,921,671,582,987,453,668,654,577,340,907,109,282,743,84,238,67,791,112,173,509,110,650,595,420,605,744,68,942,867,837,852,647,810,727,583,334,962,656,978,286,35,767,190,63,675,143,217,594,606,357,45,117,512,519,492,843,155,101,188,186,293,621,370,161,262,533,210,798,498,623,923,870,522,127,452,597,342,237,194,356,85,945,922,875,793,472,281,844,69,276,848,66,839,732,461,49,480,692,862,876,180,989,912,89,929,778,917,687,783,891,788,267,137,603,688,545,324,175,957,308,59,365,147,510,30,471,576,264,640,723,908,748,38,508,938,269,302,756,525,760,772,703,981,708,496,652,336,841,771,228,182,858,758,174,589,214,352,166,527,100,222,489,463,805,534,218,691,958,341,749,154,303,157,312,909,57,373,47,542,936,148,616,863,731,663,212,505,384,770,123,849,677,422,122,328,949,330,499,128,116,391,142,633,413,486,388,403,32,543,706,679,476,475,797,278,529,913,397,11,438,619,664,869,602,221,7,37,414,535,423,612,65,829,151,655,811,549,125,78,710,402,46,283,794,990,700,10,205,985,86,824,836,641,943,354,74,87,4,514,299,258,572,121,898,331,268,963,412,682,187,646,133,61,362,588,455,899,629,474,674,741,211,673,366,348,488,254,722,8,881,812,915,709,661,111,307,439,284,902,702,246,643,363,64,518,287,351,407,669,573,310,626,26,586,883,704,160,337,853,790,935,834,257,934,822,787,566,358,377,634,930,716,681,781,828,906,55,821,355,751,458,250,419,209,289,873,555,467,785,164,6,191,421,197,379,653,27,19,865,261,959,176,777,831,24,504,103,721,598,819,295,581,
value : 456.149 running time : 127.462234
0 80 20
979 84.0866 18.3348
260 85.8505 17.616
243 86.0184 17.5476
483 86.1601 17.4899
627 85.4552 19.5
33 83.9784 23.7112
520 83.4648 25.1755
345 83.4324 25.2681
835 82.4392 28.1
590 82.4392 28.1
98 82.4392 28.1
232 74.5305 40.4592
102 71.7649 44.7813
29 71.476 45.2328
926 71.1469 45.747
842 70.8826 46.16
274 70.664 46.5016
745 70.2926 47.0821
967 69.7799 47.8833
396 69.3027 48.6292
670 69.3027 48.6292
466 69.3027 48.6292
323 69.3027 48.6292
43 69.3027 48.6292
644 69.3906 48.776
314 69.4783 48.9225
592 69.5826 49.0966
195 69.6857 49.2688
425 69.7813 49.4284
609 69.8654 49.5689
70 69.9594 49.7259
485 70.053 49.8822
553 70.1442 50.0346
850 70.2366 50.1889
932 70.3226 50.3324
478 70.4039 50.4682
920 70.4496 50.5446
538 70.4977 50.6249
941 76.848 55.4364
497 84.2595 61.0521
951 84.2053 61.1992
838 84.1448 61.3633
136 84.0841 61.5279
198 84.0139 61.7183
383 83.9419 61.9137
242 83.8831 62.0732
884 83.8205 62.2428
385 83.7375 62.4679
506 83.6749 62.6379
977 83.6067 62.8229
528 83.5334 63.0215
684 83.4734 63.1844
170 83.4107 63.3543
387 83.3388 63.5494
107 83.259 63.7658
579 82.1369 66.8099
332 81.7555 67.8442
900 81.3885 68.8398
201 81.0605 69.7296
152 80.7032 70.6988
290 80.334 71.7002
204 81.1509 73.1752
975 81.8273 74.3965
311 83.5645 77.5333
648 84.8009 79.7659
372 86.0225 81.9715
660 85.9447 82.0734
685 85.8455 82.2035
740 85.7501 82.3286
25 85.6582 82.4491
742 85.5547 82.5848
417 85.471 82.6945
450 85.3946 82.7947
854 82.0714 87.1522
666 81.7339 87.5948
353 81.4605 87.9533
889 81.3956 88.0383
928 81.3106 88.1498
135 80.6314 88.1171
864 80.4169 88.1068
159 80.2302 88.0978
494 80.0588 88.0895
983 79.8897 88.0814
820 79.4296 88.0592
813 78.9527 88.0363
473 78.5772 88.0182
322 78.0864 87.9946
725 77.5266 87.9676
465 76.844 87.9347
251 76.3402 87.9105
893 75.944 87.8914
149 75.4498 87.8676
775 75.4229 87.8663
818 75.396 87.865
937 75.367 87.8636
580 75.3406 87.8624
273 70.8309 87.5075
737 67.4485 87.2415
285 67.4485 87.2415
51 67.4485 87.2415
481 67.2044 87.2543
158 66.962 87.267
984 66.6836 87.2816
823 66.4415 87.2943
52 66.1877 87.3076
544 65.9236 87.3215
185 65.6343 87.3366
317 65.3594 87.351
202 65.0992 87.3647
145 64.8703 87.3767
887 64.5991 87.3909
378 64.3725 87.4028
71 64.1538 87.4142
395 63.8792 87.4286
83 63.6232 87.442
774 62.7685 87.4868
952 62.7275 87.489
980 62.6885 87.491
584 62.6516 87.493
118 62.6133 87.495
575 62.5779 87.4968
622 62.5454 87.4985
297 62.5087 87.5004
567 62.4716 87.5024
817 62.4359 87.5043
477 62.3959 87.5064
896 62.3545 87.5085
801 62.324 87.5101
318 62.2938 87.5117
845 61.8923 87.5327
42 61.4484 87.556
620 61.0029 87.5793
464 59.65 87.6502
992 57.845 87.7448
516 55.4633 87.8696
763 53.6888 87.9626
245 53.1412 87.9913
389 52.5283 88.0234
313 52.5283 88.0234
82 52.5283 88.0234
536 52.5283 88.0234
156 52.5283 88.0234
541 52.5283 88.0234
105 52.5283 88.0234
532 52.5283 88.0234
961 52.5283 88.0234
23 52.5283 88.0234
344 52.5283 88.0234
851 52.4823 87.9975
367 52.4397 87.9736
816 52.3982 87.9503
882 52.3585 87.9279
40 52.3116 87.9016
911 52.2702 87.8783
624 52.1501 87.8108
856 52.0328 87.7448
434 51.8809 87.6594
511 51.5527 87.4749
177 51.2344 87.2959
415 49.7821 86.4794
659 48.2538 85.6202
140 46.9441 84.8839
392 45.4304 84.0329
690 45.4304 84.0329
416 45.3742 83.9797
754 45.3292 83.9371
369 45.2759 83.8867
636 45.2192 83.833
618 45.17 83.7865
408 44.9649 83.5924
894 44.7347 83.3745
12 44.4994 83.6464
564 44.0556 84.1593
231 43.5769 84.7126
795 43.2917 85.0423
146 43.2002 85.1479
172 43.1171 85.2441
241 43.0369 85.3367
309 42.9528 85.4339
193 42.881 85.5168
649 42.7987 85.612
561 42.7201 85.7028
179 42.642 85.7931
866 42.5463 85.9037
642 42.4669 85.9955
165 42.3653 86.1129
449 42.2702 86.2229
206 42.1844 86.322
394 42.0977 86.4222
746 42.0108 86.5226
738 41.9082 86.6412
72 41.8341 86.7269
53 41.7662 86.8053
181 41.7005 86.8812
559 41.6426 86.9482
861 41.6426 86.9482
613 41.6426 86.9482
448 41.6426 86.9482
320 41.6426 86.9482
713 41.6426 86.9482
248 41.6426 86.9482
940 41.6426 86.9482
947 41.6426 86.9482
239 41.6426 86.9482
230 41.6426 86.9482
305 41.6426 86.9482
877 41.6426 86.9482
129 41.6426 86.9482
62 41.6426 86.9482
375 41.3649 87.2396
470 41.1082 87.5089
814 40.8172 87.8143
343 40.5322 88.1134
5 40.2517 88.4077
265 40.1283 88.416
974 40.013 88.4236
548 39.9065 88.4307
539 39.8055 88.4374
150 39.694 88.4449
766 39.6041 88.4508
874 39.5059 88.4574
569 38.9347 88.4954
139 38.3329 88.5354
638 37.8788 88.5656
773 37.4369 88.595
22 37.0342 88.6217
141 36.5977 88.6508
428 36.1786 88.6786
752 35.8071 88.7033
808 35.4136 88.7295
672 35.0535 88.7535
437 34.7205 88.7756
256 34.3139 88.8026
73 33.8955 88.8305
707 33.5329 88.8546
92 33.1381 88.8808
120 32.7349 88.9076
60 32.3585 88.9327
918 31.9838 88.9576
786 31.6035 88.9829
253 31.233 89.0075
2 30.8737 89.0314
960 30.4823 89.0574
490 30.067 89.0851
610 29.6799 89.1108
696 29.3055 89.1357
859 28.9419 89.1599
44 28.5823 89.1838
521 28.2477 89.2061
431 27.9762 89.2241
16 27.7893 89.2365
296 27.5926 89.2496
271 27.3839 89.2635
288 27.1277 89.2805
424 26.9092 89.2951
611 26.7134 89.3081
761 26.4952 89.3226
833 26.275 89.3372
306 26.0731 89.3507
631 25.8667 89.3644
20 25.6497 89.3788
50 25.4063 89.395
695 25.1776 89.4102
368 24.9767 89.4236
28 24.7858 89.4363
456 24.5657 89.4509
593 24.3574 89.4648
249 24.1647 89.4776
96 23.9851 89.4895
768 23.7671 89.504
36 23.5615 89.5177
76 23.3565 89.5313
919 23.1453 89.5454
430 22.684 89.5761
227 22.1661 89.6105
247 21.7118 89.6407
608 21.4135 89.6606
88 21.0665 89.6836
183 20.7449 89.705
115 20.407 89.7275
712 20.0905 89.7486
933 19.7835 89.769
871 19.4795 89.7892
916 19.1626 89.8103
441 18.8865 89.8286
491 18.5886 89.8484
885 18.2876 89.8684
418 17.962 89.8901
714 17.6038 89.9139
409 17.2239 89.9392
651 16.4617 89.9899
982 15.548 90.0506
969 14.7706 90.1023
316 14.3998 90.127
244 14.0567 90.1498
442 13.6421 90.1774
711 13.1832 90.2079
803 12.7568 90.2363
815 12.3771 90.2615
953 11.9687 90.2887
106 11.6194 90.3119
678 11.2948 90.3335
585 10.9966 90.3533
213 10.7437 90.3701
557 10.7437 90.3701
95 10.7437 90.3701
753 10.7437 90.3701
637 10.7437 90.3701
568 10.7437 90.3701
973 10.7437 90.3701
827 10.7437 90.3701
200 10.7437 90.3701
138 10.7437 90.3701
1 10.7437 90.3701
750 10.7437 90.3701
405 10.7437 90.3701
776 10.7437 90.3701
236 10.7437 90.3701
364 10.7437 90.3701
304 10.7437 90.3701
868 10.7437 90.3701
39 10.7437 90.3701
628 10.7437 90.3701
914 10.7437 90.3701
401 10.7437 90.3701
15 10.7437 90.3701
17 10.7437 90.3701
380 10.7437 90.3701
13 10.7437 90.3701
435 10.7437 90.3701
199 10.7437 90.3701
988 10.7437 90.3701
240 10.9085 89.8132
546 11.0412 89.3647
436 11.1607 88.9609
108 11.2685 88.5967
792 11.3793 88.2224
153 11.4862 87.861
699 11.595 87.4932
301 11.7063 87.1173
469 11.8237 86.7205
360 11.9336 86.3492
447 12.0333 86.0122
547 12.1447 85.6356
263 12.2594 85.2482
386 12.3802 84.8399
693 12.5082 84.4073
462 12.6424 83.9539
446 12.968 82.8537
333 13.3364 81.6091
759 13.265 81.5477
615 13.2046 81.4958
657 13.1491 81.4481
757 13.1021 81.4077
886 13.0443 81.3581
892 12.9789 81.3018
890 12.9165 81.2482
719 12.8616 81.201
718 12.8105 81.157
58 12.7624 81.1157
495 12.7023 81.064
31 12.6379 81.0086
457 12.5764 80.9558
93 12.5224 80.9093
860 12.4561 80.8523
955 12.3967 80.8013
736 12.3353 80.7485
178 12.2729 80.6949
426 12.2146 80.6447
444 12.16 80.5978
325 12.1062 80.5515
374 12.0457 80.4996
570 11.9855 80.4478
399 11.9319 80.4017
90 11.8636 80.3429
905 11.8054 80.2929
830 11.7422 80.2386
554 11.6835 80.1882
169 11.63 80.1422
300 11.5716 80.0919
944 11.6012 79.522
427 11.6338 78.8948
665 11.6583 78.4249
728 11.6756 78.0914
780 11.6938 77.7415
556 11.7126 77.3794
203 11.7308 77.03
224 11.7508 76.6451
639 11.7696 76.2828
207 11.7881 75.9272
48 11.792 75.8517
184 11.7968 75.7599
970 11.8019 75.6608
796 11.8059 75.5844
517 11.8103 75.5003
346 11.8142 75.4255
400 11.8183 75.3465
991 11.8222 75.2715
272 11.8266 75.1857
321 11.8305 75.1118
255 11.8348 75.0277
433 11.838 74.9664
560 11.8418 74.8948
14 11.8462 74.8098
219 11.8502 74.7323
667 11.8539 74.6615
734 11.8577 74.5887
75 11.8603 74.5372
686 11.8975 73.8226
948 11.9334 73.1321
114 11.9702 72.4236
371 12.0007 71.837
398 12.0263 71.3435
131 12.0528 70.8338
726 12.0748 70.4104
551 12.1006 69.9159
381 12.1326 69.2987
939 12.1641 68.694
445 12.169 68.5985
3 12.1743 68.4976
694 12.1793 68.401
338 12.1843 68.3048
113 12.1894 68.2064
879 12.1952 68.0944
747 12.2012 67.9795
196 12.2065 67.8771
784 12.2117 67.7772
298 12.2166 67.6843
482 12.2231 67.5578
607 12.2298 67.4291
347 12.2369 67.292
799 12.2369 67.292
77 12.2369 67.292
717 12.2369 67.292
966 12.2369 67.292
531 12.5077 66.9574
376 12.7641 66.6405
764 13.0285 66.3137
81 13.2491 66.0412
897 13.4776 65.7587
234 13.6628 65.5298
130 13.891 65.2479
680 14.1108 64.9762
924 14.3538 64.676
565 14.5952 64.3777
739 14.7999 64.1246
429 15.0053 63.8708
500 15.242 63.5784
698 15.5429 63.2065
192 15.5429 63.2065
277 15.5429 63.2065
925 15.5429 63.2065
97 15.8544 63.4807
119 16.1343 63.7271
524 16.3898 63.952
279 16.6262 64.16
956 16.963 64.4565
705 17.3249 64.775
846 17.6954 65.1011
972 18.0153 65.3827
971 19.1645 66.3941
233 20.1431 67.2555
645 21.57 68.5112
390 21.7184 68.6419
720 21.8534 68.7607
382 21.9868 68.8781
901 22.1227 68.9978
729 22.2586 69.1173
733 22.4025 69.2441
599 22.5501 69.3739
730 22.7033 69.5087
487 22.8319 69.622
220 22.9741 69.7471
604 23.1302 69.8845
266 23.2648 70.003
41 23.401 70.1229
451 23.401 70.1229
503 23.401 70.1229
550 23.4813 70.1309
697 23.5563 70.1384
339 23.626 70.1453
950 23.7016 70.1528
789 23.778 70.1604
361 23.8442 70.167
825 23.9193 70.1744
501 24.0058 70.183
946 24.0775 70.1902
168 24.1502 70.1974
600 24.2293 70.2053
326 24.3051 70.2128
443 24.3896 70.2212
903 24.4773 70.2299
954 24.5582 70.238
601 24.6248 70.2446
658 24.6997 70.252
327 24.7743 70.2594
479 24.8451 70.2665
574 24.9283 70.2748
635 24.9971 70.2816
132 25.0639 70.2882
162 25.1338 70.2952
526 25.2449 70.3062
701 25.3383 70.3155
571 25.4439 70.326
587 25.5339 70.335
79 25.619 70.3434
630 25.6995 70.3514
735 25.826 70.364
349 25.9558 70.3769
507 26.076 70.3889
34 26.19 70.4002
502 26.2983 70.411
329 26.527 70.4337
927 26.7707 70.4579
411 26.9978 70.4805
537 27.2548 70.506
99 27.5029 70.5307
359 27.7751 70.5577
124 27.9978 70.5799
275 28.1963 70.5996
965 28.4273 70.6226
552 28.6476 70.6445
888 28.8981 70.6694
167 29.1728 70.6967
689 29.5407 70.7108
270 29.8808 70.7238
578 30.1611 70.7345
226 31.2388 70.7758
872 32.1044 70.8089
252 33.0243 70.8441
976 33.925 70.8786
806 34.6355 70.9058
215 35.4807 70.9382
292 35.7202 70.9473
840 35.9318 70.9554
493 36.1239 70.9628
56 36.3871 70.9729
171 36.6409 70.9826
809 36.8787 70.9917
223 37.1008 71.0128
104 37.3602 71.0375
54 37.6272 71.0629
804 37.895 71.0883
765 38.1422 71.1118
189 38.3967 71.136
855 38.7039 71.1652
986 38.917 71.1855
134 39.0884 71.2018
410 39.2656 71.2187
454 39.4274 71.2341
225 39.6382 71.2541
878 39.8257 71.2719
163 40.0436 71.2927
662 40.2444 71.3117
724 40.4704 71.3332
294 40.7046 71.3555
80 40.9104 71.3751
614 41.114 71.3944
591 41.3219 71.4142
807 41.5726 71.4381
513 41.8092 71.4606
21 41.9925 71.478
459 42.2243 71.5
404 42.4464 71.5212
523 42.6879 71.5441
683 42.915 71.5657
291 43.1357 71.5867
144 43.3774 71.6097
596 43.6093 71.6317
235 43.9008 71.6595
826 44.1521 71.6834
857 44.3989 71.7068
558 44.6127 71.7272
216 44.8396 71.7487
540 45.0405 71.7679
632 45.2874 71.7913
802 45.4963 71.8112
715 45.6886 71.8295
676 45.9127 71.8508
782 46.1423 71.8726
350 46.3405 71.8915
126 46.5733 71.9136
484 46.7872 71.934
910 47.006 71.9548
800 47.2799 71.9808
468 47.4902 72.0008
779 47.6672 72.0176
562 47.86 72.036
563 48.0766 72.0566
319 48.2954 72.0774
91 48.6219 72.1084
895 48.9349 72.1382
769 49.2564 72.1688
432 49.5627 72.1979
280 49.8442 72.2247
530 50.1121 72.2501
208 52.0175 72.4313
18 53.8056 72.6013
755 53.8775 72.6082
964 53.9671 72.6167
393 54.0715 72.6266
315 54.1628 72.6353
515 54.2553 72.6441
904 54.3556 72.6537
832 54.4386 72.6615
335 54.5208 72.6694
880 54.6052 72.6774
440 54.6946 72.6859
931 54.7883 72.6948
617 54.7883 72.6948
94 54.7883 72.6948
847 54.7883 72.6948
762 54.7883 72.6948
625 54.7883 72.6948
460 55.0099 73.0063
968 55.1893 73.2588
406 55.4146 73.5757
229 55.4573 73.6356
259 55.4976 73.6923
9 55.9635 73.1192
921 56.404 72.5775
671 56.918 71.9453
582 57.4304 71.3152
987 58.0013 70.613
453 58.5587 69.9274
668 59.1924 69.148
654 59.7675 68.4406
577 60.2768 67.8143
340 60.3255 67.7543
907 60.3767 67.6914
109 60.4206 67.6374
282 60.4727 67.5734
743 60.5214 67.5135
84 60.5719 67.4513
238 60.6218 67.3899
67 60.6702 67.3304
791 60.7172 67.2726
112 60.7619 67.2176
173 60.8126 67.1553
509 60.8636 67.0926
110 60.9219 67.0209
650 60.9234 67.0191
595 60.9247 67.0174
420 60.9261 67.0157
605 60.9273 67.0142
744 60.9287 67.0125
68 60.9386 67.0003
942 60.9491 66.9874
867 60.9491 66.9874
837 60.9491 66.9874
852 63.3801 61.2699
647 63.4359 61.1385
810 63.4945 61.0008
727 63.5577 60.8522
583 63.6667 60.5958
334 63.7615 60.3729
962 63.7615 60.3729
656 62.7346 58.0359
978 61.0393 54.1772
286 60.8132 53.6627
35 60.5782 53.1277
767 60.3248 52.551
190 60.0253 51.8693
63 59.6413 50.9955
675 59.4265 50.5065
143 59.2483 50.101
217 59.0501 49.65
594 58.8737 49.2485
606 58.7203 48.8993
357 58.563 48.5413
45 58.4088 48.1903
117 56.8237 48.5641
512 54.8939 49.0192
519 54.4385 49.1267
492 53.9635 49.2387
843 53.5047 49.3469
155 53.0559 49.4527
101 52.7204 49.5319
188 52.4112 49.6048
186 52.0701 49.6852
293 51.7287 49.7658
621 51.0575 49.9241
370 50.5119 50.0528
161 50.5119 50.0528
262 49.0702 50.176
533 47.2304 50.3332
210 47.1539 50.3398
798 47.084 50.3457
498 47.0118 50.3519
623 46.9421 50.3579
923 46.8548 50.3653
870 46.7733 50.3723
522 46.667 50.3814
127 46.5776 50.389
452 46.5011 50.3956
597 46.4206 50.4025
342 46.3379 50.4095
237 46.2471 50.4173
194 46.1744 50.4235
356 46.1025 50.4297
85 46.0361 50.4353
945 45.9496 50.4427
922 45.8615 50.4503
875 45.7931 50.4561
793 45.7146 50.4628
472 45.6296 50.4701
281 45.5442 50.4774
844 45.4723 50.4835
69 45.392 50.4904
276 45.3087 50.4975
848 45.2224 50.5049
66 45.1358 50.5123
839 42.2868 50.7559
732 42.0245 50.7783
461 41.7528 50.8015
49 41.4723 50.8255
480 41.2194 50.8471
692 40.97 50.8684
862 40.6013 50.9748
876 40.1967 51.0916
180 39.8386 51.195
989 39.457 51.3051
912 39.0544 51.4213
89 38.6774 51.5302
929 38.3344 51.6292
778 38.0146 51.7215
917 37.7072 51.8102
687 37.2972 51.9285
783 36.8366 52.258
891 36.3118 52.6334
788 35.7836 53.0113
267 35.4902 53.2212
137 35.2142 53.4186
603 34.9754 53.5894
688 34.7188 53.7729
545 34.449 53.9659
324 34.189 54.1519
175 33.9587 54.3167
957 33.9587 54.3167
308 33.9587 54.3167
59 33.8242 54.2885
365 33.7106 54.2647
147 33.5775 54.2368
510 33.4509 54.2102
30 33.3405 54.1871
471 33.2253 54.1629
576 33.0937 54.1353
264 32.9565 54.1066
640 30.9064 53.6769
723 28.8098 53.2375
908 27.9561 53.0585
748 27.1809 52.896
38 26.3653 52.7251
508 25.4597 52.5353
938 24.4637 52.3265
269 23.5087 52.1263
302 22.3513 51.8837
756 20.8327 51.5654
525 18.5305 51.083
760 14.1127 50.158
772 14.1066 50.1568
703 14.1026 50.1559
981 14.0248 50.1249
708 13.9256 50.0853
496 13.8515 50.0557
652 13.7668 50.0219
336 13.6958 49.9936
841 13.6197 49.9632
771 13.5528 49.9365
228 13.4799 49.9074
182 13.4129 49.8807
858 13.346 49.854
758 13.2717 49.8243
174 13.1916 49.7924
589 13.1072 49.7587
214 13.0169 49.7227
352 12.9423 49.6929
166 12.8569 49.6588
527 12.7813 49.6287
100 12.713 49.6014
222 12.6426 49.5733
489 12.5686 49.5438
463 12.4981 49.5157
805 12.4287 49.4879
534 12.3578 49.4597
218 12.2809 49.429
691 12.2143 49.4024
958 12.1289 49.3683
341 12.0751 49.3469
749 12.0196 49.3247
154 11.9667 49.3036
303 11.9102 49.2811
157 11.8489 49.2566
312 11.7973 49.236
909 11.7494 49.2169
57 11.6989 49.1967
373 11.6483 49.1765
47 11.5972 49.1561
542 11.5499 49.1373
936 11.4987 49.1168
148 11.4486 49.0968
616 11.3885 49.0729
863 11.3285 49.0489
731 11.2748 49.0275
663 11.2249 49.0076
212 11.1629 48.9828
505 11.1077 48.9608
384 11.0481 48.937
770 10.9945 48.9156
123 10.9404 48.894
849 10.887 48.8728
677 10.8431 48.8552
422 10.7942 48.8357
122 10.2221 48.6074
328 10.362 46.1263
949 10.4954 46.0465
330 10.6025 45.9824
499 10.7151 45.9151
128 10.8379 45.8416
116 10.97 45.7626
391 14.1777 43.8437
142 16.5995 42.3949
633 19.0781 40.912
413 22.4962 38.8673
486 22.5502 38.8349
388 22.6006 38.8048
403 22.6475 38.7768
32 22.6976 38.7468
543 22.7521 38.7142
706 22.8095 38.6798
679 22.8303 38.6674
476 22.8488 38.6563
475 22.8705 38.6433
797 22.893 38.6299
278 22.9202 38.6136
529 22.9466 38.5978
913 22.9698 38.584
397 22.9943 38.5693
11 23.0204 38.5537
438 23.0469 38.5378
619 23.0756 38.5207
664 23.1012 38.5053
869 23.1263 38.4903
602 23.1515 38.4753
221 23.1797 38.4584
7 23.2078 38.4416
37 22.9097 38.1943
414 22.6054 37.9419
535 22.251 37.6478
423 21.8367 37.3042
612 21.494 37.0199
65 21.1474 36.7323
829 20.8238 36.4639
151 20.531 36.221
655 20.113 35.8743
811 19.6725 35.5089
549 18.8592 34.8342
125 17.9567 34.0856
78 17.047 33.3309
710 15.7085 32.2205
402 14.8031 31.4695
46 14.0537 30.8478
283 13.9585 30.7657
794 13.8615 30.6819
990 13.7828 30.6139
700 13.695 30.5382
10 13.6062 30.4616
205 13.5204 30.3874
985 13.4073 30.2898
86 13.3021 30.199
824 15.3844 27.5818
836 15.1385 27.4072
641 14.8938 27.2333
943 14.6417 27.0543
354 14.3701 26.8614
74 13.9963 26.5959
87 13.7219 26.401
4 13.4056 26.1763
514 13.1386 25.9867
299 12.9373 25.8437
258 12.7395 25.7032
572 12.5604 25.576
121 12.3831 25.45
898 11.5288 24.8432
331 11.6379 24.2065
268 11.7417 23.6006
963 11.8465 22.9887
412 11.9582 22.3363
682 12.0611 21.7356
187 12.1504 21.2142
646 12.2106 20.8625
133 12.2589 20.5805
61 12.3275 20.1801
362 12.3869 19.8328
588 12.4439 19.5003
455 12.4953 19.2004
899 12.5556 18.8484
629 12.6235 18.4516
474 12.6748 18.1524
674 12.7325 17.8155
741 12.7872 17.496
211 12.8474 17.1441
673 12.8983 16.8471
366 12.9652 16.4567
348 13.0263 16.0998
488 13.0888 15.7351
254 13.1346 15.4674
722 13.1882 15.1543
8 13.2219 14.958
881 13.2537 14.772
812 13.2806 14.6148
915 22.5935 15.1315
709 24.0015 15.2094
661 24.5568 15.2402
111 26.7403 15.3611
307 27.3538 15.395
439 27.9177 15.4262
284 28.5295 15.4601
902 29.1495 15.4944
702 29.9541 15.539
246 30.884 15.5904
643 31.8551 15.6442
363 33.1525 15.716
64 34.3717 15.7835
518 35.8569 15.8657
287 36.0481 16.2295
351 36.2389 16.5925
407 36.4528 16.9994
669 36.6737 17.4197
573 37.1436 18.3137
310 37.6169 19.2143
626 38.0826 20.1002
26 38.5909 21.0674
586 39.1103 22.0555
883 39.4271 22.6584
704 39.7768 23.3238
160 40.2923 24.3044
337 40.7244 25.1267
853 41.3013 26.2243
790 41.715 27.0113
935 41.8021 27.177
834 41.8757 27.317
257 41.9571 27.4719
934 42.03 27.6106
822 42.1085 27.76
787 42.2023 27.9384
566 44.7051 32.6993
358 50.8732 31.4135
377 50.8732 31.4135
634 50.8732 31.4135
930 50.8732 31.4135
716 50.8732 31.4135
681 50.8732 31.4135
781 50.8732 31.4135
828 50.8732 31.4135
906 50.8732 31.4135
55 50.8732 31.4135
821 50.8732 31.4135
355 50.7007 31.2334
751 50.5144 31.039
458 50.3358 30.8525
250 50.121 30.6284
419 49.9312 30.4303
209 49.7691 30.261
289 49.6049 30.0897
873 49.4558 29.934
555 49.3061 29.7778
467 49.1467 29.6113
785 49.0158 29.4747
164 48.8702 29.3228
6 48.7341 29.1807
191 48.5662 29.0054
421 48.4455 28.8794
197 48.3271 28.7558
379 48.1894 28.6121
653 48.7243 28.2145
27 49.1332 27.9106
19 49.5118 27.6292
865 49.9392 27.3115
261 50.3978 26.9707
959 56.2136 22.6487
176 59.895 19.9127
777 60.837 19.2126
831 61.6904 18.5783
24 62.9539 17.6392
504 64.1781 16.7294
103 65.3996 15.8214
721 66.736 16.204
598 67.8571 16.5249
819 68.9395 16.8348
295 70.4481 17.2666
581 72.296 17.7956
