0,721,819,504,103,598,24,176,6,295,777,751,27,581,828,250,959,865,785,421,873,653,164,289,555,377,419,458,681,209,55,781,935,790,257,467,716,19,355,43,675,66,842,577,875,844,498,281,101,843,519,623,396,945,923,791,282,798,743,262,186,597,533,492,472,468,286,225,625,144,94,315,769,986,782,802,208,84,235,460,562,432,582,415,744,987,509,51,481,654,857,91,378,880,530,140,636,940,921,484,632,229,755,895,968,280,245,248,561,724,80,683,410,855,826,662,350,563,513,976,453,617,676,804,270,910,689,104,216,493,715,171,21,359,894,163,404,596,558,291,365,54,765,732,576,912,839,471,779,175,226,809,523,294,807,189,459,919,308,56,134,2,872,757,604,454,124,954,418,697,41,501,60,292,443,99,726,886,635,878,825,600,168,946,526,730,574,965,645,733,132,578,333,114,130,630,903,571,591,901,846,137,924,552,327,922,269,876,475,349,756,390,89,957,603,720,619,640,30,891,633,59,735,147,535,382,391,413,543,49,302,508,38,566,778,512,127,788,267,370,480,356,688,989,237,194,461,342,621,706,452,913,929,197,783,210,848,69,155,264,917,692,276,522,180,862,160,529,525,853,869,748,679,142,7,151,32,397,438,403,723,612,278,414,549,11,824,37,700,586,687,664,811,261,934,379,191,205,388,221,943,307,834,354,310,486,883,787,829,915,111,626,709,351,363,246,669,64,407,284,337,822,287,643,518,573,439,704,26,881,254,646,741,722,629,8,488,812,455,674,331,702,366,362,211,258,268,682,661,641,61,588,899,898,402,673,710,572,187,348,902,985,4,74,133,963,602,474,299,836,121,794,412,78,86,514,65,328,731,57,499,330,384,616,283,958,771,770,463,841,87,148,125,228,863,212,312,990,489,123,341,174,655,423,100,663,46,972,534,154,677,128,749,909,214,116,505,352,182,303,698,222,936,758,10,476,703,981,279,772,897,373,938,797,956,908,691,218,858,805,949,496,233,764,336,729,705,272,507,927,599,545,79,587,324,422,34,451,510,760,524,398,565,527,376,652,166,157,47,849,77,531,784,734,122,708,371,747,686,542,589,925,487,266,971,950,500,429,326,789,658,601,665,162,739,680,3,119,97,502,339,361,411,81,196,482,131,970,445,966,298,224,517,381,338,347,234,939,717,207,321,503,657,879,457,728,607,546,799,329,427,275,479,400,219,113,955,14,780,444,639,75,948,860,547,628,830,667,759,240,554,277,694,615,300,192,255,890,31,346,796,374,433,991,944,892,556,90,220,701,719,678,213,699,183,115,750,711,93,827,560,244,469,695,462,401,386,905,178,304,301,435,380,138,568,106,693,988,15,184,442,199,200,637,495,446,916,557,914,263,247,108,736,792,426,316,39,718,447,364,803,868,969,405,585,1,17,953,982,973,436,153,570,399,169,48,815,885,430,44,611,236,776,227,753,95,631,768,306,933,871,712,593,456,441,491,13,424,368,249,761,150,521,28,833,36,428,325,431,360,551,203,638,88,58,786,610,120,50,550,888,223,672,537,167,16,490,73,409,773,288,96,172,92,76,253,707,714,230,231,859,141,271,470,72,696,651,392,608,389,309,449,808,20,960,548,437,394,795,840,649,296,181,738,241,613,752,139,265,974,193,5,569,416,766,559,448,129,53,146,874,564,866,305,947,814,206,215,918,22,320,82,256,806,252,319,539,614,540,239,851,801,832,406,109,690,369,62,118,816,896,367,861,516,532,980,877,165,961,259,624,126,313,713,536,746,763,343,156,541,584,23,952,434,882,105,12,575,375,800,642,671,18,856,659,335,754,618,774,40,408,511,911,344,477,887,395,179,185,931,817,737,285,823,567,202,297,42,177,992,318,149,465,622,620,317,854,494,273,937,666,845,813,52,158,464,893,725,159,544,580,251,984,145,820,135,353,983,928,71,775,864,742,417,372,322,889,25,473,648,740,685,660,311,450,204,506,528,198,136,951,383,107,884,170,977,497,242,387,767,838,553,920,941,942,850,656,926,967,195,201,425,592,334,932,684,290,102,83,332,385,818,579,847,478,900,867,152,852,110,975,727,837,9,810,962,393,650,904,173,647,762,605,112,161,85,70,35,117,238,907,595,67,68,485,340,668,964,515,440,420,583,606,793,188,293,190,314,978,29,232,906,594,63,538,45,644,870,634,821,143,670,466,358,323,930,357,217,831,745,609,274,98,590,33,835,520,243,979,345,627,483,260,
value : 514.089 running time : 59.869785
0 80 20
721 73.0253 17.9394
819 69.4347 16.8786
504 67.611 16.3398
103 65.6752 15.7679
598 64.5205 16.7296
24 63.4457 17.6246
176 62.3842 18.5086
6 60.8239 19.808
295 59.8694 20.6029
777 58.7377 21.5453
751 57.0751 22.9299
27 56.4777 23.4275
581 56.0481 23.7852
828 55.3649 24.3541
250 54.8427 24.789
959 54.4824 25.0891
865 53.9291 25.5498
785 53.4816 25.9226
421 53.0536 26.279
873 53.0536 26.279
653 53.0536 26.279
164 52.8775 26.9536
289 52.7029 27.623
555 52.5306 28.2833
377 52.3513 28.9701
419 52.2323 29.4261
458 52.0775 30.0196
681 51.9542 30.4919
209 51.8373 30.94
55 51.7202 31.3885
781 51.5844 31.909
935 51.4386 32.4676
790 51.3095 32.9625
257 51.3095 32.9625
467 51.3095 32.9625
716 51.5191 35.3091
19 51.6717 37.0182
355 51.8367 38.8656
43 52.034 41.0746
675 52.207 43.0113
66 52.4313 45.5221
842 52.7721 49.3379
577 52.6971 49.7355
875 52.6358 50.0606
844 52.566 50.4309
498 52.4297 51.154
281 52.3227 51.7212
101 52.2356 52.1832
843 52.1528 52.6226
519 52.0631 53.0982
623 51.9725 53.5786
396 51.877 54.0853
945 51.7796 54.6018
923 51.6731 55.1666
791 51.5634 55.7484
282 51.4715 56.2358
798 51.389 56.6733
743 51.3121 57.0809
262 51.2515 57.4023
186 51.1726 57.8207
597 51.0863 58.2783
533 51.0006 58.7333
492 51.0268 58.8465
472 51.056 58.9728
468 51.7115 61.8014
286 52.2345 64.0583
225 52.9731 67.2457
625 53.2127 68.2013
144 53.5249 69.4461
94 53.6138 69.8004
315 53.6965 70.1304
769 53.7753 70.4447
986 53.8521 70.751
782 53.9329 71.0731
802 54.0061 71.3652
208 54.0714 71.6255
84 54.1416 71.9053
235 54.2183 72.2115
460 54.3053 72.5582
562 54.3875 72.886
432 55.2994 73.5018
582 56.1825 74.098
415 57.1212 74.7318
744 57.5361 75.0119
987 57.6828 75.111
509 57.8384 75.2161
51 57.9943 75.3213
481 58.1277 75.4114
654 57.5913 75.25
857 56.8411 75.0242
91 56.193 74.8292
378 55.5991 74.6505
880 54.8188 74.4156
530 54.0256 74.1769
140 53.9545 74.1555
636 53.8806 74.1333
940 53.8084 74.1116
921 53.7356 74.0897
484 53.6618 74.0675
632 53.5986 74.0484
229 53.5358 74.0296
755 53.459 74.0064
895 53.3894 73.9855
968 53.3203 73.9647
280 53.2539 73.9447
245 53.1836 73.9236
248 50.0299 72.9751
561 47.2433 72.1369
724 46.7614 71.992
80 46.3442 71.8665
683 45.9645 71.7523
410 45.6079 71.6451
855 45.2757 71.5451
826 44.8948 71.4306
662 44.4599 71.2998
350 44.2223 71.2284
563 43.9872 71.1576
513 43.7303 71.0804
976 43.4612 70.9994
453 43.2107 70.9241
617 42.9227 70.8375
676 42.5531 70.7263
804 42.1816 70.6146
270 41.8276 70.5081
910 41.5124 70.4133
689 41.1994 70.3192
104 40.9201 70.2352
216 40.6864 70.1649
493 39.3063 69.7498
715 39.2471 69.732
171 39.1857 69.7135
21 39.1215 69.6942
359 39.0633 69.6767
894 39.0146 69.6621
163 38.9594 69.6455
404 38.9031 69.6285
596 38.8459 69.6113
558 38.7928 69.5953
291 38.7341 69.5777
365 38.6769 69.5604
54 38.6218 69.5439
765 38.5666 69.5273
732 38.5125 69.511
576 38.458 69.4946
912 38.4025 69.4779
839 38.3525 69.4629
471 38.3525 69.4629
779 38.058 69.6171
175 37.7257 69.7911
226 37.4026 69.9603
809 37.1082 70.1144
523 36.5891 70.3862
294 36.0373 70.6751
807 35.1063 71.1627
189 34.2129 71.6305
459 33.4449 72.0326
919 32.0185 72.7796
308 31.9734 72.8032
56 31.9287 72.8266
134 31.8781 72.8531
2 31.3787 73.1147
872 30.9666 73.3305
757 30.5543 73.5465
604 30.2278 73.7174
454 29.8946 73.892
124 29.5571 74.0687
954 29.2057 74.2528
418 28.8491 74.4395
697 28.8491 74.4395
41 28.8491 74.4395
501 28.8491 74.4395
60 28.8491 74.4395
292 28.8491 74.4395
443 28.6942 74.2113
99 28.5432 73.9888
726 28.4039 73.7836
886 28.2722 73.5896
635 28.142 73.3977
878 28.0169 73.2134
825 27.8893 73.0255
600 27.8121 72.7154
168 27.7396 72.4246
946 27.6591 72.1015
526 27.577 71.772
730 27.4981 71.4556
574 27.4121 71.1106
965 27.3222 70.7497
645 27.2385 70.4139
733 27.1622 70.1077
132 27.0988 69.8531
578 27.0436 69.6318
333 26.8073 68.6835
114 25.9766 65.3497
130 26.0355 65.2369
630 26.0952 65.1225
903 26.3312 64.6703
571 26.556 64.2396
591 26.7868 63.7973
901 27.036 63.3199
846 27.2723 62.8671
137 27.5305 62.3724
924 27.7403 61.9705
552 28.0559 61.3658
327 28.577 60.3673
922 29.6979 58.2192
269 30.5774 56.534
876 31.3211 55.1089
475 31.889 54.0209
349 31.889 54.0209
756 31.9373 53.9858
390 31.9844 53.9516
89 32.0364 53.9138
957 32.085 53.8785
603 32.1378 53.8402
720 32.1872 53.8043
619 32.2892 53.7302
640 32.3708 53.6709
30 32.4642 53.6031
891 32.549 53.5415
633 32.6262 53.4855
59 32.7116 53.4235
735 32.8027 53.3573
147 32.9059 53.2823
535 32.9994 53.2144
382 33.0882 53.1499
391 33.1964 53.0713
413 33.3779 52.9395
543 33.543 52.8196
49 33.718 52.6925
302 33.8803 52.5746
508 34.0466 52.4538
38 34.2166 52.3304
566 34.388 52.2059
778 34.5239 52.1072
512 34.6726 51.9992
127 34.791 51.9132
788 34.9033 51.8316
267 35.3823 51.4838
370 36.0093 51.0284
480 36.633 50.5754
356 36.8875 50.3905
688 37.0975 50.2381
989 37.3887 50.0266
237 37.6425 49.8423
194 37.9257 49.6366
461 38.1787 49.4528
342 38.4456 49.259
621 38.6796 49.089
706 38.9195 48.9148
452 39.1593 48.7406
913 39.3697 48.5878
929 39.6744 48.3666
197 40.0765 48.0745
783 40.0765 48.0745
210 40.0765 48.0745
848 40.0765 48.0745
69 40.0765 48.0745
155 40.0765 48.0745
264 40.0765 48.0745
917 39.3228 47.3842
692 38.6297 46.7494
276 38.0721 46.2388
522 37.096 45.3448
180 35.9291 44.276
862 34.3079 42.7913
160 32.0788 40.7496
529 31.5183 40.7148
525 30.9858 40.6818
853 30.5615 40.6554
869 29.7676 40.6062
748 29.0805 40.5635
679 28.3775 40.5199
142 27.6231 40.4731
7 27.5369 40.2734
151 27.4513 40.0751
32 27.3677 39.8815
397 27.2897 39.7007
438 27.2042 39.5027
403 27.1163 39.2991
723 27.0252 39.088
612 26.9272 38.8609
278 26.8397 38.6582
414 26.764 38.4828
549 26.6752 38.277
11 26.5954 38.092
824 26.5029 37.8777
37 26.5029 37.8777
700 26.5029 37.8777
586 29.7196 33.5181
687 30.035 33.0906
664 30.4088 32.5841
811 30.8848 31.939
261 31.4869 31.1231
934 31.8511 30.6294
379 31.8511 30.6294
191 31.8511 30.6294
205 31.8511 30.6294
388 31.8511 30.6294
221 31.2465 29.2494
943 30.6629 27.9176
307 30.7455 27.4678
834 30.8237 27.0424
354 30.9029 26.6112
310 30.9918 26.1275
486 31.0182 25.9837
883 31.0462 25.8313
787 31.07 25.7019
829 31.094 25.5711
915 31.2911 24.4986
111 31.506 23.3289
626 31.6936 22.3078
709 31.8752 21.3197
351 32.0982 20.1055
363 32.2262 19.4089
246 32.3362 18.8101
669 32.4583 18.1455
64 32.5387 17.7082
407 32.6294 17.2146
284 32.7049 16.8039
337 32.8024 16.2729
822 32.9035 15.7229
287 33.0298 15.0353
643 33.1403 14.4339
518 33.2859 13.6414
573 32.3865 13.6791
439 31.3351 13.723
704 30.7659 13.7468
26 30.0893 13.7751
881 17.9265 14.2837
254 16.5113 14.3429
646 14.5841 14.4234
741 14.1306 14.4424
722 13.6694 14.4617
629 13.6178 14.4639
8 13.5713 14.4658
488 13.5181 14.468
812 13.4581 14.4705
455 13.0857 16.0708
674 12.9477 16.6636
331 12.8004 17.2965
702 12.6931 17.758
366 12.5793 18.2468
362 12.4525 18.7917
211 12.3269 19.3315
258 12.1691 20.0095
268 12.0537 20.5055
682 11.9633 20.8938
661 11.8546 21.3607
641 11.751 21.8059
61 11.6586 22.2033
588 11.5288 22.7607
899 11.3708 23.4397
898 11.209 24.135
402 11.209 24.135
673 11.209 24.135
710 11.209 24.135
572 11.209 24.135
187 11.209 24.135
348 11.2221 24.5361
902 11.2368 24.987
985 11.2537 25.5047
4 11.2681 25.9495
74 11.2824 26.389
133 11.2967 26.8263
963 11.3104 27.2464
602 11.325 27.6949
474 11.3282 27.8183
299 11.3317 27.9504
836 11.3355 28.0935
121 11.3393 28.234
794 11.3424 28.3501
412 11.3455 28.4688
78 11.4803 33.5389
86 11.4965 34.1505
514 11.5164 34.8993
65 11.5602 36.5492
328 11.6036 38.1819
731 11.6261 39.0309
57 11.6469 39.8169
499 11.653 40.047
330 11.6588 40.2627
384 11.6645 40.4786
616 11.6702 40.6945
283 11.6758 40.9061
958 11.6818 41.1313
771 11.688 41.3669
770 11.6939 41.5885
463 11.7 41.8179
841 11.7054 42.0213
87 11.7102 42.2009
148 11.7157 42.4107
125 11.721 42.6112
228 11.7271 42.8417
863 11.7331 43.0659
212 11.7392 43.2966
312 11.7455 43.5337
990 11.7517 43.7671
489 11.7586 44.0288
123 11.7644 44.247
341 11.7707 44.4842
174 11.7766 44.7076
655 11.782 44.9116
423 11.7885 45.1548
100 11.7957 45.4269
663 11.8018 45.6594
46 11.8082 45.8983
972 11.8162 46.2023
534 11.8224 46.4353
154 11.8287 46.6726
677 11.8355 46.927
128 11.8406 47.1223
749 11.8464 47.3409
909 11.8522 47.5599
214 11.8582 47.7863
116 11.863 47.9646
505 11.9442 48.1881
352 12.0238 48.4069
182 12.1013 48.6202
303 12.1792 48.8345
698 12.2518 49.0342
222 12.3202 49.2223
936 12.3942 49.4257
758 12.4639 49.6175
10 12.5288 49.7961
476 12.8507 50.6813
703 13.2662 51.8242
981 13.5025 52.4743
279 13.6686 52.9311
772 13.8384 53.3982
897 13.9736 53.77
373 14.0443 53.9645
938 14.1296 54.199
797 14.2102 54.4209
956 14.3048 54.6811
908 14.388 54.9098
691 14.4827 55.1702
218 14.5672 55.4027
858 14.6558 55.6465
805 14.7466 55.8962
949 14.8391 56.1506
496 14.9851 56.5523
233 15.1919 57.121
764 15.3759 57.6271
336 15.5447 58.0913
729 15.7282 58.5961
705 15.8714 58.9901
272 16.0156 59.3865
507 16.1434 59.738
927 16.2725 60.0931
599 16.2725 60.0931
545 16.2725 60.0931
79 16.2693 60.0918
587 16.2659 60.0903
324 16.2003 60.0625
422 16.1361 60.0354
34 16.0766 60.0101
451 16.013 59.9832
510 15.9467 59.9551
760 15.1678 59.6252
524 14.5039 59.344
398 13.7628 59.03
565 12.7903 58.6181
527 11.8356 58.2137
376 11.1461 57.9217
652 10.3891 57.601
166 10.0195 57.4444
157 9.66626 57.2948
47 9.78776 57.5952
849 9.91531 57.9105
77 10.0695 58.2917
531 10.1907 58.5913
784 10.3168 58.903
734 10.4297 59.1822
122 10.5275 59.424
708 10.7742 60.0339
371 11.1176 60.8828
747 11.3878 61.5509
686 11.661 62.2262
542 11.6885 62.2942
589 12.097 63.3043
925 12.5394 64.3981
487 13.8195 67.5632
266 13.9965 68.001
971 14.0799 68.2071
950 14.1622 68.4106
500 14.233 68.5857
429 14.3052 68.7643
326 14.3789 68.9464
789 14.4438 69.1068
658 14.2925 69.161
601 14.1226 69.2218
665 13.9262 69.2921
162 13.7655 69.3496
739 13.6061 69.4067
680 13.438 69.4668
3 13.2674 69.5279
119 13.1019 69.5871
97 12.9403 69.645
502 12.783 69.7013
339 12.6241 69.7581
361 12.4583 69.8175
411 12.2948 69.876
81 12.1063 69.9434
196 11.9125 70.0128
482 11.6974 70.0898
131 11.4747 70.1695
970 11.2425 70.2526
445 10.9873 70.3439
966 10.7618 70.4246
298 10.5959 70.484
224 10.4433 70.5386
517 10.3081 70.587
381 10.1752 70.6346
338 10.0547 70.6777
347 9.91589 70.7273
234 9.91442 70.732
939 9.91281 70.737
717 9.91117 70.7421
207 9.90946 70.7475
321 9.90796 70.7522
503 9.90659 70.7565
657 9.90511 70.7611
879 9.9037 70.7655
457 9.9022 70.7703
728 9.9008 70.7747
607 9.89947 70.7788
546 9.89811 70.7831
799 9.89714 70.7861
329 9.89618 70.7891
427 9.86262 70.8944
275 9.83208 70.9902
479 9.6794 71.4689
400 9.53094 71.9344
219 9.38339 72.397
113 9.22372 72.8977
955 9.06364 73.3995
14 8.9202 73.8493
780 8.75991 74.3518
444 8.6085 74.8264
639 8.48775 75.2051
75 8.36188 75.5998
948 8.2517 75.9453
860 8.12625 76.3387
547 7.99726 76.743
628 8.0395 76.6834
830 8.08522 76.6188
667 8.13305 76.5513
759 8.17632 76.4902
240 8.22481 76.4217
554 8.27596 76.3495
277 8.3327 76.2693
694 8.37839 76.2048
615 8.42155 76.1439
300 8.46811 76.0781
192 8.85825 75.5273
255 8.87182 75.685
890 8.88954 75.8908
31 8.90556 76.0769
346 8.9197 76.2411
796 8.93458 76.4141
374 8.94972 76.5899
433 8.96513 76.7689
991 8.98025 76.9445
944 8.99626 77.1306
892 9.01127 77.3049
556 9.02451 77.4586
90 9.03877 77.6243
220 9.05091 77.7653
701 9.10103 78.3474
719 9.44966 82.3977
678 9.78086 86.2457
213 10.0587 89.4743
699 10.0593 89.481
183 10.0599 89.4883
115 10.0605 89.4956
750 10.0611 89.5026
711 10.0617 89.5092
93 10.0622 89.5152
827 10.0628 89.5219
560 10.0632 89.5271
244 10.0638 89.5337
469 10.0644 89.5409
695 10.065 89.5486
462 10.0657 89.5564
401 10.0663 89.5629
386 10.0669 89.5701
905 10.0674 89.5768
178 10.0681 89.5847
304 10.069 89.5948
301 10.0698 89.6041
435 10.0707 89.6147
380 10.0713 89.6225
138 10.0719 89.6294
568 10.0725 89.6361
106 10.0731 89.643
693 10.0736 89.6494
988 10.0742 89.6562
15 11.3392 89.7436
184 12.1732 89.8011
442 12.1732 89.8011
199 12.1732 89.8011
200 12.1732 89.8011
637 12.1732 89.8011
495 12.1732 89.8011
446 12.1732 89.8011
916 12.1732 89.8011
557 12.1732 89.8011
914 12.1732 89.8011
263 12.1732 89.8011
247 12.1732 89.8011
108 12.1732 89.8011
736 12.1732 89.8011
792 12.1732 89.8011
426 12.1732 89.8011
316 12.1732 89.8011
39 12.1732 89.8011
718 12.1732 89.8011
447 12.1732 89.8011
364 12.1732 89.8011
803 12.1732 89.8011
868 12.1732 89.8011
969 12.1732 89.8011
405 12.1732 89.8011
585 12.1732 89.8011
1 12.1732 89.8011
17 12.1732 89.8011
953 12.1732 89.8011
982 12.1732 89.8011
973 12.1732 89.8011
436 12.1732 89.8011
153 12.1732 89.8011
570 12.1732 89.8011
399 12.7594 89.9813
169 13.2953 90.146
48 14.254 90.4407
815 15.2945 90.7605
885 16.6294 91.1708
430 17.6511 91.4848
44 18.1142 91.6271
611 18.5597 91.7641
236 18.5562 91.7561
776 18.5532 91.749
227 18.5499 91.7415
753 18.5463 91.7331
95 18.5422 91.7237
631 18.5395 91.7174
768 18.5365 91.7105
306 18.5333 91.7031
933 18.5296 91.6948
871 18.5262 91.6867
712 18.5225 91.6784
593 18.5191 91.6705
456 18.5154 91.6619
441 18.5116 91.6531
491 18.5075 91.6437
13 18.5032 91.6337
424 18.4988 91.6237
368 18.4947 91.6142
249 18.4906 91.6046
761 18.4871 91.5967
150 18.4834 91.5881
521 18.4184 91.438
28 18.3384 91.2534
833 18.1525 90.824
36 17.974 90.4119
428 17.7668 89.9335
325 17.49 89.2945
431 17.2082 88.644
360 16.9539 88.0569
551 16.7068 87.4862
203 16.5184 87.0512
638 20.6407 85.9657
88 20.9084 85.8952
58 21.2071 85.8165
786 21.514 85.7356
610 21.5721 85.7203
120 21.6312 85.7048
50 21.6868 85.6901
550 21.7464 85.6744
888 21.8071 85.6584
223 22.2535 85.9658
672 22.5346 86.1593
537 22.7655 86.3183
167 23.0662 86.5254
16 23.3518 86.722
490 23.6587 86.9334
73 23.9737 87.1503
409 24.258 87.346
773 24.5007 87.5131
288 24.7395 87.6776
96 25.0041 87.8598
172 25.2456 88.0261
92 25.3477 88.0964
76 25.4428 88.1619
253 25.554 88.2384
707 25.6717 88.3195
714 25.7601 88.3804
230 26.4468 88.3801
231 26.8944 88.3799
859 27.2846 88.3797
141 27.7512 88.3795
271 28.1795 88.3793
470 28.5686 88.3791
72 28.9255 88.379
696 29.2116 88.3789
651 29.5577 88.3787
392 29.9923 88.3785
608 30.3512 88.3783
389 33.3617 88.377
309 33.3985 88.377
449 33.4324 88.377
808 33.4622 88.377
20 33.4931 88.377
960 33.8033 88.3769
548 34.1661 88.3767
437 34.5122 88.3766
394 34.8254 88.3765
795 35.1243 88.3764
840 35.4597 88.3763
649 35.7696 88.3762
296 36.0585 88.3761
181 36.4047 88.376
738 36.7186 88.3759
241 37.0301 88.3758
613 37.3425 88.3757
752 37.6727 88.3755
139 38.0183 88.3754
265 38.4701 88.3753
974 38.9752 88.3751
193 39.6721 88.3749
5 40.323 88.3746
569 40.3432 88.3511
416 40.3646 88.3261
766 40.3837 88.3037
559 40.4044 88.2796
448 40.4254 88.255
129 40.4473 88.2295
53 40.468 88.2053
146 40.4899 88.1797
874 40.5123 88.1536
564 40.6965 87.9385
866 40.8432 87.7671
305 41.0116 87.5705
947 41.1793 87.3747
814 41.3154 87.2158
206 41.4514 87.0569
215 41.5981 86.8856
918 41.7323 86.7289
22 41.9028 86.5298
320 42.0997 86.2999
82 42.284 86.0847
256 42.4442 85.8976
806 42.6272 85.6839
252 42.8404 85.435
319 43.5382 85.0038
539 44.1693 84.6138
614 44.8882 84.1696
540 45.6757 83.6829
239 46.3385 83.2733
851 47.5936 82.4977
801 48.7548 81.7802
832 48.7548 81.7802
406 48.7548 81.7802
109 48.7548 81.7802
690 48.6869 82.8071
369 48.6417 83.4909
62 48.5897 84.2777
118 48.5526 84.8391
816 48.5188 85.3505
896 48.4839 85.8794
367 48.4758 86.0009
861 48.468 86.1188
516 48.4591 86.2531
532 48.4505 86.3842
980 48.4505 86.3842
877 48.4505 86.3842
165 50.225 87.1209
961 52.027 87.869
259 52.0354 87.8725
624 52.0435 87.8759
126 52.0511 87.879
313 52.0598 87.8826
713 52.0677 87.8859
536 52.0759 87.8893
746 52.0841 87.8927
763 52.092 87.896
343 52.1006 87.8996
156 52.1092 87.9032
541 52.118 87.9068
584 52.127 87.9106
23 52.1354 87.914
952 52.1354 87.914
434 52.1354 87.914
882 52.1354 87.914
105 52.1354 87.914
12 52.1354 87.914
575 52.1354 87.914
375 52.1354 87.914
800 53.9117 87.9971
642 54.5541 88.0271
671 55.3455 88.0641
18 55.7063 88.0809
856 55.7653 88.0837
659 55.825 88.0865
335 55.9068 88.0903
754 55.9816 88.0938
618 56.0563 88.0973
774 56.1334 88.1009
40 56.2136 88.1046
408 56.2904 88.1082
511 56.3715 88.112
911 56.4572 88.116
344 56.5382 88.1198
477 57.2115 88.1513
887 57.7553 88.1767
395 58.3515 88.2046
179 58.8654 88.2286
185 59.5396 88.2601
931 60.1877 88.2904
817 60.8044 88.3193
737 61.3281 88.3438
285 61.9507 88.3729
823 62.3954 88.3937
567 62.7898 88.4121
202 63.2025 88.4314
297 63.6717 88.4534
42 64.1169 88.4742
177 64.5534 88.4946
992 65.0247 88.5166
318 65.5372 88.5406
149 65.9733 88.561
465 66.3433 88.5783
622 66.7055 88.5952
620 67.0793 88.6127
317 67.4395 88.6296
854 67.8947 88.6509
494 68.2828 88.669
273 68.5725 88.6826
937 68.9136 88.6985
666 69.2615 88.7148
845 69.5786 88.7296
813 69.9212 88.7456
52 70.2356 88.7603
158 70.58 88.7765
464 70.9191 88.7923
893 71.355 88.8127
725 71.6657 88.8272
159 71.8786 88.8372
544 72.0793 88.8466
580 72.3025 88.857
251 72.4948 88.866
984 72.6875 88.875
145 73.884 88.931
820 75.4006 89.0019
135 76.5375 89.0551
353 77.422 89.0964
983 78.6516 89.1539
928 79.4994 89.1936
71 80.8278 84.9593
775 81.3651 84.4399
864 82.0612 83.767
742 82.8939 82.9621
417 84.1228 81.7742
372 86.4628 79.5122
322 86.4628 79.5122
889 86.4628 79.5122
25 86.4416 79.2927
473 86.4165 79.0332
648 86.3781 78.6358
740 86.3406 78.2472
685 86.3044 77.8721
660 86.1267 76.0327
311 85.9638 74.3463
450 85.7811 72.4545
204 85.596 70.5381
506 85.336 67.8463
528 85.2058 66.4989
198 84.9698 64.0554
136 84.8599 62.9176
951 84.8288 62.596
383 84.8288 62.596
107 84.8288 62.596
884 84.8288 62.596
170 84.8288 62.596
977 84.8288 62.596
497 84.8288 62.596
242 82.3581 60.9996
387 80.0459 59.5056
767 78.0477 58.2146
838 77.8449 58.0835
553 77.6098 57.9316
920 77.4172 57.8071
941 77.2219 57.681
942 77.0281 57.5557
850 76.8602 57.4472
656 76.698 57.3424
926 76.532 57.2352
967 76.532 57.2352
195 76.532 57.2352
201 76.532 57.2352
425 76.532 57.2352
592 76.532 57.2352
334 75.9334 58.2088
932 75.4147 59.0525
684 74.711 60.1969
290 72.5978 63.6341
102 71.8956 64.7762
83 70.701 66.7191
332 70.5288 66.9993
385 70.2558 67.4433
818 69.9623 67.9206
579 69.6111 67.8309
847 69.2093 67.7283
478 68.8881 67.6463
900 68.621 67.578
867 68.3083 67.4981
152 68.0006 67.4196
852 67.685 67.3389
110 67.326 67.2472
975 66.9529 67.1519
727 66.5311 67.0442
837 66.1137 66.9376
9 65.5931 66.8046
810 65.5579 66.5972
962 65.5302 66.4343
393 65.5012 66.2638
650 65.4726 66.0953
904 65.4467 65.943
173 65.4162 65.7632
647 65.384 65.5737
762 65.355 65.4029
605 65.3269 65.2378
112 65.2968 65.0606
161 64.4998 60.3737
85 64.4826 60.1642
70 64.464 59.9369
35 64.4477 59.7376
117 64.4305 59.5285
238 64.417 59.364
907 64.4016 59.1765
595 64.3865 58.9919
67 64.3706 58.7978
68 64.3527 58.58
485 64.3339 58.3512
340 64.3184 58.1624
668 64.2977 57.9095
964 64.2712 57.5863
515 64.2423 57.2349
440 64.2095 56.8348
420 64.1452 56.0511
583 64.0668 55.0949
606 63.9854 54.1033
793 63.9399 53.5484
188 63.8769 52.7802
293 63.8104 51.9697
190 63.7272 50.9565
314 63.6223 49.678
978 63.5527 48.8298
29 63.4962 48.1405
232 62.902 47.4557
906 62.2057 46.6531
594 62.2057 46.6531
63 62.2057 46.6531
538 62.2057 46.6531
45 62.5945 45.96
644 62.877 45.4564
870 63.1556 44.9598
634 63.8206 43.7742
821 64.428 42.6913
143 64.7133 42.1827
670 65.0247 41.6276
466 65.3432 41.0598
358 65.6277 40.5526
323 65.9165 40.0377
930 66.1845 39.5601
357 66.5375 38.9308
217 66.9719 38.1563
831 68.3824 35.6417
745 70.7161 34.3897
609 72.816 33.263
274 76.1222 31.4892
98 82.4392 28.1
590 82.4392 28.1
33 82.4392 28.1
835 82.4392 28.1
520 82.8755 26.856
243 85.5144 19.3309
979 85.7144 18.7604
345 85.8635 18.3354
627 86.0135 17.9077
483 86.16 17.4898
260 86.0215 17.5463
