0,721,819,581,176,777,504,103,751,24,598,6,959,295,821,934,828,63,785,681,873,458,781,419,250,865,209,831,55,930,19,675,356,555,27,870,634,45,377,978,66,875,262,43,606,844,594,357,926,314,355,274,143,670,466,358,323,609,232,850,920,425,29,117,745,842,102,592,644,195,492,276,35,906,217,396,843,519,623,498,793,101,30,597,683,732,533,809,237,186,621,85,161,84,472,453,798,779,471,576,264,484,922,459,370,127,281,235,282,194,923,945,848,461,917,155,480,790,989,935,257,716,197,421,452,69,164,278,289,586,64,337,111,379,467,518,702,307,822,261,439,704,573,626,643,407,287,310,26,709,883,669,351,363,653,488,8,881,722,682,629,348,61,412,646,812,362,710,187,366,673,211,741,674,402,588,641,246,486,787,829,902,221,824,549,65,254,284,915,869,529,7,692,160,151,388,414,834,191,853,354,403,908,679,664,663,32,700,391,10,476,990,612,794,899,661,474,943,455,205,602,985,46,836,121,331,963,258,4,74,133,299,898,514,86,125,958,797,572,268,463,78,499,749,505,212,283,863,534,228,328,805,87,731,565,758,148,336,677,330,373,57,909,312,157,116,214,128,47,589,279,122,475,233,543,938,770,652,174,341,616,841,352,972,496,142,858,723,949,771,489,384,154,123,423,182,222,956,525,913,748,633,324,11,687,507,267,891,438,876,37,688,756,397,603,811,655,535,38,783,619,147,89,510,929,269,705,778,508,706,302,59,839,522,912,180,413,545,512,566,49,862,342,210,765,137,291,171,596,640,56,552,144,493,21,878,308,359,365,54,788,804,382,175,604,872,99,730,189,104,404,132,58,124,454,167,954,60,697,16,645,443,888,333,574,41,720,479,272,130,981,772,729,903,349,451,691,524,329,846,327,901,971,587,114,965,79,957,599,733,658,789,591,184,735,390,571,600,168,220,927,501,275,487,266,526,825,361,701,321,503,255,665,81,502,97,119,3,680,326,739,162,764,897,34,630,303,234,698,422,427,100,936,527,347,760,925,376,747,531,708,166,338,218,939,717,381,542,849,196,298,966,371,948,734,398,131,784,445,639,799,686,14,77,224,946,339,601,703,879,192,924,113,411,429,500,482,860,694,277,970,607,219,400,635,950,517,325,93,31,457,944,955,736,667,719,718,401,637,300,207,905,546,436,830,90,203,169,780,991,556,796,757,551,346,726,75,426,433,560,657,886,199,803,240,615,759,554,263,178,728,444,570,374,48,982,678,792,364,547,969,953,914,693,17,447,699,301,399,568,236,213,585,827,405,138,890,88,469,988,15,380,973,106,628,39,815,435,442,776,868,495,651,933,446,1,200,50,750,13,593,153,316,712,711,753,247,95,892,916,108,304,462,608,115,386,610,441,631,714,521,768,885,672,833,761,244,428,249,557,491,44,418,368,695,288,430,424,431,456,231,360,183,306,409,227,871,20,73,696,918,548,241,611,120,752,150,172,141,92,437,253,795,271,36,96,960,28,309,181,139,808,252,976,256,806,296,215,292,919,840,490,226,859,540,662,550,537,230,773,223,564,578,2,270,689,416,76,539,22,974,786,638,129,613,206,448,470,449,5,392,707,569,877,72,265,375,738,763,559,165,866,713,239,874,415,62,754,952,434,23,532,856,766,408,814,193,636,895,344,343,516,541,367,536,156,774,851,816,40,882,105,659,389,53,690,921,940,248,335,319,802,140,82,961,511,313,618,624,746,12,561,320,947,294,513,807,800,563,259,369,582,931,880,887,861,245,146,394,894,305,530,855,986,134,80,649,826,782,126,910,225,632,755,857,724,163,562,715,614,350,676,91,558,208,216,410,671,509,769,523,94,617,642,109,280,179,406,229,18,460,177,817,992,567,980,202,185,896,273,52,737,911,584,620,801,481,937,285,378,317,118,845,297,42,622,575,984,158,464,544,465,823,893,353,477,159,666,149,580,135,145,318,417,775,813,494,864,820,983,818,854,251,928,332,450,473,648,311,372,25,528,740,889,742,685,322,660,204,725,315,71,654,962,579,83,395,340,468,968,51,440,393,173,67,68,595,9,432,832,904,647,727,577,810,964,791,625,605,188,238,538,987,743,420,478,293,286,942,852,847,201,907,152,190,515,290,668,762,112,744,837,867,198,70,553,583,767,650,334,485,656,932,967,900,977,838,941,170,975,506,136,387,242,110,385,383,684,884,107,951,497,33,590,98,520,835,243,260,979,483,345,627,
value : 511.578 running time : 63.787757
0 80 20
721 74.3655 18.1821
819 71.0774 17.1208
581 69.864 16.729
176 68.8589 16.4044
777 67.9519 16.1115
504 67.1757 15.8607
103 66.3739 15.6017
751 59.7041 23.0291
24 59.2851 23.4959
598 58.789 24.0487
6 58.1241 24.7894
959 57.4864 25.4998
295 56.7481 26.3223
821 55.2093 28.0364
934 53.2987 30.1645
828 53.119 31.3161
63 52.9533 32.3783
785 52.9234 32.57
681 52.892 32.7711
873 52.862 32.9638
458 52.8275 33.185
781 52.7961 33.3861
419 52.7647 33.5871
250 52.7152 33.9043
865 52.6659 34.2206
209 52.6163 34.5382
831 52.5655 34.8638
55 52.4854 35.3777
930 52.389 35.9955
19 52.3014 36.5566
675 52.2118 37.1312
356 52.1572 37.481
555 52.7418 37.7519
27 53.4495 38.0798
870 54.1485 38.4037
634 54.8631 38.7349
45 55.5336 39.0456
377 56.0818 39.2995
978 56.6198 39.5488
66 57.1368 39.7883
875 57.7044 40.0514
262 58.2888 40.3222
43 58.891 40.6012
606 59.483 40.8754
844 60.0059 41.1177
594 60.9595 41.5596
357 61.9903 42.0373
926 62.9513 42.4827
314 63.6827 42.8216
355 64.4302 43.1679
274 68.2443 44.9361
143 68.2443 44.9361
670 68.2443 44.9361
466 68.2443 44.9361
358 68.2443 44.9361
323 68.2443 44.9361
609 68.2443 44.9361
232 68.2443 44.9361
850 68.2443 44.9361
920 68.2443 44.9361
425 68.0261 45.0842
29 67.7957 45.2406
117 67.5528 45.4054
745 67.3219 45.5622
842 67.0562 45.7425
102 66.7982 45.9176
592 66.5573 46.0811
644 66.2671 46.2781
195 65.977 46.475
492 61.6037 49.4408
276 57.6847 52.0993
35 57.6847 52.0994
906 57.6847 52.0994
217 56.7984 52.7282
396 55.7929 53.4416
843 54.8048 54.1426
519 53.8135 54.8458
623 52.8096 55.5581
498 51.7771 56.2905
793 50.7164 57.043
101 49.6524 57.7978
30 48.6174 58.5321
597 48.6057 58.5404
683 48.5927 58.5496
732 48.5805 58.5582
533 48.5682 58.567
809 48.556 58.5756
237 48.5446 58.5837
186 48.5446 58.5837
621 48.5446 58.5837
85 48.5446 58.5837
161 48.5446 58.5837
84 48.5446 58.5837
472 48.5446 58.5837
453 48.5446 58.5837
798 48.5446 58.5837
779 48.5446 58.5837
471 48.5446 58.5837
576 48.5446 58.5837
264 48.5446 58.5837
484 48.5446 58.5837
922 48.2998 57.7957
459 48.1949 57.4582
370 48.0721 57.0629
127 47.9552 56.6868
281 47.8452 56.3328
235 47.7355 55.9801
282 47.3991 54.8968
194 46.8978 53.2823
923 46.4919 51.9756
945 46.0641 50.5979
848 45.6394 49.2304
461 45.2315 47.917
917 44.8083 46.554
155 44.441 45.3714
480 44.0905 44.2429
790 43.7819 43.2496
989 43.4986 42.3375
935 43.2204 41.4419
257 42.9604 40.605
716 42.7181 39.8253
197 42.4687 39.0225
421 42.2151 38.2062
452 41.9666 37.4062
69 41.6943 36.5298
164 40.433 32.4637
278 39.8149 30.4729
289 39.2424 28.6292
586 38.6513 26.7254
64 37.9716 24.5361
337 37.5374 23.138
111 37.1257 21.8123
379 36.7212 20.51
467 36.2485 18.9879
518 35.1206 15.3527
702 34.5917 15.3415
307 34.4833 15.3392
822 34.3856 15.3371
261 34.2852 15.335
439 34.1683 15.3325
704 34.0798 15.3306
573 33.9877 15.3287
626 33.8885 15.3266
643 33.7932 15.3245
407 33.7103 15.3228
287 33.6227 15.3209
310 33.5314 15.319
26 33.4363 15.317
709 33.334 15.3148
883 33.2387 15.3128
669 33.1367 15.3106
351 33.0406 15.3086
363 32.9428 15.3065
653 32.8417 15.3043
488 22.6536 15.0862
8 19.0255 15.0088
881 15.1142 14.9253
722 13.4178 14.8891
682 13.3499 14.8877
629 13.2812 14.8862
348 13.2125 14.8848
61 13.1378 14.8832
412 13.0696 14.8817
646 13.0014 14.8803
812 12.9367 14.8789
362 12.8017 15.3567
710 12.6732 15.8114
187 12.6635 15.846
366 13.2166 16.5818
673 13.7729 17.322
211 14.2897 18.0096
741 14.8541 18.7604
674 15.4381 19.5374
402 16.1513 20.4861
588 16.8735 21.4469
641 17.8741 22.7777
246 18.826 24.044
486 19.6752 25.1735
787 20.2479 25.9354
829 20.6355 26.4512
902 20.9874 26.9195
221 21.3557 27.4095
824 21.7065 27.8763
549 22.0504 28.3339
65 22.3582 28.7434
254 22.6544 29.1377
284 23.3647 30.0826
915 24.2221 31.223
869 25.1699 32.4837
529 26.0735 33.6857
7 26.8499 34.7184
692 27.3602 35.3974
160 27.3602 35.3974
151 27.3602 35.3974
388 27.3602 35.3974
414 27.3602 35.3974
834 27.3602 35.3974
191 27.3602 35.3974
853 27.3602 35.3974
354 26.1709 35.939
403 24.911 36.5129
908 23.9177 36.9653
679 23.621 37.1003
664 23.3116 37.2411
663 22.9965 37.3845
32 22.7023 37.5185
700 22.4132 37.65
391 22.1383 37.7752
10 20.0384 36.76
476 18.7871 36.1551
990 17.3187 35.4452
612 16.0244 34.8195
794 13.1375 33.4239
899 13.1016 33.4066
661 13.0552 33.3841
474 13.0099 33.3622
943 12.9631 33.3396
455 12.9119 33.3149
205 12.9119 33.3149
602 12.9119 33.3149
985 12.7206 33.375
46 12.5359 33.4331
836 12.373 33.4843
121 12.2008 33.5384
331 11.9873 33.6055
963 11.8154 33.6596
258 11.7663 33.7231
4 11.7138 33.791
74 11.6639 33.8555
133 11.6139 33.9202
299 11.563 33.9861
898 11.5083 34.0569
514 11.4108 34.7769
86 11.3019 35.5812
125 11.1667 36.5807
958 11.034 37.5608
797 10.9017 38.5383
572 10.8851 38.6605
268 10.8522 38.9033
463 10.7727 39.4903
78 10.7007 40.0221
499 10.6269 40.5664
749 10.5604 41.0577
505 10.4979 41.5188
212 10.4419 41.9316
283 10.3862 42.3423
863 10.3303 42.755
534 10.2743 43.1681
228 10.219 43.5763
328 10.1628 43.9904
805 10.1028 44.4334
87 10.0455 44.8564
731 9.97915 45.3458
565 9.91275 45.836
758 9.89407 45.9735
148 9.87529 46.1119
336 9.85501 46.2613
677 9.83634 46.3988
330 9.82011 46.5182
373 9.80293 46.6448
57 9.78581 46.7709
909 9.76899 46.8948
312 9.75208 47.0192
157 9.73445 47.1492
116 9.71723 47.276
214 9.70068 47.3979
128 9.68525 47.5116
47 9.66934 47.6288
589 9.65345 47.7458
279 9.65087 47.7649
122 9.64816 47.7848
475 13.6799 48.3308
233 14.6307 48.4596
543 14.8475 48.489
938 14.9291 48.5
770 15.0058 48.5104
652 15.0903 48.5218
174 15.1801 48.534
341 15.2634 48.5453
616 15.3521 48.5573
841 15.4421 48.5695
352 15.5364 48.5822
972 15.6319 48.5952
496 15.7268 48.608
142 15.822 48.6209
858 15.9103 48.6329
723 15.9964 48.6445
949 16.078 48.6556
771 16.1594 48.6666
489 16.237 48.6771
384 16.3233 48.6888
154 16.7192 48.7424
123 17.1523 48.801
423 17.7226 48.8782
182 18.3586 48.9644
222 19.0363 49.0561
956 20.1365 49.2051
525 21.1756 49.3458
913 21.9908 49.4562
748 22.6557 49.5462
633 23.1411 49.6119
324 23.6379 49.6792
11 24.1292 49.7457
687 24.6062 49.8103
507 24.8761 49.8468
267 25.1563 49.8847
891 25.4047 49.9184
438 25.6152 49.9469
876 25.8425 49.9776
37 26.0392 50.0043
688 26.2506 50.0329
756 26.4568 50.0608
397 26.6553 50.0877
603 26.8692 50.1166
811 27.0633 50.1429
655 27.3348 50.2402
535 27.6611 50.3571
38 28.0046 50.4801
783 28.3484 50.6033
619 28.6682 50.7179
147 28.9862 50.8318
89 29.2871 50.9396
510 29.5703 51.041
929 29.8645 51.1464
269 30.1313 51.242
705 30.3944 51.3362
778 30.6918 51.4428
508 30.9713 51.5429
706 31.2607 51.6466
302 31.5473 51.7492
59 31.8423 51.8549
839 32.1686 51.9718
522 32.4794 52.0832
912 32.759 52.1833
180 33.0198 52.2768
413 33.2603 52.3629
545 33.521 52.4563
512 33.8138 52.5612
566 34.0282 52.638
49 34.2321 52.711
862 34.4448 52.7872
342 34.4946 52.8317
210 34.2035 54.7423
765 33.7923 57.4418
137 33.4824 59.4763
291 33.2239 61.1725
171 32.9991 62.6478
596 32.836 63.7177
640 32.6813 64.7326
56 32.4971 65.9419
552 32.3095 67.1725
144 32.1902 67.9555
493 32.1132 68.017
21 32.0362 68.0786
878 31.9593 68.1402
308 31.883 68.2012
359 31.8059 68.2628
365 31.7305 68.3232
54 31.6533 68.3849
788 31.571 68.4507
804 31.4933 68.5129
382 31.123 68.8094
175 30.7413 69.1149
604 30.3494 69.4287
872 29.9604 69.7402
99 29.5858 70.0401
730 29.2269 70.3274
189 28.8689 70.6139
104 28.7824 70.6777
404 27.5959 71.551
132 25.841 72.8425
58 23.9867 74.2071
124 23.8812 73.9107
454 23.771 73.6014
167 23.6568 73.2804
954 23.5107 72.8703
60 23.3502 72.4196
697 23.1608 71.8878
16 22.948 71.2903
645 22.6961 70.5832
443 22.6452 70.5467
888 22.5979 70.5126
333 22.5512 70.4791
574 22.5045 70.4454
41 22.456 70.4106
720 22.2315 70.2489
479 21.9958 70.0792
272 21.7722 69.9182
130 21.5521 69.7598
981 21.3262 69.5971
772 21.1183 69.4474
729 20.9032 69.2926
903 20.694 69.142
349 20.4967 69
451 20.3052 68.8621
691 20.1109 68.7222
524 20.1109 68.7222
329 20.1109 68.7222
846 20.1109 68.7222
327 20.1109 68.7222
901 20.1109 68.7222
971 20.1109 68.7222
587 20.1109 68.7222
114 20.1109 68.7222
965 20.1109 68.7222
79 20.1109 68.7222
957 20.1109 68.7222
599 20.1109 68.7222
733 20.1109 68.7222
658 20.1109 68.7222
789 20.1109 68.7222
591 20.1109 68.7222
184 19.9533 68.7004
735 19.8127 68.6809
390 19.6674 68.6607
571 19.4941 68.6367
600 19.2786 68.6068
168 19.0649 68.5772
220 18.849 68.5472
927 18.6368 68.5178
501 18.4171 68.4873
275 18.1303 68.4475
487 17.8464 68.4081
266 17.568 68.3695
526 17.2481 68.3251
825 16.8912 68.2756
361 16.5336 68.226
701 16.1716 68.1758
321 15.7746 68.1208
503 15.5057 67.6424
255 15.2332 67.1576
665 15.1174 66.9513
81 15.0061 66.7533
502 14.8961 66.5575
97 14.7841 66.3581
119 14.6718 66.1582
3 14.5587 65.957
680 14.4479 65.7597
326 14.3359 65.5603
739 14.117 65.1708
162 13.8972 64.7797
764 13.6648 64.3661
897 13.438 63.9626
34 13.2067 63.551
630 12.9627 63.1169
303 12.7106 62.6683
234 12.5182 62.3259
698 12.3392 62.0074
422 12.1804 62.0163
427 11.9895 62.0271
100 11.8289 62.0362
936 11.6723 62.045
527 11.5108 62.0541
347 11.3722 62.0619
760 11.2522 62.0687
925 11.1283 62.0757
376 11.0086 62.0825
747 10.8859 62.0894
531 10.7605 62.0965
708 10.642 62.1032
166 10.5322 62.1094
338 10.4304 62.1151
218 10.3222 62.1212
939 10.2139 62.1273
717 10.1141 62.133
381 10.016 62.1385
542 9.93456 62.1431
849 9.82675 62.1492
196 9.98738 63.7842
298 10.1814 65.7591
966 10.2121 66.0719
371 10.2418 66.3734
948 10.272 66.6807
734 10.3007 66.9726
398 10.3299 67.2697
131 10.3583 67.5582
784 10.3889 67.8694
445 10.4226 68.2124
639 10.4548 68.5397
799 10.4833 68.8295
686 10.5134 69.1362
14 10.5425 69.4314
77 10.5723 69.7347
224 10.6053 70.0702
946 10.6342 70.365
339 10.6427 70.4512
601 10.6502 70.527
703 10.6651 70.6783
879 10.6817 70.8472
192 10.6983 71.0165
924 10.7162 71.1987
113 10.7341 71.3805
411 10.7512 71.5546
429 10.7697 71.7426
500 10.7877 71.926
482 10.8052 72.1041
860 10.8237 72.2925
694 10.841 72.4684
277 10.8588 72.6493
970 10.8772 72.8361
607 10.8967 73.0339
219 10.9166 73.237
400 10.9382 73.456
635 10.9593 73.6714
950 10.9448 74.1755
517 10.9297 74.7018
325 10.911 75.3533
93 10.8941 75.9392
31 10.8854 76.244
457 10.877 76.54
944 10.8685 76.8351
955 10.8607 77.1104
736 10.853 77.3786
667 10.847 77.5885
719 10.8392 77.8615
718 10.8324 78.1023
401 10.8262 78.3191
637 10.8216 78.4822
300 10.8177 78.62
207 10.8177 78.62
905 10.954 78.8516
546 11.0896 79.0819
436 11.2253 79.3124
830 11.3605 79.5421
90 11.5033 79.7848
203 11.6618 80.054
169 11.8221 80.3263
780 11.9854 80.6037
991 12.1473 80.8788
556 12.3199 81.172
796 12.5064 81.4888
757 12.6938 81.8073
551 12.6164 81.9745
346 12.5378 82.1442
726 12.4569 82.319
75 12.3638 82.5199
426 12.2784 82.7043
433 12.1972 82.8798
560 12.1156 83.056
657 12.0311 83.2384
886 11.9357 83.4446
199 11.8326 83.6672
803 11.7423 83.8622
240 11.6587 84.0428
615 11.5744 84.2247
759 11.4896 84.4078
554 11.406 84.5885
263 11.3219 84.7701
178 11.2432 84.9399
728 11.1642 85.1107
444 11.0777 85.2975
570 10.9924 85.4815
374 10.9074 85.665
48 10.814 85.8668
982 10.7171 86.0762
678 10.6203 86.2852
792 10.5341 86.4714
364 10.4483 86.6567
547 10.3637 86.8395
969 10.2809 87.0181
953 10.2022 87.1882
914 10.1261 87.3525
693 10.0521 87.5123
17 9.97925 87.6696
447 9.9048 87.8303
699 9.83299 87.9854
301 9.75876 88.1457
399 9.68643 88.3019
568 9.60896 88.4692
236 9.53279 88.6337
213 9.45693 88.7976
585 9.45693 88.7976
827 9.45693 88.7976
405 9.45693 88.7976
138 9.45693 88.7976
890 9.45693 88.7976
88 9.47065 88.8976
469 9.48477 89.0006
988 9.50247 89.1296
15 10.665 89.1171
380 10.8019 89.1156
973 10.9548 89.1139
106 11.0948 89.1124
628 11.2482 89.1107
39 11.4004 89.1091
815 11.5745 89.1072
435 11.7407 89.1054
442 11.9594 89.103
776 12.1662 89.1008
868 12.3451 89.0988
495 12.6455 89.0956
651 12.9308 89.0925
933 13.1356 89.0903
446 13.3278 89.0882
1 13.5306 89.086
200 13.7453 89.0836
50 13.985 89.081
750 14.1958 89.0787
13 14.445 89.076
593 14.6833 89.0734
153 14.8634 89.0715
316 15.073 89.0692
712 15.2924 89.0668
711 15.4927 89.0647
753 15.732 89.0621
247 15.9511 89.0597
95 16.1835 89.0571
892 16.4241 89.0545
916 16.712 89.0514
108 16.9845 89.0484
304 17.4079 89.0438
462 17.9067 89.0384
608 18.4221 89.0328
115 18.8658 89.028
386 19.3278 89.023
610 19.8974 89.0168
441 20.3685 89.0117
631 20.8251 89.0068
714 20.9877 89.005
521 21.1519 89.0032
768 21.3137 89.0015
885 21.4699 88.9998
672 21.6306 88.998
833 21.7647 88.9966
761 21.9062 88.995
244 22.0393 88.9936
428 22.1871 88.992
249 22.3228 88.9905
557 22.4608 88.989
491 22.6179 88.9873
44 22.7722 88.9856
418 22.9258 88.984
368 23.0744 88.9824
695 23.2243 88.9807
288 23.3819 88.979
430 23.5419 88.9773
424 23.6891 88.9757
431 23.838 88.9741
456 23.9962 88.9724
231 24.1627 88.9706
360 24.2969 88.9691
183 24.4465 88.9675
306 24.6052 88.9658
409 24.7575 88.9641
227 24.9034 88.9625
871 25.4621 88.9565
20 26.1624 88.9489
73 26.7204 88.9428
696 27.259 88.9369
918 27.832 88.9307
548 28.3849 88.9247
241 28.8122 88.9201
611 29.1162 88.9168
120 29.4563 88.9131
752 29.8036 88.9093
150 29.9347 88.9079
172 30.0717 88.9064
141 30.2012 88.905
92 30.3367 88.9035
437 30.4723 88.9021
253 30.5952 88.9007
795 30.7269 88.8993
271 30.8586 88.8979
36 30.9814 88.8966
96 31.117 88.8951
960 31.2544 88.8936
28 31.3886 88.8921
309 31.5373 88.8905
181 31.673 88.8891
139 31.673 88.8891
808 32.3648 87.4292
252 33.1459 85.7811
976 33.7105 84.5897
256 33.7227 84.5639
806 33.7357 84.5364
296 33.7485 84.5092
215 33.7619 84.481
292 33.7748 84.4537
919 33.7875 84.4269
840 33.8009 84.3986
490 33.8131 84.3728
226 33.8269 84.3437
859 33.8386 84.319
540 33.8541 84.2862
662 33.8541 84.2862
550 33.8541 84.2862
537 33.8574 84.288
230 34.0004 84.3682
773 34.1355 84.4439
223 34.2729 84.5209
564 34.4152 84.6006
578 34.5349 84.6677
2 34.9784 84.9163
270 35.442 85.1762
689 35.9289 85.4492
416 36.5814 85.8151
76 37.2283 86.1778
539 38.3346 86.7984
22 39.3946 87.393
974 40.4429 87.981
786 40.4429 87.981
638 40.5143 87.9949
129 40.5814 88.008
613 40.6492 88.0212
206 40.7179 88.0346
448 40.7882 88.0483
470 40.859 88.0622
449 40.9276 88.0755
5 40.9969 88.0891
392 40.9969 88.0891
707 40.997 88.0891
569 40.997 88.0891
877 40.997 88.0891
72 40.997 88.0891
265 40.997 88.0891
375 41.5844 88.1826
738 42.1485 88.2724
763 42.7239 88.364
559 43.294 88.4547
165 43.8266 88.5396
866 44.3517 88.6232
713 44.8664 88.7052
239 45.3773 88.7865
874 45.8912 88.8684
415 46.3952 88.9486
62 46.8784 89.0256
754 47.3443 89.0998
952 47.7939 89.1714
434 48.2358 89.2418
23 48.592 89.2986
532 48.8164 89.3344
856 49.0348 89.3693
766 49.0348 89.3693
408 49.0446 89.3403
814 49.0538 89.3129
193 49.0632 89.2849
636 49.0719 89.2592
895 49.0805 89.2337
344 49.087 89.2144
343 49.0958 89.1883
516 49.1046 89.1622
541 49.1132 89.1367
367 49.1233 89.1067
536 49.1329 89.0784
156 49.1421 89.0509
774 49.1518 89.0222
851 49.1617 88.9929
816 49.1713 88.9645
40 49.1801 88.9382
882 49.1884 88.9137
105 49.1975 88.8868
659 49.2074 88.8573
389 49.2159 88.8322
53 49.2257 88.8032
690 49.3669 88.3842
921 49.5062 87.9713
940 49.5241 87.918
248 49.5418 87.8656
335 49.5585 87.8161
319 49.5745 87.7686
802 49.5916 87.7178
140 49.6071 87.6718
82 49.622 87.6276
961 49.6352 87.5886
511 49.6638 87.5037
313 49.6966 87.4062
618 49.7282 87.3125
624 49.7591 87.2211
746 49.8069 87.0791
12 49.8603 86.9207
561 49.9059 86.7856
320 49.9505 86.6532
947 49.9977 86.5134
294 50.0459 86.3704
513 50.0927 86.2314
807 50.108 86.1863
800 50.1241 86.1384
563 50.1387 86.095
259 50.1529 86.053
369 50.1679 86.0085
582 50.1831 85.9634
931 50.1831 85.9634
880 49.4826 85.8234
887 48.7569 85.6784
861 47.9655 85.5202
245 47.1396 85.3551
146 46.2662 85.1805
394 46.5481 83.802
894 46.8852 82.1532
305 47.0541 81.3277
530 47.2855 80.1967
855 47.5239 79.031
986 47.5975 78.6716
134 47.667 78.3323
80 47.7329 78.0109
649 47.7938 77.7137
826 47.8606 77.3877
782 47.9274 77.0618
126 47.9934 76.7395
910 48.0606 76.4116
225 48.0885 76.2754
632 48.1155 76.1437
755 48.1422 76.0134
857 48.1702 75.8769
724 48.1981 75.7413
163 48.2258 75.6057
562 48.2502 75.4869
715 48.2768 75.3572
614 48.2768 75.3572
350 48.2768 75.3572
676 48.2768 75.3572
91 48.2768 75.3572
558 48.2768 75.3572
208 48.2768 75.3572
216 48.2768 75.3572
410 48.3398 75.4124
671 49.4855 76.415
509 50.1978 77.0384
769 50.3069 77.1339
523 50.4126 77.2264
94 50.7507 77.5223
617 51.0789 77.8096
642 51.7774 78.4209
109 52.4734 79.03
280 53.3854 79.8282
179 54.2581 80.592
406 55.1467 81.3697
229 56.1377 82.237
18 57.1662 83.1371
460 58.0468 83.9078
177 59.279 84.9862
817 60.1432 85.7426
992 60.3754 85.9458
567 60.5819 86.1266
980 60.7854 86.3047
202 60.9983 86.4909
185 61.2092 86.6755
896 61.3992 86.8418
273 61.5863 87.0056
52 61.7658 87.1627
737 61.9147 87.293
911 62.0667 87.426
584 62.4793 87.445
620 62.9547 87.4669
801 63.392 87.487
481 63.8005 87.5058
937 64.1831 87.5234
285 64.5495 87.5403
378 64.9156 87.5571
317 65.2794 87.5738
118 65.6513 87.5909
845 66.0562 87.6095
297 66.473 87.6287
42 66.8908 87.6479
622 67.3116 87.6673
575 67.7422 87.6871
984 68.2696 87.7114
158 68.8253 87.737
464 69.397 87.7634
544 70.0001 87.7912
465 70.6258 87.8201
823 71.2512 87.8489
893 71.8754 87.8778
353 72.3354 87.8989
477 72.8027 87.9204
159 73.3278 87.9447
666 73.8647 87.9694
149 74.4055 87.9943
580 75.2457 88.0332
135 76.081 88.0718
145 76.3165 88.0825
318 76.5624 88.0938
417 76.8455 88.1068
775 77.1308 88.1199
813 77.4294 88.1336
494 77.7336 88.1476
864 78.0381 88.1616
820 78.3497 88.1759
983 78.6549 88.1899
818 78.6549 88.1899
854 78.6549 88.1899
251 78.6549 88.1899
928 81.1767 88.2131
332 86.017 82.0493
450 86.017 82.0493
473 86.017 82.0493
648 86.017 82.0493
311 86.017 82.0493
372 86.017 82.0493
25 85.8108 81.9198
528 85.5572 81.7607
740 85.3457 81.6279
889 85.149 81.5045
742 84.8565 81.3209
685 84.6058 81.1636
322 84.2641 80.9491
660 83.7583 80.6317
204 82.4289 79.7974
725 81.0107 78.9074
315 68.3733 70.9788
71 68.3733 70.9788
654 68.3733 70.9788
962 68.3733 70.9788
579 68.3733 70.9788
83 68.3733 70.9788
395 68.3733 70.9788
340 66.7472 69.4176
468 65.1136 67.8494
968 64.3021 67.071
51 64.1946 66.968
440 64.0815 66.8596
393 63.97 66.7528
173 63.8575 66.645
67 63.7448 66.537
68 63.6308 66.4277
595 63.5156 66.3174
9 63.3975 66.2042
432 63.2801 66.0917
832 63.1642 65.9805
904 63.0409 65.8624
647 62.9137 65.7405
727 62.7862 65.6183
577 62.6521 65.4898
810 62.5826 65.4232
964 62.5139 65.3574
791 62.4456 65.2919
625 62.3808 65.2299
605 62.3172 65.1689
188 62.2523 65.1068
238 62.2523 65.1068
538 62.2523 65.1068
987 62.2523 65.1068
743 62.2523 65.1068
420 62.5205 65.0659
478 62.7604 65.0293
293 62.9922 64.9939
286 63.2312 64.9575
942 63.5221 64.9131
852 63.7968 64.8712
847 63.9897 64.8418
201 64.1926 64.8108
907 64.2609 64.8004
152 64.3375 64.7887
190 64.4069 64.7781
515 64.4754 64.7677
290 64.5491 64.7564
668 64.6174 64.746
762 64.6866 64.7355
112 64.7601 64.7242
744 64.8773 64.7064
837 66.52 63.7623
867 69.2054 62.2189
198 73.3977 59.8091
70 73.3977 59.8091
553 73.5118 59.7739
583 73.6223 59.7398
767 73.7274 59.7074
650 73.8387 59.6731
334 73.959 59.636
485 74.0689 59.6021
656 74.6431 59.4249
932 75.259 59.2349
967 75.756 59.0816
900 76.1948 58.9463
977 76.9942 58.6997
838 77.6413 58.5001
941 78.1661 58.3382
170 78.8146 58.1382
975 78.8146 58.1382
506 78.8904 58.0693
136 78.9622 58.0041
387 79.0237 57.9483
242 79.0842 57.8933
110 79.1404 57.8423
385 79.2088 57.7802
383 79.9066 57.1465
684 81.1657 56.0032
884 82.4286 54.8564
107 83.3939 53.9799
951 84.1624 53.282
497 84.9004 52.6118
33 85.3453 41.2383
590 85.4951 37.3974
98 85.614 34.3454
520 85.6898 32.3979
835 85.7778 30.1386
243 86.2084 19.1319
260 86.2684 17.5916
979 86.2684 17.5916
483 86.2684 17.5916
345 85.6401 17.8328
627 84.873 18.1274
