0,176,721,24,504,777,103,55,819,27,581,295,598,959,831,6,45,821,555,865,781,217,358,43,355,828,751,785,844,681,66,978,875,155,906,63,356,197,492,870,188,798,69,370,137,597,281,968,484,171,715,617,839,186,498,912,576,743,732,765,54,365,291,472,533,558,945,596,986,632,855,404,163,134,359,21,80,294,724,292,903,591,571,141,308,56,459,919,513,144,225,614,216,779,189,523,894,791,84,235,280,857,921,976,910,847,208,880,940,315,112,851,636,140,575,530,129,193,305,561,245,94,755,82,562,800,270,564,947,689,350,540,807,662,215,252,231,449,866,179,814,72,539,53,105,548,320,437,649,241,73,418,296,761,448,631,20,206,22,306,309,96,808,470,146,394,416,840,92,172,872,368,167,424,773,490,88,501,695,333,918,946,608,487,886,697,757,16,888,537,327,658,638,223,2,806,730,124,454,604,99,256,41,58,578,60,479,574,635,132,361,965,552,924,443,266,954,226,551,726,168,600,825,329,846,780,113,374,131,346,400,879,272,950,500,429,326,789,971,878,729,705,545,688,981,720,601,645,587,603,34,507,927,703,451,349,79,733,908,735,324,788,510,640,756,391,233,956,422,398,390,599,901,957,81,100,760,805,303,764,382,162,114,219,630,677,411,502,130,739,196,192,275,482,747,234,255,691,565,897,336,376,936,166,925,218,652,858,59,182,542,352,505,772,534,496,758,438,142,633,476,279,663,38,770,222,698,373,655,475,771,228,985,869,797,543,723,388,508,811,525,397,486,151,612,403,37,32,148,535,78,11,414,949,790,679,160,269,687,913,619,706,529,922,748,30,891,493,522,49,938,929,809,410,461,413,302,471,267,778,147,804,175,104,452,342,683,923,237,843,101,621,876,264,210,127,512,89,783,180,276,194,848,834,257,935,421,716,19,467,862,261,250,586,549,989,566,917,7,480,664,692,379,853,824,709,278,284,221,626,307,787,191,209,164,934,289,873,419,351,883,704,653,287,310,822,111,337,518,26,669,573,407,363,64,246,205,836,902,362,211,943,121,899,65,474,602,643,366,348,702,915,254,439,354,646,812,455,488,881,8,629,722,741,268,674,588,61,641,661,682,258,794,86,898,963,133,74,4,412,187,958,514,616,384,299,331,572,710,673,402,829,909,749,330,125,10,700,423,87,128,841,463,157,174,328,283,46,863,990,212,312,499,47,489,123,154,527,341,972,731,57,708,116,589,939,531,122,849,214,298,784,966,717,77,556,667,694,970,381,347,14,524,3,119,503,686,338,830,799,607,680,371,639,665,427,657,796,860,517,628,399,570,436,445,426,75,944,728,203,991,457,734,207,277,890,526,916,360,469,560,444,431,220,339,955,108,321,97,95,701,93,546,615,90,554,300,224,892,31,699,792,953,446,304,759,948,433,50,753,637,495,153,568,263,178,401,803,447,693,169,386,462,325,249,982,718,969,240,905,719,711,213,301,585,678,106,988,405,750,1,138,200,827,973,435,380,199,547,696,593,712,48,736,39,868,776,364,236,227,247,115,815,183,914,651,288,17,15,76,184,859,442,13,316,557,244,885,871,933,550,150,795,253,428,36,44,833,120,28,521,672,786,714,430,611,768,613,409,491,441,610,960,392,707,230,265,752,456,569,738,766,375,559,181,874,5,139,974,541,165,271,980,532,877,156,343,763,746,536,713,313,126,367,259,882,961,584,185,434,952,23,826,642,319,415,202,690,782,816,118,861,618,395,335,931,801,229,406,248,91,659,408,818,845,904,481,477,317,887,12,620,754,671,62,42,297,389,911,624,239,516,774,856,896,511,177,273,817,984,40,344,737,622,464,353,992,251,983,544,145,318,52,820,864,580,135,494,149,893,159,742,666,813,854,823,567,285,158,322,928,889,473,290,775,417,83,71,725,740,648,372,204,311,685,660,25,450,334,852,977,332,528,385,107,884,198,170,838,497,242,506,195,932,951,920,609,232,684,835,606,592,670,136,553,425,967,466,102,387,420,538,201,68,941,583,440,509,625,727,850,900,383,647,867,962,579,515,51,744,654,975,937,837,465,378,832,110,9,432,605,987,18,895,109,582,563,369,802,668,676,453,161,762,964,282,468,460,769,393,190,656,340,478,650,35,152,67,942,907,595,810,485,286,767,238,173,675,396,577,262,623,793,926,117,293,519,85,70,143,458,357,377,842,634,314,29,930,594,644,323,274,33,745,590,520,98,345,243,979,627,483,260,
value : 595.848 running time : 32.523108
0 80 20
176 73.4875 17.5529
721 72.1154 17.0372
24 70.8392 16.5577
504 69.6341 16.1049
777 68.3717 15.6305
103 67.4129 15.2702
55 63.3631 22.6365
819 62.8446 23.5794
27 62.2995 24.5711
581 61.9981 25.1192
295 61.6401 25.7705
598 61.2438 26.4913
959 60.7411 27.4056
831 60.2039 28.3828
6 59.6697 29.3545
45 59.118 30.3579
821 58.6754 31.1631
555 58.2161 31.9986
865 57.7333 32.8767
781 57.2939 33.676
217 56.7874 34.5973
358 56.4136 35.2772
43 56.0162 36
355 55.6534 36.6599
828 55.2887 37.3233
751 54.8867 38.0544
785 54.4486 38.8514
844 53.9393 39.7777
681 53.4955 40.585
66 52.9592 41.5605
978 52.4431 42.4993
875 51.9041 43.4797
155 51.3788 44.4352
906 50.9525 45.2106
63 50.4822 46.066
356 49.9831 46.9738
197 49.5457 47.7695
492 48.9522 48.8491
870 48.3975 49.8581
188 47.4996 51.4913
798 46.6258 53.0807
69 45.9959 54.2263
370 44.5594 56.8393
137 43.2524 59.2166
597 43.2572 59.2191
281 43.2615 59.2212
968 43.2657 59.2234
484 43.2695 59.2253
171 43.2732 59.2272
715 43.2771 59.2292
617 43.2811 59.2312
839 43.2811 59.2312
186 43.2811 59.2312
498 43.2811 59.2312
912 43.2811 59.2312
576 43.2811 59.2312
743 43.2811 59.2312
732 43.2811 59.2312
765 43.2811 59.2312
54 43.2811 59.2312
365 43.2811 59.2312
291 43.2811 59.2312
472 43.2811 59.2312
533 43.1925 59.6875
558 43.1118 60.1038
945 43.04 60.4736
596 42.4284 63.626
986 41.9717 65.9804
632 41.694 67.4118
855 41.345 67.6827
404 40.9219 68.0111
163 40.5518 68.2984
134 40.1849 68.5832
359 39.7769 68.8999
21 39.4252 69.1729
80 39.0903 69.4328
294 38.751 69.6962
724 38.4265 69.9481
292 38.0989 70.2024
903 38.0989 70.2024
591 38.2957 71.7122
571 38.5089 73.3478
141 38.8789 76.1858
308 39.3538 76.0872
56 39.9 75.9739
459 40.439 75.8621
919 40.8735 75.772
513 42.0272 75.5326
144 42.9939 75.3321
225 43.9555 75.1326
614 44.9434 74.9276
216 46.2724 74.6519
779 46.4196 74.6214
189 46.5614 74.592
523 47.307 74.4373
894 48.0903 74.2748
791 48.9416 74.0981
84 48.9843 74.145
235 49.0253 74.1902
280 49.0737 74.2433
857 49.1133 74.2869
921 49.1537 74.3314
976 49.1888 74.37
910 49.2265 74.4113
847 49.2796 74.4697
208 48.9926 75.075
880 48.5729 75.9604
940 48.2414 76.6597
315 47.963 77.2469
112 47.5976 78.0178
851 46.888 79.5147
636 46.888 79.5147
140 46.888 79.5147
575 46.888 79.5147
530 46.5845 79.7146
129 46.297 79.9039
193 46.1125 80.0254
305 45.9227 80.1504
561 45.7565 80.2598
245 45.6017 80.3618
94 45.447 80.4637
755 45.2576 80.5884
82 45.0778 80.7068
562 44.9105 80.817
800 44.7517 80.9216
270 44.0067 81.4123
564 43.4074 81.807
947 42.7927 82.2118
689 42.0708 82.6872
350 41.982 82.9846
540 41.8863 83.3056
807 41.7819 83.6556
662 41.6852 83.9797
215 41.5659 84.3794
252 41.4499 84.7682
231 41.2991 85.2737
449 41.1681 85.7128
866 41.0584 86.0805
179 40.9691 86.38
814 40.8494 86.7813
72 40.726 87.1948
539 40.6156 87.5649
53 40.4956 87.967
105 40.3838 88.3417
548 39.613 88.3039
320 38.917 88.2696
437 37.9853 88.2239
649 37.0459 88.1777
241 36.1172 88.1321
73 35.1423 88.0842
418 34.2408 88.0399
296 33.5412 88.0055
761 32.8898 87.9735
448 32.3319 87.946
631 31.6292 87.9115
20 31.6292 87.9115
206 31.6292 87.9115
22 31.6042 87.9099
306 31.5787 87.9083
309 31.4062 87.6553
96 31.1935 87.3435
808 30.9896 87.0445
470 30.7722 86.7257
146 30.5457 86.3934
394 30.3018 86.0356
416 30.0554 85.6744
840 29.7338 85.2026
92 29.4277 84.7537
172 29.0893 84.2574
872 28.6709 83.6437
368 28.2902 83.0853
167 27.8816 82.4861
424 27.4707 81.8835
773 27.0724 81.2993
490 26.6188 80.634
88 26.1439 79.9374
501 25.7199 79.3155
695 25.6865 79.2666
333 25.6516 79.2153
918 25.6194 79.1682
946 25.5754 79.1035
608 25.5387 79.0497
487 25.5007 78.994
886 25.4676 78.9454
697 25.4338 78.8959
757 25.3993 78.8453
16 25.3639 78.7934
888 25.3274 78.7398
537 25.2929 78.6892
327 25.2577 78.6375
658 25.2234 78.5873
638 25.1924 78.5417
223 25.1549 78.4868
2 25.1194 78.4347
806 25.0831 78.3815
730 25.0451 78.3257
124 25.0112 78.2759
454 24.9754 78.2234
604 24.9385 78.1694
99 24.9022 78.1161
256 24.8717 78.0713
41 24.8298 78.0098
58 24.7889 77.9499
578 24.7461 77.8871
60 24.7041 77.8255
479 24.6574 77.757
574 24.6165 77.697
635 24.5741 77.6349
132 24.5272 77.566
361 24.5272 77.566
965 24.5272 77.566
552 24.5272 77.566
924 24.5272 77.566
443 24.5272 77.566
266 24.5272 77.566
954 24.5272 77.566
226 24.5272 77.566
551 24.0075 76.9527
726 23.5551 76.4187
168 23.1217 75.907
600 22.6848 75.3913
825 22.2662 74.8972
329 21.8081 74.3565
846 21.5522 74.0544
780 21.3318 73.7942
113 21.1031 73.5243
374 20.875 73.2549
131 21.2366 70.5304
346 21.2366 70.5304
400 21.282 70.3558
879 21.3285 70.1768
272 21.3758 69.9944
950 21.4208 69.8213
500 21.4687 69.6368
429 21.5156 69.4561
326 21.5622 69.2768
789 21.613 69.0814
971 21.6635 68.8868
878 21.711 68.704
729 21.8552 65.7862
705 21.9461 63.9475
545 22.0152 62.551
688 22.0632 61.582
981 22.0707 61.4306
720 22.0784 61.2742
601 22.0864 61.1132
645 22.0954 60.9319
587 22.1042 60.7536
603 22.1145 60.5464
34 21.9571 60.5341
507 21.8122 60.5229
927 21.6625 60.5112
703 21.5067 60.4991
451 21.3785 60.4892
349 21.2438 60.4787
79 21.1059 60.468
733 20.967 60.4572
908 20.8276 60.4464
735 20.67 60.4341
324 20.5125 60.4219
788 20.3571 60.4098
510 20.1922 60.397
640 20.0297 60.3843
756 19.8622 60.3713
391 19.6769 60.3569
233 19.5018 60.3433
956 19.3229 60.3294
422 19.145 60.3156
398 18.962 60.3013
390 18.7984 60.2886
599 18.483 60.2641
901 18.1448 60.2378
957 17.7813 60.2095
81 17.2636 60.1693
100 16.7704 60.131
760 16.6076 60.1183
805 16.4514 60.1062
303 16.3049 60.0948
764 16.1876 60.0856
382 16.0733 60.0768
162 15.9054 60.0637
114 15.7469 60.0514
219 15.5897 60.0392
630 15.4591 60.029
677 15.3216 60.0183
411 15.1956 60.0085
502 15.049 59.9971
130 14.9072 59.9861
739 14.7622 59.9748
196 14.6178 59.9636
192 14.4752 59.9525
275 14.3454 59.9424
482 14.1709 59.9289
747 13.9915 59.9149
234 13.8137 59.9011
255 13.6547 59.8887
691 13.8089 59.4017
565 13.9442 58.9745
897 14.0736 58.5659
336 14.2081 58.1409
376 14.327 57.7657
936 14.4727 57.3055
166 14.5968 56.9135
925 14.7702 56.366
218 14.9949 55.6561
652 15.2508 54.8479
858 15.4197 54.3147
59 15.5796 53.8097
182 15.7464 53.2827
542 15.9063 52.7778
352 16.0703 52.2597
505 16.2318 51.7499
772 16.3861 51.2625
534 16.6387 50.4648
496 16.8644 49.7519
758 17.0819 49.0649
438 17.3076 48.3521
142 17.4838 47.7957
633 17.6718 47.202
476 17.8761 46.5566
279 18.0565 45.9868
663 18.2791 45.284
38 18.4956 44.6003
770 18.5482 44.4342
222 18.6029 44.2611
698 18.6629 44.0718
373 18.7238 43.8795
655 18.7986 43.6431
475 18.8667 43.4283
771 18.9336 43.2171
228 19.0055 42.9899
985 19.0815 42.7498
869 20.5634 42.3497
797 20.9767 42.2382
543 21.4511 42.1101
723 21.893 41.9908
388 22.3507 41.8672
508 22.7727 41.7533
811 23.1609 41.6485
525 23.5019 41.5565
397 23.8618 41.4593
486 24.2467 41.3554
151 24.6197 41.2547
612 24.952 41.165
403 25.2852 41.075
37 25.6469 40.9774
32 25.9962 40.8831
148 26.3606 40.7847
535 26.7602 40.6769
78 27.1295 40.5772
11 27.5563 40.462
414 27.9609 40.3527
949 28.323 40.255
790 29.4844 39.9415
679 29.834 39.8471
160 30.2025 39.7476
269 30.4416 41.3452
687 30.5729 42.2223
913 30.7135 43.162
619 30.8317 43.9517
706 30.9455 44.7123
529 31.059 45.4711
922 31.2842 46.9753
748 31.3856 47.6529
30 31.5027 48.4355
891 31.5027 48.4355
493 31.5027 48.4355
522 31.5027 48.4355
49 31.5027 48.4355
938 31.5027 48.4355
929 34.3313 50.8193
809 36.4135 52.5741
410 37.9996 53.9107
461 38 53.8888
413 38.0004 53.8671
302 38.0008 53.8485
471 38.0011 53.8311
267 38.0015 53.8114
778 38.0019 53.7903
147 38.0023 53.7704
804 38.0027 53.7522
175 38.0031 53.7315
104 38.0036 53.7079
452 38.0041 53.6812
342 38.0045 53.6625
683 38.0048 53.6455
923 38.0171 53.0233
237 38.0305 52.3438
843 38.0438 51.6702
101 38.0507 51.3224
621 38.0589 50.9074
876 38.0682 50.4359
264 38.0759 50.0424
210 38.0906 49.2989
127 38.1051 48.5663
512 38.1212 47.7513
89 38.1354 47.0291
783 38.1547 46.052
180 38.1717 45.1947
276 38.1901 44.2607
194 38.209 43.3034
848 38.2292 42.281
834 38.2546 40.9927
257 38.2648 40.4777
935 38.2746 39.9797
421 38.2843 39.4928
716 38.293 39.0496
19 38.3506 36.142
467 38.2722 35.5745
862 38.2021 35.0677
261 38.1161 34.4454
250 38.0414 33.9052
586 37.9725 33.407
549 37.9079 32.9396
989 37.9038 32.8997
566 37.8996 32.8601
917 37.8952 32.8176
7 37.8907 32.7747
480 37.8864 32.7327
664 37.8821 32.6919
692 37.7875 31.7837
379 37.6688 30.6449
853 37.5687 29.6851
824 37.4454 28.502
709 37.3545 27.6296
278 37.2753 26.8699
284 37.1802 25.9571
221 37.3576 25.7739
626 37.602 25.5214
307 37.8271 25.2889
787 38.072 25.036
191 38.3421 24.757
209 38.653 24.4359
164 38.8803 24.2011
934 39.0438 24.0322
289 39.2213 23.8489
873 39.4103 23.6537
419 39.1799 22.9189
351 38.3425 20.2484
883 38.2212 19.8617
704 38.0912 19.4473
653 37.9679 19.0539
287 37.8352 18.6309
310 37.7189 18.2599
822 37.6044 17.8947
111 37.4763 17.4864
337 37.3452 17.0681
518 37.2024 16.6129
26 35.7765 17.1849
669 34.3768 17.7463
573 33.2412 18.2019
407 32.0115 18.6951
363 30.2429 19.4045
64 27.5101 20.5007
246 24.567 21.6813
205 20.4848 23.3187
836 18.9706 23.3981
902 17.621 23.4688
362 16.017 23.5528
211 16.017 23.5528
943 16.017 23.5528
121 16.017 23.5528
899 16.017 23.5528
65 16.017 23.5528
474 15.8681 23.3377
602 15.7347 23.1449
643 15.5839 22.927
366 15.4302 22.705
348 15.2883 22.4999
702 15.1683 22.3266
915 15.0385 22.139
254 14.8844 21.9164
439 14.7391 21.7064
354 14.5835 21.4816
646 12.069 17.8488
812 10.8654 16.1098
455 10.8654 16.1098
488 10.8654 16.1098
881 10.8656 16.1273
8 10.8659 16.1468
629 10.8709 16.605
722 10.8763 17.1023
741 10.8841 17.8312
268 10.8918 18.5506
674 10.898 19.1141
588 10.9045 19.7112
61 10.9111 20.3162
641 10.9185 20.9993
661 10.9253 21.6244
682 10.9318 22.2223
258 10.9391 22.9005
794 10.9465 23.5781
86 10.9532 24.1923
898 10.9536 24.2347
963 10.9541 24.2736
133 10.9545 24.316
74 10.955 24.3557
4 10.9554 24.3955
412 10.9558 24.4329
187 10.9563 24.4756
958 11.0058 29.019
514 11.0146 29.8262
616 11.0237 30.6647
384 11.0275 31.0094
299 11.0303 31.2675
331 11.0337 31.5776
572 11.0377 31.9415
710 11.0415 32.297
673 11.0454 32.6464
402 11.0496 33.0349
829 11.0621 34.1796
909 11.0984 37.509
749 11.1052 38.1344
330 11.11 38.5727
125 11.1149 39.0191
10 11.12 39.49
700 11.1252 39.9664
423 11.1305 40.4496
87 11.1355 40.9066
128 11.1413 41.4392
841 11.1464 41.9
463 11.1509 42.3168
157 11.1553 42.7164
174 11.1583 42.988
328 11.1609 43.231
283 11.1644 43.5506
46 11.1681 43.8886
863 11.1718 44.2225
990 11.1754 44.5596
212 11.179 44.8885
312 11.1827 45.2224
499 11.1862 45.5472
47 11.1951 46.3626
489 11.2025 47.0328
123 11.2093 47.6565
154 11.2169 48.3595
527 11.2247 49.0697
341 11.2313 49.6714
972 11.2383 50.317
731 11.2444 50.8709
57 11.252 51.5713
708 11.2596 52.2624
116 11.2665 52.8982
589 11.3056 56.4804
939 11.3361 59.2756
531 11.3361 59.2756
122 11.3361 59.2756
849 11.3416 59.4508
214 11.3862 60.8854
298 11.5716 66.8425
784 11.5758 66.9782
966 11.5804 67.126
717 11.5848 67.2676
77 11.5893 67.4103
556 11.594 67.564
667 11.5981 67.6941
694 11.6021 67.8225
970 11.606 67.9485
381 11.6102 68.0845
347 11.6141 68.2103
14 11.6309 68.7508
524 11.6468 69.2621
3 11.6644 69.827
119 11.6831 70.4267
503 11.7018 71.0272
686 11.7206 71.6306
338 11.7396 72.2419
830 11.7611 72.9288
799 11.764 73.0229
607 11.7673 73.1309
680 11.7707 73.2401
371 11.7744 73.3581
639 11.7786 73.493
665 11.7824 73.6158
427 11.7864 73.745
657 11.7905 73.8772
796 11.7945 74.0061
860 11.7985 74.1358
517 11.8025 74.2649
628 11.8073 74.4168
399 11.8091 74.4778
570 11.811 74.5386
436 11.8129 74.5971
445 11.8146 74.654
426 11.8166 74.7186
75 11.8184 74.7773
944 11.8201 74.8308
728 11.8201 74.8308
203 11.8201 74.8308
991 11.8201 74.8308
457 11.8201 74.8308
734 11.8201 74.8308
207 11.8429 74.8583
277 11.8686 74.8894
890 11.8955 74.9218
526 11.9238 74.956
916 11.8775 75.4343
360 11.8504 75.7145
469 11.8241 75.9854
560 11.7997 76.238
444 11.7737 76.5058
431 11.7507 76.7435
220 11.7285 76.9722
339 11.703 77.2361
955 11.6772 77.5024
108 11.6515 77.7679
321 11.6312 77.9776
97 11.6102 78.1942
95 11.5848 78.4563
701 11.564 78.6712
93 11.5381 78.9386
546 11.5178 79.1481
615 11.4971 79.3624
90 11.4757 79.5827
554 11.4547 79.8
300 11.4333 80.0207
224 11.4253 80.1033
892 11.395 80.4166
31 11.3661 80.7145
699 11.3359 81.026
792 11.3073 81.3217
953 11.2781 81.6231
446 11.2632 81.7769
304 11.2483 81.9305
759 11.2349 82.0689
948 11.2217 82.2049
433 11.0816 83.6504
50 10.923 85.286
753 10.8069 86.4838
637 10.793 86.6279
495 10.7789 86.7728
153 10.7641 86.9259
568 10.749 87.0822
263 10.7351 87.2252
178 10.7217 87.3631
401 10.7056 87.5294
803 10.6898 87.6933
447 10.6743 87.8524
693 10.6596 88.0043
169 10.6453 88.1528
386 10.6295 88.3156
462 10.6141 88.4745
325 10.6019 88.6004
249 10.5876 88.7483
982 10.5726 88.9029
718 10.5575 89.0586
969 10.542 89.2188
240 10.5285 89.3578
905 10.5137 89.511
719 10.4984 89.6686
711 10.482 89.8383
213 10.4669 89.994
301 10.4658 90.0053
585 10.4645 90.0184
678 10.4633 90.0305
106 10.4622 90.0425
988 10.461 90.0544
405 10.6735 90.0498
750 10.8919 90.0451
1 11.1007 90.0406
138 11.3009 90.0364
200 11.4964 90.0322
827 11.7062 90.0277
973 11.9408 90.0226
435 12.137 90.0184
380 12.3537 90.0138
199 12.5879 90.0087
547 12.8339 90.0035
696 13.1474 89.9968
593 13.1962 89.9957
712 13.2399 89.9948
48 13.2799 89.9939
736 13.3205 89.9931
39 13.3619 89.9922
868 13.4129 89.9911
776 13.7549 89.9838
364 14.0257 89.978
236 14.3317 89.9714
227 14.6512 89.9646
247 14.9286 89.9586
115 15.2378 89.952
815 15.5266 89.9458
183 15.8488 89.9389
914 16.1222 89.933
651 16.5588 89.9237
288 16.8977 89.9164
17 17.2338 89.9092
15 17.5882 89.9016
76 17.9568 89.8937
184 18.2873 89.8866
859 18.6407 89.8791
442 18.9429 89.8726
13 19.2708 89.8656
316 19.588 89.8588
557 19.9777 89.8504
244 20.385 89.8417
885 20.7942 89.8329
871 21.1734 89.8248
933 21.5625 89.8165
550 21.9864 89.8074
150 22.3978 89.7986
795 22.7704 89.7906
253 23.0974 89.7836
428 23.4311 89.7764
36 23.7504 89.7696
44 24.0829 89.7624
833 24.4209 89.7552
120 24.7735 89.7476
28 25.0823 89.741
521 25.3921 89.7344
672 25.7407 89.7269
786 26.0439 89.7204
714 26.3316 89.7143
430 26.6787 89.7068
611 27.0283 89.6993
768 27.3668 89.6921
613 27.7531 89.6838
409 28.0176 89.6781
491 28.2902 89.6723
441 28.6774 89.664
610 29.1618 89.6536
960 29.6554 89.6431
392 30.1236 89.633
707 30.5478 89.6239
230 30.9574 89.6152
265 31.3412 89.6069
752 31.3412 89.6069
456 31.3412 89.6069
569 34.3718 89.3653
738 35.8176 89.2501
766 37.2315 89.1374
375 38.2725 89.0544
559 38.9293 89.0021
181 39.3568 88.968
874 39.8359 88.9298
5 40.2079 88.9002
139 40.4405 88.8816
974 41.0782 88.8308
541 42.9558 88.681
165 43.3032 88.6533
271 43.6438 88.6262
980 44.7314 88.5395
532 45.1386 88.507
877 45.5 88.4782
156 45.9612 88.4414
343 46.387 88.4075
763 46.8206 88.3729
746 47.2837 88.336
536 47.7296 88.3005
713 48.1742 88.265
313 48.6482 88.2273
126 49.0675 88.1938
367 49.5281 88.1571
259 49.9486 88.1236
882 50.3661 88.0903
961 50.6982 88.0639
584 51.2492 88.02
185 51.6493 87.9881
434 51.6493 87.9881
952 51.6493 87.9881
23 51.6493 87.9881
826 51.8898 87.7818
642 52.116 87.5877
319 52.3349 87.3999
415 52.5689 87.1992
202 52.7944 87.0057
690 53.0218 86.8106
782 53.2569 86.6089
816 53.4687 86.4272
118 53.6711 86.2535
861 53.8863 86.0689
618 54.1001 85.8854
395 54.3446 85.6757
335 54.5413 85.5069
931 54.7478 85.3297
801 54.9375 85.167
229 55.1214 85.0092
406 55.2896 84.8649
248 55.4834 84.6987
91 55.7057 84.508
659 56.3667 84.465
408 57.9766 84.3605
818 63.537 83.9995
845 63.372 84.1649
904 63.2264 84.3109
481 62.6289 84.9099
477 61.9396 85.601
317 61.3072 86.2349
887 60.625 86.9189
12 59.9777 87.5677
620 59.332 88.2151
754 59.1076 88.3633
671 58.9111 88.4932
62 58.0955 89.032
42 57.4457 89.4613
297 56.7082 89.9486
389 54.392 91.4794
911 54.7752 91.45
624 55.1428 91.4218
239 55.5207 91.3928
516 55.977 91.3578
774 56.4454 91.3218
856 56.9231 91.2852
896 57.3916 91.2492
511 57.8718 91.2123
177 58.459 91.1673
273 59.0134 91.1247
817 59.5395 91.0844
984 60.0361 91.0463
40 60.5163 91.0094
344 61.0221 90.9706
737 62.6893 90.8429
622 64.4558 90.7076
464 66.2483 90.5703
353 68.0254 90.4342
992 69.9034 90.2903
251 72.0822 90.1235
983 74.259 89.9568
544 74.259 89.9568
145 74.259 89.9568
318 74.259 89.9568
52 74.259 89.9568
820 74.259 89.9568
864 74.259 89.9568
580 74.2591 89.9568
135 74.2591 89.9568
494 74.2591 89.9568
149 74.2591 89.9568
893 74.2591 89.9568
159 74.2591 89.9568
742 74.2591 89.9568
666 74.2591 89.9568
813 74.2591 89.9568
854 74.2591 89.9568
823 74.2591 89.9568
567 74.2591 89.9568
285 75.475 89.8562
158 76.7618 89.7497
322 77.8961 89.6559
928 78.9967 89.5648
889 79.1344 89.1618
473 78.9102 86.6412
290 78.2662 79.4003
775 78.8195 79.2412
417 79.4029 79.0734
83 79.9732 78.9093
71 80.6722 78.7083
725 81.9006 78.355
740 83.506 77.8932
648 85.2009 77.4057
372 87.6897 76.6898
204 87.6714 76.6055
311 87.6551 76.5303
685 87.6402 76.4619
660 87.6207 76.372
25 87.6035 76.2927
450 86.6616 71.9494
334 85.436 66.298
852 85.3292 65.8057
977 85.2314 65.3549
332 85.1433 64.9487
528 85.0441 64.491
385 84.926 63.9467
107 84.7986 63.3593
884 84.6956 62.8842
198 84.6091 62.4855
170 84.5315 62.1273
838 84.4543 61.7717
497 84.3866 61.4594
242 83.4697 59.4434
506 82.6478 57.6363
195 81.5943 55.3201
932 81.1359 54.3121
951 80.694 53.3404
920 80.2347 52.3307
609 79.7772 51.3248
232 79.5246 50.7694
684 79.4919 50.6974
835 79.426 50.5525
606 73.7143 51.7333
592 73.7143 51.7333
670 73.7143 51.7333
136 73.7143 51.7333
553 73.5418 52.0953
425 73.3745 52.4464
967 73.2022 52.808
466 73.0411 53.146
102 72.3796 54.534
387 71.8296 55.6882
420 71.1238 57.1693
538 70.5132 58.4504
201 70.0117 59.5029
68 69.5354 60.5024
941 69.1275 61.3583
583 68.6684 62.3216
440 67.931 63.8691
509 67.3969 64.9897
625 67.1266 65.5569
727 67.0926 65.6431
850 67.0625 65.7193
900 66.9054 66.1172
383 66.7664 66.4694
647 66.5358 67.0535
867 66.299 67.6534
962 66.0703 68.2327
579 65.8442 68.8055
515 65.6295 69.3493
51 65.3892 69.9581
744 65.1715 70.5095
654 64.9674 71.0265
975 64.7635 71.543
937 64.4929 72.2285
837 64.3221 72.6611
465 64.128 73.1527
378 63.9146 73.0769
832 63.7093 73.004
110 63.523 72.9378
9 62.4781 72.5667
432 61.5277 72.2292
605 60.6599 71.9211
987 59.8494 71.6332
18 59.0469 71.3482
895 57.9411 70.9555
109 57.5021 70.7996
582 57.0699 70.6462
563 56.6227 70.4873
369 56.6162 70.4153
802 56.5541 69.7277
668 56.463 68.7193
676 56.3778 67.7753
453 56.6989 67.4093
161 57.0349 67.0263
762 57.3534 66.6632
964 57.67 66.3024
282 57.9684 65.9621
468 58.2611 65.6285
460 58.5494 65.2999
769 58.9092 64.8898
393 59.5841 64.1204
190 60.2398 63.373
656 60.7053 62.8423
340 60.9114 62.6075
478 61.1687 62.3141
650 61.4142 62.0343
35 61.6404 61.7765
152 61.9033 61.4768
67 61.9714 61.1059
942 62.0459 60.7008
907 62.1088 60.3586
595 62.1715 60.0172
810 62.2406 59.6411
485 62.3131 59.2466
286 62.3793 58.8864
767 62.4466 58.5204
238 62.5061 58.1967
173 62.5768 57.8116
675 63.461 53.0014
396 63.5005 52.7867
577 63.5412 52.5647
262 63.5937 52.2792
623 63.6439 52.0059
793 63.6926 51.7409
926 63.8029 51.141
117 63.9047 50.587
293 64.0014 50.0603
519 64.1283 49.3699
85 64.2873 48.5045
70 64.5812 46.9056
143 64.9309 45.0024
458 65.3164 42.9045
357 65.5483 42.673
377 65.775 42.4468
842 65.9978 42.2244
634 66.2371 41.9855
314 66.4939 41.7291
29 66.7498 41.4736
930 66.9523 41.2715
594 67.5906 40.6344
644 68.6771 39.5498
323 70.8664 37.3643
274 73.6758 34.5599
33 76.4342 31.8064
745 77.3057 30.9365
590 79.2306 29.015
520 80.4513 27.7965
98 83.9661 24.2877
345 84.973 21.2452
243 85.6248 19.2756
979 85.8251 18.6704
627 86.0009 18.1391
483 86.2025 17.53
260 86.0423 17.5938
