0,260,504,598,103,176,819,777,721,581,164,873,19,828,6,555,289,790,421,865,261,529,379,935,853,250,467,7,692,989,917,307,419,26,337,160,586,191,518,653,934,287,899,602,354,902,284,246,824,221,407,669,573,351,439,363,704,310,111,883,643,64,626,822,121,366,211,268,661,709,836,412,474,702,254,488,455,673,963,331,710,362,348,629,646,741,8,812,402,588,674,722,881,61,682,74,572,86,258,187,794,299,514,898,4,641,65,32,943,664,706,811,619,413,486,787,549,915,869,205,38,535,403,655,525,475,829,356,834,278,508,452,414,848,480,66,63,458,906,751,862,209,276,785,716,197,262,27,257,194,342,269,89,472,49,945,512,302,566,155,876,492,522,778,621,597,186,127,461,180,210,683,264,370,843,281,533,308,809,765,965,929,54,56,137,471,732,912,171,596,493,640,390,252,226,715,365,826,662,910,410,175,755,807,292,223,350,561,294,806,270,215,333,872,124,60,99,730,241,404,976,649,144,571,599,30,587,382,291,878,359,324,349,645,267,21,501,720,957,545,237,104,459,783,748,903,922,839,891,788,397,148,233,771,142,797,858,182,698,758,897,733,735,687,11,438,729,913,756,79,705,688,391,949,510,422,603,59,34,981,507,908,633,612,151,679,388,543,147,731,496,534,352,37,723,384,770,228,841,505,616,133,10,958,125,78,341,46,312,128,212,87,663,652,990,700,423,985,936,154,283,863,499,122,330,116,157,328,476,123,222,805,784,938,336,691,925,279,972,329,527,489,47,373,57,749,174,677,463,956,542,764,303,909,703,524,939,734,760,799,849,218,214,589,747,565,166,100,966,3,680,427,376,694,255,717,277,119,531,347,665,234,708,321,433,298,570,381,892,90,607,890,551,860,31,371,77,657,162,955,780,95,75,426,240,639,1,759,207,301,457,944,830,224,502,360,244,560,445,970,219,556,701,686,338,374,879,88,948,14,346,192,97,517,667,846,772,81,272,132,131,482,326,130,196,451,537,888,971,635,591,601,604,927,825,697,924,398,552,600,454,630,901,500,114,361,400,113,443,503,526,275,739,327,296,689,479,168,574,184,266,411,424,546,728,247,48,436,431,58,796,399,718,263,628,108,547,914,325,401,300,178,444,554,736,203,991,615,557,815,753,916,316,712,304,153,442,699,213,115,637,719,792,364,693,169,868,405,803,953,905,585,827,711,435,106,678,568,39,199,380,750,93,973,988,200,969,446,236,651,982,871,495,776,447,521,714,960,808,631,761,441,36,786,227,28,933,593,752,611,918,608,469,167,833,757,695,76,456,409,13,768,430,306,50,288,138,368,15,491,610,386,487,429,950,220,578,339,789,726,462,859,773,954,249,885,41,73,795,550,638,658,141,2,672,253,886,183,946,696,418,120,22,150,17,738,20,613,231,44,490,16,172,428,559,96,265,156,139,72,874,271,375,448,449,92,530,539,129,343,309,763,548,437,256,840,146,919,189,877,394,974,181,53,392,569,206,165,5,766,470,707,230,416,814,737,344,541,532,313,62,882,980,896,23,961,105,624,690,911,389,434,511,40,866,746,408,947,239,713,940,774,245,880,179,851,12,536,620,185,464,273,516,149,984,817,42,52,544,823,177,202,845,754,259,320,952,887,297,622,378,317,856,584,992,140,415,367,406,861,618,931,369,666,395,280,742,477,285,864,481,937,816,775,71,332,740,818,158,251,353,318,854,813,580,725,893,494,928,135,820,983,322,159,473,889,685,25,311,372,385,660,450,684,506,204,648,528,152,383,201,567,867,668,67,509,900,801,975,847,832,962,579,654,51,837,465,145,229,417,744,83,904,340,68,393,118,18,636,769,305,921,800,575,315,671,82,642,562,659,540,987,335,513,161,632,724,80,986,134,614,582,558,163,225,894,857,248,193,779,319,126,564,563,216,282,802,804,625,109,94,91,798,676,523,484,35,576,235,855,895,84,968,432,605,743,208,112,453,617,782,9,440,515,290,623,101,85,70,460,478,727,964,468,762,286,767,852,173,595,190,110,538,293,650,647,396,485,793,907,577,238,810,923,791,498,188,519,553,69,844,875,355,634,217,978,606,675,870,43,117,323,377,681,358,45,295,930,594,24,831,781,55,959,821,232,745,314,466,357,29,592,644,842,102,926,143,609,942,334,850,656,274,951,198,920,136,425,941,583,242,967,387,670,420,932,838,195,497,977,884,170,107,590,835,520,98,33,979,243,345,627,483,
value : 776.631 running time : 29.157925
80 20
77.1377 15.8684
77.1377 15.8684
77.1377 15.8684
66.1457 15.6609
66.1457 15.6609
66.1457 15.6609
66.1457 15.6609
66.1457 15.6609
66.1457 15.6609
53.6063 25.6701
53.6063 25.6701
53.6063 25.6701
53.6063 25.6701
53.6063 25.6701
53.6063 25.6701
53.6063 25.6701
49.833 30.8618
49.833 30.8618
49.833 30.8618
43.2297 35.5276
43.2297 35.5276
43.2297 35.5276
43.2297 35.5276
43.2297 35.5276
43.2297 35.5276
43.2297 35.5276
43.2297 35.5276
43.2297 35.5276
43.2297 35.5276
43.2297 35.5276
39.2934 24.3804
39.2934 24.3804
39.2934 24.3804
39.2934 24.3804
39.2934 24.3804
39.2934 24.3804
39.2934 24.3804
36.4084 16.1995
36.4084 16.1995
36.4084 16.1995
36.4084 16.1995
32.7321 24.2398
32.7321 24.2398
32.7321 24.2398
32.7321 24.2398
32.7321 24.2398
32.7321 24.2398
32.7321 24.2398
32.7321 24.2398
30.2095 21.4476
30.2095 21.4476
30.2095 21.4476
30.2095 21.4476
30.2095 21.4476
30.2095 21.4476
30.2095 21.4476
30.2095 21.4476
30.2095 21.4476
30.2095 21.4476
30.2095 21.4476
30.2095 21.4476
30.2095 21.4476
30.2095 21.4476
21.2709 19.65
21.2709 19.65
21.2709 19.65
21.2709 19.65
21.2709 19.65
21.2709 19.65
21.2709 19.65
17.6772 18.0199
17.6772 18.0199
17.6772 18.0199
17.6772 18.0199
17.6772 18.0199
11.9824 16.1254
11.9824 16.1254
11.9824 16.1254
11.9824 16.1254
11.9824 16.1254
11.9824 16.1254
11.9824 16.1254
11.9824 16.1254
11.9824 16.1254
11.9824 16.1254
11.9824 16.1254
9.73078 16.5692
9.73078 16.5692
9.73078 16.5692
9.73078 16.5692
9.73078 16.5692
9.73078 16.5692
9.73078 16.5692
9.73078 16.5692
9.73078 16.5692
9.73078 16.5692
7.51055 28.0352
7.51055 28.0352
7.51055 28.0352
7.51055 28.0352
7.51055 28.0352
7.51055 28.0352
7.51055 28.0352
7.51055 28.0352
7.51055 28.0352
24.6671 34.2957
24.6671 34.2957
24.6671 34.2957
24.6671 34.2957
26.4429 34.8878
26.4429 34.8878
26.4429 34.8878
25.8549 36.6899
25.8549 36.6899
25.8549 36.6899
25.8549 36.6899
25.8549 36.6899
25.8549 36.6899
25.8549 36.6899
25.8549 36.6899
25.8549 36.6899
25.8549 36.6899
25.8549 36.6899
25.8549 36.6899
25.8549 36.6899
25.8549 36.6899
33.5837 36.4114
33.5837 36.4114
33.5837 36.4114
33.5837 36.4114
37.3007 40.1077
37.3007 40.1077
37.3007 40.1077
37.3007 40.1077
47.4068 42.158
47.4068 42.158
47.4068 42.158
47.4068 42.158
47.4068 42.158
47.4068 42.158
51.5499 41.394
51.5499 41.394
51.5499 41.394
51.5499 41.394
51.5499 41.394
51.5499 41.394
51.5499 41.394
50.3769 42.5305
50.3769 42.5305
50.3769 42.5305
42.5756 47.4968
42.5756 47.4968
42.5756 47.4968
42.5756 47.4968
42.5756 47.4968
42.5756 47.4968
40.8825 48.3601
40.8825 48.3601
40.8825 48.3601
40.8825 48.3601
40.8825 48.3601
40.8825 48.3601
40.8825 48.3601
40.8825 48.3601
40.8825 48.3601
49.7374 54.2127
49.7374 54.2127
49.7374 54.2127
49.7374 54.2127
49.7374 54.2127
49.38 56.4943
49.38 56.4943
49.38 56.4943
49.38 56.4943
49.38 56.4943
49.38 56.4943
43.6466 63.9741
43.6466 63.9741
43.6466 63.9741
37.8057 65.8719
37.8057 65.8719
37.8057 65.8719
37.8057 65.8719
37.8057 65.8719
37.8057 65.8719
37.8057 65.8719
37.8057 65.8719
37.8057 65.8719
37.8057 65.8719
37.8057 65.8719
37.8057 65.8719
37.8057 65.8719
37.8057 65.8719
40.685 69.55
40.685 69.55
40.685 69.55
38.4888 72.7031
38.4888 72.7031
38.4888 72.7031
38.4888 72.7031
38.4888 72.7031
38.4888 72.7031
38.4888 72.7031
38.4888 72.7031
38.4888 72.7031
38.4888 72.7031
38.4888 72.7031
38.4888 72.7031
38.4888 72.7031
38.4888 72.7031
38.4888 72.7031
32.6109 76.0925
32.6109 76.0925
32.6109 76.0925
32.6109 76.0925
32.6109 76.0925
32.6109 76.0925
32.6109 76.0925
32.6109 76.0925
32.6109 76.0925
32.6109 76.0925
32.6109 76.0925
32.6109 76.0925
26.8856 66.2389
26.8856 66.2389
26.8856 66.2389
26.8856 66.2389
26.8856 66.2389
26.8856 66.2389
26.8856 66.2389
35.7939 58.3774
35.7939 58.3774
35.7939 58.3774
35.7939 58.3774
35.7939 58.3774
35.7939 58.3774
35.7939 58.3774
35.7939 58.3774
35.7939 58.3774
35.7939 58.3774
35.7939 58.3774
35.7939 58.3774
33.1137 54.7423
33.1137 54.7423
33.1137 54.7423
33.1137 54.7423
33.1137 54.7423
33.1137 54.7423
33.1137 54.7423
24.2251 52.2056
24.2251 52.2056
24.2251 52.2056
24.2251 52.2056
24.2251 52.2056
24.2251 52.2056
24.2251 52.2056
24.2251 52.2056
24.2251 52.2056
24.2251 52.2056
24.2251 52.2056
24.2251 52.2056
24.2251 52.2056
23.8772 49.899
23.8772 49.899
23.8772 49.899
23.8772 49.899
23.8772 49.899
23.8772 49.899
23.8772 49.899
23.8772 49.899
23.8772 49.899
23.8772 49.899
23.8772 49.899
23.8772 49.899
23.8772 49.899
23.8772 49.899
23.8772 49.899
23.8772 49.899
23.8772 49.899
23.8772 49.899
23.8772 49.899
23.8772 49.899
25.2356 47.4316
25.2356 47.4316
25.2356 47.4316
25.2356 47.4316
25.2356 47.4316
25.2356 47.4316
20.8724 44.7413
20.8724 44.7413
20.8724 44.7413
20.8724 44.7413
20.8724 44.7413
20.8724 44.7413
18.6221 45.6838
18.6221 45.6838
18.6221 45.6838
18.6221 45.6838
18.6221 45.6838
18.6221 45.6838
13.4443 39.878
13.4443 39.878
13.4443 39.878
13.4443 39.878
13.4443 39.878
13.4443 39.878
13.4443 39.878
13.4443 39.878
7.94487 40.8209
7.94487 40.8209
7.94487 40.8209
7.94487 40.8209
7.94487 40.8209
7.94487 40.8209
7.94487 40.8209
7.94487 40.8209
7.94487 40.8209
7.94487 40.8209
7.94487 40.8209
7.94487 40.8209
7.94487 40.8209
7.94487 40.8209
2.09924 51.3003
2.09924 51.3003
2.09924 51.3003
2.09924 51.3003
2.09924 51.3003
12.7705 52.4877
12.7705 52.4877
12.7705 52.4877
12.7705 52.4877
12.7705 52.4877
12.7705 52.4877
12.7705 52.4877
12.7705 52.4877
12.7705 52.4877
12.7705 52.4877
12.7705 52.4877
13.1124 53.0567
13.1124 53.0567
13.1124 53.0567
13.1124 53.0567
13.1124 53.0567
13.1124 53.0567
13.1124 53.0567
13.1124 53.0567
13.1124 53.0567
13.1124 53.0567
13.1124 53.0567
13.1124 53.0567
13.1124 53.0567
13.1124 53.0567
13.1124 53.0567
13.1124 53.0567
7.92563 57.7072
7.92563 57.7072
7.92563 57.7072
7.92563 57.7072
7.92563 57.7072
7.92563 57.7072
7.92563 57.7072
7.92563 57.7072
7.92563 57.7072
7.92563 57.7072
7.92563 57.7072
7.92563 57.7072
7.92563 57.7072
3.98696 64.5978
3.98696 64.5978
3.98696 64.5978
3.98696 64.5978
3.98696 64.5978
3.98696 64.5978
3.98696 64.5978
3.98696 64.5978
3.98696 64.5978
3.98696 64.5978
3.98696 64.5978
3.98696 64.5978
3.98696 64.5978
3.98696 64.5978
3.98696 64.5978
7.17504 73.1344
7.17504 73.1344
7.17504 73.1344
7.17504 73.1344
7.17504 73.1344
7.17504 73.1344
7.17504 73.1344
7.17504 73.1344
7.17504 73.1344
7.17504 73.1344
7.17504 73.1344
7.17504 73.1344
7.17504 73.1344
7.17504 73.1344
7.17504 73.1344
7.17504 73.1344
7.17504 73.1344
7.17504 73.1344
4.00094 78.684
4.00094 78.684
4.00094 78.684
4.00094 78.684
4.00094 78.684
2.54137 79.861
2.54137 79.861
2.54137 79.861
2.54137 79.861
2.54137 79.861
2.54137 79.861
2.54137 79.861
2.54137 79.861
7.39521 79.373
7.39521 79.373
7.39521 79.373
7.39521 79.373
7.39521 79.373
11.0517 77.4419
11.0517 77.4419
11.0517 77.4419
11.0517 77.4419
11.0517 77.4419
11.0517 77.4419
11.0517 77.4419
11.0517 77.4419
11.0517 77.4419
11.0517 77.4419
11.0517 77.4419
11.0517 77.4419
14.1989 75.744
14.1989 75.744
12.1954 72.4732
12.1954 72.4732
12.0254 69.9426
12.0254 69.9426
12.0254 69.9426
12.0254 69.9426
12.0254 69.9426
12.0254 69.9426
12.0254 69.9426
12.0254 69.9426
12.0254 69.9426
12.0254 69.9426
21.0966 71.9995
21.0966 71.9995
21.0966 71.9995
21.0966 71.9995
21.0966 71.9995
21.0966 71.9995
21.0966 71.9995
21.0966 71.9995
21.0966 71.9995
21.0966 71.9995
21.0966 71.9995
21.0966 71.9995
21.0966 71.9995
21.0966 71.9995
21.0966 71.9995
21.0966 71.9995
21.0966 71.9995
21.0966 71.9995
21.0966 71.9995
21.0966 71.9995
21.0966 71.9995
21.0966 71.9995
21.0966 71.9995
21.0966 71.9995
21.0966 71.9995
21.0966 71.9995
21.0966 71.9995
21.0966 71.9995
21.0966 71.9995
22.3734 73.5084
22.3734 73.5084
22.3734 73.5084
22.3734 73.5084
22.3734 73.5084
22.3734 73.5084
22.3734 73.5084
22.3734 73.5084
13.4449 79.9474
13.4449 79.9474
13.4449 79.9474
13.4449 79.9474
13.4449 79.9474
13.4449 79.9474
13.4449 79.9474
13.4449 79.9474
13.4449 79.9474
13.4449 79.9474
13.4449 79.9474
11.1114 84.4196
11.1114 84.4196
11.1114 84.4196
11.1114 84.4196
11.1114 84.4196
11.1114 84.4196
11.1114 84.4196
11.1114 84.4196
11.1114 84.4196
11.1114 84.4196
11.1114 84.4196
11.1114 84.4196
11.1114 84.4196
11.1114 84.4196
11.1114 84.4196
11.1114 84.4196
11.1114 84.4196
9.30839 88.246
9.30839 88.246
9.30839 88.246
9.30839 88.246
9.30839 88.246
9.30839 88.246
9.30839 88.246
9.30839 88.246
5.57206 91.2266
5.57206 91.2266
5.57206 91.2266
5.57206 91.2266
5.57206 91.2266
5.57206 91.2266
5.57206 91.2266
5.57206 91.2266
5.57206 91.2266
5.57206 91.2266
5.57206 91.2266
5.57206 91.2266
5.57206 91.2266
5.57206 91.2266
5.57206 91.2266
5.57206 91.2266
5.57206 91.2266
5.57206 91.2266
5.57206 91.2266
5.57206 91.2266
5.57206 91.2266
5.57206 91.2266
5.57206 91.2266
5.57206 91.2266
5.57206 91.2266
5.57206 91.2266
5.57206 91.2266
5.57206 91.2266
5.57206 91.2266
5.57206 91.2266
5.57206 91.2266
10.64 94.7109
10.64 94.7109
10.64 94.7109
10.64 94.7109
10.64 94.7109
10.64 94.7109
14.0702 99.587
14.0702 99.587
20.9101 94.1258
20.9101 94.1258
20.9101 94.1258
20.9101 94.1258
20.9101 94.1258
20.9101 94.1258
20.9101 94.1258
20.9101 94.1258
20.9101 94.1258
20.9101 94.1258
20.9101 94.1258
25.4667 95.8133
25.4667 95.8133
25.4667 95.8133
20.4562 88.4248
20.4562 88.4248
20.4562 88.4248
20.4562 88.4248
20.4562 88.4248
20.4562 88.4248
20.4562 88.4248
20.4562 88.4248
20.4562 88.4248
20.4562 88.4248
20.4562 88.4248
20.4562 88.4248
20.4562 88.4248
20.4562 88.4248
20.4562 88.4248
20.4562 88.4248
20.4562 88.4248
20.4562 88.4248
20.4562 88.4248
20.4562 88.4248
20.4562 88.4248
20.4562 88.4248
24.0748 81.3357
24.0748 81.3357
24.0748 81.3357
24.0748 81.3357
24.0748 81.3357
24.0748 81.3357
24.0748 81.3357
23.8148 85.5033
23.8148 85.5033
23.8148 85.5033
23.8148 85.5033
23.8148 85.5033
23.8148 85.5033
23.8148 85.5033
23.8148 85.5033
23.8148 85.5033
23.8148 85.5033
23.8148 85.5033
23.8148 85.5033
23.8148 85.5033
23.8148 85.5033
23.8148 85.5033
23.8148 85.5033
23.8148 85.5033
23.8148 85.5033
23.8148 85.5033
23.8148 85.5033
23.8148 85.5033
23.8148 85.5033
27.4926 88.0535
27.4926 88.0535
27.4926 88.0535
32.8653 88.4464
32.8653 88.4464
32.8653 88.4464
32.8653 88.4464
32.8653 88.4464
32.8653 88.4464
32.8653 88.4464
32.8653 88.4464
32.8653 88.4464
33.9024 93.027
33.9024 93.027
33.9024 93.027
39.5269 100.431
39.5269 100.431
39.5269 100.431
39.5269 100.431
39.5269 100.431
39.5269 100.431
39.5269 100.431
39.5269 100.431
38.4377 92.2266
38.4377 92.2266
38.4377 92.2266
38.4377 92.2266
38.4377 92.2266
38.4377 92.2266
38.4377 92.2266
38.4377 92.2266
38.4377 92.2266
38.4377 92.2266
38.4377 92.2266
38.4377 92.2266
38.4377 92.2266
38.6431 89.6288
38.6431 89.6288
38.6431 89.6288
38.6431 89.6288
38.6431 89.6288
38.6431 89.6288
38.6431 89.6288
38.6431 89.6288
38.6431 89.6288
38.6431 89.6288
38.6431 89.6288
38.6431 89.6288
38.6431 89.6288
38.6431 89.6288
38.6431 89.6288
38.6431 89.6288
38.6431 89.6288
50.8603 97.2452
50.8603 97.2452
50.8603 97.2452
50.8603 97.2452
50.8603 97.2452
50.8603 97.2452
50.8603 97.2452
50.8603 97.2452
50.8603 97.2452
50.8603 97.2452
50.8603 97.2452
50.8603 97.2452
50.8603 97.2452
50.8603 97.2452
50.8603 97.2452
50.8603 97.2452
50.8603 97.2452
50.8603 97.2452
50.8603 97.2452
50.8603 97.2452
50.8603 97.2452
50.8603 97.2452
50.8603 97.2452
50.8603 97.2452
50.8603 97.2452
55.3453 92.7974
55.3453 92.7974
55.3453 92.7974
55.3453 92.7974
55.3453 92.7974
55.3453 92.7974
55.3453 92.7974
55.3453 92.7974
60.9428 92.9061
60.9428 92.9061
60.9428 92.9061
60.9428 92.9061
60.9428 92.9061
60.9428 92.9061
60.9428 92.9061
60.9428 92.9061
60.9428 92.9061
60.9428 92.9061
60.9428 92.9061
60.9428 92.9061
60.9428 92.9061
60.9428 92.9061
60.9428 92.9061
60.9428 92.9061
60.9428 92.9061
60.3592 89.3283
60.3592 89.3283
60.3592 89.3283
60.3592 89.3283
60.3592 89.3283
60.3592 89.3283
60.3592 89.3283
60.3592 89.3283
60.3592 89.3283
60.3592 89.3283
60.3592 89.3283
60.3592 89.3283
60.3592 89.3283
60.3592 89.3283
60.3592 89.3283
60.3592 89.3283
60.3592 89.3283
60.3592 89.3283
62.3566 85.844
62.3566 85.844
62.3566 85.844
69.4 83.3981
69.4 83.3981
69.4 83.3981
69.4 83.3981
69.4 83.3981
69.4 83.3981
69.4 83.3981
69.4 83.3981
69.4 83.3981
78.0535 82.4426
78.0535 82.4426
78.0535 82.4426
79.7516 89.5341
79.7516 89.5341
79.7516 89.5341
79.7516 89.5341
79.7516 89.5341
79.7516 89.5341
79.7516 89.5341
79.7516 89.5341
79.7516 89.5341
79.7516 89.5341
79.7516 89.5341
79.7516 89.5341
79.7516 89.5341
79.7516 89.5341
79.7516 89.5341
79.7516 89.5341
79.7516 89.5341
79.7516 89.5341
87.3668 89.5926
87.3668 89.5926
99.746 76.3798
99.746 76.3798
90.7297 68.1192
90.7297 68.1192
90.7297 68.1192
90.7297 68.1192
90.7297 68.1192
90.7297 68.1192
73.3785 76.1506
73.3785 76.1506
73.3785 76.1506
73.3785 76.1506
73.3785 76.1506
66.2386 77.1087
66.2386 77.1087
66.2386 77.1087
66.2386 77.1087
66.2386 77.1087
66.2386 77.1087
66.2386 77.1087
66.2386 77.1087
66.2386 77.1087
66.2386 77.1087
66.2386 77.1087
66.2386 77.1087
66.2386 77.1087
66.2386 77.1087
66.2386 77.1087
66.2386 77.1087
66.2386 77.1087
66.2386 77.1087
66.2386 77.1087
66.2386 77.1087
66.2386 77.1087
66.2386 77.1087
66.2386 77.1087
63.2937 73.8018
63.2937 73.8018
63.4606 80.0968
63.4606 80.0968
56.6431 79.8235
56.6431 79.8235
55.3997 83.4038
55.3997 83.4038
55.3997 83.4038
55.3997 83.4038
55.3997 83.4038
55.3997 83.4038
55.3997 83.4038
55.3997 83.4038
55.3997 83.4038
55.3997 83.4038
51.6804 77.9013
51.6804 77.9013
51.6804 77.9013
51.6804 77.9013
54.0117 73.7867
54.0117 73.7867
49.9636 71.0887
49.9636 71.0887
49.9636 71.0887
49.9636 71.0887
49.067 72.791
49.067 72.791
49.067 72.791
49.067 72.791
49.067 72.791
49.067 72.791
49.067 72.791
49.067 72.791
49.067 72.791
49.067 72.791
49.067 72.791
49.067 72.791
49.067 72.791
49.067 72.791
49.067 72.791
49.5216 66.9119
49.5216 66.9119
49.5216 66.9119
49.5216 66.9119
49.5216 66.9119
49.5216 66.9119
49.5216 66.9119
49.5216 66.9119
49.5216 66.9119
49.5216 66.9119
49.5216 66.9119
49.5216 66.9119
49.5216 66.9119
49.5216 66.9119
49.5216 66.9119
49.5216 66.9119
49.5216 66.9119
49.5216 66.9119
49.5216 66.9119
49.5216 66.9119
49.5216 66.9119
49.5216 66.9119
49.5216 66.9119
58.0109 66.7971
58.0109 66.7971
58.0109 66.7971
58.0109 66.7971
58.0109 66.7971
58.0109 66.7971
58.0109 66.7971
56.5958 61.6701
56.5958 61.6701
56.5958 61.6701
61.4053 63.0372
63.7189 63.6949
63.7189 63.6949
63.7189 63.6949
63.7189 63.6949
63.7189 63.6949
63.7189 63.6949
63.7189 63.6949
63.7189 63.6949
63.7189 63.6949
63.7189 63.6949
63.7189 63.6949
63.7189 63.6949
63.7189 63.6949
63.7189 63.6949
63.7189 63.6949
63.7189 63.6949
63.7189 63.6949
63.7189 63.6949
63.7189 63.6949
62.3355 58.7969
62.3355 58.7969
62.3355 58.7969
62.3355 58.7969
62.3355 58.7969
60.3562 58.3919
60.3562 58.3919
60.3562 58.3919
60.3562 58.3919
60.3562 58.3919
60.2774 50.945
60.2013 43.7622
60.2013 43.7622
60.2013 43.7622
60.2013 43.7622
60.2013 43.7622
60.2013 43.7622
60.2013 43.7622
60.2013 43.7622
60.2013 43.7622
60.2013 43.7622
60.2013 43.7622
60.2013 43.7622
60.2013 43.7622
60.2013 43.7622
60.2013 43.7622
60.2013 43.7622
60.2013 43.7622
63.6208 33.5163
63.6208 33.5163
63.6208 33.5163
63.8474 32.9298
63.8474 32.9298
63.8474 32.9298
63.8474 32.9298
63.8474 32.9298
63.8474 32.9298
67.5319 38.0673
67.5319 38.0673
67.5319 38.0673
67.5319 38.0673
67.5319 38.0673
67.5319 38.0673
67.5319 38.0673
67.5319 38.0673
69.123 44.8303
69.123 44.8303
69.123 44.8303
69.123 44.8303
69.123 44.8303
72.1596 46.2344
76.0329 48.0252
76.0329 48.0252
76.0329 48.0252
76.0329 48.0252
76.0329 48.0252
76.0329 48.0252
76.0329 48.0252
76.0329 48.0252
76.0329 48.0252
76.0329 48.0252
76.0329 48.0252
76.0329 48.0252
76.0329 48.0252
76.0329 48.0252
76.0329 48.0252
76.9448 51.9013
76.9448 51.9013
76.9448 51.9013
76.9448 51.9013
83.8773 56.1311
83.8773 56.1311
83.8773 56.1311
83.8773 56.1311
83.8773 56.1311
89.3341 43.2384
89.3341 43.2384
89.3341 43.2384
86.3871 34.1669
86.3871 34.1669
85.0466 16.274
85.0466 16.274
85.0466 16.274
85.0466 16.274
85.0466 16.274
