0,103,176,777,504,581,873,209,337,653,310,518,351,287,467,883,261,934,643,246,626,573,363,704,26,111,407,669,488,8,366,211,348,812,881,412,646,629,722,362,588,674,61,682,187,402,963,741,898,74,455,299,86,794,4,331,328,258,731,899,836,268,572,133,10,514,863,710,985,65,423,125,384,283,673,221,307,284,439,709,254,64,702,474,902,915,602,824,354,228,87,486,787,822,811,612,655,661,943,829,121,679,388,869,160,205,379,278,641,687,989,414,549,38,692,32,723,706,508,913,535,413,917,49,151,403,688,633,269,525,391,908,529,438,758,302,748,957,705,237,891,981,37,142,233,664,956,422,876,78,543,990,770,909,771,663,397,700,496,949,324,11,476,148,57,303,47,174,616,341,489,463,123,222,534,925,499,212,698,797,958,312,46,936,218,157,330,128,154,373,192,77,517,347,708,607,665,272,119,214,879,166,565,116,749,841,100,542,182,336,352,527,652,691,972,130,505,858,772,764,805,971,846,114,59,927,349,327,739,720,545,482,924,275,398,219,970,196,729,132,279,703,329,677,34,938,589,451,526,502,81,897,552,113,657,849,131,122,939,255,500,734,503,630,3,747,784,277,207,14,966,760,531,667,234,381,991,224,445,694,433,686,427,799,97,325,554,371,717,719,376,326,429,982,546,560,301,401,108,615,426,298,803,1,914,639,556,547,890,570,321,31,90,399,860,444,892,944,75,830,759,728,203,95,178,792,300,247,169,199,380,435,200,153,405,953,827,718,39,711,628,386,106,462,699,240,969,693,304,905,263,436,213,973,557,750,988,678,568,447,815,17,360,288,495,585,364,955,736,637,753,316,138,868,859,368,446,15,714,696,150,430,593,306,610,28,651,491,456,768,115,441,871,227,236,13,442,521,761,183,20,933,120,885,631,776,786,409,712,578,886,50,916,36,757,833,424,695,141,490,400,296,374,361,658,825,487,88,249,346,551,48,780,244,697,93,457,524,162,680,789,550,726,796,948,965,903,220,587,469,411,168,701,950,184,574,99,479,600,635,339,888,946,333,443,16,537,167,338,266,689,359,454,733,640,730,507,954,601,901,404,79,104,735,732,459,715,54,510,235,144,137,571,724,252,382,788,21,645,765,809,910,804,929,596,599,912,523,779,163,493,175,365,216,35,540,632,563,350,558,171,484,798,225,743,264,676,193,91,617,668,605,109,440,9,762,84,453,229,393,468,513,968,112,671,282,855,582,837,509,987,152,67,286,942,290,460,727,650,904,378,575,801,857,579,654,340,816,432,395,921,18,12,140,208,83,986,802,769,880,894,94,847,315,832,369,389,755,280,530,851,406,179,245,940,800,636,532,231,335,659,80,895,126,82,782,826,294,248,562,2,614,215,292,649,662,73,872,41,976,223,591,308,56,291,878,501,134,564,807,256,124,226,270,561,604,919,189,60,608,840,58,773,418,806,431,253,548,309,96,795,638,672,271,92,72,974,181,738,808,139,449,752,265,918,44,241,206,470,392,707,448,22,763,569,877,5,559,611,866,305,129,394,613,428,76,766,960,172,814,416,118,259,690,367,313,319,774,516,713,947,62,146,415,230,642,320,539,437,541,874,624,511,887,861,105,375,618,961,156,165,746,53,343,239,408,23,344,817,185,896,584,980,882,434,544,536,952,737,40,177,754,911,992,145,845,620,42,52,984,856,477,202,813,158,317,931,937,251,465,567,273,149,854,494,464,823,135,893,353,580,820,742,318,983,928,685,322,372,889,311,25,725,660,648,332,528,450,473,417,71,740,51,481,622,285,666,297,159,867,744,864,775,204,818,334,977,962,385,852,383,975,506,136,920,850,170,497,201,684,884,838,198,425,951,107,553,656,110,68,70,242,900,396,102,967,478,964,190,767,161,907,420,173,793,515,625,485,791,238,293,577,538,595,186,69,923,498,281,621,647,117,623,810,188,85,217,210,471,945,597,342,576,843,683,30,461,370,410,267,839,390,533,756,147,603,862,155,475,7,783,452,566,619,89,922,778,834,853,191,180,194,522,276,512,472,790,870,127,101,492,257,480,356,930,66,355,421,197,634,935,586,250,19,63,906,844,681,875,262,785,848,751,295,819,555,377,6,419,289,164,781,865,27,45,24,831,598,55,821,43,959,842,357,323,675,314,458,358,606,519,716,828,594,978,644,745,232,143,926,941,466,670,29,387,932,195,583,609,592,274,835,33,590,520,98,243,345,483,627,721,979,260,
value : 783.534 running time : 28.337203
80 20
58.32 14.9566
58.32 14.9566
58.32 14.9566
58.32 14.9566
58.32 14.9566
45.0456 18.3247
45.0456 18.3247
45.0456 18.3247
45.0456 18.3247
45.0456 18.3247
39.6619 17.4665
39.6619 17.4665
39.6619 17.4665
39.6619 17.4665
39.6619 17.4665
39.6619 17.4665
39.6619 17.4665
33.017 21.0207
33.017 21.0207
33.017 21.0207
33.017 21.0207
33.017 21.0207
33.017 21.0207
33.017 21.0207
33.017 21.0207
33.017 21.0207
27.5175 5.84497
27.5175 5.84497
27.5175 5.84497
5.71428 7.07069
5.71428 7.07069
5.71428 7.07069
5.71428 7.07069
5.71428 7.07069
5.71428 7.07069
5.71428 7.07069
5.71428 7.07069
5.71428 7.07069
5.71428 7.07069
5.71428 7.07069
5.71428 7.07069
5.71428 7.07069
5.71428 7.07069
5.71428 7.07069
11.7378 23.4436
11.7378 23.4436
11.7378 23.4436
12.0185 26.2796
12.0185 26.2796
12.0185 26.2796
12.0185 26.2796
12.0185 26.2796
12.0185 26.2796
12.0185 26.2796
12.0185 26.2796
7.61318 30.5633
7.61318 30.5633
11.3819 31.2783
11.3819 31.2783
11.3819 31.2783
11.3819 31.2783
11.3819 31.2783
11.3819 31.2783
11.3819 31.2783
11.3819 31.2783
11.3819 31.2783
11.3819 31.2783
11.3819 31.2783
11.3819 31.2783
11.3819 31.2783
11.3819 31.2783
11.3819 31.2783
11.3819 31.2783
11.3819 31.2783
20.3421 24.2563
20.3421 24.2563
20.3421 24.2563
20.3421 24.2563
20.3421 24.2563
20.3421 24.2563
20.3421 24.2563
20.3421 24.2563
20.3421 24.2563
20.3421 24.2563
20.3421 24.2563
20.3421 24.2563
20.3421 24.2563
20.3421 24.2563
20.0261 32.2876
20.0261 32.2876
20.0261 32.2876
20.0261 32.2876
24.1703 29.965
24.1703 29.965
24.1703 29.965
24.1703 29.965
24.1703 29.965
24.1703 29.965
24.1703 29.965
24.1703 29.965
24.1703 29.965
28.8372 31.478
28.8372 31.478
28.8372 31.478
28.8372 31.478
28.8372 31.478
28.8372 31.478
28.8372 31.478
28.8372 31.478
30.9933 38.2756
30.9933 38.2756
30.9933 38.2756
30.9933 38.2756
30.9933 38.2756
30.9933 38.2756
30.9933 38.2756
30.9933 38.2756
30.9933 38.2756
30.9933 38.2756
30.9933 38.2756
30.9933 38.2756
30.9933 38.2756
30.9933 38.2756
30.9933 38.2756
30.9933 38.2756
26.3811 40.2952
26.3811 40.2952
26.3811 40.2952
26.3811 40.2952
26.3811 40.2952
26.3811 40.2952
26.3811 40.2952
26.3811 40.2952
26.8128 46.362
26.8128 46.362
26.8128 46.362
26.3959 50.8603
26.3959 50.8603
26.3959 50.8603
26.3959 50.8603
26.3959 50.8603
26.3959 50.8603
26.3959 50.8603
26.3959 50.8603
26.3959 50.8603
26.3959 50.8603
23.1787 49.4886
23.1787 49.4886
23.1787 49.4886
23.1787 49.4886
19.9707 47.72
19.9707 47.72
19.9707 47.72
19.9707 47.72
19.9707 47.72
19.9707 47.72
19.9707 47.72
19.9707 47.72
19.9707 47.72
19.9707 47.72
19.9707 47.72
19.9707 47.72
19.9707 47.72
14.0032 46.5639
14.0032 46.5639
14.0032 46.5639
14.0032 46.5639
13.5659 46.8817
13.5659 46.8817
13.5659 46.8817
13.5659 46.8817
13.5659 46.8817
13.5659 46.8817
13.5659 46.8817
9.47097 49.085
9.47097 49.085
9.47097 49.085
9.47097 49.085
9.47097 49.085
9.47097 49.085
9.47097 49.085
9.47097 49.085
9.47097 49.085
9.47097 49.085
9.47097 49.085
9.47097 49.085
9.47097 49.085
9.47097 49.085
9.47097 49.085
3.2004 56.3751
-0.0790837 60.1878
-0.0790837 60.1878
-0.0790837 60.1878
-0.0790837 60.1878
-0.0790837 60.1878
-0.0790837 60.1878
7.73847 60.6346
7.73847 60.6346
7.73847 60.6346
7.73847 60.6346
7.73847 60.6346
7.73847 60.6346
7.96393 59.244
7.96393 59.244
7.96393 59.244
7.96393 59.244
7.96393 59.244
7.96393 59.244
7.96393 59.244
7.96393 59.244
7.96393 59.244
11.4413 56.5461
11.4413 56.5461
11.4413 56.5461
11.4413 56.5461
11.4413 56.5461
11.4413 56.5461
11.4413 56.5461
11.4413 56.5461
11.4413 56.5461
21.7066 60.1431
21.7066 60.1431
21.7066 60.1431
21.7066 60.1431
21.7066 60.1431
21.7066 60.1431
21.7066 60.1431
21.7066 60.1431
21.7066 60.1431
21.7066 60.1431
21.7066 60.1431
21.7066 60.1431
21.7066 60.1431
21.7066 60.1431
19.0906 63.7117
19.0906 63.7117
19.0906 63.7117
19.0906 63.7117
19.0906 63.7117
19.0906 63.7117
19.0906 63.7117
19.0906 63.7117
19.0906 63.7117
19.0906 63.7117
19.0906 63.7117
19.0906 63.7117
19.0906 63.7117
19.0906 63.7117
19.0906 63.7117
19.0906 63.7117
19.0906 63.7117
19.0906 63.7117
19.0906 63.7117
5.83851 65.1917
5.83851 65.1917
5.83851 65.1917
5.83851 65.1917
5.83851 65.1917
5.83851 65.1917
5.83851 65.1917
5.83851 65.1917
5.83851 65.1917
5.83851 65.1917
5.83851 65.1917
5.83851 65.1917
5.83851 65.1917
5.83851 65.1917
5.83851 65.1917
5.83851 65.1917
5.83851 65.1917
5.83851 65.1917
5.83851 65.1917
5.83851 65.1917
5.83851 65.1917
5.83851 65.1917
5.83851 65.1917
5.83851 65.1917
4.64518 74.2822
4.64518 74.2822
4.64518 74.2822
4.64518 74.2822
4.64518 74.2822
4.64518 74.2822
4.64518 74.2822
4.64518 74.2822
4.64518 74.2822
4.64518 74.2822
4.64518 74.2822
4.64518 74.2822
4.64518 74.2822
6.66355 77.6163
6.66355 77.6163
6.66355 77.6163
6.66355 77.6163
6.66355 77.6163
6.66355 77.6163
6.39704 77.838
6.39704 77.838
6.39704 77.838
6.39704 77.838
6.39704 77.838
6.39704 77.838
3.49282 84.8725
3.49282 84.8725
3.49282 84.8725
3.49282 84.8725
3.49282 84.8725
3.49282 84.8725
3.49282 84.8725
3.49282 84.8725
3.49282 84.8725
3.49282 84.8725
3.49282 84.8725
3.49282 84.8725
3.49282 84.8725
3.49282 84.8725
3.49282 84.8725
3.49282 84.8725
3.49282 84.8725
3.49282 84.8725
3.49282 84.8725
3.49282 84.8725
3.49282 84.8725
3.49282 84.8725
3.49282 84.8725
3.49282 84.8725
3.49282 84.8725
3.49282 84.8725
3.49282 84.8725
5.57179 91.0428
5.57179 91.0428
5.57179 91.0428
5.57179 91.0428
5.57179 91.0428
5.57179 91.0428
5.57179 91.0428
5.57179 91.0428
5.57179 91.0428
5.57179 91.0428
5.57179 91.0428
5.57179 91.0428
5.57179 91.0428
5.57179 91.0428
5.57179 91.0428
5.57179 91.0428
5.57179 91.0428
5.57179 91.0428
5.57179 91.0428
5.57179 91.0428
5.57179 91.0428
5.57179 91.0428
5.57179 91.0428
5.57179 91.0428
5.57179 91.0428
5.57179 91.0428
5.57179 91.0428
5.57179 91.0428
5.57179 91.0428
5.57179 91.0428
10.1009 89.5167
10.1009 89.5167
10.1009 89.5167
10.1009 89.5167
10.1009 89.5167
10.1009 89.5167
10.1009 89.5167
10.1009 89.5167
10.1009 89.5167
10.1009 89.5167
10.1009 89.5167
10.1009 89.5167
10.1009 89.5167
10.1009 89.5167
14.477 93.9329
14.477 93.9329
14.477 93.9329
14.477 93.9329
14.477 93.9329
14.477 93.9329
20.4089 92.4721
20.4089 92.4721
20.4089 92.4721
20.4089 92.4721
20.4089 92.4721
20.4089 92.4721
20.4089 92.4721
20.4089 92.4721
20.4089 92.4721
20.4089 92.4721
20.4089 92.4721
20.4089 92.4721
20.4089 92.4721
20.4089 92.4721
20.4089 92.4721
20.4089 92.4721
20.4089 92.4721
20.4089 92.4721
20.4089 92.4721
20.4089 92.4721
20.4089 92.4721
20.4089 92.4721
20.4089 92.4721
20.4089 92.4721
20.4089 92.4721
22.2538 93.8139
22.2538 93.8139
22.2538 93.8139
22.2538 93.8139
20.3212 87.9879
20.3212 87.9879
20.3212 87.9879
20.3212 87.9879
20.3212 87.9879
20.3212 87.9879
20.3212 87.9879
20.3212 87.9879
20.3212 87.9879
20.3212 87.9879
20.3212 87.9879
17.5198 82.5304
17.5198 82.5304
17.5198 82.5304
17.5198 82.5304
17.5198 82.5304
17.5198 82.5304
17.5198 82.5304
17.5198 82.5304
17.5198 82.5304
17.5198 82.5304
17.5198 82.5304
17.5198 82.5304
17.5198 82.5304
17.5198 82.5304
17.5198 82.5304
17.5198 82.5304
17.5198 82.5304
18.2133 74.6059
18.2133 74.6059
18.2133 74.6059
18.2133 74.6059
18.2133 74.6059
18.2133 74.6059
18.2133 74.6059
20.4085 74.0697
20.4085 74.0697
20.4085 74.0697
20.4085 74.0697
20.4085 74.0697
20.4085 74.0697
20.4085 74.0697
20.4085 74.0697
20.4085 74.0697
20.4085 74.0697
20.4085 74.0697
20.4085 74.0697
20.4085 74.0697
20.4085 74.0697
20.4085 74.0697
20.4085 74.0697
20.4085 74.0697
20.4085 74.0697
20.4085 74.0697
20.4085 74.0697
20.4085 74.0697
20.4085 74.0697
20.4085 74.0697
20.4085 74.0697
20.4085 74.0697
20.4085 74.0697
29.1951 69.803
29.1951 69.803
29.1951 69.803
29.1951 69.803
29.1951 69.803
29.1951 69.803
29.1951 69.803
29.1951 69.803
29.1951 69.803
29.1951 69.803
29.1951 69.803
29.1951 69.803
29.1951 69.803
30.6499 64.9891
30.6499 64.9891
30.6499 64.9891
30.6499 64.9891
30.6499 64.9891
30.6499 64.9891
38.1923 66.8549
38.1923 66.8549
38.1923 66.8549
38.1923 66.8549
38.1923 66.8549
38.1923 66.8549
37.421 64.3417
37.421 64.3417
37.421 64.3417
37.421 64.3417
37.421 64.3417
37.421 64.3417
37.421 64.3417
37.421 64.3417
37.421 64.3417
37.421 64.3417
37.421 64.3417
37.421 64.3417
37.421 64.3417
42.2183 61.9951
42.2183 61.9951
42.2183 61.9951
42.2183 61.9951
42.2183 61.9951
42.2183 61.9951
47.1014 66.0317
47.1014 66.0317
47.1014 66.0317
47.1014 66.0317
47.1014 66.0317
47.1014 66.0317
47.1014 66.0317
47.1014 66.0317
47.1014 66.0317
47.1014 66.0317
47.1014 66.0317
47.1014 66.0317
47.1014 66.0317
47.7188 70.306
47.7188 70.306
47.7188 70.306
53.5162 70.0739
53.5162 70.0739
53.5162 70.0739
53.5162 70.0739
53.5162 70.0739
53.5162 70.0739
53.5162 70.0739
53.5162 70.0739
53.5162 70.0739
53.5162 70.0739
53.5162 70.0739
53.5162 70.0739
53.5162 70.0739
53.5162 70.0739
53.5162 70.0739
53.5162 70.0739
53.5162 70.0739
53.5162 70.0739
59.9667 68.6602
59.9667 68.6602
59.9667 68.6602
62.221 67.3085
62.221 67.3085
62.221 67.3085
62.221 67.3085
62.221 67.3085
62.221 67.3085
62.221 67.3085
62.221 67.3085
62.221 67.3085
61.834 72.1666
61.834 72.1666
61.834 72.1666
61.834 72.1666
61.834 72.1666
61.834 72.1666
61.834 72.1666
61.3425 78.3354
61.3425 78.3354
61.3425 78.3354
61.3425 78.3354
61.3425 78.3354
61.3425 78.3354
61.3425 78.3354
61.3425 78.3354
61.3425 78.3354
57.5296 80.6558
57.5296 80.6558
57.5296 80.6558
57.5296 80.6558
54.0511 78.1497
54.0511 78.1497
54.0511 78.1497
54.0511 78.1497
54.0511 78.1497
54.0511 78.1497
50.9895 86.5755
50.9895 86.5755
50.9895 86.5755
50.9895 86.5755
50.9895 86.5755
50.9895 86.5755
50.9895 86.5755
50.9895 86.5755
50.9895 86.5755
50.9895 86.5755
50.9895 86.5755
50.9895 86.5755
45.0675 86.5627
45.0675 86.5627
45.0675 86.5627
42.824 83.1149
42.824 83.1149
42.824 83.1149
42.824 83.1149
42.824 83.1149
42.824 83.1149
42.824 83.1149
42.824 83.1149
42.824 83.1149
42.824 83.1149
42.824 83.1149
38.4985 83.7424
38.4985 83.7424
38.4985 83.7424
38.4985 83.7424
38.4985 83.7424
38.4985 83.7424
37.005 81.4981
37.005 81.4981
37.005 81.4981
37.005 81.4981
36.9604 74.2105
36.9604 74.2105
36.9604 74.2105
36.9604 74.2105
36.9604 74.2105
36.9604 74.2105
36.9604 74.2105
36.9604 74.2105
36.9604 74.2105
36.9604 74.2105
36.9604 74.2105
36.9604 74.2105
36.9604 74.2105
36.9604 74.2105
28.5305 79.8003
28.5305 79.8003
28.5305 79.8003
28.5305 79.8003
28.5305 79.8003
28.5305 79.8003
28.5305 79.8003
28.5305 79.8003
28.5305 79.8003
28.5305 79.8003
27.6431 85.962
27.6431 85.962
27.9364 92.206
27.9364 92.206
27.9364 92.206
27.9364 92.206
27.9364 92.206
27.9364 92.206
27.9364 92.206
29.2137 94.2529
29.2137 94.2529
29.2137 94.2529
29.2137 94.2529
29.2137 94.2529
29.2137 94.2529
29.2137 94.2529
29.2137 94.2529
29.2137 94.2529
29.2137 94.2529
29.2137 94.2529
34.2406 94.7159
34.2406 94.7159
34.2406 94.7159
34.2406 94.7159
34.2406 94.7159
34.2406 94.7159
34.2406 94.7159
34.2406 94.7159
34.2406 94.7159
34.2406 94.7159
34.2406 94.7159
34.2406 94.7159
34.2406 94.7159
34.2406 94.7159
35.0901 92.7997
35.0901 92.7997
35.0901 92.7997
35.0901 92.7997
35.0901 92.7997
35.0901 92.7997
35.0901 92.7997
35.0901 92.7997
35.0901 92.7997
35.0901 92.7997
35.0901 92.7997
47.5646 92.0284
47.5646 92.0284
47.5646 92.0284
47.5646 92.0284
47.5646 92.0284
47.5646 92.0284
47.5646 92.0284
47.5646 92.0284
47.5646 92.0284
47.5646 92.0284
47.5646 92.0284
47.5646 92.0284
47.5646 92.0284
47.5646 92.0284
47.5646 92.0284
47.5646 92.0284
47.5646 92.0284
47.5646 92.0284
47.5646 92.0284
47.5646 92.0284
46.629 97.8797
46.629 97.8797
51.4412 94.8071
51.4412 94.8071
51.4412 94.8071
51.4412 94.8071
51.4412 94.8071
51.4412 94.8071
51.4412 94.8071
51.4412 94.8071
51.4412 94.8071
51.4412 94.8071
51.4412 94.8071
51.4412 94.8071
51.4412 94.8071
51.4412 94.8071
51.4412 94.8071
59.6645 101.367
59.6645 101.367
59.6645 101.367
59.6645 101.367
59.6645 101.367
59.6645 101.367
59.6645 101.367
59.6645 101.367
60.9572 89.2766
60.9572 89.2766
60.9572 89.2766
60.9572 89.2766
60.9572 89.2766
60.9572 89.2766
60.9572 89.2766
60.9572 89.2766
60.9572 89.2766
60.9572 89.2766
60.9572 89.2766
60.9572 89.2766
60.9572 89.2766
60.9572 89.2766
60.9572 89.2766
60.9572 89.2766
60.9572 89.2766
60.9572 89.2766
60.9572 89.2766
60.9572 89.2766
60.9572 89.2766
60.9572 89.2766
60.9572 89.2766
60.9572 89.2766
60.9572 89.2766
60.9572 89.2766
74.3875 88.0851
74.3875 88.0851
74.3875 88.0851
74.3875 88.0851
74.3875 88.0851
76.4862 88.5148
76.4862 88.5148
76.4862 88.5148
76.4862 88.5148
76.4862 88.5148
76.4862 88.5148
76.4862 88.5148
91.818 95.133
91.818 95.133
91.818 95.133
91.818 95.133
88.7482 90.499
85.2974 86.1805
85.2974 86.1805
85.2974 86.1805
85.2974 86.1805
85.2423 81.081
85.2423 81.081
85.2423 81.081
85.2423 81.081
85.2423 81.081
85.2423 81.081
85.2423 81.081
81.0883 82.7637
81.0883 82.7637
78.5019 80.4561
78.5019 80.4561
75.2819 82.9559
75.2819 82.9559
75.2819 82.9559
75.9149 78.2688
75.9149 78.2688
75.9149 78.2688
75.9149 78.2688
75.9149 78.2688
75.9149 78.2688
75.9149 78.2688
75.9149 78.2688
76.368 69.254
76.368 69.254
76.368 69.254
76.368 69.254
76.368 69.254
76.368 69.254
76.368 69.254
81.9752 60.5493
81.9752 60.5493
81.9752 60.5493
81.9752 60.5493
81.9752 60.5493
83.7884 58.2142
83.7884 58.2142
83.7884 58.2142
83.7884 58.2142
83.7884 58.2142
83.7884 58.2142
83.7884 58.2142
83.7884 58.2142
83.7884 58.2142
73.2121 54.6727
73.2121 54.6727
73.2121 54.6727
73.2121 54.6727
73.2121 54.6727
73.2121 54.6727
69.032 57.9602
69.032 57.9602
69.032 57.9602
69.032 57.9602
69.032 57.9602
66.4655 56.8765
66.4655 56.8765
66.4655 56.8765
62.5286 59.8234
62.5286 59.8234
62.5286 59.8234
62.5286 59.8234
62.5286 59.8234
59.1341 64.2068
59.1341 64.2068
59.1341 64.2068
59.1341 64.2068
59.1341 64.2068
59.1341 64.2068
59.1341 64.2068
59.1341 64.2068
59.1341 64.2068
59.1341 64.2068
53.6479 54.4561
53.6479 54.4561
53.6479 54.4561
53.6479 54.4561
53.6479 54.4561
53.6479 54.4561
53.6479 54.4561
53.6479 54.4561
53.6479 54.4561
53.6479 54.4561
53.6479 54.4561
53.6479 54.4561
46.8537 58.3975
46.8537 58.3975
46.8537 58.3975
46.8537 58.3975
46.8537 58.3975
46.8537 58.3975
46.8537 58.3975
46.8537 58.3975
46.8537 58.3975
46.8537 58.3975
46.8537 58.3975
42.4985 55.8195
39.9699 54.3227
39.9699 54.3227
32.5829 56.0376
32.5829 56.0376
32.5829 56.0376
32.5829 56.0376
32.5829 56.0376
34.2917 45.8862
34.2917 45.8862
34.2917 45.8862
34.2917 45.8862
34.2917 45.8862
34.2917 45.8862
34.2917 45.8862
34.2917 45.8862
34.2917 45.8862
34.2917 45.8862
34.2917 45.8862
40.9178 41.4113
40.9178 41.4113
40.9178 41.4113
40.9178 41.4113
40.9178 41.4113
40.9178 41.4113
40.9178 41.4113
40.9178 41.4113
40.9178 41.4113
40.9178 41.4113
40.9178 41.4113
43.5603 42.1563
50.7583 44.1855
50.7583 44.1855
47.7482 40.3249
47.7482 40.3249
47.7482 40.3249
47.7482 40.3249
47.7482 40.3249
47.7482 40.3249
47.7482 40.3249
47.7482 40.3249
47.7482 40.3249
47.7482 40.3249
47.7482 40.3249
47.7482 40.3249
47.7482 40.3249
47.7482 40.3249
47.7482 40.3249
47.7482 40.3249
47.7482 40.3249
47.7482 40.3249
47.7482 40.3249
47.7482 40.3249
47.7482 40.3249
47.7482 40.3249
54.8845 28.2099
54.8845 28.2099
54.8845 28.2099
54.8845 28.2099
54.8845 28.2099
54.8845 28.2099
54.8845 28.2099
54.8845 28.2099
54.8845 28.2099
54.8845 28.2099
54.8845 28.2099
65.3688 31.6889
65.3688 31.6889
65.3688 31.6889
65.3688 31.6889
65.3688 31.6889
65.3688 31.6889
65.3688 31.6889
65.3688 31.6889
59.9747 39.8125
59.9747 39.8125
59.9747 39.8125
59.9747 39.8125
59.9747 39.8125
59.9747 39.8125
59.212 42.306
59.212 42.306
59.212 42.306
59.212 42.306
59.212 42.306
59.212 42.306
59.212 42.306
59.212 42.306
75.1673 47.5802
75.1673 47.5802
75.1673 47.5802
75.1673 47.5802
75.1673 47.5802
75.1673 47.5802
75.1673 47.5802
75.1673 47.5802
75.1673 47.5802
75.1673 47.5802
75.1673 47.5802
75.1673 47.5802
75.1673 47.5802
75.1673 47.5802
75.1673 47.5802
78.0678 40.3856
78.0678 40.3856
78.0678 40.3856
78.0678 40.3856
87.8023 20.4237
87.8023 20.4237
87.8023 20.4237
85.4227 16.7231
85.4227 16.7231
81.1553 17.1183
81.1553 17.1183
81.1553 17.1183
