0,103,504,176,777,581,959,598,819,295,24,721,873,419,164,865,55,555,6,289,934,310,518,653,573,337,287,467,351,379,787,822,246,363,883,111,704,261,643,407,669,8,702,254,488,211,61,629,366,187,412,588,682,455,812,646,722,362,881,4,674,899,284,673,710,641,348,221,402,836,661,439,612,125,205,626,354,709,64,824,829,943,834,706,278,869,723,307,228,474,902,915,602,87,10,486,741,331,299,258,328,770,700,384,898,268,963,133,794,572,74,514,86,985,476,128,863,499,403,496,705,731,423,341,956,909,525,949,543,148,78,735,324,508,475,422,756,655,11,663,32,687,758,413,908,771,414,142,493,913,839,269,891,922,603,778,535,237,336,233,59,938,279,196,303,283,858,691,652,352,182,749,116,373,330,46,312,797,698,534,123,616,174,47,527,166,489,214,157,990,212,958,100,925,677,463,565,747,222,505,154,841,131,57,764,849,708,760,347,542,805,218,219,665,703,97,784,192,114,524,936,701,81,3,272,589,734,122,639,531,966,234,77,207,277,939,517,381,371,799,739,31,162,503,376,346,860,374,338,560,890,224,457,686,628,879,300,607,445,75,719,240,694,667,944,427,792,717,955,433,443,178,630,255,570,321,14,546,298,948,830,426,759,436,399,991,796,361,326,169,447,108,736,263,364,90,969,678,95,892,780,547,728,982,48,815,657,718,325,905,444,247,316,203,106,1,615,386,803,554,556,868,988,199,914,301,401,637,446,585,405,380,236,304,39,227,953,213,871,568,693,153,442,495,827,435,200,750,711,776,113,58,400,184,167,28,593,885,17,695,608,249,306,115,430,88,50,699,36,753,933,44,409,15,13,833,150,456,521,120,631,859,462,183,761,368,918,651,288,20,96,916,768,360,696,93,557,712,714,973,138,470,72,638,610,141,786,441,491,418,53,874,271,73,22,448,309,231,611,738,808,960,752,392,146,389,548,305,76,253,919,2,428,129,672,795,241,206,172,559,888,424,561,189,689,806,92,649,662,124,773,872,697,757,954,886,537,16,490,658,333,501,578,220,500,244,431,266,275,168,789,99,550,296,946,730,479,574,950,604,41,825,339,600,469,551,359,382,726,487,552,526,398,132,733,970,965,846,981,972,897,451,729,119,130,411,924,957,601,502,680,429,137,903,34,720,772,482,21,971,635,927,533,640,929,545,329,349,79,788,510,60,454,507,104,404,901,327,591,390,30,56,587,976,291,226,308,571,715,144,840,215,807,270,437,256,343,894,826,642,248,755,877,223,230,614,961,713,541,624,156,408,516,62,532,887,406,179,126,636,856,569,774,763,239,259,861,851,980,313,294,280,746,947,530,320,394,690,319,82,245,562,415,5,449,564,23,618,613,292,814,766,416,105,375,659,40,536,434,866,882,511,896,974,707,181,265,139,539,165,344,584,52,118,992,911,931,367,567,273,335,984,297,816,622,177,353,575,952,464,754,202,185,42,158,813,817,285,737,580,854,251,149,135,494,145,318,845,477,823,481,417,666,893,818,544,620,685,820,372,889,25,725,983,473,928,311,159,660,450,322,290,528,385,395,83,465,937,837,648,71,579,864,742,775,740,975,201,152,334,852,332,204,383,51,242,838,497,198,170,136,107,387,506,951,884,967,684,920,425,932,835,70,941,583,102,232,553,926,274,592,195,609,745,977,110,850,420,67,35,485,810,656,190,595,767,623,670,647,538,644,117,791,396,847,173,832,962,900,650,68,942,369,744,208,432,801,921,18,12,140,800,895,769,315,940,880,317,94,193,484,225,743,676,509,229,378,91,668,605,109,440,9,84,453,393,513,968,112,671,282,855,582,987,460,727,904,340,857,654,617,186,478,867,238,625,621,498,762,515,293,188,793,577,907,161,875,85,101,69,923,519,468,843,281,163,134,459,235,262,410,782,80,802,576,964,286,264,171,724,252,910,804,596,912,523,779,175,216,540,632,563,350,558,89,645,365,267,599,809,54,765,878,798,986,683,597,370,732,471,935,945,276,688,512,7,151,397,876,210,302,619,147,127,783,633,180,65,438,391,37,388,811,692,480,160,529,549,748,121,664,38,49,989,917,26,679,194,461,522,191,250,492,790,452,197,257,155,848,421,785,853,66,862,586,844,209,566,377,681,27,930,342,356,906,472,831,870,355,634,63,821,19,358,828,458,357,143,594,217,716,978,45,606,466,323,751,675,842,29,314,43,781,627,345,98,33,520,590,979,243,483,260,
value : 761.347 running time : 30.620147
80 20
68.9146 14.5941
68.9146 14.5941
63.3898 17.3727
63.3898 17.3727
63.3898 17.3727
63.3898 17.3727
63.3898 17.3727
63.3898 17.3727
63.3898 17.3727
63.3898 17.3727
63.3898 17.3727
54.8845 28.2099
54.8845 28.2099
54.8845 28.2099
54.8845 28.2099
54.8845 28.2099
54.8845 28.2099
54.8845 28.2099
54.8845 28.2099
45.0456 18.3247
45.0456 18.3247
43.1343 17.7439
43.1343 17.7439
43.1343 17.7439
43.1343 17.7439
43.1343 17.7439
43.1343 17.7439
37.4945 18.1073
37.4945 18.1073
37.4945 18.1073
37.4945 18.1073
37.4945 18.1073
37.4945 18.1073
37.4945 18.1073
37.4945 18.1073
37.4945 18.1073
37.4945 18.1073
25.5551 9.33571
25.5551 9.33571
25.5551 9.33571
25.5551 9.33571
25.5551 9.33571
25.5551 9.33571
25.5551 9.33571
5.71428 7.07069
5.71428 7.07069
5.71428 7.07069
5.71428 7.07069
5.71428 7.07069
5.71428 7.07069
5.71428 7.07069
5.71428 7.07069
5.67752 11.8122
5.67752 11.8122
5.67752 11.8122
5.67752 11.8122
5.67752 11.8122
5.67752 11.8122
4.93244 15.4922
4.93244 15.4922
13.9481 20.4179
13.9481 20.4179
13.9481 20.4179
13.9481 20.4179
13.9481 20.4179
13.9481 20.4179
20.3421 24.2563
20.3421 24.2563
20.3421 24.2563
20.3421 24.2563
20.3421 24.2563
20.3421 24.2563
22.5984 25.041
22.5984 25.041
26.1467 26.2751
26.1467 26.2751
26.1467 26.2751
26.1467 26.2751
26.1467 26.2751
26.1467 26.2751
26.1467 26.2751
26.1467 26.2751
26.8763 33.1615
26.8763 33.1615
26.8763 33.1615
24.1995 33.6658
24.1995 33.6658
20.1677 32.3312
20.1677 32.3312
20.1677 32.3312
20.1677 32.3312
20.1677 32.3312
20.1677 32.3312
20.1677 32.3312
20.1677 32.3312
7.61318 30.5633
7.61318 30.5633
7.61318 30.5633
7.61318 30.5633
7.61318 30.5633
9.70032 34.0733
9.70032 34.0733
9.70032 34.0733
9.70032 34.0733
9.70032 34.0733
9.70032 34.0733
9.70032 34.0733
9.70032 34.0733
9.70032 34.0733
9.70032 34.0733
9.70032 34.0733
9.70032 34.0733
9.70032 34.0733
11.4006 39.2174
11.4006 39.2174
11.4006 39.2174
11.4006 39.2174
20.4852 43.6108
20.4852 43.6108
19.2422 46.0486
19.2422 46.0486
19.2422 46.0486
19.2422 46.0486
19.2422 46.0486
19.2422 46.0486
19.2422 46.0486
19.2422 46.0486
19.2422 46.0486
19.2422 46.0486
19.2422 46.0486
23.1787 49.4886
23.1787 49.4886
23.1787 49.4886
23.1787 49.4886
23.1787 49.4886
23.1787 49.4886
23.1787 49.4886
23.1787 49.4886
23.1787 49.4886
23.1787 49.4886
26.3959 50.8603
26.3959 50.8603
26.3959 50.8603
26.3959 50.8603
26.3959 50.8603
26.3959 50.8603
26.3959 50.8603
26.3959 50.8603
26.3959 50.8603
26.3959 50.8603
26.3959 50.8603
26.3959 50.8603
26.3959 50.8603
26.3959 50.8603
26.3959 50.8603
26.3959 50.8603
26.3959 50.8603
26.3959 50.8603
26.3959 50.8603
26.3959 50.8603
26.3959 50.8603
26.3959 50.8603
13.1804 48.0536
13.1804 48.0536
13.1804 48.0536
9.47097 49.085
9.47097 49.085
9.47097 49.085
9.47097 49.085
9.47097 49.085
9.47097 49.085
9.47097 49.085
9.47097 49.085
9.47097 49.085
9.47097 49.085
9.47097 49.085
9.47097 49.085
9.47097 49.085
9.47097 49.085
9.47097 49.085
9.47097 49.085
9.47097 49.085
9.47097 49.085
9.47097 49.085
9.47097 49.085
9.47097 49.085
9.47097 49.085
9.47097 49.085
9.47097 49.085
9.47097 49.085
9.47097 49.085
9.47097 49.085
9.47097 49.085
9.47097 49.085
9.47097 49.085
9.47097 49.085
11.4413 56.5461
11.4413 56.5461
11.4413 56.5461
11.4413 56.5461
11.4413 56.5461
11.4413 56.5461
11.4413 56.5461
11.4413 56.5461
11.4413 56.5461
11.4413 56.5461
11.4413 56.5461
11.4413 56.5461
11.4413 56.5461
11.4413 56.5461
11.4413 56.5461
11.4413 56.5461
7.73847 60.6346
7.73847 60.6346
7.73847 60.6346
7.73847 60.6346
7.73847 60.6346
7.73847 60.6346
7.73847 60.6346
7.73847 60.6346
9.73316 65.0888
9.73316 65.0888
9.73316 65.0888
9.73316 65.0888
9.73316 65.0888
9.73316 65.0888
2.8618 66.7349
2.8618 66.7349
2.8618 66.7349
2.8618 66.7349
2.8618 66.7349
2.8618 66.7349
2.8618 66.7349
2.8618 66.7349
2.8618 66.7349
2.8618 66.7349
2.8618 66.7349
2.8618 66.7349
2.8618 66.7349
2.8618 66.7349
4.64518 74.2822
4.64518 74.2822
4.64518 74.2822
4.64518 74.2822
4.64518 74.2822
4.64518 74.2822
4.64518 74.2822
4.64518 74.2822
4.64518 74.2822
4.64518 74.2822
4.64518 74.2822
4.64518 74.2822
4.64518 74.2822
4.64518 74.2822
4.64518 74.2822
4.64518 74.2822
4.64518 74.2822
4.64518 74.2822
4.64518 74.2822
4.64518 74.2822
4.64518 74.2822
4.64518 74.2822
4.64518 74.2822
4.64518 74.2822
4.64518 74.2822
4.64518 74.2822
4.64518 74.2822
4.64518 74.2822
4.64518 74.2822
10.1773 71.7628
10.1773 71.7628
10.1773 71.7628
10.1773 71.7628
10.1773 71.7628
10.1773 71.7628
8.92036 77.405
8.92036 77.405
8.92036 77.405
8.92036 77.405
8.92036 77.405
8.92036 77.405
8.92036 77.405
8.92036 77.405
8.92036 77.405
8.92036 77.405
8.92036 77.405
8.92036 77.405
8.92036 77.405
8.92036 77.405
3.49282 84.8725
3.49282 84.8725
3.49282 84.8725
3.49282 84.8725
3.49282 84.8725
3.49282 84.8725
3.49282 84.8725
3.49282 84.8725
3.49282 84.8725
3.49282 84.8725
3.49282 84.8725
3.49282 84.8725
3.49282 84.8725
3.49282 84.8725
3.49282 84.8725
3.49282 84.8725
3.49282 84.8725
3.49282 84.8725
3.49282 84.8725
3.49282 84.8725
3.49282 84.8725
3.49282 84.8725
3.49282 84.8725
3.49282 84.8725
3.49282 84.8725
3.49282 84.8725
3.49282 84.8725
3.49282 84.8725
3.49282 84.8725
3.49282 84.8725
3.49282 84.8725
3.49282 84.8725
5.57179 91.0428
5.57179 91.0428
5.57179 91.0428
5.57179 91.0428
5.57179 91.0428
5.57179 91.0428
5.57179 91.0428
5.57179 91.0428
5.57179 91.0428
5.57179 91.0428
5.57179 91.0428
5.57179 91.0428
5.57179 91.0428
8.31217 92.7066
8.31217 92.7066
8.31217 92.7066
9.11433 92.6898
9.11433 92.6898
9.11433 92.6898
9.11433 92.6898
9.11433 92.6898
9.11433 92.6898
9.11433 92.6898
9.11433 92.6898
9.11433 92.6898
9.11433 92.6898
9.11433 92.6898
9.11433 92.6898
17.5198 82.5304
17.5198 82.5304
17.5198 82.5304
17.5198 82.5304
17.5198 82.5304
20.4089 92.4721
20.4089 92.4721
20.4089 92.4721
20.4089 92.4721
20.4089 92.4721
20.4089 92.4721
20.4089 92.4721
20.4089 92.4721
20.4089 92.4721
20.4089 92.4721
20.4089 92.4721
20.4089 92.4721
20.4089 92.4721
20.4089 92.4721
20.4089 92.4721
20.4089 92.4721
20.4089 92.4721
20.4089 92.4721
20.4089 92.4721
20.4089 92.4721
20.4089 92.4721
20.4089 92.4721
20.4089 92.4721
20.4089 92.4721
20.4089 92.4721
20.4089 92.4721
20.4089 92.4721
20.4089 92.4721
20.4089 92.4721
20.4089 92.4721
20.4089 92.4721
20.4089 92.4721
20.4089 92.4721
20.4089 92.4721
20.4089 92.4721
20.4089 92.4721
20.4089 92.4721
20.4089 92.4721
20.4089 92.4721
20.4089 92.4721
20.4089 92.4721
20.4089 92.4721
20.4089 92.4721
20.4089 92.4721
20.4089 92.4721
20.4089 92.4721
27.9364 92.206
27.9364 92.206
27.9364 92.206
27.9364 92.206
27.9364 92.206
27.9364 92.206
27.9364 92.206
27.9364 92.206
27.9364 92.206
35.5071 91.1345
35.5071 91.1345
35.5071 91.1345
35.5071 91.1345
35.5071 91.1345
35.5071 91.1345
35.5071 91.1345
35.5071 91.1345
35.5071 91.1345
35.5071 91.1345
35.5071 91.1345
35.5071 91.1345
35.5071 91.1345
35.5071 91.1345
35.5071 91.1345
35.5071 91.1345
35.5071 91.1345
35.5071 91.1345
35.5071 91.1345
35.5071 91.1345
35.5071 91.1345
35.5071 91.1345
35.5071 91.1345
35.5071 91.1345
35.5071 91.1345
35.5071 91.1345
35.5071 91.1345
35.5071 91.1345
35.5071 91.1345
35.5071 91.1345
29.3668 84.5034
29.3668 84.5034
29.3438 79.9489
29.3438 79.9489
29.3438 79.9489
29.3438 79.9489
29.3438 79.9489
29.3438 79.9489
29.3438 79.9489
29.3438 79.9489
29.3438 79.9489
29.3438 79.9489
29.3438 79.9489
29.3438 79.9489
29.3438 79.9489
29.3438 79.9489
29.3438 79.9489
29.3438 79.9489
29.3438 79.9489
29.3438 79.9489
29.3438 79.9489
26.4591 79.3733
23.6113 78.8051
23.6113 78.8051
23.6113 78.8051
23.6113 78.8051
23.6113 78.8051
23.6113 78.8051
23.6113 78.8051
23.6113 78.8051
23.6113 78.8051
23.6113 78.8051
23.6113 78.8051
23.6113 78.8051
23.6113 78.8051
23.6113 78.8051
23.6113 78.8051
23.6113 78.8051
23.6113 78.8051
23.6113 78.8051
23.6113 78.8051
23.6113 78.8051
23.6113 78.8051
23.6113 78.8051
23.6113 78.8051
23.6113 78.8051
20.1467 66.6013
20.1467 66.6013
20.1467 66.6013
20.1467 66.6013
20.1467 66.6013
20.1467 66.6013
20.1467 66.6013
20.1467 66.6013
20.1467 66.6013
20.1467 66.6013
20.1467 66.6013
20.1467 66.6013
20.1467 66.6013
19.0906 63.7117
19.0906 63.7117
19.0906 63.7117
19.0906 63.7117
19.0906 63.7117
19.0906 63.7117
19.0906 63.7117
19.0906 63.7117
19.0906 63.7117
19.0906 63.7117
19.0906 63.7117
19.0906 63.7117
19.0906 63.7117
21.7066 60.1431
21.7066 60.1431
21.7066 60.1431
21.7066 60.1431
21.7066 60.1431
21.7066 60.1431
23.8624 61.575
23.8624 61.575
23.8624 61.575
23.8624 61.575
30.6499 64.9891
30.6499 64.9891
30.6499 64.9891
30.6499 64.9891
30.6499 64.9891
30.6499 64.9891
30.6499 64.9891
30.6499 64.9891
30.6499 64.9891
29.1951 69.803
29.1951 69.803
29.1951 69.803
29.1951 69.803
29.1951 69.803
29.1951 69.803
29.1951 69.803
29.1951 69.803
29.1951 69.803
36.9006 71.27
36.9006 71.27
36.9006 71.27
36.9006 71.27
36.9006 71.27
36.9006 71.27
36.9006 71.27
36.9006 71.27
36.9006 71.27
36.9006 71.27
36.9006 71.27
36.9006 71.27
36.9006 71.27
36.9006 71.27
42.824 83.1149
42.824 83.1149
42.824 83.1149
42.824 83.1149
42.824 83.1149
42.824 83.1149
42.824 83.1149
42.824 83.1149
42.824 83.1149
42.824 83.1149
42.824 83.1149
42.824 83.1149
47.922 87.4787
47.922 87.4787
47.922 87.4787
47.922 87.4787
47.922 87.4787
47.922 87.4787
47.922 87.4787
47.922 87.4787
47.922 87.4787
47.922 87.4787
47.922 87.4787
47.922 87.4787
47.922 87.4787
47.922 87.4787
48.0817 90.4204
48.0817 90.4204
48.0817 90.4204
48.0817 90.4204
48.0817 90.4204
48.0817 90.4204
48.0817 90.4204
48.0817 90.4204
48.0817 90.4204
48.0817 90.4204
48.0817 90.4204
48.0817 90.4204
48.0817 90.4204
48.0817 90.4204
48.0817 90.4204
48.0817 90.4204
48.0817 90.4204
48.0817 90.4204
48.0817 90.4204
48.0817 90.4204
48.0817 90.4204
48.0817 90.4204
48.0817 90.4204
48.0817 90.4204
48.0817 90.4204
48.0817 90.4204
48.0817 90.4204
48.0817 90.4204
44.5338 92.0668
44.5338 92.0668
44.5338 92.0668
44.5338 92.0668
44.5338 92.0668
44.5338 92.0668
44.5338 92.0668
44.5338 92.0668
44.5338 92.0668
44.5338 92.0668
44.5338 92.0668
44.5338 92.0668
44.5338 92.0668
44.5338 92.0668
44.5338 92.0668
44.5338 92.0668
44.5338 92.0668
44.5338 92.0668
44.5338 92.0668
44.5338 92.0668
44.5338 92.0668
44.5338 92.0668
59.6645 101.367
59.6645 101.367
59.6645 101.367
60.9572 89.2766
60.9572 89.2766
60.9572 89.2766
60.9572 89.2766
60.9572 89.2766
60.9572 89.2766
60.9572 89.2766
60.9572 89.2766
60.9572 89.2766
60.9572 89.2766
60.9572 89.2766
60.9572 89.2766
60.9572 89.2766
60.9572 89.2766
60.9572 89.2766
60.9572 89.2766
60.9572 89.2766
60.9572 89.2766
60.9572 89.2766
60.9572 89.2766
60.9572 89.2766
60.9572 89.2766
60.9572 89.2766
60.9572 89.2766
60.9572 89.2766
60.9572 89.2766
74.3875 88.0851
74.3875 88.0851
74.3875 88.0851
74.3875 88.0851
75.0695 88.691
75.0695 88.691
75.0695 88.691
75.0695 88.691
75.0695 88.691
75.0695 88.691
75.0695 88.691
75.0695 88.691
75.0695 88.691
75.0695 88.691
75.0695 88.691
75.0695 88.691
75.0695 88.691
75.0695 88.691
82.1024 87.8152
82.1024 87.8152
88.7849 90.5431
88.7849 90.5431
88.7849 90.5431
88.7849 90.5431
91.818 95.133
91.818 95.133
91.818 95.133
85.2974 86.1805
85.2974 86.1805
83.598 81.6213
83.598 81.6213
83.598 81.6213
76.4454 81.49
76.4454 81.49
72.5646 78.8408
72.5646 78.8408
72.5646 78.8408
72.5646 78.8408
72.5646 78.8408
72.5646 78.8408
72.5646 78.8408
72.5646 78.8408
72.5646 78.8408
72.5646 78.8408
72.5646 78.8408
72.5646 78.8408
72.5646 78.8408
72.5646 78.8408
76.368 69.254
76.368 69.254
76.368 69.254
76.368 69.254
76.368 69.254
76.368 69.254
76.368 69.254
76.368 69.254
83.7884 58.2142
83.7884 58.2142
83.7884 58.2142
83.7884 58.2142
83.7884 58.2142
83.7884 58.2142
83.7884 58.2142
83.7884 58.2142
83.7884 58.2142
83.7884 58.2142
83.7884 58.2142
83.7884 58.2142
83.7884 58.2142
83.7884 58.2142
83.7884 58.2142
83.7884 58.2142
80.4154 50.9999
75.1673 47.5802
75.1673 47.5802
75.1673 47.5802
75.1673 47.5802
75.1673 47.5802
75.1673 47.5802
75.1673 47.5802
75.1673 47.5802
75.1673 47.5802
75.1673 47.5802
75.1673 47.5802
75.1673 47.5802
73.2121 54.6727
73.2121 54.6727
73.2121 54.6727
73.0603 57.2196
73.0603 57.2196
66.4655 56.8765
66.4655 56.8765
66.4655 56.8765
66.4655 56.8765
66.4655 56.8765
66.4655 56.8765
66.4655 56.8765
63.2088 53.54
63.2088 53.54
63.2088 53.54
63.2088 53.54
63.2088 53.54
63.2088 53.54
62.718 58.4704
62.718 58.4704
62.1313 60.7444
62.1313 60.7444
62.6243 64.9027
62.6243 64.9027
62.6243 64.9027
62.6243 64.9027
62.6243 64.9027
62.6243 64.9027
64.7693 73.4155
64.7693 73.4155
64.7693 73.4155
64.7693 73.4155
64.7693 73.4155
54.283 80.9934
54.283 80.9934
54.283 80.9934
54.283 80.9934
54.283 80.9934
54.283 80.9934
54.283 80.9934
54.283 80.9934
54.283 80.9934
54.283 80.9934
54.283 80.9934
54.283 80.9934
54.283 80.9934
51.9426 73.8223
51.9426 73.8223
51.9426 73.8223
51.9426 73.8223
51.9426 73.8223
51.9426 73.8223
56.3875 71.8782
56.3875 71.8782
56.3875 71.8782
56.3875 71.8782
56.3875 71.8782
56.3875 71.8782
56.3875 71.8782
56.3875 71.8782
56.3875 71.8782
56.3875 71.8782
56.3875 71.8782
56.3875 71.8782
56.3875 71.8782
56.3875 71.8782
56.3875 71.8782
56.3875 71.8782
56.3875 71.8782
56.3875 71.8782
56.3875 71.8782
56.3875 71.8782
56.3875 71.8782
56.3875 71.8782
56.3875 71.8782
56.3875 71.8782
56.3875 71.8782
59.1341 64.2068
59.1341 64.2068
59.1341 64.2068
59.1341 64.2068
59.1341 64.2068
56.2978 60.974
56.2978 60.974
56.2978 60.974
56.2978 60.974
56.2978 60.974
56.2978 60.974
56.2978 60.974
56.2978 60.974
56.2978 60.974
53.8989 55.8297
53.8989 55.8297
53.8989 55.8297
53.8989 55.8297
53.8989 55.8297
53.6479 54.4561
53.6479 54.4561
53.6479 54.4561
53.6479 54.4561
53.6479 54.4561
50.3309 62.2396
50.3309 62.2396
50.3309 62.2396
50.3309 62.2396
50.3309 62.2396
50.3309 62.2396
48.917 65.4199
48.917 65.4199
48.917 65.4199
48.917 65.4199
48.917 65.4199
48.917 65.4199
48.917 65.4199
48.917 65.4199
42.363 67.3182
42.363 67.3182
42.363 67.3182
42.363 67.3182
42.363 67.3182
42.363 67.3182
42.363 67.3182
42.363 67.3182
42.363 67.3182
42.363 67.3182
42.363 67.3182
42.363 67.3182
42.363 67.3182
42.363 67.3182
42.363 67.3182
37.421 64.3417
37.421 64.3417
37.421 64.3417
37.421 64.3417
37.421 64.3417
37.421 64.3417
37.421 64.3417
37.421 64.3417
37.421 64.3417
42.6418 61.9177
42.6418 61.9177
42.6418 61.9177
42.6418 61.9177
42.6418 61.9177
42.6418 61.9177
42.6418 61.9177
45.0085 48.2856
45.0085 48.2856
45.0085 48.2856
34.2917 45.8862
34.2917 45.8862
34.2917 45.8862
34.2917 45.8862
34.2917 45.8862
34.2917 45.8862
34.2917 45.8862
34.2917 45.8862
34.2917 45.8862
34.2917 45.8862
34.2917 45.8862
34.2917 45.8862
34.2917 45.8862
34.2917 45.8862
26.3811 40.2952
26.3811 40.2952
26.3811 40.2952
26.3811 40.2952
26.3811 40.2952
26.3811 40.2952
30.9933 38.2756
30.9933 38.2756
30.9933 38.2756
30.9933 38.2756
30.9933 38.2756
30.9933 38.2756
30.9933 38.2756
30.9933 38.2756
30.9933 38.2756
30.9933 38.2756
30.9933 38.2756
30.9933 38.2756
36.5565 32.3053
36.5565 32.3053
40.9178 41.4113
40.9178 41.4113
40.9178 41.4113
40.9178 41.4113
47.7482 40.3249
47.7482 40.3249
47.7482 40.3249
47.7482 40.3249
47.7482 40.3249
47.7482 40.3249
47.7482 40.3249
47.7482 40.3249
47.7482 40.3249
47.7482 40.3249
47.7482 40.3249
47.7482 40.3249
47.7482 40.3249
47.7482 40.3249
47.7482 40.3249
47.7482 40.3249
47.7482 40.3249
47.7482 40.3249
47.7482 40.3249
47.7482 40.3249
47.7482 40.3249
47.7482 40.3249
47.7482 40.3249
47.7482 40.3249
47.7482 40.3249
55.2523 38.1079
55.2523 38.1079
55.2523 38.1079
55.2523 38.1079
55.2523 38.1079
55.2523 38.1079
55.2523 38.1079
55.2523 38.1079
55.2523 38.1079
55.2523 38.1079
55.2523 38.1079
59.212 42.306
59.212 42.306
59.212 42.306
59.212 42.306
59.212 42.306
59.212 42.306
59.212 42.306
61.296 39.7771
61.296 39.7771
61.296 39.7771
61.296 39.7771
61.296 39.7771
64.2626 37.3215
64.2626 37.3215
64.2626 37.3215
64.2626 37.3215
86.717 25.758
86.717 25.758
86.717 25.758
86.717 25.758
86.717 25.758
86.717 25.758
87.8023 20.4237
87.8023 20.4237
86.0868 17.4195
86.0868 17.4195
