0,27,681,598,716,634,828,978,594,6,821,844,377,458,930,250,358,959,197,421,865,55,555,66,751,164,355,472,63,209,356,452,566,19,262,778,210,69,687,862,692,834,512,935,508,917,989,49,783,194,257,586,480,790,619,679,38,278,191,706,664,467,379,853,246,869,7,811,151,65,414,486,403,37,529,908,913,11,525,388,302,413,543,633,723,205,655,545,534,476,154,542,373,352,805,956,142,758,797,32,858,391,949,496,599,705,788,748,535,438,174,475,397,390,324,938,422,451,735,720,79,603,267,571,846,971,965,327,329,733,730,132,526,591,600,587,957,359,697,550,601,897,878,604,954,41,608,275,113,16,333,507,382,398,124,454,346,578,168,469,789,443,81,924,991,955,374,427,400,272,796,495,739,97,487,879,680,479,48,860,244,266,695,411,130,99,635,888,701,886,361,780,502,927,220,552,726,429,658,500,339,916,757,326,360,431,253,574,537,946,662,2,689,349,60,872,167,424,141,296,394,910,291,715,501,649,724,189,270,226,614,215,540,350,80,729,645,171,903,410,248,976,779,163,54,453,676,21,802,484,855,216,459,683,252,968,523,137,175,493,104,56,365,596,225,809,308,929,89,912,891,876,756,732,269,147,839,461,688,576,533,264,281,30,804,370,127,621,765,923,101,180,237,342,798,471,922,875,906,848,522,155,597,945,276,492,843,623,842,926,793,644,117,519,357,870,85,217,45,323,43,274,675,232,29,314,466,592,590,33,745,425,136,195,835,838,932,520,684,332,107,951,977,170,198,242,497,506,383,884,609,334,387,920,553,900,110,850,650,656,852,102,583,68,606,670,143,767,967,188,396,485,70,942,538,35,743,577,84,498,847,112,625,238,907,987,617,109,440,515,186,161,810,468,762,791,286,235,293,857,921,315,432,208,668,460,67,558,282,173,340,91,18,229,509,369,605,744,582,727,904,832,190,647,595,478,579,420,385,152,393,975,201,528,962,867,941,417,159,775,837,51,83,290,71,864,322,204,450,25,740,311,660,372,889,685,473,648,580,820,928,135,893,845,813,725,494,983,251,52,854,353,654,666,818,742,823,465,318,42,817,896,259,118,931,202,856,313,992,464,149,887,395,177,984,816,622,158,477,185,285,273,737,746,882,23,145,620,952,544,9,481,937,297,575,317,940,12,530,165,642,129,814,416,375,659,40,562,861,980,437,563,294,82,690,874,911,415,344,367,408,516,156,774,866,624,851,541,105,766,763,618,449,320,738,754,584,713,511,532,434,961,389,309,548,76,392,974,181,343,752,150,28,808,877,786,448,271,960,559,5,265,139,241,773,638,72,22,53,256,795,172,919,92,428,806,561,239,895,292,536,319,567,335,769,947,800,801,280,671,62,807,636,305,140,179,826,126,406,94,755,193,894,378,880,964,632,245,404,134,564,513,144,986,782,672,223,206,58,569,840,470,610,611,707,613,146,631,20,230,539,490,871,859,73,918,456,651,418,231,227,15,833,761,96,120,115,93,183,44,50,138,885,368,36,768,753,409,714,306,249,491,521,441,593,933,696,776,430,435,200,386,442,39,585,213,718,364,637,969,914,106,750,380,199,405,628,827,711,988,693,719,447,108,1,17,699,288,815,712,13,973,678,868,236,462,88,436,184,316,399,401,446,31,304,247,207,694,75,665,615,240,546,557,433,445,444,570,95,300,944,169,568,953,736,892,547,153,263,890,759,792,554,728,803,825,560,905,982,301,426,203,734,667,948,457,657,219,321,325,371,607,277,830,381,255,556,178,686,224,14,90,939,298,639,3,747,966,376,784,131,338,119,347,192,717,531,234,517,77,760,505,565,970,703,162,950,551,524,114,196,972,764,772,503,589,799,698,279,640,482,677,34,901,336,981,59,510,463,233,691,771,936,630,527,303,218,708,166,157,100,925,122,116,214,849,128,78,749,228,47,990,182,222,863,499,514,57,489,663,123,731,46,312,652,328,330,841,958,341,909,212,148,616,384,133,87,700,125,10,268,770,423,283,86,74,794,963,572,898,299,331,4,187,682,646,629,61,412,362,812,455,488,8,881,211,588,674,702,366,722,710,258,673,121,354,985,741,474,943,709,836,829,612,549,641,402,254,661,348,669,915,221,899,902,602,407,307,111,64,351,573,626,518,704,310,643,363,287,160,883,337,26,934,787,824,284,439,822,289,261,653,781,785,419,873,819,24,777,831,721,504,176,295,581,103,483,979,260,243,627,98,345,
value : 758.69 running time : 31.984965
80 20
65.0729 32.812
65.0729 32.812
65.0729 32.812
58.6292 32.832
58.6292 32.832
58.6292 32.832
58.6292 32.832
58.6292 32.832
58.6292 32.832
58.6292 32.832
58.6292 32.832
58.6292 32.832
58.6292 32.832
58.6292 32.832
58.6292 32.832
58.6292 32.832
58.6292 32.832
50.2809 35.0832
50.2809 35.0832
50.2809 35.0832
50.2809 35.0832
50.2809 35.0832
50.2809 35.0832
50.2809 35.0832
50.2809 35.0832
50.2809 35.0832
51.578 36.715
51.578 36.715
51.578 36.715
51.578 36.715
48.362 41.002
48.362 41.002
48.362 41.002
48.362 41.002
42.2055 41.7245
42.2055 41.7245
42.2055 41.7245
42.2055 41.7245
43.6274 37.5132
43.6274 37.5132
43.6274 37.5132
43.6274 37.5132
43.6274 37.5132
37.2382 36.996
37.2382 36.996
37.2382 36.996
37.1689 37.4636
37.1689 37.4636
37.1689 37.4636
37.1689 37.4636
37.1689 37.4636
37.1689 37.4636
37.1689 37.4636
37.1689 37.4636
37.1689 37.4636
37.1689 37.4636
37.1689 37.4636
37.1689 37.4636
37.1689 37.4636
37.1689 37.4636
37.1689 37.4636
37.1689 37.4636
37.1689 37.4636
30.7162 28.5001
30.7162 28.5001
30.7162 28.5001
30.7162 28.5001
30.7162 28.5001
31.0413 34.3598
31.4522 41.7677
31.4522 41.7677
31.4522 41.7677
31.4522 41.7677
31.4522 41.7677
31.4522 41.7677
27.4064 42.6729
27.4064 42.6729
27.4064 42.6729
27.4064 42.6729
27.4064 42.6729
27.4064 42.6729
27.4064 42.6729
27.4064 42.6729
27.4064 42.6729
27.4064 42.6729
27.4064 42.6729
27.4064 42.6729
19.4027 48.4969
19.4027 48.4969
19.4027 48.4969
19.4027 48.4969
19.4027 48.4969
19.4027 48.4969
19.4027 48.4969
19.4027 48.4969
19.4027 48.4969
19.4027 48.4969
19.4027 48.4969
19.4027 48.4969
19.4027 48.4969
19.4027 48.4969
19.4027 48.4969
19.4027 48.4969
23.9511 51.5197
23.9511 51.5197
23.9511 51.5197
23.9511 51.5197
23.9511 51.5197
23.9511 51.5197
23.9511 51.5197
23.9511 51.5197
23.9511 51.5197
24.6386 57.2132
24.6386 57.2132
24.6386 57.2132
24.6386 57.2132
24.6386 57.2132
24.6386 57.2132
24.6386 57.2132
24.6386 57.2132
24.6386 57.2132
24.6386 57.2132
29.1945 64.4611
29.1945 64.4611
29.1945 64.4611
29.1945 64.4611
29.1945 64.4611
29.1945 64.4611
29.1945 64.4611
29.1945 64.4611
29.1945 64.4611
29.1945 64.4611
29.1945 64.4611
29.1945 64.4611
29.1945 64.4611
29.1945 64.4611
29.1945 64.4611
23.31 71.4276
23.31 71.4276
23.31 71.4276
23.31 71.4276
23.31 71.4276
23.31 71.4276
23.31 71.4276
23.31 71.4276
23.31 71.4276
23.31 71.4276
23.31 71.4276
23.31 71.4276
23.31 71.4276
23.31 71.4276
23.31 71.4276
23.31 71.4276
23.31 71.4276
23.31 71.4276
15.9137 74.6894
15.9137 74.6894
15.9137 74.6894
15.9137 74.6894
15.9137 74.6894
15.9137 74.6894
15.9137 74.6894
15.9137 74.6894
15.9137 74.6894
15.9137 74.6894
15.9137 74.6894
15.9137 74.6894
15.9137 74.6894
15.9137 74.6894
15.9137 74.6894
14.7955 76.421
14.7955 76.421
14.7955 76.421
14.7955 76.421
14.7955 76.421
14.7955 76.421
14.7955 76.421
14.7955 76.421
14.7955 76.421
14.7955 76.421
14.7955 76.421
14.7955 76.421
14.7955 76.421
14.7955 76.421
14.7955 76.421
14.7955 76.421
14.7955 76.421
14.7955 76.421
14.7955 76.421
14.7955 76.421
14.7955 76.421
14.7955 76.421
14.7955 76.421
14.7955 76.421
14.7955 76.421
14.7955 76.421
14.7955 76.421
14.7955 76.421
14.7955 76.421
14.7955 76.421
14.7955 76.421
14.7955 76.421
14.7955 76.421
14.7955 76.421
14.7955 76.421
23.0378 76.4843
23.0378 76.4843
23.0378 76.4843
23.0378 76.4843
23.0378 76.4843
23.0378 76.4843
23.0378 76.4843
24.2804 75.9508
24.2804 75.9508
24.2804 75.9508
24.2804 75.9508
24.2804 75.9508
25.3593 77.5182
25.3593 77.5182
31.5093 77.8122
31.5093 77.8122
32.7733 74.7112
32.7733 74.7112
32.7733 74.7112
32.7733 74.7112
32.7733 74.7112
32.7733 74.7112
32.7733 74.7112
32.7733 74.7112
32.7733 74.7112
32.7733 74.7112
32.7733 74.7112
32.7733 74.7112
32.7733 74.7112
35.3987 66.6067
35.3987 66.6067
35.3987 66.6067
35.3987 66.6067
35.3987 66.6067
38.4276 69.9206
38.4276 69.9206
38.4276 69.9206
38.4276 69.9206
38.4276 69.9206
39.1321 69.6136
39.1321 69.6136
39.1321 69.6136
40.6323 68.6409
40.6323 68.6409
40.6323 68.6409
40.6323 68.6409
40.6323 68.6409
40.6323 68.6409
40.6323 68.6409
40.7081 66.4721
40.7081 66.4721
40.7081 66.4721
40.7081 66.4721
40.7081 66.4721
40.7081 66.4721
40.7081 66.4721
40.7081 66.4721
40.7081 66.4721
40.7081 66.4721
40.7081 66.4721
40.7081 66.4721
40.7081 66.4721
39.3314 55.4049
39.3314 55.4049
39.3314 55.4049
39.3314 55.4049
39.3314 55.4049
39.3314 55.4049
39.3314 55.4049
39.3314 55.4049
39.3314 55.4049
39.3314 55.4049
39.3314 55.4049
39.3314 55.4049
39.3314 55.4049
39.3314 55.4049
39.3314 55.4049
39.3314 55.4049
39.3314 55.4049
39.3314 55.4049
39.3314 55.4049
39.3314 55.4049
39.3314 55.4049
39.3314 55.4049
39.3314 55.4049
39.3314 55.4049
39.3314 55.4049
39.3314 55.4049
47.4733 51.0297
47.4733 51.0297
47.4733 51.0297
47.4733 51.0297
47.4733 51.0297
47.4733 51.0297
47.4733 51.0297
47.4733 51.0297
47.4733 51.0297
47.4733 51.0297
47.4733 51.0297
47.4733 51.0297
47.4733 51.0297
47.4733 51.0297
61.4386 48.3372
61.4386 48.3372
61.4386 48.3372
61.4386 48.3372
61.4386 48.3372
61.4386 48.3372
61.4386 48.3372
61.4386 48.3372
61.4386 48.3372
61.4386 48.3372
61.4386 48.3372
61.4386 48.3372
61.4386 48.3372
70.7725 45.4839
70.7725 45.4839
70.7725 45.4839
70.7725 45.4839
70.7725 45.4839
70.7725 45.4839
70.7725 45.4839
78.0466 40.4122
78.0466 40.4122
78.0466 40.4122
78.0466 40.4122
82.7686 43.1888
82.7686 43.1888
82.7686 43.1888
82.7686 43.1888
82.7686 43.1888
82.7686 43.1888
84.1011 59.2317
84.1011 59.2317
84.1011 59.2317
84.1011 59.2317
84.1011 59.2317
84.1011 59.2317
84.1011 59.2317
84.1011 59.2317
84.1011 59.2317
84.1011 59.2317
84.1011 59.2317
84.1011 59.2317
76.3611 53.9468
76.3611 53.9468
76.3611 53.9468
76.3611 53.9468
76.3611 53.9468
70.0966 57.6363
70.0966 57.6363
70.0966 57.6363
70.0966 57.6363
70.0966 57.6363
70.0966 57.6363
70.0966 57.6363
70.0966 57.6363
70.0966 57.6363
68.7774 52.2315
68.7774 52.2315
68.7774 52.2315
68.7774 52.2315
68.7774 52.2315
64.918 52.9009
64.918 52.9009
64.918 52.9009
64.918 52.9009
64.918 52.9009
64.918 52.9009
64.918 52.9009
55.2614 55.4068
55.2614 55.4068
55.2614 55.4068
55.2614 55.4068
53.7548 63.2528
53.7548 63.2528
53.7548 63.2528
53.7548 63.2528
53.7548 63.2528
53.7548 63.2528
55.1725 63.0425
55.1725 63.0425
55.1725 63.0425
55.1725 63.0425
55.1725 63.0425
55.1725 63.0425
55.1725 63.0425
55.1725 63.0425
55.1725 63.0425
55.1725 63.0425
55.1725 63.0425
55.1725 63.0425
55.1725 63.0425
55.1725 63.0425
55.7041 65.3613
55.7041 65.3613
55.7041 65.3613
55.7041 65.3613
55.7041 65.3613
55.7041 65.3613
55.7041 65.3613
55.7041 65.3613
55.7041 65.3613
55.7041 65.3613
55.7041 65.3613
55.7041 65.3613
62.7337 75.0224
62.7337 75.0224
62.7337 75.0224
62.7337 75.0224
62.7337 75.0224
62.7337 75.0224
62.7337 75.0224
62.7337 75.0224
62.7337 75.0224
62.7337 75.0224
65.5756 68.0157
65.5756 68.0157
65.5756 68.0157
65.5756 68.0157
65.5756 68.0157
65.5756 68.0157
72.8615 66.8663
72.8615 66.8663
72.8615 66.8663
72.8615 66.8663
72.8615 66.8663
74.5434 65.4723
74.5434 65.4723
74.5434 65.4723
74.5434 65.4723
72.4851 74.9042
72.4851 74.9042
72.4851 74.9042
72.4851 74.9042
72.4851 74.9042
72.4851 74.9042
72.4851 74.9042
72.4851 74.9042
72.4851 74.9042
87.0762 82.3528
87.0762 82.3528
87.0762 82.3528
87.0762 82.3528
87.0762 82.3528
87.0762 82.3528
87.0762 82.3528
87.0762 82.3528
87.0762 82.3528
87.0762 82.3528
87.0762 82.3528
87.0762 82.3528
81.6386 90.1722
81.6386 90.1722
81.6386 90.1722
81.6386 90.1722
81.6386 90.1722
76.7065 92.0299
76.7065 92.0299
76.7065 92.0299
76.7065 92.0299
76.7065 92.0299
76.7065 92.0299
76.7065 92.0299
76.7065 92.0299
76.7065 92.0299
67.7782 84.8494
67.7782 84.8494
67.7782 84.8494
67.7782 84.8494
67.7782 84.8494
67.7782 84.8494
67.7782 84.8494
67.7782 84.8494
67.7782 84.8494
63.4979 92.4414
63.4979 92.4414
63.4979 92.4414
63.4979 92.4414
63.4979 92.4414
63.4979 92.4414
63.4979 92.4414
63.4979 92.4414
63.4979 92.4414
63.4979 92.4414
63.4979 92.4414
63.4979 92.4414
63.4979 92.4414
63.4979 92.4414
63.4979 92.4414
63.4979 92.4414
63.4979 92.4414
63.4979 92.4414
63.4979 92.4414
63.4979 92.4414
63.4979 92.4414
63.4979 92.4414
57.9322 92.2672
57.9322 92.2672
57.9322 92.2672
57.9322 92.2672
57.9322 92.2672
57.9322 92.2672
57.9322 92.2672
59.17 85.4476
59.17 85.4476
59.17 85.4476
59.17 85.4476
59.17 85.4476
59.17 85.4476
59.17 85.4476
59.17 85.4476
50.1336 89.375
50.1336 89.375
50.1336 89.375
50.1336 89.375
50.1336 89.375
50.1336 89.375
50.1336 89.375
50.1336 89.375
50.1336 89.375
50.1336 89.375
50.1336 89.375
50.1336 89.375
50.1336 89.375
50.1336 89.375
50.1336 89.375
49.8286 89.9268
49.8286 89.9268
49.8286 89.9268
49.8286 89.9268
49.8286 89.9268
49.8286 89.9268
49.8286 89.9268
49.8286 89.9268
49.8286 89.9268
49.8286 89.9268
49.8286 89.9268
49.8286 89.9268
49.8286 89.9268
49.8286 89.9268
49.8286 89.9268
49.8286 89.9268
48.6376 91.4264
48.6376 91.4264
48.6376 91.4264
48.6376 91.4264
48.6376 91.4264
47.5999 92.8562
47.5999 92.8562
47.5999 92.8562
47.5999 92.8562
47.5999 92.8562
47.5999 92.8562
47.5999 92.8562
47.5999 92.8562
47.5999 92.8562
47.5999 92.8562
47.5999 92.8562
34.1371 95.2631
34.1371 95.2631
34.1371 95.2631
34.1371 95.2631
34.1371 95.2631
34.1371 95.2631
34.1371 95.2631
34.1371 95.2631
34.1371 95.2631
34.1371 95.2631
34.1371 95.2631
34.1371 95.2631
34.1371 95.2631
34.1371 95.2631
34.1371 95.2631
34.1371 95.2631
34.1371 95.2631
34.1371 95.2631
34.1371 95.2631
34.1371 95.2631
34.1371 95.2631
34.1371 95.2631
34.1371 95.2631
34.1371 95.2631
34.1371 95.2631
34.1371 95.2631
34.1371 95.2631
34.1371 95.2631
34.1371 95.2631
34.1371 95.2631
43.1077 86.7286
43.1077 86.7286
43.1077 86.7286
43.1077 86.7286
43.1077 86.7286
43.1077 86.7286
43.1077 86.7286
52.5544 81.5341
52.5544 81.5341
52.5544 81.5341
52.5544 81.5341
52.5544 81.5341
52.5544 81.5341
52.5544 81.5341
52.5544 81.5341
52.5544 81.5341
52.5544 81.5341
52.5544 81.5341
52.5544 81.5341
52.5544 81.5341
52.5544 81.5341
52.5544 81.5341
52.5544 81.5341
52.5544 81.5341
52.5544 81.5341
52.5544 81.5341
52.5544 81.5341
52.152 74.409
52.152 74.409
52.152 74.409
51.8558 74.2811
51.8558 74.2811
51.8558 74.2811
44.1165 79.4438
44.1165 79.4438
44.1165 79.4438
44.1165 79.4438
44.1165 79.4438
44.1165 79.4438
44.1165 79.4438
36.626 82.456
36.626 82.456
34.4112 84.6227
30.1368 88.8042
30.1368 88.8042
30.1368 88.8042
30.1368 88.8042
30.1368 88.8042
29.1334 92.5958
29.1334 92.5958
29.1334 92.5958
29.1334 92.5958
29.1334 92.5958
29.1334 92.5958
29.1334 92.5958
30.6708 92.1682
30.6708 92.1682
29.1334 92.5958
29.1334 92.5958
29.1334 92.5958
29.1334 92.5958
29.1334 92.5958
29.1334 92.5958
29.1334 92.5958
29.1334 92.5958
25.6426 97.3936
25.6426 97.3936
25.6426 97.3936
25.6426 97.3936
25.6426 97.3936
25.6426 97.3936
25.6426 97.3936
22.1557 94.6941
22.1557 94.6941
22.1557 94.6941
22.1557 94.6941
22.1557 94.6941
22.1557 94.6941
22.1557 94.6941
22.1557 94.6941
22.1557 94.6941
22.1557 94.6941
22.1557 94.6941
22.1557 94.6941
22.1557 94.6941
22.1557 94.6941
22.1557 94.6941
22.1557 94.6941
22.1557 94.6941
22.1557 94.6941
22.1557 94.6941
22.1557 94.6941
22.1557 94.6941
22.1557 94.6941
16.9692 93.9821
16.9692 93.9821
16.9692 93.9821
16.9692 93.9821
8.64262 97.3923
8.64262 97.3923
8.64262 97.3923
8.64262 97.3923
8.64262 97.3923
8.64262 97.3923
8.64262 97.3923
8.64262 97.3923
8.64262 97.3923
8.64262 97.3923
8.64262 97.3923
8.64262 97.3923
8.64262 97.3923
8.59394 97.0686
8.59394 97.0686
8.59394 97.0686
8.59394 97.0686
8.59394 97.0686
8.59394 97.0686
8.59394 97.0686
8.59394 97.0686
8.59394 97.0686
8.59394 97.0686
8.59394 97.0686
9.68527 91.2431
9.68527 91.2431
9.68527 91.2431
9.68527 91.2431
9.68527 91.2431
9.68527 91.2431
9.68527 91.2431
9.68527 91.2431
9.68527 91.2431
6.55351 81.4167
6.55351 81.4167
6.55351 81.4167
6.55351 81.4167
6.55351 81.4167
6.55351 81.4167
6.55351 81.4167
6.55351 81.4167
6.55351 81.4167
6.55351 81.4167
6.55351 81.4167
6.55351 81.4167
6.55351 81.4167
6.55351 81.4167
6.55351 81.4167
6.55351 81.4167
6.55351 81.4167
6.55351 81.4167
6.55351 81.4167
6.55351 81.4167
6.55351 81.4167
7.29935 80.9572
7.29935 80.9572
7.29935 80.9572
7.29935 80.9572
7.29935 80.9572
7.29935 80.9572
7.29935 80.9572
7.29935 80.9572
7.29935 80.9572
7.29935 80.9572
7.29935 80.9572
7.29935 80.9572
7.29935 80.9572
7.29935 80.9572
7.29935 80.9572
7.29935 80.9572
7.29935 80.9572
7.29935 80.9572
7.29935 80.9572
7.29935 80.9572
7.29935 80.9572
7.29935 80.9572
7.29935 80.9572
7.29935 80.9572
7.29935 80.9572
4.97146 74.9133
4.97146 74.9133
4.97146 74.9133
4.97146 74.9133
4.97146 74.9133
4.97146 74.9133
4.97146 74.9133
4.97146 74.9133
4.97146 74.9133
4.97146 74.9133
4.97146 74.9133
4.97146 74.9133
4.97146 74.9133
4.97146 74.9133
5.32239 73.387
5.32239 73.387
5.32239 73.387
5.32239 73.387
5.32239 73.387
5.32239 73.387
5.32239 73.387
5.32239 73.387
5.32239 73.387
5.32239 73.387
5.32239 73.387
5.32239 73.387
5.32239 73.387
5.54502 72.2563
5.54502 72.2563
5.54502 72.2563
5.54502 72.2563
5.54502 72.2563
5.54502 72.2563
5.54502 72.2563
9.38077 63.225
9.38077 63.225
9.38077 63.225
9.38077 63.225
9.38077 63.225
10.1616 62.7285
10.1616 62.7285
10.1616 62.7285
10.1616 62.7285
10.1616 62.7285
14.3092 66.6093
14.3092 66.6093
14.3092 66.6093
14.3092 66.6093
14.3092 66.6093
14.3092 66.6093
14.3092 66.6093
14.3092 66.6093
14.3092 66.6093
14.3092 66.6093
14.3092 66.6093
16.8792 62.4043
16.8792 62.4043
16.8792 62.4043
16.8792 62.4043
16.8792 62.4043
16.8792 62.4043
16.8792 62.4043
16.8792 62.4043
16.8792 62.4043
16.8792 62.4043
17.422 56.1445
17.422 56.1445
17.422 56.1445
17.422 56.1445
17.422 56.1445
17.422 56.1445
17.422 56.1445
4.3153 54.3837
4.3153 54.3837
4.3153 54.3837
4.3153 54.3837
4.3153 54.3837
4.3153 54.3837
4.3153 54.3837
4.3153 54.3837
4.3153 54.3837
4.3153 54.3837
4.3153 54.3837
4.3153 54.3837
4.3153 54.3837
7.42554 40.9105
7.42554 40.9105
7.42554 40.9105
7.42554 40.9105
7.42554 40.9105
7.42554 40.9105
7.42554 40.9105
7.42554 40.9105
7.42554 40.9105
7.42554 40.9105
7.42554 40.9105
7.42554 40.9105
7.42554 40.9105
7.42554 40.9105
7.42554 40.9105
7.42554 40.9105
7.42554 40.9105
7.42554 40.9105
7.42554 40.9105
7.42554 40.9105
7.42554 40.9105
7.42554 40.9105
7.42554 40.9105
7.42554 40.9105
7.42554 40.9105
7.42554 40.9105
7.42554 40.9105
7.42554 40.9105
7.42554 40.9105
7.42554 40.9105
7.42554 40.9105
6.78045 37.698
6.78045 37.698
7.29269 37.8357
7.29269 37.8357
7.29269 37.8357
7.29269 37.8357
7.29269 37.8357
7.29269 37.8357
7.29269 37.8357
11.2965 26.3696
11.2965 26.3696
11.2965 26.3696
11.2965 26.3696
11.2965 26.3696
11.2965 26.3696
9.38176 13.8238
9.38176 13.8238
9.38176 13.8238
9.38176 13.8238
9.38176 13.8238
9.38176 13.8238
9.38176 13.8238
9.38176 13.8238
9.38176 13.8238
9.38176 13.8238
9.38176 13.8238
9.38176 13.8238
9.38176 13.8238
9.38176 13.8238
9.38176 13.8238
12.1869 16.2589
12.1869 16.2589
12.1869 16.2589
13.2005 20.4307
13.2005 20.4307
13.2005 20.4307
20.4308 26.9508
20.4308 26.9508
20.4308 26.9508
20.4308 26.9508
20.4308 26.9508
20.4308 26.9508
20.4308 26.9508
20.4308 26.9508
20.4308 26.9508
20.4308 26.9508
20.4308 26.9508
20.4308 26.9508
20.4308 26.9508
20.4308 26.9508
20.4308 26.9508
20.6035 17.9341
20.6035 17.9341
20.6035 17.9341
20.6035 17.9341
20.6035 17.9341
20.6035 17.9341
20.6035 17.9341
26.6351 16.3319
26.6351 16.3319
26.6351 16.3319
26.6351 16.3319
26.6351 16.3319
26.6351 16.3319
26.6351 16.3319
32.3385 12.3957
32.3385 12.3957
32.3385 12.3957
32.3385 12.3957
32.3385 12.3957
32.3385 12.3957
30.5552 19.4406
30.5552 19.4406
30.5552 19.4406
30.5552 19.4406
31.9391 19.2435
31.9391 19.2435
31.9391 19.2435
31.9391 19.2435
31.9391 19.2435
31.9391 19.2435
45.229 20.2595
45.229 20.2595
45.229 20.2595
57.3107 20.9677
57.3107 20.9677
57.3107 20.9677
57.3107 20.9677
57.3107 20.9677
57.3107 20.9677
57.3107 20.9677
57.3107 20.9677
65.2402 15.8494
65.2402 15.8494
65.2402 15.8494
65.2402 15.8494
65.2402 15.8494
65.2402 15.8494
87.959 8.09569
87.959 8.09569
87.959 8.09569
87.959 8.09569
85.6885 24.2939
85.6885 24.2939
85.6885 24.2939
