0,345,590,33,98,627,483,260,243,979,176,721,103,295,504,24,598,581,751,819,831,419,777,518,586,653,337,379,261,26,529,278,160,191,834,934,943,869,692,257,480,862,205,655,38,664,679,619,663,706,723,641,829,476,125,402,254,268,673,612,439,121,284,709,354,549,915,221,899,902,787,111,822,573,602,883,307,669,64,246,626,824,643,351,366,363,310,704,407,287,702,488,8,812,722,881,629,211,588,794,61,412,362,682,674,299,258,455,646,661,710,348,572,963,741,474,331,187,65,836,985,4,898,423,499,86,74,770,10,154,514,283,534,700,87,133,384,616,148,212,909,341,958,841,330,328,652,312,46,731,489,123,78,863,222,463,182,990,47,228,749,505,57,214,128,849,925,116,122,734,100,157,196,166,708,218,565,303,527,131,717,733,192,34,162,99,965,132,957,640,970,601,691,760,336,936,703,771,510,972,981,938,908,797,758,142,698,956,267,279,805,352,373,542,233,32,496,949,391,858,414,687,37,403,486,545,891,633,543,422,413,302,388,525,269,147,11,913,788,603,397,475,705,688,174,645,493,438,535,748,756,127,7,151,811,876,89,508,989,917,49,783,778,69,804,180,596,281,533,237,839,210,262,35,471,621,929,461,101,923,798,765,809,779,563,175,404,847,907,238,625,112,782,968,453,743,964,67,676,460,668,208,432,315,91,317,12,940,173,671,378,440,800,880,632,62,9,109,94,406,126,826,248,179,769,140,305,636,807,437,252,857,755,894,193,649,484,540,225,215,614,226,270,56,878,171,189,350,724,231,539,241,206,53,22,72,638,773,872,296,167,795,309,92,919,172,806,561,761,124,120,96,141,253,651,610,428,418,574,697,2,662,946,537,349,571,60,104,910,365,137,683,410,80,501,715,21,922,986,216,976,558,732,370,523,513,144,235,459,134,54,576,855,912,163,689,730,735,308,291,30,79,901,264,359,59,846,451,324,382,903,390,599,729,950,507,927,524,526,550,587,551,443,16,591,720,454,658,398,223,578,604,41,333,888,608,954,482,266,757,244,815,860,48,479,680,879,487,411,825,275,339,326,500,113,220,97,739,916,495,469,701,168,796,600,789,971,272,346,400,361,327,427,374,955,991,635,726,924,552,81,114,630,589,130,503,329,897,772,677,764,14,347,234,784,747,531,371,219,3,686,255,665,517,966,325,667,799,429,657,433,338,502,298,77,830,224,277,381,445,939,376,119,321,886,178,560,95,301,240,568,203,892,736,780,948,607,694,944,457,905,953,263,426,444,728,547,300,153,570,982,90,207,615,639,75,554,556,462,803,792,890,169,236,557,759,546,868,115,827,711,988,693,719,447,628,585,213,718,364,637,969,914,106,750,380,199,405,39,15,435,200,776,973,678,13,401,446,31,304,247,399,833,227,1,699,108,933,712,696,17,593,431,424,360,93,183,695,44,288,76,50,138,58,885,430,436,184,316,88,442,386,470,230,672,871,859,73,918,490,456,548,36,768,753,409,714,306,249,491,521,441,368,392,974,181,343,752,150,28,808,877,786,448,271,631,20,960,611,707,139,265,146,713,874,511,532,434,559,961,389,866,613,536,738,165,642,840,129,256,292,814,766,416,105,375,659,40,562,774,763,239,259,861,851,980,895,313,294,280,746,947,530,320,394,690,319,82,245,564,118,569,449,856,618,5,801,931,737,42,273,567,575,911,992,415,344,367,408,516,156,335,202,754,584,952,882,896,23,541,624,251,580,620,666,52,464,149,854,887,395,481,177,984,297,816,622,158,823,477,318,145,494,185,285,817,813,544,135,725,893,740,648,473,928,820,983,322,845,465,311,372,889,450,685,25,660,528,204,159,385,332,742,775,83,579,937,18,417,864,837,353,987,290,229,509,71,340,369,605,921,51,802,654,962,420,867,282,582,727,110,904,832,818,900,852,383,393,152,478,744,975,941,850,967,387,977,497,107,334,506,951,198,684,136,195,920,835,838,425,932,520,242,170,884,274,675,232,609,29,314,466,592,43,606,70,670,143,767,553,656,810,485,190,68,942,201,583,623,842,926,650,102,293,595,793,538,577,161,647,515,84,644,468,617,286,498,843,396,791,188,762,519,357,870,85,217,45,323,117,634,828,716,597,186,522,276,194,492,155,848,512,197,790,421,472,906,356,342,66,27,681,875,209,844,853,945,452,566,467,935,63,289,865,785,355,458,19,250,873,555,55,164,959,358,821,594,930,978,6,781,377,745,
value : 784.37 running time : 29.433658
80 20
85.6885 24.2939
85.6885 24.2939
85.6885 24.2939
85.6885 24.2939
85.6885 24.2939
87.959 8.09569
87.959 8.09569
87.959 8.09569
87.959 8.09569
65.2402 15.8494
65.2402 15.8494
65.2402 15.8494
65.2402 15.8494
65.2402 15.8494
65.2402 15.8494
65.2402 15.8494
65.2402 15.8494
57.3107 20.9677
57.3107 20.9677
57.3107 20.9677
57.3107 20.9677
57.3107 20.9677
48.5277 16.0537
45.229 20.2595
45.229 20.2595
45.229 20.2595
45.229 20.2595
45.229 20.2595
45.229 20.2595
42.3325 29.6888
42.3325 29.6888
42.3325 29.6888
42.3325 29.6888
42.3325 29.6888
42.3325 29.6888
30.7162 28.5001
30.7162 28.5001
33.6964 36.0026
33.6964 36.0026
33.6964 36.0026
33.6964 36.0026
33.6964 36.0026
33.5198 37.1823
33.5198 37.1823
33.5198 37.1823
33.5198 37.1823
33.5198 37.1823
26.7888 36.1572
26.7888 36.1572
26.7888 36.1572
22.2318 34.5347
22.2318 34.5347
22.2318 34.5347
22.2318 34.5347
20.5817 27.0868
20.5817 27.0868
20.5817 27.0868
20.5817 27.0868
20.5817 27.0868
20.5817 27.0868
20.5817 27.0868
20.5817 27.0868
20.5817 27.0868
20.5817 27.0868
20.5817 27.0868
20.5817 27.0868
20.5817 27.0868
20.5817 27.0868
20.5817 27.0868
20.5817 27.0868
26.6351 16.3319
26.6351 16.3319
26.6351 16.3319
26.6351 16.3319
26.6351 16.3319
26.6351 16.3319
26.6351 16.3319
26.6351 16.3319
26.6351 16.3319
26.6351 16.3319
26.6351 16.3319
26.6351 16.3319
26.6351 16.3319
26.6351 16.3319
26.6351 16.3319
27.0196 15.7635
27.0196 15.7635
27.0196 15.7635
27.0196 15.7635
23.6775 11.8631
23.6775 11.8631
23.6775 11.8631
9.38176 13.8238
9.38176 13.8238
9.38176 13.8238
9.38176 13.8238
9.38176 13.8238
9.38176 13.8238
4.35483 16.0266
4.35483 16.0266
4.35483 16.0266
4.35483 16.0266
4.35483 16.0266
4.35483 16.0266
4.35483 16.0266
4.35483 16.0266
4.35483 16.0266
4.35483 16.0266
8.57513 18.6937
8.57513 18.6937
8.57513 18.6937
8.57513 18.6937
8.57513 18.6937
8.57513 18.6937
8.57513 18.6937
8.57513 18.6937
8.57513 18.6937
11.2965 26.3696
11.2965 26.3696
11.2965 26.3696
11.2965 26.3696
11.2965 26.3696
4.77688 34.247
4.77688 34.247
4.77688 34.247
4.77688 34.247
4.77688 34.247
4.77688 34.247
6.43005 39.9507
6.43005 39.9507
6.43005 39.9507
6.43005 39.9507
6.43005 39.9507
6.43005 39.9507
6.43005 39.9507
6.43005 39.9507
6.43005 39.9507
6.43005 39.9507
6.43005 39.9507
6.43005 39.9507
6.43005 39.9507
6.43005 39.9507
6.43005 39.9507
6.43005 39.9507
6.43005 39.9507
6.43005 39.9507
6.43005 39.9507
6.43005 39.9507
6.43005 39.9507
6.43005 39.9507
6.43005 39.9507
10.4766 46.1746
10.4766 46.1746
10.4766 46.1746
10.4766 46.1746
10.4766 46.1746
10.4766 46.1746
10.4766 46.1746
10.4766 46.1746
10.4766 46.1746
10.4766 46.1746
10.4766 46.1746
10.4766 46.1746
10.4766 46.1746
-1.93158 50.9176
-1.93158 50.9176
-1.93158 50.9176
-1.93158 50.9176
2.74615 54.3582
2.74615 54.3582
2.74615 54.3582
2.74615 54.3582
2.74615 54.3582
2.74615 54.3582
2.74615 54.3582
2.74615 54.3582
2.74615 54.3582
2.74615 54.3582
12.8502 59.793
12.8502 59.793
13.7421 60.8874
13.7421 60.8874
13.7421 60.8874
13.7421 60.8874
16.8792 62.4043
16.8792 62.4043
16.8792 62.4043
16.8792 62.4043
16.8792 62.4043
16.8792 62.4043
16.8792 62.4043
16.8792 62.4043
16.8792 62.4043
16.8792 62.4043
16.404 57.5523
16.404 57.5523
16.6885 57.4896
16.6885 57.4896
16.6885 57.4896
16.6885 57.4896
16.6885 57.4896
16.6885 57.4896
16.6885 57.4896
16.6885 57.4896
16.6885 57.4896
16.6885 57.4896
16.6885 57.4896
18.5034 55.1217
18.5034 55.1217
18.5034 55.1217
18.5034 55.1217
18.5034 55.1217
18.5034 55.1217
18.5034 55.1217
21.6412 41.5326
21.6412 41.5326
21.6412 41.5326
21.6412 41.5326
21.6412 41.5326
21.6412 41.5326
21.6412 41.5326
21.6412 41.5326
21.6412 41.5326
21.6412 41.5326
23.9511 51.5197
23.9511 51.5197
23.9511 51.5197
23.9511 51.5197
23.9511 51.5197
23.9511 51.5197
23.9511 51.5197
23.9511 51.5197
23.9511 51.5197
23.9511 51.5197
23.9511 51.5197
23.9511 51.5197
23.9511 51.5197
23.9511 51.5197
23.9511 51.5197
23.9511 51.5197
23.9511 51.5197
23.9511 51.5197
23.9511 51.5197
23.9511 51.5197
23.9856 55.8983
23.9856 55.8983
30.8723 54.8605
30.8723 54.8605
30.8723 54.8605
30.8723 54.8605
30.8723 54.8605
30.4732 48.3253
30.4732 48.3253
30.4732 48.3253
30.4732 48.3253
30.4732 48.3253
30.4732 48.3253
30.4732 48.3253
30.4732 48.3253
30.4732 48.3253
30.4732 48.3253
30.4732 48.3253
39.7886 50.7063
39.7886 50.7063
39.7886 50.7063
39.7116 54.5764
39.7116 54.5764
39.7116 54.5764
39.7116 54.5764
39.7116 54.5764
39.7116 54.5764
46.975 56.1734
46.975 56.1734
46.975 56.1734
46.975 56.1734
45.5252 61.2047
45.5252 61.2047
45.5252 61.2047
45.5252 61.2047
45.5252 61.2047
45.5252 61.2047
45.5252 61.2047
45.5252 61.2047
44.6414 66.309
44.6414 66.309
44.6414 66.309
51.5327 66.5136
51.5327 66.5136
51.5327 66.5136
51.5327 66.5136
51.5327 66.5136
51.5327 66.5136
51.5327 66.5136
51.5327 66.5136
51.5327 66.5136
51.5327 66.5136
53.9628 69.6825
53.9628 69.6825
53.9628 69.6825
53.9628 69.6825
53.9628 69.6825
53.9628 69.6825
53.9628 69.6825
53.9628 69.6825
52.7848 74.748
52.7848 74.748
52.7848 74.748
52.7848 74.748
52.7848 74.748
52.7848 74.748
52.7848 74.748
52.7848 74.748
52.7848 74.748
52.7848 74.748
51.2607 81.055
51.2607 81.055
51.2607 81.055
51.2607 81.055
51.2607 81.055
51.2607 81.055
51.2607 81.055
51.2607 81.055
51.2607 81.055
51.2607 81.055
51.2607 81.055
51.2607 81.055
51.2607 81.055
51.2607 81.055
44.1165 79.4438
44.1165 79.4438
44.1165 79.4438
44.1165 79.4438
44.1165 79.4438
44.1165 79.4438
44.1165 79.4438
44.1165 79.4438
44.1165 79.4438
44.1165 79.4438
44.1165 79.4438
44.1165 79.4438
44.1165 79.4438
44.1165 79.4438
42.9392 77.3935
42.9392 77.3935
42.9392 77.3935
42.9392 77.3935
42.9392 77.3935
42.9392 77.3935
36.939 85.0447
36.939 85.0447
36.939 85.0447
36.939 85.0447
36.939 85.0447
36.939 85.0447
36.939 85.0447
37.011 87.5807
37.011 87.5807
37.011 87.5807
37.011 87.5807
37.011 87.5807
37.011 87.5807
37.011 87.5807
37.011 87.5807
37.011 87.5807
37.011 87.5807
37.011 87.5807
37.011 87.5807
35.3064 86.6452
35.3064 86.6452
35.3064 86.6452
35.3064 86.6452
35.3064 86.6452
35.3064 86.6452
28.7774 86.7877
28.7774 86.7877
28.7774 86.7877
28.7774 86.7877
30.7719 79.1556
30.7719 79.1556
30.7719 79.1556
30.7719 79.1556
30.7719 79.1556
30.7719 79.1556
31.767 72.1422
31.767 72.1422
31.767 72.1422
31.767 72.1422
31.767 72.1422
31.767 72.1422
31.767 72.1422
33.131 70.4947
33.131 70.4947
33.131 70.4947
33.131 70.4947
33.131 70.4947
33.131 70.4947
40.7081 66.4721
40.7081 66.4721
40.7081 66.4721
40.7081 66.4721
40.7081 66.4721
40.7081 66.4721
40.7081 66.4721
40.7081 66.4721
40.7081 66.4721
40.7081 66.4721
40.7081 66.4721
40.7081 66.4721
40.7081 66.4721
40.7081 66.4721
40.7081 66.4721
40.7081 66.4721
40.7081 66.4721
40.7081 66.4721
33.7179 64.655
33.7179 64.655
33.7179 64.655
33.7179 64.655
33.7179 64.655
33.7179 64.655
33.7179 64.655
33.7179 64.655
33.7179 64.655
33.7179 64.655
33.7179 64.655
33.7179 64.655
27.1856 64.7402
27.1856 64.7402
27.1856 64.7402
27.1856 64.7402
27.1856 64.7402
27.1856 64.7402
27.1856 64.7402
27.1856 64.7402
27.1856 64.7402
27.1856 64.7402
27.1856 64.7402
27.1856 64.7402
23.31 71.4276
23.31 71.4276
23.31 71.4276
23.31 71.4276
23.31 71.4276
23.31 71.4276
23.31 71.4276
23.31 71.4276
23.31 71.4276
23.31 71.4276
23.31 71.4276
23.31 71.4276
23.31 71.4276
23.31 71.4276
23.31 71.4276
23.4782 76.3729
23.4782 76.3729
23.4782 76.3729
18.5508 77.7348
18.5508 77.7348
18.5508 77.7348
18.5508 77.7348
16.4765 76.9346
16.4765 76.9346
16.4765 76.9346
16.4765 76.9346
16.4765 76.9346
16.4765 76.9346
16.4765 76.9346
16.4765 76.9346
16.4765 76.9346
16.4765 76.9346
16.4765 76.9346
16.4765 76.9346
16.4765 76.9346
16.4765 76.9346
16.4765 76.9346
16.4765 76.9346
14.2071 76.7091
14.2071 76.7091
14.2071 76.7091
14.2071 76.7091
15.9137 74.6894
15.9137 74.6894
15.9137 74.6894
15.9137 74.6894
15.9137 74.6894
15.9137 74.6894
15.9137 74.6894
15.9137 74.6894
15.9137 74.6894
15.9137 74.6894
15.9137 74.6894
15.9137 74.6894
15.9137 74.6894
15.9137 74.6894
15.9137 74.6894
15.9137 74.6894
15.9137 74.6894
15.9137 74.6894
15.9137 74.6894
15.9137 74.6894
15.9137 74.6894
15.9137 74.6894
9.4205 67.9702
9.4205 67.9702
9.4205 67.9702
9.4205 67.9702
9.38077 63.225
9.38077 63.225
9.38077 63.225
9.38077 63.225
9.38077 63.225
9.38077 63.225
9.38077 63.225
9.38077 63.225
9.38077 63.225
9.38077 63.225
9.38077 63.225
9.38077 63.225
9.38077 63.225
9.38077 63.225
9.38077 63.225
9.38077 63.225
9.38077 63.225
9.38077 63.225
4.97146 74.9133
4.97146 74.9133
4.97146 74.9133
4.97146 74.9133
4.97146 74.9133
4.97146 74.9133
4.97146 74.9133
4.97146 74.9133
4.97146 74.9133
4.97146 74.9133
4.97146 74.9133
4.97146 74.9133
4.97146 74.9133
4.97146 74.9133
4.97146 74.9133
4.97146 74.9133
4.97146 74.9133
4.97146 74.9133
4.97146 74.9133
7.29935 80.9572
7.29935 80.9572
7.29935 80.9572
7.29935 80.9572
7.29935 80.9572
7.29935 80.9572
7.29935 80.9572
7.29935 80.9572
7.29935 80.9572
7.29935 80.9572
7.29935 80.9572
7.29935 80.9572
7.29935 80.9572
7.29935 80.9572
7.29935 80.9572
7.29935 80.9572
7.29935 80.9572
7.29935 80.9572
7.29935 80.9572
7.29935 80.9572
7.29935 80.9572
7.29935 80.9572
7.29935 80.9572
7.29935 80.9572
7.29935 80.9572
7.29935 80.9572
7.29935 80.9572
5.06622 83.1001
5.06622 83.1001
5.06622 83.1001
5.06622 83.1001
5.06622 83.1001
5.06622 83.1001
5.06622 83.1001
7.64021 86.1156
7.64021 86.1156
7.64021 86.1156
7.64021 86.1156
7.64021 86.1156
7.64021 86.1156
7.64021 86.1156
7.64021 86.1156
7.64021 86.1156
7.64021 86.1156
9.64522 91.2519
9.64522 91.2519
9.64522 91.2519
9.64522 91.2519
9.64522 91.2519
9.64522 91.2519
9.64522 91.2519
9.64522 91.2519
9.64522 91.2519
9.64522 91.2519
9.64522 91.2519
9.64522 91.2519
9.64522 91.2519
9.64522 91.2519
9.64522 91.2519
9.64522 91.2519
9.64522 91.2519
9.64522 91.2519
9.64522 91.2519
9.64522 91.2519
9.64522 91.2519
9.64522 91.2519
9.64522 91.2519
9.64522 91.2519
9.64522 91.2519
9.64522 91.2519
9.64522 91.2519
9.64522 91.2519
9.64522 91.2519
9.64522 91.2519
9.64522 91.2519
9.64522 91.2519
9.64522 91.2519
9.64522 91.2519
9.64522 91.2519
9.64522 91.2519
9.64522 91.2519
9.64522 91.2519
9.64522 91.2519
9.64522 91.2519
9.64522 91.2519
15.4246 91.0846
15.4246 91.0846
15.4246 91.0846
15.4246 91.0846
15.4246 91.0846
15.4246 91.0846
15.4246 91.0846
15.4246 91.0846
15.4246 91.0846
15.4246 91.0846
15.4246 91.0846
15.4246 91.0846
15.4246 91.0846
15.4246 91.0846
15.4246 91.0846
17.7519 91.1108
17.7519 91.1108
17.7155 89.1137
17.7155 89.1137
17.7155 89.1137
17.7155 89.1137
17.7155 89.1137
17.7155 89.1137
24.6694 91.2779
24.6694 91.2779
24.6694 91.2779
24.6694 91.2779
24.6694 91.2779
24.6694 91.2779
24.6694 91.2779
24.6694 91.2779
24.6694 91.2779
24.8205 91.4605
24.8205 91.4605
24.8205 91.4605
24.8205 91.4605
24.8205 91.4605
24.8205 91.4605
24.8205 91.4605
24.8205 91.4605
24.8205 91.4605
24.8205 91.4605
24.8205 91.4605
24.8205 91.4605
24.8205 91.4605
32.0072 96.1909
32.0072 96.1909
34.1371 95.2631
34.1371 95.2631
34.1371 95.2631
34.1371 95.2631
34.1371 95.2631
34.1371 95.2631
34.1371 95.2631
34.1371 95.2631
34.1371 95.2631
34.1371 95.2631
34.1371 95.2631
34.1371 95.2631
34.1371 95.2631
34.1371 95.2631
34.1371 95.2631
34.1371 95.2631
34.1371 95.2631
44.1864 92.5552
44.1864 92.5552
44.1864 92.5552
44.1864 92.5552
44.1864 92.5552
44.1864 92.5552
44.1864 92.5552
44.1864 92.5552
44.1864 92.5552
44.1864 92.5552
44.1864 92.5552
44.1864 92.5552
44.1864 92.5552
44.1864 92.5552
44.6406 89.0938
44.6406 89.0938
44.6406 89.0938
44.6406 89.0938
44.6406 89.0938
44.6406 89.0938
44.6406 89.0938
44.6406 89.0938
44.6406 89.0938
44.6406 89.0938
44.6406 89.0938
44.6406 89.0938
44.6406 89.0938
44.6406 89.0938
44.6406 89.0938
44.6406 89.0938
44.6406 89.0938
44.6406 89.0938
44.6406 89.0938
44.6406 89.0938
44.6406 89.0938
44.6406 89.0938
47.384 86.5446
47.384 86.5446
47.384 86.5446
47.384 86.5446
47.384 86.5446
47.384 86.5446
47.384 86.5446
47.384 86.5446
47.384 86.5446
47.384 86.5446
47.384 86.5446
47.384 86.5446
48.6376 91.4264
48.6376 91.4264
48.6376 91.4264
48.6376 91.4264
48.6376 91.4264
57.2255 86.9874
57.2255 86.9874
57.2255 86.9874
57.2255 86.9874
57.2255 86.9874
57.2255 86.9874
57.2255 86.9874
57.2255 86.9874
57.2255 86.9874
57.2255 86.9874
57.9322 92.2672
57.9322 92.2672
57.9322 92.2672
57.9322 92.2672
57.9322 92.2672
57.9322 92.2672
57.9322 92.2672
57.9322 92.2672
57.9322 92.2672
57.9322 92.2672
57.9322 92.2672
57.9322 92.2672
57.9322 92.2672
57.9322 92.2672
57.9322 92.2672
65.2589 97.7172
65.2589 97.7172
65.2589 97.7172
65.2589 97.7172
65.2589 97.7172
65.2589 97.7172
65.2589 97.7172
65.2589 97.7172
64.6699 91.7597
64.6699 91.7597
64.6699 91.7597
64.6699 91.7597
64.6699 91.7597
64.6699 91.7597
64.6699 91.7597
64.6699 91.7597
64.6699 91.7597
64.6699 91.7597
64.6699 91.7597
64.6699 91.7597
64.6699 91.7597
64.6699 91.7597
64.6699 91.7597
64.6699 91.7597
64.6699 91.7597
64.6699 91.7597
64.6699 91.7597
71.1501 92.6569
71.1501 92.6569
71.1501 92.6569
76.7065 92.0299
76.7065 92.0299
76.7065 92.0299
76.7065 92.0299
76.7065 92.0299
76.7065 92.0299
76.7065 92.0299
76.7065 92.0299
76.7065 92.0299
88.1024 82.5073
88.1024 82.5073
88.1024 82.5073
88.1024 82.5073
88.1024 82.5073
88.1024 82.5073
88.1024 82.5073
88.1024 82.5073
88.1024 82.5073
88.1024 82.5073
77.4901 78.9226
77.4901 78.9226
77.4901 78.9226
76.0553 81.2953
76.0553 81.2953
76.0553 81.2953
76.0553 81.2953
72.7936 77.9974
72.7936 77.9974
72.7936 77.9974
72.7936 77.9974
65.6331 83.1597
65.6331 83.1597
65.6331 83.1597
65.6331 83.1597
65.6331 83.1597
65.6331 83.1597
57.9321 76.8226
57.9321 76.8226
57.9321 76.8226
57.9321 76.8226
57.8561 72.2678
57.8561 72.2678
57.8561 72.2678
61.062 68.8212
61.062 68.8212
61.062 68.8212
61.062 68.8212
61.062 68.8212
61.062 68.8212
67.1052 72.2424
67.1052 72.2424
67.1052 72.2424
67.1052 72.2424
67.1052 72.2424
72.8615 66.8663
72.8615 66.8663
72.8615 66.8663
72.8615 66.8663
72.8615 66.8663
72.8615 66.8663
72.8615 66.8663
72.8615 66.8663
72.8615 66.8663
83.8018 56.9055
83.8018 56.9055
83.8018 56.9055
83.8018 56.9055
83.8018 56.9055
83.8018 56.9055
83.8018 56.9055
83.8018 56.9055
83.8018 56.9055
83.8018 56.9055
83.8018 56.9055
83.8018 56.9055
83.8018 56.9055
84.1167 51.8303
84.1167 51.8303
84.1167 51.8303
84.1167 51.8303
84.3269 47.8282
84.3269 47.8282
84.3269 47.8282
84.3269 47.8282
84.3269 47.8282
69.5297 47.243
69.5297 47.243
69.5297 47.243
69.5297 47.243
69.5297 47.243
69.5297 47.243
69.5297 47.243
69.5297 47.243
69.5297 47.243
69.5297 47.243
69.5297 47.243
69.5297 47.243
69.5297 47.243
69.5297 47.243
69.5297 47.243
67.5509 55.971
67.5509 55.971
67.5509 55.971
67.5509 55.971
67.5509 55.971
67.5509 55.971
67.5509 55.971
60.7353 54.7902
60.7353 54.7902
60.7353 54.7902
60.7353 54.7902
60.7353 54.7902
60.7353 54.7902
60.7353 54.7902
60.7353 54.7902
60.7353 54.7902
60.7353 54.7902
60.7353 54.7902
60.7353 54.7902
60.7353 54.7902
60.7353 54.7902
60.7353 54.7902
55.2614 55.4068
55.2614 55.4068
55.2614 55.4068
55.2614 55.4068
55.2614 55.4068
55.2614 55.4068
55.2614 55.4068
55.2614 55.4068
55.2614 55.4068
55.2614 55.4068
61.6609 49.6613
61.6609 49.6613
61.6609 49.6613
61.6609 49.6613
61.9952 45.8181
61.9952 45.8181
61.9952 45.8181
61.9952 45.8181
55.3428 40.9783
55.3428 40.9783
51.5328 47.6222
51.5328 47.6222
51.5328 47.6222
51.5328 47.6222
51.5328 47.6222
51.5328 47.6222
51.5328 47.6222
51.5328 47.6222
51.5328 47.6222
51.5328 47.6222
48.0452 42.8177
48.0452 42.8177
48.0452 42.8177
48.0452 42.8177
48.0452 42.8177
48.0452 42.8177
48.0452 42.8177
48.362 41.002
48.362 41.002
48.362 41.002
48.362 41.002
48.362 41.002
48.362 41.002
48.362 41.002
48.362 41.002
48.362 41.002
50.2809 35.0832
50.2809 35.0832
50.2809 35.0832
50.2809 35.0832
50.2809 35.0832
50.2809 35.0832
50.2809 35.0832
50.2809 35.0832
50.2809 35.0832
50.2809 35.0832
50.2809 35.0832
50.2809 35.0832
50.2809 35.0832
50.2809 35.0832
54.9622 33.1681
54.9622 33.1681
54.9622 33.1681
54.9622 33.1681
54.9622 33.1681
54.9622 33.1681
65.0729 32.812
65.0729 32.812
65.0729 32.812
67.4698 30.7548
