0,260,483,345,627,243,979,590,835,520,33,98,670,926,143,609,745,466,592,821,314,358,45,357,85,217,377,323,117,43,870,675,606,978,767,102,262,644,70,188,623,485,478,242,425,387,941,583,232,967,334,842,553,136,274,951,198,920,932,29,838,195,884,506,684,977,107,170,497,450,311,685,25,889,660,372,417,473,159,494,820,928,52,158,251,893,135,149,318,353,580,285,42,620,464,322,983,725,775,742,648,666,852,204,385,740,332,579,201,528,383,900,420,847,460,975,867,595,152,656,290,762,942,850,650,440,110,647,668,190,907,519,238,396,35,453,281,498,468,264,621,577,793,186,945,791,286,216,683,964,523,855,235,576,625,484,910,175,410,765,632,161,676,798,91,802,94,895,208,743,605,432,968,84,193,779,582,282,614,248,857,894,225,163,558,724,800,921,315,671,80,134,986,923,109,810,293,538,18,340,9,782,112,617,68,837,515,67,393,962,832,654,229,51,509,173,145,567,465,83,727,818,378,71,864,481,744,937,544,801,904,813,185,854,297,940,156,861,952,140,202,851,369,880,536,690,931,887,40,395,245,179,477,177,845,273,622,317,992,856,816,313,367,516,754,737,823,984,511,774,817,961,624,584,23,434,265,320,105,766,5,882,896,980,344,911,309,763,826,636,562,642,540,575,513,335,987,305,280,659,394,662,769,118,343,129,539,12,259,408,947,561,294,564,563,319,126,814,532,62,746,618,406,415,449,271,389,541,874,866,448,375,139,752,72,206,165,707,569,392,53,181,738,638,150,22,239,713,470,416,230,559,92,960,231,613,974,651,491,610,808,786,36,441,761,631,611,20,13,306,430,768,409,776,447,213,15,368,138,106,236,446,969,200,988,973,93,750,380,199,39,568,678,905,827,585,115,953,803,405,868,169,693,364,792,719,637,712,153,462,442,360,17,711,435,796,240,426,75,815,546,728,247,48,436,431,58,547,326,325,288,726,556,557,560,892,300,860,444,346,90,31,551,298,554,263,108,944,628,401,955,502,457,830,224,207,570,780,433,361,113,400,443,950,88,381,607,890,371,77,657,703,686,338,374,879,825,95,203,321,991,615,736,699,982,639,1,759,162,578,339,16,429,487,386,41,885,244,658,399,833,183,789,886,914,718,301,178,871,495,249,773,418,696,50,96,456,933,593,227,304,753,316,916,521,714,608,76,695,757,859,167,469,28,424,490,44,919,918,428,73,795,548,146,840,256,437,954,120,124,253,672,2,141,571,878,241,877,172,308,215,530,189,755,350,223,292,807,171,596,226,715,404,144,649,976,82,349,645,267,957,720,501,21,132,454,600,552,599,924,697,946,927,604,601,591,635,971,701,537,296,266,184,574,168,479,689,806,730,99,60,550,872,333,252,270,888,220,411,451,327,739,275,526,503,630,901,500,114,665,218,214,589,747,100,849,524,939,734,760,799,131,948,14,97,3,680,427,376,694,255,717,277,119,531,966,667,517,192,970,219,272,445,565,166,122,499,312,708,330,863,157,116,341,46,347,234,784,222,805,128,956,336,691,925,279,972,463,527,489,47,373,57,749,174,677,303,123,858,87,949,663,652,990,700,423,78,936,154,283,985,909,505,616,212,841,673,268,710,10,384,731,898,328,86,943,133,362,958,299,836,661,187,794,963,4,412,572,258,514,331,455,74,254,629,646,899,211,741,722,812,366,61,488,402,682,674,474,902,348,588,881,307,669,643,702,439,363,704,64,351,111,573,407,787,8,602,709,824,641,284,287,834,379,518,310,883,26,337,261,289,160,205,246,915,626,191,125,65,679,151,869,278,822,11,549,388,664,476,475,38,354,37,221,486,529,989,414,7,467,790,862,853,257,603,512,748,413,687,525,692,917,935,480,69,771,655,32,612,811,535,706,913,403,438,121,770,496,534,352,829,233,981,507,908,633,182,543,302,397,148,422,34,228,729,391,142,797,938,778,735,542,723,398,482,130,196,772,329,764,587,382,846,698,758,897,688,510,733,79,903,81,705,756,359,291,965,839,891,493,390,640,545,324,237,30,912,732,471,137,56,54,929,127,461,508,147,365,809,59,804,788,533,459,104,89,210,269,922,783,619,342,370,472,101,844,906,452,566,180,522,49,597,876,155,356,848,492,843,194,586,276,555,458,66,63,634,355,875,209,594,197,716,865,419,831,828,781,873,930,681,751,27,421,785,295,19,6,959,250,934,581,55,777,164,653,24,598,819,504,176,103,721,
value : 559.966 running time : 30.133525
80 20
85.9611 17.5708
86.16 17.4898
86.0037 17.9355
85.8558 18.3571
85.7001 18.8011
85.4276 19.5783
83.0459 26.3699
82.4392 28.1
82.4392 28.1
82.4392 28.1
82.4392 28.1
72.5923 37.2685
70.3668 39.3407
69.8581 39.8142
69.4606 40.1843
69.0319 40.5835
68.5492 41.0329
68.0536 41.4944
67.5036 42.0065
66.7898 42.6711
66.1198 43.2949
65.4637 43.9058
64.7137 44.6041
63.96 45.3059
63.9054 45.3567
63.8529 45.4056
63.8 45.4548
63.735 45.5154
63.6762 45.5701
63.6173 45.6249
63.6768 45.821
63.7414 46.034
63.8073 46.2516
63.8807 46.4937
63.9419 46.6953
63.9934 46.8653
64.0551 47.0689
64.1228 47.2922
64.1905 47.5154
65.1428 47.9478
67.2151 48.8885
69.6638 50.0001
73.0851 50.7679
73.1513 50.7828
73.2176 50.7976
73.2764 50.8108
73.3383 50.8247
73.399 50.8383
73.4677 50.8537
73.5298 50.8677
73.5864 50.8804
73.6584 50.8965
73.7381 50.9144
73.7381 50.9144
75.1682 52.4226
75.592 52.8696
75.948 53.245
76.3225 53.6399
76.6904 54.0279
77.5688 54.9542
78.3502 55.7782
79.6615 57.1611
80.6688 58.2234
81.5193 59.1203
82.3247 59.9696
83.1675 60.8585
83.9742 61.7091
84.8412 62.6235
85.6044 71.0846
85.9763 75.2079
86.2715 78.4802
86.3355 79.1898
86.3786 79.6684
86.3832 79.7194
86.3887 79.7801
84.5649 82.4084
83.3918 84.0991
82.3394 85.6158
81.3505 87.041
80.6503 88.0502
80.1521 88.7683
76.4074 89.2429
76.2943 89.2572
76.1895 89.2705
76.096 89.2823
75.9916 89.2955
75.8782 89.3099
75.7754 89.3229
75.678 89.3353
75.5809 89.3476
75.4775 89.3607
75.373 89.3739
75.282 89.3854
75.2072 89.3949
75.2072 89.3949
75.2072 89.3949
75.1625 87.8139
75.1159 86.1613
75.0743 84.6866
75.0307 83.1417
74.9875 81.6102
74.849 76.7465
74.849 76.7465
74.4832 76.291
74.1676 75.8981
73.7302 75.3535
73.2847 74.7989
72.8633 74.2743
72.5514 73.8858
71.7126 72.8415
70.9188 71.8531
70.0768 70.8049
69.6384 70.259
69.2218 69.7404
68.8148 69.2336
68.3591 68.6662
67.8836 68.0742
67.4711 67.5606
67.0019 66.9765
66.627 66.5096
66.145 65.9096
65.7295 65.3923
65.3709 64.9457
64.6491 64.7204
63.8769 64.4792
63.252 64.2841
62.2095 63.9586
61.2138 63.6477
60.2656 63.3517
59.1063 62.9897
57.8759 62.6055
57.3255 62.4337
56.6973 62.2375
56.0877 62.0472
55.4618 61.8517
54.836 61.6563
54.4179 61.5257
54.0411 61.4081
53.6095 61.2733
53.2788 61.17
52.9887 61.0795
52.679 60.9828
52.3581 60.8826
52.0331 60.7811
51.7844 61.2678
51.5546 61.7178
51.2941 62.2278
51.0451 62.7152
50.8338 63.1289
50.5916 63.603
50.4029 63.9723
50.2174 64.3354
50.042 64.6789
49.8662 65.0231
49.6411 65.4636
49.443 65.8514
49.314 66.1041
49.1988 66.3294
49.0805 66.5611
48.9657 66.7857
48.8601 66.9926
48.7374 67.2328
48.6189 67.4648
48.4799 67.7368
48.3481 67.9947
48.2344 68.2174
48.1171 68.447
48.0244 68.6284
47.9209 68.8311
47.8084 69.0512
47.6884 69.2862
47.5755 69.5072
47.4506 69.7516
47.2937 70.0588
47.2937 70.0588
47.2937 70.0588
47.2937 70.0588
47.2937 70.0588
47.4842 69.9155
47.6966 69.7559
47.8806 69.6174
48.0713 69.4741
48.2762 69.3199
48.4914 69.1581
48.6948 69.0051
49.0486 68.7391
49.3719 68.4959
49.7166 68.2367
50.0219 68.0071
50.2252 67.7717
50.54 67.4073
50.8971 66.9938
51.2892 66.54
51.973 66.8786
52.583 67.1806
53.2006 67.4864
53.7909 67.7786
55.9612 70.8094
56.1208 71.0322
56.2886 71.2666
56.45 71.4921
56.6061 71.71
56.7616 71.9272
56.9342 72.1683
59.0926 75.1825
59.2546 75.4087
59.4692 75.7084
59.7242 76.0645
60.0154 76.471
60.2668 77.0043
60.517 77.5349
60.7702 78.072
61.0171 78.5955
61.2557 79.1016
61.5101 79.6411
61.9277 80.5268
62.2087 81.1227
62.4523 81.6394
62.6713 82.1037
62.8906 82.5689
63.2944 83.4252
63.3658 83.6506
63.4406 83.8865
63.5186 84.1325
63.56 84.2629
63.6021 84.396
63.6487 84.5427
63.6952 84.6897
63.6952 84.6897
63.6952 84.6897
63.6355 85.3334
63.5828 85.9017
63.5399 86.365
61.2723 87.1964
58.6581 88.1548
57.808 88.4665
57.7494 88.488
57.6904 88.5096
57.6334 88.5306
57.5776 88.551
57.5209 88.5718
57.4683 88.5911
57.4128 88.6114
57.3579 88.6316
57.3086 88.6496
57.2599 88.6675
57.2025 88.6885
57.147 88.7089
57.0961 88.7276
57.036 88.7496
56.9826 88.7692
56.9358 88.7863
56.8831 88.8056
56.831 88.8247
56.7738 88.8457
56.7175 88.8664
56.6576 88.8883
56.5948 88.9113
56.5302 88.935
56.4714 88.9566
56.408 88.9798
56.3477 89.0019
56.2875 89.024
56.2367 89.0427
56.1869 89.0609
56.1391 89.0784
55.956 89.1456
55.755 89.2193
55.5919 89.2791
55.4407 89.3345
53.3168 90.1132
52.2724 90.4962
51.2698 90.8638
50.0608 91.3071
48.7462 91.7891
47.3409 92.3044
47.3409 92.3044
47.3409 92.3044
47.3409 92.3044
47.3409 92.3044
47.3409 92.3044
47.3409 92.3044
47.3409 92.3044
47.3409 92.3044
47.3409 92.3044
47.6536 91.0266
48.0193 89.5323
48.4137 87.9205
48.7626 86.4946
49.0852 85.1764
49.3958 83.9075
49.6971 82.6762
49.7824 82.3276
49.8668 81.9829
49.9464 81.6576
50.0303 81.3149
48.7549 81.4418
47.8197 81.5349
46.6702 81.6492
45.5742 81.7583
44.7365 81.8417
44.7365 81.8417
44.9149 85.9492
44.8323 86.0504
44.7544 86.1459
44.6862 86.2295
44.6236 86.3061
44.5261 86.4257
44.4206 86.555
44.3242 86.6732
44.2226 86.7977
44.1265 86.9154
44.0296 87.0343
43.932 87.1538
43.8193 87.2919
43.7113 87.4244
43.589 87.5743
43.4712 87.7186
43.4203 87.781
43.3683 87.8448
43.3194 87.9047
43.2702 87.9649
43.2146 88.0331
43.1471 88.1159
43.0865 88.1902
43.0331 88.2557
42.98 88.3207
42.3829 88.351
41.7636 88.3825
41.1321 88.4145
40.5569 88.4438
39.918 88.4762
39.8081 88.4818
39.708 88.4868
39.6147 88.4916
39.5184 88.4965
39.4041 88.5023
39.3025 88.5074
39.1977 88.5128
39.1037 88.5175
39.0055 88.5225
38.9027 88.5277
38.7966 88.5331
38.7 88.538
38.6151 88.5423
38.5319 88.5466
38.4382 88.5513
38.3386 88.5564
38.2504 88.5609
38.1589 88.5655
38.0734 88.5698
36.6032 88.6445
35.294 88.711
34.5904 88.7468
33.8952 88.7821
33.1606 88.8195
29.7291 88.9938
27.7099 89.0965
27.3224 89.1162
26.9477 89.1352
26.5288 89.1565
26.0889 89.1789
25.6596 89.2007
25.2724 89.2204
24.8847 89.2401
24.476 89.2609
23.989 89.2856
23.1815 89.3267
22.5245 89.3601
21.7618 89.3989
20.7622 89.4497
19.4495 89.5164
16.4072 89.6709
13.0261 89.8426
10.4429 89.9739
10.4379 89.9741
10.4325 89.9744
10.4252 89.9748
10.4182 89.9751
10.4124 89.9754
10.4065 89.9757
10.4001 89.976
10.3942 89.9763
10.3883 89.9766
10.3945 89.9192
10.4007 89.862
10.4055 89.818
10.411 89.7674
10.4172 89.7101
10.423 89.6568
10.429 89.6012
10.4348 89.548
10.4409 89.4917
10.4459 89.4454
10.4517 89.3918
10.4577 89.3367
10.4634 89.2838
10.4691 89.2312
10.4745 89.1816
10.4804 89.1276
10.487 89.0665
10.4925 89.0159
10.4983 88.9623
10.5043 88.9074
10.5101 88.8541
10.5156 88.8031
10.5211 88.752
10.5267 88.7005
10.5321 88.6507
10.5382 88.5951
10.5446 88.5356
10.5494 88.4918
10.5542 88.4477
10.5601 88.3928
10.7115 86.9979
10.7405 86.7309
10.7687 86.4714
10.797 86.2108
10.8232 85.9693
10.8515 85.7082
10.8793 85.4528
10.9027 85.2368
10.9301 84.9847
10.9563 84.7431
10.9824 84.503
11.0061 84.2848
11.0294 84.0696
11.0584 83.8022
11.0815 83.5898
11.1054 83.3698
11.1372 83.0762
11.1594 82.8723
11.1807 82.6762
11.2052 82.4502
11.227 82.2493
11.2495 82.0421
11.277 81.789
11.3006 81.5718
11.3274 81.3249
11.35 81.1165
11.3745 80.8909
11.3995 80.6602
11.4231 80.4426
11.4441 80.2495
11.4651 80.0566
11.4969 79.7633
11.5326 79.4343
11.5677 79.1108
11.6049 78.7686
11.6847 78.0332
11.7684 77.2619
11.8317 76.6789
11.8956 76.0899
11.9733 75.3741
12.0474 74.6915
12.056 74.6133
12.0655 74.5266
12.0759 74.4314
12.0865 74.3345
12.0967 74.2411
12.1065 74.152
12.116 74.0656
12.126 73.9738
12.1356 73.8859
12.1468 73.7839
12.1538 73.7201
12.1604 73.6595
12.1672 73.5973
12.1728 73.5466
12.1728 73.5466
12.1728 73.5466
12.3497 74.0039
12.5342 74.4808
12.7323 74.9926
12.9205 75.4791
13.1392 76.0442
13.3542 76.5998
13.5189 77.0255
13.6807 77.4437
13.8464 77.8721
14.0284 78.3424
14.2167 78.8289
14.2167 78.8289
14.2167 78.8289
14.2167 78.8289
14.6815 79.4848
14.7421 79.5703
14.9727 79.8957
15.2082 80.228
15.4601 80.5834
15.6982 80.9193
15.6959 80.9295
15.6934 80.9406
15.6907 80.9526
15.6886 80.9617
15.6862 80.9724
15.6839 80.9826
15.6816 80.9929
15.6787 81.0057
15.6763 81.0165
15.674 81.0268
15.6719 81.0361
15.382 82.3246
15.0779 83.6761
15.0779 83.6761
15.0779 83.6761
15.0779 83.6761
18.1905 85.5729
18.6097 85.8284
19.0679 86.1077
19.5391 86.3949
19.7704 86.5358
20.0079 86.6805
20.2288 86.8152
20.4671 86.9604
20.6301 87.0597
20.7855 87.1544
20.9504 87.2549
21.1014 87.347
21.1967 87.405
21.331 87.4869
21.4531 87.5613
21.6076 87.6555
21.7892 87.7661
21.9159 87.8433
22.1531 87.6829
22.3578 87.5444
22.5507 87.414
22.7582 87.2736
22.9425 87.149
23.1378 87.0169
23.3127 86.8986
23.4852 86.782
24.1671 86.3207
24.8559 85.8549
25.5215 85.4048
26.3855 84.8204
27.0698 84.3576
27.7507 83.8971
28.4411 83.4302
29.193 82.9216
29.954 82.4069
30.0853 82.3181
30.2224 82.2254
30.3435 82.1434
30.4699 82.0579
30.5833 81.9812
30.6991 81.9029
30.8291 81.8149
30.9504 81.7329
31.082 81.6438
31.2209 81.5499
31.3564 81.4582
31.4984 81.3621
31.6254 81.2762
31.7363 81.2012
31.8445 81.128
34.0615 79.6281
36.2339 78.1584
36.272 78.1691
36.3077 78.1792
36.1362 78.0375
35.9791 77.9077
35.8046 77.7635
35.6219 77.6126
35.4599 77.4787
35.2922 77.3401
35.108 77.1879
34.9256 77.0371
34.7716 76.9099
34.6166 76.7818
34.4662 76.6576
34.3234 76.5396
34.1646 76.4084
34.0062 76.2775
33.8348 76.1359
29.4493 72.5121
28.193 71.474
27.0696 70.5458
27.0417 70.5519
27.0135 70.558
26.9857 70.5641
26.9577 70.5702
26.9257 70.5772
26.8967 70.5835
26.867 70.59
26.8392 70.596
26.8125 70.6018
26.782 70.6085
26.7528 70.6149
26.7245 70.621
26.6986 70.6267
26.6718 70.6325
26.6445 70.6385
26.6175 70.6444
26.5872 70.651
26.5586 70.6572
26.5276 70.664
26.4996 70.6701
26.471 70.6763
26.442 70.6826
26.4116 70.6893
26.4116 70.6893
26.4116 70.6893
26.4116 70.6893
26.4116 70.6893
26.4116 70.6893
26.3781 70.6721
26.3443 70.6548
26.3155 70.64
26.283 70.6234
26.2533 70.6081
26.2193 70.5907
26.1882 70.5748
26.1528 70.5566
25.0965 70.0154
24.0508 69.4796
23.0661 68.975
22.1778 68.5198
21.4102 68.1265
20.5475 67.6845
19.846 67.3251
19.1019 66.9438
18.2221 66.493
17.4655 66.1053
16.7637 65.7457
15.5366 65.117
14.1473 64.4051
12.7505 63.6893
11.6985 63.1503
11.1158 62.8517
10.7957 62.6877
10.453 62.5121
10.1065 62.3346
9.80165 62.1784
9.80165 62.1784
9.80165 62.1784
9.80165 62.1784
9.80165 62.1784
9.80165 62.1784
9.80165 62.1784
9.80165 62.1784
9.80165 62.1784
9.80165 62.1784
9.80165 62.1784
9.80165 62.1784
9.80165 62.1784
9.80165 62.1784
9.80165 62.1784
9.78432 62.1217
9.76759 62.0671
9.75115 62.0133
9.73396 61.9572
9.71543 61.8966
9.69917 61.8435
9.68248 61.7889
9.63972 61.6492
9.59652 61.5081
9.55378 61.3684
9.51038 61.2266
9.46578 61.0808
9.4182 60.9254
8.72762 58.6687
7.96897 56.1896
7.23893 53.804
6.57082 51.6207
6.57082 51.6207
6.57082 51.6207
6.57082 51.6207
6.57082 51.6207
6.57082 51.6207
6.57082 51.6207
6.57082 51.6207
6.57082 51.6207
6.57082 51.6207
6.85806 51.4498
7.22721 51.2301
8.00336 50.7683
8.70192 50.3526
9.39068 49.9427
10.2649 49.4225
10.2763 49.2152
10.2875 49.0098
10.2996 48.7879
10.3141 48.5239
10.3281 48.2674
10.3432 47.9901
10.3569 47.7393
10.3721 47.4622
10.3866 47.1957
10.402 46.9141
10.4168 46.6439
10.4321 46.3633
10.4467 46.0976
10.4606 45.8431
10.4805 45.4791
10.5038 45.0518
10.524 44.6832
10.5489 44.2271
10.5668 43.9003
10.5858 43.5519
10.6045 43.2102
10.6252 42.8306
10.645 42.4685
10.6628 42.1431
10.6805 41.82
10.6969 41.5192
10.718 41.1337
10.7407 40.7187
10.7628 40.3148
10.7796 40.0063
10.7996 39.6403
10.8384 38.9309
10.8765 38.2341
10.9164 37.5048
10.995 36.0665
11.0052 35.8797
11.014 35.719
11.0225 35.5638
11.0315 35.3986
11.0413 35.2188
11.052 35.0241
11.052 35.024
11.1833 33.0097
11.3021 31.1874
11.4086 29.555
11.5185 27.8686
11.5194 27.8553
11.6013 26.5991
11.6782 25.4206
11.7621 24.1338
11.8425 22.9005
11.8425 22.9005
11.8425 22.9005
11.8425 22.9005
11.8425 22.9005
11.8425 22.9005
11.8425 22.9005
11.8425 22.9005
11.9405 22.1622
12.0387 21.4223
12.1398 20.6606
12.2657 19.7118
12.3921 18.7595
12.4745 18.1381
12.5528 17.5485
12.6524 16.7979
12.7466 16.0878
12.8483 15.3219
12.9038 14.9031
13.1987 14.9543
13.4538 14.9987
13.921 15.0799
14.344 15.1534
14.7278 15.2201
15.1637 15.2959
15.6778 15.3852
16.1327 15.4643
16.5099 15.5299
16.9255 15.6021
17.367 15.6789
21.368 16.3742
22.0691 16.4961
22.6499 16.597
23.2282 16.6975
23.8183 16.8001
24.4271 16.9059
24.8733 16.9834
25.1998 17.0402
25.5363 17.0987
25.8718 17.157
26.1409 17.2038
26.3729 17.2441
26.5642 17.2773
26.7333 17.3067
26.9396 17.3426
27.1587 17.3807
27.3603 17.4157
27.5622 17.4508
29.6099 17.8066
31.8633 18.1981
33.7227 18.5212
34.6541 17.6749
36.3284 16.1536
36.0804 17.2789
35.8302 18.4143
35.5927 19.492
35.356 20.5661
35.1041 21.7092
34.8632 22.8024
33.4243 26.0666
32.2445 28.7432
32.0718 29.1349
31.7473 29.8709
31.4308 30.5891
30.8045 32.0099
30.1235 33.5548
30.0148 33.8013
29.9178 34.0213
29.8206 34.2417
29.7302 34.4467
29.6405 34.6503
29.5468 34.8628
29.1909 35.6702
28.9209 36.2826
28.64 36.9199
28.385 37.4982
28.1279 38.0816
28.3565 38.1277
28.5955 38.1759
28.8043 38.2181
29.3307 38.3243
29.8914 38.4374
30.5738 38.5752
31.3782 38.7375
32.1638 38.896
32.8036 39.0251
33.5346 39.1726
34.2522 39.3174
34.8226 39.9159
35.3647 40.4847
35.8735 41.0186
36.3918 41.5624
36.9085 42.1045
36.9085 42.1045
36.9085 42.1045
36.9085 42.1045
36.9085 42.1045
36.9085 42.1045
36.9085 42.1045
36.9085 42.1045
36.9085 42.1045
36.9085 42.1045
36.9085 42.1045
29.3113 42.8149
28.8557 42.8575
28.4553 42.895
28.095 42.9287
27.7565 42.9603
27.3916 42.9944
27.0506 43.0263
26.6662 43.0623
26.2671 43.0996
25.9046 43.1335
25.5397 43.1676
21.6905 45.0116
21.6905 45.0116
21.6905 45.0116
21.6905 45.0116
21.6905 45.0116
21.8862 47.0841
21.9711 47.9831
22.02 48.5016
22.0351 48.661
22.0514 48.8334
22.0671 49.0003
22.0831 49.169
22.0994 49.3417
22.1148 49.5055
22.1314 49.681
22.1522 49.9008
22.1706 50.0962
22.1847 50.2449
22.2251 50.6734
22.2551 50.9905
22.2869 51.3274
22.3191 51.6684
22.3536 52.0345
22.3871 52.3886
22.4504 53.0593
22.5063 53.6507
22.5821 54.4535
22.9798 58.6659
23.0192 58.6539
23.1055 58.6277
23.1906 58.6019
23.2805 58.5746
23.3717 58.5469
23.4642 58.5188
23.5638 58.4886
23.6604 58.4592
23.7509 58.4317
23.8451 58.4031
23.94 58.3743
24.033 58.3461
24.1398 58.3136
24.2286 58.2867
24.3132 58.261
24.4012 58.2343
24.4878 58.208
24.5705 58.1829
25.6311 57.8608
26.6813 57.5419
27.6335 57.2527
28.5297 56.9806
28.7852 56.903
29.101 56.8071
29.3935 56.7183
29.66 56.6373
29.9222 56.5577
30.1998 56.4734
30.4877 56.386
30.7906 56.294
31.1413 56.1875
31.4364 56.0979
31.7229 56.0109
32.0235 55.9196
32.2751 55.8432
32.4848 55.7796
32.7317 55.7046
32.8165 55.6789
32.8973 55.6543
32.9829 55.6283
33.0654 55.6033
33.141 55.5803
33.2262 55.5545
33.3139 55.5278
33.3984 55.5022
33.4775 55.4782
33.5723 55.4494
33.6512 55.4254
33.7382 55.399
33.8225 55.3735
34.2694 54.7218
34.7654 53.9988
35.2674 53.2669
35.7209 52.6058
36.1802 51.9361
36.6811 51.2059
37.1201 50.5658
37.5536 49.9339
37.939 49.372
38.3798 48.7294
38.7624 48.1715
39.9561 46.4313
40.0281 46.3263
40.0624 46.2763
40.0965 46.2266
40.1307 46.1768
40.1657 46.1258
40.2008 46.0745
40.237 46.0217
40.6954 45.3536
41.2333 44.5695
41.7431 43.8263
42.2449 43.0948
42.7394 42.374
43.2603 41.6147
43.8729 40.7217
44.6507 39.5877
45.2815 38.6682
46.0604 37.5329
46.2797 37.2132
46.4868 36.9112
46.7027 36.5965
46.9486 36.2381
47.0893 36.033
47.2193 35.8435
47.3919 35.5918
47.5495 35.3621
48.004 34.6475
48.498 33.8708
49.096 32.9305
49.6863 32.0024
50.1341 31.2984
50.4067 30.8697
50.6867 30.4295
50.9455 30.0227
51.1926 29.6342
51.5002 29.1505
51.8244 28.6407
52.1506 28.128
52.4727 27.6215
53.0491 26.7153
53.7006 25.6908
53.751 25.6116
53.8158 25.5098
53.8777 25.4124
53.9294 25.3312
53.9878 25.2394
54.0631 25.1209
54.1178 25.035
54.1807 24.936
54.1807 24.936
54.1807 24.936
58.2264 21.6901
60.0194 20.2515
61.3992 19.1444
62.9124 17.9303
64.3461 16.7799
65.5846 15.7862
72.1362 17.7014
