0,103,721,176,518,337,419,934,653,407,246,363,586,883,704,467,822,573,626,310,111,261,287,289,865,781,598,24,959,504,295,55,6,873,581,777,819,164,555,870,358,45,675,355,19,681,634,66,197,844,751,930,209,785,377,458,821,314,831,906,978,594,43,217,828,69,63,276,27,492,848,623,793,186,257,862,917,461,127,342,945,843,519,692,853,250,716,421,935,49,529,7,38,522,687,237,989,619,512,566,147,452,155,194,180,706,210,748,679,391,705,302,493,543,929,545,142,778,603,922,891,269,938,839,413,788,599,510,733,451,589,957,633,324,797,858,373,496,403,131,771,908,913,329,233,283,397,148,438,655,423,11,475,65,78,612,414,508,664,525,422,723,476,182,228,534,222,10,616,121,949,37,32,811,549,535,205,388,709,602,486,834,480,191,790,783,307,160,151,379,824,787,829,641,64,915,869,943,278,221,26,351,211,348,488,669,402,8,702,366,902,455,258,187,61,588,682,674,646,629,812,881,722,362,299,4,741,331,412,710,643,661,284,439,354,899,254,268,474,836,673,572,87,514,46,963,794,86,499,74,898,663,123,958,990,212,125,700,133,330,985,384,128,328,731,463,652,909,863,542,47,770,489,174,154,677,841,312,57,708,214,849,527,166,341,936,749,352,116,371,505,122,77,972,234,196,698,157,729,805,772,784,758,79,956,192,601,691,336,272,279,100,524,565,630,764,34,382,218,114,925,703,303,717,3,760,939,162,531,255,799,517,119,347,747,657,500,381,224,948,680,427,927,726,443,398,113,970,376,482,665,400,130,361,240,550,411,587,897,971,132,326,552,526,574,502,825,739,81,220,275,965,97,349,266,757,608,640,404,730,296,789,537,658,267,981,390,735,507,901,635,604,846,137,571,21,903,720,59,89,756,365,359,596,809,533,597,804,688,356,923,370,876,281,765,576,171,163,472,577,732,968,769,484,743,605,471,676,791,798,216,85,810,498,264,101,235,621,632,262,942,538,393,143,644,926,767,553,190,485,70,102,583,907,188,964,293,173,440,396,110,35,654,67,478,987,161,625,668,656,650,900,962,647,595,762,867,904,290,84,286,238,727,378,468,208,315,671,112,515,9,229,415,340,832,921,800,432,617,282,659,523,109,558,453,910,225,179,683,779,642,912,54,56,175,986,855,30,645,104,878,215,513,807,144,291,715,459,134,308,954,80,591,2,16,919,724,689,410,782,223,226,72,437,231,394,60,129,539,241,416,256,755,120,36,651,960,569,249,44,20,697,886,93,946,418,92,428,638,141,73,806,167,253,168,288,41,88,833,368,696,50,58,96,872,424,76,392,614,662,124,649,454,795,270,600,501,796,431,924,487,99,184,490,339,701,888,950,333,189,578,479,325,551,327,718,426,462,547,885,933,236,304,138,568,712,199,17,13,401,75,247,153,982,364,447,1,879,445,14,686,90,554,639,944,792,433,991,615,298,207,734,728,966,338,429,667,277,374,607,219,503,346,694,457,95,178,321,759,556,48,399,108,815,446,892,169,914,890,860,570,546,830,436,955,203,973,405,585,263,213,953,827,868,106,200,750,988,380,699,300,435,495,244,719,693,628,969,780,301,386,637,736,711,39,316,456,560,31,678,905,916,444,360,115,803,593,469,557,695,714,610,859,430,776,521,761,871,768,183,442,227,441,753,15,306,786,918,672,752,409,491,808,631,611,230,773,206,22,165,239,139,5,265,53,28,766,559,613,105,150,146,707,548,181,738,309,470,389,713,882,874,866,448,375,271,877,974,434,23,511,961,541,774,624,584,980,344,911,817,984,52,567,335,305,172,343,320,408,861,814,947,156,449,532,763,62,746,618,406,140,91,540,561,252,840,40,280,887,193,894,940,294,857,350,802,976,562,292,801,248,564,94,126,530,245,563,582,636,826,319,82,575,952,895,754,851,369,880,118,536,690,823,856,816,313,367,516,145,259,737,896,509,12,18,460,83,297,813,152,740,579,465,847,744,544,395,158,931,185,494,666,159,854,177,845,273,622,317,477,464,992,42,620,202,820,983,893,135,149,318,353,580,285,251,928,648,473,742,725,889,51,975,481,775,71,937,837,864,385,818,417,322,660,25,311,685,372,450,528,204,332,497,684,170,838,977,884,506,198,242,107,951,932,420,383,852,68,334,967,670,920,201,941,606,117,842,29,323,466,357,875,232,745,425,274,195,136,387,609,850,835,590,33,520,592,345,483,627,98,260,243,979,
value : 595.257 running time : 31.350867
80 20
62.4246 15.9873
62.3732 15.9918
58.9688 16.2887
44.732 17.5298
43.7404 17.8516
43.0237 18.0842
42.0992 18.3843
41.2629 18.6557
40.316 18.963
39.3897 19.2637
39.8034 19.4098
40.2592 19.5708
40.5157 19.6614
40.7955 19.7603
41.1015 19.8684
41.3875 19.9694
41.6865 20.075
41.9989 20.1854
42.4726 20.3528
42.9527 20.5224
43.4814 20.7091
43.9945 20.8904
47.6199 22.171
51.0353 23.3775
54.2094 24.4988
55.7496 25.0428
56.0204 25.1385
56.2562 25.2218
56.4929 25.3054
56.4579 25.4113
56.4223 25.5192
56.3893 25.6191
56.357 25.7168
56.3272 25.8069
56.2952 25.9039
55.8591 27.224
55.3285 28.8305
54.8064 30.4111
54.2795 32.0062
54.0458 32.7138
53.8125 33.42
53.5851 34.1084
53.5371 34.2538
53.488 34.4023
53.4397 34.5486
53.3905 34.6976
53.3412 34.8468
53.2924 34.9947
53.2463 35.1343
53.2033 35.2642
53.1559 35.4078
53.1114 35.5424
53.0627 35.6901
53.0127 35.8414
52.9639 35.989
52.9163 36.1332
52.8596 36.3048
52.8092 36.4576
52.5835 37.1407
52.3806 37.755
52.1998 38.3024
52.0192 38.8494
51.8382 39.3972
51.663 39.9278
51.4503 40.5718
51.2605 41.1464
51.0767 41.7028
50.9121 42.2011
50.5946 43.1622
50.3237 43.9824
50.0449 44.8267
49.7752 45.6432
49.0952 45.1577
48.1394 44.4754
48.0272 44.3953
47.9221 44.3202
47.8327 44.2564
47.7376 44.1885
47.5196 44.0006
47.3006 43.8118
47.0899 43.6303
46.8655 43.4369
46.3752 43.0143
45.9682 42.6636
45.6616 42.3993
44.5789 42.8559
43.3594 43.3701
41.8069 44.0248
39.5712 44.9675
37.9662 45.6443
37.6595 45.7736
37.3406 45.9081
37.0551 46.0285
36.7411 46.1609
36.4506 46.2834
36.1589 46.4064
35.85 46.5367
35.5799 46.6506
35.2671 46.7824
34.9393 46.9207
34.6404 47.0467
34.2659 47.2046
33.8723 47.3706
33.4431 47.5516
32.9893 47.7429
32.5556 47.9258
31.9797 48.1686
31.4313 48.3999
30.803 48.6648
30.2742 48.8878
29.9311 49.0325
29.5654 49.1867
29.2293 49.3284
28.9072 49.4642
28.553 49.6136
28.2209 49.7536
27.927 49.8775
27.5928 50.0184
27.2672 50.1557
26.8233 50.3429
26.347 50.5438
25.8336 50.7602
25.3876 50.9483
24.8019 51.1953
24.0906 51.4952
23.3434 51.8103
22.6965 52.0831
21.9803 52.3851
21.26 52.6888
20.5644 52.9821
20.414 53.0455
20.2335 53.1216
20.0496 53.1992
19.8639 53.2775
19.6571 53.3647
19.4509 53.4516
19.2994 53.5155
19.1378 53.5837
18.952 53.662
19.0226 53.0947
19.0813 52.6227
19.1365 52.1786
19.1834 51.8013
19.5204 49.0909
20.1203 44.2639
20.1203 44.2639
20.1203 44.2639
20.1203 44.2639
20.1203 44.2639
20.1203 44.2639
20.1203 44.2639
20.1203 44.2639
20.1203 44.2639
20.1203 44.2639
20.1203 44.2639
20.1203 44.2639
20.1203 44.2639
20.1203 44.2639
20.1203 44.2639
20.1203 44.2639
20.2857 44.0992
20.4397 43.9458
20.5945 43.7916
20.7529 43.6339
20.9125 43.4749
21.0868 43.3015
21.5902 42.8001
22.1348 42.2578
22.8642 41.5315
23.37 41.0278
23.976 40.4243
24.5802 39.8227
25.2359 39.1697
25.8132 38.5949
26.3551 38.0553
26.9681 37.4449
27.585 36.8306
28.2507 36.1677
28.4532 35.966
28.6578 35.7623
28.8805 35.5405
29.0656 35.3562
29.2487 35.1739
29.4164 35.0068
29.3377 34.482
29.1997 33.5629
29.0999 32.898
29.0082 32.2868
28.8875 31.4826
28.7775 30.75
28.6791 30.0944
28.5851 29.4678
28.4797 28.7659
28.3938 28.1933
28.3232 27.723
28.2534 27.2581
28.1716 26.7127
28.0909 26.1754
28.0042 25.5974
27.9078 24.955
24.416 19.8356
22.0114 18.7598
21.4627 18.5143
20.9757 18.2964
20.9757 18.2964
19.6966 17.9012
18.4769 17.5244
17.323 17.1678
15.9654 16.7484
14.6612 16.3454
12.9729 15.8238
11.9809 15.5173
11.9809 15.5173
11.9809 15.5173
11.9809 15.5173
11.9809 15.5173
11.9809 15.5173
11.9809 15.5173
11.9809 15.5173
11.9809 15.5173
12.0817 15.8834
12.1857 16.2611
12.6395 17.9092
13.1158 19.6393
13.4916 21.0041
13.5377 21.1717
13.5875 21.3525
13.6365 21.5304
13.6921 21.7323
13.7411 21.9102
13.7914 22.093
13.8404 22.2711
13.6912 22.9092
13.4906 23.7666
13.3704 24.2803
13.2472 24.8066
13.0463 25.6653
12.8645 26.4426
12.6569 27.3296
12.4554 28.1912
12.2308 29.1512
11.9936 30.165
11.8 30.9924
11.6076 31.8147
11.482 32.3516
11.2684 33.2646
11.0011 34.4069
10.7184 35.6153
10.7184 35.6153
10.7184 35.6153
10.6941 36.2297
10.6739 36.7395
10.6562 37.1886
10.638 37.6485
10.6203 38.0952
10.6045 38.4964
10.5873 38.9314
10.5708 39.347
10.5462 39.9706
10.5239 40.5342
10.4975 41.201
10.4714 41.862
10.4502 42.3971
10.4259 43.0112
10.401 43.6422
10.3783 44.2141
10.356 44.7788
10.3353 45.3026
10.3107 45.9244
10.2887 46.481
10.2694 46.9701
10.2468 47.5394
10.2256 48.0755
10.2051 48.5956
10.1818 49.1854
10.1635 49.6459
10.1445 50.1276
10.1211 50.719
10.0978 51.3086
10.0765 51.8479
10.0563 52.3588
10.037 52.8466
10.0179 53.3295
10.0001 53.779
9.98035 54.2783
9.96073 54.7743
9.93838 55.3394
9.91504 55.9295
9.86914 57.0904
9.86914 57.0904
9.86914 57.0904
9.86914 57.0904
9.86914 57.0904
9.86914 57.0904
9.86914 57.0904
9.86914 57.0904
9.86914 57.0904
13.088 60.0453
13.088 60.0453
13.088 60.0453
13.088 60.0453
13.088 60.0453
13.1464 60.1852
13.1971 60.3068
13.2498 60.4332
13.3042 60.5636
13.3498 60.6727
13.3977 60.7877
13.4464 60.9044
13.4946 61.0199
13.5462 61.1437
13.6013 61.2757
13.6523 61.398
13.7068 61.5286
13.7581 61.6515
13.8108 61.7779
13.8687 61.9169
13.7865 62.2119
13.6795 62.5961
13.582 62.9458
13.481 63.3085
13.384 63.6566
13.2001 64.3163
13.0556 64.8352
12.9161 65.3355
12.7613 65.8911
12.7613 65.8911
12.7613 65.8911
12.7613 65.8911
12.7613 65.8911
12.7613 65.8911
12.7613 65.8911
12.7613 65.8911
12.7635 66.9504
12.766 68.162
12.7681 69.1635
12.7701 70.0851
12.774 72.0096
12.7741 72.0328
12.7741 72.0568
12.7742 72.0832
12.7742 72.1073
12.7743 72.1323
12.7743 72.1567
12.7744 72.18
12.7744 72.2049
12.7745 72.2289
12.7745 72.2536
12.7746 72.2784
12.7746 72.305
12.7747 72.3289
12.7747 72.3518
12.7748 72.3787
12.7748 72.4065
14.7835 72.1015
15.6335 71.9725
16.4651 71.8463
16.9685 71.7698
17.3923 71.7055
17.7677 71.6485
18.139 71.5921
18.5443 71.5306
18.9393 71.4707
19.3239 71.4123
19.6593 71.3613
20.0163 71.3072
20.3869 71.2509
20.7741 71.1921
21.1847 71.1298
21.5974 71.0671
22.0008 71.0059
22.3344 70.9552
22.9238 70.8658
23.4052 70.7927
23.8728 70.7217
24.3711 70.6461
24.9718 70.5549
25.4394 70.4839
25.4394 70.4839
25.4394 70.4839
25.9141 70.0362
26.4117 69.5668
26.9371 69.0713
27.5911 68.4545
28.0683 68.0044
28.4404 67.6535
28.7924 67.3215
29.1437 66.9901
29.4764 66.6764
29.7791 66.3909
30.1737 66.0187
30.6064 65.6106
31.0735 65.17
31.5018 64.7661
31.9758 64.319
32.4389 63.8822
32.9382 63.4113
33.4864 62.8942
34.065 62.3486
34.5763 61.8663
35.0934 61.3786
35.6214 60.8806
36.1986 60.3361
36.8368 59.7343
37.4425 59.163
38.0403 58.5992
38.5037 58.1621
38.9859 57.7073
41.7105 55.1376
42.1001 55.4886
42.4255 55.7818
42.7511 56.0753
43.5029 56.7528
44.199 57.3802
44.9108 58.0216
45.6571 58.6942
46.2477 58.957
46.9384 59.2643
48.3931 59.9117
49.7255 60.5045
51.6399 61.3564
53.397 62.1383
53.397 62.1383
53.397 62.1383
53.397 62.1383
53.397 62.1383
53.4451 62.1194
53.4953 62.0997
53.5438 62.0807
53.5926 62.0616
53.6471 62.0403
53.694 62.0219
53.739 62.0042
53.7842 61.9866
53.8339 61.9671
53.8826 61.948
53.9343 61.9277
53.9891 61.9063
56.6549 60.8615
58.8357 60.0069
59.9812 59.558
61.1536 59.0986
62.3784 58.6186
62.7529 58.4718
62.7529 58.4718
62.7529 58.4718
62.7529 58.4718
62.729 58.7227
62.7059 58.9652
62.6833 59.2029
62.659 59.4588
62.6343 59.7184
62.6062 60.0136
62.5802 60.2861
62.5514 60.5893
62.5254 60.8622
62.4971 61.1603
62.4723 61.4204
62.4488 61.6676
62.4223 61.9468
62.3982 62.1992
62.3699 62.4966
62.3524 62.6812
62.3346 62.8686
62.3145 63.0791
62.2994 63.2385
62.2834 63.4065
62.2671 63.5778
62.2525 63.7305
62.2344 63.9208
62.2161 64.1141
61.7946 64.5295
61.3596 64.9582
60.9343 65.3773
60.479 65.8261
60.0547 66.2442
59.5731 66.7189
59.1036 67.1816
58.5572 67.7201
58.0465 68.2234
57.3067 68.9525
56.4431 69.8036
54.0764 72.1361
53.9192 72.2711
53.7486 72.4176
53.5753 72.5664
53.3973 72.7193
53.2308 72.8622
53.0661 73.0037
52.8676 73.1742
52.6714 73.3426
52.4807 73.5064
52.4807 73.5064
52.066 73.3768
51.6009 73.2315
51.1583 73.0932
50.6784 72.9433
50.1578 72.7806
49.6676 72.6274
49.2078 72.4837
48.949 72.4028
48.7268 72.3334
48.459 72.2497
48.2259 72.1769
47.9686 72.0965
47.7586 72.0309
47.5745 71.9734
46.6562 71.6864
45.9444 71.464
45.2702 71.2534
41.7844 70.1642
41.7752 70.1613
41.7663 70.1585
41.7576 70.1559
41.7497 70.1534
41.7404 70.1505
41.7299 70.1472
41.6076 70.4405
41.4514 70.8154
41.2684 71.2544
41.0967 71.6662
40.9654 71.9813
40.8245 72.3193
40.6946 72.6309
40.5641 72.944
40.4273 73.2722
40.2849 73.6137
40.1204 74.0085
39.9502 74.4168
39.7478 74.9024
39.6334 75.1769
39.4972 75.5036
39.3447 75.8695
39.2222 76.1634
39.249 76.1895
39.2733 76.2132
39.2975 76.2369
39.3233 76.262
40.4175 77.329
38.6999 79.2617
37.3895 80.7361
35.9656 82.3382
35.8171 82.5053
35.6596 82.6825
35.5217 82.8377
35.3798 82.9973
35.2355 83.1597
35.0921 83.321
34.951 83.4798
34.8082 83.6405
34.6685 83.7976
34.5361 83.9466
33.1481 85.5084
32.1629 86.617
31.6441 87.2007
31.4034 87.4715
31.4034 87.4715
31.3064 87.5109
31.205 87.5522
31.1084 87.5915
29.0869 85.5439
27.5457 83.9827
26.5291 82.9529
26.5291 82.9529
26.5291 82.9529
26.5291 82.9529
26.5291 82.9529
26.5291 82.9529
26.5291 82.9529
26.5291 82.9529
26.5291 82.9529
26.5291 82.9529
26.5291 82.9529
26.5291 82.9529
26.5291 82.9529
26.5291 82.9529
26.5291 82.9528
26.5291 82.9528
26.5291 82.9528
26.5291 82.9528
26.5291 82.9528
26.5291 82.9528
26.5291 82.9528
26.5291 82.9528
26.5291 82.9528
26.5291 82.9528
26.5291 82.9528
26.6385 81.0839
26.5567 80.9634
26.4767 80.8456
26.4005 80.7334
26.2312 80.484
26.0777 80.2579
25.8652 79.9449
25.617 79.5793
25.4103 79.2747
25.3037 79.3205
25.2141 79.359
25.1311 79.3946
25.0419 79.433
24.9577 79.4691
24.8664 79.5083
24.7838 79.5438
24.698 79.5806
24.6162 79.6158
24.5341 79.651
24.4506 79.6869
24.3684 79.7222
24.2878 79.7568
23.6646 80.0245
23.0599 80.2841
22.4312 80.5541
22.328 80.5985
22.2252 80.6426
15.9138 83.353
14.8504 83.8097
14.5056 83.9577
14.1585 84.1068
14.1585 84.1068
14.1585 84.1068
14.1585 84.1068
14.1585 84.1068
14.1585 84.1068
14.1585 84.1068
14.1585 84.1068
14.1585 84.1068
14.1585 84.1068
14.1585 84.1068
13.3826 83.2125
12.8347 82.5809
12.5353 82.2359
12.1856 81.8327
11.8507 81.4468
11.5063 81.0497
11.1463 80.6348
10.665 80.08
10.0483 79.3692
9.74389 79.0183
9.51344 78.7527
9.40947 78.6328
9.31168 78.5201
9.20728 78.3997
9.10136 78.2777
9.0042 78.1657
8.90626 78.0528
8.79816 77.9282
8.68934 77.8027
8.58568 77.6832
8.46891 77.5487
8.35611 77.4186
8.24712 77.293
8.254 77.3462
8.26001 77.3927
8.28238 77.5657
8.30552 77.7447
8.32798 77.9184
8.35192 78.1036
8.37815 78.3064
8.40129 78.4854
8.42553 78.6729
8.4641 78.9712
8.50318 79.2736
8.53996 79.558
8.58902 79.9375
8.63976 80.33
8.67896 80.6331
8.71988 80.9497
8.76293 81.2827
8.80424 81.6021
8.85226 81.9736
8.89903 82.3354
8.94318 82.6769
8.986 83.008
9.02784 83.3317
9.06541 83.6223
9.10516 83.9297
9.14627 84.2477
9.18164 84.5213
9.22098 84.8256
9.26375 85.1564
9.30849 85.5025
9.3533 85.8491
9.40518 86.2504
9.45837 86.6618
9.51418 87.0934
9.5801 87.6033
9.63379 88.0187
9.68506 88.4152
9.73238 88.7812
9.78462 89.1853
9.78853 89.2155
9.79281 89.2486
9.7969 89.2803
9.80098 89.3119
9.8051 89.3437
9.80922 89.3756
9.81334 89.4074
10.0041 89.4172
10.2058 89.4275
10.3828 89.4366
10.5883 89.4471
10.8105 89.4584
11.0105 89.4687
11.172 89.4769
11.363 89.4867
11.5588 89.4967
11.7566 89.5068
11.9762 89.518
12.1707 89.528
12.3812 89.5387
12.5745 89.5486
12.7753 89.5589
12.9783 89.5692
13.1829 89.5797
13.4614 89.5939
13.7376 89.6081
13.9429 89.6186
14.1438 89.6288
14.3447 89.6391
14.6438 89.6544
15.0147 89.6733
15.3496 89.6905
15.803 89.7136
16.2226 89.7351
16.6258 89.7557
17.2319 89.7867
17.7924 89.8153
18.3107 89.8418
18.8867 89.8713
19.4402 89.8996
19.9588 89.9261
20.4251 89.9499
20.8749 89.9729
21.2479 89.9919
21.6714 90.0136
22.0787 90.0344
22.4507 90.0534
22.841 90.0734
23.2172 90.0926
23.5905 90.1117
23.9996 90.1326
24.467 90.1565
24.9279 90.18
25.4145 90.2049
26.1245 90.2412
26.8286 90.2772
27.4906 90.311
28.1091 90.3426
28.698 90.3727
29.0414 90.3902
29.42 90.4096
30.1598 90.4474
30.8273 90.4815
31.5741 90.5197
32.457 90.5648
33.2391 90.6048
34.1107 90.6493
34.7993 90.6845
35.5097 90.7209
35.9885 90.7453
36.4061 90.7667
36.8558 90.7897
36.8558 90.7897
36.8558 90.7897
36.8559 90.7897
37.5397 90.8236
38.1524 90.854
38.6236 90.8774
39.1499 90.9035
39.4897 90.9204
39.9356 90.9425
40.3663 90.9638
40.8 90.9854
41.2523 91.0078
41.6898 91.0295
42.1506 91.0524
42.6142 91.0754
43.1615 91.1025
43.7022 91.1293
44.2215 91.1551
44.3663 91.1623
44.5154 91.1697
44.6667 91.1772
44.8338 91.1855
44.9884 91.1932
45.2514 91.2062
45.5514 91.2211
46.8298 91.2845
47.7762 91.3314
48.4834 91.3665
49.1943 91.4018
49.9141 91.4375
50.6578 91.4744
51.4065 91.5115
52.142 91.548
52.8047 91.5809
53.4646 91.6136
54.1094 91.6456
54.7425 91.677
55.0838 91.6939
55.4343 91.7113
54.0728 90.639
52.0338 89.033
50.3184 87.682
48.6647 86.3794
48.6647 86.3794
48.6647 86.3794
48.6647 86.3794
48.6647 86.3794
48.6647 86.3794
48.6647 86.3794
48.6647 86.3794
48.6647 86.3794
48.6647 86.3794
48.3715 86.0591
48.0889 85.7504
47.7689 85.4008
47.4212 85.0209
46.9999 84.5607
46.5789 84.1007
46.1523 83.6346
45.8098 83.2604
45.5254 82.9498
45.2389 82.6368
45.4556 82.6989
45.706 82.7707
45.8995 82.8263
46.092 82.8814
46.2627 82.9304
46.4387 82.9809
46.7324 83.0651
46.9924 83.1397
47.2753 83.2209
47.5256 83.2927
47.8241 83.3783
48.0996 83.4573
48.499 83.5719
48.9042 83.6881
49.5013 83.8594
49.7532 83.9317
50.0257 84.0098
50.3267 84.0961
50.6175 84.1796
50.9046 84.2619
51.2032 84.3476
51.4701 84.4241
51.7705 84.5103
52.0621 84.5939
52.3548 84.6779
52.6584 84.765
52.9862 84.859
53.3777 84.9713
53.7029 85.0646
54.0087 85.1523
54.3633 85.254
54.7035 85.3516
55.0447 85.4495
55.3718 85.5433
55.7216 85.6437
56.0514 85.7382
56.4258 85.8456
56.8145 85.9571
56.8145 85.9571
57.01 85.8324
57.1873 85.7194
57.3695 85.6032
57.5605 85.4814
57.7958 85.3313
57.963 85.2247
58.1333 85.1161
58.316 84.9996
60.4796 83.6198
61.551 82.9366
62.9044 82.0735
64.1251 81.295
65.3271 80.5284
66.2537 79.9375
67.301 79.2696
69.0684 78.1425
70.1075 80.6881
70.1075 80.6881
70.1075 80.6881
70.1075 80.6881
69.502 82.4535
68.8748 84.2818
68.7472 84.6538
68.6159 85.0366
68.4789 85.4362
68.3355 85.8542
68.3278 85.8766
68.3197 85.9004
68.3115 85.924
68.3025 85.9503
68.2933 85.9772
68.2846 86.0026
68.2755 86.0292
68.2672 86.0534
68.2585 86.0788
68.249 86.1063
68.2395 86.1342
68.2303 86.161
68.2213 86.1871
68.2122 86.2136
68.2034 86.2395
75.0594 88.2817
76.6873 88.7666
76.7214 88.7768
76.755 88.7868
76.7892 88.797
77.1091 88.8923
77.4546 88.9952
77.8234 89.1051
78.194 89.2156
78.5955 89.3352
79.0997 89.4854
79.0997 89.4854
79.0997 89.4854
79.0997 89.4854
79.0997 89.4854
79.0997 89.4854
78.5827 80.2852
78.5827 80.2852
78.8167 80.2672
79.0902 80.2461
79.3768 80.224
79.6857 80.2002
80.0371 80.1731
80.5151 80.1362
81.0028 80.0986
81.4796 80.0619
82.0203 80.0202
82.6795 79.9694
84.8386 78.7822
85.9362 78.1786
86.3725 77.9387
86.8007 77.7033
87.276 77.4419
86.9381 74.933
86.655 72.8315
86.3782 70.7758
85.9834 67.8449
85.4343 63.7679
84.8152 63.3061
84.2501 62.8845
83.7006 62.4746
83.2339 62.1265
82.7847 61.7914
82.3329 61.4543
81.8643 61.1048
81.4284 60.7796
81.0108 60.4681
79.8118 59.5737
78.5402 58.625
77.5074 57.8546
76.652 57.2165
75.2395 56.1628
72.9951 54.4885
72.8069 54.3156
72.601 54.1264
72.3895 53.932
72.199 53.757
72.0053 53.579
70.9748 52.6321
69.7529 51.5093
69.0395 50.8538
68.398 50.2643
67.7993 49.7142
67.1621 49.1287
66.608 48.6195
66.0414 48.0989
65.5398 47.638
68.6059 46.5965
71.0921 45.752
72.6717 45.2155
74.1779 44.7039
75.3645 44.3008
76.5825 43.8871
76.5825 43.8871
76.5825 43.8871
76.5825 43.8871
78.4548 40.3112
79.7366 37.8631
80.3474 36.6966
80.8158 35.802
81.2269 35.0168
87.2518 23.51
89.2809 19.6345
89.2809 19.6345
89.2809 19.6345
84.3883 17.8411
84.1325 17.9669
82.866 18.59
