0,819,295,176,777,959,598,831,504,24,721,581,103,653,518,704,419,915,626,278,111,824,64,439,702,246,284,221,354,287,379,573,787,669,26,822,337,351,363,307,709,254,310,883,407,488,211,643,812,646,682,366,8,588,710,455,881,61,362,412,187,348,258,674,629,722,602,794,331,74,4,86,514,963,898,572,985,268,673,741,402,943,87,899,641,474,661,902,133,836,299,687,700,829,619,302,121,612,151,869,706,529,679,37,797,549,475,205,476,908,486,862,870,906,261,834,586,160,935,7,480,566,69,853,467,164,276,472,257,917,934,155,19,191,289,6,63,978,314,675,781,821,452,555,594,930,66,197,43,458,217,681,27,355,828,844,785,358,377,751,421,873,55,250,209,716,45,865,848,634,262,623,606,644,293,875,945,597,767,84,85,595,842,810,396,519,102,186,625,282,793,117,926,485,942,340,843,492,850,70,907,190,188,478,468,238,941,440,968,216,161,743,538,791,101,35,964,577,498,315,782,632,987,857,769,112,109,515,647,762,208,460,921,847,432,832,895,173,9,280,91,986,453,617,659,523,540,582,94,802,807,894,235,294,54,558,350,806,562,614,649,459,724,60,215,840,638,608,965,292,167,537,954,662,223,550,270,252,976,919,526,600,720,789,676,804,225,576,134,404,888,124,730,591,872,16,454,604,779,910,144,56,359,957,689,846,308,645,137,21,104,267,596,171,501,903,640,79,226,733,80,175,410,365,390,971,571,574,266,163,264,732,291,587,30,533,798,621,715,878,513,286,461,809,839,484,855,194,89,342,512,210,147,471,923,603,180,370,237,127,683,778,922,522,281,765,356,912,545,790,756,723,692,989,525,783,413,388,788,510,913,269,38,391,535,508,493,929,891,543,748,49,876,664,11,403,182,125,811,688,78,758,414,397,438,655,65,174,936,771,328,218,32,949,542,373,499,116,708,972,352,958,157,652,463,303,863,283,616,57,770,148,228,990,384,46,341,731,10,749,330,663,47,489,312,212,166,154,423,849,128,805,909,527,214,505,841,123,122,534,222,100,496,677,142,729,858,279,382,349,897,764,451,981,59,336,119,924,956,938,698,633,422,324,233,507,658,329,705,34,950,327,524,796,275,552,114,81,162,735,701,130,196,272,601,599,411,901,927,772,132,398,479,565,635,376,429,747,799,925,220,131,630,691,589,784,381,739,502,760,703,219,277,3,234,445,531,371,255,482,192,734,939,970,347,946,207,168,665,339,694,99,717,400,966,517,825,77,726,457,321,374,657,500,338,97,639,667,948,551,244,886,90,879,680,991,556,728,433,686,427,224,360,95,88,443,469,184,113,830,75,890,944,759,860,554,298,346,14,607,503,988,953,178,203,615,426,48,436,380,446,969,719,106,444,213,914,568,405,547,39,364,982,718,153,304,442,678,868,199,557,200,138,301,263,792,399,300,905,803,955,933,169,892,447,236,386,1,780,93,827,546,31,570,693,435,585,750,637,325,916,628,885,776,699,15,695,651,13,560,247,456,227,401,711,495,316,361,736,240,108,815,115,973,462,326,333,424,430,28,696,712,183,753,44,859,441,833,610,871,409,306,431,487,428,17,368,288,249,697,470,253,41,757,491,631,36,773,918,96,714,768,521,256,120,76,296,50,593,578,490,58,611,960,150,761,877,738,548,22,146,129,241,392,2,73,418,672,20,808,786,305,974,437,319,189,265,613,230,139,92,5,72,394,752,707,271,309,343,559,375,239,172,181,141,795,231,448,766,874,53,320,539,389,156,861,569,434,105,344,563,851,947,367,896,532,713,165,880,961,40,866,536,940,541,408,763,23,980,882,642,206,561,624,856,737,177,952,406,202,245,369,62,516,754,449,259,511,911,636,395,313,416,82,126,248,564,826,317,984,567,618,335,378,746,774,185,18,814,755,887,530,140,179,193,415,584,727,509,605,671,904,801,800,229,837,622,273,816,12,118,931,575,690,42,481,544,817,158,464,52,620,818,775,845,477,145,813,742,666,318,135,992,864,285,251,580,823,159,417,149,854,353,297,937,928,465,983,473,740,648,893,820,494,372,450,528,660,685,889,25,322,311,204,725,110,51,290,654,852,900,83,71,656,383,332,201,385,650,867,393,67,962,744,152,975,420,668,68,579,497,136,198,242,838,506,951,977,684,170,107,884,387,967,334,553,583,425,466,670,357,195,323,29,920,143,932,592,232,274,835,590,520,33,609,745,98,243,260,345,483,979,627,
value : 458.271 running time : 92.964348
0 80 20
819 70.9782 17.9399
295 69.5835 17.621
176 68.3867 17.3474
777 67.359 17.1124
959 66.5518 16.9278
598 65.7928 16.7542
831 64.9807 16.5685
504 64.6103 16.4838
24 64.2125 16.3928
721 63.7952 16.2973
581 63.1332 16.146
103 62.4458 15.9888
653 48.702 17.2372
518 43.7396 17.6885
704 42.3596 17.8864
419 41.3165 18.0359
915 33.306 19.1862
626 32.4615 19.3073
278 31.694 19.4174
111 31.5139 19.3755
824 31.3155 19.3294
64 31.1304 19.2863
439 30.9523 19.245
702 30.7926 19.2078
246 30.6451 19.1735
284 30.5 19.1398
221 30.3623 19.1078
354 30.2293 19.0768
287 30.1056 19.0481
379 29.9559 19.0132
573 29.7825 18.9729
787 29.5994 18.9304
669 29.4197 18.8886
26 29.2608 18.8516
822 29.0712 18.8075
337 28.8724 18.7613
351 28.6373 18.7066
363 28.415 18.655
307 28.1829 18.601
709 27.9498 18.5468
254 27.7032 18.4895
310 27.5135 18.4454
883 27.2261 18.3785
407 26.8679 18.2952
488 20.2091 16.7485
211 17.984 16.2314
643 16.2424 15.8266
812 12.749 15.0149
646 12.7352 15.1422
682 12.7206 15.2777
366 12.7062 15.4116
8 12.692 15.5426
588 12.6761 15.6897
710 12.6594 15.8447
455 12.6545 15.8905
881 12.6501 15.9311
61 12.6448 15.9804
362 12.6393 16.0307
412 12.634 16.0805
187 12.6286 16.1298
348 12.6245 16.1686
258 12.6199 16.2105
674 12.6172 16.236
629 12.6143 16.2626
722 12.6109 16.2946
602 11.7429 24.3323
794 11.724 24.5075
331 11.7068 24.6671
74 11.6886 24.835
4 11.6711 24.9977
86 11.6538 25.1581
514 11.6538 25.1581
963 11.6538 25.1581
898 11.6538 25.1581
572 12.0433 25.4851
985 12.4385 25.8168
268 12.7605 26.0871
673 13.0615 26.3397
741 13.3807 26.6076
402 13.745 26.9134
943 14.1248 27.2322
87 14.4572 27.5112
899 14.7722 27.7756
641 15.0736 28.0286
474 15.3692 28.2768
661 15.6704 28.5295
902 15.9836 28.7924
133 16.2808 29.0419
836 16.6612 29.3612
299 17.0375 29.6771
687 23.5086 35.1081
700 23.9897 35.5119
829 24.7063 36.1134
619 25.5691 36.8376
302 25.8955 37.1115
121 25.8955 37.1115
612 25.8955 37.1115
151 25.8955 37.1115
869 25.8955 37.1115
706 25.8955 37.1115
529 25.8955 37.1115
679 25.8955 37.1115
37 25.8955 37.1115
797 25.8955 37.1115
549 25.9121 37.111
475 25.9275 37.1104
205 25.9438 37.1098
476 25.9597 37.1093
908 25.9757 37.1087
486 30.4324 36.9512
862 36.7187 36.7287
870 41.6074 36.5558
906 41.6074 36.5558
261 41.6074 36.5558
834 41.8233 36.5769
586 42.0566 36.5997
160 42.2897 36.6224
935 42.5527 36.6481
7 42.789 36.6712
480 43.0473 36.6964
566 43.3112 36.7222
69 43.5779 36.7482
853 43.805 36.7704
467 44.0444 36.7938
164 44.316 36.8203
276 44.3466 36.8233
472 44.3753 36.8261
257 44.401 36.8286
917 44.4292 36.8313
934 44.4582 36.8342
155 45.2997 36.9162
19 46.1886 37.003
191 47.0119 37.0833
289 48.6118 37.2394
6 52.0185 37.572
63 52.0185 37.5721
978 52.0185 37.5721
314 52.0185 37.5721
675 52.0185 37.5721
781 52.0185 37.5721
821 52.0185 37.5721
452 52.0312 37.6098
555 52.0424 37.6432
594 52.0575 37.6881
930 52.0702 37.726
66 52.0826 37.7628
197 52.0947 37.799
43 52.1074 37.8366
458 52.1189 37.8708
217 52.1311 37.9073
681 52.1418 37.939
27 52.1532 37.9729
355 52.1652 38.0086
828 52.1769 38.0434
844 52.1889 38.079
785 52.1998 38.1117
358 52.2123 38.1487
377 52.2239 38.1832
751 52.2345 38.2149
421 52.2457 38.2481
873 52.257 38.2816
55 52.3507 38.5607
250 52.4564 38.875
209 52.5862 39.2611
716 52.7794 39.8363
45 52.9568 40.3642
865 53.1176 40.8426
848 53.5925 42.2562
634 54.0412 43.5916
262 54.5831 45.2046
623 55.0082 46.4697
606 55.3755 47.5629
644 55.7606 48.7089
293 56.144 49.85
875 56.3771 50.5436
945 56.6581 51.3798
597 57.0407 52.5186
767 57.3811 53.5315
84 57.6237 54.2533
85 57.7826 54.7261
595 57.9507 55.2264
842 58.0024 55.3799
810 58.0613 55.5553
396 58.1142 55.7127
519 58.1697 55.8777
102 58.2322 56.0638
186 58.2878 56.2291
625 58.3496 56.413
282 58.4076 56.5857
793 58.4602 56.7422
117 58.5141 56.9025
926 58.5721 57.0749
485 58.6398 57.2764
942 58.7071 57.4768
340 58.7715 57.6683
843 58.5709 57.2851
492 58.6803 57.3234
850 60.4927 57.9568
70 60.4311 58.0241
907 60.3625 58.0989
190 60.2982 58.1691
188 60.2252 58.2486
478 60.1597 58.3202
468 60.0863 58.4002
238 60.0235 58.4687
941 59.9626 58.5351
440 59.1334 59.4396
968 58.4555 60.1789
216 57.9711 60.7073
161 57.5788 61.1351
743 57.2078 61.5397
538 56.8979 61.8777
791 56.5049 62.3064
101 56.1463 62.6975
35 55.7917 63.0842
964 55.4049 63.5061
577 55.0135 63.933
498 54.5808 64.405
315 54.1211 64.9064
782 53.7548 65.3059
632 53.6382 65.4331
987 53.5328 65.548
857 53.4206 65.6704
769 53.3182 65.7821
112 53.221 65.8881
109 53.1253 65.9924
515 53.036 66.0898
647 52.936 66.1989
762 52.8189 66.3266
208 52.6963 66.4603
460 52.5734 66.5944
921 52.4278 66.7124
847 52.3065 66.8108
432 52.1653 66.9252
832 52.0281 67.0365
895 51.8875 67.1504
173 51.8138 67.2102
9 49.9125 68.7506
280 47.8908 70.3884
91 47.0514 70.6607
986 46.1802 70.9433
453 45.2813 71.2349
617 44.2703 71.5629
659 42.6325 72.0944
523 42.5438 72.1067
540 42.4625 72.1179
582 42.3883 72.1281
94 42.1259 72.1643
802 41.7827 72.2117
807 41.3993 72.2646
894 41.0559 72.3119
235 40.7069 72.3601
294 40.3024 72.4159
54 39.8959 72.472
558 39.4985 72.5268
350 38.8882 72.611
806 38.2453 72.6997
562 37.773 72.7649
614 37.1811 72.8466
649 36.596 72.9273
459 36.0066 73.0087
724 35.2969 73.1066
60 34.5475 73.2101
215 33.917 73.2971
840 32.9459 73.4312
638 31.6116 73.6155
608 31.2123 73.6705
965 31.2513 73.5893
292 31.2788 73.5317
167 31.3087 73.4695
537 31.343 73.3978
954 31.3765 73.3279
662 31.4121 73.2537
223 31.4447 73.1858
550 31.4784 73.1154
270 31.5145 73.0401
252 31.5494 72.9674
976 31.5836 72.8961
919 31.6132 72.8342
526 31.926 72.1817
600 32.2642 71.4764
720 32.7459 70.4715
789 33.1434 69.6423
676 33.7628 68.3506
804 33.7628 68.3506
225 33.7628 68.3506
576 33.7628 68.3506
134 33.7628 68.3506
404 33.7628 68.3506
888 33.7628 68.3506
124 33.7628 68.3506
730 33.7628 68.3506
591 33.7628 68.3506
872 33.7628 68.3506
16 33.7628 68.3506
454 33.7695 68.3111
604 33.7767 68.2685
779 33.7846 68.2216
910 33.7913 68.1822
144 33.7977 68.1443
56 33.8047 68.1031
359 33.8111 68.0656
957 33.8175 68.0277
689 33.823 67.9949
846 33.8299 67.9542
308 33.8363 67.9166
645 33.8428 67.8785
137 33.8489 67.8425
21 33.8547 67.8082
104 33.861 67.771
267 33.8668 67.7364
596 33.8721 67.7053
171 33.8775 67.6734
501 33.8831 67.6404
903 33.8892 67.6047
640 33.8952 67.5689
79 33.9005 67.5379
226 33.9754 67.5107
733 34.0463 67.4849
80 34.1324 67.4537
175 34.2107 67.4252
410 34.2853 67.3981
365 34.3468 67.3758
390 34.4056 67.3544
971 34.4668 67.3322
571 34.5393 67.3059
574 34.6107 67.28
266 34.6908 67.2509
163 35.3554 67.0095
264 35.9415 66.7966
732 36.3327 66.6546
291 36.6724 66.5312
587 36.9989 66.4127
30 37.6778 66.1661
533 38.3371 65.9267
798 38.9699 65.6969
621 39.1383 65.6357
715 39.2821 65.5835
878 39.4279 65.5306
513 39.6067 65.4656
286 43.4528 58.6996
461 43.409 58.6474
809 43.3705 58.6016
839 43.3328 58.5567
484 43.3022 58.5203
855 43.0792 58.2547
194 42.4482 57.5034
89 42.1018 57.0909
342 41.84 56.7792
512 41.5823 56.4724
210 41.3493 56.195
147 41.1165 55.9178
471 40.9238 55.6884
923 40.7139 55.4384
603 40.4674 55.1449
180 40.2753 54.9162
370 40.0965 54.7033
237 39.9072 54.4779
127 39.7251 54.2611
683 39.5456 54.0474
778 39.1846 53.6175
922 38.8856 53.2615
522 38.5808 52.8986
281 38.296 52.5595
765 37.9305 52.1243
356 37.3863 51.4763
912 36.9692 50.9798
545 36.383 50.2817
790 35.9214 49.7321
756 34.5868 49.7764
723 33.6019 49.8092
692 33.553 49.8108
989 33.043 49.8278
525 32.4157 49.8487
783 31.9039 49.8657
413 31.3402 49.8845
388 30.7804 49.9031
788 30.2644 49.9203
510 30.0189 49.8531
913 29.7795 49.7875
269 29.5457 49.7235
38 29.2956 49.655
391 29.043 49.5858
535 28.8246 49.526
508 28.6222 49.4706
493 28.421 49.4155
929 28.0953 49.3263
891 27.6837 49.2135
543 27.2204 49.0866
748 26.7888 48.9684
49 26.3561 48.8499
876 25.8011 48.6979
664 25.0752 48.499
11 24.3329 48.2956
403 23.5685 48.0862
182 22.8269 47.883
125 22.2529 47.7258
811 22.2529 47.7258
688 21.8667 47.6496
78 21.4073 47.5589
758 20.9835 47.4753
414 20.5784 47.3953
397 19.9915 47.2796
438 19.3506 47.1532
655 18.6307 47.0112
65 17.8558 46.8584
174 15.9887 46.6618
936 14.1272 46.4657
771 12.4834 46.2925
328 10.3943 46.0726
218 10.3943 46.0726
32 10.3943 46.0726
949 10.4166 46.1749
542 10.4382 46.2741
373 10.4579 46.364
499 10.4766 46.4498
116 10.5014 46.5635
708 10.526 46.6765
972 10.5484 46.7789
352 10.5676 46.867
958 10.5852 46.9477
157 10.6078 47.0516
652 10.6295 47.1509
463 10.651 47.2495
303 10.6721 47.3461
863 10.6897 47.4268
283 10.7092 47.5164
616 10.733 47.6254
57 10.7567 47.7341
770 10.7775 47.8293
148 10.7994 47.93
228 10.8205 48.0267
990 10.8416 48.1233
384 10.8632 48.2223
46 10.886 48.3269
341 10.9117 48.4448
731 10.9346 48.5498
10 10.958 48.6571
749 10.9844 48.7781
330 11.0081 48.8864
663 11.0435 49.049
47 11.079 49.2115
489 11.1113 49.3597
312 11.1414 49.4978
212 11.1743 49.6483
166 11.2125 49.8236
154 11.2446 49.971
423 11.2774 50.1212
849 11.3148 50.2924
128 11.3469 50.4397
805 11.383 50.6054
909 11.4166 50.7595
527 11.4527 50.9246
214 11.4866 51.0802
505 11.5176 51.2225
841 11.5486 51.3642
123 11.5799 51.508
122 11.6172 51.6791
534 11.8867 52.4041
222 12.1735 53.1757
100 12.4707 53.9751
496 12.7768 54.7986
677 13.1263 55.7387
142 13.4785 56.6861
729 13.8498 57.6849
858 13.9782 58.0305
279 14.1185 58.408
382 14.2649 58.8022
349 14.3164 58.9407
897 14.3164 58.9407
764 14.3164 58.9407
451 14.3164 58.9407
981 14.3164 58.9407
59 14.3164 58.9407
336 14.3164 58.9407
119 14.3164 58.9407
924 14.3164 58.9407
956 14.3164 58.9407
938 14.3164 58.9407
698 14.3164 58.9407
633 14.3164 58.9407
422 14.3827 59.3468
324 14.4493 59.7546
233 14.7229 61.4323
507 15.0558 63.4743
658 15.5333 66.4042
329 15.5333 66.4042
705 15.5333 66.4042
34 15.5333 66.4042
950 15.5333 66.4042
327 15.5333 66.4042
524 15.5333 66.4042
796 15.5333 66.4042
275 15.5333 66.4042
552 15.5333 66.4042
114 15.5333 66.4042
81 15.5333 66.4042
162 15.5333 66.4042
735 15.5333 66.4042
701 15.5333 66.4042
130 15.5333 66.4042
196 15.5333 66.4042
272 15.5333 66.4042
601 15.5333 66.4042
599 15.5333 66.4042
411 15.5333 66.4042
901 15.5333 66.4042
927 15.2971 66.4795
772 15.0367 66.5624
132 14.7808 66.6439
398 14.5098 66.7303
479 14.25 66.8131
565 14.0007 66.8925
635 13.7376 66.9763
376 13.3805 67.0901
429 13.0587 67.1926
747 12.7258 67.2987
799 12.4044 67.4011
925 12.1499 67.4822
220 12.1499 67.4822
131 12.1499 67.4823
630 12.1499 67.4823
691 12.1498 67.4823
589 12.1498 67.4823
784 12.1498 67.4823
381 12.1498 67.4823
739 12.1498 67.4823
502 12.1498 67.4823
760 12.1498 67.4823
703 12.1498 67.4823
219 12.1498 67.4823
277 12.1498 67.4823
3 12.1498 67.4823
234 12.1498 67.4823
445 12.1498 67.4823
531 12.1498 67.4823
371 12.1498 67.4823
255 12.1498 67.4823
482 12.1498 67.4823
192 12.1498 67.4823
734 12.1498 67.4823
939 12.1498 67.4823
970 12.1498 67.4823
347 12.1498 67.4823
946 11.8855 69.6045
207 11.7587 70.6223
168 11.7387 70.7826
665 11.72 70.9328
339 11.6999 71.0942
694 11.6822 71.2366
99 11.6645 71.3782
717 11.647 71.5185
400 11.6275 71.6752
966 11.6094 71.8205
517 11.5864 72.005
825 11.5618 72.2028
77 11.5409 72.3705
726 11.5148 72.5802
457 11.4894 72.7836
321 11.4655 72.976
374 11.4437 73.1504
657 11.4232 73.3151
500 11.4024 73.4822
338 11.3817 73.6484
97 11.3591 73.8296
639 11.3347 74.0256
667 11.3115 74.2121
948 11.2867 74.4106
551 11.2592 74.6316
244 11.2327 74.8448
886 11.2109 75.0194
90 11.1905 75.1829
879 11.1783 75.2813
680 11.164 75.3955
991 11.1477 75.5269
556 11.1321 75.6517
728 11.1167 75.7753
433 11.1021 75.893
686 11.0883 76.0036
427 11.0734 76.1233
224 11.056 76.2625
360 11.0382 76.4057
95 11.0217 76.5381
88 11.0085 76.6441
443 10.9956 76.7474
469 10.9808 76.866
184 10.9679 76.97
113 10.9554 77.0703
830 10.9417 77.1802
75 10.9279 77.2907
890 10.915 77.3945
944 10.902 77.4992
759 10.8894 77.6
860 10.8778 77.6933
554 10.8656 77.7906
298 10.8543 77.8815
346 10.8425 77.9767
14 10.8308 78.0699
607 10.764 78.6066
503 10.5328 80.4624
988 9.45815 89.0916
953 9.47085 89.0879
178 9.48536 89.0837
203 9.49929 89.0797
615 9.5125 89.0759
426 9.52529 89.0722
48 9.53852 89.0684
436 9.5502 89.0651
380 9.56068 89.0621
446 9.57381 89.0583
969 9.5856 89.0549
719 9.59827 89.0512
106 9.6099 89.0479
444 9.62314 89.0441
213 9.63467 89.0407
914 9.67953 89.0278
568 9.72307 89.0153
405 9.76324 89.0037
547 9.80589 88.9915
39 9.84835 88.9792
364 9.89479 88.9659
982 9.94023 88.9528
718 9.98284 88.9405
153 10.025 88.9284
304 10.0675 88.9161
442 10.1092 88.9041
678 10.1454 88.8937
868 10.1843 88.8825
199 10.2294 88.8695
557 10.2761 88.8561
200 10.3144 88.8451
138 10.3567 88.8329
301 10.3987 88.8208
263 10.4408 88.8087
792 10.4861 88.7956
399 10.5331 88.7821
300 10.5726 88.7707
905 10.6166 88.7581
803 10.6587 88.7459
955 10.7054 88.7325
933 10.7465 88.7207
169 10.786 88.7093
892 10.8284 88.6971
447 10.8683 88.6856
236 10.9105 88.6735
386 10.9547 88.6607
1 10.9974 88.6484
780 11.0432 88.6353
93 11.0802 88.6246
827 11.1143 88.6148
546 11.1573 88.6024
31 11.1999 88.5902
570 11.2374 88.5794
693 11.2738 88.5689
435 11.3105 88.5583
585 11.4817 88.509
750 11.7104 88.4432
637 11.9386 88.3775
325 12.1894 88.3052
916 12.4446 88.2318
628 12.6719 88.1663
885 12.9503 88.0862
776 13.1454 88.03
699 13.3323 87.9762
15 13.5374 87.9171
695 13.7319 87.8611
651 13.9169 87.8079
13 14.0796 87.761
560 14.2396 87.715
247 14.4011 87.6685
456 14.5766 87.618
227 14.5766 87.618
401 14.735 87.4014
711 14.9768 87.0708
495 15.4422 86.4348
316 15.9189 85.7833
361 16.4088 85.1139
736 16.4088 85.1139
240 16.4088 85.1139
108 16.8155 85.2634
815 17.4359 85.4915
115 18.1574 85.7567
973 18.7958 85.9914
462 19.4786 86.2425
326 20.1616 86.4936
333 21.108 86.8415
424 22.0046 87.1711
430 22.8961 87.4989
28 22.9408 87.5153
696 22.9822 87.5305
712 23.0212 87.5449
183 23.0645 87.5608
753 23.1091 87.5772
44 23.155 87.5941
859 23.1989 87.6102
441 23.2425 87.6262
833 23.2848 87.6418
610 23.3299 87.6584
871 23.3713 87.6736
409 23.4148 87.6896
306 23.4544 87.7041
431 23.4879 87.7165
487 23.5258 87.7304
428 23.5806 87.7505
17 23.6262 87.7673
368 23.6766 87.7858
288 23.7259 87.804
249 23.7758 87.8223
697 23.8303 87.8423
470 23.8948 87.8661
253 23.9396 87.8825
41 23.9827 87.8984
757 24.0293 87.9155
491 24.0791 87.9338
631 24.1308 87.9528
36 24.1768 87.9697
773 24.2227 87.9866
918 24.2687 88.0036
96 24.313 88.0198
714 24.3544 88.035
768 24.6692 88.0377
521 25.0105 88.0407
256 25.4083 88.0441
120 25.731 88.0469
76 26.0419 88.0495
296 26.3563 88.0522
50 26.6417 88.0546
593 26.9508 88.0573
578 27.3402 88.0606
490 27.7327 88.064
58 28.1207 88.0673
611 28.5516 88.071
960 29.0979 88.0757
150 29.4387 88.0787
761 29.7718 88.0815
877 30.1617 88.0849
738 30.4921 88.0877
548 30.7089 88.0896
22 30.9156 88.0913
146 31.1149 88.093
129 31.3124 88.0947
241 31.4932 88.0963
392 31.6606 88.0977
2 31.8262 88.0991
73 31.9889 88.1004
418 32.1599 88.1019
672 32.3476 88.1035
20 32.5319 88.105
808 33.468 88.1132
786 34.4497 88.1217
305 35.5982 88.1317
974 36.0213 88.1353
437 36.4021 88.1386
319 36.7732 88.1417
189 37.0693 88.1442
265 37.3725 88.1468
613 37.6651 88.1493
230 37.972 88.1519
139 38.2795 88.1545
92 39.4312 88.1645
5 40.8468 88.1769
72 40.8701 88.1771
394 40.895 88.1773
752 40.9194 88.1775
707 41.0939 88.179
271 41.2784 88.1805
309 41.4936 88.1824
343 41.7101 88.1843
559 41.9055 88.1859
375 42.0868 88.1875
239 42.2543 88.1889
172 42.4028 88.1902
181 42.5657 88.1915
141 42.7253 88.1929
795 42.9499 88.1948
231 43.2354 88.1973
448 43.5749 88.2002
766 43.9495 88.2034
874 44.3413 88.2067
53 44.743 88.2102
320 45.2033 88.2141
539 45.6159 88.2177
389 46.0579 88.2214
156 46.5314 88.2255
861 46.978 88.2293
569 47.3893 88.2328
434 49.7553 88.2534
105 50.4702 88.2596
344 51.3235 88.2669
563 51.3235 88.2669
851 51.3235 88.2669
947 51.3235 88.2669
367 51.3235 88.2669
896 51.3235 88.2669
532 51.3235 88.2669
713 51.3235 88.2669
165 51.3235 88.2669
880 51.3236 88.2669
961 51.3236 88.2669
40 51.3236 88.2669
866 51.3236 88.2669
536 51.3236 88.2669
940 51.3236 88.2669
541 51.3236 88.2669
408 51.3236 88.2669
763 51.3236 88.2669
23 51.3236 88.2669
980 51.3236 88.2669
882 51.3236 88.2669
642 51.3236 88.2669
206 51.3236 88.2669
561 51.3236 88.2669
624 51.3236 88.2669
856 51.3236 88.2669
737 51.3236 88.2669
177 51.3236 88.2669
952 51.3236 88.2669
406 51.3237 88.2669
202 51.3237 88.2669
245 51.3237 88.2668
369 51.3237 88.2668
62 51.3237 88.2668
516 51.3237 88.2668
754 51.3237 88.2668
449 51.3237 88.2668
259 51.3995 88.2391
511 51.4727 88.2124
911 51.5486 88.1847
636 51.8455 87.9321
395 52.1283 87.6916
313 52.1966 87.6335
416 52.2671 87.5735
82 52.3961 87.4638
126 52.5213 87.3573
248 52.6383 87.2578
564 52.7528 87.1603
826 52.8761 87.0555
317 52.9964 86.9531
984 53.102 86.8633
567 53.2097 86.7717
618 53.3107 86.6858
335 53.4257 86.588
378 53.5288 86.5003
746 53.608 86.4329
774 53.7127 86.3438
185 53.8274 86.2463
18 53.9462 86.1453
814 53.9831 86.1138
755 54.0295 86.0744
887 54.0766 86.0343
530 54.1209 85.9966
140 54.168 85.9566
179 54.2141 85.9173
193 54.2599 85.8784
415 54.3065 85.8387
584 54.355 85.7975
727 59.3967 81.5089
509 59.4409 81.4713
605 59.4812 81.4371
671 60.1676 81.8047
904 60.9038 82.199
801 61.6464 82.5967
800 62.3889 82.9944
229 63.5422 83.6121
837 65.0257 84.4065
622 65.2285 84.5151
273 65.4155 84.6151
816 65.59 84.7083
12 65.7714 84.8054
118 65.9826 84.9184
931 66.2298 85.0506
575 66.4773 85.183
690 66.7564 85.3322
42 67.2596 85.6014
481 67.7179 85.8466
544 68.1708 86.0888
817 68.5636 86.299
158 68.9418 86.5013
464 69.283 86.6838
52 69.6359 86.8726
620 69.9754 87.0541
818 70.2742 87.2139
775 70.5786 87.3767
845 70.8872 87.5418
477 71.1967 87.7074
145 71.542 87.8921
813 71.9072 88.0874
742 72.2685 88.2806
666 72.6118 88.4643
318 72.9538 88.6472
135 73.2975 88.8311
992 73.2975 88.8311
864 73.4528 88.8299
285 73.5939 88.8288
251 73.7436 88.8276
580 73.9015 88.8264
823 74.0457 88.8253
159 74.2125 88.824
417 74.3599 88.8228
149 74.4994 88.8218
854 74.659 88.8205
353 74.8159 88.8193
297 74.9734 88.8181
937 76.2332 88.8083
928 80.136 88.778
465 80.136 88.778
983 80.3302 88.5751
473 80.7194 88.1685
740 81.0716 87.8005
648 81.3917 87.4661
893 81.687 87.1575
820 82.0536 86.7745
494 82.897 85.8931
372 85.9921 82.6566
450 85.7667 82.4059
528 85.5863 82.2051
660 85.4258 82.0265
685 85.2669 81.8497
889 85.094 81.6574
25 84.8587 81.3955
322 84.4566 80.948
311 83.7052 80.1115
204 82.8398 79.1481
725 81.9432 78.1499
110 78.5032 74.3177
51 77.5764 73.286
290 76.9239 72.5596
654 76.3803 71.9546
852 75.9197 71.4419
900 75.489 70.9626
83 75.0712 70.4976
71 74.6223 69.998
656 74.099 69.4155
383 74.0012 69.3067
332 73.8989 69.1928
201 73.7785 69.0589
385 73.6652 68.9328
650 73.5376 68.7908
867 73.4253 68.6659
393 73.3109 68.5386
67 73.207 68.423
962 73.1126 68.318
744 73.0151 68.2096
152 72.9122 68.095
975 72.8089 67.9801
420 72.6982 67.8569
668 72.5934 67.7403
68 74.0447 66.2872
579 76.2144 64.1147
497 83.8371 56.479
136 83.5884 56.1029
198 83.3537 55.748
242 83.1256 55.4031
838 82.898 55.059
506 82.6749 54.7216
951 82.4347 54.3583
977 82.1968 53.9986
684 81.9511 53.6271
170 81.6838 53.2227
107 81.3791 52.7619
884 80.9853 52.1661
387 80.5377 51.489
967 80.0858 50.8052
334 79.6363 50.1252
553 78.9224 49.0447
583 78.242 48.015
425 77.4952 46.8848
466 76.7376 45.7381
670 76.0439 44.6883
357 75.3694 43.6675
195 75.5029 43.3625
323 75.6329 43.0654
29 75.7615 42.7718
920 75.8873 42.4843
143 76.0205 42.1802
932 76.2385 41.682
592 76.6499 40.7417
232 77.0961 39.7216
274 77.6751 38.398
835 78.2667 37.0453
590 78.8421 35.7297
520 79.2547 34.7866
33 79.635 33.9173
609 79.9794 33.1304
745 80.7986 31.2573
98 83.0268 26.1571
243 85.7717 18.5073
260 86.1112 17.5613
345 86.1259 17.5203
483 86.1427 17.4733
979 85.6282 17.6849
627 85.0899 17.9064
