0,721,103,598,959,777,176,24,819,295,504,581,518,287,261,419,289,883,310,653,934,704,787,111,709,254,439,64,626,573,407,363,351,337,822,26,379,348,246,702,669,643,187,881,674,646,211,629,488,8,366,572,682,812,673,455,741,61,474,722,133,87,902,661,514,268,898,86,985,794,74,4,331,963,258,899,710,836,588,641,412,402,362,299,121,32,602,990,700,284,307,687,692,37,38,834,549,125,915,354,65,278,943,529,486,824,160,191,612,221,829,811,869,403,783,723,302,414,7,388,543,706,397,391,664,413,151,11,688,891,49,748,476,679,619,917,989,949,508,148,525,663,422,655,913,908,438,174,78,228,475,633,616,205,938,336,283,328,123,677,10,805,341,128,57,373,46,330,312,384,489,770,527,909,849,499,100,222,534,116,218,166,212,303,463,214,154,841,797,652,771,157,749,958,731,423,542,505,352,863,972,708,496,122,936,47,234,142,382,182,691,349,858,758,903,279,327,957,510,729,267,733,59,981,220,788,772,526,600,601,720,507,599,114,429,846,275,927,658,501,924,346,950,219,956,324,119,946,398,99,726,361,552,698,897,329,233,565,34,705,272,487,277,184,339,479,130,400,517,411,970,502,760,939,132,607,445,734,665,77,717,503,694,255,747,196,703,524,81,680,3,371,879,784,589,764,451,381,531,376,131,192,347,701,796,966,799,739,630,14,925,207,615,551,719,436,93,48,244,108,360,338,759,457,321,374,298,95,890,944,31,178,426,905,657,88,443,168,825,556,500,482,97,639,667,399,570,162,554,948,90,113,546,830,75,433,686,860,427,991,728,469,886,224,236,446,780,495,916,693,711,1,386,325,199,568,827,953,803,405,955,301,138,200,380,712,106,557,988,444,585,442,304,153,718,300,203,914,316,982,969,401,364,547,39,462,637,750,240,628,792,263,815,169,447,435,213,868,678,456,247,885,326,560,736,892,431,44,253,36,695,699,424,226,537,418,795,288,129,241,270,672,918,167,933,15,50,491,833,610,430,306,593,697,490,696,13,521,768,871,58,227,96,120,631,409,973,651,249,441,76,183,859,753,714,115,776,808,17,786,611,231,20,73,2,428,761,28,392,296,368,960,738,548,139,230,613,470,265,189,319,437,974,309,92,877,394,146,5,150,707,72,752,874,271,305,861,245,206,22,448,766,181,53,320,539,389,343,105,961,40,866,952,536,940,541,408,763,880,369,62,713,814,118,896,532,344,416,82,126,294,248,564,826,895,179,449,172,569,882,624,367,559,375,239,23,156,434,737,584,746,774,511,856,980,618,911,273,530,165,567,259,516,851,406,754,947,931,782,317,140,460,540,229,575,415,690,193,558,840,144,215,802,642,659,561,563,134,404,574,333,578,878,689,872,888,608,124,175,757,454,806,919,252,292,638,614,16,141,789,41,591,954,807,523,550,256,755,724,649,60,773,604,459,662,635,730,910,359,266,223,562,804,484,912,596,350,779,976,576,80,308,929,545,587,89,965,640,571,971,901,735,79,493,410,839,56,645,137,225,147,715,30,54,104,533,171,21,163,365,809,732,471,676,291,756,127,237,370,264,597,216,180,603,210,683,281,923,922,778,269,876,765,512,461,522,621,390,535,566,155,480,356,55,848,844,257,452,862,790,853,785,377,355,751,865,586,716,19,843,194,467,472,342,276,831,821,828,27,870,930,314,197,209,6,164,358,873,421,66,935,250,69,634,781,555,875,63,681,675,70,323,357,45,606,217,978,906,594,458,492,623,262,43,945,35,964,286,577,186,293,538,793,810,188,907,498,101,396,519,968,282,280,509,395,515,791,855,857,762,440,632,112,671,109,605,847,432,582,208,921,647,393,84,743,617,453,513,94,894,173,595,161,625,468,798,335,986,91,769,235,340,816,636,315,290,801,800,987,177,887,832,9,18,12,477,297,313,992,984,823,845,145,464,42,202,185,378,622,285,620,51,666,52,353,854,544,817,893,864,983,135,481,813,149,251,158,494,580,71,318,818,465,744,937,775,417,820,204,159,928,450,742,311,25,660,322,685,372,740,473,725,648,889,528,579,238,110,962,152,904,67,975,837,727,654,900,668,83,867,852,201,383,385,650,332,767,583,942,102,420,478,656,644,926,68,485,190,842,85,117,232,920,553,850,198,838,941,592,967,107,977,170,334,136,497,387,684,242,951,506,884,425,670,745,932,195,466,143,29,609,98,33,590,274,520,835,483,260,243,627,345,979,
value : 481.505 running time : 54.836458
0 80 20
721 70.4154 17.847
103 61.9472 15.9449
598 61.5044 15.9463
959 61.0157 15.948
777 60.5043 15.9497
176 59.9976 15.9514
24 59.4382 15.9533
819 58.7766 15.9555
295 58.0531 15.9579
504 57.1477 15.961
581 53.7037 15.9731
518 47.5057 15.996
287 45.9128 16.0014
261 44.8567 16.005
419 44.1378 16.0074
289 43.1815 16.0107
883 41.6507 16.016
310 40.4369 16.0201
653 39.2869 16.024
934 37.9278 16.0287
704 35.4811 16.0372
787 33.0168 16.0458
111 33.0168 16.0458
709 33.0168 16.0458
254 33.0168 16.0458
439 33.0168 16.0458
64 33.0168 16.0458
626 33.0167 16.0458
573 33.0167 16.0458
407 33.0167 16.0458
363 33.0167 16.0458
351 33.0167 16.0458
337 33.0167 16.0458
822 33.0167 16.0458
26 33.0167 16.0458
379 33.0167 16.0458
348 23.4719 15.7596
246 22.6155 15.7341
702 21.635 15.7048
669 20.5955 15.6738
643 17.6538 15.586
187 12.5036 15.4319
881 12.4624 15.4307
674 12.4215 15.4295
646 12.3813 15.4283
211 12.3432 15.4271
629 12.3041 15.426
488 12.2663 15.4249
8 12.2261 15.4237
366 12.1828 15.4224
572 12.1383 15.4211
682 12.1383 15.4211
812 12.1383 15.4211
673 12.1247 15.6945
455 12.1134 15.922
741 12.1041 16.1101
61 12.0951 16.2911
474 12.0858 16.4776
722 12.0775 16.6444
133 11.8192 21.8317
87 11.7224 23.7771
902 11.7093 24.0409
661 11.694 24.3487
514 11.6781 24.6675
268 11.6659 24.9134
898 11.6538 25.1581
86 11.6538 25.1581
985 11.7444 25.2256
794 11.8281 25.288
74 11.9172 25.3545
4 12.0095 25.4233
331 12.1052 25.4946
963 12.2035 25.5679
258 12.3058 25.6441
899 12.4164 25.7266
710 12.5161 25.8009
836 12.618 25.8768
588 12.7151 25.9492
641 12.823 26.0296
412 12.9233 26.1044
402 13.058 26.2048
362 13.1879 26.3016
299 14.3825 27.1922
121 16.7598 28.9647
32 18.1485 29.9999
602 18.9912 30.6282
990 19.7866 31.2211
700 20.5128 31.7625
284 21.2832 32.3368
307 23.2107 33.7739
687 25.8819 35.7654
692 27.036 36.6258
37 27.036 36.6258
38 27.036 36.6258
834 27.036 36.6258
549 27.0375 36.635
125 27.0389 36.644
915 27.0403 36.6528
354 27.0417 36.6621
65 27.0432 36.6716
278 27.0446 36.6805
943 27.046 36.6897
529 27.0475 36.6991
486 27.0489 36.7083
824 27.0504 36.7174
160 27.0519 36.7272
191 27.0924 36.9861
612 27.1372 37.2724
221 27.1826 37.5631
829 27.2343 37.8937
811 27.2901 38.2512
869 27.3459 38.6079
403 27.4035 38.9766
783 27.4569 39.3182
723 27.5063 39.6339
302 27.5544 39.942
414 27.5981 40.2211
7 27.6411 40.496
388 27.6834 40.7665
543 27.7254 41.0354
706 27.7665 41.2978
397 27.8063 41.5524
391 27.8456 41.804
664 27.8814 42.0328
413 27.9175 42.2636
151 27.9523 42.4859
11 27.9875 42.7109
688 28.023 42.938
891 28.0553 43.1446
49 28.0553 43.1446
748 28.0553 43.1446
476 28.0553 43.1446
679 28.0553 43.1446
619 28.0553 43.1446
917 28.0553 43.1446
989 27.6512 43.2178
949 25.9836 43.5201
508 25.0219 43.6944
148 23.7869 43.9183
525 22.8355 44.0907
663 21.7036 44.2959
422 20.7397 44.4706
655 20.5035 44.5134
913 20.2588 44.5577
908 19.9661 44.6108
438 19.6707 44.6643
174 19.3412 44.724
78 19.0389 44.7788
228 18.7285 44.8351
475 18.4423 44.8869
633 18.1303 44.9435
616 17.7874 45.0056
205 17.4825 45.0608
938 16.0047 45.3287
336 13.9545 45.7003
283 12.0083 46.0531
328 10.2041 46.3801
123 10.2207 46.444
677 10.2376 46.5095
10 10.2528 46.5682
805 10.2694 46.6322
341 10.2851 46.6926
128 10.3006 46.7527
57 10.317 46.816
373 10.3328 46.877
46 10.3481 46.9358
330 10.3638 46.9967
312 10.3811 47.0633
384 10.3985 47.1304
489 10.4166 47.2003
770 10.4337 47.2665
527 10.4515 47.3353
909 10.4684 47.4005
849 10.4855 47.4662
499 10.493 47.4954
100 10.5221 47.6076
222 10.5497 47.7142
534 10.5777 47.8223
116 10.6057 47.9302
218 10.6343 48.0406
166 10.6619 48.1472
212 10.6873 48.2455
303 10.7146 48.3508
463 10.7413 48.4537
214 10.7685 48.5587
154 10.7939 48.6569
841 10.8199 48.7572
797 10.8459 48.8577
652 10.8717 48.9573
771 10.898 49.0589
157 10.9245 49.1611
749 10.9511 49.2638
958 10.9773 49.3651
731 11.0149 49.5102
423 11.0539 49.6606
542 11.097 49.8271
505 11.139 49.989
352 11.1802 50.1482
863 11.2205 50.3036
972 11.2722 50.5031
708 11.3199 50.6874
496 11.3655 50.8636
122 11.414 51.0508
936 11.9874 52.3111
47 12.6035 53.6655
234 13.3833 55.3795
142 14.3137 56.5378
382 15.2848 57.7466
182 15.581 58.1153
691 15.9281 58.5474
349 16.2781 58.983
858 16.5178 59.2812
758 16.7905 59.6207
903 17.2222 60.158
279 17.4152 60.3982
327 17.6292 60.6645
957 17.7823 60.8551
510 17.9063 61.0093
729 18.0271 61.1596
267 18.1455 61.307
733 18.0672 61.5896
59 17.9877 61.8767
981 17.8979 62.201
220 17.8041 62.5395
788 17.7481 62.7415
772 17.6821 62.9797
526 17.6162 63.2177
600 17.5575 63.4294
601 17.5053 63.6177
720 17.4534 63.8053
507 17.4003 63.9969
599 17.3442 64.1993
114 17.2845 64.4145
429 17.2258 64.6266
846 17.1718 64.8216
275 17.1165 65.021
927 17.0623 65.2165
658 17.0088 65.4098
501 17.0088 65.4098
924 16.9967 65.4445
346 16.9844 65.4799
950 17.3123 65.1915
219 17.6651 64.8812
956 18.014 64.5742
324 18.3726 64.2588
119 18.3726 64.2588
946 18.3726 64.2588
398 18.2987 64.1576
99 18.2242 64.0554
726 18.1445 63.9462
361 18.0383 63.8007
552 17.9229 63.6425
698 17.8039 63.4794
897 17.5423 63.8028
329 17.2752 64.1329
233 17.0003 64.4726
565 16.6972 64.8472
34 16.3733 65.2476
705 16.0208 65.6833
272 15.4209 66.4253
487 14.8076 67.1838
277 14.4083 67.6773
184 14.0443 68.1273
339 13.8926 68.098
479 13.7275 68.0662
130 13.5599 68.0339
400 13.3909 68.0012
517 13.2219 67.9686
411 13.0628 67.938
970 12.9106 67.9086
502 12.7559 67.8788
760 12.606 67.8499
939 12.4588 67.8215
132 12.4585 67.8214
607 12.4582 67.8214
445 12.4579 67.8213
734 12.4576 67.8213
665 12.4574 67.8212
77 12.4571 67.8211
717 12.4568 67.8211
503 12.4566 67.8211
694 12.4563 67.821
255 12.4561 67.821
747 12.4558 67.8209
196 12.4556 67.8209
703 12.4554 67.8208
524 12.4551 67.8208
81 12.4549 67.8207
680 12.4546 67.8207
3 12.4543 67.8206
371 12.454 67.8206
879 12.4538 67.8205
784 12.4536 67.8205
589 12.4533 67.8204
764 12.4531 67.8204
451 12.4528 67.8203
381 12.3738 67.805
531 12.2863 67.7881
376 12.2117 67.7737
131 12.1385 67.7595
192 12.0662 67.7455
347 11.9945 67.7316
701 11.978 67.7284
796 11.9617 67.7253
966 11.9432 67.7217
799 11.9262 67.7184
739 11.9098 67.7152
630 11.8933 67.712
14 11.8763 67.7087
925 11.8594 67.7055
207 11.4881 71.4018
615 11.2837 73.4409
551 11.1545 74.7303
719 11.0364 75.9095
436 11.0238 76.035
93 11.0115 76.158
48 11.0018 76.2555
244 10.9922 76.3519
108 10.9828 76.4462
360 10.9759 76.5155
338 10.9691 76.5827
759 10.9621 76.6528
457 10.9555 76.7199
321 10.9487 76.788
374 10.9419 76.856
298 10.935 76.9248
95 10.928 76.9953
890 10.9216 77.0592
944 10.9151 77.124
31 10.9088 77.1877
178 10.9025 77.2507
426 10.8962 77.3134
905 10.8901 77.3746
657 10.8842 77.4338
88 10.8781 77.4951
443 10.8721 77.5548
168 10.8661 77.6154
825 10.86 77.6764
556 10.854 77.7362
500 10.8481 77.7957
482 10.8421 77.8556
97 10.8325 77.952
639 10.8224 78.0535
667 10.8121 78.1562
399 10.7974 78.3033
570 10.7836 78.4416
162 10.7701 78.5764
554 10.756 78.7176
948 10.7423 78.8545
90 10.7277 79.0012
113 10.7137 79.1412
546 10.6989 79.2899
830 10.6844 79.4345
75 10.6701 79.578
433 10.6561 79.7181
686 10.6421 79.8583
860 10.626 80.0196
427 10.6097 80.1825
991 10.5877 80.4031
728 10.5649 80.6311
469 10.5412 80.8683
886 10.5186 81.0937
224 10.4958 81.3223
236 10.246 83.8122
446 10.211 84.1621
780 10.1776 84.4964
495 10.1426 84.8459
916 10.1082 85.1908
693 10.0735 85.537
711 10.0406 85.8666
1 10.0144 86.1282
386 9.98896 86.383
325 9.96422 86.6305
199 9.93855 86.8873
568 9.91391 87.1338
827 9.89011 87.372
953 9.87219 87.5513
803 9.85454 87.728
405 9.83698 87.9038
955 9.82064 88.0674
301 9.80286 88.2454
138 9.78514 88.4227
200 9.76791 88.5951
380 9.75188 88.7556
712 9.73792 88.8954
106 9.72405 89.0343
557 9.71078 89.1671
988 9.69736 89.3015
444 9.70365 89.3002
585 9.70948 89.299
442 9.71586 89.2977
304 9.72195 89.2964
153 9.72784 89.2952
718 9.73384 89.294
300 9.73969 89.2928
203 9.74604 89.2914
914 9.75215 89.2902
316 9.75861 89.2888
982 9.76461 89.2876
969 9.77051 89.2864
401 9.77658 89.2851
364 9.78268 89.2839
547 9.78864 89.2826
39 9.79465 89.2814
462 9.80131 89.28
637 9.80751 89.2787
750 9.81373 89.2775
240 9.81999 89.2762
628 9.82617 89.2749
792 9.83215 89.2736
263 9.83827 89.2724
815 9.84469 89.2711
169 9.85066 89.2698
447 9.8568 89.2685
435 9.8629 89.2673
213 9.86899 89.266
868 10.4796 89.1398
678 11.6269 88.9027
456 14.8355 88.2395
247 15.3593 88.1312
885 15.9538 88.0083
326 16.431 87.9097
560 16.6109 87.8725
736 16.7877 87.836
892 17.3715 87.7153
431 18.6193 87.4574
44 19.6746 87.2393
253 20.6339 87.041
36 21.2814 86.9071
695 21.8586 86.7878
699 22.4757 86.6603
424 25.22 86.0931
226 28.7635 85.3607
537 28.7635 85.3607
418 28.7635 85.3607
795 28.7635 85.3607
288 28.7635 85.3607
129 28.7635 85.3607
241 28.5882 85.5549
270 28.3877 85.777
672 27.8165 86.4098
918 27.2392 87.0494
167 26.6382 87.7153
933 25.9474 88.4806
15 25.4944 88.9825
50 25.4653 89.0147
491 25.4355 89.0478
833 25.4076 89.0787
610 25.3795 89.1098
430 25.3508 89.1416
306 25.3231 89.1723
593 25.2953 89.2031
697 25.2697 89.2314
490 25.2427 89.2613
696 25.215 89.292
13 25.1869 89.3231
521 25.1604 89.3525
768 25.135 89.3806
871 25.1105 89.4077
58 25.0872 89.4336
227 25.0618 89.4618
96 25.0406 89.4852
120 25.0178 89.5105
631 24.9937 89.5372
409 24.9703 89.5631
973 24.9468 89.5891
651 25.0417 89.5875
249 25.1353 89.5858
441 25.23 89.5842
76 25.3276 89.5825
183 25.4201 89.5809
859 25.5167 89.5792
753 25.6124 89.5776
714 25.7121 89.5759
115 25.8156 89.5741
776 25.9314 89.5721
808 26.3356 89.5651
17 26.6633 89.5594
786 27.1428 89.5511
611 27.5842 89.5435
231 28.0345 89.5357
20 28.4301 89.5289
73 28.8253 89.522
2 29.2242 89.5151
428 29.5926 89.5088
761 29.9636 89.5023
28 30.373 89.4953
392 30.8268 89.4874
296 31.2299 89.4804
368 31.6471 89.4732
960 32.3602 89.4609
738 33.1201 89.4478
548 33.7292 89.4372
139 34.3002 89.4274
230 34.7829 89.419
613 35.2552 89.4108
470 35.722 89.4028
265 36.2093 89.3943
189 36.6497 89.3867
319 37.1129 89.3787
437 37.4229 89.3734
974 37.7271 89.3681
309 38.0412 89.3627
92 38.3436 89.3574
877 38.6787 89.3516
394 39.0156 89.3458
146 39.356 89.3399
5 39.7164 89.3337
150 39.9227 89.3301
707 40.1803 89.3257
72 40.4492 89.321
752 40.733 89.3161
874 41.1133 89.3095
271 41.439 89.3039
305 41.8734 89.2964
861 42.2688 89.2895
245 42.5162 89.2853
206 42.718 89.2818
22 42.9222 89.2782
448 43.1445 89.2744
766 43.3871 89.2702
181 43.6352 89.2659
53 43.9065 89.2612
320 44.2008 89.2561
539 44.4745 89.2514
389 44.7599 89.2464
343 45.0545 89.2414
105 45.3512 89.2362
961 45.6378 89.2313
40 45.8934 89.2268
866 46.1194 89.2229
952 46.3601 89.2188
536 46.5811 89.2149
940 46.8 89.2112
541 47.012 89.2075
408 47.2184 89.2039
763 47.4221 89.2004
880 47.6408 89.1966
369 47.8479 89.193
62 48.0015 89.1904
713 48.1514 89.1878
814 48.3067 89.1851
118 48.4673 89.1823
896 48.6179 89.1797
532 48.758 89.1773
344 48.9015 89.1748
416 48.9015 89.1748
82 48.9015 89.1748
126 48.9015 89.1748
294 48.9015 89.1748
248 48.9015 89.1748
564 48.9015 89.1748
826 48.9015 89.1748
895 48.9015 89.1748
179 48.9015 89.1748
449 48.9015 89.1748
172 48.9015 89.1748
569 48.9307 89.1651
882 49.0985 89.1094
624 49.2643 89.0544
367 49.4272 89.0003
559 49.5822 88.9489
375 49.7751 88.8849
239 49.9971 88.8112
23 50.2327 88.733
156 50.472 88.6535
434 50.7257 88.5693
737 51.0023 88.4775
584 51.2529 88.3943
746 51.4659 88.3236
774 51.6939 88.2479
511 51.9228 88.172
856 52.1781 88.0872
980 52.4069 88.0112
618 52.6352 87.9355
911 52.8667 87.8586
273 53.0673 87.7921
530 52.9743 87.5408
165 52.895 87.3266
567 52.7798 87.0152
259 52.6445 86.6495
516 52.5125 86.2929
851 52.3674 85.9008
406 52.2115 85.4796
754 52.0659 85.0862
947 51.9054 84.6526
931 51.7407 84.2075
782 51.5585 83.7152
317 51.4034 83.2961
140 51.2257 82.8159
460 51.0444 82.3258
540 50.1104 81.5689
229 49.8964 81.3955
575 49.6621 81.2056
415 49.3856 80.9815
690 49.0926 80.744
193 46.034 78.2652
558 42.151 75.1183
840 41.8197 75.1461
144 41.5076 75.1723
215 41.1916 75.1989
802 40.8878 75.2244
642 40.5294 75.2544
659 40.0311 75.2963
561 39.4072 75.3486
563 38.7688 75.4022
134 37.8417 75.48
404 36.5798 75.5858
574 35.2318 75.6989
333 34.3043 75.7767
578 33.7495 75.8232
878 33.5028 75.844
689 33.2482 75.8653
872 32.9908 75.8869
888 32.7335 75.9085
608 32.5098 75.9273
124 32.5915 75.8524
175 32.6744 75.7763
757 32.7255 75.7294
454 32.7834 75.6763
806 32.8414 75.6231
919 32.9 75.5693
252 32.9614 75.513
292 33.0207 75.4586
638 33.0789 75.4052
614 33.1417 75.3476
16 33.2029 75.2915
141 33.2667 75.2329
789 33.337 75.1684
41 33.4086 75.1027
591 33.4913 75.0269
954 33.5687 74.9559
807 33.6513 74.8801
523 33.7311 74.8069
550 33.8001 74.7436
256 34.0801 74.4866
755 34.4844 74.1156
724 34.4874 74.0656
649 34.4903 74.017
60 34.4933 73.9661
773 34.4963 73.9154
604 34.5002 73.8484
459 34.5041 73.7823
662 34.5077 73.7218
635 34.5113 73.6602
730 34.5149 73.6
910 34.5185 73.5394
359 34.5221 73.4785
266 34.5255 73.4196
223 34.529 73.3602
562 34.5326 73.2991
804 34.6726 70.9473
484 34.7167 70.2032
912 34.7583 69.5028
596 34.7895 68.9756
350 34.8196 68.4674
779 34.8556 67.8604
976 34.8906 67.2692
576 34.9391 66.4515
80 34.98 65.763
308 35.0269 64.9716
929 35.0747 64.1666
545 35.1153 63.4816
587 35.1153 63.4816
89 35.1153 63.4816
965 35.1153 63.4816
640 35.1153 63.4816
571 35.1153 63.4816
971 35.1153 63.4816
901 35.1153 63.4816
735 35.1153 63.4816
79 35.2388 63.3604
493 35.3834 63.2186
410 35.5274 63.0772
839 35.6661 62.9412
56 35.8033 62.8066
645 35.9413 62.6712
137 36.0813 62.5339
225 36.2234 62.3944
147 36.3696 62.251
715 36.4922 62.1306
30 36.616 62.0092
54 36.738 61.8895
104 36.8594 61.7704
533 36.9812 61.6509
171 37.1008 61.5335
21 37.2227 61.414
163 37.3505 61.2885
365 37.4811 61.1604
809 37.6141 61.03
732 37.7453 60.9012
471 37.8742 60.7747
676 37.9995 60.6518
291 38.1234 60.5303
756 38.2502 60.4058
127 38.389 60.2696
237 38.522 60.1391
370 38.652 60.0116
264 38.7796 59.8864
597 38.9048 59.7636
216 39.0232 59.6474
180 38.9938 59.4298
603 38.9703 59.2556
210 38.9498 59.1039
683 38.9309 58.9638
281 38.91 58.8094
923 38.8895 58.6575
922 38.8701 58.5137
778 38.8507 58.3699
269 38.8328 58.238
876 38.8168 58.1196
765 38.8034 58.0202
512 38.7888 57.9118
461 38.7772 57.8265
522 38.7658 57.742
621 38.7551 57.6627
390 38.7448 57.5864
535 37.5386 48.6685
566 39.7258 46.376
155 41.5025 44.5138
480 43.1402 42.7973
356 44.8562 40.9987
55 47.5349 38.1911
848 47.5349 38.1911
844 47.5349 38.1911
257 47.5349 38.1911
452 47.5349 38.1911
862 47.5349 38.1911
790 47.5349 38.1911
853 47.5349 38.1911
785 47.5349 38.1911
377 47.5349 38.1911
355 47.5349 38.1911
751 47.5349 38.1911
865 47.5349 38.1911
586 47.5349 38.1911
716 47.5349 38.1911
19 47.5349 38.1911
843 47.5349 38.1911
194 47.5349 38.1911
467 47.5349 38.1911
472 48.3244 38.1306
342 49.1812 38.0649
276 51.3163 37.9011
831 54.337 37.6691
821 54.337 37.6691
828 54.337 37.6691
27 54.337 37.6691
870 54.337 37.6691
930 54.337 37.6691
314 54.337 37.6691
197 54.337 37.6691
209 54.337 37.6691
6 54.337 37.6691
164 54.337 37.6691
358 54.3687 37.7203
873 54.399 37.7692
421 54.4801 37.9002
66 54.5738 38.0514
935 54.6664 38.2008
250 54.7665 38.3624
69 54.8912 38.5637
634 55.0112 38.7573
781 55.1296 38.9484
555 55.2525 39.1467
875 55.7349 39.9249
63 56.1933 40.6644
681 56.6568 41.4121
675 57.2261 42.3306
70 57.7619 43.1949
323 58.0302 43.6277
357 58.0051 43.9825
45 57.9806 44.3305
606 57.951 44.7497
217 57.9213 45.1698
978 57.891 45.5982
906 57.8602 46.0346
594 57.8273 46.5005
458 57.792 47.0015
492 57.7274 47.9158
623 57.6678 48.7607
262 57.6112 49.5624
43 57.5576 50.3222
945 57.4739 51.5083
35 57.3758 52.8989
964 57.3036 53.9215
286 57.2591 54.553
577 57.217 55.1492
186 57.1772 55.7123
293 57.1363 56.2914
538 57.0964 56.8564
793 57.0576 57.4069
810 57.0186 57.9585
188 56.9816 58.483
907 56.9423 59.0394
498 56.9043 59.5778
101 56.863 60.1623
396 56.8125 60.8788
519 56.7481 61.7909
968 56.5606 64.4506
282 56.3969 66.7712
280 56.1726 69.9541
509 56.145 70.3438
395 56.1182 70.7244
515 56.1182 70.7244
791 56.1182 70.7244
855 56.1182 70.7244
857 56.1182 70.7244
762 56.1182 70.7244
440 56.1182 70.7244
632 56.1182 70.7244
112 56.1182 70.7244
671 56.1182 70.7244
109 56.1182 70.7244
605 56.1182 70.7244
847 56.1182 70.7244
432 56.1182 70.7244
582 56.1182 70.7244
208 56.1182 70.7244
921 56.1182 70.7244
647 56.1182 70.7244
393 56.1182 70.7244
84 56.1182 70.7244
743 56.1182 70.7244
617 56.1182 70.7244
453 56.1182 70.7244
513 56.1182 70.7244
94 56.1182 70.7244
894 56.1182 70.7244
173 56.1268 70.7421
595 56.1348 70.7585
161 56.1427 70.7747
625 56.1514 70.7924
468 56.1605 70.811
798 56.1696 70.8298
335 56.4507 71.4052
986 56.6437 71.8002
91 56.8503 72.2232
769 57.0617 72.656
235 57.2705 73.0835
340 57.9686 74.5125
816 58.8594 76.3357
636 59.124 76.8774
315 59.3798 77.4011
290 59.6541 77.9627
801 59.947 78.5623
800 60.2248 79.1309
987 60.5349 79.766
177 60.9211 80.5565
887 61.0819 80.8856
832 61.2383 81.206
9 61.41 81.5575
18 61.6167 81.9807
12 61.8294 82.416
477 62.048 82.8635
297 62.2394 83.2555
313 62.4321 83.6499
992 63.1509 83.9698
984 63.686 84.2079
823 64.2145 84.4431
845 64.6689 84.6453
145 65.0721 84.8247
464 65.4508 84.9932
42 65.7829 85.141
202 66.0884 85.2769
185 66.5128 85.4658
378 66.9846 85.6757
622 67.5569 85.9304
285 68.1229 86.1823
620 68.6195 86.4032
51 68.9675 86.5581
666 69.7861 86.9224
52 70.4626 87.2234
353 71.143 87.5262
854 71.7679 87.8042
544 72.3292 88.054
817 72.9142 88.3143
893 73.9408 88.7711
864 74.5814 89.0562
983 75.2691 89.3622
135 75.2891 89.2557
481 75.314 89.1228
813 75.3343 89.0152
149 75.3542 88.9089
251 75.3796 88.774
158 75.4074 88.6259
494 75.4357 88.4752
580 75.4651 88.3186
71 75.5658 87.7825
318 75.6301 87.44
818 75.7579 86.7602
465 75.8585 86.2244
744 75.9579 85.6953
937 76.6715 85.7782
775 77.6371 85.8905
417 78.9405 86.0419
820 80.6743 86.2434
204 82.4832 86.4536
159 83.0552 86.8552
928 83.7248 87.3253
450 85.9989 83.2914
742 85.9989 83.2914
311 85.9989 83.2914
25 85.9989 83.2914
660 85.9989 83.2914
322 85.9989 83.2914
685 85.9989 83.2914
372 85.9989 83.2914
740 85.7204 82.9402
473 85.4608 82.6128
725 85.1659 82.2409
648 84.8472 81.8391
889 84.5425 81.4548
528 80.5748 76.4532
579 76.7195 71.593
238 73.2243 67.1868
110 73.1654 67.1126
962 73.1048 67.0361
152 73.0434 66.9587
904 72.9819 66.8811
67 72.9206 66.8038
975 72.8619 66.7298
837 72.8013 66.6534
727 72.7384 66.574
654 72.676 66.4953
900 72.613 66.4158
668 72.5481 66.3339
83 72.5481 66.3339
867 72.4271 66.1012
852 72.3051 65.8663
201 72.1835 65.6321
383 72.0618 65.3978
385 71.936 65.1557
650 71.8 64.8937
332 71.6675 64.6387
767 70.9732 63.3007
583 70.4316 62.2575
942 69.9624 61.3538
102 69.5428 60.5455
420 69.1507 59.7903
478 68.7572 59.0324
656 68.3638 58.2747
644 67.963 57.5027
926 67.963 57.5027
68 67.963 57.5027
485 67.963 57.5027
190 67.963 57.5027
842 67.963 57.5027
85 67.963 57.5027
117 70.238 56.467
232 73.6564 54.9108
920 74.5971 54.7698
553 75.391 54.6508
850 76.2541 54.5213
198 77.2352 54.3742
838 78.0015 54.2593
941 78.6706 54.159
592 79.5494 54.0272
967 80.4958 53.8853
107 81.5117 53.733
977 82.1041 53.6442
170 82.6936 53.5558
334 83.1772 53.4833
136 83.9109 53.3733
497 84.6183 53.2672
387 84.2996 52.8637
684 83.9938 52.4765
242 83.627 52.0121
951 83.2415 51.524
506 82.8475 51.0251
884 82.1896 50.192
425 81.2249 48.9704
670 80.384 47.9054
745 79.8873 47.2765
932 79.5324 46.8272
195 79.1445 46.336
466 78.7568 45.8451
143 78.4253 45.4253
29 79.2092 42.6438
609 80.1978 39.1358
98 82.4329 31.2039
33 82.5173 30.9045
590 82.6029 30.6008
274 82.6893 30.2941
520 82.8423 29.7512
835 83.0214 29.116
483 86.2684 17.5916
260 86.2684 17.5916
243 85.9091 17.7296
627 85.4308 17.9133
345 84.5882 18.237
979 83.1547 18.7877
