0,176,504,295,24,777,581,819,721,959,598,103,63,875,458,751,358,45,314,355,675,831,844,906,6,978,421,716,66,43,821,828,27,870,930,634,250,55,164,289,419,873,934,197,853,480,209,276,555,865,790,594,681,377,785,19,155,566,917,862,843,926,842,781,323,519,623,262,217,186,606,143,357,644,232,117,102,941,650,238,396,70,420,942,190,538,485,35,577,810,848,194,964,210,945,286,188,161,370,791,498,127,472,69,512,356,492,89,461,929,783,237,533,922,452,522,180,748,147,175,281,101,471,342,839,732,597,403,535,302,603,414,397,664,706,619,869,811,723,586,7,989,692,687,191,257,612,261,160,467,822,379,935,439,915,246,111,363,824,573,26,351,287,709,653,626,278,518,602,64,641,337,310,407,883,669,254,704,307,643,284,474,8,899,402,348,366,702,258,588,488,812,629,722,881,187,299,211,74,741,682,963,646,985,61,673,710,455,514,86,362,674,412,794,331,133,898,268,616,205,572,661,121,4,32,902,354,836,943,990,787,151,125,65,11,829,549,486,529,679,834,221,10,858,174,691,938,59,652,324,655,182,565,279,863,47,936,87,476,123,700,283,352,505,849,330,228,312,384,489,770,527,698,909,925,499,100,222,534,116,218,166,212,148,758,303,463,214,154,805,841,797,328,771,157,749,958,128,46,341,731,373,542,131,708,423,663,78,601,496,908,507,57,122,981,760,81,327,451,114,552,398,531,234,376,667,347,381,799,589,524,739,879,784,747,630,196,219,939,966,207,991,694,255,686,371,427,948,665,734,445,607,132,551,90,615,433,75,830,546,113,3,14,728,639,717,77,517,272,97,482,503,500,556,825,168,443,88,657,277,905,426,178,31,944,890,95,346,796,298,374,321,457,759,338,360,108,244,48,93,436,719,224,970,192,547,570,17,554,860,119,469,247,446,39,364,401,969,982,316,914,203,300,718,988,399,444,780,803,953,827,568,199,325,386,1,711,693,916,495,585,236,678,868,213,435,447,169,815,263,792,628,240,750,637,462,153,58,200,441,699,301,115,933,955,651,442,753,973,138,106,380,736,409,405,249,712,892,557,304,183,695,776,431,859,578,946,50,490,886,167,162,184,600,411,950,701,76,537,41,400,339,361,924,726,658,326,424,526,275,16,429,560,574,680,487,502,220,550,56,705,587,640,267,329,720,422,972,956,957,349,137,545,34,897,703,130,764,336,971,142,677,772,79,37,633,413,475,233,949,688,525,493,508,388,510,913,269,38,391,733,30,778,876,788,735,756,49,891,543,438,729,599,382,365,927,846,901,571,501,99,903,359,390,789,104,965,779,21,404,225,523,765,558,912,596,291,171,410,894,163,80,621,54,809,645,676,683,453,264,576,986,923,715,124,540,804,134,689,604,454,878,638,459,256,755,840,561,226,252,730,308,144,724,976,807,270,649,562,614,910,563,230,292,888,479,591,954,296,241,418,757,697,806,266,333,635,662,223,885,28,738,919,877,569,918,72,707,470,437,150,672,872,60,120,96,491,227,15,593,44,521,368,871,288,696,36,306,768,833,610,608,13,430,714,611,786,456,808,20,631,231,92,773,394,960,73,172,253,146,2,189,271,392,428,795,761,141,752,713,53,389,974,265,139,23,511,980,105,874,156,5,746,613,22,532,559,911,882,624,896,961,766,343,448,82,548,618,814,40,866,309,181,861,895,642,193,319,91,94,215,516,206,416,305,259,659,536,763,165,449,239,564,129,415,851,369,947,940,406,126,12,62,477,737,584,539,541,434,816,992,245,344,375,774,952,320,140,754,313,367,801,317,297,622,118,335,280,690,145,800,229,179,408,513,857,432,847,605,109,671,395,18,350,575,460,208,632,294,826,921,769,636,248,880,530,887,802,112,832,484,9,315,987,235,582,617,762,782,85,173,907,216,293,668,515,855,798,647,743,468,84,440,968,625,282,340,793,579,727,152,904,478,818,867,290,67,509,393,51,845,52,177,813,42,378,149,202,620,544,251,185,273,817,931,984,464,856,580,567,159,158,318,666,417,494,135,775,481,353,893,937,285,820,823,864,465,473,928,983,854,311,332,385,204,660,450,322,742,889,528,685,725,372,25,740,648,852,977,383,334,744,975,962,684,83,201,837,654,71,900,595,68,506,242,767,850,932,110,195,951,838,170,497,107,136,884,198,553,670,920,29,609,466,425,592,583,967,387,656,33,745,590,835,274,520,98,627,979,243,260,345,483,
value : 525.514 running time : 36.869059
0 80 20
176 74.0821 17.9463
504 72.8728 17.5263
295 71.7988 17.1533
24 70.9033 16.8422
777 70.0577 16.5485
581 69.4488 16.3369
819 68.8925 16.1436
721 68.3989 15.9722
959 67.8997 15.7987
598 67.4133 15.6297
103 66.8932 15.449
63 54.5631 32.7345
875 54.2522 33.1704
458 54.2522 33.1704
751 54.2522 33.1704
358 54.2522 33.1704
45 54.2522 33.1704
314 54.2522 33.1704
355 54.2522 33.1704
675 54.2522 33.1704
831 54.108 33.1831
844 53.9551 33.1965
906 53.8181 33.2085
6 53.6893 33.2198
978 53.5489 33.2321
421 53.3941 33.2457
716 53.2591 33.2576
66 53.1298 33.2689
43 53.0072 33.2797
821 52.8737 33.2914
828 52.7171 33.3051
27 52.5599 33.3189
870 52.4035 33.3327
930 52.2565 33.3456
634 52.104 33.359
250 51.936 33.3737
55 51.785 33.387
164 51.6228 33.4012
289 51.4615 33.4154
419 51.3111 33.4285
873 51.155 33.4422
934 50.9899 33.4567
197 50.874 34.9665
853 50.779 36.2021
480 50.6856 37.4177
209 50.678 37.5174
276 50.6692 37.6315
555 50.6617 37.7293
865 50.6534 37.8376
790 50.6444 37.9543
594 50.6364 38.0584
681 50.6284 38.1627
377 50.62 38.2719
785 50.6114 38.3842
19 50.6021 38.5051
155 50.5922 38.634
566 50.5833 38.7497
917 50.905 39.0047
862 51.4508 39.4376
843 54.3156 41.7096
926 56.793 43.6743
842 56.793 43.6743
781 56.793 43.6743
323 58.8775 45.9739
519 58.9138 46.1922
623 58.9472 46.3926
262 58.9797 46.5877
217 59.0101 46.7706
186 59.0438 46.9733
606 59.0728 47.1474
143 59.1035 47.3321
357 59.1341 47.5162
644 59.1654 47.7042
232 59.1968 47.8925
117 59.6157 50.4098
102 60.0304 52.9015
941 60.3093 54.5772
650 60.3093 54.5772
238 60.1267 54.5669
396 59.9464 54.5568
70 59.7876 54.5479
420 59.6312 54.5391
942 59.0487 54.5063
190 58.3402 54.4665
538 57.4749 54.4178
485 56.5426 54.3654
35 55.3921 54.3007
577 54.211 54.2343
810 53.0723 54.1702
848 51.6253 54.0889
194 50.8015 54.0426
964 50.445 54.0225
210 49.9155 53.9927
945 49.4936 53.969
286 49.0973 53.9467
188 48.6402 53.921
161 48.1302 53.8923
370 47.5346 53.8589
791 47.061 53.8322
498 46.4273 53.7966
127 45.7551 53.7588
472 45.1865 53.7268
69 44.5833 53.6929
512 43.8992 53.6544
356 43.2323 53.6169
492 42.6639 53.585
89 41.8866 53.5413
461 41.3292 53.5099
929 40.7434 53.477
783 40.2351 53.4484
237 39.8866 53.4288
533 39.5391 53.4093
922 39.1842 53.3893
452 38.846 53.3703
522 38.4388 53.3474
180 38.0217 53.3239
748 37.5859 53.2994
147 37.559 53.428
175 37.5306 53.5642
281 37.4339 53.2683
101 37.3312 52.9536
471 37.1995 52.5504
342 37.0525 52.1002
839 36.9165 51.6838
732 36.7677 51.2282
597 36.5363 50.5194
403 34.5409 44.4117
535 34.5417 44.0634
302 34.5425 43.7196
603 34.5434 43.3648
414 34.5445 42.9182
397 34.5455 42.4964
664 34.5466 42.0587
706 34.5476 41.645
619 34.5486 41.228
869 34.5497 40.7697
811 34.5506 40.4195
723 34.5514 40.0684
586 34.5536 39.1807
7 34.555 38.583
989 34.5565 37.976
692 34.5582 37.2829
687 34.5599 36.5749
191 34.5618 35.7832
257 34.5636 35.0526
612 34.5654 34.3256
261 34.5674 33.4961
160 34.5688 32.9347
467 34.5701 32.3862
822 34.5714 31.8585
379 34.5725 31.4017
935 34.5736 30.9634
439 34.5868 25.2579
915 34.5881 24.6962
246 34.5896 24.0787
111 34.591 23.5423
363 34.5923 23.0089
824 34.5932 22.634
573 34.5942 22.1984
26 34.5952 21.8087
351 34.5962 21.401
287 34.5968 21.1358
709 34.5974 20.9234
653 34.5979 20.6952
626 34.5984 20.4807
278 34.599 20.2646
518 34.6113 14.9468
602 27.3093 16.2202
64 27.0938 16.2578
641 26.8695 16.2968
337 26.8695 16.2968
310 26.7641 16.2913
407 26.4925 16.2771
883 26.1593 16.2596
669 25.6978 16.2355
254 25.2343 16.2112
704 24.8209 16.1895
307 24.0594 16.1496
643 23.0604 16.0973
284 22.0527 16.0446
474 20.8744 15.9829
8 19.8151 15.9274
899 18.7644 15.8724
402 17.5574 15.8092
348 16.4598 15.7517
366 15.4949 15.7011
702 14.5511 15.6517
258 11.9809 15.5173
588 11.9809 15.5173
488 11.9809 15.5173
812 11.9809 15.5173
629 11.9783 15.8499
722 11.9755 16.1982
881 11.9706 16.8329
187 11.9638 17.6928
299 11.9576 18.4818
211 11.9529 19.0826
74 11.9474 19.7795
741 11.9439 20.2372
682 11.9403 20.6866
963 11.9363 21.2
646 11.9327 21.6691
985 11.926 22.5151
61 11.9245 22.707
673 11.9195 23.346
710 11.9145 23.9791
455 11.9099 24.5699
514 11.905 25.1895
86 11.9014 25.6489
362 11.9012 25.6766
674 11.901 25.7058
412 11.9007 25.7386
794 11.9005 25.7728
331 11.9002 25.8048
133 11.8999 25.8382
898 11.8997 25.8711
268 13.4898 28.1498
616 15.0517 30.3879
205 15.0517 30.3879
572 15.0517 30.3879
661 15.0517 30.3879
121 15.0517 30.3879
4 15.0517 30.3879
32 16.2214 30.8107
902 17.0789 31.1205
354 17.8735 31.4077
836 18.5386 31.648
943 19.2557 31.9071
990 19.9937 32.1738
787 21.2944 32.6439
151 22.0492 32.9166
125 22.4622 33.0659
65 22.9196 33.2311
11 23.419 33.4116
829 23.8203 33.5566
549 24.2438 33.7097
486 24.6594 33.8599
529 25.0886 34.015
679 25.4815 34.1569
834 25.846 34.2886
221 24.9028 36.011
10 22.2002 40.9464
858 20.8446 43.4218
174 20.0939 44.7928
691 19.4992 45.8788
938 19.3319 46.1842
59 19.1693 46.4813
652 18.4775 46.5306
324 17.9084 46.571
655 17.2234 46.6198
182 16.4816 46.6726
565 15.7538 46.7245
279 15.096 46.7713
863 14.4214 46.8193
47 13.8189 46.8622
936 13.3303 46.897
87 12.8498 46.9311
476 12.485 46.9571
123 12.1123 46.9836
700 11.7375 47.0103
283 11.3523 47.0377
352 10.9774 47.0644
505 10.5954 47.0916
849 10.2139 47.1188
330 10.1599 47.1226
228 10.1081 47.1263
312 10.0514 47.1303
384 9.9967 47.1342
489 9.9421 47.1381
770 9.88836 47.1419
527 9.8332 47.1458
698 9.78362 47.1493
909 9.72287 47.1536
925 9.66235 47.1579
499 9.66235 47.1579
100 9.66235 47.1579
222 9.66235 47.1579
534 9.66235 47.1579
116 9.66235 47.1579
218 9.66235 47.1579
166 9.66235 47.1579
212 9.66235 47.1579
148 9.66235 47.1579
758 9.66235 47.1579
303 9.66235 47.1579
463 9.66235 47.1579
214 9.66234 47.1579
154 9.66234 47.1579
805 9.66234 47.1579
841 9.66234 47.1579
797 9.66234 47.1579
328 9.66234 47.1579
771 9.83613 47.4402
157 9.99526 47.6987
749 10.1613 47.9685
958 10.3212 48.2281
128 10.5201 48.5513
46 10.7329 48.8968
341 11.004 49.3372
731 11.268 49.7659
373 11.5659 50.2499
542 11.8701 50.7439
131 12.1759 51.2405
708 12.1759 51.2405
423 12.1759 51.2405
663 12.1759 51.2405
78 12.1759 51.2405
601 13.8663 56.67
496 13.8663 56.67
908 13.8663 56.67
507 13.4797 57.0368
57 12.4808 57.9847
122 11.4481 58.9647
981 11.7147 60.753
760 11.9927 62.6171
81 12.2985 64.6671
327 12.5783 66.5438
451 12.5684 66.5603
114 12.5573 66.5785
552 12.5466 66.5962
398 12.5356 66.6143
531 12.5248 66.6322
234 12.5139 66.6502
376 12.5032 66.6678
667 12.4919 66.6866
347 12.4815 66.7036
381 12.4319 66.9581
799 12.3971 67.1371
589 12.3633 67.3106
524 12.3257 67.5035
739 12.2889 67.6921
879 12.2521 67.8809
784 12.2168 68.0622
747 12.1801 68.2505
630 12.1417 68.4476
196 12.1049 68.6362
219 12.0639 68.8464
939 12.0245 69.0486
966 11.812 70.1393
207 11.6992 70.7189
991 11.6516 70.9629
694 11.6089 71.1821
255 11.567 71.3975
686 11.5222 71.6273
371 11.4788 71.8501
427 11.4317 72.0919
948 11.3847 72.333
665 11.3377 72.5741
734 11.2905 72.8168
445 11.2377 73.0873
607 11.1856 73.3548
132 11.1338 73.6207
551 11.0539 74.0307
90 10.9779 74.4209
615 10.9716 74.4531
433 10.9655 74.4845
75 10.9593 74.5165
830 10.9533 74.5471
546 10.9476 74.5762
113 10.9423 74.6035
3 10.9365 74.633
14 10.9302 74.6653
728 10.9237 74.6988
639 10.9179 74.7285
717 10.9123 74.7572
77 10.9065 74.7873
517 10.8994 74.8233
272 10.8928 74.8572
97 10.8858 74.8936
482 10.8786 74.9303
503 10.8709 74.9696
500 10.8634 75.0081
556 10.8557 75.0478
825 10.8487 75.0835
168 10.8417 75.1195
443 10.8345 75.1563
88 10.827 75.1949
657 10.8199 75.2315
277 10.8128 75.2681
905 10.8046 75.3099
426 10.7971 75.3486
178 10.79 75.3846
31 10.7833 75.4194
944 10.7762 75.4556
890 10.7695 75.4899
95 10.7628 75.5241
346 10.7565 75.5565
796 10.75 75.5903
298 10.743 75.6259
374 10.7362 75.6606
321 10.7293 75.6962
457 10.7224 75.7314
759 10.7153 75.768
338 10.7092 75.7996
360 10.7019 75.8367
108 10.6944 75.8751
244 10.6944 75.8751
48 10.6944 75.8751
93 10.6944 75.8751
436 10.6944 75.8751
719 10.6944 75.8751
224 10.6944 75.8751
970 10.6944 75.8751
192 10.6944 75.8751
547 10.9971 79.6973
570 11.0453 80.3056
17 11.0945 80.9247
554 11.0945 80.9247
860 11.0945 80.9247
119 11.0945 80.9247
469 11.0069 82.2124
247 10.922 83.4602
446 10.8406 84.6577
39 10.7635 85.7918
364 10.7338 86.2298
401 10.7047 86.6576
969 10.6759 87.0825
982 10.6478 87.4964
316 10.6201 87.9047
914 10.5926 88.3098
203 10.5651 88.7137
300 10.5367 89.1322
718 10.5049 89.5998
988 10.4732 90.0675
399 10.4761 90.0675
444 10.4789 90.0676
780 10.4817 90.0676
803 10.484 90.0676
953 10.4864 90.0676
827 10.489 90.0677
568 10.4919 90.0677
199 10.4946 90.0677
325 10.4975 90.0677
386 10.5001 90.0678
1 10.5026 90.0678
711 10.5052 90.0678
693 10.5079 90.0679
916 10.5108 90.0679
495 10.5133 90.0679
585 10.5156 90.0679
236 10.5182 90.068
678 10.5206 90.068
868 10.5231 90.068
213 10.5257 90.068
435 10.6884 90.0698
447 10.8449 90.0714
169 11.0013 90.0731
815 11.1642 90.0748
263 11.3178 90.0765
792 11.4814 90.0782
628 11.6596 90.0801
240 11.8374 90.082
750 12.0321 90.0841
637 12.2289 90.0862
462 12.4356 90.0884
153 12.6257 90.0904
58 12.837 90.0927
200 13.021 90.0947
441 13.2325 90.0969
699 13.3514 90.0982
301 13.4748 90.0995
115 13.6071 90.1009
933 13.7332 90.1023
955 13.8512 90.1035
651 13.9835 90.1049
442 14.1039 90.1062
753 14.2287 90.1075
973 14.344 90.1088
138 14.4588 90.11
106 14.5751 90.1112
380 14.7121 90.1127
736 15.2899 90.1189
409 16.2487 90.1291
405 16.2487 90.1291
249 16.4338 89.6979
712 16.6004 89.3101
892 16.7713 88.9122
557 16.93 88.5425
304 17.0923 88.1646
183 17.2751 87.7389
695 17.4596 87.3091
776 17.6326 86.9063
431 18.108 85.7992
859 18.4934 84.9016
578 18.9196 83.9092
946 19.2867 83.0541
50 19.5739 82.3855
490 19.9173 81.5857
886 20.2739 80.7551
167 20.6373 79.909
162 20.9934 79.0797
184 21.2294 78.5301
600 21.4836 77.938
411 21.7131 77.4036
950 21.798 77.206
701 21.8831 77.0078
76 21.9639 76.8195
537 22.0622 76.5908
41 22.1541 76.3767
400 22.2519 76.1489
339 22.3484 75.9242
361 22.4499 75.6878
924 22.5511 75.4522
726 22.6439 75.2359
658 22.7385 75.0157
326 22.8319 74.7983
424 22.9256 74.5799
526 23.0838 74.2116
275 23.2284 73.8748
16 23.3623 73.5631
429 23.5011 73.2398
560 23.6426 72.9104
574 23.8637 72.3956
680 24.0643 71.9284
487 24.2729 71.4425
502 24.5403 70.8198
220 24.8528 70.0921
550 25.2006 69.2823
56 26.0797 67.2347
705 25.5966 66.4274
587 25.194 65.7549
640 24.7962 65.0902
267 24.4104 64.4456
329 24.0271 63.8054
720 23.6625 63.1962
422 23.2927 62.5783
972 22.9524 62.0099
956 22.9159 61.9489
957 22.88 61.889
349 22.8422 61.8258
137 22.8041 61.7623
545 22.7617 61.6914
34 22.7208 61.6232
897 22.6798 61.5547
703 22.6376 61.4841
130 22.7429 61.297
764 22.8509 61.105
336 22.9595 60.9121
971 23.0657 60.7234
142 23.1726 60.5335
677 23.2653 60.3688
772 24.0602 58.9552
79 24.9928 57.2964
37 25.9474 55.5986
633 26.1458 55.2459
413 26.3449 54.8921
475 26.5275 54.5676
233 26.6898 54.2793
949 26.8667 53.9648
688 26.8672 53.9641
525 26.8676 53.9633
493 26.868 53.9626
508 26.8685 53.9618
388 26.8689 53.961
510 26.906 54.0768
913 26.9399 54.1825
269 26.9744 54.2901
38 27.0084 54.3963
391 27.0484 54.5209
733 27.0894 54.6488
30 27.1265 54.7648
778 27.1606 54.8713
876 27.1966 54.9834
788 27.2354 55.1047
735 27.271 55.2156
756 27.3054 55.3231
49 27.3392 55.4286
891 27.3746 55.5389
543 27.4092 55.6468
438 27.4457 55.761
729 27.7589 56.7361
599 28.0743 57.7183
382 28.3786 58.6661
365 28.6715 59.5782
927 28.9132 60.3315
846 29.1145 60.9587
901 29.3102 61.5685
571 29.5048 62.1746
501 29.6869 62.7422
99 29.8643 63.2949
903 30.0465 63.299
359 30.2257 63.3031
390 30.3967 63.307
789 30.5632 63.3108
104 31.6791 63.3365
965 32.6741 63.3594
779 33.8145 63.3857
21 34.201 63.3945
404 34.5992 63.4036
225 34.9921 63.4126
523 35.3515 63.4208
765 35.6822 63.4283
558 36.0151 63.4359
912 36.3 63.4424
596 36.5957 63.4491
291 36.8949 63.4559
171 37.1976 63.4628
410 37.5008 63.4697
894 37.7909 63.4764
163 38.0534 63.4823
80 38.3184 63.4884
621 38.5862 63.4945
54 38.8304 63.5
809 39.0786 63.5057
645 39.3301 63.5114
676 39.6111 63.5178
683 39.8747 63.5238
453 40.1424 63.5299
264 40.3309 63.5342
576 40.52 63.5385
986 40.718 63.543
923 40.718 63.543
715 39.4268 66.2743
124 38.1546 68.9654
540 37.873 69.5607
804 37.6028 70.1316
134 37.2677 70.8401
689 36.9085 71.5994
604 36.5831 72.2871
454 36.2983 72.8891
878 36.0422 73.4304
638 35.7765 73.992
459 35.7765 73.992
256 35.7765 73.992
755 35.7765 73.992
840 35.7765 73.992
561 35.7765 73.992
226 35.7765 73.992
252 35.7765 73.992
730 35.7765 73.992
308 35.7765 73.992
144 35.7765 73.992
724 35.7765 73.992
976 35.7765 73.992
807 35.7765 73.992
270 35.7765 73.992
649 35.7765 73.992
562 35.7765 73.992
614 35.7765 73.992
910 35.7765 73.992
563 35.7765 73.992
230 29.133 80.9568
292 29.0693 80.9915
888 29.0025 81.0278
479 28.935 81.0646
591 28.9418 81.2291
954 28.9505 81.441
296 28.9592 81.6514
241 28.9677 81.8577
418 28.9753 82.0403
757 28.9827 82.2195
697 28.9903 82.4025
806 28.9981 82.5909
266 29.0055 82.7714
333 29.0146 82.9891
635 29.0236 83.2069
662 29.0558 83.9865
223 29.1067 85.2173
885 29.1717 86.7894
28 29.2322 88.2542
738 29.2639 89.0211
919 29.2759 89.3114
877 29.2896 89.6428
569 29.3029 89.9631
918 29.3029 89.9631
72 29.3029 89.9631
707 29.3029 89.9631
470 29.3029 89.9631
437 29.3029 89.9631
150 29.3029 89.9631
672 29.3029 89.9631
872 29.3029 89.9631
60 28.9692 90.1844
120 28.6293 90.4098
96 28.2831 90.6393
491 27.956 90.8563
227 27.6337 91.07
15 27.6337 91.07
593 27.6337 91.07
44 27.6337 91.07
521 27.6338 91.07
368 27.6338 91.07
871 27.6338 91.07
288 27.6338 91.07
696 27.6338 91.07
36 27.6338 91.07
306 27.6338 91.07
768 27.6338 91.07
833 27.6338 91.07
610 27.6338 91.07
608 27.6338 91.07
13 27.8032 91.0668
430 28.0952 91.0614
714 28.3935 91.0558
611 28.7332 91.0494
786 29.0781 91.043
456 29.4162 91.0367
808 29.786 91.0298
20 30.1492 91.023
631 30.5206 91.0161
231 30.9115 91.0088
92 31.2911 91.0017
773 31.667 90.9947
394 32.0387 90.9877
960 32.3949 90.9811
73 32.7609 90.9742
172 33.1331 90.9673
253 33.4981 90.9605
146 33.8696 90.9535
2 34.243 90.9466
189 34.6162 90.9396
271 34.9703 90.933
392 35.3313 90.9262
428 35.695 90.9194
795 36.0704 90.9124
761 36.4519 90.9053
141 37.2976 90.8897
752 38.2186 90.8726
713 39.1703 90.8551
53 40.034 90.8391
389 40.8917 90.8232
974 41.7473 90.8074
265 42.6776 90.7902
139 43.7294 90.7708
23 45.8638 90.7323
511 45.8692 90.7322
980 45.8744 90.7321
105 45.8793 90.732
874 45.8843 90.7319
156 45.8896 90.7318
5 45.8948 90.7317
746 45.9 90.7317
613 45.9048 90.7316
22 46.5302 90.7201
532 47.1892 90.7081
559 47.8692 90.6957
911 48.5271 90.6838
882 48.5271 90.6838
624 48.5271 90.6838
896 48.5271 90.6838
961 48.5271 90.6838
766 48.5271 90.6838
343 48.5271 90.6838
448 48.5271 90.6838
82 48.5411 90.6419
548 48.5531 90.6058
618 48.568 90.5614
814 48.5829 90.5167
40 48.5975 90.4729
866 48.6105 90.4339
309 48.6246 90.3918
181 48.6395 90.3472
861 48.9887 89.303
895 49.3233 88.3023
642 49.5826 87.5265
193 49.8321 86.7804
319 50.0708 86.0663
91 50.3057 85.3634
94 50.3332 85.5167
215 50.3642 85.6904
516 50.3977 85.8774
206 50.4279 86.0469
416 50.4553 86.1998
305 50.483 86.3547
259 50.5094 86.5024
659 50.5371 86.6576
536 50.5671 86.8252
763 50.5967 86.9907
165 50.625 87.1491
449 50.6517 87.2985
239 50.7372 87.3384
564 50.82 87.377
129 50.9073 87.4176
415 51.0071 87.4642
851 51.1013 87.508
369 51.1927 87.5507
947 51.2787 87.5907
940 51.365 87.6309
406 51.4539 87.6723
126 51.5441 87.7144
12 51.6425 87.7602
62 51.7372 87.8044
477 51.8357 87.8502
737 51.911 87.8853
584 51.9832 87.919
539 52.0474 87.9489
541 52.1263 87.9857
434 52.2032 88.0215
816 52.2732 88.0541
992 52.3432 88.0867
245 52.3432 88.0867
344 52.3432 88.0867
375 52.3432 88.0867
774 52.6285 87.8429
952 52.9149 87.5982
320 53.2019 87.3529
140 53.5071 87.0921
754 53.7978 86.8437
313 54.089 86.5948
367 54.4024 86.327
801 54.7509 86.0291
317 55.047 85.7761
297 55.321 85.5419
622 55.5465 85.3492
118 55.7084 85.2108
335 55.8845 85.0604
280 56.0587 84.9115
690 56.2366 84.7595
145 56.4307 84.5935
800 56.1711 83.6428
229 55.9682 82.8996
179 55.7798 82.2095
408 55.5889 81.5101
513 55.2777 80.3703
857 55.0799 79.646
432 54.9057 79.008
847 54.7448 78.4185
605 54.5939 77.8658
109 54.4667 77.4
671 54.3532 76.9841
395 54.2372 76.5593
18 54.0971 76.0462
350 53.9262 75.4202
575 53.9534 75.3562
460 53.9818 75.2896
208 54.0094 75.2248
632 54.0347 75.1653
294 54.0593 75.1074
826 54.096 75.0213
921 54.1337 74.9327
769 54.1704 74.8464
636 54.2047 74.766
248 54.2412 74.6803
880 54.2786 74.5923
530 54.3165 74.5033
887 54.469 74.145
802 54.6746 73.6621
112 54.8968 73.14
832 55.1054 72.6499
484 55.3151 72.1573
9 55.5391 71.631
315 55.7686 71.0919
987 56.0054 70.5355
235 56.2406 69.9829
582 56.4824 69.4149
617 56.7498 68.7865
762 57.0143 68.1653
782 57.2609 67.5858
85 57.7852 66.3539
173 57.8427 66.4311
907 57.894 66.4999
216 57.946 66.5698
293 58.001 66.6435
668 58.0594 66.722
515 58.1116 66.792
855 58.1629 66.8609
798 58.2143 66.9299
647 58.2734 67.0091
743 58.3286 67.0832
468 58.3867 67.1612
84 58.4441 67.2381
440 58.503 67.3172
968 58.5577 67.3907
625 58.6132 67.4651
282 58.6713 67.543
340 58.7344 67.6278
793 58.7907 67.7033
579 61.8323 71.7869
727 61.8323 71.7869
152 61.8323 71.7869
904 61.8862 72.0683
478 61.9373 72.3356
818 62.8119 76.9016
867 62.8505 77.1031
290 62.8931 77.3255
67 62.9352 77.5457
509 63.0077 77.9248
393 63.0807 78.3059
51 63.495 80.4698
845 64.0748 83.498
52 64.3867 85.1274
177 64.4803 85.6163
813 64.5682 86.0755
42 64.6502 86.5042
378 64.7213 86.8757
149 64.8113 87.3459
202 64.837 87.4804
620 64.8633 87.6176
544 64.8874 87.7433
251 64.9107 87.8654
185 64.9328 87.9808
273 64.9546 88.0948
817 64.9768 88.2106
931 64.9972 88.3174
984 65.0205 88.4392
464 65.0441 88.5624
856 65.0672 88.6831
580 70.8119 88.6706
567 71.2226 88.6698
159 71.7426 88.6688
158 72.2089 88.6679
318 72.6815 88.6669
666 73.1798 88.666
417 73.6776 88.665
494 74.1713 88.664
135 74.6492 88.6631
775 74.9451 88.6626
481 75.257 88.662
353 75.6237 88.6613
893 76.0068 88.6605
937 76.3467 88.6599
285 76.7483 88.6591
820 77.1976 88.6582
823 77.5973 88.6574
864 78.1146 88.6564
465 78.6499 88.6554
473 79.6006 88.6535
928 80.348 88.652
983 80.4776 88.4259
854 81.0403 87.4445
311 84.2865 81.7832
332 85.0627 80.4295
385 85.5167 79.6375
204 85.6468 79.6203
660 85.7748 79.6033
450 85.8924 79.5878
322 86.0031 79.5731
742 86.1424 79.5547
889 86.4628 79.5122
528 86.4628 79.5122
685 86.4628 79.5122
725 86.4628 79.5122
372 86.4628 79.5122
25 86.0683 79.0107
740 84.5556 77.087
648 82.9247 75.013
852 80.7363 72.2296
977 79.6828 70.89
383 79.6091 70.7965
334 79.5347 70.7019
744 79.4727 70.6232
975 79.4273 70.5655
962 79.3818 70.5077
684 79.3384 70.4525
83 79.2965 70.3992
201 79.2515 70.3421
837 79.2078 70.2865
654 79.1646 70.2316
71 79.1646 70.2316
900 78.1579 66.9379
595 77.0546 63.328
68 77.0955 63.015
506 77.1553 62.557
242 77.2083 62.152
767 77.2533 61.8079
850 78.3011 60.8967
932 79.3814 59.9572
110 80.2814 59.1747
195 82.251 57.4616
951 82.7076 57.0647
838 83.1114 56.7136
170 83.5159 56.3619
497 83.89 56.0368
107 83.4521 55.3683
136 82.9805 54.6484
884 82.5106 53.931
198 82.0122 53.17
553 81.5035 52.3933
670 81.0897 51.7617
920 80.9716 51.5814
29 80.8488 51.3941
609 80.7371 51.2237
466 80.6421 51.0788
425 80.6421 51.0788
592 80.6421 51.0788
583 80.6421 51.0788
967 80.6421 51.0788
387 80.6421 51.0788
656 80.6421 51.0788
33 82.2844 41.307
745 82.5708 39.6018
590 82.8895 37.704
835 83.1261 36.2957
274 83.4 34.6644
520 83.8592 31.9309
98 84.5599 27.76
627 85.7651 20.5883
979 86.0372 18.968
243 86.1724 18.1632
260 86.2684 17.5916
345 86.2684 17.5916
483 86.2684 17.5916
