0,98,590,745,274,835,33,520,466,920,29,967,425,609,195,136,143,334,190,70,420,485,170,932,506,684,583,107,838,951,884,387,977,332,385,201,852,383,198,242,497,311,450,648,818,204,740,660,68,152,650,340,962,481,528,937,975,837,727,465,775,889,417,159,25,685,372,983,820,322,473,928,135,251,42,149,813,823,158,893,666,742,725,864,580,353,494,71,83,297,273,854,477,845,464,52,620,285,544,754,185,202,318,992,575,313,911,434,118,980,177,567,622,817,145,378,782,229,896,737,369,406,801,511,746,887,415,816,335,179,12,690,724,540,976,215,292,91,530,134,536,344,40,940,320,861,561,259,636,880,245,584,952,618,984,239,156,305,856,62,516,139,470,375,713,624,206,559,541,23,389,105,874,265,961,449,5,882,532,766,230,146,22,309,392,539,172,738,774,241,613,548,448,974,165,129,181,343,947,72,394,866,851,408,814,367,428,28,672,53,960,296,416,773,223,92,808,490,36,707,409,752,150,569,696,253,885,761,231,786,16,271,73,763,877,795,248,659,294,591,614,649,319,189,840,755,82,872,806,662,730,437,638,919,41,120,256,141,76,487,431,249,918,333,2,651,20,17,227,593,288,871,859,44,714,456,611,58,631,521,933,973,446,982,442,50,399,95,430,306,441,183,578,424,776,768,368,115,610,96,304,753,462,13,833,568,1,491,169,316,436,199,695,803,551,15,750,827,914,380,200,263,405,108,712,953,585,711,637,153,364,547,444,325,815,31,546,955,719,244,426,178,401,447,736,39,300,988,868,213,969,106,628,386,236,301,247,557,435,693,699,678,138,608,792,184,224,298,830,759,728,718,991,694,90,240,905,944,890,75,615,371,734,639,879,739,784,667,860,503,203,381,892,554,570,657,686,607,556,825,48,427,347,703,717,207,77,966,665,219,376,760,939,97,445,14,517,799,277,255,747,589,131,500,948,338,680,524,630,482,925,981,772,122,166,100,234,849,972,531,677,505,909,3,652,527,222,214,182,352,749,57,708,218,489,373,341,841,116,958,46,212,330,936,47,303,154,128,157,476,990,770,663,542,336,805,174,616,312,4,86,898,514,731,299,133,384,794,328,985,283,499,496,228,123,549,612,423,797,949,943,700,836,87,125,438,655,148,863,121,10,307,205,915,811,529,11,354,679,278,486,822,661,902,643,824,626,268,74,602,674,588,963,258,362,412,702,402,899,641,254,348,646,211,187,682,331,572,673,710,455,741,812,474,722,61,629,8,488,246,366,881,518,704,467,934,787,261,310,573,287,709,26,111,883,653,669,351,363,407,337,379,284,439,64,480,790,586,834,7,869,221,419,594,785,681,19,197,853,289,865,6,873,781,164,355,555,55,250,935,751,66,209,421,458,634,875,377,692,498,945,716,210,978,623,512,522,906,472,356,848,798,286,69,155,342,621,370,923,237,706,619,194,180,783,508,533,664,876,844,257,452,461,566,917,862,160,191,78,748,687,858,938,388,543,771,688,414,829,151,302,475,723,37,535,397,38,989,534,65,391,758,956,32,403,79,463,698,279,640,705,233,34,493,49,891,59,422,501,269,451,525,922,913,603,147,413,908,691,735,142,957,565,329,196,764,272,361,507,846,756,324,633,374,658,587,433,192,601,398,119,130,400,796,81,162,469,326,360,916,560,886,946,526,757,697,93,537,495,780,443,88,457,321,275,789,888,266,479,220,701,168,454,635,927,552,502,411,339,550,950,418,726,167,60,359,346,970,114,954,604,99,429,897,924,349,113,600,689,971,571,327,733,903,124,132,878,226,21,80,225,732,459,564,523,144,270,484,235,350,807,410,683,404,596,308,676,291,171,252,574,599,901,788,89,720,510,382,127,778,729,137,645,267,390,545,912,839,965,576,765,809,104,54,743,929,101,175,779,617,365,843,188,471,264,281,597,810,793,30,163,910,855,804,56,968,894,857,715,513,802,964,921,632,895,986,140,563,193,562,126,642,826,395,647,84,161,847,625,800,315,282,280,440,112,832,769,460,605,582,432,238,904,317,671,94,931,9,509,18,51,290,744,579,900,110,654,173,987,668,867,595,208,393,515,762,67,453,109,907,791,558,492,767,216,186,293,35,577,519,468,276,396,478,85,538,553,323,232,670,656,592,941,850,942,644,102,606,926,262,217,357,831,43,117,842,930,870,27,828,821,45,314,63,358,675,959,598,176,777,103,819,295,504,581,24,243,979,260,483,721,345,627,
value : 539.353 running time : 31.614252
0 80 20
98 82.1965 29.9241
590 81.5045 31.9522
745 80.7942 34.0337
274 80.3544 35.3224
835 79.9918 36.3849
33 79.6466 37.3966
520 79.1864 38.7449
466 78.5056 40.7402
920 77.9198 42.4567
29 77.5209 43.6255
967 77.1157 44.813
425 76.8041 45.726
609 76.5239 46.5473
195 76.1993 47.4984
136 75.8589 48.4959
143 75.5052 49.5325
334 75.1535 50.563
190 74.9143 51.2641
70 74.7243 51.8207
420 74.539 52.3637
485 74.3937 52.7896
170 78.9797 56.7245
932 79.3287 57.0239
506 79.7226 57.3619
684 80.0691 57.6591
583 80.3686 57.9161
107 80.7643 58.2556
838 81.0498 58.5006
951 81.3539 58.7615
884 81.6652 59.0286
387 81.9562 59.2782
977 82.2821 59.5578
332 82.5975 59.8285
385 82.8373 60.0341
201 83.0579 60.2234
852 83.2902 60.4227
383 83.5418 60.6386
198 83.7881 60.8499
242 84.0504 61.075
497 84.3433 61.3263
311 82.2926 69.5443
450 82.1265 70.2101
648 81.9521 70.9088
818 81.9521 70.9088
204 81.9521 70.9088
740 81.9521 70.9088
660 81.9521 70.9088
68 75.3242 70.3819
152 75.3302 70.3936
650 75.3364 70.4055
340 75.3429 70.4182
962 75.7863 71.2814
481 76.2634 72.2098
528 76.5912 72.8479
937 76.914 73.4762
975 77.1676 73.9698
837 77.4508 74.521
727 77.7519 75.107
465 78.5891 76.7366
775 80.4432 78.3932
889 84.0467 81.6129
417 84.3741 81.9055
159 84.8126 82.2973
25 85.3094 82.7412
685 85.6783 83.0707
372 86.0016 83.3596
983 81.6146 88.0134
820 81.6146 88.0134
322 81.6145 88.0134
473 81.6145 88.0135
928 81.6145 88.0135
135 78.3221 88.0102
251 76.1431 88.0081
42 75.013 88.007
149 74.7881 88.0067
813 74.6094 88.0066
823 74.4221 88.0064
158 74.2532 88.0062
893 74.0845 88.0061
666 73.8979 88.0059
742 73.7205 88.0057
725 73.5417 88.0056
864 73.3346 88.0054
580 73.1338 88.0052
353 72.5029 88.0045
494 71.9032 88.004
71 71.2332 88.0033
83 70.5712 88.0027
297 69.8922 88.002
273 69.2867 88.0014
854 68.7567 88.0009
477 68.122 88.0003
845 67.5655 87.9998
464 66.9892 87.9992
52 66.4591 87.9987
620 65.9245 87.9982
285 65.3787 87.9977
544 64.7581 87.9971
754 64.073 87.9964
185 63.5821 87.9959
202 63.099 87.9955
318 62.6771 87.9951
992 61.3484 87.9938
575 59.9607 87.9924
313 58.5943 87.9911
911 57.4392 87.9899
434 56.216 87.9888
118 56.216 87.9888
980 56.216 87.9888
177 56.216 87.9888
567 56.216 87.9888
622 56.216 87.9888
817 56.216 87.9887
145 56.1071 87.9243
378 55.8224 87.756
782 55.542 87.5901
229 55.3318 87.4658
896 55.1356 87.3498
737 54.9152 87.2195
369 54.666 87.0721
406 54.4296 86.9323
801 54.2188 86.8076
511 54.009 86.6835
746 53.4104 86.3295
887 52.8274 85.9848
415 52.2187 85.6248
816 51.6297 85.2764
335 50.9109 84.8514
179 50.1651 84.4103
12 49.443 83.9832
690 48.5996 83.4844
724 46.4193 82.1951
540 46.4302 82.2166
976 46.4426 82.2408
215 46.4562 82.2673
292 46.4686 82.2917
91 46.481 82.3159
530 46.4944 82.3422
134 46.5063 82.3655
536 48.1429 85.5672
344 49.7825 88.7747
40 49.7825 88.7747
940 49.7825 88.7747
320 49.7825 88.7747
861 49.7825 88.7747
561 49.7825 88.7747
259 49.7825 88.7747
636 49.7825 88.7747
880 49.7825 88.7747
245 49.7825 88.7747
584 49.7825 88.7747
952 49.7825 88.7747
618 49.7825 88.7747
984 49.7825 88.7747
239 49.7303 88.8046
156 49.6847 88.8308
305 49.6416 88.8555
856 49.6006 88.879
62 48.054 89.7654
516 46.4867 90.6637
139 45.0654 91.4783
470 45.0654 91.4783
375 45.0654 91.4783
713 45.0654 91.4783
624 45.0654 91.4783
206 45.0654 91.4783
559 45.0654 91.4783
541 45.0654 91.4783
23 45.0654 91.4783
389 44.987 91.4687
105 44.9176 91.4602
874 44.8438 91.4512
265 44.7709 91.4422
961 44.7085 91.4346
449 44.6358 91.4257
5 44.5719 91.4179
882 44.5091 91.4102
532 44.4302 91.4005
766 44.3437 91.3899
230 44.2606 91.3798
146 44.1858 91.3706
22 44.1135 91.3617
309 44.044 91.3532
392 43.9713 91.3443
539 43.9051 91.3362
172 43.8328 91.3274
738 43.7652 91.3191
774 43.704 91.3116
241 43.6243 91.3019
613 43.5503 91.2928
548 43.4817 91.2844
448 43.4147 91.2762
974 43.3473 91.2679
165 43.284 91.2602
129 43.2146 91.2517
181 43.1479 91.2435
343 43.0851 91.2358
947 43.0188 91.2277
72 42.9424 91.2184
394 42.8784 91.2105
866 42.8199 91.2034
851 42.7626 91.1964
408 42.6939 91.188
814 42.622 91.1791
367 42.5512 91.1705
428 37.8038 90.5892
28 36.3287 90.4086
672 36.1658 90.3886
53 36.011 90.3697
960 35.8386 90.3486
296 35.6795 90.3291
416 35.5355 90.3115
773 35.3795 90.2924
223 35.2316 90.2743
92 35.107 90.259
808 34.9798 90.2434
490 34.8504 90.2276
36 34.7372 90.2137
707 34.636 90.2014
409 34.519 90.187
752 34.5304 89.9316
150 34.5433 89.6404
569 34.5556 89.3629
696 34.5688 89.0649
253 34.583 88.7444
885 34.5959 88.4525
761 34.6087 88.1641
231 34.6235 87.8301
786 34.6382 87.4969
16 34.6553 87.1126
271 34.6672 86.8442
73 34.6809 86.5336
763 34.6944 86.2294
877 34.7331 85.3568
795 34.7776 84.3519
248 34.8283 83.2066
659 34.6299 82.9879
294 34.3806 82.7131
591 34.1105 82.4154
614 34.1105 82.4154
649 34.1105 82.4154
319 34.1105 82.4154
189 34.0388 82.457
840 33.971 82.4964
755 33.9058 82.5342
82 33.6089 82.7065
872 33.0971 83.0035
806 32.5929 83.2962
662 32.0922 83.5868
730 31.5297 83.9132
437 30.9058 84.2754
638 30.1795 84.6969
919 29.4589 85.1151
41 28.6827 85.5656
120 27.9097 86.0142
256 27.1917 86.4309
141 26.3503 86.9192
76 25.4156 87.4617
487 24.475 88.0076
431 24.4208 88.0434
249 24.3666 88.0792
918 24.3166 88.1122
333 24.2622 88.1481
2 24.2059 88.1853
651 24.1424 88.2272
20 24.0843 88.2656
17 24.0764 88.2672
227 24.0696 88.2687
593 24.0696 88.2687
288 24.0696 88.2687
871 24.0696 88.2687
859 24.0696 88.2687
44 24.0696 88.2687
714 24.0696 88.2687
456 24.0696 88.2687
611 24.0696 88.2687
58 23.642 88.3026
631 23.2592 88.333
521 22.7563 88.373
933 22.2477 88.4133
973 21.756 88.4524
446 21.3381 88.4856
982 21.2081 88.4959
442 21.1004 88.5044
50 20.9944 88.5129
399 20.8731 88.5225
95 20.7648 88.5311
430 20.6671 88.5388
306 20.5524 88.548
441 20.4224 88.5583
183 20.2957 88.5683
578 20.1744 88.578
424 20.0443 88.5883
776 19.9106 88.5989
768 19.7899 88.6085
368 19.6571 88.619
115 19.521 88.6298
610 19.397 88.6397
96 19.2588 88.6507
304 18.7901 88.6879
753 18.4362 88.716
462 18.0648 88.7455
13 17.708 88.7738
833 17.3592 88.8015
568 16.9426 88.8346
1 16.5947 88.8622
491 16.2887 88.8865
169 15.3467 88.9613
316 15.1164 88.9796
436 14.8841 88.998
199 14.6607 89.0158
695 14.4572 89.0319
803 14.2319 89.0498
551 14.0459 89.0646
15 13.8471 89.0804
750 13.6096 89.0992
827 13.3825 89.1172
914 13.2047 89.1314
380 13.0338 89.1449
200 12.8933 89.1561
263 12.7502 89.1675
405 12.6137 89.1783
108 12.4874 89.1883
712 12.3687 89.1977
953 12.2144 89.21
585 12.0784 89.2208
711 11.9638 89.2299
637 11.8498 89.2389
153 11.7342 89.2481
364 11.6195 89.2572
547 11.503 89.2665
444 11.3992 89.2747
325 11.2975 89.2828
815 11.1883 89.2915
31 11.08 89.3001
546 10.9658 89.3091
955 10.8601 89.3175
719 10.7508 89.3262
244 10.6548 89.3338
426 10.5303 89.3437
178 10.4183 89.3526
401 10.3141 89.3609
447 10.2145 89.3688
736 10.1124 89.3769
39 10.0068 89.3853
300 9.90488 89.3934
988 9.80655 89.4012
868 9.80656 89.349
213 9.80657 89.2988
969 9.8066 89.1873
106 9.80662 89.081
628 9.80665 88.9641
386 9.80667 88.8646
236 9.80669 88.7647
301 9.80671 88.6529
247 9.80674 88.5458
557 9.80676 88.4415
435 9.80678 88.343
693 9.80697 87.4775
699 9.80715 86.6152
678 9.80733 85.7688
138 9.80757 84.6458
608 9.80803 82.5399
792 9.80814 82.0249
184 9.80826 81.4479
224 9.80837 80.9397
298 9.80845 80.539
830 9.80853 80.1874
759 9.80861 79.8306
728 9.80869 79.4524
718 9.80876 79.1049
991 9.80886 78.6736
694 9.80894 78.2765
90 9.809 77.9836
240 9.80907 77.6638
905 9.80914 77.3298
944 9.80922 76.976
890 9.8093 76.6032
75 9.80938 76.2344
615 9.80947 75.8142
371 9.80958 75.3195
734 9.80964 75.0301
639 9.80969 74.8033
879 9.80974 74.5545
739 9.80979 74.3151
784 9.80984 74.1109
667 9.80987 73.9535
860 9.8099 73.7986
503 9.80994 73.6299
203 9.80997 73.4755
381 9.81001 73.2878
892 9.81005 73.138
554 9.81009 72.9502
570 9.81014 72.7237
657 9.81019 72.4553
686 9.81025 72.1936
607 9.8103 71.9485
556 9.81035 71.7234
825 9.8104 71.4896
48 9.81045 71.2406
427 9.81059 70.6345
347 9.81072 70.0294
703 9.81078 69.7109
717 9.81084 69.4416
207 9.8109 69.1676
77 9.81097 68.8392
966 9.81104 68.5328
665 9.8111 68.2274
219 9.81117 67.9068
376 9.81124 67.5809
760 9.81131 67.2665
939 9.81137 66.9865
97 9.81143 66.7178
445 9.81149 66.4345
14 9.81156 66.1266
517 9.81162 65.8166
799 9.81169 65.5004
277 9.81176 65.192
255 9.81183 64.8614
747 9.8119 64.5235
589 9.81197 64.2089
131 9.81204 63.9067
500 9.8121 63.6183
948 9.81218 63.2489
338 9.81226 62.847
680 9.81235 62.4308
524 9.81245 61.9679
630 9.81255 61.511
482 9.81266 61.0198
925 9.81278 60.4593
981 9.81289 59.9562
772 9.81299 59.4899
122 9.8131 58.9897
166 9.81319 58.5505
100 9.81328 58.1286
234 9.81336 57.764
849 9.81345 57.3351
972 9.81353 56.9504
531 9.81361 56.5775
677 9.8137 56.1641
505 9.8138 55.7319
909 9.81388 55.3352
3 9.81395 55.003
652 9.81406 54.5176
527 9.81414 54.1253
222 9.81423 53.7176
214 9.81431 53.3488
182 9.8144 52.9483
352 9.81448 52.5594
749 9.81456 52.1701
57 9.81464 51.8104
708 9.81472 51.4611
218 9.8148 51.0946
489 9.81488 50.6921
373 9.81497 50.3015
341 9.81505 49.9177
841 9.81513 49.5376
116 9.81521 49.1557
958 9.81531 48.7318
46 9.81538 48.4105
212 9.81544 48.1263
330 9.81549 47.8584
936 9.81554 47.6289
47 9.8156 47.3745
303 9.81566 47.1117
154 9.81572 46.8046
128 9.81578 46.5219
157 9.81584 46.2491
476 9.8159 45.9661
990 9.81596 45.6827
770 9.81602 45.4227
663 9.81607 45.1794
542 9.81612 44.9509
336 9.81617 44.7104
805 9.81635 43.8776
174 9.81659 42.7714
616 9.81695 41.1018
312 9.81731 39.4471
4 9.81777 37.3095
86 9.81781 37.1061
898 9.81786 36.91
514 9.89825 36.8917
731 9.98299 36.8724
299 10.0627 36.8543
133 10.1437 36.8358
384 10.2227 36.8178
794 10.2987 36.8005
328 10.4506 36.7659
985 10.647 36.7211
283 10.8191 36.6819
499 10.9833 36.6445
496 12.6166 36.2723
228 13.2584 36.1261
123 13.9212 35.9751
549 14.7795 35.7795
612 15.1373 35.698
423 15.4274 35.6319
797 15.756 35.557
949 16.1025 35.4286
943 16.4709 35.2919
700 16.8076 35.1671
836 17.1645 35.0348
87 17.4944 34.9124
125 17.8739 34.7717
438 18.2467 34.6335
655 18.2467 34.6335
148 18.2467 34.6335
863 18.2467 34.6335
121 18.8075 34.0987
10 19.3051 33.624
307 19.9303 33.0277
205 19.9681 32.9916
915 20.0093 32.9524
811 20.0468 32.9165
529 20.0844 32.8807
11 20.0844 32.8807
354 20.2898 32.5734
679 20.4873 32.2778
278 21.5023 30.2918
486 22.2816 28.7669
822 23.1272 27.1123
661 22.4074 26.5638
902 21.8469 26.1368
643 21.3067 25.7252
824 20.8185 25.3533
626 20.2561 24.9248
268 17.2672 22.6476
74 13.8146 20.0171
602 13.8146 20.0171
674 13.7375 19.7936
588 13.6724 19.6051
963 13.6145 19.4371
258 13.5536 19.2608
362 13.4883 19.0714
412 13.4283 18.8977
702 13.371 18.7317
402 13.3102 18.5554
899 13.2487 18.3772
641 13.1821 18.1842
254 13.1089 17.9721
348 13.0344 17.756
646 12.9629 17.5489
211 12.8965 17.3566
187 12.8359 17.1809
682 12.8651 17.0273
331 12.8931 16.8796
572 12.9226 16.7245
673 12.957 16.5431
710 12.9918 16.3598
455 13.0734 15.9299
741 13.1964 15.2821
812 13.3307 14.5746
474 13.4468 14.5777
722 13.5375 14.5801
61 13.7609 14.5861
629 14.629 14.6092
8 15.6743 14.637
488 16.5333 14.6599
246 17.3706 14.6821
366 17.7758 14.6929
881 18.2291 14.705
518 34.8559 15.1474
704 35.1952 16.4773
467 35.5409 17.8326
934 35.569 17.9426
787 35.5941 18.0411
261 35.6173 18.1322
310 35.6397 18.2198
573 35.6629 18.3109
287 35.6868 18.4045
709 35.7135 18.5093
26 35.7384 18.6067
111 35.7622 18.7
883 35.7855 18.7916
653 35.8084 18.8812
669 35.8287 18.9609
351 35.8563 19.0691
363 35.8843 19.1787
407 35.9133 19.2925
337 35.9479 19.4281
379 35.9804 19.5556
284 36.0074 19.6611
439 36.0358 19.7726
64 36.9346 23.296
480 38.0175 27.5408
790 38.03 27.5899
586 38.0401 27.6294
834 38.0506 27.6704
7 38.0618 27.7144
869 38.0618 27.7144
221 38.2168 27.804
419 44.2924 31.3181
594 48.7108 33.8737
785 48.7108 33.8737
681 48.7108 33.8737
19 48.7108 33.8737
197 48.7108 33.8737
853 48.7109 33.8737
289 48.7109 33.8737
865 48.7109 33.8737
6 48.7109 33.8737
873 48.6762 34.1601
781 48.6383 34.4736
164 48.5971 34.8141
355 48.55 35.2029
555 48.5065 35.5622
55 48.4584 35.96
250 48.4023 36.4231
935 48.3423 36.9191
751 48.2852 37.3911
66 48.2214 37.9178
209 48.1626 38.4042
421 48.0911 38.9945
458 48.0152 39.6223
634 47.9365 40.272
875 47.8442 41.0351
377 47.7595 41.7344
692 47.5925 43.1138
498 47.3912 44.777
945 47.3471 45.1412
716 47.3055 45.4853
210 47.2583 45.8747
978 47.2173 46.2136
623 47.1707 46.5989
512 47.1284 46.9481
522 47.0856 47.3019
906 47.0447 47.6399
472 47.0003 48.0071
356 46.9577 48.3587
848 46.9097 48.7553
798 46.8574 49.1875
286 46.8574 49.1875
69 46.4239 49.019
155 46.0056 48.8564
342 45.6268 48.7091
621 45.2498 48.5626
370 44.8373 48.4022
923 44.4511 48.2521
237 43.9796 48.0688
706 43.5393 47.8977
619 43.2325 47.7784
194 43.0882 47.7224
180 42.9283 47.6602
783 42.7571 47.5937
508 42.6041 47.5342
533 42.6041 47.5342
664 39.2942 45.0243
876 39.1562 44.9197
844 39.0277 44.8223
257 38.4707 44.3999
452 38.0212 44.0591
461 37.5475 43.6998
566 36.8805 43.1941
917 36.2028 42.6802
862 35.502 42.1488
160 34.6731 41.5203
191 33.3323 41.9311
78 30.292 42.8626
748 29.621 43.0681
687 28.9111 43.2856
858 28.0622 43.5457
938 27.841 43.6135
388 27.7919 43.6285
543 27.7355 43.6458
771 27.6739 43.6647
688 27.6218 43.6807
414 27.5697 43.6966
829 27.5136 43.7138
151 27.4406 43.7685
302 27.3594 43.8295
475 27.2788 43.89
723 27.2033 43.9466
37 27.1286 44.0026
535 27.0547 44.0581
397 26.9817 44.1129
38 26.9113 44.1657
989 26.8372 44.2213
534 24.5327 45.9504
65 24.5327 45.9504
391 23.8604 46.5176
758 23.2153 47.0618
956 22.6345 47.5519
32 22.1407 47.9685
403 21.577 48.444
79 20.9962 48.9341
463 20.6595 49.2182
698 21.2751 50.0384
279 21.9039 50.8761
640 22.5761 51.7717
705 23.0094 52.3489
233 23.4228 52.8996
34 23.8336 53.4468
493 24.2249 53.9681
49 24.501 54.336
891 24.6138 54.85
59 24.7234 55.3493
422 24.8321 55.8444
501 24.9504 56.3832
269 24.9504 56.3832
451 24.9504 56.3832
525 24.9504 56.3832
922 24.9504 56.3832
913 24.8525 56.5891
603 24.7468 56.8115
147 24.6398 57.0368
413 24.5206 57.2876
908 24.3215 57.7067
691 24.0816 58.2114
735 23.865 58.6673
142 23.659 59.1009
957 23.4048 59.6358
565 23.1578 60.1555
329 22.9101 60.6767
196 22.6839 61.1529
764 22.4687 61.6057
272 22.2436 62.0794
361 22.0714 62.4419
507 22.0134 62.564
846 21.9482 62.7012
756 21.888 62.8279
324 21.8237 62.9632
633 21.7528 63.1122
374 18.3097 70.3575
658 17.8371 71.352
587 17.409 72.2528
433 16.37 74.4392
192 16.425 74.466
601 16.4906 74.4981
398 16.548 74.5261
119 16.6099 74.5564
130 16.6767 74.589
400 16.7418 74.6208
796 16.8087 74.6534
81 16.8738 74.6852
162 16.9395 74.7173
469 17.0107 74.7521
326 17.0762 74.7841
360 17.141 74.8157
916 17.2035 74.8463
560 17.2647 74.8762
886 17.331 74.9085
946 17.3956 74.9401
526 17.46 74.9715
757 17.5242 75.0029
697 17.5863 75.0332
93 17.6434 75.0611
537 17.7025 75.09
495 17.7559 75.1161
780 17.8199 75.1139
443 17.8899 75.1116
88 17.953 75.1094
457 18.0135 75.1074
321 18.0851 75.105
275 18.1635 75.1023
789 18.2414 75.0997
888 18.31 75.0974
266 18.3762 75.0951
479 18.4398 75.093
220 18.5068 75.0907
701 18.5742 75.0885
168 18.6456 75.0861
454 18.722 75.0835
635 18.7825 75.0814
927 18.844 75.0794
552 18.9046 75.0773
502 18.9653 75.0753
411 19.0303 75.0731
339 19.0973 75.0708
550 19.1661 75.0685
950 19.2308 75.0663
418 19.2981 75.064
726 19.5293 74.762
167 19.7683 74.45
60 20.6785 73.2614
359 21.5243 72.1568
346 21.5243 72.1568
970 21.5243 72.1568
114 21.8787 72.1337
954 22.4169 72.0986
604 22.8382 72.0711
99 23.2102 72.0469
429 23.5848 72.0225
897 24.0028 71.9952
924 24.4479 71.9662
349 24.9103 71.9361
113 25.3416 71.908
600 25.8719 71.8734
689 26.4374 71.8366
971 26.9048 71.8061
571 27.4048 71.7735
327 27.8738 71.7429
733 28.3729 71.7104
903 28.8992 71.6761
124 29.4334 71.6413
132 29.9218 71.6095
878 31.2587 71.5223
226 32.4892 71.4421
21 33.5779 71.3711
80 34.6856 71.2989
225 35.6642 71.2351
732 36.5271 71.1788
459 36.5271 71.1788
564 36.5271 71.1788
523 36.5243 71.0241
144 36.5218 70.8851
270 36.5192 70.7455
484 36.5165 70.596
235 36.5139 70.4497
350 36.5118 70.3346
807 36.5096 70.2145
410 36.4999 69.6754
683 36.4917 69.224
404 36.4844 68.8208
596 36.4765 68.3861
308 36.4689 67.9677
676 36.4613 67.5464
291 36.4541 67.1515
171 36.4473 66.777
252 36.4405 66.4014
574 36.4315 65.906
599 36.4203 65.2891
901 36.4106 64.7492
788 36.4021 64.2817
89 36.3936 63.8143
720 36.3872 63.458
510 36.3798 63.0523
382 36.3757 62.8249
127 36.3715 62.5943
778 36.3675 62.3716
729 36.3669 62.3372
137 36.3662 62.3008
645 36.3655 62.2616
267 36.3647 62.2209
390 36.3641 62.1825
545 36.3633 62.1387
912 36.6347 62.0814
839 36.8878 62.0279
965 37.132 61.9764
576 37.852 61.8243
765 38.4718 61.6934
809 39.0852 61.5639
104 39.6987 61.4343
54 40.3541 61.2959
743 41.0464 61.1497
929 41.5439 61.0446
101 42.1354 60.9197
175 42.6188 60.8176
779 43.1665 60.7019
617 43.734 60.5821
365 44.1083 60.503
843 44.5989 60.3994
188 44.8479 60.8312
471 45.0625 61.2033
264 45.2909 61.5994
281 45.5199 61.9963
597 45.7597 62.4121
810 46.0218 62.8667
793 46.2153 63.2022
30 46.4073 63.5352
163 46.689 64.0235
910 46.9589 64.4916
855 47.2215 64.9468
804 47.4653 65.3696
56 47.7361 65.8392
968 48.0427 66.3707
894 48.3422 66.8901
857 48.6343 67.3965
715 48.8792 67.8212
513 49.1806 68.3439
802 49.4562 68.8216
964 49.6956 69.2367
921 49.9648 69.7035
632 50.2081 70.1254
895 50.4474 70.5403
986 50.6589 70.9071
140 50.8919 71.3112
563 50.9009 71.3266
193 50.9102 71.3428
562 51.2537 71.3276
126 51.6676 71.3093
642 52.0883 71.2907
826 53.2752 71.2383
395 55.6475 71.1335
647 55.795 71.127
84 55.9303 71.121
161 56.072 71.1148
847 56.232 71.1077
625 56.3706 71.1016
800 56.5144 71.0952
315 56.6572 71.0889
282 56.793 71.0829
280 56.9443 71.0762
440 57.0987 71.0694
112 57.2467 71.0629
832 57.3999 71.0561
769 57.5443 71.0497
460 57.7004 71.0429
605 57.8434 71.0365
582 57.9862 71.0302
432 58.141 71.0234
238 58.3028 71.0162
904 58.4623 71.0092
317 58.6055 71.0029
671 58.6937 70.9647
94 58.7816 70.9266
931 58.8726 70.8871
9 59.3518 70.6796
509 59.8768 70.4521
18 60.3974 70.2266
51 60.9352 69.9936
290 61.4341 69.7774
744 61.9024 69.5745
579 62.3556 69.3782
900 62.1824 69.0814
110 61.982 68.7381
654 61.7627 68.3624
173 61.5178 67.943
987 61.2769 67.5302
668 61.0244 67.0976
867 60.7871 66.6912
595 60.4989 66.1974
208 60.2176 65.7155
393 59.9379 65.2363
515 59.6392 64.7248
762 59.347 64.2242
67 59.0607 63.7337
453 58.73 63.1672
109 58.4201 62.6363
907 58.0614 62.0219
791 57.6928 61.3903
558 57.3338 60.7755
492 57.4583 57.9814
767 57.4768 57.5682
216 57.494 57.1805
186 57.5164 56.6779
293 57.5367 56.2228
35 57.5572 55.7627
577 57.5789 55.2764
519 57.6016 54.767
468 57.6216 54.3187
276 57.7231 52.0405
396 58.9129 51.4419
478 60.1154 50.8368
85 60.8326 50.4163
538 61.6937 49.9115
553 62.7547 49.2894
323 63.5124 48.8451
232 64.0294 48.542
670 64.5037 48.2639
656 64.9208 48.0194
592 65.4044 47.7358
941 65.4044 47.7358
850 65.2658 47.5359
942 65.1064 47.306
644 64.9288 47.0498
102 64.7718 46.8233
606 64.5792 46.5455
926 64.399 46.2855
262 64.1967 45.9937
217 63.64 43.5794
357 63.1578 41.4883
831 62.5381 38.8007
43 62.5381 38.8007
117 62.5381 38.8007
842 62.5381 38.8007
930 62.5381 38.8007
870 62.5381 38.8007
27 62.5381 38.8007
828 62.5381 38.8007
821 62.5381 38.8007
45 62.5381 38.8007
314 62.5381 38.8007
63 62.5381 38.8007
358 63.2679 36.2768
675 64.0752 33.4846
959 65.6888 27.9041
598 67.0216 23.295
176 68.2402 19.0804
777 68.9267 16.7061
103 69.6636 14.1574
819 69.6636 14.1574
295 70.3508 14.122
504 71.1525 14.0806
581 72.0076 14.0365
24 73.6931 13.9495
243 82.2435 13.5086
979 82.6191 13.4892
260 82.9779 13.4707
483 83.3712 13.4504
721 83.3712 13.4504
345 84.0449 15.1878
627 84.2458 15.7058
