0,98,590,33,520,323,835,466,745,195,967,838,274,136,232,609,670,29,941,852,201,932,592,951,242,425,497,684,107,170,506,198,553,583,884,850,920,977,387,334,650,110,372,204,450,685,660,311,25,889,864,648,135,928,983,473,322,251,893,820,71,83,51,725,159,145,775,818,622,845,297,580,494,937,158,544,285,318,477,666,620,742,42,854,52,353,273,185,992,813,149,12,177,816,952,465,823,584,202,464,737,62,754,896,911,118,817,980,856,654,887,317,395,335,801,18,931,727,385,740,332,975,962,837,152,290,383,579,417,900,528,229,481,515,744,378,432,67,280,671,460,315,847,94,173,286,676,968,112,485,282,85,35,617,793,293,188,647,762,208,668,907,538,478,68,810,595,987,238,440,904,340,964,84,605,832,190,109,769,509,396,393,143,867,420,656,577,625,621,942,216,791,498,945,43,519,623,262,842,767,926,70,357,314,186,458,102,117,606,644,634,358,978,45,217,675,63,716,281,512,876,21,683,291,54,175,778,264,471,101,798,923,779,30,80,715,484,410,104,459,597,855,513,582,632,857,800,826,743,468,558,161,126,636,359,910,171,56,540,523,453,563,986,894,732,91,235,189,144,596,614,903,733,501,349,971,226,689,252,576,804,225,976,591,270,662,724,361,587,957,600,411,524,327,735,479,503,757,658,16,730,846,162,726,897,764,927,99,599,680,888,526,789,451,970,114,130,266,552,772,571,924,132,113,500,965,325,220,244,249,346,578,638,635,697,168,399,701,872,537,443,825,551,695,58,431,76,60,574,886,2,333,296,490,41,368,560,93,184,339,17,223,88,418,806,878,231,604,424,454,918,428,954,167,773,840,755,350,319,564,404,134,921,802,394,940,814,649,9,294,861,880,618,782,369,313,536,156,984,567,344,367,245,690,215,559,172,763,569,416,206,746,516,408,320,305,406,248,713,947,259,774,575,511,375,343,105,541,241,165,23,866,434,5,882,193,807,140,624,895,961,659,642,530,230,392,292,672,256,919,92,40,415,851,179,548,532,539,389,82,613,181,874,449,766,239,129,448,707,22,974,562,561,53,20,124,470,877,141,265,150,120,146,437,761,786,611,409,960,808,271,610,795,738,309,753,441,651,456,752,72,306,73,96,227,885,139,933,696,593,253,288,776,36,859,768,871,550,608,44,491,714,28,631,521,833,95,115,15,138,50,462,430,988,446,585,213,39,678,405,718,442,447,547,803,568,712,199,815,236,108,868,827,973,304,183,711,200,380,435,953,750,106,48,916,316,247,13,693,969,444,495,557,360,386,90,469,628,570,546,300,905,914,736,401,955,892,699,982,301,556,263,991,780,31,1,153,298,554,860,759,944,890,637,178,240,364,203,615,426,436,719,169,792,966,255,686,371,427,948,665,734,607,502,796,457,939,207,75,830,694,433,14,728,639,717,77,517,224,601,321,950,946,374,326,487,429,400,381,657,630,81,338,219,667,445,398,531,784,879,196,272,482,119,97,347,799,59,275,589,981,3,739,565,329,233,507,705,279,234,489,218,47,805,747,336,677,303,542,703,131,277,376,925,100,640,352,192,760,214,116,174,849,122,46,616,312,57,330,157,652,527,341,505,166,128,222,749,708,476,972,534,909,78,423,212,154,496,663,936,691,797,463,499,328,731,949,384,841,863,373,958,990,123,655,148,87,228,283,770,121,402,943,899,10,348,641,474,439,4,673,710,455,700,602,985,963,61,836,898,331,794,74,514,86,412,299,572,258,268,187,682,133,646,812,211,661,588,741,362,722,629,674,881,573,488,702,8,254,366,284,518,934,704,307,287,653,337,310,407,351,111,363,824,669,467,626,709,643,486,883,787,64,246,902,915,354,26,261,160,278,822,379,438,549,829,151,37,414,989,65,723,679,529,869,480,834,811,205,612,356,619,391,508,687,125,221,535,758,525,38,32,403,956,664,771,49,388,413,302,922,543,324,397,633,475,142,938,422,688,493,698,913,908,603,891,858,34,147,182,756,809,720,137,645,267,390,545,929,912,839,127,901,788,89,729,510,765,382,79,533,163,308,370,365,210,706,180,472,783,194,269,155,586,452,566,748,11,237,843,342,522,461,492,875,276,7,692,862,906,853,848,917,790,257,873,191,197,19,785,828,27,870,930,377,69,419,865,289,421,831,594,681,6,209,66,751,935,250,55,555,355,164,781,844,959,821,103,295,819,176,598,24,777,504,581,260,721,979,345,243,483,627,
value : 513.748 running time : 37.160566
0 80 20
98 82.2052 31.3961
590 82.0918 33.3825
33 81.9801 35.3406
520 81.8448 37.7103
323 81.6786 40.6238
835 81.7186 41.1406
466 81.7583 41.6535
745 81.7988 42.1771
195 81.8432 42.7511
967 81.8845 43.2846
838 81.9158 43.6891
274 81.9389 43.9866
136 81.9646 44.3195
232 81.987 44.6084
609 82.0545 45.4808
670 82.1378 46.5564
29 82.2794 48.385
941 82.7602 54.5911
852 82.8542 55.8052
201 82.8542 55.8052
932 82.8542 55.8052
592 82.8542 55.8052
951 83.093 56.0188
242 83.3323 56.2327
425 83.5783 56.4526
497 83.8195 56.6684
684 83.4604 56.8937
107 83.0864 57.1283
170 82.7126 57.3628
506 82.3291 57.6034
198 81.9341 57.8512
553 81.5377 58.1
583 81.4007 58.5538
884 81.2572 59.0296
850 81.0946 59.5681
920 80.9187 60.1511
977 80.6882 60.9145
387 80.4445 61.7216
334 80.1668 62.6415
650 79.8726 63.6157
110 81.4191 67.9873
372 86.1005 81.2252
204 85.9347 81.4623
450 85.7619 81.7096
685 85.5319 82.0385
660 85.3078 82.3592
311 84.9126 82.9243
25 84.3508 83.7277
889 83.5345 84.8948
864 82.7116 86.0712
648 81.9859 87.1089
135 81.232 88.1867
928 81.232 88.1867
983 80.952 88.137
473 80.1641 87.9969
322 79.0171 87.793
251 76.7452 87.3892
893 76.1969 87.2918
820 75.5302 87.1733
71 73.8479 86.8742
83 72.7273 86.675
51 71.8168 86.5132
725 71.6427 86.7229
159 71.4472 86.9584
145 71.2482 87.1981
775 71.0495 87.4374
818 70.8443 87.6846
622 70.6181 87.957
845 70.3949 88.2258
297 70.1754 88.4901
580 69.9428 88.7703
494 69.7222 88.7519
937 69.4831 88.7319
158 69.2584 88.7132
544 69.0278 88.694
285 68.7994 88.6749
318 68.569 88.6557
477 68.3288 88.6357
666 68.11 88.6174
620 67.8745 88.5978
742 67.6446 88.5786
42 67.3791 88.5564
854 67.1318 88.5358
52 66.8574 88.5129
353 66.5879 88.4905
273 66.2928 88.4658
185 66.0078 88.4421
992 65.746 88.4202
813 65.4882 88.3987
149 65.2084 88.3754
12 64.8612 88.3464
177 64.5951 88.3242
816 64.3267 88.3019
952 64.0721 88.2806
465 63.9271 88.2685
823 63.7654 88.255
584 63.5875 88.2402
202 63.4291 88.227
464 63.2807 88.2146
737 63.1211 88.2013
62 62.9638 88.1882
754 62.9851 88.1606
896 63.0053 88.1343
911 63.0462 88.0813
118 63.1187 87.9873
817 63.1922 87.8918
980 63.2658 87.7963
856 63.3488 87.6887
654 65.8977 84.3763
887 66.1422 84.0589
317 66.4355 83.6782
395 66.7349 83.2894
335 67.0389 82.8948
801 67.7212 82.0088
18 68.461 81.0479
931 69.234 80.044
727 70.1581 78.8438
385 71.0002 77.75
740 71.2848 77.3805
332 71.5034 77.0968
975 71.5891 76.9856
962 71.6726 76.8772
837 71.7554 76.7698
152 71.84 76.66
290 71.9176 76.5594
383 71.9994 76.4532
579 72.0422 76.3977
417 72.0853 76.3418
900 72.1312 76.2823
528 72.1751 76.2252
229 68.0248 74.4934
481 66.7988 73.9822
515 65.4058 73.4014
744 64.609 73.0692
378 63.7635 72.7168
432 62.8765 72.3471
67 62.0549 72.0046
280 61.2331 71.662
671 60.7513 70.943
460 60.2566 70.2047
315 59.7457 69.4422
847 59.2113 68.6448
94 58.6617 67.8247
173 58.0529 66.9162
286 57.4578 66.0284
676 56.9124 65.2145
968 56.9439 65.183
112 56.9748 65.152
485 57.0083 65.1185
282 57.0364 65.0903
85 57.0674 65.0594
35 57.0959 65.0307
617 57.1231 65.0035
793 57.1545 64.9721
293 57.1856 64.9409
188 57.2144 64.9121
647 57.2426 64.8838
762 57.2698 64.8566
208 57.2978 64.8285
668 57.3287 64.7977
907 57.3598 64.7665
538 57.3892 64.737
478 57.4172 64.7089
68 57.4446 64.6815
810 57.4715 64.6545
595 57.499 64.627
987 57.5245 64.6015
238 57.5542 64.5718
440 57.5822 64.5437
904 57.6103 64.5156
340 57.6389 64.4869
964 57.6659 64.4599
84 57.6933 64.4324
605 57.721 64.4047
832 57.7485 64.3772
190 58.0904 64.0346
109 58.3213 63.8034
769 58.5594 63.5648
509 59.2292 62.8937
396 60.3599 61.7605
393 61.7737 60.3436
143 62.9345 59.1803
867 62.9345 59.1803
420 61.6183 58.1046
656 60.2873 57.0166
577 59.3687 56.2652
625 57.8686 55.0385
621 56.6203 54.0176
942 56.6888 53.8511
216 56.7521 53.6972
791 56.8899 53.362
498 57.0359 53.0066
945 57.1846 52.6445
43 57.3395 52.2673
519 57.4832 51.9176
623 57.624 51.5749
262 57.7646 51.2327
842 57.91 50.879
767 58.0539 50.5288
926 58.1914 50.1941
70 58.3286 49.8604
357 58.4613 49.5373
314 58.5952 49.2115
186 58.7297 48.8843
458 58.8564 48.5761
102 58.8564 48.5761
117 58.8496 48.5481
606 58.8425 48.5189
644 58.8358 48.4911
634 58.8286 48.4613
358 58.822 48.434
978 58.8158 48.4084
45 58.8092 48.3809
217 57.5972 49.0157
675 56.2794 49.706
63 54.0621 50.868
716 51.7607 52.0739
281 49.2799 53.3746
512 46.2526 54.9613
876 43.5211 56.3931
21 42.1821 59.5712
683 42.1821 59.5712
291 42.1821 59.5712
54 42.1821 59.5712
175 42.1821 59.5712
778 42.1821 59.5712
264 42.2981 60.0498
471 42.4158 60.5353
101 42.5362 61.0318
798 42.6615 61.5486
923 42.7866 62.0646
779 42.9262 62.64
30 43.0642 63.2095
80 43.2046 63.7883
715 43.3334 64.3197
484 43.4588 64.8366
410 43.5807 65.3394
104 43.7023 65.8413
459 43.8306 66.3703
597 43.9632 66.9173
855 44.1786 67.8049
513 44.3876 68.6663
582 44.5772 69.4479
632 44.7098 69.9949
857 44.832 70.4987
800 44.9464 70.9706
826 44.9464 70.9706
743 44.9464 70.9706
468 44.9464 70.9706
558 44.9464 70.9706
161 44.9464 70.9706
126 44.9464 70.9706
636 44.9464 70.9706
359 43.249 70.9096
910 42.9423 70.8988
171 42.6422 70.8882
56 42.3485 70.8778
540 42.0521 70.8674
523 41.7632 70.8572
453 41.4672 70.8468
563 41.1526 70.8357
986 40.8388 70.8246
894 40.5239 70.8135
732 40.2012 70.8021
91 39.8527 70.7899
235 39.1314 70.7643
189 38.3073 70.7351
144 37.4807 70.7058
596 36.6648 70.6768
614 35.83 70.6472
903 35.025 70.6186
733 34.3039 70.593
501 34.2989 70.5928
349 34.2937 70.5927
971 34.2888 70.5925
226 34.2844 70.5923
689 34.2794 70.5921
252 34.2747 70.592
576 34.2702 70.5918
804 33.8033 70.5748
225 33.1416 70.5508
976 32.4408 70.5255
591 31.6734 70.4977
270 30.8566 70.4682
662 29.984 70.4367
724 29.0624 70.4035
361 28.2281 70.3737
587 27.5944 70.3507
957 26.9773 70.3283
600 26.384 70.3068
411 25.7942 70.2854
524 25.2306 70.2649
327 24.7136 70.2461
735 24.2112 70.2278
479 23.7307 70.2104
503 23.261 70.1933
757 23.1799 70.1903
658 23.0938 70.1872
16 23.0081 70.184
730 22.9178 70.1807
846 22.8209 70.1771
162 22.7268 70.1737
726 22.6393 70.1705
897 22.5496 70.1672
764 22.4609 70.1639
927 22.4609 70.1639
99 22.4609 70.1639
599 22.4609 70.1639
680 22.4609 70.1639
888 22.4609 70.164
526 22.4609 70.164
789 22.4609 70.164
451 22.4609 70.164
970 22.4609 70.164
114 22.4386 70.5049
130 22.414 70.8797
266 22.3888 71.2643
552 22.3633 71.6522
772 22.3376 72.0453
571 22.2919 72.7438
924 22.2434 73.4856
132 22.1925 74.2655
113 22.1376 75.1059
500 22.0797 75.9922
965 22.0182 76.9343
325 21.9267 78.3465
220 21.9267 78.3465
244 21.9267 78.3465
249 21.9267 78.3465
346 21.9267 78.3465
578 22.0968 78.6914
638 22.2641 79.0306
635 22.3017 79.1069
697 22.3444 79.1934
168 22.3852 79.2762
399 22.4287 79.3644
701 22.4683 79.4447
872 22.5131 79.5354
537 22.5543 79.6189
443 22.5962 79.704
825 22.6389 79.7906
551 22.6834 79.8807
695 22.7327 79.9807
58 22.7778 80.0722
431 22.8203 80.1583
76 22.8656 80.2501
60 22.905 80.3301
574 22.9443 80.4096
886 22.9897 80.5018
2 23.0356 80.5949
333 23.0764 80.6775
296 23.1194 80.7648
490 23.1622 80.8515
41 23.2029 80.9341
368 23.2449 81.0193
560 23.2821 81.0947
93 23.3226 81.1767
184 23.361 81.2546
339 23.4021 81.338
17 23.4473 81.4296
223 24.6162 81.4903
88 25.8552 81.5549
418 27.1769 81.6235
806 28.4728 81.6907
878 29.7253 81.7557
231 30.1694 81.779
604 30.5947 81.8013
424 31.0271 81.824
454 31.496 81.8485
918 31.9873 81.8742
428 32.4799 81.9
954 32.9837 81.9264
167 33.5063 81.9538
773 34.0395 81.9817
840 34.5836 82.0101
755 35.1134 82.0378
350 35.5268 82.0595
319 35.907 82.0794
564 36.2353 82.0967
404 36.546 82.113
134 41.7348 82.612
921 43.0118 82.8895
802 43.9673 83.097
394 44.8679 83.2925
940 45.8177 83.4988
814 46.7574 83.7028
649 47.712 83.9101
9 49.1746 84.2279
294 49.2957 84.5014
861 49.4232 84.7895
880 49.5509 85.0778
618 49.6778 85.3646
782 49.7986 85.6375
369 49.9257 85.9246
313 50.0531 86.2125
536 50.1753 86.4885
156 50.2949 86.7588
984 50.4092 87.017
567 50.4334 87.0715
344 48.8014 89.2258
367 48.7749 89.2266
245 48.7488 89.2274
690 48.7231 89.2282
215 48.6923 89.2291
559 48.6674 89.2299
172 48.6402 89.2307
763 48.6182 89.2314
569 48.5947 89.2321
416 48.5719 89.2328
206 48.5507 89.2334
746 48.5299 89.234
516 48.5077 89.2347
408 48.4849 89.2354
320 48.4621 89.2361
305 48.439 89.2368
406 48.4165 89.2375
248 48.3931 89.2382
713 48.3726 89.2388
947 48.3518 89.2394
259 48.3309 89.2401
774 48.309 89.2407
575 48.2869 89.2414
511 48.2572 89.2423
375 48.2256 89.2433
343 48.1952 89.2442
105 48.1667 89.2451
541 48.1358 89.246
241 48.1019 89.247
165 48.0753 89.2478
23 48.0485 89.2486
866 47.8764 89.2539
434 47.7156 89.2588
5 47.5232 89.2646
882 47.3385 89.2703
193 47.0701 89.2784
807 46.8045 89.2865
140 46.5627 89.2939
624 46.308 89.3016
895 45.9962 89.3111
961 45.6194 89.3225
659 45.211 89.3349
642 44.8007 89.3473
530 44.3725 89.3603
230 43.9308 89.3737
392 43.5299 89.3858
292 43.1667 89.3968
672 42.8215 89.4073
256 42.722 89.4103
919 42.6253 89.4133
92 42.5343 89.4161
40 42.4543 89.4185
415 42.346 89.4219
851 42.2181 89.4258
179 42.0665 89.4304
548 41.8705 89.4363
532 41.6944 89.4417
539 41.4586 89.4489
389 41.2233 89.456
82 40.9877 89.4632
613 40.7333 89.4709
181 40.499 89.4781
874 40.2693 89.4851
449 40.0237 89.4925
766 39.7769 89.5
239 39.5303 89.5075
129 39.2713 89.5154
448 39.0085 89.5234
707 38.7495 89.5312
22 38.4959 89.539
974 38.2442 89.5466
562 38.001 89.554
561 36.9306 89.5862
53 35.6419 89.6249
20 34.1199 89.6706
124 33.3847 89.6928
470 33.193 89.7548
877 33.0027 89.8164
141 32.8032 89.881
265 32.6061 89.9448
150 32.3944 90.0133
120 32.1904 90.0793
146 31.9931 90.1432
437 31.7909 90.2086
761 31.5548 90.285
786 31.341 90.3542
611 31.1263 90.4237
409 30.932 90.4866
960 30.7565 90.5434
808 30.5818 90.5999
271 30.4061 90.6568
610 30.225 90.7154
795 30.0571 90.7698
738 29.8845 90.8256
309 29.6998 90.8854
753 29.4633 90.962
441 29.2719 91.0239
651 29.1043 91.0781
456 28.9444 91.1299
752 28.802 91.176
72 28.6411 91.2281
306 28.4609 91.2864
73 28.2971 91.3394
96 28.1279 91.3942
227 27.9511 91.4514
885 27.9511 91.4514
139 27.9511 91.4514
933 27.2747 91.3962
696 26.7635 91.3544
593 26.2611 91.3133
253 25.8035 91.2759
288 25.3152 91.236
776 24.8557 91.1984
36 24.4813 91.1678
859 24.0955 91.1363
768 23.7051 91.1043
871 23.3089 91.072
550 22.9319 91.0411
608 22.6075 91.0146
44 22.3067 90.99
491 21.9999 90.9649
714 21.6882 90.9395
28 21.3725 90.9136
631 21.0158 90.8845
521 20.5815 90.849
833 20.1117 90.8106
95 19.634 90.7716
115 19.2545 90.7406
15 18.8788 90.7098
138 18.4919 90.6782
50 18.1615 90.6512
462 17.8239 90.6236
430 17.4926 90.5965
988 10.4305 90.0216
446 10.4302 90.0021
585 10.43 89.9849
213 10.4298 89.9669
39 10.4289 89.9014
678 10.428 89.8357
405 10.4272 89.7717
718 10.4263 89.7029
442 10.4254 89.6417
447 10.4246 89.5789
547 10.4238 89.5149
803 10.423 89.4544
568 10.4222 89.3941
712 10.4213 89.332
199 10.4205 89.2695
815 10.4197 89.2053
236 10.4189 89.1472
108 10.4181 89.0843
868 10.4173 89.026
827 10.4165 88.9662
973 10.4156 88.901
304 10.4148 88.8351
183 10.4139 88.7706
711 10.4131 88.7093
200 10.4123 88.6459
380 10.4114 88.5816
435 10.4105 88.5136
953 10.4091 88.4051
750 10.4078 88.3078
106 10.4053 88.1203
48 10.4026 87.911
916 10.4002 87.7307
316 10.3979 87.5549
247 10.3956 87.3826
13 10.3934 87.2112
693 10.3906 86.9984
969 10.3877 86.7839
444 10.3847 86.5549
495 10.3818 86.3362
557 10.379 86.1207
360 10.376 85.8933
386 10.3733 85.6859
90 10.3703 85.46
469 10.3676 85.2567
628 10.3651 85.0616
570 10.3624 84.8586
546 10.3598 84.665
300 10.3574 84.4788
905 10.3549 84.2894
914 10.3525 84.1079
736 10.3499 83.9084
401 10.3472 83.7061
955 10.3445 83.4964
892 10.3419 83.2979
699 10.3393 83.101
982 10.3366 82.8978
301 10.3339 82.6886
556 10.3308 82.4541
263 10.3281 82.2538
991 10.3251 82.0246
780 10.3224 81.8203
31 10.3198 81.6215
1 10.3173 81.4272
153 10.3144 81.2033
298 10.3111 80.9533
554 10.3083 80.7425
860 10.3055 80.5315
759 10.3029 80.3331
944 10.3002 80.1274
890 10.2975 79.9214
637 10.2949 79.7259
178 10.2919 79.4943
240 10.2889 79.2686
364 10.286 79.046
203 10.2819 78.737
615 10.2778 78.4254
426 10.2737 78.1115
436 10.2693 77.781
719 10.2649 77.4435
169 10.2592 77.0114
792 10.2517 76.4403
966 10.2287 74.7098
255 10.2253 74.4506
686 10.2225 74.2354
371 10.2196 74.0187
427 10.2172 73.8327
948 10.2148 73.6508
665 10.2123 73.467
734 10.21 73.2855
607 10.2078 73.1241
502 10.2058 72.9659
796 10.2037 72.8095
457 10.2015 72.6388
939 10.1991 72.4606
207 10.1991 72.4606
75 10.1991 72.4606
830 10.246 72.3064
694 10.3013 72.1245
433 10.3562 71.9437
14 10.4138 71.754
728 10.4708 71.5664
639 10.5308 71.3692
717 10.5924 71.1666
77 10.6541 70.9634
517 10.7151 70.7626
224 10.7773 70.558
601 10.844 70.3386
321 10.889 70.1904
950 10.9348 70.0397
946 10.9804 69.8894
374 11.0446 69.6782
326 11.1104 69.4618
487 11.1789 69.2365
429 11.2579 68.9765
400 11.3378 68.7136
381 11.4193 68.4457
657 11.5043 68.1659
630 11.5925 67.8758
81 11.6799 67.5883
338 11.7667 67.303
219 11.8539 67.0161
667 11.9415 66.7278
445 12.043 66.394
398 12.1543 66.0282
531 12.2682 65.6537
784 12.3756 65.3006
879 12.4824 64.9495
196 12.5903 64.5946
272 12.6962 64.2465
482 12.8033 63.8944
119 12.9118 63.5374
97 13.0236 63.1699
347 13.1398 62.7876
799 13.4339 61.822
59 14.0728 59.7272
275 14.0596 59.7151
589 14.0282 59.6862
981 14 59.6602
3 13.9688 59.6314
739 13.9395 59.6045
565 13.9108 59.5781
329 13.8819 59.5514
233 13.8524 59.5243
507 13.8214 59.4957
705 13.7882 59.4651
279 13.7514 59.4312
234 13.713 59.3958
489 13.681 59.3664
218 13.681 59.3664
47 13.681 59.3664
805 13.681 59.3664
747 13.681 59.3664
336 13.681 59.3664
677 13.681 59.3664
303 13.681 59.3664
542 13.681 59.3664
703 13.681 59.3664
131 13.681 59.3664
277 13.681 59.3664
376 14.4248 58.9164
925 15.172 58.4643
100 15.8812 58.035
640 16.5648 57.621
352 15.6513 56.4871
192 14.6325 55.2226
760 13.6585 54.0136
214 12.7402 52.8735
116 11.8225 51.7343
174 11.7233 51.6114
849 11.6158 51.4782
122 11.5177 51.3565
46 11.569 50.3525
616 11.5921 49.9041
312 11.6143 49.4736
57 11.6359 49.0565
330 11.6567 48.6539
157 11.6613 48.5657
652 11.666 48.4754
527 11.6706 48.3875
341 11.6755 48.2945
505 11.6802 48.2036
166 11.685 48.1125
128 11.6901 48.0137
222 11.6951 47.9175
749 11.7001 47.8223
708 11.7051 47.7275
476 11.7104 47.6251
972 11.7154 47.5287
534 11.7208 47.4261
909 11.7261 47.3245
78 11.7315 47.2206
423 11.7366 47.122
212 11.7416 47.0259
154 11.7465 46.9321
496 11.7515 46.837
663 11.7565 46.7415
936 11.7613 46.6494
691 11.7662 46.5555
797 11.8359 45.1911
463 11.9126 43.6886
499 11.9893 42.1862
328 12.0574 40.8554
731 12.0896 40.5486
949 12.1221 40.2382
384 12.1561 39.9152
841 12.1902 39.5901
863 12.227 39.2398
373 12.2647 38.8808
958 12.3122 38.4289
990 12.3606 37.9678
123 12.4104 37.494
655 12.463 36.9939
148 12.529 36.3668
87 12.603 35.6634
228 12.6782 34.9489
283 12.7632 34.1411
770 12.8553 33.2659
121 12.9865 32.0215
402 13.1079 30.8696
943 13.1998 29.9965
899 13.289 29.1485
10 13.3693 28.386
348 13.4815 27.3204
641 13.5216 26.9393
474 13.5609 26.5646
439 13.5992 26.2
4 13.5992 26.2
673 13.5992 26.2
710 13.5992 26.2
455 13.5992 26.2
700 13.5992 26.2
602 12.9229 25.6829
985 12.2341 25.1562
963 11.7061 24.7523
61 11.0584 24.257
836 11.0584 24.257
898 11.0584 24.257
331 11.0584 24.257
794 11.0584 24.257
74 11.0584 24.257
514 11.0584 24.257
86 11.0584 24.257
412 11.2048 23.6458
299 11.3467 23.0534
572 11.4934 22.4408
258 11.6476 21.797
268 11.8145 21.1005
187 11.9945 20.3487
682 12.1718 19.6083
133 12.3462 18.8805
646 12.8559 16.7497
812 13.3873 14.5288
211 13.4425 14.527
661 13.4953 14.5253
588 13.5435 14.5238
741 13.5929 14.5223
362 13.6411 14.5207
722 13.693 14.5191
629 14.7175 14.4864
674 16.0083 14.4453
881 17.719 14.3907
573 24.9957 14.1568
488 25.2529 14.1486
702 25.5539 14.1391
8 25.858 14.1295
254 26.184 14.1191
366 26.5271 14.1083
284 29.3267 14.0187
518 33.5032 13.8847
934 33.0379 17.8275
704 33.0163 18.0118
307 32.9938 18.2029
287 32.9732 18.3781
653 32.9505 18.5712
337 32.9259 18.7801
310 32.9019 18.9847
407 32.878 19.1876
351 32.8515 19.4131
111 32.8218 19.6656
363 32.7936 19.9053
824 32.7628 20.1674
669 32.7347 20.4063
467 32.6249 21.3388
626 32.5527 21.9526
709 32.4798 22.5714
643 32.4095 23.1694
486 32.3276 23.8648
883 32.2826 24.2472
787 32.2354 24.6485
64 32.19 25.0343
246 32.1423 25.4402
902 32.0898 25.8862
915 32.0207 26.4729
354 31.9519 27.0576
26 31.8836 27.6377
261 31.787 28.4585
160 31.6752 29.4079
278 31.5619 30.3701
822 31.4499 31.3204
379 31.3054 32.5472
438 31.1301 34.035
549 31.0883 34.3901
829 31.0465 34.7451
151 31.0036 35.1101
37 30.9624 35.4601
414 30.9306 35.7304
989 30.9005 35.9869
65 30.8759 36.196
723 30.8507 36.4107
679 30.8289 36.596
529 30.8072 36.7805
869 30.7851 36.9687
480 30.7624 37.1613
834 30.7405 37.3482
811 30.7157 37.5589
205 30.6917 37.7633
612 30.6669 37.9739
356 30.6412 38.1921
619 29.7914 39.1371
391 28.9955 40.0222
508 28.9955 40.0222
687 28.9955 40.0222
125 28.9955 40.0222
221 28.9955 40.0222
535 28.7014 41.2932
758 28.3056 43.0031
525 28.1541 43.6553
38 28.0023 44.3092
32 27.8489 44.9698
403 27.6786 45.7036
956 27.5146 46.4103
664 27.4178 46.8267
771 27.3225 47.237
49 27.2279 47.6441
388 27.1262 48.0815
413 27.0285 48.5018
302 26.93 48.9259
922 26.8324 49.346
543 26.8283 49.3636
324 26.8239 49.3826
397 26.8198 49.4001
633 26.8154 49.419
475 26.8112 49.4371
142 26.8066 49.4569
938 26.8019 49.4767
422 26.7974 49.4963
688 26.793 49.515
493 26.7884 49.5348
698 26.7884 49.5348
913 26.7884 49.5348
908 26.7884 49.5348
603 26.7884 49.5348
891 26.7884 49.5348
858 26.7884 49.5348
34 26.7884 49.5348
147 26.7884 49.5348
182 26.7884 49.5348
756 28.9346 51.2318
809 30.8354 52.7348
720 31.9298 53.6004
137 32.1724 53.7924
645 32.3999 53.9725
267 32.6099 54.1387
390 32.8204 54.3054
545 32.9988 54.4466
929 33.1874 54.5959
912 33.3735 54.7431
839 33.5533 54.8854
127 33.7316 55.0266
901 33.9073 55.1657
788 34.0868 55.3078
89 34.2652 55.449
729 34.4464 55.5925
510 34.6437 55.7486
765 34.8509 55.9126
382 35.0542 56.0735
79 35.2732 56.2469
533 35.5774 56.4876
163 35.8834 56.7298
308 36.0349 56.0825
370 36.2371 55.2195
365 36.4465 54.3254
210 36.8325 52.6797
706 37.2103 51.0682
180 37.4976 49.8422
472 37.7744 48.6611
783 38.0238 47.5967
194 38.263 46.576
269 38.5039 45.5477
155 38.7788 44.3751
586 39.0492 43.2215
452 39.0492 43.2215
566 39.0492 43.2215
748 39.0492 43.2215
11 39.0492 43.2215
237 39.6252 42.6634
843 40.2249 42.0826
342 40.6719 41.6495
522 41.1387 41.1971
461 41.5975 40.7525
492 42.4899 39.8885
875 43.7332 38.6852
276 43.9472 38.4777
7 44.1655 38.2659
692 44.3888 38.0493
862 44.6165 37.8285
906 44.8484 37.6036
853 45.0852 37.374
848 45.3237 37.1427
917 45.5717 36.9022
790 45.824 36.6576
257 46.0841 36.4054
873 46.3438 36.1536
191 46.5738 35.9305
197 46.8017 35.7094
19 47.0304 35.4877
785 47.2587 35.2663
828 47.4824 35.0494
27 47.6801 34.8576
870 47.8727 34.6708
930 48.0633 34.4859
377 48.252 34.3029
69 48.4334 34.1269
419 48.7236 33.8456
865 48.9373 33.6383
289 49.1483 33.4336
421 49.3573 33.2309
831 49.5606 33.0338
594 49.5607 33.0336
681 49.9192 32.6812
6 50.2727 32.3337
209 50.5657 32.0457
66 50.8588 31.7576
751 51.1643 31.4573
935 51.4707 31.156
250 51.7997 30.8325
55 52.1372 30.5007
555 52.4685 30.175
355 52.8008 29.8484
164 53.1378 29.5171
781 53.481 29.1797
844 53.8188 28.8476
959 57.8351 24.8951
821 62.1262 20.6731
103 67.7484 15.1403
295 68.1047 15.1436
819 68.4696 15.1469
176 68.9446 15.1512
598 69.4459 15.1558
24 69.9633 15.1605
777 70.5196 15.1655
504 71.4226 15.1737
581 72.4536 15.183
260 78.1817 15.2338
721 79.3548 15.2444
979 81.8625 15.2668
345 83.799 15.2842
243 84.0985 15.2869
483 84.3401 15.2891
627 84.3401 15.2891
