0,959,24,581,176,777,295,504,721,103,250,355,419,828,821,598,63,55,467,906,458,66,935,844,27,785,555,831,873,19,289,164,865,781,819,377,6,978,930,634,43,675,358,842,357,314,594,143,45,681,606,188,644,907,538,670,232,767,396,217,623,926,519,485,161,440,117,941,286,923,577,810,85,964,647,262,762,282,70,793,904,962,35,837,727,650,190,420,478,579,290,852,152,110,900,937,654,744,18,71,975,648,83,417,481,775,818,395,528,992,847,509,460,861,297,12,335,567,229,671,801,887,415,823,832,477,465,895,118,940,408,259,140,406,40,755,280,816,968,453,208,894,9,857,802,350,513,782,855,294,319,179,193,369,315,880,826,947,987,378,867,51,800,582,84,94,432,769,112,632,91,921,595,317,798,173,668,340,617,605,293,393,67,515,238,68,986,743,468,791,109,596,175,21,976,807,878,365,561,614,189,226,144,649,540,683,779,235,809,404,732,163,715,676,80,910,171,225,308,484,459,558,410,291,34,79,574,922,912,645,729,929,59,349,390,571,134,688,633,876,619,778,49,965,846,510,839,735,30,603,756,269,38,302,414,535,525,797,508,913,388,438,981,233,640,493,267,698,566,533,151,599,54,545,137,104,788,804,523,186,127,370,471,625,101,216,264,765,56,498,342,621,843,522,194,597,576,492,7,716,790,210,870,512,356,69,945,276,155,875,180,281,452,655,461,783,237,891,142,748,543,89,529,829,147,692,869,687,706,413,917,848,586,197,862,679,834,257,853,191,421,472,751,989,480,883,337,822,111,379,209,934,653,363,704,310,64,824,709,626,407,702,439,26,902,787,287,351,284,643,669,573,518,488,8,254,402,881,474,61,963,187,362,646,682,722,674,366,629,412,812,641,898,4,133,348,588,258,572,661,211,741,673,710,331,299,74,794,958,86,455,87,514,212,985,65,283,268,899,836,32,602,943,246,549,664,205,261,160,221,307,121,612,811,354,915,278,37,486,723,11,391,475,949,908,341,78,10,700,397,125,758,57,936,972,154,771,228,423,663,214,909,990,336,123,708,925,749,489,222,47,373,174,505,116,616,858,100,148,352,476,770,805,496,46,384,128,731,463,303,863,330,499,328,166,122,527,542,312,652,157,849,3,879,371,427,665,517,694,298,338,734,445,939,381,607,657,502,119,966,234,784,14,703,218,347,277,739,760,531,400,841,534,565,938,677,324,901,403,182,411,897,131,451,956,705,507,114,422,691,130,279,275,526,329,482,524,764,192,376,680,361,888,589,88,772,346,701,479,886,726,398,272,359,720,924,327,946,587,971,601,252,733,552,591,957,382,872,454,903,950,113,333,825,551,132,635,730,48,578,220,600,501,789,885,927,58,368,41,443,93,933,560,537,288,360,184,796,17,718,183,815,249,628,108,759,991,240,247,325,316,426,905,75,304,447,263,568,199,557,658,339,604,697,81,500,487,162,374,457,556,77,667,196,630,747,799,321,728,955,429,948,219,570,97,255,503,717,970,301,401,153,546,792,719,860,169,615,436,207,90,686,203,830,224,982,433,639,547,300,364,803,914,892,554,95,444,890,953,178,31,944,780,969,753,13,462,115,973,446,1,678,827,106,213,435,380,868,138,736,693,711,39,200,988,236,405,637,768,495,871,916,441,15,521,750,712,227,442,399,585,773,608,859,651,696,386,699,611,430,960,491,306,593,50,28,833,776,761,409,456,714,631,44,795,120,36,448,253,550,806,919,270,2,167,428,92,470,757,469,490,610,244,150,808,326,99,266,16,76,124,431,954,424,296,695,168,672,530,638,248,877,418,689,60,562,659,126,724,563,840,292,256,230,343,271,241,662,866,305,389,309,814,539,437,763,564,642,223,141,22,707,172,181,786,73,96,394,548,918,215,961,569,746,265,416,516,5,713,53,231,449,874,139,72,20,738,613,559,690,882,245,952,82,575,62,320,392,636,536,911,754,367,511,165,105,974,434,129,146,752,766,206,239,541,23,344,737,375,980,774,931,177,584,52,856,202,624,532,851,618,896,156,42,313,580,742,666,494,544,159,185,273,353,984,622,158,464,817,854,251,845,813,149,893,928,983,135,285,820,318,620,145,332,725,322,889,864,450,740,660,473,204,311,25,685,372,506,977,242,198,136,107,497,385,383,201,838,170,884,967,932,387,684,745,553,466,656,334,102,850,835,951,195,609,274,920,29,323,425,942,592,583,590,33,520,98,627,243,979,345,260,483,
value : 778.923 running time : 25.445548
0 80 20
959 66.0311 21.7282
24 66.0311 21.7282
581 66.0311 21.7282
176 66.0311 21.7282
777 66.0311 21.7282
295 66.0311 21.7282
504 66.0311 21.7282
721 62.9115 16.0109
103 62.9115 16.0109
250 57.3138 28.0574
355 57.3138 28.0574
419 57.3138 28.0574
828 57.3138 28.0574
821 57.3138 28.0574
598 57.3138 28.0574
63 51.3219 31.8611
55 51.3219 31.8611
467 51.3219 31.8611
906 51.3219 31.8611
458 51.3219 31.8611
66 51.3219 31.8611
935 51.3219 31.8611
844 51.3219 31.8611
27 51.3219 31.8611
785 51.3219 31.8611
555 51.3219 31.8611
831 51.3219 31.8611
873 51.3219 31.8611
19 51.3219 31.8611
289 51.3219 31.8611
164 51.3219 31.8611
865 51.3219 31.8611
781 51.3219 31.8611
819 56.1205 33.8949
377 56.1205 33.8949
6 56.1205 33.8949
978 56.1205 33.8949
930 56.1205 33.8949
634 56.1205 33.8949
43 56.1205 33.8949
675 56.1205 33.8949
358 56.1205 33.8949
842 58.7136 39.5544
357 58.7136 39.5544
314 58.7136 39.5544
594 58.7136 39.5544
143 58.7136 39.5544
45 58.7136 39.5544
681 58.7136 39.5544
606 58.7136 39.5544
188 63.6102 46.9996
644 63.6102 46.9996
907 61.6668 51.2259
538 61.6668 51.2259
670 61.6668 51.2259
232 61.6668 51.2259
767 61.6668 51.2259
396 61.6668 51.2259
217 61.6668 51.2259
623 61.6668 51.2259
926 61.6668 51.2259
519 61.6668 51.2259
485 61.6668 51.2259
161 63.4704 56.8017
440 63.4704 56.8017
117 63.4704 56.8017
941 63.4704 56.8017
286 63.4704 56.8017
923 58.925 61.3933
577 58.925 61.3933
810 58.925 61.3933
85 58.925 61.3933
964 58.925 61.3933
647 58.925 61.3933
262 58.925 61.3933
762 58.925 61.3933
282 58.925 61.3933
70 58.925 61.3933
793 58.925 61.3933
904 61.2581 63.633
962 61.2581 63.633
35 61.2581 63.633
837 61.3083 66.502
727 61.3083 66.502
650 61.3083 66.502
190 61.3083 66.502
420 61.3083 66.502
478 61.3083 66.502
579 70.8543 72.2846
290 70.8543 72.2846
852 70.8543 72.2846
152 70.8543 72.2846
110 70.8543 72.2846
900 70.8543 72.2846
937 70.8543 72.2846
654 70.8543 72.2846
744 70.8543 72.2846
18 70.8543 72.2846
71 70.8543 72.2846
975 72.8422 75.9574
648 72.8422 75.9574
83 72.8422 75.9574
417 72.8422 75.9574
481 72.8422 75.9574
775 72.8422 75.9574
818 72.8422 75.9574
395 72.8422 75.9574
528 72.8422 75.9574
992 61.5889 82.5159
847 61.5889 82.5159
509 61.5889 82.5159
460 61.5889 82.5159
861 61.5889 82.5159
297 61.5889 82.5159
12 61.5889 82.5159
335 61.5889 82.5159
567 61.5889 82.5159
229 61.5889 82.5159
671 61.5889 82.5159
801 61.5889 82.5159
887 61.5889 82.5159
415 61.5889 82.5159
823 61.5889 82.5159
832 61.5889 82.5159
477 61.5889 82.5159
465 61.5889 82.5159
895 51.3787 81.1141
118 51.3787 81.1141
940 51.3787 81.1141
408 51.3787 81.1141
259 51.3787 81.1141
140 51.3787 81.1141
406 51.3787 81.1141
40 51.3787 81.1141
755 51.3787 81.1141
280 51.3787 81.1141
816 51.3787 81.1141
968 52.6549 74.6559
453 52.6549 74.6559
208 52.6549 74.6559
894 52.6549 74.6559
9 52.6549 74.6559
857 52.6549 74.6559
802 52.6549 74.6559
350 52.6549 74.6559
513 52.6549 74.6559
782 52.6549 74.6559
855 52.6549 74.6559
294 52.6549 74.6559
319 52.6549 74.6559
179 52.6549 74.6559
193 52.6549 74.6559
369 52.6549 74.6559
315 52.6549 74.6559
880 52.6549 74.6559
826 52.6549 74.6559
947 52.6549 74.6559
987 52.6549 74.6559
378 52.6549 74.6559
867 60.1729 73.9303
51 60.1729 73.9303
800 60.1729 73.9303
582 60.1729 73.9303
84 60.1729 73.9303
94 60.1729 73.9303
432 60.1729 73.9303
769 60.1729 73.9303
112 60.1729 73.9303
632 60.1729 73.9303
91 60.1729 73.9303
921 60.1729 73.9303
595 60.1729 73.9303
317 60.1729 73.9303
798 56.2108 70.8532
173 56.2108 70.8532
668 56.2108 70.8532
340 56.2108 70.8532
617 56.2108 70.8532
605 56.2108 70.8532
293 56.1381 66.3446
393 56.1381 66.3446
67 56.1381 66.3446
515 56.1381 66.3446
238 56.1381 66.3446
68 56.1381 66.3446
986 56.1381 66.3446
743 56.1381 66.3446
468 56.1381 66.3446
791 56.1381 66.3446
109 56.1381 66.3446
596 45.627 70.5584
175 45.627 70.5584
21 45.627 70.5584
976 45.627 70.5584
807 45.627 70.5584
878 43.337 70.5003
365 43.337 70.5003
561 43.337 70.5003
614 43.337 70.5003
189 43.337 70.5003
226 43.337 70.5003
144 39.0592 73.6308
649 39.0592 73.6308
540 39.0592 73.6308
683 39.0592 73.6308
779 39.0592 73.6308
235 39.0592 73.6308
809 37.3746 69.7294
404 37.3746 69.7294
732 37.3746 69.7294
163 37.3746 69.7294
715 37.3746 69.7294
676 37.3746 69.7294
80 37.3746 69.7294
910 37.3746 69.7294
171 37.3746 69.7294
225 37.3746 69.7294
308 37.3746 69.7294
484 37.3746 69.7294
459 37.3746 69.7294
558 37.3746 69.7294
410 37.3746 69.7294
291 37.3746 69.7294
34 32.9028 66.5584
79 32.9028 66.5584
574 32.9028 66.5584
922 32.9028 66.5584
912 32.9028 66.5584
645 32.9028 66.5584
729 32.9028 66.5584
929 35.7583 62.644
59 35.7583 62.644
349 35.7583 62.644
390 35.7583 62.644
571 35.7583 62.644
134 35.7583 62.644
688 32.6403 59.4114
633 32.6403 59.4114
876 32.6403 59.4114
619 32.5299 57.5845
778 32.5299 57.5845
49 32.5299 57.5845
965 32.5299 57.5845
846 32.5299 57.5845
510 32.5299 57.5845
839 32.5299 57.5845
735 32.5299 57.5845
30 32.5299 57.5845
603 32.5299 57.5845
756 32.5299 57.5845
269 32.5299 57.5845
38 26.1829 53.213
302 26.1829 53.213
414 26.1829 53.213
535 26.1829 53.213
525 26.1829 53.213
797 26.1829 53.213
508 26.1829 53.213
913 26.1829 53.213
388 26.1829 53.213
438 26.1829 53.213
981 26.1829 53.213
233 26.1829 53.213
640 26.1829 53.213
493 26.1829 53.213
267 26.1829 53.213
698 26.1829 53.213
566 31.3542 51.1068
533 31.3542 51.1068
151 31.3542 51.1068
599 32.0455 52.106
54 32.0455 52.106
545 32.0455 52.106
137 32.0455 52.106
104 32.0455 52.106
788 32.0455 52.106
804 45.4557 59.5187
523 45.4557 59.5187
186 45.4557 59.5187
127 45.4557 59.5187
370 45.4557 59.5187
471 45.4557 59.5187
625 45.4557 59.5187
101 45.4557 59.5187
216 45.4557 59.5187
264 45.4557 59.5187
765 45.4557 59.5187
56 45.4557 59.5187
498 45.4557 59.5187
342 45.4557 59.5187
621 45.4557 59.5187
843 45.4557 59.5187
522 45.4557 59.5187
194 43.9626 52.1995
597 43.9626 52.1995
576 43.9626 52.1995
492 43.9626 52.1995
7 42.1421 46.9028
716 42.1421 46.9028
790 42.1421 46.9028
210 42.1421 46.9028
870 42.1421 46.9028
512 42.1421 46.9028
356 42.1421 46.9028
69 42.1421 46.9028
945 42.1421 46.9028
276 42.1421 46.9028
155 42.1421 46.9028
875 42.1421 46.9028
180 42.1421 46.9028
281 42.1421 46.9028
452 42.1421 46.9028
655 33.5876 46.7517
461 33.5876 46.7517
783 33.5876 46.7517
237 33.5876 46.7517
891 33.5876 46.7517
142 29.6555 45.8542
748 29.6555 45.8542
543 29.6555 45.8542
89 29.6555 45.8542
529 29.6555 45.8542
829 30.761 40.1504
147 30.761 40.1504
692 30.761 40.1504
869 30.761 40.1504
687 30.761 40.1504
706 30.761 40.1504
413 30.761 40.1504
917 30.761 40.1504
848 37.9267 40.3645
586 37.9267 40.3645
197 37.9267 40.3645
862 37.9267 40.3645
679 37.9267 40.3645
834 37.9267 40.3645
257 37.9267 40.3645
853 37.9267 40.3645
191 37.9267 40.3645
421 37.9267 40.3645
472 37.9267 40.3645
751 43.3152 32.5553
989 43.3152 32.5553
480 43.3152 32.5553
883 39.6359 24.2074
337 39.6359 24.2074
822 39.6359 24.2074
111 39.6359 24.2074
379 39.6359 24.2074
209 39.6359 24.2074
934 39.6359 24.2074
653 39.6359 24.2074
363 39.3695 23.655
704 39.3695 23.655
310 39.3695 23.655
64 39.3695 23.655
824 32.2973 16.9688
709 32.2973 16.9688
626 32.2973 16.9688
407 32.2973 16.9688
702 32.2973 16.9688
439 32.2973 16.9688
26 32.2973 16.9688
902 32.2973 16.9688
787 32.2973 16.9688
287 32.2973 16.9688
351 32.2973 16.9688
284 32.2973 16.9688
643 32.2973 16.9688
669 32.2973 16.9688
573 32.6172 8.09109
518 32.6172 8.09109
488 24.5176 11.2319
8 24.5176 11.2319
254 24.5176 11.2319
402 15.3015 14.0922
881 15.3015 14.0922
474 15.3015 14.0922
61 8.03444 16.3476
963 8.03444 16.3476
187 8.03444 16.3476
362 8.03444 16.3476
646 8.03444 16.3476
682 8.03444 16.3476
722 8.03444 16.3476
674 8.03444 16.3476
366 8.03444 16.3476
629 8.03444 16.3476
412 8.03444 16.3476
812 8.03444 16.3476
641 8.61091 20.6387
898 8.61091 20.6387
4 8.61091 20.6387
133 8.61091 20.6387
348 8.61091 20.6387
588 8.61091 20.6387
258 8.61091 20.6387
572 8.61091 20.6387
661 8.61091 20.6387
211 8.61091 20.6387
741 8.61091 20.6387
673 9.86737 31.9065
710 9.86737 31.9065
331 9.86737 31.9065
299 9.86737 31.9065
74 9.86737 31.9065
794 9.86737 31.9065
958 9.86737 31.9065
86 9.86737 31.9065
455 9.86737 31.9065
87 9.86737 31.9065
514 9.86737 31.9065
212 9.86737 31.9065
985 9.86737 31.9065
65 9.86737 31.9065
283 9.86737 31.9065
268 9.86737 31.9065
899 15.3457 28.8122
836 15.3457 28.8122
32 15.3457 28.8122
602 17.9786 25.5058
943 17.9786 25.5058
246 17.9786 25.5058
549 17.9786 25.5058
664 23.4225 30.434
205 23.4225 30.434
261 28.2971 29.6697
160 28.2971 29.6697
221 28.2971 29.6697
307 28.2971 29.6697
121 28.2971 29.6697
612 28.2971 29.6697
811 28.2971 29.6697
354 28.2971 29.6697
915 28.2971 29.6697
278 28.2971 29.6697
37 21.59 34.8109
486 21.59 34.8109
723 21.59 34.8109
11 21.59 34.8109
391 26.0231 39.2205
475 26.0231 39.2205
949 26.0231 39.2205
908 26.0231 39.2205
341 19.5901 44.6734
78 19.5901 44.6734
10 19.5901 44.6734
700 19.5901 44.6734
397 19.5901 44.6734
125 19.5901 44.6734
758 19.5901 44.6734
57 16.2703 48.5422
936 16.2703 48.5422
972 16.2703 48.5422
154 16.2703 48.5422
771 16.2703 48.5422
228 16.2703 48.5422
423 16.2703 48.5422
663 16.2703 48.5422
214 11.7743 48.8914
909 11.7743 48.8914
990 11.7743 48.8914
336 11.7743 48.8914
123 11.7641 51.2316
708 11.7641 51.2316
925 11.7641 51.2316
749 11.7641 51.2316
489 11.7641 51.2316
222 11.7641 51.2316
47 11.7641 51.2316
373 11.7641 51.2316
174 11.7641 51.2316
505 11.7641 51.2316
116 11.7641 51.2316
616 11.7641 51.2316
858 11.7641 51.2316
100 11.7641 51.2316
148 11.7641 51.2316
352 11.7641 51.2316
476 11.7641 51.2316
770 11.7641 51.2316
805 11.7641 51.2316
496 11.7641 51.2316
46 5.90847 48.2483
384 5.90847 48.2483
128 5.90847 48.2483
731 5.90847 48.2483
463 5.90847 48.2483
303 5.90847 48.2483
863 5.90847 48.2483
330 5.90847 48.2483
499 5.90847 48.2483
328 5.90847 48.2483
166 5.90847 48.2483
122 5.90847 48.2483
527 5.90847 48.2483
542 5.90847 48.2483
312 5.90847 48.2483
652 5.90847 48.2483
157 5.90847 48.2483
849 5.90847 48.2483
3 -0.73576 63.747
879 -0.73576 63.747
371 -0.73576 63.747
427 -0.73576 63.747
665 -0.73576 63.747
517 -0.73576 63.747
694 -0.73576 63.747
298 -0.73576 63.747
338 -0.73576 63.747
734 -0.73576 63.747
445 -0.73576 63.747
939 -0.73576 63.747
381 -0.73576 63.747
607 -0.73576 63.747
657 4.03144 66.101
502 4.03144 66.101
119 4.03144 66.101
966 4.03144 66.101
234 4.03144 66.101
784 4.03144 66.101
14 4.03144 66.101
703 9.37407 63.1637
218 9.37407 63.1637
347 9.37407 63.1637
277 9.37407 63.1637
739 9.37407 63.1637
760 9.37407 63.1637
531 9.37407 63.1637
400 9.37407 63.1637
841 13.6977 59.3529
534 13.6977 59.3529
565 13.6977 59.3529
938 13.6977 59.3529
677 13.6977 59.3529
324 18.221 55.4119
901 18.221 55.4119
403 18.221 55.4119
182 18.221 55.4119
411 18.221 55.4119
897 18.221 55.4119
131 18.221 55.4119
451 18.221 55.4119
956 17.0182 61.4517
705 17.0182 61.4517
507 17.0182 61.4517
114 17.0182 61.4517
422 17.0182 61.4517
691 17.0182 61.4517
130 17.0182 61.4517
279 17.0182 61.4517
275 17.0182 61.4517
526 17.0182 61.4517
329 17.0182 61.4517
482 17.0182 61.4517
524 17.0182 61.4517
764 17.0182 61.4517
192 17.0182 61.4517
376 17.0182 61.4517
680 17.0182 61.4517
361 17.0182 61.4517
888 19.454 65.2315
589 19.454 65.2315
88 20.688 70.4666
772 20.688 70.4666
346 20.688 70.4666
701 20.688 70.4666
479 20.688 70.4666
886 20.688 70.4666
726 20.688 70.4666
398 20.688 70.4666
272 20.688 70.4666
359 26.6366 70.3736
720 26.6366 70.3736
924 26.6366 70.3736
327 26.6366 70.3736
946 26.6366 70.3736
587 26.6366 70.3736
971 26.6366 70.3736
601 26.6366 70.3736
252 26.6366 70.3736
733 26.6366 70.3736
552 26.6366 70.3736
591 26.6366 70.3736
957 26.6366 70.3736
382 26.6366 70.3736
872 26.6366 70.3736
454 26.6366 70.3736
903 26.6366 70.3736
950 26.6366 70.3736
113 26.6366 70.3736
333 26.6366 70.3736
825 22.9614 72.7757
551 22.9614 72.7757
132 22.9614 72.7757
635 22.9614 72.7757
730 22.9614 72.7757
48 22.4759 75.5546
578 22.4759 75.5546
220 22.4759 75.5546
600 22.4759 75.5546
501 22.4759 75.5546
789 22.4759 75.5546
885 21.0181 80.8882
927 21.0181 80.8882
58 21.0181 80.8882
368 21.0181 80.8882
41 21.0181 80.8882
443 21.0181 80.8882
93 21.0181 80.8882
933 17.0244 82.2985
560 17.0244 82.2985
537 17.0244 82.2985
288 17.0244 82.2985
360 17.0244 82.2985
184 17.0244 82.2985
796 17.0244 82.2985
17 17.0244 82.2985
718 17.0244 82.2985
183 17.0244 82.2985
815 17.0244 82.2985
249 17.0244 82.2985
628 17.0244 82.2985
108 17.0244 82.2985
759 14.7245 83.3612
991 14.7245 83.3612
240 14.7245 83.3612
247 14.7245 83.3612
325 14.7245 83.3612
316 14.7245 83.3612
426 14.7245 83.3612
905 14.7245 83.3612
75 12.2149 83.4075
304 12.2149 83.4075
447 12.2149 83.4075
263 12.2149 83.4075
568 12.2149 83.4075
199 12.2149 83.4075
557 12.2149 83.4075
658 16.185 74.9505
339 16.185 74.9505
604 16.4436 74.9081
697 16.4436 74.9081
81 16.4436 74.9081
500 16.4436 74.9081
487 14.0406 71.4418
162 14.0406 71.4418
374 14.0406 71.4418
457 14.0406 71.4418
556 14.0406 71.4418
77 9.17016 70.7038
667 9.17016 70.7038
196 9.17016 70.7038
630 9.17016 70.7038
747 9.17016 70.7038
799 9.17016 70.7038
321 9.17016 70.7038
728 9.17016 70.7038
955 9.17016 70.7038
429 9.17016 70.7038
948 9.17016 70.7038
219 9.17016 70.7038
570 9.17016 70.7038
97 9.17016 70.7038
255 9.17016 70.7038
503 9.17016 70.7038
717 9.17016 70.7038
970 9.17016 70.7038
301 6.78597 82.4978
401 6.78597 82.4978
153 6.78597 82.4978
546 6.78597 82.4978
792 6.78597 82.4978
719 6.78597 82.4978
860 6.78597 82.4978
169 6.78597 82.4978
615 6.78597 82.4978
436 6.78597 82.4978
207 6.78597 82.4978
90 6.78597 82.4978
686 6.78597 82.4978
203 6.78597 82.4978
830 6.78597 82.4978
224 6.78597 82.4978
982 6.78597 82.4978
433 6.78597 82.4978
639 6.78597 82.4978
547 6.78597 82.4978
300 6.78597 82.4978
364 6.78597 82.4978
803 6.78597 82.4978
914 6.78597 82.4978
892 6.78597 82.4978
554 6.1063 83.4443
95 6.1063 83.4443
444 6.1063 83.4443
890 6.1063 83.4443
953 6.1063 83.4443
178 6.1063 83.4443
31 6.1063 83.4443
944 6.1063 83.4443
780 6.1063 83.4443
969 6.1063 83.4443
753 9.19623 89.6804
13 9.19623 89.6804
462 9.19623 89.6804
115 9.19623 89.6804
973 9.19623 89.6804
446 9.19623 89.6804
1 9.19623 89.6804
678 9.19623 89.6804
827 9.19623 89.6804
106 9.19623 89.6804
213 9.19623 89.6804
435 9.19623 89.6804
380 9.19623 89.6804
868 9.19623 89.6804
138 9.19623 89.6804
736 9.19623 89.6804
693 9.19623 89.6804
711 9.19623 89.6804
39 9.19623 89.6804
200 9.19623 89.6804
988 9.19623 89.6804
236 9.19623 89.6804
405 9.19623 89.6804
637 9.19623 89.6804
768 12.9737 93.9325
495 12.9737 93.9325
871 12.9737 93.9325
916 12.9737 93.9325
441 12.9737 93.9325
15 12.9737 93.9325
521 12.9737 93.9325
750 12.9737 93.9325
712 12.9737 93.9325
227 12.9737 93.9325
442 12.9737 93.9325
399 12.9737 93.9325
585 12.9737 93.9325
773 19.549 88.7029
608 19.549 88.7029
859 19.549 88.7029
651 19.549 88.7029
696 19.549 88.7029
386 19.549 88.7029
699 19.549 88.7029
611 23.6168 95.1693
430 23.6168 95.1693
960 23.6168 95.1693
491 23.6168 95.1693
306 23.6168 95.1693
593 23.6168 95.1693
50 23.6168 95.1693
28 23.6168 95.1693
833 23.6168 95.1693
776 23.6168 95.1693
761 23.6168 95.1693
409 23.6168 95.1693
456 23.6168 95.1693
714 23.6168 95.1693
631 23.6168 95.1693
44 23.6168 95.1693
795 23.6168 95.1693
120 23.6168 95.1693
36 27.5399 100.152
448 27.5399 100.152
253 27.7185 90.2638
550 27.7185 90.2638
806 27.7185 90.2638
919 27.7185 90.2638
270 28.1714 84.8336
2 28.1714 84.8336
167 28.1714 84.8336
428 28.1714 84.8336
92 28.1714 84.8336
470 28.1714 84.8336
757 28.1714 84.8336
469 28.1714 84.8336
490 28.1714 84.8336
610 28.1714 84.8336
244 28.1714 84.8336
150 28.1714 84.8336
808 28.1714 84.8336
326 27.9056 83.4878
99 27.9056 83.4878
266 27.9056 83.4878
16 27.9056 83.4878
76 27.9056 83.4878
124 27.9056 83.4878
431 27.9056 83.4878
954 27.9056 83.4878
424 27.9056 83.4878
296 27.9056 83.4878
695 27.9056 83.4878
168 27.9056 83.4878
672 27.9056 83.4878
530 35.3707 80.8183
638 35.3707 80.8183
248 35.3707 80.8183
877 35.3707 80.8183
418 35.3707 80.8183
689 35.3707 80.8183
60 35.3707 80.8183
562 35.3707 80.8183
659 41.7084 80.667
126 41.7084 80.667
724 41.7084 80.667
563 41.7084 80.667
840 41.7084 80.667
292 41.7084 80.667
256 41.7084 80.667
230 41.7084 80.667
343 41.7084 80.667
271 39.928 84.3174
241 39.928 84.3174
662 39.928 84.3174
866 39.928 84.3174
305 39.928 84.3174
389 39.928 84.3174
309 39.928 84.3174
814 39.928 84.3174
539 39.928 84.3174
437 39.928 84.3174
763 39.928 84.3174
564 39.928 84.3174
642 39.928 84.3174
223 39.928 84.3174
141 42.7312 87.0474
22 42.7312 87.0474
707 42.7312 87.0474
172 37.039 91.7421
181 37.039 91.7421
786 37.039 91.7421
73 37.039 91.7421
96 37.039 91.7421
394 37.039 91.7421
548 37.039 91.7421
918 37.039 91.7421
215 37.039 91.7421
961 38.6888 94.4718
569 38.6888 94.4718
746 38.6888 94.4718
265 38.6888 94.4718
416 38.6888 94.4718
516 38.6888 94.4718
5 38.6888 94.4718
713 38.6888 94.4718
53 38.6888 94.4718
231 38.6888 94.4718
449 38.6888 94.4718
874 38.6888 94.4718
139 38.6888 94.4718
72 38.6888 94.4718
20 38.6888 94.4718
738 38.6888 94.4718
613 38.6888 94.4718
559 38.6888 94.4718
690 48.278 90.2205
882 48.278 90.2205
245 48.278 90.2205
952 48.278 90.2205
82 48.278 90.2205
575 49.8198 91.2794
62 49.8198 91.2794
320 49.8198 91.2794
392 47.4663 92.3445
636 47.4663 92.3445
536 47.4663 92.3445
911 47.4663 92.3445
754 47.4663 92.3445
367 47.4663 92.3445
511 47.4663 92.3445
165 47.4663 92.3445
105 47.4663 92.3445
974 46.561 96.9937
434 46.561 96.9937
129 46.561 96.9937
146 46.561 96.9937
752 46.561 96.9937
766 46.561 96.9937
206 46.561 96.9937
239 46.561 96.9937
541 46.561 96.9937
23 46.561 96.9937
344 46.561 96.9937
737 46.561 96.9937
375 46.561 96.9937
980 46.561 96.9937
774 46.561 96.9937
931 57.0077 93.5734
177 57.0077 93.5734
584 57.0077 93.5734
52 57.0077 93.5734
856 57.0077 93.5734
202 57.0077 93.5734
624 57.0077 93.5734
532 57.0077 93.5734
851 57.0077 93.5734
618 57.0077 93.5734
896 57.0077 93.5734
156 57.0077 93.5734
42 57.0077 93.5734
313 57.0077 93.5734
580 66.3701 91.086
742 66.3701 91.086
666 66.3701 91.086
494 66.3701 91.086
544 66.3701 91.086
159 67.8826 87.8887
185 67.8826 87.8887
273 67.8826 87.8887
353 67.8826 87.8887
984 67.8826 87.8887
622 67.8826 87.8887
158 67.8826 87.8887
464 67.8826 87.8887
817 67.8826 87.8887
854 67.8826 87.8887
251 67.8826 87.8887
845 67.8826 87.8887
813 67.8826 87.8887
149 67.8826 87.8887
893 75.2194 95.2398
928 75.2194 95.2398
983 75.2194 95.2398
135 75.2194 95.2398
285 75.2194 95.2398
820 75.2194 95.2398
318 75.2194 95.2398
620 75.2194 95.2398
145 75.2194 95.2398
332 82.6377 82.885
725 82.6377 82.885
322 82.6377 82.885
889 82.6377 82.885
864 82.6377 82.885
450 90.179 84.0341
740 90.179 84.0341
660 90.179 84.0341
473 90.179 84.0341
204 90.179 84.0341
311 90.179 84.0341
25 90.179 84.0341
685 90.179 84.0341
372 90.179 84.0341
506 88.9491 60.6633
977 88.9491 60.6633
242 88.9491 60.6633
198 88.9491 60.6633
136 88.9491 60.6633
107 88.9491 60.6633
497 88.9491 60.6633
385 85.1498 59.4713
383 85.1498 59.4713
201 85.1498 59.4713
838 85.1498 59.4713
170 85.1498 59.4713
884 85.1498 59.4713
967 84.0296 59.0017
932 84.0296 59.0017
387 84.0296 59.0017
684 84.0296 59.0017
745 77.8727 49.4691
553 77.8727 49.4691
466 77.8727 49.4691
656 77.8727 49.4691
334 77.8727 49.4691
102 77.8727 49.4691
850 77.8727 49.4691
835 77.8727 49.4691
951 77.1495 49.969
195 77.1495 49.969
609 77.1495 49.969
274 77.1495 49.969
920 77.1495 49.969
29 77.1495 49.969
323 77.1495 49.969
425 77.1495 49.969
942 77.1495 49.969
592 77.1495 49.969
583 77.1495 49.969
590 86.3073 34.5322
33 86.3073 34.5322
520 86.3073 34.5322
98 86.3073 34.5322
627 96.3611 11.442
243 96.3611 11.442
979 96.3611 11.442
345 96.3611 11.442
260 94.7267 10.718
483 94.7267 10.718
