0,721,176,819,504,777,581,959,103,653,518,407,351,573,310,363,26,246,287,669,643,64,824,307,822,829,205,278,902,133,836,268,32,65,331,86,4,673,439,710,284,254,702,915,354,661,602,899,641,474,629,258,366,299,348,362,8,211,674,722,881,682,488,588,812,741,402,455,572,898,61,646,187,412,963,74,794,514,863,46,328,384,182,214,958,463,222,849,527,972,3,734,347,234,255,607,665,799,925,784,565,524,119,411,482,338,686,376,77,277,445,739,279,531,122,589,747,703,860,427,517,398,890,939,694,97,207,667,966,639,556,48,717,219,346,457,381,759,371,75,224,325,240,429,374,272,879,728,657,321,615,113,14,93,554,991,500,31,298,551,570,433,301,90,39,106,547,426,953,944,300,446,719,678,637,699,405,108,803,168,546,736,169,401,17,249,247,892,153,955,780,436,447,95,830,711,199,568,213,585,380,435,988,868,695,236,386,263,982,444,750,304,933,138,693,200,815,364,316,628,969,696,36,115,611,761,456,44,593,183,608,833,631,430,409,651,15,776,712,753,462,871,244,714,827,13,399,184,916,973,859,227,905,495,360,550,339,792,203,1,88,442,431,718,288,418,178,825,557,914,487,490,600,630,796,948,131,503,162,114,192,400,361,680,266,839,658,479,220,99,726,950,502,81,701,946,501,390,552,604,130,327,451,599,21,404,365,965,359,635,571,729,901,720,587,175,80,789,574,662,591,730,560,885,888,443,886,428,757,333,326,16,614,537,256,241,167,424,672,253,76,954,638,578,41,806,454,561,28,919,223,73,120,392,697,58,368,60,50,296,469,437,72,448,53,150,146,768,808,139,96,20,441,795,271,306,521,610,491,786,141,172,918,92,470,22,773,2,231,389,877,738,960,752,866,230,707,394,548,974,613,569,755,179,129,564,239,449,165,763,536,659,259,305,416,206,516,215,532,980,618,814,343,559,624,766,896,713,511,181,344,375,265,541,245,961,309,539,584,737,23,746,5,156,874,105,434,477,992,882,911,952,774,378,851,320,754,140,636,887,208,880,415,313,367,895,193,642,408,530,12,126,406,940,947,369,801,94,62,690,280,335,118,622,297,317,51,145,18,861,800,229,816,40,817,273,185,251,544,620,856,52,464,158,159,937,465,318,42,813,177,202,575,567,854,71,984,285,818,149,893,353,740,481,648,742,775,580,725,845,823,864,494,473,666,135,983,820,928,372,528,660,204,685,322,311,889,25,385,332,884,450,684,506,977,387,951,838,170,497,107,136,173,837,83,201,962,579,67,867,744,290,931,668,832,417,395,907,440,904,727,509,393,110,315,975,654,383,647,468,847,152,109,921,460,671,762,216,515,432,987,453,769,91,857,782,396,282,964,605,112,9,617,582,340,498,161,478,238,798,577,968,286,70,420,942,190,293,538,68,188,102,485,650,595,852,900,334,198,932,583,967,656,242,553,323,606,143,357,644,232,466,941,117,425,920,875,850,767,842,978,926,186,810,35,625,519,793,623,101,716,452,262,180,217,210,281,923,264,127,732,471,85,512,84,743,791,676,291,779,410,54,765,855,596,683,558,576,912,809,104,645,929,533,621,632,563,562,724,294,649,986,319,513,826,248,82,840,189,350,976,226,807,292,802,270,523,235,134,225,872,689,124,144,484,171,878,308,459,252,910,540,715,894,56,804,788,34,545,137,163,601,349,89,688,525,698,957,267,927,705,382,924,733,640,956,735,846,422,59,132,329,79,971,526,903,760,981,970,336,764,772,275,677,196,534,352,142,858,496,938,174,373,542,990,897,936,708,691,303,116,166,218,330,228,148,770,985,663,78,771,312,652,157,805,100,489,909,47,10,731,341,499,749,128,283,391,121,700,723,87,476,616,125,475,154,505,212,423,233,57,949,123,841,891,679,797,758,403,37,535,664,706,397,414,913,603,619,11,302,748,543,413,324,269,507,908,493,38,756,49,566,461,370,30,655,510,388,633,508,438,69,922,790,522,783,989,147,237,945,597,876,155,843,848,917,356,862,687,778,194,7,692,529,612,151,869,811,221,549,787,486,191,834,943,704,586,379,709,626,337,111,934,883,419,257,467,935,480,853,160,873,261,421,289,865,785,295,598,250,24,43,63,6,164,821,831,781,55,555,209,844,19,906,358,45,314,828,342,276,472,870,492,355,197,751,27,594,681,458,634,66,675,930,377,592,590,33,670,835,195,29,609,274,745,520,98,345,627,243,483,260,979,
value : 573.224 running time : 29.675154
0 80 20
721 73.7079 18.5631
176 70.6542 17.8657
819 68.817 17.4461
504 67.4619 17.1366
777 66.0335 16.8104
581 64.866 16.5438
959 63.721 16.2823
103 62.4316 15.9878
653 49.9184 17.0923
518 44.5397 17.5673
407 41.1271 18.5486
351 39.2174 19.0978
573 38.368 19.3421
310 37.5331 19.5822
363 36.6629 19.8325
26 35.8212 20.0746
246 34.8776 20.3459
287 34.1528 20.5544
669 33.0225 20.8795
643 31.2983 21.5598
64 30.0323 22.0593
824 28.7875 22.5504
307 27.6526 22.9982
822 26.5185 23.4456
829 24.6645 24.1771
205 23.4881 24.6412
278 22.6618 24.9672
902 21.0907 25.5871
133 19.2267 26.3225
836 18.9278 26.4404
268 18.6226 26.5609
32 18.3289 26.6767
65 16.5883 26.4418
331 13.7649 26.0607
86 12.0246 25.8258
4 12.4013 25.113
673 12.8581 24.2485
439 13.3248 23.3655
710 13.566 22.9089
284 13.8432 22.3844
254 13.8432 22.3844
702 13.8432 22.3844
915 13.8432 22.3844
354 13.8432 22.3844
661 13.6679 22.0152
602 13.4942 21.6491
899 13.2084 21.0468
641 12.9001 20.3972
474 12.5756 19.7134
629 12.2363 18.9982
258 12.0153 18.5326
366 11.8021 18.0833
299 11.5852 17.6263
348 11.3648 17.1619
362 11.1406 16.6895
8 10.9201 16.2248
211 10.9109 16.2056
674 10.9021 16.1869
722 10.8926 16.1669
881 10.8837 16.1483
682 10.8748 16.1296
488 10.8655 16.1098
588 10.8654 16.1098
812 10.8654 16.1098
741 10.8462 17.684
402 10.8268 19.2627
455 10.8086 20.7522
572 10.791 22.1928
898 10.7749 23.5077
61 10.7732 23.6474
646 10.7712 23.8165
187 10.766 24.2454
412 10.7493 25.611
963 10.7282 27.3279
74 10.7056 29.1766
794 10.6814 31.1489
514 10.6543 33.3494
863 10.6238 35.8295
46 10.5962 38.0746
328 10.5698 40.2241
384 10.5428 42.424
182 10.5152 44.671
214 10.4913 46.6186
958 10.4778 47.7243
463 10.4589 49.2704
222 10.4393 50.8688
849 10.4189 52.5395
527 10.4002 54.0611
972 10.3813 55.6057
3 10.3629 57.1116
734 10.3471 58.4009
347 10.3372 59.2182
234 10.3281 59.967
255 10.3191 60.7018
607 10.3111 61.3635
665 10.3111 61.3635
799 10.3111 61.3636
925 10.3111 61.3636
784 10.3111 61.3636
565 10.3111 61.3636
524 10.3111 61.3636
119 10.3111 61.3636
411 10.3111 61.3636
482 10.3111 61.3636
338 10.3111 61.3636
686 10.3111 61.3636
376 10.3111 61.3636
77 10.3111 61.3637
277 10.3111 61.3637
445 10.3111 61.3637
739 10.3111 61.3637
279 10.3111 61.3637
531 10.3111 61.3637
122 10.3111 61.3637
589 10.3279 62.4851
747 10.3456 63.6656
703 10.3641 64.8949
860 10.3833 66.1681
427 10.396 67.0195
517 10.4084 67.8449
398 10.4208 68.6697
890 10.4333 69.5023
939 10.4373 69.775
694 10.4419 70.0862
97 10.4464 70.3914
207 10.4511 70.7053
667 10.4555 71.002
966 10.4599 71.2997
639 10.4647 71.6193
556 10.4693 71.9335
48 10.4739 72.2409
717 10.4777 72.5003
219 10.4818 72.7734
346 10.4861 73.0658
457 10.4903 73.35
381 10.4944 73.6256
759 10.499 73.9321
371 10.5025 74.1747
75 10.5072 74.4888
224 10.5112 74.756
325 10.5153 75.0327
240 10.5191 75.2927
429 10.5227 75.5378
374 10.5265 75.7891
272 10.5301 76.0352
879 10.534 76.2989
728 10.5383 76.5864
657 10.5424 76.8618
321 10.5466 77.1461
615 10.5508 77.4281
113 10.5547 77.6952
14 10.5589 77.9754
93 10.5671 78.5236
554 10.5745 79.0195
991 10.5816 79.4999
500 10.589 79.9934
31 10.597 80.5301
298 10.6049 81.0609
551 10.6143 81.6907
570 10.6243 82.362
433 10.6344 83.0333
301 10.645 83.7421
90 10.6552 84.4219
39 10.6666 85.1875
106 10.6676 85.2556
547 10.6685 85.3179
426 10.6694 85.3801
953 10.6704 85.446
944 10.6713 85.5084
300 10.6723 85.5751
446 10.6733 85.641
719 10.6742 85.7065
678 10.6752 85.7729
637 10.6761 85.8365
699 10.6771 85.9005
405 10.678 85.9669
108 10.6789 86.027
803 10.6798 86.0883
168 10.6806 86.1443
546 10.6817 86.2144
736 10.6827 86.2844
169 10.6837 86.3526
401 10.6847 86.4215
17 10.6857 86.489
249 10.6866 86.5556
247 10.6877 86.6255
892 10.6887 86.6942
153 10.6897 86.7647
955 10.6907 86.8317
780 10.6917 86.9017
436 10.6928 86.9754
447 10.6939 87.0533
95 10.695 87.125
830 10.6961 87.198
711 10.7085 88.0247
199 10.7204 88.8212
568 10.7321 89.597
213 10.7437 90.3701
585 10.7437 90.3701
380 10.7437 90.3701
435 10.7437 90.3701
988 10.7437 90.3701
868 10.9627 90.4419
695 11.2164 90.525
236 11.4327 90.5959
386 11.6442 90.6652
263 11.8422 90.73
982 12.0805 90.8081
444 12.3097 90.8832
750 12.5645 90.9667
304 12.7962 91.0426
933 13.0399 91.1224
138 13.2616 91.195
693 13.4873 91.269
200 13.7298 91.3484
815 13.972 91.4278
364 14.2211 91.5093
316 14.4901 91.5975
628 14.7549 91.6842
969 15.0769 91.7897
696 16.0173 92.0978
36 16.7203 92.3281
115 17.2394 92.4982
611 17.813 92.6861
761 17.7335 92.5758
456 17.6526 92.4638
44 17.5695 92.3486
593 17.4861 92.233
183 17.3952 92.107
608 17.3034 91.9798
833 17.3034 91.9798
631 17.3034 91.9798
430 17.2071 91.9184
409 17.1052 91.8534
651 16.9947 91.7829
15 16.8814 91.7106
776 16.7705 91.6399
712 16.6602 91.5696
753 16.5512 91.5
462 16.4384 91.4281
871 16.3302 91.3591
244 16.2132 91.2844
714 16.104 91.2147
827 15.9684 91.1282
13 15.9038 90.6048
399 15.8352 90.0488
184 15.7724 89.5398
916 15.7258 89.1623
973 15.6808 88.7978
859 15.6319 88.4017
227 15.5846 88.0179
905 15.4737 87.1194
495 15.3877 86.422
360 15.3001 85.7123
550 15.2146 85.0196
339 15.1437 84.4452
792 15.08 83.9284
203 15.0797 83.9011
1 15.0795 83.8743
88 15.0793 83.8462
442 15.0791 83.8192
431 15.0788 83.7891
718 15.0786 83.7615
288 15.0783 83.7338
418 15.0781 83.7048
178 15.0779 83.6761
825 15.0779 83.6761
557 15.0779 83.6761
914 15.0779 83.6761
487 15.9987 81.5932
490 16.7848 79.815
600 17.7869 77.5484
630 18.5561 75.8082
796 19.0516 74.6872
948 19.5931 73.4623
131 20.507 71.3948
503 20.7198 71.2812
162 20.9656 71.1499
114 21.2199 71.014
192 21.4779 70.8761
400 22.0672 70.5614
361 22.8018 70.1689
680 23.626 69.7286
266 24.9905 68.9996
839 26.4748 68.2067
658 26.46 68.2914
479 26.4465 68.3689
220 26.4344 68.4383
99 26.4224 68.5074
726 26.4101 68.5778
950 26.3983 68.6455
502 26.3868 68.7117
81 26.4139 68.765
701 26.4461 68.8284
946 26.478 68.8913
501 26.5067 68.9477
390 26.5355 69.0044
552 26.5644 69.0613
604 26.5949 69.1213
130 26.6205 69.1718
327 26.6487 69.2273
451 26.6747 69.2785
599 26.7074 69.3429
21 26.7419 69.4107
404 26.774 69.4739
365 26.8026 69.5302
965 26.831 69.5861
359 26.8603 69.6438
635 26.8895 69.7012
571 26.918 69.7574
729 26.945 69.8105
901 26.9751 69.8697
720 27.0047 69.9279
587 27.0355 69.9886
175 27.0668 70.0502
80 27.7821 72.3673
789 27.6393 73.2668
574 27.501 74.1383
662 27.3572 75.0443
591 27.2125 75.9555
730 27.044 77.0172
560 26.8626 78.1597
885 26.9884 78.4859
888 27.0854 78.7374
443 27.19 79.0086
886 27.2989 79.2911
428 27.4143 79.5903
757 27.5117 79.8427
333 27.6098 80.0973
326 27.711 80.3597
16 27.8293 80.6665
614 27.9488 80.9762
537 28.0599 81.2643
256 28.186 81.5914
241 28.2996 81.886
167 28.3985 82.1425
424 28.4998 82.405
672 28.6045 82.6766
253 28.7026 82.931
76 28.7971 83.1759
954 28.89 83.4167
638 28.9904 83.6772
578 29.0843 83.9207
41 29.1847 84.1811
806 29.2879 84.4485
454 29.3901 84.7136
561 29.5062 85.0147
28 29.6865 86.4896
919 29.7032 86.6269
223 29.7211 86.7731
73 29.7423 86.9461
120 29.7619 87.1064
392 29.781 87.2633
697 29.7978 87.4006
58 29.8178 87.5644
368 29.8382 87.7315
60 29.8562 87.8785
50 29.8785 88.0607
296 29.8979 88.2197
469 29.9192 88.3938
437 29.9518 88.6606
72 29.9876 88.954
448 30.0215 89.2314
53 30.051 89.4727
150 30.0612 89.5559
146 30.0716 89.6412
768 30.0827 89.7314
808 30.0919 89.807
139 30.1014 89.8851
96 30.1074 89.9338
20 30.114 89.9879
441 30.1201 90.0375
795 30.1259 90.0856
271 30.1316 90.1321
306 30.1375 90.1806
521 30.1433 90.2278
610 30.1489 90.2734
491 30.1546 90.3203
786 30.683 90.3439
141 31.1998 90.367
172 31.7241 90.3904
918 32.2014 90.4117
92 32.708 90.4343
470 33.2102 90.4568
22 33.6986 90.4786
773 34.1481 90.4987
2 34.6483 90.521
231 35.1821 90.5449
389 35.7348 90.5695
877 36.1909 90.5899
738 36.6456 90.6102
960 37.0832 90.6298
752 37.613 90.6534
866 38.1543 90.6776
230 38.6369 90.6992
707 39.1345 90.7214
394 39.6479 90.7443
548 40.184 90.7683
974 40.7402 90.7931
613 41.3258 90.8193
569 41.9819 90.8486
755 42.6439 90.8782
179 42.8791 90.8887
129 43.044 90.896
564 43.2253 90.9041
239 43.4025 90.912
449 43.5776 90.9199
165 43.7599 90.928
763 43.9401 90.9361
536 44.1278 90.9444
659 44.3093 90.9525
259 44.5034 90.9612
305 44.5904 90.9651
416 44.6793 90.9691
206 44.7732 90.9733
516 44.8753 90.9778
215 44.968 90.982
532 45.0728 90.9867
980 45.1798 90.9914
618 45.2711 90.9955
814 45.3628 90.9996
343 45.4576 91.0038
559 45.5542 91.0082
624 45.6543 91.0126
766 45.7423 91.0166
896 45.8402 91.0209
713 45.9251 91.0247
511 46.0164 91.0288
181 46.1 91.0325
344 46.2011 91.0371
375 46.2011 91.0371
265 46.2011 91.0371
541 46.5927 90.8381
245 47.0026 90.6298
961 47.3339 90.4615
309 47.6979 90.2766
539 48.1115 90.0665
584 48.5439 89.8468
737 48.6894 89.7729
23 48.8167 89.7082
746 48.9462 89.6424
5 49.0772 89.5759
156 49.2265 89.5
874 49.3724 89.4258
105 50.0028 89.1056
434 50.8198 88.6905
477 52.06 88.0604
992 52.4977 87.838
882 52.4977 87.838
911 52.5596 87.7501
952 52.9789 87.1547
774 53.4232 86.5237
378 53.9144 85.826
851 54.2921 85.2896
320 54.6899 84.7246
754 55.1377 84.0886
140 55.6074 83.4215
636 56.0869 82.7406
887 56.5967 82.0165
208 57.1239 81.2678
880 57.1239 81.2678
415 57.1239 81.2678
313 57.1239 81.2678
367 57.1239 81.2678
895 57.1239 81.2678
193 57.1239 81.2678
642 57.2732 81.4277
408 57.432 81.5976
530 57.5848 81.7611
12 57.7548 81.943
126 57.921 82.1208
406 58.0967 82.3089
940 58.275 82.4997
947 58.4635 82.7014
369 58.6513 82.9024
801 58.8407 83.105
94 59.0289 83.3064
62 59.2634 83.5574
690 59.3773 83.6793
280 59.4845 83.794
335 59.5989 83.9164
118 59.7212 84.0473
622 59.8345 84.1686
297 59.9447 84.2864
317 60.0542 84.4037
51 60.1624 84.5194
145 60.362 84.733
18 60.5383 84.9217
861 60.7196 85.1157
800 60.9139 85.3237
229 61.1415 85.5672
816 61.3893 85.8324
40 61.6342 86.0944
817 61.8912 86.3695
273 62.106 86.5993
185 62.3183 86.8265
251 62.5223 87.0448
544 62.5394 87.063
620 62.5557 87.0805
856 62.5712 87.0971
52 63.5601 87.1624
464 64.3613 87.2153
158 65.1664 87.2685
159 65.8336 87.3126
937 66.1198 87.3315
465 66.4077 87.3505
318 66.6931 87.3694
42 66.9552 87.3867
813 67.2296 87.4048
177 67.4776 87.4212
202 67.7469 87.439
575 68.1048 87.4626
567 68.6312 87.4974
854 69.221 87.5363
71 69.7078 87.5685
984 70.1801 87.5997
285 70.8138 87.6415
818 71.432 87.6824
149 71.9731 87.7181
893 72.6243 87.7611
353 73.1064 87.793
740 73.6182 87.8268
481 73.9669 87.8498
648 74.3969 87.8782
742 74.7238 87.8998
775 75.0629 87.9222
580 75.444 87.9474
725 75.903 87.9777
845 76.2794 88.0026
823 76.7393 88.0329
864 77.2939 88.0696
494 77.8669 88.1074
473 78.4485 88.1458
666 78.9114 88.1764
135 79.4394 88.2113
983 80.0397 88.2509
820 80.502 88.2815
928 80.9745 88.3127
372 86.341 79.9667
528 86.3359 79.9085
660 86.3324 79.8679
204 86.329 79.829
685 86.3255 79.7887
322 86.3216 79.7443
311 86.3166 79.6873
889 86.3124 79.6388
25 86.2293 78.6846
385 85.7261 72.9027
332 85.3898 69.039
884 85.0148 64.7302
450 84.9893 64.4376
684 84.9537 64.0292
506 84.9203 63.6459
977 84.8883 63.2784
387 84.8564 62.9127
951 84.8288 62.596
838 84.8288 62.596
170 84.8288 62.596
497 84.8288 62.596
107 84.3624 62.847
136 83.7833 63.1587
173 74.7373 68.025
837 73.8282 68.5143
83 73.0314 68.943
201 72.3856 69.2906
962 71.6389 69.6924
579 70.9213 70.0786
67 70.1883 70.4731
867 69.4904 70.8487
744 68.7796 71.2312
290 68.1003 71.5968
931 67.402 71.9726
668 67.3943 71.8798
832 67.3871 71.7926
417 67.3793 71.6984
395 67.3679 71.5608
907 67.3541 71.3943
440 67.3541 71.3943
904 67.3541 71.3943
727 67.3541 71.3943
509 67.3541 71.3943
393 67.3541 71.3943
110 67.3541 71.3943
315 67.3541 71.3943
975 67.3541 71.3943
654 67.3541 71.3943
383 67.3541 71.3943
647 65.2757 70.5891
468 63.6842 69.9724
847 62.9817 69.7001
152 62.2766 69.4268
109 61.1146 68.9765
921 60.1268 68.5937
460 60.1152 68.5202
671 60.1035 68.4461
762 60.0908 68.3655
216 60.0787 68.2882
515 60.0674 68.2167
432 60.0562 68.1456
987 60.0444 68.0703
453 60.0324 67.9942
769 60.0209 67.921
91 60.009 67.8458
857 59.9969 67.7687
782 59.9845 67.6898
396 59.6652 65.6563
282 59.6352 65.4652
964 59.6042 65.2685
605 59.5741 65.0769
112 59.5426 64.8765
9 59.5096 64.6667
617 59.4712 64.4229
582 59.4346 64.1899
340 59.2833 63.2265
498 59.1127 62.1407
161 59.413 62.0168
478 59.7446 61.8799
238 60.0316 61.7615
798 60.2965 61.6522
577 60.6254 61.5165
968 60.9747 61.3724
286 61.4281 61.1853
70 61.9325 60.9772
420 62.3579 60.8017
942 62.7383 60.6447
190 63.0945 60.4978
293 63.4264 60.3609
538 63.7746 60.2172
68 64.1333 60.0692
188 64.4814 59.9256
102 64.945 59.7343
485 65.364 59.5614
650 65.7965 59.383
595 66.2332 59.2028
852 66.7086 59.0066
900 67.1141 58.8393
334 69.9371 56.7184
198 72.1553 55.0518
932 72.1198 55.0302
583 72.0834 55.0082
967 72.049 54.9873
656 72.0123 54.965
242 71.9777 54.944
553 70.1004 53.8033
323 68.214 52.657
606 68.214 52.657
143 68.214 52.657
357 68.214 52.657
644 68.214 52.657
232 68.214 52.657
466 68.214 52.657
941 68.0076 52.6592
117 67.7862 52.6617
425 67.6011 52.6637
920 67.3798 52.6661
875 62.3967 52.7212
850 61.9619 52.726
767 61.2909 52.7334
842 60.5703 52.7413
978 59.798 52.7497
926 59.1288 52.7571
186 58.2548 52.7667
810 57.5049 52.7749
35 56.759 52.7831
625 56.0108 52.7913
519 55.2557 52.7996
793 54.5166 52.8077
623 53.7905 52.8157
101 53.0013 52.8243
716 52.2946 52.8321
452 51.1119 53.3179
262 51.0649 53.3372
180 51.0143 53.358
217 51.0143 53.358
210 50.6089 53.9876
281 50.2495 54.5455
923 49.929 55.0432
264 49.5951 55.5617
127 49.3046 56.0127
732 49.0184 56.457
471 48.7756 56.834
85 48.5548 57.1769
512 48.299 57.574
84 47.9459 58.1223
743 47.613 58.6392
791 47.301 59.1236
676 46.9749 59.6301
291 46.6669 60.1083
779 46.4355 60.4676
410 46.2204 60.8015
54 46.0148 61.1208
765 45.8183 61.4259
855 45.6276 61.722
596 45.4358 62.0198
683 45.2725 62.2732
558 45.1138 62.5197
576 44.9464 62.7797
912 44.7775 63.0419
809 44.6163 63.2922
104 44.4472 63.5546
645 44.281 63.8128
929 44.281 63.8128
533 44.0588 64.7681
621 43.7987 65.8863
632 43.3364 67.8737
563 43.0406 69.1454
562 42.8525 69.9538
724 42.7169 70.537
294 42.58 71.1257
649 42.4619 71.6333
986 42.3781 71.9937
319 42.2836 72.3998
513 42.1493 72.285
826 42.0183 72.173
248 41.8749 72.0503
82 41.7308 71.9271
840 41.5751 71.794
189 41.4165 71.6583
350 41.253 71.5185
976 41.0913 71.3803
226 40.9313 71.2434
807 40.7833 71.1169
292 40.6204 70.9776
802 40.4132 70.8004
270 40.138 70.5651
523 39.8742 70.3395
235 39.6203 70.1224
134 39.354 69.8947
225 39.0791 69.6597
872 38.8053 69.4255
689 38.5315 69.1914
124 38.264 68.9627
144 37.999 68.736
484 37.7136 68.492
171 37.4012 68.2249
878 37.0894 67.9582
308 36.7829 67.6961
459 36.4949 67.4499
252 36.2008 67.1984
910 35.8842 66.9277
540 35.5648 66.6546
715 35.1662 66.3137
894 34.7646 65.9703
56 34.1047 65.4061
804 33.4093 64.8115
788 32.5794 64.102
34 31.8335 63.4643
545 31.3133 63.0194
137 30.8885 62.6562
163 30.4573 62.2875
601 29.3987 61.3825
349 28.4936 60.6087
89 27.5959 59.8411
688 26.6796 59.0577
525 25.8364 58.3368
698 25.7008 58.4023
957 25.5736 58.4637
267 25.4453 58.5256
927 25.3074 58.5922
705 25.1922 58.6478
382 25.0696 58.707
924 24.9377 58.7707
733 24.8294 58.823
640 24.7187 58.8764
956 24.6036 58.932
735 24.4873 58.9881
846 24.3659 59.0467
422 24.253 59.1012
59 24.1366 59.1574
132 24.0123 59.2174
329 23.8984 59.2724
79 23.7897 59.3249
971 23.6692 59.383
526 23.5508 59.4402
903 21.8027 58.5402
760 19.5528 57.3821
981 19.4385 57.3233
970 19.3195 57.262
336 19.3195 57.262
764 19.3195 57.262
772 19.3195 57.262
275 19.3195 57.262
677 18.9188 56.7006
196 18.5359 56.164
534 18.1455 55.6171
352 17.8132 55.1514
142 17.5005 54.7132
858 17.1944 54.2843
496 16.8923 53.8611
938 16.607 53.4612
174 16.3154 53.0527
373 16.0292 52.6516
542 15.765 52.2814
990 15.5109 51.9252
897 15.3717 51.7302
936 14.4131 50.3873
708 13.4629 49.0563
691 12.9156 48.2896
303 12.1578 47.2281
116 11.3481 46.0938
166 11.3481 46.0938
218 11.3464 46.0884
330 11.3447 46.0828
228 11.3431 46.0774
148 11.3414 46.072
770 11.3397 46.0664
985 11.338 46.0609
663 11.337 46.0574
78 11.3359 46.0538
771 11.3348 46.0501
312 11.3336 46.0462
652 11.3325 46.0426
157 11.3314 46.039
805 11.3303 46.0355
100 11.3292 46.0318
489 11.328 46.0279
909 11.3268 46.0241
47 11.3257 46.0203
10 11.3244 46.0162
731 11.3233 46.0125
341 11.3222 46.0089
499 11.3209 46.0048
749 12.0008 45.6394
128 12.7404 45.242
283 14.2748 44.4176
391 15.9094 43.5394
121 17.6042 42.6288
700 17.6685 42.8643
723 17.7346 43.1066
87 17.797 43.3351
476 17.8748 43.6203
616 17.9503 43.897
125 18.0245 44.1689
475 18.1092 44.4794
154 18.1926 44.7849
505 18.2733 45.0806
212 18.3461 45.3474
423 18.4351 45.6736
233 18.5342 46.0368
57 18.5342 46.0368
949 19.1073 46.1864
123 19.6648 46.3319
841 20.6491 46.5888
891 23.5549 47.3473
679 23.6924 47.3832
797 23.8091 47.4136
758 23.9362 47.4468
403 24.0716 47.4821
37 24.2079 47.5177
535 24.3447 47.5534
664 24.4802 47.5888
706 24.6172 47.6245
397 24.7369 47.6558
414 24.8655 47.6893
913 24.9919 47.7223
603 25.1182 47.7553
619 25.2353 47.7858
11 25.3493 47.8156
302 25.4718 47.8476
748 25.5895 47.8783
543 25.7058 47.9087
413 25.8275 47.9404
324 25.9455 47.9712
269 26.067 48.0029
507 26.1778 48.0318
908 29.2417 48.0649
493 32.4525 48.0995
38 32.4984 48.0988
756 32.5458 48.0981
49 32.5957 48.0974
566 32.6442 48.0966
461 32.6904 48.0959
370 32.7356 48.0952
30 32.7818 48.0945
655 32.8206 48.0939
510 33.1988 48.0881
388 33.6048 48.0819
633 34.0411 48.0752
508 34.7308 48.0646
438 35.4591 48.0535
69 36.7325 48.0339
922 36.8178 48.0326
790 36.9109 48.0312
522 37.0017 48.0298
783 37.0886 48.0285
989 37.1855 48.027
147 37.2783 48.0256
237 37.3781 48.024
945 37.4835 48.0224
597 37.5738 48.021
876 37.5738 48.021
155 37.5738 48.021
843 37.5738 48.021
848 37.2 47.2385
917 36.8027 46.4069
356 36.4312 45.6292
862 36.0579 44.8478
687 35.6862 44.0697
778 35.3434 43.3521
194 34.9577 42.5447
7 34.4798 41.5444
692 34.0186 40.579
529 33.5498 39.5977
612 33.1171 38.6918
151 32.7732 37.9719
869 32.4182 37.2289
811 32.0965 36.5554
221 31.7571 35.8448
549 31.4875 35.2804
787 31.2187 34.7178
486 30.9744 34.2062
191 30.7409 33.7174
834 30.4993 33.2115
943 30.2531 32.6962
704 38.5033 27.6203
586 38.7261 27.632
379 38.9247 27.6424
709 39.1146 27.6524
626 39.3355 27.664
337 39.598 27.6778
111 39.8449 27.6907
934 40.1019 27.7042
883 40.3447 27.717
419 40.6164 27.7312
257 40.8009 27.7409
467 40.9947 27.7511
935 41.1927 27.7615
480 41.3748 27.7711
853 42.3926 27.8245
160 43.5055 27.8829
873 44.9911 27.961
261 46.1114 28.0198
421 47.6725 28.1017
289 49.4715 28.1962
865 51.5569 28.3057
785 53.8242 28.4248
295 56.4282 28.5615
598 57.2598 28.6051
250 57.2194 28.7639
24 57.1867 28.8927
43 56.3852 32.0458
63 56.0868 33.2195
6 56.0166 33.4954
164 55.9365 33.8106
821 55.8487 34.1558
831 55.7603 34.5036
781 55.6542 34.9208
55 55.5497 35.3319
555 55.438 35.7714
209 55.3137 36.2602
844 55.1749 36.8062
19 55.0522 37.2887
906 54.9236 37.7945
358 54.8101 38.2408
45 54.6921 38.7048
314 54.5647 39.2061
828 54.4378 39.7051
342 54.287 40.2981
276 54.5757 40.2259
472 54.8979 40.1454
870 55.3225 40.0393
492 55.7436 39.9341
355 56.2933 39.7968
197 56.7955 39.6713
751 57.4255 39.5139
27 58.0606 39.3552
594 58.6846 39.1993
681 59.323 39.0398
458 60.0243 38.8645
634 60.7718 38.6778
66 61.5204 38.4907
675 62.9266 38.1394
930 64.2719 37.8032
377 66.5603 37.2314
592 72.9503 35.6345
590 76.1663 34.8308
33 76.1663 34.8308
670 76.1663 34.8308
835 76.1663 34.8308
195 76.1663 34.8308
29 76.5994 34.2542
609 77.1468 33.5253
274 77.9231 32.4917
745 78.8709 31.2298
520 80.7496 28.7281
98 83.5838 24.9542
345 84.7366 21.6285
627 85.4623 19.535
243 85.9039 18.2609
483 86.1684 17.4977
260 85.9812 17.5736
979 84.1995 18.2964
