0,483,260,979,243,520,345,627,98,33,590,295,598,24,592,358,45,314,43,906,978,606,675,930,828,70,357,66,553,143,190,286,644,485,967,852,767,538,650,941,420,656,583,188,293,117,102,668,762,842,942,68,926,850,900,595,334,932,920,670,425,323,745,274,466,609,29,232,195,835,884,136,242,198,107,497,170,838,951,387,977,506,204,684,450,528,25,311,660,372,685,889,322,473,725,928,893,494,318,135,983,149,159,42,864,273,845,622,820,823,567,620,580,813,465,854,666,158,992,367,952,126,817,185,202,584,344,62,896,118,177,369,940,690,259,536,408,713,774,389,882,511,434,23,624,911,541,559,5,618,961,980,53,866,448,165,105,532,343,313,245,415,449,305,755,561,193,763,814,918,394,707,146,569,239,96,548,746,129,2,309,230,795,530,72,564,416,215,206,437,12,737,40,179,659,406,880,208,335,94,801,671,931,18,921,280,895,816,460,642,947,575,937,297,378,887,636,140,754,320,851,145,317,861,251,544,353,464,52,856,71,477,818,285,984,740,742,648,481,152,340,775,962,173,51,290,744,867,67,579,201,83,837,832,417,385,332,395,647,383,654,975,315,110,393,509,727,904,440,907,468,847,800,229,216,857,91,769,453,987,432,515,782,109,582,617,9,112,605,964,282,396,186,625,35,810,498,968,577,798,238,478,161,716,63,452,101,84,743,623,875,262,180,923,281,210,217,30,512,264,237,85,471,732,127,929,765,533,791,645,104,809,912,576,558,683,596,855,804,54,410,779,291,676,519,793,632,225,134,235,523,270,802,292,807,226,976,350,189,840,82,248,826,513,319,986,649,294,724,562,563,872,171,484,144,124,689,806,454,878,56,894,715,540,910,252,459,308,635,730,591,662,574,789,80,175,587,720,901,729,571,919,223,614,167,241,256,537,326,490,927,886,443,888,360,611,44,833,610,631,456,430,409,28,651,20,521,22,150,231,15,697,776,768,712,441,753,462,871,608,36,786,50,115,696,392,885,495,469,92,418,808,120,58,368,141,271,773,296,60,424,41,578,428,470,638,954,181,76,253,761,960,752,672,516,172,156,539,375,974,613,874,738,766,265,877,139,73,593,183,695,693,138,933,304,306,714,750,444,982,263,386,236,830,568,199,435,213,969,380,585,988,868,90,719,446,300,944,953,426,547,106,678,711,95,240,447,436,780,955,153,892,247,249,17,491,401,169,736,546,48,803,108,405,699,637,200,39,628,316,364,815,227,905,178,487,914,557,825,827,859,973,916,168,184,399,13,792,757,288,325,718,244,431,16,442,88,1,203,517,301,433,374,570,551,759,75,298,31,500,346,991,277,554,93,939,556,639,445,457,966,224,381,77,667,371,207,429,97,338,376,694,717,272,686,879,728,657,119,321,615,113,560,890,398,427,255,739,860,665,799,925,747,607,734,347,531,234,14,3,527,122,849,166,218,116,652,157,805,100,489,909,47,10,731,341,312,212,863,505,384,46,514,990,182,214,958,328,749,128,283,936,499,154,475,228,148,330,841,698,123,65,331,32,455,572,402,61,646,187,412,963,74,794,898,4,673,86,836,268,133,741,812,211,674,722,881,682,8,258,366,299,348,362,629,710,284,254,702,439,588,488,351,573,310,407,643,669,883,363,518,653,287,246,261,421,289,865,873,586,379,709,626,337,111,934,26,704,612,151,869,811,221,549,787,486,191,834,902,529,829,205,278,943,822,824,307,64,354,661,602,899,641,474,915,700,723,87,476,616,125,121,985,663,78,771,423,797,758,403,37,679,858,496,938,174,373,542,770,142,222,463,534,279,352,196,57,949,233,565,691,391,708,589,303,897,275,524,972,411,760,772,764,336,970,677,482,219,981,703,784,796,948,131,503,162,114,192,400,361,680,266,630,339,550,658,479,220,99,726,950,502,81,701,946,333,501,390,552,604,130,327,839,507,382,924,733,640,956,735,846,422,59,132,329,79,971,526,903,600,601,349,404,545,137,34,163,365,965,359,21,957,705,525,688,788,89,599,451,510,388,633,508,655,664,706,397,414,913,603,619,11,302,748,543,413,324,269,267,908,493,38,756,49,566,461,370,147,535,597,876,155,843,848,917,356,862,687,945,891,621,69,922,790,522,783,989,438,194,778,935,480,853,160,467,844,19,209,692,7,276,342,870,472,355,197,492,785,250,27,594,377,681,458,634,751,257,419,164,821,831,781,55,555,6,103,176,819,504,777,581,959,721,
value : 581.655 running time : 26.809057
0 80 20
483 86.2684 17.5916
260 86.2684 17.5916
979 86.2233 18.1953
243 86.1574 19.0781
520 85.7593 24.4111
345 85.7593 24.4111
627 85.7593 24.4111
98 84.9673 24.7927
33 82.8229 25.8259
590 80.8309 26.7857
295 72.6713 30.7177
598 72.5198 30.9352
24 72.3636 31.1594
592 67.7316 37.8075
358 66.7049 38.9556
45 65.8187 39.9465
314 64.878 40.9984
43 63.9228 42.0665
906 63.0702 43.0199
978 63.0626 43.0285
606 63.0552 43.0367
675 63.0473 43.0455
930 63.0391 43.0547
828 63.0315 43.0632
70 63.024 43.0716
357 63.0165 43.0799
66 63.0089 43.0884
553 63.9778 46.7047
143 64.4889 48.6126
190 65.0026 50.5305
286 65.429 52.1222
644 65.6515 52.9528
485 65.9258 53.9772
967 66.1892 54.9603
852 66.4601 56.2934
767 66.4727 56.3555
538 66.4863 56.4224
650 66.5005 56.492
941 66.5131 56.554
420 66.5261 56.6179
656 66.5384 56.6786
583 66.5505 56.738
188 66.5625 56.7971
293 66.5754 56.8607
117 66.5872 56.9185
102 66.6015 56.9892
668 66.6166 57.0634
762 66.6196 57.0783
842 67.0451 57.1819
942 67.5397 57.3024
68 68.0259 57.4208
926 68.4833 57.5322
850 69.0129 57.6612
900 69.5447 57.7908
595 70.2535 57.0119
334 71.3894 55.7639
932 72.5472 54.4918
920 73.4573 53.4917
670 74.2141 52.6601
425 74.8726 51.9365
323 75.512 51.2338
745 76.1594 51.1142
274 76.6489 51.0237
466 76.988 50.9611
609 77.3597 50.8924
29 77.738 50.8224
232 78.1304 50.7499
195 78.7329 50.6386
835 79.3656 50.5216
884 80.494 52.9383
136 81.2082 54.4679
242 81.9422 56.04
198 82.6447 57.5445
107 83.4243 59.2142
497 84.2231 60.9251
170 84.2506 61.1727
838 84.2786 61.4253
951 84.3092 61.7019
387 84.3936 62.4636
977 84.5383 63.769
506 84.7091 65.3093
204 84.9777 67.7332
684 85.1077 68.9061
450 85.4663 72.1413
528 85.7691 74.8732
25 86.1714 78.5025
311 86.2198 78.9399
660 86.2729 79.4185
372 86.3359 79.9873
685 85.1501 81.7533
889 83.9117 83.5976
322 82.9739 84.9942
473 82.2146 86.125
725 81.4257 87.2998
928 80.6211 88.4982
893 79.7812 88.5154
494 78.9785 88.5319
318 78.2381 88.5472
135 77.9631 88.5528
983 77.7002 88.5582
149 75.1574 88.6106
159 74.6356 88.6213
42 74.0408 88.6336
864 73.6723 88.6412
273 73.2532 88.6498
845 72.953 88.656
622 72.663 88.6619
820 72.4083 88.6672
823 71.9731 88.6761
567 71.5687 88.6845
620 71.2625 88.6908
580 70.9894 88.6964
813 70.0602 88.7155
465 69.0554 88.7362
854 68.0894 88.7561
666 66.9312 88.78
158 65.3665 88.8122
992 62.8778 88.8634
367 60.484 88.9127
952 58.9552 88.9442
126 57.7986 88.968
817 57.564 88.9729
185 57.2399 88.9795
202 56.8853 88.9868
584 56.5416 88.9939
344 56.1855 89.0013
62 55.8644 89.0079
896 55.5723 89.0139
118 55.2935 89.0196
177 55.0139 89.0254
369 54.6747 89.0324
940 54.322 89.0396
690 54.0199 89.0458
259 53.6933 89.0526
536 53.3464 89.0597
408 53.0202 89.0664
713 52.7074 89.0729
774 52.43 89.0786
389 52.132 89.0847
882 51.9241 89.089
511 51.7042 89.0935
434 51.4898 89.098
23 51.2704 89.1025
624 51.0325 89.1074
911 50.7971 89.1122
541 50.1576 89.1254
559 49.582 89.1372
5 49.1616 89.1459
618 48.8194 89.153
961 48.4146 89.1613
980 48.0253 89.1693
53 47.5197 89.1797
866 47.1479 89.1874
448 46.7724 89.1951
165 46.5445 89.1998
105 46.3126 89.2046
532 46.0758 89.2095
343 45.8313 89.2145
313 45.5959 89.2194
245 45.3319 89.2248
415 45.042 89.2308
449 44.7017 89.2378
305 44.4276 89.2434
755 44.1502 89.2491
561 43.8464 89.2554
193 43.5623 89.2613
763 43.2629 89.2674
814 42.9652 89.2736
918 42.6191 89.2807
394 42.5411 89.2823
707 42.461 89.284
146 42.384 89.2855
569 42.3121 89.287
239 42.2411 89.2885
96 42.1556 89.2903
548 42.325 89.204
746 42.5105 89.1096
129 42.6734 89.0266
2 42.8345 88.9446
309 43.0567 88.8315
230 43.2801 88.7178
795 43.5146 88.5984
530 44.0544 88.3236
72 44.4749 88.1095
564 45.2248 87.7278
416 45.8392 87.415
215 46.5375 87.0595
206 47.271 86.6861
437 48.2914 86.1666
12 50.3995 85.0935
737 51.7614 84.4001
40 52.3355 83.987
179 52.921 83.5656
659 53.5007 83.1484
406 54.2704 82.5944
880 55.1641 81.9513
208 56.1386 81.2499
335 56.2967 81.3949
94 56.4395 81.5259
801 56.6037 81.6765
671 56.7518 81.8124
931 56.9099 81.9574
18 57.0523 82.088
921 57.1791 82.2043
280 57.3326 82.3452
895 57.4844 82.4843
816 57.6656 82.6506
460 57.8144 82.7871
642 57.9685 82.9284
947 58.1488 83.0938
575 58.3311 83.261
937 58.5154 83.4301
297 58.6537 83.5569
378 58.7804 83.6732
887 58.9032 83.7858
636 59.0255 83.8981
140 59.1731 84.0335
754 59.3345 84.1815
320 59.4815 84.3163
851 59.9824 84.7757
145 60.4911 85.2424
317 60.915 85.6312
861 61.369 86.0477
251 62.453 87.0419
544 62.453 87.0419
353 62.453 87.0419
464 62.453 87.0419
52 62.453 87.0419
856 62.453 87.0419
71 64.0228 85.2783
477 64.6531 84.5702
818 65.4169 83.712
285 65.7957 83.2864
984 66.3845 82.6249
740 70.5924 77.8977
742 70.5882 77.8688
648 70.5835 77.8376
481 70.538 77.5296
152 70.4899 77.2041
340 70.4511 76.941
775 70.4208 76.7363
962 70.3852 76.4952
173 70.3528 76.2759
51 70.3247 76.0856
290 70.295 75.8849
744 70.2657 75.6863
867 70.2336 75.469
67 70.2023 75.2575
579 70.1776 75.0902
201 70.15 74.9037
83 70.15 74.9037
837 70.15 74.9037
832 70.15 74.9037
417 70.15 74.9037
385 70.15 74.9037
332 70.15 74.9037
395 69.1945 73.9518
647 68.2175 72.9784
383 68.2175 72.9784
654 67.6807 72.6407
975 67.1512 72.3075
315 66.5284 71.9157
110 66.0603 71.6211
393 65.533 71.2894
509 65.0673 70.9964
727 64.6039 70.7048
904 64.0907 70.382
440 63.5199 70.0228
907 63.0192 69.7078
468 62.6035 69.4462
847 62.2922 69.2504
800 61.9519 69.0362
229 61.6098 68.821
216 61.1606 68.5384
857 61.1129 68.5084
91 61.0639 68.4775
769 61.0162 68.4475
453 60.9664 68.4162
987 60.9214 68.3879
432 60.8723 68.357
515 60.823 68.3259
782 60.7728 68.2944
109 60.429 67.7812
582 60.1017 67.2927
617 59.7334 66.743
9 59.4126 66.2642
112 59.0168 65.6735
605 58.591 65.0379
964 58.1214 64.337
282 57.6684 63.6609
396 57.249 63.0349
186 56.8999 62.5138
625 56.641 62.1275
35 56.3765 61.7327
810 56.1142 61.3412
498 55.8368 60.9272
968 55.6146 60.5955
577 55.3716 60.2329
798 55.1418 59.8899
238 54.9356 59.5821
478 54.6819 59.2035
161 52.8733 56.5037
716 50.5627 53.0543
63 50.5627 53.0543
452 50.5627 53.0543
101 50.5627 53.0543
84 50.5627 53.0543
743 50.5627 53.0543
623 50.5627 53.0543
875 50.5627 53.0543
262 50.5627 53.0543
180 50.5627 53.0543
923 50.5627 53.0543
281 50.5627 53.0543
210 50.5627 53.0543
217 50.5627 53.0543
30 47.3157 55.8892
512 47.0281 56.1403
264 46.6987 56.4279
237 46.3967 56.6915
85 46.1467 56.9098
471 45.7317 57.2721
732 45.3521 57.6035
127 45.0008 57.9102
929 44.6261 58.2374
765 44.3497 58.4787
533 44.0916 58.704
791 43.8434 58.9207
645 43.5358 59.1893
104 43.6061 59.1897
809 43.6792 59.1901
912 43.7516 59.1905
576 43.833 59.1909
558 43.9126 59.1913
683 43.9833 59.1917
596 44.0544 59.1921
855 44.1438 59.1926
804 44.2166 59.1929
54 44.2912 59.1933
410 44.3739 59.1938
779 44.4562 59.1942
291 44.5354 59.1946
676 44.6332 59.1952
519 44.7352 59.1957
793 44.244 60.7506
632 42.1145 67.4911
225 41.9446 68.0288
134 41.7792 68.5524
235 41.6183 69.0618
523 41.4393 69.6285
270 41.2486 70.2319
802 41.0917 70.7286
292 40.9447 71.1941
807 40.8752 71.4141
226 40.8142 71.6072
976 40.7529 71.801
350 40.69 72.0002
189 40.6231 72.2119
840 40.5628 72.4029
82 40.5075 72.578
248 40.4543 72.7463
826 40.4009 72.9153
513 40.3494 73.0784
319 40.2917 73.261
986 40.0544 73.196
649 39.7928 73.1243
294 39.5519 73.0583
724 39.29 72.9865
562 39.0549 72.9221
563 38.7908 72.8497
872 38.4586 72.7587
171 38.195 72.6865
484 37.9435 72.6176
144 37.6523 72.5378
124 37.3248 72.448
689 37.0311 72.3675
806 36.7521 72.2911
454 36.4714 72.2142
878 36.2146 72.1438
56 35.9671 72.076
894 35.7242 72.0094
715 35.4576 71.9363
540 35.1963 71.8648
910 34.9017 71.784
252 34.6092 71.7039
459 34.324 71.6257
308 34.0004 71.5371
635 33.686 71.4509
730 33.463 71.3898
591 33.2447 71.33
662 33.0308 71.2714
574 32.7863 71.2044
789 32.5614 71.1428
80 32.364 71.0887
175 32.1334 71.0255
587 31.8648 70.9519
720 31.6302 70.8876
901 31.4178 70.8294
729 31.2382 70.7801
571 30.8106 72.6432
919 30.3347 74.7169
223 30.1659 75.4522
614 30.0075 76.1427
167 29.8416 76.8657
241 29.6939 77.5094
256 29.6015 77.9121
537 29.5214 78.2615
326 29.4349 78.6383
490 29.3482 79.0163
927 29.2781 79.322
886 29.0044 80.5146
443 28.7874 81.4601
888 28.5347 82.5615
360 27.8954 85.3466
611 27.2819 88.0196
44 27.2422 88.1923
833 27.2055 88.3522
610 27.1673 88.5188
631 27.129 88.6854
456 27.0953 88.8322
430 27.0631 88.9725
409 27.0336 89.1011
28 27.0052 89.225
651 26.9776 89.345
20 26.9486 89.4715
521 26.9212 89.5907
22 26.8975 89.6942
150 26.8716 89.8069
231 26.8443 89.9257
15 26.8151 90.0531
697 26.8134 90.0607
776 26.8111 90.0707
768 26.8111 90.0707
712 26.8111 90.0707
441 26.8111 90.0707
753 26.8111 90.0707
462 26.8111 90.0707
871 26.8111 90.0707
608 26.8111 90.0707
36 26.8111 90.0707
786 26.8111 90.0707
50 26.8111 90.0707
115 26.8111 90.0707
696 26.8111 90.0707
392 26.8111 90.0707
885 26.8111 90.0707
495 26.8111 90.0707
469 26.9894 90.0902
92 27.2092 90.1143
418 27.3851 90.1335
808 27.5846 90.1554
120 27.7567 90.1742
58 27.9132 90.1913
368 28.0935 90.2111
141 28.3069 90.2344
271 28.5033 90.2559
773 28.6706 90.2742
296 28.8376 90.2925
60 29.0056 90.3109
424 29.1646 90.3283
41 29.3447 90.348
578 29.5297 90.3682
428 29.842 90.4024
470 30.155 90.4366
638 30.445 90.4684
954 30.729 90.4994
181 31.7512 90.6113
76 32.3503 90.6768
253 33.0306 90.7513
761 33.74 90.8289
960 34.6678 90.9304
752 35.6242 91.0351
672 36.5666 91.1382
516 37.6599 91.2579
172 37.4731 91.2391
156 37.3074 91.2225
539 37.0656 91.1981
375 36.834 91.1748
974 36.5603 91.1473
613 36.2952 91.1206
874 36.0492 91.0959
738 35.4516 91.0358
766 34.8655 90.9768
265 34.0543 90.8952
877 33.0273 90.7919
139 31.8883 90.6773
73 28.4724 90.3337
593 24.9163 89.976
183 22.591 89.742
695 20.5701 89.5387
693 18.6923 89.3498
138 18.5399 89.3345
933 18.4051 89.3209
304 18.2529 89.3056
306 18.1247 89.2927
714 17.7169 89.2517
750 14.5785 88.9361
444 13.3814 88.8157
982 12.4933 88.7264
263 11.6221 88.6388
386 10.9682 88.573
236 10.2619 88.5019
830 9.52963 88.4283
568 9.52295 88.5673
199 9.51658 88.6999
435 9.50996 88.8377
213 9.50452 88.9509
969 9.5025 88.9929
380 9.50029 89.0389
585 9.49827 89.0808
988 9.49618 89.1242
868 9.49619 89.1242
90 9.49619 89.1242
719 9.58052 89.1502
446 9.66419 89.1759
300 9.73683 89.1983
944 9.8189 89.2236
953 9.99667 89.2783
426 10.1679 89.3311
547 10.3532 89.3881
106 10.5516 89.4492
678 10.745 89.5088
711 10.9519 89.5725
95 11.1523 89.6342
240 11.3361 89.6908
447 11.5561 89.7585
436 11.7777 89.8267
780 12.0155 89.9
955 12.2347 89.9675
153 12.4547 90.0352
892 12.7055 90.1125
247 12.986 90.1988
249 13.2748 90.2877
17 13.5117 90.3607
491 13.7341 90.4292
401 13.6942 90.2719
169 13.6587 90.1318
736 13.6275 90.0088
546 13.5958 89.8836
48 13.5689 89.7774
803 13.5428 89.6745
108 13.5156 89.5672
405 13.4904 89.4677
699 13.4614 89.3534
637 13.4338 89.2446
200 13.408 89.1427
39 13.3788 89.0273
628 13.3463 88.8992
316 13.3167 88.7822
364 13.2879 88.6686
815 13.2596 88.5572
227 13.2336 88.4544
905 13.172 88.2113
178 13.1205 88.0081
487 13.1205 88.0081
914 13.1205 88.0081
557 13.1205 88.0081
825 13.1205 88.0081
827 13.1205 88.0081
859 13.3523 87.4896
973 13.5105 87.1358
916 13.7066 86.6973
168 13.9007 86.2631
184 14.0364 85.9596
399 14.1544 85.6956
13 14.2761 85.4235
792 14.4445 85.0469
757 14.6914 84.4946
288 14.8681 84.0994
325 15.0464 83.7008
718 15.23 83.29
244 15.4679 82.7581
431 15.6948 82.2505
16 15.9042 81.7821
442 15.3282 81.3816
88 14.3516 80.7025
1 13.2976 79.9695
203 11.6548 78.827
517 10.1818 77.8026
301 10.1818 77.8026
433 10.1661 77.6556
374 10.151 77.5144
570 10.137 77.3829
551 10.122 77.2421
759 10.1082 77.1127
75 10.0933 76.9736
298 10.0774 76.8242
31 10.0632 76.6914
500 10.0474 76.5429
346 10.0322 76.4003
991 10.0172 76.2596
277 10.0014 76.1114
554 9.98861 75.9916
93 9.97472 75.8615
939 9.65218 72.8358
556 9.64053 72.7267
639 9.62768 72.6061
445 9.61465 72.484
457 9.60256 72.3707
966 9.58877 72.2414
224 9.57672 72.1285
381 9.56348 72.0043
77 9.55068 71.8843
667 9.53943 71.7788
371 9.52764 71.6683
207 9.51687 71.5673
429 9.50576 71.4632
97 9.49329 71.3463
338 9.48115 71.2325
376 9.46892 71.1178
694 9.45798 71.0153
717 9.44636 70.9063
272 9.43532 70.8029
686 9.42448 70.7013
879 9.4135 70.5983
728 9.40339 70.5036
657 9.39179 70.3948
119 9.38001 70.2844
321 9.3697 70.1877
615 9.35828 70.0807
113 9.33361 69.8495
560 9.31006 69.6288
890 9.27289 69.2804
398 9.21509 68.7388
427 9.16137 68.2354
255 9.10304 67.6888
739 9.04946 67.1867
860 9.00122 66.7347
665 8.93262 66.092
799 8.85927 65.4046
925 8.78425 64.7015
747 8.72419 64.1388
607 8.66871 63.619
734 8.5937 62.9161
347 8.51365 62.166
531 8.43704 61.4481
234 8.36628 60.785
14 8.29741 60.1398
3 8.18857 59.1199
527 8.04443 57.7689
122 7.92919 56.6891
849 7.82636 55.7255
166 7.73058 54.8279
218 7.63386 53.9217
116 7.53124 52.96
652 7.44076 52.1121
157 7.36224 51.3764
805 7.29218 50.7199
100 7.21601 50.0062
489 7.13572 49.2538
909 7.05619 48.5086
47 6.97671 47.7638
10 6.88483 46.9027
731 6.82289 46.3223
341 6.76498 45.7797
312 6.70137 45.1836
212 6.64087 44.6167
863 6.58371 44.081
505 6.53071 43.5845
384 6.46424 42.9615
46 6.40252 42.3832
514 6.34331 41.8283
990 6.67679 42.3815
182 7.01393 42.9408
214 7.22257 43.2869
958 7.67963 43.0774
328 8.10697 42.8816
749 8.56991 42.6694
128 9.0496 42.4495
283 9.61032 42.1926
936 10.1193 41.9593
499 10.6788 41.7029
154 11.5923 41.2843
475 12.5627 40.8397
228 12.5627 40.8397
148 12.5627 40.8397
330 12.5627 40.8397
841 12.5627 40.8397
698 12.5627 40.8397
123 12.3449 38.574
65 12.0493 35.5006
331 11.7488 32.3752
32 11.6799 31.6582
455 11.4367 29.1295
572 11.2732 27.4286
402 11.1086 25.7163
61 10.9621 24.1925
646 10.9549 24.1169
187 10.9549 24.1169
412 10.9549 24.1168
963 10.9549 24.1168
74 10.9549 24.1168
794 10.9549 24.1168
898 10.9549 24.1168
4 10.9549 24.1168
673 10.9549 24.1168
86 10.9549 24.1168
836 11.0674 23.088
268 11.196 21.9129
133 11.3492 20.513
741 11.5735 18.4621
812 11.8897 15.5715
211 11.89 15.5717
674 11.8903 15.5718
722 11.8906 15.5719
881 11.8909 15.572
682 11.8912 15.5722
8 11.8916 15.5723
258 11.8919 15.5724
366 11.8922 15.5726
299 11.8925 15.5727
348 11.8928 15.5728
362 11.8932 15.573
629 11.8935 15.5731
710 11.8939 15.5733
284 17.5751 15.6071
254 18.5891 15.6133
702 19.5467 15.6192
439 20.4118 15.6244
588 21.183 15.6292
488 22.8986 15.6396
351 26.387 15.6605
573 28.5642 15.6736
310 29.8986 15.6817
407 30.7713 15.687
643 31.5321 15.6917
669 32.4964 15.6976
883 33.5823 15.7042
363 34.5948 15.7104
518 35.6306 15.7167
653 36.172 17.0354
287 36.5678 17.9994
246 37.1234 19.3527
261 38.1877 21.9453
421 39.0519 24.0504
289 39.1454 24.2784
865 39.2402 24.5091
873 39.2402 24.5091
586 38.6229 24.856
379 38.0584 25.1734
709 37.5316 25.4695
626 37.1044 25.7096
337 36.7125 25.9299
111 36.2625 26.1828
934 35.8069 26.439
26 35.2929 26.7278
704 34.6743 27.0756
612 32.2493 28.4387
151 31.779 28.703
869 31.4422 28.8924
811 31.1211 29.0729
221 30.8349 29.2338
549 30.538 29.4006
787 30.2828 29.5441
486 30.001 29.7025
191 29.7537 29.8415
834 29.4707 30.0005
902 29.137 30.1881
529 28.8492 30.3499
829 28.5464 30.5201
205 28.2816 30.669
278 28.0531 30.7974
943 27.7969 30.9414
822 27.5953 31.0547
824 27.3226 31.208
307 27.0541 31.3589
64 26.7772 31.5146
354 26.2095 31.8337
661 25.6408 32.1534
602 25.618 32.1936
899 25.5963 32.232
641 25.574 32.2713
474 25.5517 32.3109
915 24.7949 33.6478
700 23.5067 35.9234
723 22.8593 37.0672
87 22.337 37.99
476 22.149 38.3221
616 21.9795 38.6216
125 21.8494 38.8515
121 21.7123 39.0937
985 21.5399 39.3982
663 21.3531 39.837
78 21.1843 40.2334
771 21.0125 40.637
423 20.853 41.0115
797 20.6952 41.3821
758 20.5465 41.7313
403 20.4183 42.0323
37 20.2935 42.3256
679 20.1654 42.6264
858 19.6637 43.8049
496 19.2928 44.6757
938 18.9314 45.5246
174 18.6336 46.2241
373 18.3517 46.8861
542 18.1238 47.4212
770 17.9226 47.8938
142 17.6972 48.4231
222 17.4691 48.9588
463 17.2478 49.4785
534 17.0365 49.9748
279 16.8185 50.4867
352 16.6068 50.9841
196 16.3929 51.4863
57 16.2244 51.882
949 16.0667 52.2523
233 15.8817 52.6869
565 15.6983 53.1177
691 15.5316 53.5091
391 15.3724 53.883
708 15.1666 54.3664
589 15.6197 55.4212
303 16.0327 56.3826
897 16.619 57.7475
275 17.0806 58.8222
524 17.2392 59.1913
972 17.3815 59.5224
411 17.5546 59.9255
760 17.6985 60.2605
772 17.8655 60.6492
764 18.0228 61.0152
336 18.1774 61.3752
970 18.3582 61.796
677 18.5227 62.1789
482 18.7292 62.6596
219 18.9148 63.0916
981 19.0938 63.5084
703 19.2784 63.938
784 19.4937 64.4391
796 19.8466 65.2608
948 19.8466 65.2608
131 20.0353 65.3937
503 20.2442 65.5408
162 20.4588 65.692
114 20.6657 65.8376
192 20.8864 65.9931
400 21.1478 66.1772
361 21.407 66.3597
680 21.6452 66.5275
266 21.9155 66.7179
630 22.1425 66.8777
339 22.4242 67.0762
550 22.6702 67.2494
658 22.76 67.1794
479 22.8469 67.1115
220 22.9389 67.0398
99 23.0311 66.9678
726 23.1178 66.9003
950 23.2103 66.8281
502 23.3004 66.7577
81 23.4003 66.6798
701 23.4931 66.6074
946 23.5902 66.5316
333 23.6981 66.4474
501 23.9249 66.2705
390 24.1237 66.1154
552 24.2911 65.9847
604 24.4761 65.8404
130 24.6687 65.6901
327 24.8871 65.5198
839 25.1256 65.3337
507 25.2852 65.2092
382 25.4463 65.0834
924 25.6016 64.9623
733 25.7894 64.8158
640 25.9714 64.6738
956 26.1284 64.5512
735 26.2879 64.4268
846 26.4436 64.3054
422 26.6114 64.1744
59 26.778 64.0444
132 26.9197 63.9339
329 27.0858 63.8043
79 27.2647 63.6647
971 27.4259 63.5389
526 27.5893 63.4114
903 27.7766 63.2653
600 27.9408 63.1372
601 28.1772 62.9527
349 28.4393 62.7482
404 28.7038 62.5418
545 28.9201 62.3731
137 29.1277 62.2111
34 29.3258 62.0566
163 29.5491 61.8824
365 29.6367 61.3816
965 29.7242 60.8817
359 29.8262 60.2991
21 29.9398 59.6502
957 30.1014 58.7264
705 30.2723 57.7504
525 30.4554 56.7041
688 30.532 56.2665
788 30.6029 55.8614
89 30.6888 55.3704
599 30.7644 54.9388
451 30.8623 54.3793
510 31.0755 53.161
388 31.3262 51.7284
633 31.4383 51.0884
508 31.5665 50.3558
655 31.6889 49.6565
664 31.8465 49.6127
706 31.9994 49.5702
397 32.1378 49.5318
414 32.2908 49.4892
913 32.4368 49.4487
603 32.5886 49.4065
619 32.7402 49.3643
11 32.882 49.3249
302 33.0328 49.283
748 33.1837 49.2411
543 33.3281 49.201
413 33.4838 49.1577
324 33.6269 49.1179
269 33.7976 49.0705
267 33.9568 49.0263
908 34.125 48.9795
493 34.3761 48.9097
38 34.6637 48.8298
756 34.9503 48.7501
49 35.3274 48.6453
566 35.6979 48.5424
461 36.0241 48.4517
370 36.3296 48.3668
147 36.6195 48.2862
535 36.9222 48.2022
597 37.5738 48.021
876 37.5738 48.021
155 37.5738 48.021
843 37.5738 48.021
848 37.5633 47.976
917 37.5524 47.9289
356 37.5426 47.8871
862 37.5327 47.8445
687 37.5227 47.8016
945 37.5147 47.767
891 37.5053 47.7264
621 37.4968 47.69
69 37.4741 47.5923
922 37.452 47.4974
790 37.4273 47.3915
522 37.4065 47.3019
783 37.3834 47.2025
989 37.3617 47.1092
438 37.3396 47.0143
194 38.4749 45.7516
778 39.5262 44.5824
935 41.6226 42.2507
480 42.8396 40.8973
853 44.155 39.4342
160 45.4799 37.9608
467 45.4815 37.959
844 45.4832 37.9572
19 45.485 37.9553
209 45.4868 37.9533
692 45.4884 37.9515
7 45.4901 37.9497
276 45.4918 37.9479
342 45.4936 37.946
870 45.4954 37.944
472 45.4972 37.9421
355 45.4992 37.9399
197 45.5009 37.9381
492 45.5027 37.9362
785 46.7603 36.5862
250 47.5805 35.7058
27 48.3501 34.8797
594 48.9148 34.2735
377 49.4113 33.7405
681 49.8401 33.2802
458 50.2621 32.8272
634 50.6971 32.3602
751 51.1062 31.9211
257 51.4838 31.5157
419 52.9172 29.9771
164 53.9183 28.9024
821 54.9524 27.7924
831 55.8078 26.8741
781 56.5555 26.0714
55 57.3829 25.1833
555 58.3785 24.1144
6 60.3741 21.9723
103 66.2874 15.6247
176 66.8777 15.8131
819 67.473 16.0031
504 68.1198 16.2094
777 68.7215 16.4015
581 69.5288 16.659
959 70.5121 16.9728
721 73.4628 17.9143
