0,721,103,55,176,777,598,819,295,504,24,43,466,358,930,821,29,45,323,716,751,828,942,143,314,357,70,538,85,675,286,668,987,238,798,293,396,216,625,968,440,84,173,900,340,595,190,941,485,842,102,67,420,656,110,68,201,852,152,767,920,553,583,975,847,579,83,837,383,18,727,867,71,904,478,393,509,744,515,582,617,208,762,907,468,647,654,962,650,290,460,51,880,921,259,769,857,112,832,378,9,297,937,481,319,193,887,245,395,280,140,659,632,317,984,335,415,12,369,40,774,202,618,567,814,636,816,536,406,343,861,516,952,144,394,642,124,894,484,350,252,683,558,226,807,215,562,755,82,940,94,986,540,575,800,91,605,179,109,671,801,564,523,782,561,530,432,229,513,126,294,895,826,976,453,802,315,282,404,855,676,471,291,235,163,171,225,563,270,54,596,779,804,459,743,964,498,793,501,134,715,910,365,104,621,56,80,410,175,929,269,778,237,765,922,533,127,147,923,89,342,180,576,945,810,522,281,843,186,35,188,577,117,870,623,262,519,791,597,161,101,492,644,512,875,210,785,606,906,681,594,959,831,6,581,781,555,865,467,934,419,164,250,26,834,160,709,586,518,883,310,407,351,287,653,669,8,254,363,488,881,812,331,646,187,722,366,963,674,682,588,61,362,412,211,629,348,898,133,710,741,958,402,74,4,86,985,673,514,299,455,384,794,258,572,661,268,46,87,990,65,283,423,125,655,858,797,771,836,10,723,824,32,641,902,787,549,388,612,811,221,7,529,151,438,78,403,679,205,862,486,915,278,602,64,704,284,121,702,354,439,474,943,899,307,626,337,246,261,111,573,643,379,917,869,822,935,197,853,155,194,848,790,209,377,458,66,276,566,27,844,19,356,873,355,289,634,452,217,472,69,63,978,687,191,257,38,692,508,421,480,989,732,264,809,30,876,783,543,913,619,748,302,413,510,688,461,370,49,397,11,706,414,525,664,148,829,616,475,535,700,758,37,841,476,496,174,949,663,382,633,846,601,756,733,324,891,391,957,507,603,79,267,132,897,545,640,34,735,275,908,956,142,233,131,272,482,502,329,981,336,965,451,571,878,645,137,729,938,764,691,390,720,901,59,349,308,788,493,839,971,903,912,919,591,730,614,662,21,339,479,326,487,635,724,574,537,604,296,526,757,658,888,578,649,416,73,120,241,428,150,22,418,333,253,41,761,256,60,437,773,918,954,167,806,189,2,244,249,753,696,58,490,795,833,695,183,456,306,247,48,93,973,521,885,360,15,436,886,550,88,780,16,608,789,266,946,600,859,689,697,872,454,76,223,359,361,196,327,500,552,950,924,587,429,398,113,431,796,443,184,726,220,927,400,524,860,411,701,346,168,99,599,747,119,3,925,909,303,772,677,542,422,279,182,705,565,698,534,863,312,770,489,228,330,708,527,100,352,505,157,749,212,463,849,652,731,972,373,499,116,122,341,123,57,218,128,328,154,47,936,214,805,703,222,589,879,255,739,630,130,162,966,784,77,665,234,277,694,445,680,347,166,970,192,376,219,114,531,81,760,657,338,948,381,717,799,31,560,374,628,546,321,639,97,427,939,371,517,207,728,14,667,830,734,607,495,399,551,547,955,401,153,615,969,75,759,169,991,678,503,686,298,90,556,890,426,719,637,554,570,444,944,203,224,433,178,457,288,905,300,557,240,982,892,469,718,815,953,200,825,424,916,316,236,301,106,325,699,108,95,115,568,803,364,442,17,138,1,380,446,693,736,792,405,368,13,386,263,199,304,868,711,447,988,585,914,39,213,827,462,435,750,491,227,50,768,430,409,631,776,714,610,28,752,231,441,470,309,613,651,712,141,933,871,44,593,36,786,20,611,808,96,960,961,146,206,248,449,271,265,548,874,53,139,713,766,448,181,738,707,569,672,92,230,72,877,392,292,840,638,172,129,974,239,539,320,62,559,313,434,389,763,5,541,532,896,408,305,947,746,344,624,882,375,511,866,105,177,911,851,165,156,980,367,856,737,23,118,251,353,584,318,544,285,690,845,42,622,477,754,931,273,52,185,145,992,464,817,928,893,983,149,580,813,135,648,864,620,494,823,854,666,820,775,465,159,158,818,332,417,450,685,473,725,889,322,742,528,660,740,311,372,204,25,334,387,977,385,967,684,932,198,170,506,951,838,884,107,497,242,850,835,136,592,195,232,926,670,609,745,274,425,33,520,590,98,243,483,345,627,979,260,
value : 600.077 running time : 25.788662
0 80 20
721 72.7081 16.782
103 68.3708 14.8678
55 65.9004 23.6802
176 65.9004 23.6802
777 65.7923 24.3351
598 65.6198 25.3808
819 65.4446 26.4424
295 65.2745 27.4737
504 65.0848 28.623
24 64.809 30.295
43 64.1933 34.0265
466 63.9337 35.5996
358 63.7848 36.5021
930 63.6358 37.4051
821 63.4966 38.2491
29 63.3323 39.2447
45 62.8796 39.9681
323 62.4242 40.6956
716 61.8967 41.5384
751 61.8967 41.5384
828 61.8671 43.0432
942 61.7897 46.9759
143 61.7763 47.6583
314 61.7632 48.3249
357 61.7467 49.1615
70 61.7283 50.0946
538 61.7106 50.9975
85 61.696 51.7379
675 61.6824 52.4277
286 61.6061 56.3067
668 61.5395 59.6897
987 61.5001 61.6921
238 61.5001 61.6921
798 61.5001 61.6921
293 61.6633 61.6331
396 61.8169 61.5776
216 61.9582 61.5266
625 62.2945 61.4051
968 62.621 61.2872
440 63.1848 61.0835
84 63.763 60.8747
173 64.5087 60.6053
900 65.3123 60.3151
340 65.5759 60.2199
595 65.8717 60.1131
190 66.177 60.0028
941 66.4719 59.8963
485 66.7425 59.7986
842 67.0303 59.6946
102 67.3107 59.5933
67 67.5767 59.4973
420 67.8883 59.3847
656 68.1912 59.2753
110 68.4723 59.1738
68 68.7471 59.0746
201 69.0507 58.9649
852 69.3249 58.8659
152 69.5841 58.7723
767 69.8462 58.6776
920 70.1257 58.5767
553 69.6423 59.656
583 68.9523 61.1963
975 67.9984 63.3259
847 67.2001 65.1081
579 66.7297 66.1583
83 66.3095 67.0964
837 66.3095 67.0964
383 66.3095 67.0964
18 65.6208 68.0131
727 65.3864 68.3251
867 65.1554 68.6326
71 64.9073 68.9628
904 64.7066 69.2301
478 64.5163 69.4834
393 64.3002 69.771
509 64.0802 70.0638
744 63.8784 70.3325
515 63.6842 70.591
582 63.4603 70.889
617 63.2755 71.135
208 63.1109 71.3541
762 62.9529 71.5644
907 62.793 71.7773
468 62.5827 72.0572
647 62.3934 72.3092
654 62.1804 72.5928
962 61.9752 72.8659
650 61.7643 73.1466
290 61.4384 73.5804
460 61.0932 74.0398
51 60.7772 74.4605
880 60.417 74.94
921 60.1939 75.2369
259 59.9816 75.5195
769 59.831 75.7199
857 59.6758 75.9265
112 59.5261 76.1259
832 59.3727 76.3299
378 59.2177 76.5364
9 59.0657 76.7386
297 58.915 76.9393
937 58.7674 77.1357
481 58.1305 77.9836
319 56.9638 79.5365
193 56.7831 79.7771
887 56.7023 79.8848
245 56.6208 79.9932
395 56.5449 80.0943
280 56.4664 80.1987
140 56.3866 80.305
659 56.309 80.4083
632 56.2473 80.4905
317 56.1758 80.5856
984 56.1029 80.6827
335 55.6658 80.6848
415 55.2375 80.6869
12 54.8185 80.6889
369 54.3855 80.691
40 53.9376 80.6932
774 53.4937 80.6954
202 53.4395 80.6957
618 53.3758 80.696
567 53.3145 80.6963
814 53.0588 80.6977
636 52.8426 80.6988
816 52.6395 80.6999
536 52.3882 80.7012
406 52.1554 80.7024
343 51.9129 80.7037
861 51.8297 80.7041
516 51.7399 80.7046
952 51.3283 80.5475
144 48.062 79.301
394 45.6804 78.3921
642 44.6043 77.9815
124 43.3361 77.4975
894 44.0106 77.1912
484 44.6445 76.9033
350 45.2345 76.6354
252 45.8216 76.3688
683 46.7655 75.9401
558 47.9889 75.4263
226 48.0706 75.4273
807 48.1821 75.4285
215 48.2931 75.4298
562 48.4101 75.4312
755 48.5248 75.4325
82 48.6391 75.4338
940 48.7577 75.4351
94 48.8737 75.4365
986 48.9846 75.4377
540 49.0953 75.439
575 49.2294 75.4405
800 49.3194 75.4416
91 49.4083 75.4426
605 49.5047 75.4437
179 49.5957 75.4447
109 49.6878 75.4458
671 49.7852 75.4469
801 49.8845 75.448
564 49.6734 75.1904
523 49.4727 74.9454
782 49.3073 74.7435
561 49.1311 74.5285
530 48.9602 74.32
432 48.779 74.0988
229 48.5946 73.8737
513 48.3739 73.6044
126 48.1711 73.3569
294 47.9438 73.0794
895 47.728 72.8161
826 47.5021 72.5404
976 47.2613 72.2465
453 47.0312 71.9656
802 46.8135 71.7
315 46.591 71.4285
282 46.2525 71.0153
404 45.9514 70.6479
855 45.6981 70.3387
676 45.4237 70.0039
471 45.1531 69.6735
291 45.1531 69.6735
235 45.1531 69.6735
163 45.1531 69.6735
171 45.1531 69.6735
225 45.1531 69.6735
563 45.1531 69.6735
270 45.1531 69.6735
54 45.0223 68.9037
596 44.9159 68.2775
779 44.8176 67.6993
804 44.7126 67.0812
459 44.619 66.5307
743 44.5263 65.9849
964 44.4291 65.4133
498 44.3451 65.0377
793 44.2736 64.7187
501 39.6847 62.7544
134 39.7696 62.486
715 39.8649 62.1848
910 39.9579 61.8909
365 40.0622 61.5611
104 40.1699 61.2208
621 40.2792 60.8752
56 40.3747 60.5735
80 40.4735 60.261
410 40.6451 59.7186
175 40.8129 59.1884
929 41.0014 58.5926
269 41.1891 57.9992
778 41.4959 57.785
237 41.8065 57.5682
765 42.1126 57.3544
922 42.4343 57.1298
533 42.7625 56.9007
127 43.107 56.6602
147 43.4418 56.4264
923 43.8627 56.1325
89 44.2061 55.8927
342 44.9522 55.3718
180 45.5965 54.9219
576 46.2514 54.4646
945 47.1534 53.8348
810 47.9594 53.2721
522 48.3524 52.9976
281 48.8018 52.6839
843 49.2952 52.3394
186 49.756 52.0177
35 50.2104 51.7005
188 50.6564 51.3891
577 51.1005 51.079
117 51.5982 50.7315
870 51.5982 50.7315
623 51.5982 50.7315
262 51.5982 50.7315
519 51.5982 50.7315
791 51.5982 50.7315
597 51.6269 50.4916
161 51.6553 50.2536
101 51.7403 49.5422
492 51.8293 48.7966
644 51.9141 48.0869
512 51.9727 47.5967
875 52.0377 47.0525
210 52.0985 46.5437
785 52.5187 43.0253
606 52.5187 43.0253
906 52.5282 40.3607
681 52.5387 37.4196
594 52.5474 34.9947
959 52.5706 28.4599
831 52.575 27.2191
6 52.5796 25.9438
581 52.5845 24.5505
781 51.9904 24.2965
555 50.8649 23.8152
865 49.7426 23.3353
467 48.5241 22.8143
934 47.6421 22.4372
419 46.8471 22.0972
164 45.9643 21.7198
250 44.9716 21.2953
26 43.5813 20.7008
834 42.438 20.212
160 41.4037 19.7698
709 40.3524 19.3203
586 40.3524 19.3203
518 37.5663 16.7781
883 36.8485 16.7211
310 36.1572 16.6663
407 35.4303 16.6086
351 34.7023 16.5508
287 34.0401 16.4982
653 33.3817 16.446
669 30.0831 16.1842
8 27.1698 15.953
254 25.8837 15.8509
363 24.8525 15.769
488 19.213 15.3214
881 15.0398 14.9901
812 13.0042 14.8286
331 12.8967 15.3484
646 12.8109 15.763
187 12.7225 16.19
722 12.7225 16.19
366 12.7049 16.5342
963 12.687 16.8854
674 12.6719 17.1806
682 12.6563 17.4853
588 12.6404 17.7979
61 12.6245 18.1076
362 12.6078 18.4352
412 12.5913 18.758
211 12.5755 19.066
629 12.5582 19.4045
348 12.4062 22.3762
898 12.1738 26.9208
133 12.3982 27.3607
710 12.6168 27.7894
741 12.8336 28.2143
958 13.0531 28.6449
402 13.0531 28.6449
74 13.0531 28.6449
4 13.0531 28.6449
86 13.0531 28.6449
985 13.2133 28.8951
673 13.3578 29.121
514 13.5083 29.3561
299 13.6751 29.6166
455 13.8489 29.8883
384 14.0575 30.2142
794 14.1288 30.3256
258 14.2886 30.5754
572 14.6781 31.1841
661 15.0947 31.8352
268 15.5558 32.5557
46 16.0507 33.3292
87 16.4675 33.9807
990 16.9124 34.676
65 17.3225 35.317
283 17.7368 35.9646
423 18.1783 36.6545
125 18.5979 37.3103
655 19.0498 38.0166
858 19.4861 38.6985
797 19.892 38.1986
771 20.359 37.6233
836 20.9016 36.955
10 21.3419 36.4128
723 21.8592 35.7757
824 22.4839 35.0064
32 22.8713 34.5292
641 23.3372 33.9554
902 23.7711 33.421
787 23.9895 33.5528
549 24.1965 33.6777
388 24.4011 33.8011
612 24.5873 33.9134
811 24.785 34.0327
221 24.9669 34.1425
7 25.172 34.2662
529 25.3289 34.3609
151 25.4892 34.4576
438 25.6441 34.551
78 25.7923 34.6404
403 25.9549 34.7385
679 27.6093 34.753
205 29.1501 34.7664
862 31.3627 34.7857
486 31.0231 33.0109
915 30.7163 31.4072
278 30.4787 30.1655
602 30.2204 28.8154
64 29.9841 27.5803
704 29.7812 26.5199
284 29.7812 26.5199
121 29.7812 26.5199
702 29.7812 26.5199
354 29.7812 26.5199
439 29.7812 26.5199
474 29.7812 26.5199
943 29.9689 26.5403
899 30.2462 26.5703
307 30.5511 26.6033
626 30.843 26.635
337 31.1354 26.6666
246 31.388 26.694
261 31.6822 26.7259
111 31.9189 26.7515
573 32.1475 26.7763
643 32.2022 26.8176
379 34.73 28.7278
917 37.0911 30.512
869 37.7058 30.9765
822 38.7043 31.731
935 40.2233 32.8789
197 41.4375 33.7965
853 42.2927 34.4428
155 43.2925 35.1983
194 44.0802 35.7936
848 44.618 36.1999
790 45.0795 36.5488
209 45.572 36.9209
377 46.1505 37.358
458 46.1505 37.358
66 46.1505 37.358
276 46.1505 37.358
566 46.1505 37.358
27 46.1505 37.358
844 46.1505 37.358
19 46.1505 37.358
356 46.1505 37.358
873 46.1505 37.358
355 46.2436 37.7111
289 46.327 38.0278
634 46.4863 38.6316
452 46.4863 38.6316
217 46.4863 38.6316
472 46.4863 38.6316
69 46.4863 38.6316
63 46.4863 38.6316
978 46.4863 38.6316
687 43.6561 42.1487
191 43.2058 42.7083
257 42.6017 43.4592
38 41.8715 44.3667
692 41.5641 44.7488
508 41.2275 45.1671
421 40.9827 45.4713
480 40.1572 46.4974
989 39.2377 47.6401
732 38.2426 48.8768
264 38.1811 48.8574
809 37.7073 48.7082
30 37.2308 48.5582
876 36.7148 48.3957
783 36.2117 48.2373
543 35.7108 48.0796
913 35.3023 47.951
619 34.8999 47.8243
748 34.4957 47.697
302 34.1042 47.5737
413 33.7167 47.4517
510 33.3336 47.3311
688 32.983 47.2207
461 32.6459 47.1146
370 32.2551 46.9915
49 31.4295 46.7316
397 30.5092 46.4418
11 29.7114 46.1906
706 28.9765 45.9593
414 28.1629 45.7031
525 27.347 45.4462
664 26.5178 45.1851
148 25.6473 44.911
829 24.9078 44.6782
616 23.7013 45.8762
475 23.7013 45.8762
535 23.7013 45.8762
700 23.7013 45.8762
758 23.1735 47.1446
37 22.7247 48.2231
841 22.1866 49.5164
476 22.2394 49.9753
496 22.2989 50.493
174 22.3602 51.0266
949 22.4204 51.5501
663 22.4862 52.1228
382 22.5705 52.8552
633 22.6305 53.3775
846 22.7024 54.0031
601 22.7594 54.499
756 22.7915 54.7783
733 22.8262 55.0796
324 22.8575 55.3522
891 22.8905 55.639
391 22.9234 55.9253
957 22.961 56.252
507 22.995 56.5482
603 23.027 56.8258
79 23.0633 57.142
267 23.099 57.4525
132 23.1345 57.7615
897 23.1655 58.0311
545 23.1968 58.3028
640 23.2305 58.5962
34 23.2631 58.8796
735 23.296 59.166
275 23.3318 59.4773
908 23.3582 59.707
956 23.3934 60.0129
142 23.4292 60.3248
233 23.4713 60.691
131 23.5143 61.0645
272 23.8478 62.3771
482 23.9594 62.8168
502 24.0617 63.2202
329 24.0626 63.2237
981 24.0635 63.2274
336 24.0645 63.2313
965 24.0879 63.3234
451 24.1094 63.4082
571 24.1323 63.4983
878 24.1532 63.581
645 24.1702 63.648
137 24.188 63.718
729 24.2058 63.788
938 24.2234 63.8577
764 24.2423 63.9322
691 24.2607 64.0045
390 24.28 64.0807
720 24.2987 64.1543
901 24.3175 64.2284
59 24.3364 64.3028
349 24.3564 64.3816
308 24.3749 64.4546
788 24.3926 64.5242
493 24.4103 64.5942
839 24.4277 64.6628
971 24.4466 64.7369
903 24.4642 64.8063
912 24.4819 64.8762
919 27.0393 74.9241
591 27.1149 75.2212
730 27.1973 75.5444
614 27.2809 75.8727
662 27.355 76.1636
21 27.4268 76.4456
339 27.5069 76.7598
479 27.5873 77.0755
326 27.6717 77.4068
487 27.7573 77.743
635 27.8424 78.0769
724 27.9331 78.433
574 28.0265 78.7996
537 28.1272 79.1951
604 28.2311 79.6027
296 28.3396 80.0286
526 28.4365 80.4092
757 28.5612 80.8986
658 28.68 81.3653
888 28.8092 81.8726
578 28.9659 82.4878
649 29.1286 83.1264
416 29.2896 83.7583
73 29.2896 83.7583
120 29.2896 83.7583
241 29.2896 83.7583
428 29.2896 83.7583
150 29.2896 83.7583
22 29.2896 83.7583
418 29.1226 83.8499
333 28.9679 83.9348
253 28.8131 84.0197
41 28.6577 84.105
761 28.5036 84.1896
256 28.3626 84.267
60 28.2073 84.3522
437 28.052 84.4374
773 27.7973 84.5772
918 27.5491 84.7134
954 27.3183 84.8401
167 27.0738 84.9743
806 26.8399 85.1027
189 26.5896 85.24
2 26.2825 85.4086
244 25.9281 85.6031
249 25.6109 85.7772
753 25.3029 85.9462
696 25.0416 86.0897
58 24.7789 86.2338
490 24.5241 86.3737
795 24.255 86.5214
833 23.9715 86.6769
695 23.7011 86.8253
183 23.4312 86.9735
456 23.1652 87.1194
306 22.9121 87.2584
247 22.6681 87.3923
48 22.6681 87.3923
93 22.6681 87.3923
973 22.6681 87.3923
521 22.6681 87.3923
885 22.6429 87.3299
360 22.6189 87.2708
15 22.5979 87.2189
436 19.8926 80.5366
886 19.9143 80.3656
550 19.9357 80.1974
88 19.9556 80.0411
780 19.9763 79.8785
16 19.9969 79.7164
608 20.0177 79.553
789 20.0406 79.3728
266 20.0616 79.2079
946 20.0807 79.0572
600 20.1002 78.9041
859 20.117 78.7716
689 20.4548 76.1305
697 20.4548 76.1305
872 20.4548 76.1305
454 20.4548 76.1305
76 20.4548 76.1305
223 20.5516 75.2267
359 21.0004 71.0195
361 20.3319 70.4503
196 19.7197 69.9292
327 19.6198 69.8442
500 19.5109 69.7515
552 19.4081 69.664
950 19.3059 69.577
924 19.1998 69.4867
587 19.0975 69.3996
429 18.9902 69.3083
398 18.8872 69.2206
113 18.7847 69.1333
431 18.6847 69.0482
796 18.5585 68.9408
443 18.4397 68.8397
184 18.3124 68.7313
726 18.1784 68.6172
220 18.0432 68.5022
927 17.9079 68.387
400 17.7649 68.2653
524 17.6267 68.1476
860 17.4896 68.0309
411 17.2402 67.6862
701 16.991 67.3418
346 16.7169 66.9628
168 16.4497 66.5935
99 16.0487 66.0392
599 15.5163 65.3032
747 14.6633 64.1233
119 13.9579 63.1481
3 13.1845 62.0788
925 12.3892 60.9789
909 11.7411 60.0829
303 11.7223 60.0569
772 11.7047 60.0326
677 11.6846 60.0049
542 11.6638 59.9761
422 11.6456 59.951
279 11.6264 59.9244
182 11.6075 59.8983
705 11.5904 59.8747
565 10.374 58.1925
698 9.09381 56.4221
534 7.56816 54.3122
863 6.15469 52.3574
312 5.85338 51.9406
770 5.58323 51.567
489 5.33056 51.2175
228 5.05818 50.8408
330 5.05818 50.8408
708 5.05818 50.8408
527 5.05818 50.8408
100 5.05818 50.8408
352 5.05818 50.8408
505 5.05818 50.8408
157 5.05818 50.8408
749 5.05818 50.8408
212 5.05818 50.8408
463 5.05818 50.8408
849 5.05818 50.8408
652 5.05818 50.8408
731 5.05818 50.8408
972 5.05818 50.8408
373 5.05818 50.8408
499 5.05818 50.8408
116 5.05818 50.8408
122 5.05818 50.8408
341 5.05818 50.8407
123 5.05818 50.8407
57 5.05818 50.8407
218 5.05818 50.8407
128 5.05818 50.8407
328 5.05818 50.8407
154 5.17823 51.6736
47 5.30458 52.5503
936 5.42257 53.3686
214 5.54421 54.2123
805 5.66487 55.0493
703 5.79475 55.9502
222 5.90241 56.6969
589 6.06061 57.7943
879 6.2139 58.8577
255 6.31914 59.5876
739 6.41889 60.2794
630 6.51272 60.9301
130 6.59364 61.4914
162 6.66558 61.9903
966 6.71224 62.3139
784 6.75858 62.6353
77 6.80642 62.9671
665 6.85469 63.3019
234 6.8986 63.6064
277 6.94712 63.943
694 6.99283 64.2601
445 7.03729 64.5684
680 7.08144 64.8746
347 7.11998 65.1418
166 7.16032 65.4216
970 7.22091 65.8419
192 7.27751 66.2344
376 7.33414 66.6272
219 7.39209 67.0292
114 7.44899 67.4238
531 7.50509 67.8128
81 7.57315 68.2849
760 7.63504 68.7142
657 7.70703 69.2136
338 7.77409 69.6788
948 7.84062 70.1403
381 7.90491 70.5861
717 7.97123 71.0461
799 8.04512 71.5587
31 8.12911 72.1416
560 8.19652 72.6092
374 8.25363 73.0053
628 8.31584 73.437
546 8.33126 73.5439
321 8.3462 73.6475
639 8.36089 73.7493
97 8.37617 73.8553
427 8.39189 73.9643
939 8.40766 74.0736
371 8.44756 74.3504
517 8.4904 74.6477
207 8.5342 74.9516
728 8.57817 75.2566
14 8.61824 75.5346
667 8.66419 75.8534
830 8.71253 76.1888
734 8.75427 76.4783
607 8.84645 77.118
495 8.95378 77.863
399 9.02477 78.3557
551 9.08895 78.801
547 9.15727 79.2753
955 9.21381 79.6676
401 9.27211 80.0722
153 9.3263 80.4482
615 9.37623 80.7947
969 9.42971 81.1659
75 9.4533 81.3296
759 9.47849 81.5043
169 9.50426 81.6832
991 9.52797 81.8477
678 9.55396 82.0281
503 9.55396 82.0281
686 9.55396 82.0281
298 9.5628 82.0728
90 9.57156 82.1172
556 9.57988 82.1593
890 9.58842 82.2026
426 9.59737 82.2479
719 9.60623 82.2927
637 9.61453 82.3348
554 9.62234 82.3743
570 9.63063 82.4163
444 9.63913 82.4593
944 9.6471 82.4997
203 9.65515 82.5405
224 9.66269 82.5787
433 9.76987 83.1211
178 9.88284 83.6927
457 9.99538 84.2623
288 10.1173 84.879
905 10.1457 85.0231
300 10.1758 85.1753
557 10.2066 85.3311
240 10.2349 85.4748
982 10.2657 85.6305
892 10.2952 85.7797
469 10.325 85.9309
718 10.3554 86.0846
815 10.3853 86.2362
953 10.4155 86.389
200 10.4449 86.538
825 10.4699 86.6643
424 10.5018 86.826
916 10.4981 86.9257
316 10.4943 87.028
236 10.4903 87.1355
301 10.4866 87.2345
106 10.4828 87.3361
325 10.4796 87.4216
699 10.476 87.519
108 10.4724 87.6167
95 10.4688 87.7135
115 10.465 87.8158
568 10.4613 87.9129
803 10.4578 88.0073
364 10.4543 88.1029
442 10.4507 88.1993
17 10.4471 88.2952
138 10.4435 88.393
1 10.4399 88.4882
380 10.4362 88.5876
446 10.4329 88.6758
693 10.4295 88.7675
736 10.4262 88.858
792 10.4227 88.9498
405 10.4189 89.052
368 10.4157 89.1402
13 10.4122 89.2342
386 10.4088 89.3242
263 10.4054 89.416
199 10.4019 89.51
304 10.3984 89.6033
868 10.3948 89.699
711 10.3914 89.7904
447 10.3881 89.8787
988 10.3846 89.9728
585 10.3971 89.973
914 10.4098 89.9733
39 10.4218 89.9735
213 10.4336 89.9738
827 11.1625 89.9878
462 11.9801 90.0035
435 12.9096 90.0216
750 14.4225 90.051
491 16.9841 90.101
227 18.2174 90.1249
50 19.4175 90.1482
768 20.5935 90.171
430 21.5987 90.1904
409 22.4866 90.2076
631 23.3452 90.2242
776 24.1567 90.2399
714 25.0864 90.2579
610 26.0569 90.2766
28 27.0245 90.2953
752 27.9445 90.3131
231 28.1407 90.3169
441 28.3316 90.3207
470 28.547 90.3249
309 28.7572 90.329
613 28.9119 90.332
651 29.0558 90.3348
712 29.2129 90.3379
141 29.404 90.3416
933 29.5823 90.345
871 29.8266 90.3498
44 30.1424 90.3559
593 30.4703 90.3623
36 31.1438 90.3753
786 31.8619 90.3891
20 32.6153 90.4037
611 33.4331 90.4195
808 34.5999 90.442
96 35.8574 90.4663
960 37.181 90.4919
961 41.3057 90.5728
146 41.7355 90.581
206 42.1633 90.5891
248 42.5883 90.5972
449 42.6043 90.5976
271 42.6204 90.5979
265 42.6383 90.5982
548 42.6559 90.5986
874 42.6745 90.599
53 42.6915 90.5993
139 42.7084 90.5996
713 42.7263 90.6
766 42.7437 90.6003
448 42.7607 90.6007
181 42.778 90.601
738 42.7949 90.6013
707 42.8118 90.6017
569 42.8291 90.602
672 42.8447 90.6023
92 42.8675 90.6028
230 42.8903 90.6032
72 42.9122 90.6037
877 42.9341 90.6041
392 42.9554 90.6045
292 42.9774 90.605
840 42.999 90.6054
638 43.0195 90.6058
172 43.3621 90.6128
129 43.7174 90.62
974 44.0797 90.6274
239 44.5115 90.6362
539 44.9602 90.6454
320 45.3715 90.6538
62 45.7822 90.6622
559 46.1965 90.6706
313 46.5956 90.6787
434 46.9915 90.6868
389 47.3618 90.6943
763 47.7322 90.7018
5 48.1018 90.7094
541 48.4747 90.717
532 48.8497 90.7246
896 49.2253 90.7323
408 49.6031 90.7399
305 49.9741 90.7475
947 50.3416 90.7549
746 50.7099 90.7624
344 51.0776 90.7699
624 51.4358 90.7772
882 51.7937 90.7845
375 52.1518 90.7918
511 52.5262 90.7994
866 52.9131 90.8073
105 53.3407 90.816
177 53.7793 90.8249
911 54.2067 90.8336
851 54.6463 90.8425
165 55.0848 90.8514
156 55.6578 90.8631
980 56.2948 90.876
367 56.9709 90.8897
856 57.6498 90.9035
737 58.3984 90.9187
23 59.1424 90.9338
118 59.992 90.951
251 60.7749 90.9669
353 61.3738 90.9791
584 61.871 90.9891
318 62.3504 90.9989
544 62.7896 91.0078
285 63.2152 91.0164
690 63.6147 91.0245
845 64.0063 91.0325
42 64.407 91.0407
622 64.8107 91.0489
477 65.211 91.057
754 65.6156 91.0653
931 66.2323 91.0778
273 66.9334 91.092
52 67.661 91.1068
185 68.4317 91.1224
145 69.2052 91.1381
992 70.0736 91.1557
464 70.909 91.1725
817 71.7983 91.1904
928 77.1965 91.2979
893 77.1965 91.2979
983 77.1965 91.2979
149 77.1965 91.2979
580 77.1965 91.2979
813 77.1965 91.2979
135 77.1965 91.2979
648 77.1965 91.2979
864 77.1965 91.2979
620 77.1965 91.2979
494 77.4993 90.9145
823 77.8011 90.5324
854 78.1382 90.1055
666 78.4936 89.6554
820 78.8624 89.1884
775 79.2634 88.6806
465 79.6283 88.2185
159 80.12 87.5958
158 80.5969 86.992
818 82.4256 84.6762
332 84.2283 82.3933
417 84.4157 82.156
450 84.6438 81.8671
685 84.767 81.7111
473 84.8958 81.548
725 85.0373 81.3688
889 85.1878 81.1782
322 85.3417 80.9833
742 85.5072 80.7737
528 85.7319 80.4892
660 85.9275 80.2415
740 86.0864 80.0403
311 86.2706 79.8069
372 86.4398 79.5927
204 86.3456 78.8073
25 86.2585 78.0809
334 84.7916 65.8506
387 84.5944 64.2063
977 84.5111 63.5116
385 84.4318 62.8504
967 84.3355 62.0474
684 84.3185 61.9056
932 84.2998 61.75
198 84.2844 61.6216
170 84.2694 61.4961
506 84.2543 61.3701
951 84.2376 61.2307
838 84.2235 61.1132
884 84.2099 61.0002
107 84.1967 60.8903
497 84.1836 60.7808
242 82.6268 57.1258
850 81.0805 53.4952
835 79.7655 50.4076
136 79.6341 50.0991
592 79.4805 49.7385
195 79.3335 49.3934
232 79.1838 49.042
926 79.0618 48.7554
670 79.4742 46.9716
609 79.8891 45.1775
745 80.272 43.5218
274 80.6144 42.0414
425 80.9305 40.6743
33 81.8758 36.5868
520 82.5237 33.7849
590 83.2388 30.6929
98 84.0474 27.1963
243 85.9465 18.9836
483 86.2684 17.5916
345 86.2684 17.5916
627 86.2684 17.5916
979 86.2684 17.5916
260 86.2684 17.5916
