0,103,581,819,721,959,504,295,24,777,176,598,518,883,407,310,287,704,337,467,284,379,363,351,573,111,26,709,669,653,261,934,191,566,917,862,160,355,594,289,555,164,681,873,419,865,6,66,751,781,634,250,55,377,853,197,19,785,935,209,421,461,876,844,257,452,480,7,834,586,790,848,472,356,906,522,210,692,716,778,945,923,69,155,342,621,370,783,194,127,63,978,498,237,458,512,492,831,675,358,314,45,821,828,27,870,930,117,43,276,606,670,485,190,70,538,875,262,850,647,842,623,357,644,143,340,85,478,964,942,656,67,595,393,515,762,420,68,238,396,35,186,293,810,791,793,597,217,767,558,453,907,216,743,843,188,281,264,519,577,468,744,18,71,579,440,832,769,605,582,671,51,290,867,727,173,668,857,801,161,625,282,782,9,317,904,895,112,432,800,847,654,315,636,642,94,126,562,987,109,855,84,513,208,968,365,101,175,779,617,286,798,929,986,676,163,80,894,21,404,225,523,765,54,471,891,30,809,715,137,501,56,104,732,533,267,645,493,756,576,788,144,235,912,596,291,171,382,308,804,410,683,649,976,807,270,591,724,755,564,921,193,484,802,350,230,292,910,826,60,82,614,252,319,189,840,563,578,459,359,226,124,729,510,79,329,604,487,878,431,338,689,924,424,429,950,167,495,587,970,113,16,132,550,502,680,574,560,946,526,757,697,93,537,457,321,275,789,888,266,479,220,701,162,600,551,825,168,780,443,88,927,500,552,411,339,726,346,971,114,277,454,398,192,374,658,965,324,640,981,677,336,772,897,59,34,705,565,720,99,130,601,571,327,733,81,846,507,361,764,196,349,858,390,903,839,619,496,49,633,688,771,376,391,545,505,599,901,451,525,956,758,422,388,302,414,664,403,233,922,957,142,735,908,413,147,603,913,989,475,37,535,89,180,151,706,269,723,938,78,748,687,529,438,354,486,278,679,543,38,787,811,508,869,829,125,148,655,11,64,822,307,915,205,661,824,439,626,643,588,221,902,8,741,246,366,474,488,812,673,61,722,629,710,455,299,211,646,881,74,258,348,254,641,899,702,412,362,963,674,602,402,514,268,572,331,682,187,943,836,616,4,985,123,898,749,228,731,384,86,10,794,133,863,328,121,397,32,549,909,990,87,612,797,65,534,214,527,182,352,949,283,700,423,174,770,476,303,936,212,958,841,373,652,499,128,157,57,330,805,46,542,663,47,154,698,463,100,708,341,234,122,972,849,312,166,116,489,222,691,3,524,747,279,503,717,77,517,272,97,482,255,531,799,948,925,131,219,218,760,589,686,445,939,728,966,667,207,703,347,427,607,381,371,734,879,739,784,665,184,630,892,886,657,433,860,554,14,916,224,436,48,108,360,326,469,796,400,119,719,401,178,426,244,639,556,718,240,628,792,608,991,759,830,298,694,570,585,803,364,982,316,914,203,446,615,546,905,90,75,95,31,944,890,447,399,444,699,236,969,868,988,300,39,435,678,693,547,169,213,138,380,106,736,263,695,183,304,247,491,249,405,953,711,1,386,325,199,568,827,441,815,753,50,15,442,333,651,153,58,637,462,200,955,933,115,301,557,750,795,885,761,231,13,786,430,368,610,833,768,306,696,973,521,631,611,456,714,44,859,871,288,593,227,17,776,409,28,20,76,638,919,41,120,256,141,712,96,954,635,418,428,296,92,223,806,662,730,394,437,872,773,808,490,253,73,343,72,866,36,569,960,918,707,470,150,672,877,105,146,2,305,271,392,539,172,738,241,613,548,448,974,165,129,181,416,516,896,206,541,265,449,309,766,961,763,53,752,874,5,389,139,22,532,559,882,624,713,375,947,814,134,540,215,91,530,561,40,940,320,861,248,294,659,259,245,880,632,851,23,62,156,239,984,618,952,344,536,140,415,887,911,395,406,434,737,584,746,408,202,774,511,980,620,273,992,856,367,845,118,575,229,378,477,622,567,177,313,690,185,754,816,335,179,12,817,353,544,280,369,83,509,251,318,285,52,464,494,42,149,813,823,158,893,666,742,725,864,580,481,854,297,465,417,135,983,820,322,473,928,889,145,937,311,660,740,204,818,648,385,372,25,685,528,975,201,900,450,852,159,775,837,460,650,931,962,383,152,110,332,102,941,136,334,170,932,506,684,583,107,838,951,497,198,242,977,387,884,926,920,29,967,425,609,195,592,553,323,232,466,835,745,274,33,98,590,520,627,345,243,483,260,979,
value : 534.9 running time : 32.666503
0 80 20
103 62.4469 15.9888
581 62.4084 15.9923
819 62.3752 15.9954
721 62.3456 15.9981
959 61.7397 16.0533
504 61.157 16.1064
295 60.5166 16.1647
24 59.8432 16.2261
777 59.0539 16.298
176 58.2573 16.3706
598 57.2423 16.4631
518 43.5134 17.7128
883 42.5476 17.8141
407 41.6557 17.9076
310 40.8877 17.9881
287 40.1306 18.0674
704 39.4017 18.1438
337 38.692 18.2182
467 37.9883 18.2919
284 37.2632 18.3679
379 37.2632 18.3679
363 37.2632 18.3679
351 37.2632 18.3679
573 37.2632 18.3679
111 37.2632 18.3679
26 37.2632 18.3679
709 37.2632 18.3679
669 37.2632 18.3679
653 38.9527 21.2348
261 40.6502 24.1154
934 42.3636 27.0228
191 44.2179 30.169
566 46.2074 33.5447
917 46.5739 33.5928
862 46.9507 33.6423
160 47.3777 33.6984
355 48.0527 33.7872
594 48.7108 33.8737
289 48.7108 33.8737
555 48.7108 33.8737
164 48.7108 33.8737
681 48.7108 33.8737
873 48.7108 33.8737
419 48.7108 33.8737
865 48.7108 33.8737
6 48.7109 33.8737
66 48.5503 34.0536
751 48.4028 34.2188
781 48.2551 34.3843
634 48.0227 34.6446
250 47.7532 34.9465
55 47.4957 35.235
377 47.1999 35.5663
853 46.7291 36.0937
197 46.2961 36.5789
19 45.8653 37.0614
785 45.4154 37.5655
935 44.885 38.1598
209 44.3515 38.7575
421 43.5116 39.6986
461 42.6423 40.6728
876 42.6423 40.6728
844 42.6423 40.6728
257 42.6423 40.6728
452 42.6423 40.6728
480 42.6423 40.6728
7 42.6423 40.6728
834 42.6423 40.6728
586 42.7529 40.9331
790 42.8755 41.2213
848 43.0017 41.5182
472 43.1217 41.8004
356 43.2331 42.0624
906 43.3491 42.3354
522 43.4577 42.5906
210 43.5662 42.8458
692 43.6657 43.0799
716 43.7771 43.3418
778 43.882 43.5884
945 44.2705 43.9272
923 44.6213 44.2329
69 44.8263 44.4116
155 45.0291 44.5884
342 45.2514 44.7822
621 45.4711 44.9737
370 45.4711 44.9737
783 45.4972 44.9578
194 45.5241 44.9415
127 45.5499 44.9259
63 45.5812 44.9069
978 45.6079 44.8907
498 45.6267 44.8793
237 45.6469 44.8671
458 48.3024 43.2581
512 49.7096 42.4053
492 52.102 40.9557
831 56.206 38.4692
675 56.4148 38.9818
358 56.5981 39.4316
314 56.7835 39.8868
45 56.9545 40.3064
821 57.1222 40.718
828 57.3154 41.1922
27 57.5305 41.7201
870 57.8076 42.4003
930 58.0878 43.088
117 58.4086 43.8752
43 58.6359 44.4332
276 58.8782 45.0279
606 59.3766 46.2511
670 59.8831 47.4943
485 59.9243 48.6484
190 59.9624 49.7145
70 59.9971 50.689
538 60.0312 51.6447
875 60.0632 52.543
262 60.0998 53.5689
850 60.1374 54.6231
647 60.1115 54.8726
842 60.0892 55.0878
623 60.0654 55.3175
357 60.0415 55.5477
644 60.001 55.9381
143 59.9519 56.4107
340 59.8632 57.2642
85 59.797 57.188
478 59.7414 57.1241
964 59.6809 57.0545
942 59.6203 56.9847
656 59.5618 56.9174
67 59.5003 56.8467
595 59.4275 56.7629
393 59.3529 56.6771
515 59.2688 56.5804
762 59.1864 56.4856
420 59.1043 56.3912
68 59.0122 56.2853
238 58.9112 56.1691
396 58.7971 56.0379
35 58.6979 55.9237
186 58.5958 55.8063
293 58.5029 55.6995
810 58.408 55.5902
791 58.3107 55.4783
793 58.2048 55.3565
597 58.0999 55.2359
217 58.0999 55.2359
767 57.2798 56.5516
558 56.1924 58.2961
453 56.0883 58.4629
907 55.9994 58.6054
216 55.8963 58.7709
743 55.8016 58.9228
843 55.7148 59.062
188 55.6168 59.2191
281 55.5086 59.3926
264 55.4029 59.5622
519 56.2618 60.9187
577 57.6262 63.0736
468 59.338 65.7775
744 61.1923 68.7066
18 61.7322 69.5591
71 62.1239 70.1776
579 62.1239 70.1776
440 61.9689 70.217
832 61.8219 70.2543
769 61.6818 70.2898
605 61.5585 70.3211
582 61.4285 70.3541
671 61.3142 70.3831
51 61.2038 70.4111
290 61.085 70.4412
867 60.961 70.4727
727 60.8279 70.5065
173 60.689 70.5417
668 60.5455 70.5781
857 60.3941 70.6165
801 60.2722 70.6475
161 60.1494 70.6786
625 60.0396 70.7065
282 59.9225 70.7362
782 59.8125 70.7641
9 59.7081 70.7906
317 59.6049 70.8168
904 58.8577 70.8429
895 58.0343 70.8717
112 57.7131 70.8829
432 57.3896 70.8943
800 57.0681 70.9055
847 56.7606 70.9163
654 56.4351 70.9277
315 54.7266 70.9873
636 52.8883 71.0514
642 52.424 71.0677
94 52.153 70.8137
126 51.8887 70.5662
562 51.5971 70.293
987 51.2684 69.9851
109 50.8985 69.6386
855 50.5237 69.2875
84 50.1618 68.9486
513 49.8119 68.6207
208 49.4439 68.2761
968 49.0465 67.9038
365 48.6442 67.527
101 48.6442 67.527
175 48.6442 67.527
779 48.6442 67.527
617 48.6442 67.527
286 48.6442 67.527
798 45.88 66.9193
929 41.9679 66.0592
986 41.7021 66.0008
676 41.3631 65.9262
163 41.0172 65.8502
80 40.6862 65.7775
894 40.3592 65.7056
21 39.9922 65.6249
404 39.6663 65.5533
225 39.3511 65.484
523 39.0119 65.4094
765 38.6466 65.3291
54 38.2962 65.2521
471 37.95 65.176
891 37.5719 65.0929
30 37.5108 65.0795
809 37.4499 65.0661
715 37.3896 65.0528
137 37.3215 65.0379
501 37.259 65.0241
56 37.2006 65.0113
104 37.1364 64.9972
732 37.0729 64.9832
533 37.0064 64.9686
267 36.9372 64.9534
645 36.8745 64.9396
493 36.8098 64.9254
756 36.7461 64.9114
576 36.7683 65.0029
788 36.7889 65.088
144 36.8135 65.1898
235 36.8329 65.2699
912 36.8506 65.3429
596 36.8705 65.4251
291 36.8903 65.507
171 36.9103 65.5896
382 36.9281 65.6629
308 37.1393 66.5356
804 37.3516 67.4121
410 37.5811 68.3603
683 37.8215 69.3532
649 38.0837 70.4365
976 38.2243 71.017
807 38.3608 71.5808
270 38.4626 72.0012
591 38.5603 72.4045
724 38.6674 72.8469
755 38.7786 73.306
564 38.8754 73.7059
921 38.9625 74.0655
193 38.5589 74.6784
484 38.1684 75.2713
802 37.7488 75.9086
350 36.9104 77.1821
230 36.0507 78.4882
292 36.0488 78.4857
910 36.047 78.4832
826 36.0454 78.4812
60 35.9759 78.3889
82 35.9126 78.3049
614 35.8417 78.2108
252 35.7732 78.1198
319 35.7114 78.0379
189 35.5801 77.8635
840 35.4506 77.6916
563 35.3173 77.5146
578 33.7269 75.4042
459 31.8835 72.9577
359 30.9781 72.0644
226 30.0506 71.1492
124 28.9632 70.0763
729 27.8217 68.9502
510 26.8632 68.0044
79 26.1835 68.618
329 25.3676 69.3546
604 24.5735 70.0715
487 23.7902 70.7787
878 23.2647 71.2532
431 21.8644 72.5174
338 20.9831 73.3131
689 20.8451 73.4377
924 20.3607 73.875
424 19.8471 74.3387
429 19.7119 74.4607
950 19.5788 74.5809
167 19.4411 74.7052
495 18.7134 75.3621
587 18.7064 75.3348
970 18.7007 75.3127
113 18.696 75.2943
16 18.6913 75.2759
132 18.6855 75.2535
550 18.6808 75.2349
502 18.6753 75.2134
680 18.6701 75.1931
574 18.6653 75.1746
560 18.6608 75.1569
946 18.6556 75.1368
526 18.6504 75.1166
757 18.646 75.0993
697 18.6411 75.0801
93 18.6363 75.0614
537 18.6063 74.9447
457 18.577 74.8304
321 18.5498 74.7244
275 18.5233 74.6212
789 18.499 74.5265
888 18.473 74.4252
266 18.4465 74.322
479 18.42 74.2187
220 18.3929 74.1131
701 18.3657 74.0072
162 18.3382 73.9
600 18.3136 73.8038
551 18.2888 73.7075
825 18.2637 73.6095
168 18.2381 73.5096
780 18.2123 73.4094
443 18.1862 73.3076
88 18.1596 73.204
927 18.1291 73.0848
500 18.1007 72.9744
552 18.0724 72.8639
411 18.0446 72.7556
339 18.0214 72.6651
726 17.9948 72.5614
346 17.9662 72.4503
971 17.9379 72.34
114 17.907 72.2194
277 17.8815 72.1202
454 19.6316 70.4287
398 19.6316 70.4287
192 19.6316 70.4286
374 19.6316 70.4286
658 20.3093 68.5325
965 20.9971 66.6081
324 21.6413 64.8058
640 21.9506 63.9406
981 22.2365 63.1407
677 22.5144 62.3634
336 22.5145 62.3633
772 22.5145 62.3633
897 22.5145 62.3632
59 22.5145 62.3632
34 22.5145 62.3631
705 22.5145 62.3631
565 22.5146 62.363
720 22.5146 62.363
99 22.5146 62.363
130 22.5146 62.3629
601 22.5146 62.3629
571 22.5146 62.3628
327 22.5147 62.3628
733 22.5147 62.3627
81 22.5147 62.3627
846 22.5147 62.3626
507 22.5147 62.3626
361 22.5148 62.3625
764 22.8183 61.5946
196 23.1371 60.7881
349 23.4859 59.9055
858 23.8359 59.0203
390 24.1782 58.1542
903 24.5145 57.3033
839 24.8468 56.4628
619 25.1827 55.613
496 25.1827 55.613
49 25.1827 55.613
633 24.1436 55.9632
688 23.0914 56.3177
771 21.781 56.7593
376 19.0183 57.6904
391 19.618 57.0473
545 20.0817 56.5501
505 20.4747 56.1287
599 20.9757 55.5914
901 21.5214 55.0062
451 22.0837 54.4033
525 22.7373 53.7024
956 23.1912 53.2157
758 23.698 52.6722
422 24.2248 52.1072
388 24.8891 51.3948
302 25.3263 50.926
414 25.7383 50.4842
664 26.0699 50.1286
403 26.3122 49.8687
233 26.5608 49.6022
922 26.8748 49.2654
957 26.8748 49.2654
142 26.9587 49.117
735 27.0428 48.9682
908 27.1434 48.7901
413 27.2432 48.6134
147 27.3362 48.4489
603 27.4271 48.2881
913 27.522 48.1202
989 27.6231 47.9411
475 27.657 47.8812
37 27.6943 47.8151
535 27.7324 47.7478
89 27.7705 47.6804
180 27.8127 47.6056
151 27.6668 46.911
706 27.5448 46.3299
269 27.4299 45.7832
723 27.2961 45.146
938 27.1729 44.5596
78 26.9445 43.4723
748 26.7496 42.5445
687 26.5417 41.5548
529 26.3277 40.5358
438 26.1452 39.6671
354 25.9226 38.6075
486 25.8675 38.3454
278 25.8159 38.0994
679 25.7684 37.8735
543 25.721 37.648
38 25.6622 37.3679
787 25.5983 37.0637
811 25.5516 36.8414
508 25.5037 36.6137
869 25.3942 36.0924
829 25.2953 35.6214
125 25.2035 35.1846
148 25.1139 34.758
655 24.9525 33.9895
11 24.7515 33.0324
64 24.1874 30.3476
822 24.0619 29.7503
307 23.577 29.1836
915 23.0941 28.6191
205 22.6184 28.0632
661 22.1196 27.4802
824 21.6634 26.947
439 21.1938 26.3981
626 20.7419 25.8701
643 19.5039 24.4227
588 18.3693 23.0964
221 17.8085 22.441
902 16.6525 21.0895
8 15.4019 19.6275
741 15.4019 19.6275
246 15.4019 19.6275
366 14.3341 18.6561
474 13.2349 17.6561
488 11.9544 16.4912
812 11.3007 15.8965
673 11.3353 16.1847
61 11.3627 16.4125
722 11.3909 16.6472
629 11.4296 16.9694
710 11.4758 17.3538
455 11.5129 17.6622
299 11.5468 17.9446
211 11.5759 18.1862
646 11.6083 18.4557
881 11.6429 18.7433
74 11.6943 19.1718
258 11.7339 19.5011
348 11.771 19.8093
254 11.8118 20.1485
641 11.8533 20.4945
899 11.8912 20.8098
702 11.9258 21.0971
412 11.9646 21.4197
362 12.0076 21.778
963 12.0524 22.1509
674 12.0966 22.5186
602 12.1494 22.9575
402 12.0233 23.0644
514 11.889 23.1782
268 11.8338 23.225
572 11.7736 23.276
331 11.7135 23.327
682 11.6551 23.3764
187 11.5934 23.4288
943 11.4081 26.3916
836 11.2556 28.8295
616 11.1024 31.2788
4 11.0553 32.0315
985 11.0047 32.8388
123 10.9544 33.642
898 10.9153 34.2663
749 10.7756 36.4992
228 10.7756 36.4992
731 10.7756 36.4992
384 10.7756 36.4992
86 10.7756 36.4992
10 10.7756 36.4992
794 10.7756 36.4992
133 11.0028 36.6322
863 11.2283 36.7643
328 11.461 36.9006
121 13.4572 38.07
397 14.8801 38.9033
32 14.8801 38.9033
549 14.8801 38.9033
909 14.579 39.4967
990 14.4118 39.8263
87 14.2474 40.1503
612 14.0757 40.4887
797 13.5847 41.4563
65 13.1584 42.2966
534 12.2417 44.1032
214 11.4707 45.6225
527 11.4707 45.6225
182 11.4707 45.6225
352 11.4707 45.6225
949 11.4707 45.6225
283 11.4707 45.6225
700 11.4707 45.6225
423 11.4707 45.6225
174 11.4707 45.6225
770 11.4707 45.6225
476 11.4707 45.6225
303 11.4707 45.6225
936 11.4707 45.6225
212 11.4707 45.6225
958 11.4707 45.6225
841 11.4707 45.6225
373 11.4707 45.6225
652 11.4707 45.6225
499 11.4707 45.6225
128 11.4576 46.0533
157 11.4446 46.4791
57 11.4326 46.8746
330 11.4217 47.2327
805 11.4076 47.6962
46 11.3953 48.0984
542 11.3797 48.6113
663 11.3655 49.0778
47 11.35 49.5872
154 11.3357 50.0568
698 11.3203 50.5626
463 11.306 51.0324
100 11.2903 51.5477
708 11.275 52.0503
341 11.2606 52.5228
234 11.2443 53.0568
122 11.2403 53.1891
972 11.2363 53.3184
849 11.2326 53.4427
312 11.229 53.5598
166 11.2204 53.8407
116 11.2128 54.0899
489 11.1914 54.7941
222 11.167 55.5922
691 11.1343 56.665
3 11.1013 57.7476
524 11.0761 58.5748
747 11.0552 59.2615
279 11.035 59.924
503 11.0063 60.865
717 10.9947 61.2453
77 10.9842 61.5901
517 10.9739 61.9273
272 10.965 62.2213
97 10.9561 62.5114
482 10.9478 62.7842
255 10.9397 63.0517
531 10.9318 63.3096
799 10.9228 63.605
948 10.9144 63.8822
925 10.9071 64.1202
131 10.8987 64.3982
219 10.8902 64.6759
218 10.8827 64.9207
760 10.8672 65.4296
589 10.8511 65.9599
686 10.8328 66.5591
445 10.8169 67.0807
939 10.8027 67.5472
728 10.7861 68.0938
966 10.7793 68.3167
667 10.7722 68.5501
207 10.7653 68.7764
703 10.7598 68.9553
347 10.7533 69.1687
427 10.7425 69.5239
607 10.7321 69.8649
381 10.7223 70.1873
371 10.7126 70.5036
734 10.7025 70.8351
879 10.6921 71.1786
739 10.6817 71.5201
784 10.6702 71.8972
665 10.6562 72.3544
184 10.6428 72.7973
630 10.6314 73.1689
892 10.6169 73.6468
886 10.6067 73.9808
657 10.598 74.2656
433 10.5887 74.5716
860 10.5799 74.8601
554 10.5709 75.1566
14 10.5632 75.4086
916 10.5536 75.7251
224 10.5482 75.9019
436 10.542 76.1061
48 10.536 76.3005
108 10.5302 76.4937
360 10.5259 76.6347
326 10.5217 76.7708
469 10.517 76.9255
796 10.5132 77.0523
400 10.5091 77.1858
119 10.5047 77.3309
719 10.4993 77.509
401 10.4948 77.6566
178 10.4915 77.7645
426 10.4881 77.8762
244 10.4847 77.9854
639 10.4815 78.0917
556 10.4779 78.2116
718 10.4739 78.3428
240 10.4705 78.4529
628 10.467 78.5673
792 10.4638 78.6747
608 10.4606 78.7781
991 10.4573 78.8859
759 10.4537 79.0056
830 10.4503 79.1184
298 10.4469 79.2296
694 10.4432 79.3503
570 10.3539 82.2835
585 10.258 85.4351
803 10.2537 85.578
364 10.2495 85.7151
982 10.2454 85.8502
316 10.2412 85.9875
914 10.2369 86.1283
203 10.2329 86.2602
446 10.2285 86.4038
615 10.2245 86.5364
546 10.2202 86.6768
905 10.2159 86.8197
90 10.2115 86.9617
75 10.2068 87.1168
95 10.2019 87.278
31 10.1972 87.4311
944 10.1923 87.5936
890 10.1869 87.7686
447 10.1792 88.0224
399 10.1725 88.2442
444 10.1652 88.4813
699 10.1578 88.7258
236 10.1497 88.9913
969 10.1423 89.2352
868 10.1348 89.4803
988 10.1278 89.7093
300 10.1421 89.7088
39 10.1555 89.7083
435 10.1694 89.7078
678 10.1835 89.7073
693 10.198 89.7068
547 10.2117 89.7063
169 10.2256 89.7058
213 10.2384 89.7054
138 10.6366 89.6913
380 11.0201 89.6778
106 11.4392 89.6631
736 11.8957 89.647
263 12.3558 89.6308
695 12.8786 89.6124
183 13.3611 89.5954
304 13.8214 89.5792
247 14.2989 89.5624
491 14.7764 89.5456
249 14.7764 89.5456
405 14.7764 89.5456
953 14.7764 89.5456
711 14.7764 89.5456
1 14.7764 89.5456
386 14.7764 89.5456
325 14.7764 89.5456
199 14.7764 89.5456
568 14.7764 89.5456
827 14.7764 89.5456
441 15.247 89.2927
815 15.6484 89.0769
753 16.0658 88.8526
50 16.4776 88.6313
15 16.8657 88.4227
442 17.3067 88.1857
333 17.7914 87.9252
651 17.7914 87.9252
153 17.7914 87.9253
58 17.8651 88.3757
637 17.9397 88.8321
462 18.0228 89.3401
200 18.0987 89.8041
955 18.0987 89.8041
933 18.1045 89.8323
115 18.11 89.8594
301 18.1153 89.8856
557 18.1208 89.9127
750 18.1266 89.9412
795 21.0158 89.3465
885 21.3487 89.278
761 21.6792 89.21
231 22.0211 89.1396
13 22.0391 89.1359
786 22.0616 89.1312
430 22.0811 89.1272
368 22.1011 89.1231
610 22.1222 89.1188
833 22.142 89.1147
768 22.1624 89.1105
306 22.1835 89.1062
696 22.2034 89.1021
973 22.2218 89.0983
521 22.2443 89.0936
631 22.2668 89.089
611 22.2876 89.0847
456 22.3071 89.0807
714 22.3276 89.0765
44 22.3485 89.0722
859 22.3694 89.0679
871 22.3896 89.0637
288 22.4104 89.0595
593 22.4314 89.0551
227 22.4519 89.0509
17 22.4731 89.0465
776 22.4964 89.0418
409 22.5203 89.0368
28 22.5432 89.0321
20 22.5654 89.0276
76 22.989 88.5267
638 23.4081 88.0313
919 23.7851 87.5855
41 24.0856 87.2303
120 24.3874 86.8735
256 24.6877 86.5185
141 24.959 86.1978
712 25.2184 85.8912
96 25.526 85.5276
954 25.8261 85.1728
635 26.112 84.8348
418 26.5003 84.9703
428 26.8987 85.1093
296 27.2806 85.2426
92 27.6705 85.3786
223 28.0185 85.5
806 28.3733 85.6238
662 28.7209 85.7451
730 29.0363 85.8552
394 29.7528 86.1052
437 30.3715 86.3211
872 30.8808 86.4988
773 31.4085 86.6829
808 31.9405 86.8686
490 32.4521 87.047
253 33.0336 87.25
73 33.6387 87.4611
343 34.3037 87.6932
72 34.6065 87.7989
866 34.9358 87.9138
36 35.0005 87.9363
569 35.0892 87.9673
960 35.1626 87.9929
918 35.7164 88.1384
707 36.3239 88.2981
470 36.9034 88.4504
150 37.4767 88.6011
672 38.1386 88.775
877 38.9053 88.9765
105 39.6611 89.1751
146 39.8412 89.2225
2 40.0298 89.2721
305 40.2552 89.3313
271 40.4338 89.3783
392 40.6298 89.4298
539 40.8371 89.4842
172 41.0272 89.5342
738 41.228 89.587
241 41.4243 89.6386
613 41.628 89.6921
548 41.8365 89.7469
448 42.0505 89.8032
974 42.2668 89.86
165 42.4942 89.9198
129 42.697 89.9731
181 42.9143 90.0302
416 43.1321 90.0875
516 43.3799 90.1526
896 43.6071 90.2123
206 43.6071 90.2123
541 43.6071 90.2123
265 43.6071 90.2123
449 43.6071 90.2123
309 43.6071 90.2123
766 43.6071 90.2123
961 43.6071 90.2123
763 43.6071 90.2123
53 43.6071 90.2123
752 43.6071 90.2123
874 43.6071 90.2123
5 43.6071 90.2123
389 43.6071 90.2123
139 43.6071 90.2123
22 43.9603 90.2123
532 44.3498 90.2122
559 44.7194 90.2121
882 45.0941 90.212
624 45.2173 89.8
713 45.5152 88.8043
375 45.8444 87.7038
947 46.3811 85.9097
814 46.9321 84.0675
134 47.5224 82.0942
540 47.7631 82.2633
215 48.029 82.4501
91 48.3103 82.6477
530 48.5891 82.8436
561 48.8597 83.0336
40 49.1866 83.2633
940 49.4576 83.4537
320 49.7344 83.6481
861 50.0015 83.8358
248 50.2567 84.015
294 50.5265 84.2045
659 50.8534 84.4342
259 51.1944 84.6738
245 51.4956 84.8853
880 51.7906 85.0926
632 52.0826 85.2977
851 54.0135 86.6542
23 55.969 88.0281
62 55.9691 88.0281
156 55.9692 88.0281
239 55.9693 88.028
984 55.9794 88.0257
618 55.989 88.0235
952 55.9985 88.0213
344 56.0078 88.0192
536 56.0264 88.0149
140 56.0456 88.0105
415 56.0635 88.0064
887 56.0809 88.0023
911 56.0971 87.9986
395 56.1158 87.9943
406 56.1316 87.9907
434 56.1473 87.9871
737 56.236 87.9667
584 56.3212 87.947
746 56.4056 87.9276
408 56.4968 87.9066
202 56.5881 87.8856
774 56.6731 87.8661
511 56.7587 87.8464
980 59.0737 87.3141
620 61.6748 86.7161
273 61.6748 86.7161
992 61.6749 86.7161
856 61.6749 86.7161
367 61.7374 86.6853
845 61.81 86.6496
118 61.871 86.6195
575 61.9381 86.5864
229 62.0039 86.554
378 62.0687 86.5221
477 62.1291 86.4924
622 62.1917 86.4615
567 62.2501 86.4328
177 62.3078 86.4043
313 62.3642 86.3766
690 62.4263 86.346
185 62.4891 86.315
754 62.5504 86.2848
816 62.6185 86.2513
335 62.6829 86.2196
179 62.7448 86.189
12 62.8161 86.154
817 62.8853 86.1198
353 62.961 86.0826
544 63.0248 86.0511
280 63.0861 86.021
369 63.1558 85.9866
83 63.2311 85.9495
509 63.2926 85.9192
251 66.1946 86.4486
318 67.0722 86.6087
285 67.7189 86.7267
52 68.321 86.8365
464 68.9239 86.9465
494 69.6087 87.0714
42 70.1046 87.1618
149 70.6722 87.2654
813 71.1964 87.361
823 71.6969 87.4523
158 72.2371 87.5508
893 72.8025 87.6539
666 73.181 87.723
742 73.5791 87.7956
725 73.9764 87.8681
864 74.323 87.9313
580 74.6764 87.9958
481 74.866 88.0303
854 75.084 88.0701
297 75.2772 88.1053
465 75.9522 88.2285
417 76.7739 88.3784
135 77.6724 88.5423
983 78.3632 88.6683
820 78.7577 88.7403
322 79.1478 88.8115
473 79.5186 88.8791
928 79.8718 88.9435
889 79.8718 88.9435
145 79.8718 88.9435
937 80.6029 86.8417
311 83.3327 82.5616
660 84.0351 81.4598
740 84.2132 81.1804
204 84.4057 80.8784
818 84.5774 80.609
648 84.7702 80.3065
385 84.9801 79.9774
372 86.3637 79.8763
25 85.9935 79.6375
685 85.3827 79.2436
528 82.9715 77.6885
975 80.7114 76.2308
201 80.0066 75.7763
900 80.0066 75.7763
450 80.0066 75.7763
852 76.8664 75.6341
159 75.6475 75.5792
775 74.3003 75.5184
837 73.0191 75.4606
460 71.7957 75.4054
650 71.3264 75.3842
931 71.3264 75.3842
962 72.74 72.803
383 74.0512 70.4089
152 75.0634 68.5608
110 76.0495 66.7605
332 77.0716 64.8943
102 78.3176 62.6192
941 79.1963 61.638
136 80.1669 60.5542
334 80.6152 60.0537
170 81.1194 59.4909
932 81.4664 59.1034
506 81.8079 58.7221
684 82.1325 58.3598
583 82.4552 57.9995
107 82.8629 57.5443
838 83.1944 57.1741
951 83.5315 56.7978
497 83.8397 56.4537
198 83.1622 55.2845
242 82.4789 54.1055
977 81.7692 52.8806
387 80.982 51.5222
884 80.1518 50.0893
926 78.9814 48.0691
920 79.1067 47.5455
29 79.233 47.0172
967 79.3502 46.5273
425 79.4783 45.9918
609 79.6142 45.4235
195 79.7401 44.8969
592 79.8677 44.3633
553 79.9924 43.8422
323 80.2082 42.9398
232 80.4193 42.0572
466 80.7255 40.7768
835 81.1133 39.1551
745 81.4955 37.5569
274 81.9768 35.544
33 82.6361 32.7866
98 83.2804 30.0916
590 83.5818 28.8314
520 83.9356 27.3518
627 85.472 20.922
345 85.7907 19.5893
243 86.0962 18.3117
483 86.2684 17.5916
260 86.2684 17.5916
979 84.2776 18.3564
