0,24,295,504,819,581,176,777,721,103,959,831,598,323,781,821,314,45,873,63,906,250,458,828,751,555,870,209,27,197,785,164,55,355,358,634,6,377,681,43,261,419,704,289,883,310,653,934,518,26,111,709,287,284,307,787,824,626,822,407,702,669,351,363,254,439,379,834,64,160,221,586,121,573,337,549,8,246,348,643,366,915,902,474,629,258,187,299,362,402,412,641,588,812,488,661,211,646,674,881,682,61,741,455,673,572,722,898,794,710,899,268,985,963,331,4,74,86,943,87,133,514,836,486,438,829,354,65,125,990,123,283,700,10,612,78,602,529,758,278,869,811,679,917,480,692,664,403,706,543,388,7,414,302,723,37,535,397,748,508,49,687,525,688,663,913,32,205,616,633,475,422,151,11,476,691,182,655,324,38,34,839,778,382,233,89,599,938,413,391,949,619,908,897,956,705,708,936,496,47,328,909,698,527,770,489,384,312,228,330,46,373,57,128,677,341,849,174,972,863,352,505,542,423,731,958,749,157,771,652,797,841,154,214,463,303,148,212,166,218,116,534,222,100,499,122,734,966,760,925,381,805,347,376,234,77,255,142,589,113,220,114,279,451,981,735,747,957,565,329,196,764,336,275,552,927,526,901,3,858,545,59,600,680,219,131,192,551,349,772,971,132,411,730,965,502,701,266,524,587,81,400,130,939,784,694,703,531,207,799,948,371,277,517,667,482,97,686,433,888,946,717,665,607,970,503,445,346,361,560,991,728,427,162,326,224,546,48,338,75,950,487,429,726,99,398,184,796,879,469,119,860,554,739,14,272,630,830,436,93,719,759,457,321,374,298,95,890,944,31,178,426,905,657,88,443,168,825,556,500,639,399,570,90,244,827,868,678,236,585,495,916,693,711,1,386,325,199,568,213,736,892,442,304,153,718,300,203,914,316,982,969,401,364,547,39,462,637,750,240,628,792,263,815,169,447,435,988,115,58,955,301,138,200,380,712,106,557,405,695,108,360,776,953,803,780,444,699,424,247,615,17,446,15,227,333,339,635,296,608,973,885,28,120,96,761,578,631,753,859,183,76,441,249,651,20,231,611,786,456,808,714,593,44,521,368,871,288,696,36,306,768,833,610,13,430,490,933,50,491,409,662,773,230,41,226,418,918,550,757,479,256,241,292,924,697,431,886,604,878,16,537,252,789,638,954,124,649,454,167,806,689,60,223,658,574,724,672,642,530,976,270,591,788,872,291,596,910,308,779,163,80,225,171,21,404,929,676,756,510,410,571,729,507,733,903,601,327,79,912,501,846,720,390,603,523,640,359,147,522,264,281,576,765,54,471,891,30,809,715,137,56,104,732,533,365,267,645,493,459,876,461,210,370,127,512,155,180,783,237,342,356,922,269,862,191,467,848,853,865,594,875,930,421,194,452,790,989,566,716,66,19,257,935,276,217,844,69,519,85,282,798,468,625,216,161,968,238,472,538,623,762,964,35,173,117,420,478,102,485,190,842,617,453,393,396,293,855,791,647,743,84,793,907,945,188,843,492,810,186,597,577,804,558,857,484,440,498,101,923,68,683,112,632,621,175,847,540,235,91,986,144,802,315,515,921,208,582,432,134,668,987,340,248,880,369,895,826,564,350,562,513,894,94,769,406,671,18,605,109,931,294,614,189,253,172,539,105,129,613,320,866,139,416,92,2,919,305,448,752,559,165,877,265,561,840,343,309,766,22,392,874,974,181,5,73,449,271,569,437,763,375,738,72,206,82,141,795,536,319,814,53,548,470,150,960,428,707,961,532,146,516,746,389,737,344,940,754,774,659,179,215,23,618,541,511,239,624,882,713,156,434,856,202,952,980,563,636,394,140,126,755,992,118,280,193,807,782,9,800,477,259,567,861,460,832,911,245,335,378,185,817,273,52,622,896,12,408,575,947,367,851,40,62,285,584,509,313,229,690,415,297,317,177,42,464,666,465,417,775,937,159,984,816,51,801,395,887,823,893,620,845,145,149,544,813,353,854,251,158,494,580,71,318,818,481,135,983,928,820,864,685,322,889,648,725,473,740,742,311,25,204,372,450,660,83,332,201,962,110,528,744,290,904,650,67,975,837,727,941,385,867,767,977,654,900,579,383,152,852,932,583,553,107,684,242,838,884,198,506,387,170,425,497,951,745,334,670,466,967,274,978,262,70,286,850,606,926,357,942,656,143,232,595,675,920,592,29,644,195,136,609,33,520,98,835,590,345,627,483,260,243,979,
value : 496.285 running time : 53.571195
0 80 20
24 75.0216 17.9171
295 73.1287 17.1251
504 71.8701 16.5985
819 70.6765 16.0991
581 70.0989 15.8574
176 69.5705 15.6363
777 69.0691 15.4265
721 68.6128 15.2356
103 68.0656 15.0067
959 65.8605 21.0758
831 64.6591 24.3826
598 63.8491 26.6121
323 62.0913 31.4504
781 61.05 31.6043
821 60.1012 31.7446
314 59.149 31.8854
45 57.9399 32.0642
873 56.4998 32.2772
63 55.3663 32.4448
906 55.3089 32.3884
250 55.2421 32.3229
458 55.1863 32.2682
828 55.1264 32.2095
751 55.0637 32.1479
555 55.0006 32.086
870 54.9475 32.034
209 54.8829 31.9706
27 54.8267 31.9154
197 54.7685 31.8583
785 54.7061 31.7971
164 54.6458 31.7379
55 54.5902 31.6833
355 54.5365 31.6307
358 54.4799 31.5751
634 54.4176 31.514
6 54.3501 31.4478
377 54.2899 31.3888
681 54.2259 31.326
43 54.1641 31.2653
261 48.044 25.2614
419 46.447 23.6947
704 44.5026 21.7872
289 43.8724 21.1689
883 43.0296 20.3421
310 42.3144 19.6405
653 41.6923 19.0302
934 41.0323 18.3827
518 40.2134 17.5794
26 39.4436 17.9222
111 38.706 18.2507
709 38.0069 18.562
287 37.5473 18.7666
284 36.965 19.0259
307 36.7322 19.1296
787 36.5157 19.226
824 36.3172 19.3144
626 36.1578 19.3854
822 35.9976 19.4567
407 35.8392 19.5273
702 35.6478 19.6125
669 35.6478 19.6125
351 34.9724 20.2224
363 34.0775 21.0305
254 32.953 22.046
439 32.953 22.046
379 32.953 22.046
834 32.953 22.046
64 32.953 22.046
160 32.953 22.046
221 32.953 22.046
586 32.953 22.046
121 29.3233 22.3949
573 28.9836 22.4275
337 28.5684 22.4675
549 27.9015 22.5316
8 22.0008 19.9322
246 21.1905 19.5752
348 20.2024 19.1398
643 19.4596 18.8125
366 18.6048 18.4358
915 17.9253 18.1364
902 16.6534 17.576
474 15.12 16.9004
629 13.2235 16.0648
258 11.9809 15.5173
187 11.9809 15.5173
299 11.9809 15.5173
362 11.9809 15.5173
402 11.9809 15.5173
412 11.9809 15.5173
641 11.9809 15.5173
588 11.9809 15.5173
812 11.9809 15.5173
488 11.9796 15.6533
661 11.9784 15.7688
211 11.9775 15.8652
646 11.9765 15.9668
674 11.9754 16.0734
881 11.9744 16.1745
682 11.9732 16.2956
61 11.972 16.415
741 11.9708 16.5409
455 11.9696 16.6614
673 11.9684 16.7772
572 11.9673 16.8902
722 11.9664 16.9827
898 11.879 25.805
794 11.9148 25.8548
710 11.9521 25.9068
899 11.9894 25.9587
268 12.0218 26.0038
985 12.0544 26.0492
963 12.0853 26.0922
331 12.1182 26.1379
4 12.1519 26.1848
74 12.1858 26.232
86 12.2212 26.2812
943 12.682 26.923
87 13.0853 27.4847
133 13.4424 27.9821
514 13.8295 28.5212
836 15.3338 30.6163
486 16.9763 32.9038
438 18.2469 34.6734
829 18.2592 34.6905
354 18.2722 34.7087
65 18.2863 34.7283
125 18.3004 34.7479
990 18.3143 34.7673
123 18.328 34.7863
283 18.8752 35.1967
700 19.5351 35.6916
10 20.2048 36.1939
612 20.9626 36.7622
78 21.6777 37.2985
602 22.3413 37.7962
529 23.4452 38.624
758 24.3055 39.2692
278 24.9745 39.7709
869 25.662 40.2865
811 26.4277 40.8608
679 27.166 41.4145
917 27.9323 41.9892
480 27.8208 42.0949
692 27.6881 42.2206
664 27.5069 42.3924
403 27.3284 42.5616
706 27.1815 42.7009
543 27.0123 42.8613
388 26.8565 43.009
7 26.7047 43.1529
414 26.5247 43.3236
302 26.3465 43.4925
723 26.1717 43.6582
37 26.0038 43.8173
535 25.8387 43.9739
397 25.6762 44.1279
748 25.5179 44.278
508 25.3504 44.4368
49 25.1881 44.5906
687 25.0121 44.7575
525 24.8007 44.9579
688 24.5947 45.1532
663 24.4043 45.3337
913 24.2312 45.4979
32 24.0534 45.6664
205 23.8714 45.8389
616 23.6382 46.06
633 23.6948 46.4776
475 23.7407 46.8163
422 23.7899 47.18
151 23.8305 47.4789
11 23.8788 47.8359
476 23.9293 48.2081
691 23.9892 48.6509
182 24.0322 48.9678
655 24.0749 49.2827
324 24.1289 49.6813
38 24.1756 50.0258
34 24.2347 50.4623
839 24.2819 50.8111
778 24.2819 50.8111
382 24.2819 50.8111
233 24.2819 50.8111
89 24.2819 50.8111
599 24.2819 50.8111
938 23.7563 50.7404
413 23.2953 50.6784
391 22.736 50.6032
949 22.2148 50.5331
619 21.7885 50.4758
908 21.1201 50.3859
897 20.477 50.2994
956 18.9427 50.0931
705 17.2644 49.8675
708 12.8661 49.276
936 11.8022 49.1329
496 10.7801 48.9955
47 9.42981 48.8139
328 8.3088 48.6632
909 8.31119 48.6968
698 8.31357 48.7302
527 8.31578 48.7614
770 8.3179 48.7912
489 8.32026 48.8243
384 8.32246 48.8553
312 8.32479 48.8881
228 8.3272 48.9219
330 8.3295 48.9543
46 8.332 48.9895
373 8.33488 49.0299
57 8.33737 49.065
128 8.33977 49.0987
677 8.34249 49.1369
341 8.34488 49.1705
849 8.34743 49.2064
174 8.34999 49.2423
972 8.35258 49.2787
863 8.35464 49.3076
352 8.3572 49.3437
505 8.35961 49.3776
542 8.36191 49.4099
423 8.36414 49.4412
731 8.36647 49.4739
958 8.36883 49.5071
749 8.37146 49.5441
157 8.37392 49.5788
771 8.37639 49.6133
652 8.37878 49.647
797 8.38133 49.6827
841 8.38373 49.7165
154 8.38618 49.7511
214 8.38876 49.7874
463 8.39119 49.8216
303 8.39376 49.8577
148 8.39606 49.89
212 8.39841 49.9231
166 8.40115 49.9616
218 8.40369 49.9973
116 8.40603 50.0303
534 8.40853 50.0653
222 8.41102 50.1002
100 8.41358 50.1364
499 8.41594 50.1695
122 8.7102 54.3144
734 9.01368 58.5888
966 9.14277 60.4076
760 9.17528 60.4128
925 9.20516 60.4175
381 9.23392 60.422
805 9.78945 60.5101
347 10.2917 60.5896
376 10.9147 60.6884
234 11.4877 60.7792
77 12.1463 60.8835
255 13.1769 61.0468
142 16.7451 61.6122
589 16.9172 61.7103
113 17.1022 61.8158
220 17.2783 61.9163
114 17.2893 61.9226
279 17.3008 61.9291
451 17.3136 61.9364
981 17.3254 61.9432
735 17.3371 61.9498
747 17.3479 61.956
957 17.3618 61.9639
565 17.3724 61.97
329 17.3851 61.9772
196 17.3964 61.9837
764 17.4086 61.9906
336 17.4209 61.9976
275 17.4354 62.0059
552 17.4484 62.0133
927 17.4612 62.0206
526 17.473 62.0274
901 17.484 62.0337
3 17.4942 62.0395
858 17.5059 62.0462
545 17.519 62.0536
59 17.7237 62.7812
600 17.9467 63.5735
680 18.122 64.1961
219 18.2919 64.7994
131 18.4678 65.4243
192 18.6559 66.0927
551 18.8635 66.8303
349 18.8951 66.9425
772 18.9275 67.0576
971 18.9658 67.1936
132 19.0005 67.3168
411 19.0362 67.4434
730 19.0758 67.5843
965 18.5423 67.6547
502 17.9309 67.7354
701 17.4219 67.8025
266 16.9194 67.8688
524 16.3179 67.9482
587 15.7653 68.0211
81 14.8954 68.1359
400 14.0419 68.2486
130 13.2048 68.359
939 12.2525 68.4848
784 12.2335 68.4873
694 12.2127 68.49
703 12.1961 68.4922
531 12.1764 68.4948
207 12.0037 71.4062
799 11.9974 71.511
948 11.991 71.619
371 11.9847 71.7252
277 11.9781 71.8355
517 11.9715 71.9467
667 11.9649 72.0577
482 11.9587 72.162
97 11.9519 72.2758
686 11.9451 72.39
433 11.9381 72.5076
888 11.932 72.6099
946 11.9162 72.7177
717 11.9016 72.817
665 11.8855 72.9269
607 11.8694 73.0366
970 11.854 73.1419
503 11.8368 73.2587
445 11.8203 73.3717
346 11.8032 73.4879
361 11.7869 73.5989
560 11.7696 73.717
991 11.7534 73.8278
728 11.7374 73.9364
427 11.7214 74.0454
162 11.706 74.1504
326 11.6896 74.2627
224 11.6735 74.3723
546 11.6567 74.4873
48 11.6416 74.59
338 11.6277 74.6846
75 11.6113 74.7966
950 11.5981 74.8862
487 11.5836 74.9857
429 11.57 75.0781
726 11.556 75.1733
99 11.5426 75.265
398 11.5288 75.3592
184 11.5125 75.4704
796 11.4978 75.5705
879 11.4839 75.6651
469 11.4679 75.7745
119 11.4543 75.8673
860 11.4381 75.9774
554 11.4226 76.0828
739 11.4107 76.164
14 11.3771 76.3937
272 11.3425 76.6292
630 11.3037 76.8938
830 11.2541 77.2323
436 11.2101 77.5318
93 11.1678 77.8205
719 11.1307 78.0731
759 11.0981 78.2955
457 11.0668 78.5095
321 11.0331 78.7392
374 10.9988 78.9726
298 10.9633 79.2147
95 10.9234 79.4868
890 10.8913 79.7055
944 10.8572 79.9382
31 10.8238 80.1662
178 10.79 80.3967
426 10.7562 80.6269
905 10.723 80.8531
657 10.6929 81.0586
88 10.6584 81.2941
443 10.6262 81.5131
168 10.5857 81.7893
825 10.5437 82.0759
556 10.5018 82.3617
500 10.4587 82.6556
639 10.4062 83.0136
399 10.299 83.7445
570 10.2102 84.3499
90 10.1174 84.9828
244 10.0112 85.7071
827 9.88408 86.5735
868 9.85571 86.7669
678 9.82987 86.9431
236 9.80408 87.119
585 9.77992 87.2836
495 9.75874 87.4281
916 9.73619 87.5819
693 9.71069 87.7557
711 9.68544 87.9278
1 9.66309 88.0802
386 9.64038 88.235
325 9.61874 88.3826
199 9.59224 88.5632
568 9.5672 88.7339
213 9.54266 88.9012
736 9.54156 88.9086
892 9.54041 88.9164
442 9.53913 88.9251
304 9.53787 88.9337
153 9.53666 88.9418
718 9.53544 88.9501
300 9.53421 88.9584
203 9.53299 88.9667
914 9.53167 88.9756
316 9.53049 88.9836
982 9.52921 88.9923
969 9.52791 89.001
401 9.52671 89.0092
364 9.52545 89.0177
547 9.5242 89.0262
39 9.52289 89.0351
462 9.52172 89.043
637 9.52053 89.0511
750 9.51928 89.0595
240 9.51822 89.0667
628 9.51701 89.0749
792 9.51575 89.0834
263 9.51449 89.092
815 9.51331 89.1
169 9.51208 89.1083
447 9.51076 89.1173
435 9.50942 89.1264
988 9.50821 89.1346
115 9.72187 89.0705
58 9.90801 89.0147
955 10.0612 88.9687
301 10.2146 88.9227
138 10.3859 88.8713
200 10.5537 88.821
380 10.7279 88.7688
712 10.9142 88.7129
106 11.0646 88.6678
557 11.2548 88.6107
405 11.4245 88.5598
695 11.6363 88.4963
108 11.8116 88.4437
360 12.0187 88.3816
776 12.187 88.3311
953 12.3427 88.2844
803 12.523 88.2304
780 12.7176 88.172
444 12.8889 88.1206
699 13.0811 88.063
424 13.2875 88.0011
247 13.4468 87.9533
615 13.6172 87.9022
17 13.8776 87.8241
446 14.1187 87.7518
15 14.3852 87.6718
227 14.649 87.5927
333 18.2547 86.1756
339 19.6326 85.6341
635 20.9969 85.0979
296 21.4579 85.4876
608 21.8459 85.8157
973 22.2619 86.1673
885 22.7801 86.6054
28 23.2979 87.0432
120 23.4411 87.1643
96 23.5742 87.2768
761 23.6954 87.3793
578 23.8125 87.4783
631 23.9536 87.5976
753 24.0223 87.6557
859 24.094 87.7163
183 24.1657 87.7769
76 24.2425 87.8419
441 24.321 87.9083
249 24.3909 87.9674
651 24.4733 88.037
20 24.5578 88.1085
231 24.5694 88.1183
611 24.5812 88.1283
786 24.5844 88.12
456 24.5875 88.1122
808 24.5908 88.104
714 24.5938 88.0962
593 24.6057 88.0662
44 24.618 88.0352
521 24.6296 88.0059
368 24.6427 87.9728
871 24.6543 87.9437
288 24.6671 87.9111
696 24.6789 87.8814
36 24.6905 87.8522
306 24.702 87.8232
768 24.7142 87.7922
833 24.728 87.7574
610 24.7406 87.7256
13 24.7529 87.6946
430 24.766 87.6616
490 24.7816 87.6223
933 24.7942 87.5903
50 24.8081 87.5551
491 24.8205 87.524
409 25.1003 86.8176
662 25.9968 84.5561
773 25.9968 84.5561
230 25.9968 84.5561
41 26.4024 83.4687
226 26.8219 82.3438
418 26.964 81.9629
918 27.127 81.5258
550 27.3083 81.0398
757 27.4837 80.5695
479 27.6659 80.081
256 27.8307 79.639
241 28.0069 79.1667
292 28.2261 78.5789
924 28.4251 78.0456
697 28.6012 78.0146
431 28.7753 77.984
886 28.9727 77.9493
604 29.2308 77.904
878 29.4743 77.8611
16 29.6779 77.8254
537 29.8932 77.7875
252 30.1292 77.746
789 30.3272 77.7112
638 30.5444 77.673
954 30.7573 77.6356
124 30.9813 77.5962
649 31.2099 77.556
454 31.404 77.5219
167 31.6072 77.4862
806 31.8264 77.4476
689 32.041 77.4099
60 32.2471 77.3737
223 32.46 77.3363
658 32.6616 77.3008
574 32.8985 77.2592
724 33.1536 77.2143
672 33.3702 77.1762
642 37.7591 76.4046
530 37.7176 76.2974
976 37.2148 74.9978
270 36.7353 73.7585
591 36.2126 72.4078
788 35.7408 71.1883
872 35.6251 70.8894
291 35.4881 70.5353
596 35.3598 70.2036
910 35.2393 69.8921
308 35.1108 69.5602
779 34.9964 69.2645
163 34.8749 68.9503
80 34.7553 68.6413
225 34.6276 68.3112
171 34.495 67.9687
21 34.3583 67.6154
404 34.2248 67.2703
929 34.0705 66.8714
676 33.9557 66.5748
756 33.8104 66.1994
510 33.7163 65.9561
410 33.7036 65.9231
571 33.6882 65.8834
729 33.6701 65.8366
507 33.6534 65.7935
733 33.6388 65.7557
903 33.6244 65.7185
601 33.6094 65.6798
327 33.7175 65.3769
79 33.851 65.003
912 33.9712 64.6661
501 34.0736 64.3794
846 34.1861 64.064
720 34.359 63.5797
390 34.5414 63.0689
603 34.7437 62.5021
523 34.8823 62.1138
640 35.0636 61.6058
359 35.2422 61.1055
147 35.4692 60.4697
522 35.6344 60.0068
264 35.719 59.7698
281 35.811 59.5121
576 35.8976 59.2695
765 35.9865 59.0203
54 36.0796 58.7596
471 36.1776 58.4849
891 36.2706 58.2243
30 36.3588 57.9772
809 36.4487 57.7255
715 36.5349 57.4838
137 36.6323 57.2111
56 36.7329 56.9293
104 36.8449 56.6156
732 36.9588 56.2962
533 37.0678 55.991
365 37.1702 55.7042
267 37.2864 55.3785
645 37.4012 55.057
493 37.537 54.6765
459 37.6759 54.2874
876 37.9508 53.5172
461 38.1796 52.8763
210 38.4018 52.2537
370 38.6114 51.6663
127 38.8439 51.0151
512 39.096 50.3088
155 39.3203 49.6803
180 39.5179 49.1268
783 39.7253 48.5458
237 39.9169 48.0091
342 40.144 47.3727
356 40.3613 46.7639
922 40.5446 46.2504
269 40.8401 45.4227
862 41.5018 43.569
191 42.1584 41.7294
467 42.5826 40.541
848 42.5826 40.541
853 42.5826 40.541
865 42.5826 40.541
594 45.8862 44.4889
875 45.9529 44.5685
930 46.0135 44.641
421 46.0703 44.7089
194 46.1379 44.7896
452 46.2021 44.8663
790 46.2625 44.9384
989 46.3276 45.0162
566 46.3924 45.0936
716 46.4613 45.1759
66 46.5273 45.2547
19 46.5881 45.3274
257 46.6494 45.4007
935 47.1764 46.0301
276 47.9419 46.9447
217 48.7033 47.8543
844 49.3568 48.6349
69 50.1979 49.6397
519 51.1624 50.792
85 52.0403 51.8406
282 52.819 52.7709
798 53.3677 53.4264
468 53.9164 54.0819
625 54.2334 54.4605
216 54.5309 54.8159
161 54.8175 55.1583
968 55.1027 55.499
238 55.325 55.7645
472 55.474 55.9425
538 55.9348 56.4931
623 56.3041 56.9343
762 56.7402 57.4552
964 57.106 57.8923
35 57.4584 58.3132
173 57.8415 58.7709
117 57.8415 58.7709
420 57.8415 58.7709
478 57.7195 58.7887
102 57.601 58.8059
485 57.4559 58.827
190 57.3183 58.847
842 57.1647 58.8693
617 56.934 58.9028
453 56.7475 58.9299
393 56.5849 58.9536
396 56.3925 58.9815
293 56.1966 59.01
855 55.9824 59.0411
791 55.8084 59.0664
647 55.6485 59.0897
743 55.4482 59.1188
84 55.2653 59.1454
793 55.0842 59.1717
907 54.9103 59.1969
945 54.7037 59.227
188 54.6236 59.415
843 54.5472 59.5942
492 54.4551 59.8102
810 54.2784 60.2249
186 54.1165 60.6047
597 53.9386 61.0221
577 53.7625 61.4354
804 53.5645 61.8999
558 53.5001 62.0509
857 53.4352 62.2032
484 53.4352 62.2032
440 53.4352 62.2032
498 53.4352 62.2032
101 53.4352 62.2032
923 53.4352 62.2032
68 53.4352 62.2032
683 52.4267 63.6534
112 51.8023 64.5515
632 51.2487 65.3476
621 50.7912 66.0056
175 50.1013 66.9976
847 50.4292 67.8552
540 50.5298 68.1186
235 50.6166 68.3454
91 50.7127 68.5968
986 50.8005 68.8266
144 50.8875 69.0541
802 50.9782 69.2915
315 51.0625 69.5119
515 51.1382 69.7099
921 51.2249 69.9366
208 51.3057 70.148
582 51.3886 70.3649
432 51.4673 70.5708
134 51.5404 70.7621
668 51.622 70.9755
987 51.7078 71.1999
340 51.7864 71.4055
248 51.8269 71.8609
880 51.8659 72.2996
369 51.8961 72.6391
895 51.9206 72.9151
826 51.9458 73.1979
564 51.9699 73.4694
350 51.9922 73.7205
562 52.0164 73.9928
513 52.0384 74.24
894 52.0609 74.493
94 52.0864 74.7796
769 52.1114 75.0614
406 52.1383 75.3641
671 52.16 75.6073
18 52.1828 75.864
605 51.9231 76.1921
109 51.6117 76.5855
931 51.2767 77.0089
294 48.537 80.4694
614 45.6611 84.1025
189 42.9225 87.562
253 40.1813 91.0247
172 40.1813 91.0247
539 40.1813 91.0247
105 40.1813 91.0247
129 40.1813 91.0247
613 40.1813 91.0247
320 40.1813 91.0247
866 40.1813 91.0247
139 40.1813 91.0247
416 40.1813 91.0247
92 40.1813 91.0247
2 40.1813 91.0247
919 40.1813 91.0247
305 40.1813 91.0247
448 40.1813 91.0247
752 40.1813 91.0247
559 40.1813 91.0247
165 40.1813 91.0247
877 40.1813 91.0247
265 40.1813 91.0247
561 40.1813 91.0247
840 40.1813 91.0247
343 40.1813 91.0248
309 40.1813 91.0248
766 40.1813 91.0248
22 40.1813 91.0248
392 40.1813 91.0248
874 40.1813 91.0248
974 40.1813 91.0248
181 40.1813 91.0248
5 40.1813 91.0248
73 40.1813 91.0248
449 40.1813 91.0248
271 40.1813 91.0248
569 40.1813 91.0248
437 40.1813 91.0248
763 40.1813 91.0248
375 40.1813 91.0248
738 40.1813 91.0248
72 40.1813 91.0248
206 40.1813 91.0248
82 40.1813 91.0248
141 40.1813 91.0248
795 40.1813 91.0248
536 40.1813 91.0248
319 40.1813 91.0248
814 40.1813 91.0248
53 40.1813 91.0248
548 40.1813 91.0248
470 40.1813 91.0248
150 40.1813 91.0248
960 40.1813 91.0248
428 40.217 91.018
707 41.3864 90.7959
961 42.6949 90.5474
532 43.5785 90.3796
146 44.3394 90.2351
516 45.3058 90.0515
746 46.1612 89.889
389 46.9841 89.7327
737 47.9809 89.5434
344 48.4529 89.4538
940 48.5139 89.4422
754 48.5811 89.4295
774 48.6431 89.4177
659 48.7031 89.4063
179 48.7693 89.3938
215 48.8295 89.3824
23 48.9009 89.3688
618 48.9665 89.3564
541 49.0285 89.3446
511 49.0962 89.3318
239 49.1604 89.3196
624 49.2301 89.3064
882 49.2952 89.294
713 49.3568 89.2823
156 49.4254 89.2693
434 49.4954 89.256
856 49.5641 89.243
202 49.626 89.2312
952 49.6881 89.2195
980 49.7518 89.2074
563 49.8071 89.1969
636 49.8687 89.1852
394 49.9272 89.1741
140 50.4126 89.082
126 50.8505 88.9989
755 51.281 88.9172
992 51.9495 88.7904
118 51.7664 88.3914
280 51.5676 87.9585
193 51.3771 87.5436
807 51.2063 87.1716
782 53.3586 86.943
9 55.3625 86.7301
800 55.5836 86.7066
477 55.8046 86.6831
259 56.0079 86.6615
567 56.2261 86.6383
861 56.4226 86.6174
460 56.6476 86.5935
832 56.6477 86.5935
911 56.6477 86.5935
245 57.0993 86.5418
335 57.5877 86.4858
378 58.0852 86.4288
185 58.5419 86.3765
817 59.0008 86.324
273 59.3598 86.2828
52 59.7125 86.2424
622 59.8202 86.2301
896 59.9179 86.2189
12 60.0366 86.2053
408 60.1523 86.1921
575 60.2954 86.1757
947 60.4254 86.1608
367 60.5636 86.145
851 60.7013 86.1292
40 60.8434 86.113
62 60.9897 86.0962
285 61.1892 86.0734
584 61.3366 86.0565
509 61.5361 86.0337
313 61.797 86.068
229 62.0833 86.1056
690 62.3785 86.1444
415 62.6868 86.1849
297 63.0647 86.2345
317 63.3994 86.2785
177 63.7517 86.3248
42 64.1038 86.3711
464 64.4484 86.4164
666 64.8107 86.464
465 65.1084 86.5031
417 65.4241 86.5446
775 65.6496 86.5742
937 65.8744 86.6038
159 66.1136 86.6352
984 66.2765 86.6566
816 66.459 86.6806
51 66.6666 86.7078
801 66.8514 86.7321
395 67.0538 86.7587
887 67.2584 86.7856
823 69.3109 87.0553
893 71.3769 87.3267
620 71.6442 87.3619
845 71.9561 87.4029
145 72.2783 87.4452
149 72.6147 87.4894
544 72.9639 87.5353
813 73.3376 87.5844
353 73.7021 87.6323
854 74.0708 87.6807
251 74.4293 87.7278
158 74.8125 87.7782
494 75.2157 87.8312
580 75.5997 87.8817
71 75.9964 87.8974
318 76.4493 87.9153
818 77.0211 87.9379
481 77.5787 87.96
135 78.9458 88.0141
983 80.6737 88.0826
928 81.3944 88.1112
820 81.705 87.7234
864 82.1113 87.2163
685 82.5136 86.714
322 82.8183 86.3336
889 83.1458 85.9248
648 83.452 85.5426
725 83.7426 85.1798
473 84.086 84.7511
740 84.4263 84.3263
742 84.7493 83.923
311 85.1578 83.4131
25 85.453 83.0446
204 85.7321 82.6962
372 86.0004 82.3613
450 84.3832 79.9706
660 83.2891 78.3531
83 81.2904 75.3984
332 80.4005 74.0828
201 79.5134 72.7714
962 78.9045 71.8712
110 78.3797 71.0954
528 77.9726 70.4936
744 77.4907 69.7812
290 76.9511 68.9835
904 76.4415 68.2302
650 76.3436 67.7134
67 76.2637 67.2916
975 76.1932 66.9199
837 76.1215 66.5415
727 76.036 66.0903
941 75.9287 65.524
385 75.8521 65.1195
867 75.7622 64.6452
767 75.6581 64.0958
977 75.6581 64.0958
654 75.6581 64.0958
900 76.0252 63.7234
579 76.4084 63.3349
383 76.9267 62.8092
152 77.4034 62.3257
852 77.9612 61.7601
932 78.576 61.1365
583 79.0476 60.6582
553 79.5626 60.136
107 80.6311 59.4484
684 80.9576 59.2383
242 81.2901 59.0244
838 81.6208 58.8116
884 81.9544 58.5969
198 82.2492 58.4073
506 82.5474 58.2154
387 82.8354 58.0301
170 83.1581 57.8224
425 83.442 57.6398
497 83.7794 57.4227
951 80.733 55.2705
745 75.7377 51.7416
334 75.7377 51.7416
670 75.7377 51.7416
466 75.7377 51.7416
967 75.7377 51.7416
274 75.7377 51.7416
978 65.3916 52.312
262 65.1305 52.3264
70 65.1305 52.3264
286 65.1305 52.3264
850 65.1305 52.3264
606 65.1305 52.3264
926 65.1305 52.3264
357 65.1305 52.3264
942 65.1305 52.3264
656 65.1305 52.3264
143 65.1305 52.3264
232 65.1305 52.3264
595 65.1305 52.3264
675 67.5579 50.5781
920 69.6893 49.0432
592 70.9872 48.1085
29 72.0328 47.3556
644 72.968 46.6822
195 74.6398 45.4783
136 76.2081 44.3489
609 77.7989 40.2004
33 79.7816 35.0306
520 80.9956 31.8646
98 82.4392 28.1
835 82.4392 28.1
590 83.1232 26.1497
345 84.7177 21.6025
627 85.6077 19.0646
483 86.16 17.4898
260 85.9523 17.5744
243 85.1798 17.8892
979 83.5693 18.5455
