0,721,504,176,295,598,777,103,581,419,518,407,287,246,26,363,310,573,351,669,822,307,824,64,643,704,111,626,883,191,834,586,379,261,934,257,467,935,480,853,160,873,337,653,943,486,709,7,692,529,612,151,869,811,221,549,787,566,194,778,687,862,356,917,848,843,155,876,597,945,237,147,989,783,522,790,922,69,510,438,180,30,461,370,891,49,756,38,34,908,507,269,324,413,543,748,302,11,619,603,913,414,397,706,664,535,37,403,758,797,679,182,475,125,616,476,87,723,700,121,283,391,633,655,508,388,829,65,268,836,133,902,278,284,474,641,899,602,661,354,915,702,254,205,32,812,629,588,646,488,682,881,722,674,211,8,362,348,299,366,258,402,741,61,572,187,412,455,439,710,514,963,898,331,673,4,86,794,74,863,78,499,958,328,663,303,330,909,489,100,805,157,652,312,771,47,749,128,770,148,228,985,384,46,341,731,10,116,218,166,154,423,212,505,233,841,123,990,849,122,463,214,925,57,949,131,542,373,174,938,496,858,142,352,534,527,677,196,708,936,691,897,972,589,222,531,445,3,747,703,279,347,234,607,665,799,784,565,524,119,411,482,338,686,376,77,277,734,630,192,601,349,772,764,275,981,760,903,971,132,336,924,698,957,267,927,705,382,79,733,640,956,735,846,422,59,688,493,525,329,545,788,89,163,137,80,599,21,404,365,965,359,635,571,729,901,720,587,175,451,839,658,479,220,99,726,950,502,81,701,946,501,390,552,604,130,327,266,400,361,680,600,490,487,560,789,574,662,591,326,970,503,162,114,948,739,796,526,717,219,346,457,381,556,48,694,97,207,667,966,639,939,759,554,991,500,31,298,551,570,433,905,90,429,272,255,890,398,427,517,860,371,75,224,93,95,830,247,374,879,728,657,321,615,113,14,557,546,325,568,288,431,916,973,184,178,825,339,495,360,550,168,199,718,953,240,736,169,401,447,892,153,955,780,436,914,792,203,1,88,442,944,301,39,106,547,426,711,213,300,446,719,678,637,699,405,108,803,17,249,585,380,435,988,868,695,236,386,263,982,444,750,304,933,138,693,200,815,364,316,628,827,969,491,409,651,15,776,712,753,462,871,244,430,761,456,44,593,183,608,833,631,611,36,696,227,115,13,399,859,714,96,20,441,795,271,306,521,610,730,885,888,443,886,428,757,333,418,773,561,16,614,537,256,241,167,672,253,76,954,638,578,41,806,454,469,28,919,223,73,120,392,697,58,368,60,50,296,2,786,141,172,918,92,470,22,424,215,437,139,72,448,53,150,146,768,808,960,231,389,877,738,434,752,866,230,707,394,548,974,613,569,129,766,896,713,511,181,344,375,265,541,245,961,309,539,746,5,156,874,105,23,584,911,984,559,624,882,774,320,952,516,206,416,305,259,659,536,763,165,449,239,179,532,343,814,618,980,755,564,856,921,94,801,369,947,940,406,126,12,530,408,642,193,895,367,313,415,880,202,575,378,887,636,140,754,477,112,857,671,51,40,816,229,800,861,18,145,690,987,782,62,317,297,622,118,335,280,185,620,544,823,851,737,817,158,464,52,273,481,159,465,666,318,177,813,42,992,395,818,149,71,285,567,845,353,648,740,775,742,893,725,83,473,494,864,251,580,820,928,854,983,135,660,25,889,311,322,528,204,685,385,450,332,372,107,506,884,497,170,136,951,387,684,242,232,838,553,198,977,967,592,670,334,466,29,920,842,932,941,606,583,323,357,644,425,595,875,926,68,201,942,420,656,485,900,850,340,650,852,102,810,173,907,190,188,293,478,70,110,117,625,282,186,798,793,468,286,238,515,393,440,208,937,67,579,867,837,962,152,904,727,509,975,654,383,417,290,931,315,847,582,453,762,744,769,91,832,216,161,617,9,647,968,460,668,605,109,432,319,225,134,235,523,270,802,292,807,226,976,350,189,840,82,248,826,513,649,986,872,715,540,910,252,459,308,878,171,484,144,124,689,894,294,724,562,563,632,645,264,210,56,804,533,929,596,104,809,912,576,558,683,855,621,765,54,410,779,291,676,791,732,471,743,84,452,512,85,923,281,127,978,492,101,577,623,519,217,538,262,143,964,767,35,498,43,396,342,276,844,555,209,472,828,355,716,906,63,870,197,27,594,681,458,634,66,421,821,164,6,289,675,24,865,785,250,314,19,358,45,959,377,819,781,751,930,831,55,590,520,745,274,609,195,835,33,98,627,345,979,483,260,243,
value : 504.602 running time : 45.634674
0 80 20
721 73.4512 18.5039
504 70.8289 17.9048
176 68.7051 17.4196
295 67.1324 17.0602
598 65.6397 16.7192
777 63.9139 16.3249
103 62.4415 15.9885
581 58.2286 16.3682
419 50.8195 17.036
518 44.0844 17.643
407 41.5032 18.1698
287 39.999 18.4768
246 38.5064 18.7814
26 38.132 18.8578
363 37.7307 18.9397
310 37.3524 19.0169
573 36.9526 19.0986
351 36.5456 19.1816
669 36.1675 19.2588
822 36.1675 19.2588
307 36.1675 19.2588
824 36.1675 19.2588
64 36.1675 19.2588
643 36.1675 19.2588
704 36.4267 19.9758
111 36.7127 20.7668
626 36.9938 21.5442
883 37.3035 22.4007
191 37.6468 23.3502
834 37.8572 23.9321
586 38.0485 24.4612
379 38.2145 24.9203
261 38.3805 25.3794
934 38.5531 25.8568
257 38.7362 26.3632
467 38.8796 26.76
935 39.0335 27.1857
480 39.1319 27.4577
853 39.1319 27.4577
160 39.1319 27.4577
873 39.1319 27.4577
337 38.8657 27.6163
653 38.5759 27.7891
943 30.2335 32.762
486 30.4194 33.1485
709 30.6033 33.5306
7 30.8601 34.0646
692 31.0719 34.5047
529 31.2432 34.8609
612 31.4132 35.2143
151 31.6013 35.6053
869 31.7702 35.9565
811 31.9516 36.3335
221 32.118 36.6795
549 32.3899 37.2446
787 32.6916 37.8718
566 33.9249 40.4356
194 34.7186 42.0856
778 35.1663 43.0164
687 35.5134 43.7379
862 35.9155 44.5739
356 36.3173 45.4091
917 36.7165 46.239
848 37.1709 47.1836
843 37.5738 48.021
155 37.5738 48.021
876 37.5738 48.021
597 37.5738 48.021
945 37.4942 48.0304
237 37.4011 48.0413
147 37.3106 48.0519
989 37.2275 48.0617
783 37.1408 48.0719
522 37.0608 48.0812
790 36.9772 48.0911
922 36.8866 48.1017
69 36.8009 48.1117
510 35.0259 48.32
438 34.5232 48.379
180 34.1356 48.4245
30 33.7116 48.4743
461 33.2034 48.5339
370 32.5942 48.6054
891 31.698 48.7106
49 30.8081 48.815
756 29.8125 48.9318
38 28.9043 49.0384
34 27.9431 49.1512
908 27.8347 48.9844
507 27.7367 48.8336
269 27.5549 48.5538
324 27.3704 48.2699
413 27.1777 47.9734
543 26.9854 47.6775
748 26.7996 47.3917
302 26.6209 47.1167
11 26.4294 46.8221
619 26.2555 46.5544
603 26.0794 46.2835
913 25.8841 45.9828
414 25.6738 45.6594
397 25.4727 45.3498
706 25.2785 45.051
664 25.0715 44.7324
535 24.8715 44.4247
37 24.6668 44.1097
403 24.4627 43.7957
758 24.2561 43.4778
797 24.0444 43.152
679 23.8292 42.8208
182 23.6326 42.5183
475 23.253 41.9342
125 22.8329 41.2877
616 22.4818 40.7475
476 22.1916 40.301
87 21.8845 39.8284
723 21.8485 39.7731
700 21.8083 39.7111
121 21.7715 39.6545
283 21.7363 39.6004
391 21.7363 39.6004
633 21.7363 39.6004
655 21.68 39.452
508 21.6261 39.31
388 21.2389 38.2897
829 20.7732 37.0624
65 20.3319 35.8997
268 19.8991 34.7592
836 19.5925 33.9512
133 19.3189 33.2305
902 19.3189 33.2305
278 19.3189 33.2305
284 17.85 30.2555
474 17.6961 29.9438
641 17.5567 29.6616
899 17.4216 29.3879
602 17.2916 29.1246
661 17.1534 28.8447
354 17.0258 28.5864
915 16.888 28.3073
702 16.7481 28.0239
254 16.6321 27.7889
205 16.5478 27.6182
32 16.4375 27.3947
812 10.8654 16.1098
629 10.8654 16.1098
588 10.8654 16.1098
646 10.8654 16.1098
488 10.8654 16.1098
682 10.8681 16.1211
881 10.8707 16.1322
722 10.8735 16.1441
674 10.876 16.1546
211 10.8785 16.165
8 10.8809 16.1755
362 10.9792 16.5922
348 11.08 17.0197
299 11.1816 17.4506
366 11.2734 17.8396
258 11.3655 18.2301
402 11.4534 18.6028
741 11.5373 18.9588
61 11.62 19.3094
572 11.7128 19.7029
187 11.7971 20.0605
412 11.9122 20.5484
455 12.0333 21.0617
439 12.1544 21.5753
710 12.0661 24.2894
514 11.9908 26.6067
963 11.9585 27.5994
898 11.922 28.7219
331 11.9052 29.2375
673 11.8854 29.8447
4 11.8636 30.5151
86 11.8392 31.2645
794 11.8172 31.941
74 11.7861 32.8987
863 11.6774 36.2407
78 11.6089 38.3452
499 11.555 40.0016
958 11.5372 40.5473
328 11.5187 41.1167
663 11.4896 42.0132
303 11.4609 42.8929
330 11.4542 43.0995
909 11.4467 43.3313
489 11.4396 43.5495
100 11.4329 43.7555
805 11.4269 43.9394
157 11.4212 44.1152
652 11.4162 44.2687
312 11.4112 44.4231
771 11.4062 44.5747
47 11.4009 44.7371
749 11.3961 44.887
128 11.3913 45.0319
770 11.3868 45.1729
148 11.382 45.3178
228 11.3772 45.4651
985 11.3725 45.6105
384 11.3589 46.0301
46 11.3447 46.4668
341 11.329 46.9491
731 11.3143 47.4016
10 11.2989 47.8747
116 11.2772 48.542
218 11.2596 49.0826
166 11.2436 49.5744
154 11.2301 49.9899
423 11.2161 50.4192
212 11.1978 50.9811
505 11.1723 51.7638
233 11.1476 52.525
841 11.1476 52.525
123 11.1476 52.525
990 11.1476 52.525
849 11.1285 52.741
122 11.1119 52.9301
463 11.0975 53.0931
214 11.0812 53.2775
925 11.0654 53.457
57 11.0518 53.6111
949 11.0377 53.7705
131 11.0201 53.9703
542 11.006 54.1299
373 10.9912 54.298
174 10.9758 54.4733
938 10.9597 54.6552
496 10.9439 54.834
858 10.9246 55.0531
142 10.9045 55.2811
352 10.8797 55.5625
534 10.8543 55.8505
527 10.8257 56.1742
677 10.7973 56.4963
196 10.7699 56.8075
708 10.7442 57.0989
936 10.7177 57.3989
691 10.6882 57.7333
897 10.6587 58.0685
972 10.6348 58.3387
589 10.6092 58.6296
222 10.5846 58.9078
531 10.4726 60.1777
445 10.3645 61.4042
3 10.3645 61.4044
747 10.3644 61.4046
703 10.3644 61.4048
279 10.3644 61.405
347 10.3644 61.4053
234 10.3644 61.4055
607 10.3643 61.4058
665 10.3971 61.3952
799 10.4327 61.3837
784 10.4739 61.3704
565 10.5153 61.357
524 10.5485 61.3463
119 10.5832 61.3351
411 10.6215 61.3227
482 10.6546 61.312
338 10.687 61.3016
686 10.7205 61.2908
376 11.0521 61.1837
77 11.3704 61.0809
277 11.767 60.9529
734 12.2321 60.8027
630 13.0109 60.5513
192 13.7643 60.3081
601 14.5858 60.0429
349 15.2558 59.8265
772 15.6599 59.6961
764 16.0777 59.5612
275 16.5038 59.4236
981 16.8955 59.2971
760 17.2566 59.1806
903 17.7443 59.0231
971 18.0259 58.9322
132 18.2789 58.8505
336 18.5432 58.7652
924 18.8199 58.6759
698 19.1111 58.5818
957 19.4117 58.4848
267 19.6701 58.4013
927 19.8806 58.3334
705 20.0992 58.2628
382 20.3158 58.1929
79 20.5258 58.1251
733 20.736 58.0572
640 20.9469 57.9891
956 21.1397 57.9269
735 21.3416 57.8617
846 21.5407 57.7974
422 21.7541 57.7285
59 21.9855 57.6538
688 22.2155 57.5796
493 22.429 57.5106
525 22.6147 57.4507
329 23.1762 58.6362
545 23.6947 59.731
788 24.248 60.8995
89 24.7457 61.9503
163 27.9757 68.7705
137 28.0069 68.8364
80 28.0391 68.9045
599 28.0272 68.9143
21 28.0164 68.9232
404 28.0055 68.9322
365 27.9943 68.9415
965 27.9808 68.9526
359 27.9683 68.963
635 27.9544 68.9744
571 27.9441 68.9829
729 27.9336 68.9916
901 27.9227 69.0006
720 27.9114 69.0099
587 27.9003 69.0191
175 27.89 69.0275
451 27.8763 69.0388
839 27.8634 69.0495
658 27.5191 69.3337
479 27.143 69.644
220 26.8174 69.9127
99 26.5089 70.1673
726 26.2016 70.4208
950 25.9129 70.6591
502 25.6254 70.8963
81 25.4092 71.0747
701 25.2092 71.2398
946 25.0123 71.4022
501 24.8201 71.5608
390 24.6221 71.7242
552 24.407 71.9017
604 24.1981 72.0741
130 23.9793 72.2545
327 23.7739 72.4241
266 23.5611 72.5996
400 23.3391 72.7828
361 23.1375 72.9492
680 22.9394 73.1127
600 22.7568 73.2633
490 22.5696 73.4177
487 22.5696 73.4177
560 22.5696 73.4177
789 22.5696 73.4177
574 22.5696 73.4177
662 22.5696 73.4177
591 21.8745 73.3907
326 20.0241 73.3187
970 18.3059 73.2518
503 17.5006 73.2205
162 16.7923 73.1929
114 16.1117 73.1664
948 15.4734 73.1416
739 14.9356 73.1207
796 14.404 73.1
526 13.8449 73.0782
717 13.0245 73.0463
219 12.6442 73.0315
346 12.2852 73.0175
457 11.9185 73.0032
381 11.5493 72.9889
556 11.339 72.9807
48 11.135 72.9728
694 10.9027 72.9637
97 10.7068 72.9561
207 10.4872 72.9475
667 10.2978 72.9402
966 10.1195 72.9332
639 9.96802 72.9273
939 9.8149 72.9214
759 9.84802 73.1149
554 9.87293 73.2604
991 9.89517 73.3904
500 9.91813 73.5245
31 9.94156 73.6614
298 9.96207 73.7812
551 9.98425 73.9108
570 10.0055 74.0352
433 10.0259 74.1541
905 10.0468 74.2764
90 10.0653 74.3841
429 10.0821 74.4825
272 10.0989 74.5808
255 10.1173 74.6878
890 10.1384 74.8112
398 10.1569 74.9191
427 10.1765 75.0339
517 10.1975 75.1566
860 10.2224 75.3019
371 10.2451 75.4348
75 10.309 75.8083
224 10.3648 76.1338
93 10.4307 76.5193
95 10.4767 76.7876
830 10.5128 76.9987
247 10.5532 77.235
374 10.5684 77.3237
879 10.5843 77.4163
728 10.6028 77.5247
657 10.6213 77.6327
321 10.641 77.7478
615 10.6605 77.8614
113 10.6787 77.9682
14 10.6989 78.0858
557 10.9751 79.6995
546 11.1088 80.4808
325 11.2415 81.256
568 11.3737 82.0288
288 11.4501 82.4746
431 11.4696 82.5885
916 11.49 82.7077
973 11.5099 82.824
184 11.5099 82.824
178 11.5099 82.824
825 11.5099 82.824
339 11.5099 82.824
495 11.5099 82.824
360 11.5099 82.824
550 11.5099 82.824
168 11.4668 83.0915
199 11.4162 83.4051
718 11.374 83.6671
953 11.3326 83.9236
240 11.2968 84.1458
736 11.2578 84.3875
169 11.2206 84.6182
401 11.1829 84.8524
447 11.1457 85.0828
892 11.1121 85.2913
153 11.0773 85.5076
955 11.0436 85.7165
780 11.008 85.9374
436 10.9696 86.1757
914 10.9287 86.4293
792 10.894 86.6443
203 10.8585 86.8649
1 10.8193 87.108
88 10.7832 87.3318
442 10.7441 87.5742
944 10.7088 87.7933
301 10.6537 88.1353
39 10.5999 88.4687
106 10.5535 88.7564
547 10.5122 89.0128
426 10.4698 89.276
711 10.4191 89.5903
213 10.374 89.87
300 10.3732 89.8749
446 10.3724 89.8802
719 10.3715 89.8855
678 10.3706 89.8911
637 10.3698 89.8962
699 10.369 89.9014
405 10.368 89.907
108 10.3672 89.9119
803 10.3664 89.9171
17 10.3656 89.9221
249 10.3648 89.9273
585 10.3638 89.9332
380 10.3629 89.9387
435 10.3621 89.9436
988 10.3614 89.9483
868 10.5636 89.9261
695 10.8036 89.8999
236 10.9787 89.8807
386 11.1608 89.8608
263 11.3376 89.8415
982 11.5376 89.8196
444 11.732 89.7983
750 11.9353 89.7761
304 12.1454 89.7531
933 12.3627 89.7293
138 12.5391 89.71
693 12.722 89.69
200 12.9201 89.6683
815 13.1309 89.6453
364 13.3346 89.623
316 13.5541 89.599
628 13.7732 89.575
827 14.0041 89.5497
969 14.4814 89.4975
491 17.0277 89.2189
409 17.9217 89.1211
651 18.2461 89.0856
15 18.5431 89.0531
776 18.8545 89.0191
712 19.1785 88.9836
753 19.5046 88.9479
462 19.8237 88.913
871 20.1663 88.8756
244 20.5019 88.8388
430 20.8553 88.8002
761 21.1398 88.769
456 21.4071 88.7398
44 21.6766 88.7103
593 21.9387 88.6816
183 22.2039 88.6526
608 22.4805 88.6224
833 22.7613 88.5916
631 23.0534 88.5597
611 23.3103 88.5316
36 23.3318 88.5292
696 23.3531 88.5269
227 23.3741 88.5246
115 23.396 88.5222
13 23.4185 88.5198
399 23.4405 88.5173
859 23.4671 88.5144
714 23.4927 88.5116
96 23.5192 88.5087
20 23.5441 88.506
441 23.6963 88.3561
795 23.8718 88.1833
271 24.0283 88.0292
306 24.1391 87.92
521 24.2668 87.7942
610 25.2502 86.8257
730 26.4049 85.6885
885 26.4816 85.613
888 26.5659 85.5299
443 26.8907 85.6392
886 27.2802 85.7702
428 27.7288 85.921
757 28.1538 86.064
333 28.5949 86.2123
418 29.0835 86.3766
773 29.5796 86.5435
561 30.0654 86.7068
16 30.0654 86.7068
614 30.0654 86.7068
537 30.0654 86.7068
256 30.0767 86.7432
241 30.0874 86.7772
167 30.0977 86.8101
672 30.1083 86.8444
253 30.1187 86.8774
76 30.1287 86.9094
954 30.1384 86.9405
638 30.1491 86.975
578 30.1594 87.0079
41 30.1701 87.042
806 30.1809 87.0766
454 30.1919 87.112
469 30.2042 87.1511
28 30.2179 87.1951
919 30.2284 87.2287
223 30.2392 87.2633
73 30.2512 87.3016
120 30.2627 87.3385
392 30.2736 87.3732
697 30.2841 87.4068
58 30.2959 87.4446
368 30.3076 87.4821
60 30.3184 87.5166
50 30.3299 87.5535
296 30.3405 87.5875
2 30.3525 87.6259
786 30.3654 87.6673
141 30.377 87.7044
172 30.3889 87.7423
918 30.4008 87.7804
92 30.4128 87.8189
470 30.4248 87.8573
22 30.4363 87.8939
424 30.447 87.9282
215 30.4589 87.9662
437 30.6811 88.6774
139 30.9119 89.4161
72 30.944 89.5189
448 30.976 89.6211
53 31.0058 89.7166
150 31.0332 89.8042
146 31.0618 89.8959
768 31.0911 89.9895
808 32.6488 90.0975
960 34.2072 90.2055
231 36.1889 90.3429
389 38.4474 90.4995
877 39.9774 90.6055
738 41.6991 90.7249
434 44.4603 90.9163
752 44.5139 90.92
866 44.5986 90.9259
230 44.676 90.9313
707 44.7585 90.937
394 44.8466 90.9431
548 44.9375 90.9494
974 45.0334 90.9561
613 45.1469 90.9639
569 45.2788 90.9731
129 45.4134 90.9824
766 45.5589 90.9925
896 45.7121 91.0031
713 45.8339 91.0116
511 45.9591 91.0203
181 46.0733 91.0282
344 46.2011 91.0371
375 46.2011 91.0371
265 46.2011 91.0371
541 46.5013 90.8796
245 46.8097 90.7179
961 47.0675 90.5827
309 47.3392 90.4402
539 47.6321 90.2866
746 47.9247 90.1331
5 48.2154 89.9806
156 48.536 89.8125
874 48.8529 89.6463
105 49.3797 89.37
23 49.9462 89.0729
584 50.5608 88.7506
911 51.0284 88.5054
984 51.0284 88.5054
559 51.0284 88.5054
624 51.0458 88.493
882 51.0634 88.4806
774 51.0817 88.4676
320 51.0994 88.455
952 51.1174 88.4422
516 51.134 88.4304
206 51.1505 88.4187
416 51.1675 88.4066
305 51.1858 88.3937
259 51.2046 88.3803
659 51.2217 88.3682
536 51.2391 88.3559
763 51.2558 88.344
165 51.2734 88.3315
449 51.2917 88.3185
239 51.4567 88.2014
179 51.6374 88.0732
532 51.7886 87.9659
343 51.9723 87.8355
814 52.1709 87.6946
618 52.3807 87.5457
980 52.5895 87.3975
755 52.7917 87.254
564 53.0008 87.1057
856 53.2235 86.9476
921 53.5192 86.7377
94 53.7796 86.553
801 53.9348 86.4428
369 54.0708 86.3463
947 54.1992 86.2552
940 54.3332 86.1601
406 54.4669 86.0652
126 54.6061 85.9664
12 54.7457 85.8674
530 54.871 85.7785
408 55.004 85.6841
642 55.149 85.5812
193 55.294 85.4783
895 55.4601 85.3604
367 55.6152 85.2503
313 55.7812 85.1325
415 55.9571 85.0077
880 56.1331 84.8828
202 56.3058 84.7602
575 56.4924 84.6278
378 56.6758 84.4976
887 56.8321 84.3867
636 56.9895 84.275
140 57.1598 84.1542
754 57.336 84.0291
477 57.5351 83.8879
112 57.7297 83.7497
857 58.0221 83.834
671 58.9735 84.1083
51 59.9681 84.395
40 60.0037 84.4052
816 60.0425 84.4164
229 60.0799 84.4272
800 60.1171 84.4379
861 60.1553 84.4489
18 60.1994 84.4616
145 60.2411 84.4736
690 60.2765 84.4839
987 60.3136 84.4946
782 60.3498 84.505
62 60.3865 84.5156
317 60.8765 84.6568
297 61.3538 84.7944
622 61.7953 84.9217
118 62.1668 85.0287
335 62.5903 85.1508
280 63.0696 85.289
185 63.8484 85.5135
620 64.6069 85.7321
544 64.6069 85.7321
823 64.6069 85.7321
851 64.6069 85.7321
737 64.9158 85.7911
817 65.369 85.8778
158 65.7935 85.9589
464 66.1508 86.0272
52 66.5171 86.0972
273 66.8672 86.1641
481 67.2337 86.2341
159 67.6072 86.3055
465 67.9068 86.3627
666 68.2209 86.4228
318 68.5104 86.4781
177 68.7795 86.5295
813 69.0798 86.5869
42 69.3538 86.6393
992 69.6377 86.6936
395 69.9583 86.7548
818 70.3892 86.8372
149 70.7759 86.9111
71 71.144 86.9814
285 71.523 87.0539
567 71.8882 87.1237
845 72.3696 87.2157
353 72.8776 87.3127
648 73.3893 87.4105
740 73.8179 87.4924
775 74.1636 87.5585
742 74.5373 87.6299
893 74.9128 87.7017
725 75.2417 87.7645
83 75.5334 87.8203
473 75.9198 87.8941
494 75.99 87.9075
864 76.0611 87.9211
251 76.1346 87.9352
580 76.2079 87.9492
820 78.6898 88.1568
928 80.9149 88.3429
854 80.9352 88.3092
983 80.9562 88.2745
135 80.9821 88.2315
660 84.6652 82.1258
25 84.8705 81.7855
889 85.0562 81.4776
311 85.3051 81.0649
322 85.4968 80.7471
528 85.8344 80.1874
204 86.1311 79.6956
685 86.4054 79.2409
385 86.7257 78.7098
450 86.7257 78.7098
332 86.7257 78.7098
372 86.7257 78.7098
107 85.5511 64.8712
506 85.5157 64.4543
884 85.483 64.0681
497 85.4614 63.8136
170 83.4862 62.5114
136 81.3078 61.0751
951 79.7826 60.0695
387 78.3534 59.1272
684 77.0293 58.2542
242 74.8979 56.849
232 72.4104 55.2088
838 72.4104 55.2088
553 72.4104 55.2088
198 72.4104 55.2088
977 72.4104 55.2088
967 71.6679 54.7544
592 70.8865 54.2761
670 70.0488 53.7633
334 69.3109 53.3117
466 68.3133 52.7011
29 68.2895 52.6943
920 68.2662 52.6877
842 68.2398 52.6801
932 68.2174 52.6737
941 68.1918 52.6664
606 68.1644 52.6586
583 68.1407 52.6518
323 68.1144 52.6443
357 67.4807 52.655
644 66.9223 52.6644
425 66.4003 52.6732
595 64.7065 52.7018
875 63.1116 52.7287
926 63.5431 54.9814
68 64.1902 58.3603
201 64.6402 60.7098
942 64.6402 60.7098
420 64.6402 60.7098
656 64.6402 60.7098
485 64.6402 60.7098
900 64.6402 60.7098
850 64.5054 60.7746
340 64.3497 60.8494
650 64.2194 60.912
852 64.0913 60.9736
102 63.9221 61.0549
810 63.7205 61.1518
173 63.5512 61.2331
907 63.3918 61.3097
190 63.2363 61.3844
188 63.0653 61.4666
293 62.9174 61.5377
478 62.7753 61.6059
70 62.6275 61.6769
110 62.4679 61.7537
117 62.2743 61.8467
625 61.9647 61.9955
282 61.6867 62.129
186 61.4503 62.2426
798 61.4503 62.2426
793 61.8295 62.7893
468 62.3468 63.535
286 62.8973 64.3288
238 63.5898 65.3272
515 64.2996 66.3507
393 64.9836 67.3369
440 65.6869 68.351
208 66.3451 69.3001
937 66.8207 69.9859
67 66.821 69.9862
579 66.8213 69.9867
867 66.8215 69.987
837 66.8218 69.9874
962 66.822 69.9877
152 66.8222 69.9881
904 66.8225 69.9884
727 66.8227 69.9888
509 66.8229 69.9891
975 66.8232 69.9894
654 66.8234 69.9898
383 66.8237 69.9901
417 66.8048 72.0016
290 65.4531 71.9889
931 64.0698 71.9758
315 63.0083 71.9658
847 62.0441 71.9566
582 61.0946 71.9476
453 60.281 71.9399
762 59.8081 71.9354
744 59.3442 71.931
769 58.6839 71.9248
91 58.061 71.9189
832 57.4989 71.9135
216 56.9083 71.9079
161 56.4831 71.9039
617 56.124 71.9005
9 55.7795 71.8972
647 55.4257 71.8938
968 54.5013 71.8851
460 53.6035 71.8766
668 52.5682 71.8668
605 51.2671 71.8545
109 49.7667 71.8403
432 48.1772 71.8253
319 46.5172 71.8097
225 45.9642 71.77
134 45.476 71.7349
235 45.0006 71.7008
523 44.4953 71.6645
270 44.0138 71.6299
802 43.6269 71.6021
292 43.1763 71.5697
807 43.0494 71.5606
226 42.9228 71.5515
976 42.8056 71.5431
350 42.6878 71.5346
189 42.5663 71.5259
840 42.4545 71.5178
82 42.3479 71.5102
248 42.2366 71.5022
826 42.1224 71.494
513 41.9963 71.4849
649 41.859 71.4751
986 41.7395 71.4665
872 41.5898 71.4557
715 41.5794 71.455
540 41.5688 71.4542
910 41.5578 71.4534
252 41.5468 71.4526
459 41.5371 71.4519
308 41.5266 71.4512
878 41.517 71.4505
171 41.5082 71.4499
484 41.4993 71.4492
144 41.4898 71.4485
124 41.48 71.4478
689 41.5948 71.152
894 41.7331 70.7955
294 41.8635 70.4594
724 42.0127 70.0748
562 42.1661 69.6793
563 42.4062 69.0606
632 42.7684 68.1269
645 43.2589 66.8628
264 43.9826 64.9974
210 44.5554 63.5208
56 44.6053 63.3921
804 44.6608 63.2491
533 44.7157 63.1076
929 44.7682 62.9723
596 44.8934 62.7892
104 45.0346 62.5826
809 45.1789 62.3715
912 45.3212 62.1633
576 45.4746 61.9389
558 45.6243 61.72
683 45.7706 61.5059
855 45.9254 61.2796
621 46.0837 61.048
765 46.2326 60.8302
54 46.3914 60.5978
410 46.5577 60.3545
779 46.7307 60.1015
291 46.9197 59.825
676 47.3358 59.2163
791 47.7975 58.541
732 48.2386 57.8958
471 48.7629 57.1288
743 49.3623 56.252
84 50.1598 55.0855
452 51.6511 52.9039
512 51.7419 52.8581
85 51.8394 52.8089
923 51.9245 52.766
281 52.0107 52.7225
127 52.1041 52.6754
978 52.5103 52.4704
492 52.7854 52.3316
101 53.0645 52.1908
577 53.3795 52.0319
623 53.7033 51.8685
519 54.0101 51.7138
217 54.3234 51.5557
538 54.6043 51.414
262 54.8643 51.2828
143 55.1403 51.1435
964 55.1403 51.1435
767 56.0557 50.5539
35 56.0392 50.0241
498 56.0176 49.332
43 55.9808 48.1486
396 55.9521 47.2253
342 55.9147 46.0222
276 55.8505 43.9572
844 55.7749 41.5229
555 55.7092 39.4091
209 55.7092 39.4091
472 55.7092 39.4091
828 55.7378 39.1337
355 55.7636 38.8856
716 55.7882 38.6491
906 55.8135 38.4058
63 55.8396 38.1548
870 55.8672 37.8895
197 55.8963 37.6101
27 55.9255 37.3287
594 55.9525 37.0699
681 55.9828 36.7778
458 56.0116 36.5014
634 56.0403 36.2257
66 56.0698 35.942
421 56.1018 35.6339
821 56.1778 34.9042
164 56.2531 34.1803
6 56.3154 33.581
289 56.3758 33.0013
675 57.9311 32.078
24 59.513 31.1389
865 59.513 31.1389
785 59.513 31.1389
250 59.513 31.1389
314 59.881 31.2205
19 60.1637 31.2832
358 60.5996 31.3798
45 61.009 31.4706
959 61.3818 31.5533
377 61.7644 31.6381
819 62.1569 31.7251
781 62.5629 31.8151
751 62.9734 31.9061
930 63.4882 32.0203
831 64.3558 32.2126
55 65.3923 32.4424
590 76.1663 34.8308
520 76.1663 34.8308
745 76.1663 34.8308
274 76.1663 34.8308
609 76.1663 34.8308
195 76.1663 34.8308
835 77.7372 32.7391
33 80.5723 28.9639
98 83.584 24.9537
627 85.359 19.8333
345 85.6698 18.9367
979 85.9611 18.0964
483 86.1685 17.4979
260 86.041 17.5496
243 85.2699 17.8624
