0,103,504,777,176,721,24,819,959,581,598,295,419,653,828,19,781,43,675,821,634,45,716,930,27,6,831,55,873,209,865,751,785,594,355,289,681,555,250,379,934,26,586,160,467,164,480,307,883,704,310,421,111,261,518,709,351,363,337,573,407,64,669,287,822,626,902,899,474,246,354,824,221,643,65,943,836,710,268,963,412,455,439,588,702,741,812,641,254,402,211,8,366,488,722,881,629,646,674,61,673,258,794,331,348,661,133,572,86,187,74,514,362,4,299,682,328,330,898,869,475,549,602,915,148,612,388,284,679,787,700,797,125,121,829,151,302,664,938,908,476,535,37,687,397,269,391,32,748,414,486,783,205,834,38,790,706,811,278,257,191,7,848,529,566,906,356,935,853,844,603,876,778,917,461,512,843,210,127,692,155,519,597,471,49,891,623,281,621,945,923,522,452,342,862,66,870,69,989,262,472,197,498,194,180,492,63,276,458,232,357,670,377,978,217,606,875,70,644,314,358,485,117,143,767,647,35,810,538,907,190,293,968,850,420,68,941,762,478,852,51,867,385,654,393,727,290,904,317,650,769,395,67,515,9,595,832,744,340,668,962,509,605,112,208,460,173,847,940,530,350,564,406,484,453,779,636,659,562,216,109,987,101,800,964,791,440,410,617,238,161,558,84,235,625,282,286,793,576,186,857,468,91,577,396,85,264,188,798,683,523,80,308,171,910,839,591,137,724,359,175,596,404,163,56,21,134,226,225,327,501,291,459,688,705,733,147,633,370,765,30,365,912,804,715,929,104,922,533,619,543,508,729,413,545,525,510,89,913,809,901,59,79,237,971,507,34,493,601,756,957,267,903,279,640,390,233,788,382,142,691,324,956,698,534,11,972,858,154,438,283,985,403,496,384,222,336,228,663,616,87,46,958,990,770,10,212,655,373,341,652,841,463,489,128,505,863,723,78,123,423,312,499,731,182,949,352,174,116,218,57,771,936,100,909,758,157,749,542,214,527,303,122,422,589,981,192,772,849,925,805,708,166,677,764,760,784,47,347,338,97,879,196,81,970,207,77,131,503,531,433,371,224,374,665,376,3,639,565,234,277,162,445,703,517,526,735,451,599,349,132,482,130,361,114,897,927,789,825,888,658,604,846,965,329,635,720,701,275,99,552,220,600,168,587,333,571,946,266,479,244,734,219,400,796,886,780,680,429,411,524,326,502,119,948,739,457,991,630,667,747,427,939,799,255,657,14,966,694,381,615,500,924,272,487,203,560,546,556,686,607,830,717,860,950,346,90,75,728,113,339,726,184,443,398,108,298,637,969,301,106,240,247,792,628,316,678,153,444,495,364,719,31,58,955,570,325,718,905,736,547,169,693,236,405,711,199,568,890,554,759,300,442,944,426,178,48,916,436,815,892,699,93,933,360,551,695,446,982,399,321,386,13,753,213,953,914,39,973,435,115,1,401,827,803,138,263,868,585,988,776,200,304,380,447,491,750,712,253,697,651,418,50,44,593,424,95,88,761,288,469,557,183,17,757,150,795,871,490,768,456,227,368,521,714,15,578,918,441,885,462,409,608,28,806,428,249,2,437,631,470,20,96,786,231,859,448,919,124,548,292,256,36,306,696,73,76,610,833,550,296,41,120,611,430,574,773,167,141,223,189,16,431,662,270,60,872,954,537,454,215,645,976,676,732,632,730,855,802,894,878,252,743,54,807,689,614,432,671,40,513,335,540,319,649,642,294,315,563,94,826,895,921,126,12,280,582,782,986,144,172,449,840,861,672,309,416,230,389,248,947,305,22,974,638,392,877,146,265,613,960,72,808,53,271,752,129,193,241,814,139,961,320,536,746,539,559,511,375,763,766,5,516,618,181,92,541,874,165,569,179,415,156,707,394,561,866,738,755,82,105,774,882,273,984,367,408,313,239,584,344,911,624,980,185,62,177,434,206,532,343,851,931,23,42,896,887,369,880,754,713,992,856,622,937,353,567,285,297,737,845,464,251,666,801,544,817,816,690,118,202,259,477,575,245,18,952,52,620,378,140,229,893,494,820,580,149,928,725,473,318,145,864,740,648,159,813,742,854,135,158,818,823,983,372,417,332,450,660,685,889,322,25,204,528,311,481,837,775,71,579,110,900,83,465,975,152,198,884,506,387,107,170,334,383,497,977,932,553,242,967,951,656,466,838,920,136,201,195,942,29,609,684,102,583,842,323,926,835,274,745,592,425,520,33,590,98,979,627,345,260,243,483,
value : 502.645 running time : 40.576243
0 80 20
103 65.3423 15.8317
504 65.0308 16.0579
777 64.7258 16.2792
176 64.4371 16.4888
721 64.1323 16.71
24 63.123 17.4427
819 62.1047 18.1818
959 61.2305 18.8164
581 60.4242 19.4016
598 59.5397 20.0437
295 58.3254 20.9251
419 56.4723 22.2701
653 55.2403 23.1644
828 55.3975 27.3735
19 55.4671 29.2377
781 55.512 30.4388
43 55.5542 31.568
675 55.5676 31.9283
821 55.4215 31.8917
634 55.2674 31.8532
45 55.1079 31.8133
716 54.9143 31.7648
930 54.7348 31.7199
27 54.55 31.6737
6 54.3638 31.6271
831 54.1716 31.579
55 53.9701 31.5286
873 53.7677 31.478
209 53.5724 31.4291
865 53.3858 31.3824
751 53.2041 31.337
785 53.02 31.2909
594 52.8402 31.2459
355 51.9846 31.0318
289 50.9193 30.7652
681 50.0658 30.5516
555 49.0741 30.3034
250 47.9933 30.0329
379 46.9182 29.7638
934 46.5493 29.6715
26 46.2035 29.585
586 46.0389 29.5438
160 45.8785 29.5037
467 45.7336 29.4674
164 45.5941 29.4325
480 45.4432 29.3948
307 40.45 23.0043
883 40.45 23.0043
704 40.45 23.0043
310 40.45 23.0043
421 40.45 23.0043
111 39.609 21.1133
261 38.8757 19.4642
518 37.708 16.8385
709 36.527 17.2819
351 35.9857 17.4851
363 35.4652 17.6805
337 34.9365 17.879
573 34.3802 18.0878
407 33.7876 18.3103
64 33.0916 18.5716
669 32.4919 18.7968
287 31.89 19.0227
822 30.6123 19.5024
626 29.1246 20.0609
902 27.4958 20.6725
899 26.3668 21.0963
474 25.5301 21.4104
246 24.8838 21.6531
354 24.1707 21.9208
824 23.4857 22.178
221 22.7506 22.4539
643 21.9819 22.7425
65 21.0852 23.0792
943 20.0092 22.3432
836 18.8365 21.541
710 17.5725 20.6763
268 16.5342 19.9661
963 15.4127 19.1989
412 14.8818 18.8358
455 14.4222 18.5215
439 13.9976 18.2311
588 13.4709 17.8709
702 12.9375 17.5061
741 11.9295 16.8166
812 10.8838 16.1013
641 10.8836 16.1036
254 10.8834 16.1055
402 10.8833 16.1074
211 10.8831 16.1093
8 10.8829 16.1113
366 10.8827 16.1134
488 10.8825 16.1155
722 10.8497 16.4582
881 10.8102 16.8699
629 10.7616 17.3782
646 10.7024 17.9961
674 10.6404 18.6422
61 10.5759 19.3162
673 10.5083 20.0211
258 10.4433 20.6991
794 10.3856 21.3016
331 10.3389 21.789
348 10.2936 22.2619
661 10.2438 22.7823
133 10.1944 23.298
572 10.148 23.7817
86 10.1034 24.2473
187 10.0762 24.5324
74 10.0402 24.9079
514 10.0048 25.2776
362 9.97185 25.6217
4 9.93511 26.0054
299 9.89819 26.391
682 9.86077 26.7818
328 9.33448 32.2594
330 9.82407 32.3041
898 10.591 32.3741
869 19.6309 33.1995
475 21.7039 33.3888
549 21.719 33.3818
602 21.7338 33.375
915 21.7483 33.3683
148 21.7624 33.3618
612 21.7775 33.3548
388 21.7924 33.3479
284 21.8076 33.3409
679 22.2715 34.2908
787 22.6652 35.0972
700 23.1631 36.1167
797 23.6577 37.1295
125 23.9875 37.8052
121 24.3258 38.4981
829 24.7119 39.2889
151 25.1345 40.1542
302 25.5566 41.0187
664 25.9167 41.7562
938 26.266 42.4716
908 26.5338 42.4473
476 26.814 42.4219
535 27.1417 42.3921
37 27.4787 42.3616
687 27.8205 42.3306
397 28.1519 42.3005
269 28.4855 42.2702
391 28.8138 42.2404
32 29.2103 42.2045
748 29.7131 42.1589
414 30.2163 42.1133
486 30.7289 42.0668
783 31.4165 42.0045
205 32.1011 41.9425
834 34.371 41.7372
38 34.5434 41.8416
790 34.7173 41.9468
706 34.8886 42.0506
811 35.0602 42.1545
278 35.24 42.2633
257 35.7381 42.5648
191 36.2305 42.8628
7 36.8081 43.2124
848 37.4101 43.5767
529 37.8998 43.8731
566 38.811 44.4245
906 39.7043 44.965
356 39.8484 45.0523
935 39.9915 45.139
853 40.1363 45.2266
844 40.2965 45.3236
603 40.4385 45.4097
876 40.7038 45.5702
778 40.9818 45.7385
917 41.2739 45.9154
461 41.5816 46.1016
512 41.8778 46.281
843 42.1652 46.4549
210 42.4202 46.6093
127 42.6682 46.7594
692 42.9123 46.9073
155 43.1928 47.0771
519 43.4721 47.2461
597 43.4721 47.2461
471 43.4721 47.2461
49 43.4721 47.2461
891 43.4721 47.2461
623 44.8538 47.4159
281 45.1272 47.4495
621 45.394 47.4823
945 45.6591 47.5149
923 45.9204 47.547
522 46.1649 47.577
452 46.4264 47.6091
342 46.6967 47.6424
862 46.9653 47.6754
66 47.2747 47.7134
870 47.5639 47.7489
69 47.8341 47.7821
989 48.1018 47.815
262 48.4816 47.8617
472 48.8247 47.9038
197 49.1738 47.9467
498 49.5392 47.9916
194 49.8981 48.0357
180 50.3197 48.0875
492 51.3239 48.2109
63 52.3591 48.3381
276 53.4397 48.4709
458 54.9844 48.6608
232 60.0848 49.2879
357 60.2592 49.3093
670 60.4337 49.3307
377 60.4337 49.3307
978 60.4452 49.3774
217 60.4568 49.4242
606 60.4686 49.4719
875 60.4806 49.5202
70 60.4929 49.5699
644 60.5047 49.6175
314 60.5166 49.6655
358 60.5289 49.7151
485 60.8454 50.992
117 61.099 52.0156
143 61.3622 53.0773
767 61.6969 54.428
647 61.9869 55.5979
35 62.1974 56.4473
810 62.4002 57.2657
538 62.592 58.0394
907 62.7823 58.8076
190 62.9652 59.5455
293 63.1628 60.3427
968 63.3792 61.2159
850 63.7737 61.7805
420 64.18 62.3618
68 64.5713 62.9218
941 64.958 63.4751
762 65.3539 64.0417
478 65.7824 64.6547
852 66.2349 65.3024
51 66.6263 65.8624
867 66.9259 66.2911
385 67.2066 66.6927
654 65.8566 67.3603
393 64.4657 68.048
727 63.0608 68.7427
290 61.609 69.4606
904 60.0395 70.2368
317 58.3812 71.0568
650 58.3812 71.0568
769 58.3812 71.0568
395 58.3812 71.0568
67 58.3812 71.0568
515 58.3812 71.0568
9 58.3812 71.0568
595 58.3812 71.0568
832 58.3812 71.0568
744 58.3812 71.0568
340 58.3812 71.0568
668 58.3812 71.0568
962 58.3812 71.0568
509 57.8469 71.2632
605 57.284 71.4806
112 56.7138 71.7008
208 56.1534 71.9172
460 55.5837 72.1372
173 54.9683 72.3749
847 54.1776 72.6802
940 53.3055 73.0169
530 52.5837 73.2957
350 52.4439 73.3497
564 52.3215 73.397
406 52.2104 73.44
484 52.1055 73.4806
453 52.003 73.5203
779 51.9023 73.5592
636 51.8038 73.5973
659 51.7091 73.6339
562 51.6273 72.5998
216 51.5085 71.098
109 51.4082 69.8286
987 51.3066 68.5433
101 51.1918 67.0923
800 51.1783 66.9209
964 51.1629 66.7244
791 51.1475 66.5284
440 51.1322 66.3344
410 51.1171 66.1421
617 51.102 65.95
238 51.0869 65.758
161 51.072 65.5678
558 51.0571 65.3785
84 51.0423 65.1908
235 51.0277 65.0047
625 51.013 64.8175
282 50.9986 64.6337
286 50.9844 64.4534
793 50.9708 64.2799
576 50.9574 64.1102
186 50.9451 63.9528
857 50.9337 63.8081
468 50.9211 63.6478
91 50.908 63.4805
577 50.8942 63.3048
396 50.8805 63.1312
85 50.324 63.1955
264 49.5133 63.2892
188 48.7483 63.3776
798 47.6475 63.5048
683 46.4792 63.6398
523 45.4144 63.7628
80 44.4556 63.8736
308 43.6553 63.9661
171 43.0232 64.0392
910 42.44 64.1067
839 41.899 64.1692
591 41.4608 64.2199
137 41.2101 64.249
724 40.9819 64.2754
359 40.7685 64.3001
175 40.5694 64.3232
596 40.374 64.3459
404 40.1814 64.3682
163 39.9927 64.39
56 39.8063 64.4116
21 39.6214 64.4331
134 39.4423 64.4538
226 39.2611 64.4748
225 36.1367 62.3889
327 31.653 59.3947
501 31.6094 59.3656
291 31.565 59.336
459 31.5195 59.3057
688 31.4695 59.2724
705 31.4209 59.24
733 31.3737 59.2086
147 31.3268 59.1773
633 31.2807 59.1466
370 31.2359 59.1167
765 31.1903 59.0863
30 31.1445 59.0558
365 31.098 59.0248
912 31.051 58.9935
804 31.0032 58.9617
715 30.9468 58.9241
929 30.4471 58.5906
104 29.9104 58.2325
922 29.3319 57.8465
533 28.7035 57.4271
619 27.9489 56.9235
543 27.8469 56.8555
508 27.7506 56.7913
729 27.6571 56.729
413 27.5646 56.6673
545 27.4726 56.6059
525 27.3813 56.5451
510 27.2916 56.4853
89 27.2025 56.4258
913 27.1125 56.3659
809 27.0209 56.3048
901 26.918 56.2362
59 26.8155 56.1678
79 26.7129 56.0994
237 26.6092 56.0303
971 26.4891 55.9503
507 26.3165 55.8352
34 26.1418 55.7187
493 25.9639 55.6
601 25.7804 55.4776
756 25.5851 55.3474
957 25.3842 55.2134
267 25.1801 55.0772
903 24.9683 54.936
279 24.7445 54.7867
640 24.5289 54.6429
390 24.3101 54.497
233 23.8588 54.1958
788 23.3791 53.8757
382 22.7918 53.4839
142 22.1504 53.0558
691 21.5355 52.6455
324 20.9118 52.2293
956 20.278 51.8063
698 19.6364 51.3782
534 19.0164 50.9644
11 18.4143 50.5626
972 17.5343 49.9753
858 16.6527 49.3869
154 15.7677 48.7963
438 14.8732 48.1993
283 13.074 46.9979
985 11.6566 46.0517
403 11.6566 46.0517
496 11.6566 46.0517
384 11.6566 46.0518
222 11.6566 46.0518
336 11.6566 46.0518
228 11.6566 46.0518
663 11.6566 46.0518
616 11.6566 46.0518
87 11.6566 46.0518
46 11.6566 46.0518
958 11.6566 46.0518
990 11.6566 46.0518
770 11.6566 46.0518
10 11.6566 46.0518
212 11.6566 46.0518
655 11.6566 46.0518
373 11.6562 46.0521
341 11.6559 46.0523
652 11.6556 46.0526
841 11.6553 46.0528
463 11.655 46.0531
489 11.6547 46.0534
128 11.6544 46.0536
505 11.6541 46.0539
863 11.6538 46.0541
723 11.6535 46.0544
78 11.5487 46.1424
123 11.438 46.2354
423 11.3196 46.3349
312 11.2051 46.4312
499 11.0914 46.5267
731 11.0897 46.9455
182 11.0879 47.373
949 11.0861 47.8038
352 11.0843 48.2374
174 11.0826 48.6692
116 11.0808 49.0945
218 11.0792 49.4882
57 11.0776 49.8609
771 11.0761 50.2335
936 11.0745 50.6202
100 11.0729 51.0078
909 11.0713 51.3978
758 11.0696 51.7913
157 11.0679 52.2098
749 11.0661 52.657
542 11.0641 53.1244
214 11.0622 53.6034
527 11.0603 54.0756
303 11.0583 54.5489
122 11.0564 55.0242
422 11.0544 55.4994
589 11.0526 55.9505
981 11.0508 56.393
192 11.0491 56.8013
772 11.0475 57.1884
849 11.0459 57.5722
925 11.0442 57.9741
805 11.0425 58.3791
708 11.0408 58.7953
166 11.039 59.2412
677 11.037 59.7193
764 11.0351 60.2053
760 11.0331 60.6988
784 11.031 61.1941
47 11.0289 61.7034
347 11.0256 62.5501
338 11.0223 63.3987
97 11.0192 64.1934
879 11.0162 64.9488
196 11.0133 65.675
81 11.0103 66.4217
970 11.0073 67.1963
207 11.0041 67.986
77 11.0041 67.986
131 11.0041 67.986
503 11.0041 67.986
531 11.0041 67.986
433 11.0041 67.986
371 11.0638 67.9965
224 11.1242 68.007
374 11.3288 68.0427
665 11.5451 68.0804
376 11.7618 68.1182
3 11.9792 68.1561
639 12.202 68.195
565 12.4421 68.2369
234 12.6849 68.2792
277 13.0366 68.3405
162 13.3951 68.4029
445 13.7802 68.47
703 14.2351 68.5492
517 14.7192 68.6335
526 15.1603 68.7101
735 18.0372 69.2097
451 18.0372 69.2097
599 18.0372 69.2097
349 18.0372 69.2097
132 18.0372 69.2097
482 18.0372 69.2097
130 18.0372 69.2097
361 18.0372 69.2097
114 18.0372 69.2097
897 18.0372 69.2097
927 18.0372 69.2097
789 18.0372 69.2097
825 18.0372 69.2097
888 18.0372 69.2097
658 18.0372 69.2097
604 18.0372 69.2097
846 18.0372 69.2097
965 18.0372 69.2097
329 18.0372 69.2097
635 18.0372 69.2097
720 18.0372 69.2097
701 18.0372 69.2097
275 18.0372 69.2097
99 18.0372 69.2097
552 18.0372 69.2097
220 18.0372 69.2097
600 18.0372 69.2097
168 18.0372 69.2097
587 18.0372 69.2097
333 18.0372 69.2097
571 18.0372 69.2097
946 17.2062 69.5205
266 16.3385 69.8451
479 15.0515 70.3266
244 13.6578 70.8479
734 13.5072 70.9043
219 13.3822 70.951
400 13.2595 70.9969
796 13.1368 71.0428
886 13.0137 71.0888
780 12.8778 71.1397
680 12.7476 71.1884
429 12.6151 71.238
411 12.4816 71.2879
524 12.341 71.3405
326 12.1933 71.3957
502 12.0407 71.4528
119 11.8854 71.5109
948 11.7297 71.5692
739 11.5776 71.6261
457 11.414 71.6873
991 11.2574 71.7458
630 11.11 71.801
667 10.9539 71.8594
747 10.8172 71.9105
427 10.6746 71.9638
939 10.5349 72.0161
799 10.53 72.1583
255 10.5248 72.3066
657 10.5194 72.4633
14 10.5142 72.6156
966 10.5087 72.7731
694 10.5026 72.951
381 10.4964 73.1308
615 10.4897 73.3249
500 10.4839 73.4946
924 10.478 73.6637
272 10.4704 73.8836
487 10.462 74.1271
203 10.4542 74.3536
560 10.4472 74.5566
546 10.4405 74.7529
556 10.4343 74.9321
686 10.4281 75.1096
607 10.4219 75.2913
830 10.4152 75.4844
717 10.4091 75.6617
860 10.4016 75.879
950 10.3943 76.0916
346 10.3851 76.3566
90 10.3759 76.6249
75 10.3679 76.8561
728 10.3605 77.0714
113 10.3531 77.2854
339 10.3452 77.5147
726 10.3374 77.7409
184 10.3291 77.9815
443 10.321 78.2155
398 10.3125 78.4634
108 10.265 79.8384
298 10.2353 80.6985
637 10.1778 82.3666
969 10.1405 83.4474
301 10.1213 84.0053
106 10.1041 84.5023
240 10.1013 84.583
247 10.0985 84.665
792 10.0958 84.7446
628 10.093 84.8245
316 10.0902 84.9048
678 10.0875 84.9848
153 10.0849 85.0607
444 10.0823 85.1359
495 10.0797 85.2117
364 10.077 85.2877
719 10.0745 85.3618
31 10.0719 85.4356
58 10.0694 85.5103
955 10.0668 85.5847
570 10.0642 85.661
325 10.0615 85.7384
718 10.0588 85.8172
905 10.0561 85.8946
736 10.0534 85.9739
547 10.0507 86.0526
169 10.048 86.1304
693 10.0452 86.2096
236 10.0425 86.2887
405 10.04 86.3625
711 10.0376 86.4324
199 10.0353 86.4979
568 10.0331 86.5628
890 10.0308 86.6268
554 10.0285 86.6947
759 10.0257 86.7751
300 10.0229 86.8574
442 10.02 86.9412
944 10.0172 87.0221
426 10.0142 87.1089
178 10.0112 87.1974
48 10.008 87.2889
916 10.0048 87.3832
436 10.0015 87.4775
815 9.99816 87.5744
892 9.99486 87.6701
699 9.99147 87.7682
93 9.98812 87.8656
933 9.98471 87.9643
360 9.98162 88.0538
551 9.97839 88.1475
695 9.97413 88.2711
446 9.96981 88.3962
982 9.96558 88.5189
399 9.96135 88.6414
321 9.95707 88.7655
386 9.95157 88.925
13 9.94619 89.081
753 9.9413 89.2228
213 9.93693 89.3494
953 9.93654 89.3608
914 9.93614 89.3723
39 9.93574 89.384
973 9.93535 89.3954
435 9.93495 89.407
115 9.93457 89.4179
1 9.93419 89.4289
401 9.93381 89.44
827 9.93342 89.4514
803 9.93304 89.4624
138 9.93265 89.4735
263 9.93227 89.4846
868 9.93189 89.4958
585 9.93151 89.5068
988 9.93112 89.5179
776 10.9069 89.4347
200 11.3885 89.3935
304 11.9108 89.349
380 12.4457 89.3033
447 13.7579 89.1913
491 15.8372 89.014
750 15.978 89.002
712 16.9623 88.918
253 17.9117 88.837
697 18.2215 88.8105
651 18.4432 88.7915
418 18.6587 88.7731
50 18.862 88.7557
44 19.0634 88.7385
593 19.2595 88.7218
424 19.4531 88.7052
95 19.6412 88.6891
88 19.8484 88.6714
761 20.0599 88.6533
288 20.2618 88.6361
469 20.4625 88.6189
557 20.6643 88.6017
183 20.883 88.583
17 21.1034 88.5641
757 21.3339 88.5444
150 21.5544 88.5256
795 21.7463 88.5092
871 21.8991 88.4961
490 22.0559 88.4827
768 22.21 88.4695
456 22.3616 88.4566
227 22.5142 88.4435
368 22.6969 88.4279
521 22.8804 88.4122
714 23.0663 88.3963
15 23.277 88.3783
578 23.5674 88.3535
918 23.8536 88.3291
441 24.1163 88.3066
885 24.3952 88.2828
462 24.6767 88.2587
409 25.0966 88.2228
608 25.5316 88.1856
28 26.0039 88.1453
806 26.4648 88.1059
428 26.8378 88.074
249 27.2018 88.0429
2 27.6105 88.008
437 27.9848 87.976
631 28.1231 87.9642
470 28.2709 87.9516
20 28.4105 87.9396
96 28.5551 87.9273
786 28.6988 87.915
231 28.8424 87.9027
859 28.9814 87.8908
448 29.1269 87.8784
919 29.1269 87.8784
124 29.1269 87.8784
548 29.1269 87.8784
292 29.1269 87.8784
256 29.1269 87.8784
36 29.1269 87.8784
306 29.1269 87.8784
696 29.1269 87.8784
73 29.1269 87.8784
76 29.1269 87.8784
610 29.1269 87.8784
833 29.1269 87.8784
550 29.1269 87.8784
296 29.1269 87.8784
41 29.1269 87.8784
120 29.1269 87.8784
611 29.1269 87.8784
430 29.1378 87.8598
574 31.7803 83.3882
773 31.7803 83.3882
167 31.7803 83.3882
141 31.7803 83.3882
223 31.7803 83.3882
189 31.7803 83.3882
16 31.7803 83.3882
431 31.7803 83.3882
662 32.5779 82.3183
270 33.3297 81.3099
60 34.0514 80.3418
872 34.7661 79.3831
954 35.4881 78.4147
537 36.2409 77.4049
454 37.2741 76.0192
215 38.4107 74.4949
645 39.6182 72.8756
976 40.0749 72.6912
676 40.5289 72.5078
732 40.9526 72.3367
632 40.9526 72.3367
730 40.9526 72.3368
855 41.2013 72.4717
802 41.4366 72.5994
894 41.6784 72.7307
878 41.9217 72.8627
252 42.1733 72.9993
743 42.4333 73.1404
54 42.5008 73.2313
807 43.0483 73.9687
689 43.5585 74.6559
614 44.5267 75.9602
432 45.6234 77.4376
671 46.3231 78.3803
40 46.0367 79.1193
513 46.0255 79.1483
335 46.014 79.1779
540 46.0024 79.2079
319 45.9907 79.2382
649 45.979 79.2682
642 45.9678 79.2972
294 45.9565 79.3263
315 45.9453 79.3552
563 45.8773 79.5305
94 45.8096 79.7054
826 45.7358 79.8957
895 45.6626 80.0847
921 45.5882 80.2766
126 45.5095 80.4796
12 45.4304 80.6837
280 45.3488 80.8942
582 45.2646 81.1114
782 45.1433 81.4244
986 45.0052 81.7807
144 44.6485 82.7012
172 43.9248 84.5684
449 43.5183 85.6171
840 43.2947 86.1941
861 43.0448 86.8388
672 42.669 87.8083
309 42.5721 88.0583
416 42.4827 88.289
230 42.392 88.523
389 42.3056 88.7458
248 42.2253 88.9531
947 42.1062 89.2604
305 41.9651 89.6244
22 41.8236 89.9895
974 41.6934 90.3255
638 41.5995 90.5677
392 41.4982 90.829
877 41.3992 91.0845
146 41.302 91.3353
265 41.2063 91.5822
613 41.1231 91.797
960 41.0454 91.9975
72 41.1607 91.9809
808 41.2764 91.9642
53 41.4083 91.9452
271 41.5396 91.9263
752 41.6797 91.9061
129 41.831 91.8843
193 41.9823 91.8625
241 42.118 91.8429
814 42.2583 91.8227
139 42.3933 91.8033
961 42.549 91.7808
320 42.6915 91.7603
536 42.8273 91.7407
746 42.9573 91.722
539 43.0825 91.704
559 43.2091 91.6857
511 43.3362 91.6674
375 43.4537 91.6505
763 43.5715 91.6335
766 43.6881 91.6167
5 43.8091 91.5993
516 43.9301 91.5819
618 44.0457 91.5652
181 44.1494 91.5502
92 44.2605 91.5342
541 44.4404 91.5083
874 44.6097 91.4839
165 44.7832 91.4589
569 44.956 91.434
179 45.1423 91.4072
415 45.3002 91.3844
156 45.4391 91.3644
707 45.5759 91.3447
394 45.7378 91.3214
561 45.913 91.2961
866 46.099 91.2693
738 46.288 91.2421
755 46.5465 91.2049
82 47.6151 91.1396
105 48.9042 91.0608
774 50.0421 90.9912
882 51.2032 90.9202
273 52.1867 90.8601
984 52.3217 90.8519
367 52.4505 90.8441
408 52.5781 90.8363
313 52.7063 90.8285
239 52.8366 90.8206
584 52.9658 90.8127
344 53.0951 90.8048
911 53.2229 90.797
624 53.3498 90.7893
980 53.4761 90.7816
185 53.6013 90.774
62 53.7261 90.7664
177 53.8489 90.7589
434 53.9733 90.7514
206 54.0985 90.7438
532 54.3477 90.7286
343 54.615 90.7123
851 54.8926 90.6953
931 55.1712 90.6784
23 55.4451 90.6617
42 55.7035 90.6459
896 55.961 90.6302
887 56.2144 90.6148
369 56.4645 90.5995
880 56.7125 90.5844
754 56.9654 90.569
713 57.2321 90.5527
992 58.2537 90.4903
856 59.3571 90.4228
622 60.4696 90.3548
937 61.5303 90.29
353 61.534 90.2898
567 61.5375 90.2896
285 61.5412 90.2893
297 61.5449 90.2891
737 61.5485 90.2889
845 61.5522 90.2887
464 61.5557 90.2885
251 61.5592 90.2882
666 61.5627 90.288
801 61.5661 90.2878
544 61.5698 90.2876
817 61.5735 90.2874
816 61.577 90.2872
690 61.5805 90.2869
118 61.5841 90.2867
202 61.5876 90.2865
259 61.5911 90.2863
477 61.5949 90.2861
575 61.5985 90.2859
245 61.6022 90.2856
18 61.6061 90.2854
952 61.6097 90.2852
52 61.6136 90.2849
620 61.6172 90.2847
378 61.6207 90.2845
140 61.6241 90.2843
229 62.2141 90.2482
893 70.0314 89.7696
494 71.8709 89.6571
820 73.5359 89.5553
580 74.9047 89.4716
149 76.2973 89.3864
928 79.5044 89.1901
725 79.5044 89.1901
473 79.5044 89.1901
318 79.5044 89.1901
145 79.5305 89.1656
864 79.5613 89.1365
740 79.592 89.1076
648 79.6206 89.0807
159 79.6484 89.0544
813 79.6763 89.0282
742 79.7053 89.0009
854 79.7339 88.9739
135 79.7629 88.9466
158 79.7939 88.9174
818 79.8269 88.8863
823 79.8575 88.8574
983 80.198 88.5367
372 85.9928 83.0776
417 85.2664 82.4446
332 84.8957 82.1215
450 84.7949 82.0336
660 84.6966 81.948
685 84.594 81.8586
889 84.48 81.7592
322 84.3263 81.6252
25 84.149 81.4707
204 83.2963 80.7277
528 82.4932 80.0277
311 81.8218 79.4427
481 79.859 77.7321
837 79.4386 77.3657
775 79.125 77.0924
71 78.8218 76.8282
579 78.5469 76.5887
110 78.2888 76.3637
900 78.2888 76.3637
83 78.2888 76.3637
465 78.2888 76.3637
975 79.5987 72.5388
152 80.8781 68.8033
198 82.2805 64.7086
884 82.8242 63.1217
506 83.0495 62.4643
387 83.2539 61.8679
107 83.4306 61.3524
170 83.5683 60.951
334 83.6912 60.5924
383 83.8178 60.2233
497 83.9643 59.7959
977 82.8476 58.4269
932 81.7527 57.0843
553 80.8318 55.9554
242 80.2853 55.2854
967 79.7321 54.6073
951 79.2059 53.9622
656 78.6449 53.2746
466 78.1201 52.6312
838 78.1201 52.6312
920 78.1201 52.6312
136 78.1201 52.6312
201 78.1201 52.6312
195 78.0192 52.3882
942 77.921 52.1518
29 77.8224 51.9144
609 77.7342 51.7019
684 77.6595 51.5222
102 77.3699 50.8244
583 77.0637 50.0866
842 76.7425 49.3127
323 77.1956 47.8041
926 77.516 46.7377
835 78.1168 44.7374
274 78.5451 43.3115
745 78.9356 42.0115
592 79.3241 40.7184
425 79.7645 39.2521
520 80.8154 35.7519
33 81.7948 32.4901
590 82.7501 29.3083
98 83.8653 25.5942
979 85.5 20.1482
627 85.7877 19.1905
345 86.0294 18.3861
260 86.2682 17.5915
243 86.2682 17.5915
483 86.2682 17.5914
