0,721,504,777,176,103,831,24,819,959,581,598,6,653,419,295,781,555,751,828,55,164,314,377,681,355,785,821,45,873,250,310,111,289,26,261,191,467,853,421,7,209,865,586,19,935,876,356,848,692,862,844,566,790,706,525,834,811,480,257,160,414,397,612,679,205,151,278,475,535,496,403,543,913,476,32,748,756,908,619,508,37,391,269,565,336,59,174,352,949,655,148,758,486,783,687,549,529,38,388,87,11,899,902,65,943,836,710,121,869,402,829,664,602,641,284,474,824,934,379,915,221,787,518,363,337,573,407,822,64,669,287,351,883,307,626,709,704,439,588,702,741,661,246,354,812,254,211,643,366,488,8,881,629,646,674,963,331,61,412,348,722,74,187,362,4,299,682,794,673,258,514,328,133,268,455,572,86,898,330,731,312,423,123,78,723,100,936,771,57,985,125,797,700,863,616,182,384,228,663,222,10,212,499,116,283,157,46,527,128,958,218,463,990,760,341,47,303,542,770,909,841,489,652,373,749,972,805,691,233,784,531,279,505,214,708,166,734,966,694,657,207,445,14,234,122,925,939,849,371,255,338,347,517,75,224,686,639,991,728,830,433,860,502,607,346,374,879,381,667,772,799,703,411,3,77,113,948,119,339,780,277,552,376,114,524,726,184,244,970,665,272,630,275,443,81,600,398,950,400,717,556,601,487,635,327,796,360,427,551,695,982,95,399,321,93,537,815,892,436,446,203,803,426,178,48,916,944,298,90,554,759,300,442,106,138,263,108,868,585,827,637,969,301,213,447,988,953,914,39,973,435,115,1,401,546,890,240,247,792,628,316,457,678,153,444,495,364,719,31,58,955,570,325,718,615,905,736,547,169,693,236,405,711,199,568,380,304,441,651,418,50,44,593,13,712,933,699,200,750,491,776,409,469,557,183,17,424,753,386,608,806,288,428,761,918,885,462,768,150,795,871,490,15,714,611,430,521,456,470,631,20,296,227,141,167,773,696,73,249,76,60,306,610,41,120,833,189,16,431,448,96,786,231,270,859,697,368,578,333,88,253,241,454,256,872,919,124,548,359,724,292,291,903,788,571,382,349,645,574,501,163,175,350,365,390,56,171,576,765,662,732,523,459,683,404,215,689,640,80,21,252,604,614,910,878,226,965,957,839,929,720,267,264,597,225,897,471,49,730,912,688,545,54,370,715,30,104,493,308,137,596,550,701,846,591,888,526,954,946,266,886,479,757,560,825,168,326,361,34,764,658,220,99,162,680,789,500,503,429,219,192,927,981,599,901,587,971,924,451,131,329,97,739,858,196,482,747,589,507,130,132,422,698,677,79,735,733,154,534,413,956,302,324,938,705,438,633,510,142,729,922,237,603,533,778,89,917,147,461,809,472,512,281,621,804,945,188,798,875,519,127,891,716,498,276,186,155,43,210,452,194,989,522,492,180,66,906,458,63,342,262,69,843,870,197,930,606,357,27,609,29,323,232,143,117,644,358,634,978,675,594,926,670,217,425,942,195,767,762,478,68,907,190,293,656,538,485,420,70,842,923,623,396,85,577,941,968,484,410,743,676,134,101,468,91,453,793,617,238,964,558,84,235,625,282,286,894,216,647,35,810,632,855,779,671,791,161,800,802,857,144,895,921,126,432,82,280,582,782,636,986,110,515,9,595,832,744,340,668,962,509,605,112,208,460,67,109,987,440,975,152,332,71,481,51,867,385,654,393,727,290,904,852,650,775,847,173,579,317,900,83,465,837,417,415,12,395,769,952,575,245,18,642,229,826,807,513,335,540,319,406,649,140,294,659,940,564,562,315,563,94,976,638,248,947,840,861,223,532,105,774,305,755,206,752,449,193,2,172,139,22,129,437,392,561,877,146,672,394,36,265,613,28,974,738,271,707,960,808,416,866,882,53,92,541,874,165,961,434,72,343,181,309,814,320,569,536,746,539,559,511,375,763,389,230,766,5,516,618,477,816,690,118,202,259,980,856,887,851,530,408,156,179,344,62,880,584,313,984,239,754,624,185,40,177,817,544,896,52,23,911,367,992,713,620,737,369,801,845,464,297,931,273,42,251,378,854,666,353,937,567,285,622,145,864,740,648,159,813,742,135,318,158,818,823,893,983,494,820,580,149,928,725,473,372,660,685,889,322,25,204,528,311,497,450,383,107,506,170,334,102,201,684,967,977,932,850,274,745,835,387,520,553,951,242,583,838,920,136,466,884,198,592,33,590,98,979,627,345,243,260,483,
value : 551.554 running time : 31.137802
0 80 20
721 73.8602 18.2576
504 71.0955 17.473
777 68.5892 16.7618
176 66.9728 16.303
103 65.3236 15.835
831 63.0367 17.4813
24 62.0775 18.1718
819 61.0165 18.9355
959 60.0337 19.643
581 59.0959 20.3181
598 58.0868 21.0445
6 56.6411 22.0853
653 55.2923 23.0562
419 55.3514 24.0218
295 55.4088 24.96
781 55.4739 26.024
555 55.5254 26.8658
751 55.5825 27.7985
828 55.635 28.6557
55 55.6835 29.4476
164 55.7352 30.2926
314 55.7976 31.3113
377 55.494 31.2404
681 55.1948 31.1705
355 54.9184 31.1059
785 54.6367 31.0401
821 54.3985 30.9845
45 54.0998 30.9148
873 50.4524 30.0631
250 47.0432 29.2671
310 43.1868 28.3668
111 42.9266 28.8092
289 42.656 29.269
26 42.3895 29.7221
261 42.0701 30.265
191 41.7377 30.83
467 41.4438 31.3295
853 41.1185 31.8824
421 40.8231 32.3845
7 40.5117 32.9137
209 40.2614 33.3392
865 39.9919 33.7974
586 39.6487 34.3806
19 39.3148 34.9484
935 38.8001 35.8232
876 38.2235 36.8035
356 38.2235 36.8035
848 38.2235 36.8035
692 38.2235 36.8035
862 38.2235 36.8035
844 38.2235 36.8035
566 37.4885 37.2569
790 36.8218 37.6682
706 36.0672 38.1337
525 35.3698 38.5639
834 35.0227 38.7781
811 34.5511 39.069
480 34.1553 39.3133
257 33.7466 39.5654
160 33.2558 39.8681
414 32.5566 40.2995
397 31.9182 40.6933
612 31.4014 41.0121
679 30.9104 41.315
205 30.3848 41.6392
151 29.9171 41.9277
278 29.4464 42.2181
475 28.685 42.6878
535 28.0401 43.0856
496 27.3839 43.4903
403 26.8772 43.8029
543 26.3931 44.1015
913 25.8857 44.4144
476 25.3637 44.7363
32 24.907 45.018
748 24.4631 45.2919
756 23.9423 45.6131
908 23.5721 45.8416
619 23.2435 46.0444
508 22.8693 46.2753
37 22.4621 46.5265
391 22.0381 46.7882
269 21.6511 47.0271
565 21.1242 47.3522
336 21.2192 47.0167
59 21.3205 46.6593
174 21.4434 46.2253
352 21.565 45.796
949 21.7098 45.2849
655 21.8523 44.7819
148 21.9766 44.3432
758 22.101 43.904
486 22.2637 43.3297
783 22.3452 43.0422
687 22.1991 41.8683
549 22.0446 40.6263
529 21.9164 39.5959
38 21.8133 38.7673
388 21.672 37.6309
87 21.516 36.3767
11 21.3918 35.3781
899 21.1996 33.8335
902 21.0861 32.9202
65 21.0355 32.514
943 20.9719 32.0028
836 20.9108 31.5116
710 20.8519 31.0381
121 20.9288 30.9562
869 21.0043 30.8757
402 21.0764 30.7988
829 21.1453 30.7254
664 21.216 30.6501
602 22.7594 29.0056
641 24.2405 27.4277
284 25.89 25.6703
474 27.323 24.1436
824 29.4639 21.8626
934 31.9636 19.199
379 32.0305 18.9462
915 32.1005 18.6819
221 32.1806 18.3794
787 32.4218 17.4687
518 33.4009 13.7719
363 32.8789 13.8498
337 32.3982 13.9215
573 31.8993 13.996
407 31.386 14.0725
822 30.8711 14.1494
64 30.29 14.2361
669 29.7816 14.312
287 29.2915 14.3851
351 28.6507 14.4808
883 28.0473 14.5709
307 27.2862 14.6845
626 26.5964 14.7875
709 25.8766 14.895
704 25.1316 15.0062
439 23.8 15.2051
588 22.4882 15.401
702 22.1452 15.4522
741 21.7491 15.5114
661 21.7491 15.5114
246 21.7491 15.5114
354 21.7491 15.5114
812 13.2757 14.6187
254 13.2681 14.682
211 13.2612 14.7389
643 13.2539 14.7991
366 13.2468 14.8582
488 13.2402 14.9133
8 13.2335 14.9681
881 13.2269 15.0232
629 13.2198 15.0819
646 13.2121 15.1459
674 13.2051 15.2038
963 13.1975 15.2664
331 13.1914 15.3173
61 13.1859 15.3626
412 13.1802 15.4103
348 13.1746 15.4571
722 13.1689 15.5041
74 12.6969 19.3919
187 12.612 20.0903
362 12.4651 21.2991
4 12.2962 22.6901
299 12.1747 23.6902
682 12.058 24.65
794 11.8326 26.506
673 11.6348 28.1334
258 11.4103 29.9811
514 11.1306 32.2844
328 10.8501 34.5948
133 10.8501 34.5948
268 10.8501 34.5948
455 10.8501 34.5948
572 10.8609 34.765
86 10.8718 34.9387
898 10.8826 35.1094
330 10.9699 36.4853
731 11.0526 37.7944
312 11.1301 39.0207
423 11.2016 40.153
123 11.2734 41.2887
78 11.3402 42.3461
723 11.4096 43.4434
100 11.3953 43.5919
936 11.3831 43.718
771 11.3697 43.8575
57 11.3555 44.0054
985 11.3434 44.1307
125 11.3284 44.2865
797 11.3111 44.4665
700 11.2961 44.6222
863 11.2798 44.7915
616 11.2635 44.961
182 11.2459 45.1442
384 11.2327 45.2812
228 11.218 45.434
663 11.2028 45.5926
222 11.1871 45.7553
10 11.1728 45.9041
212 11.1557 46.0816
499 11.1386 46.2589
116 11.0972 46.6887
283 11.0706 46.9652
157 11.0373 47.31
46 11.0069 47.625
527 10.9692 48.0164
128 10.9418 48.2999
958 10.9142 48.5862
218 10.874 49.0032
463 10.842 49.3357
990 10.8097 49.6704
760 10.7648 50.136
341 10.7369 50.4245
47 10.7047 50.7581
303 10.6735 51.0814
542 10.6435 51.3927
770 10.6145 51.6925
909 10.5791 52.0602
841 10.5452 52.4108
489 10.5113 52.7626
652 10.4787 53.1002
373 10.4444 53.4552
749 10.4098 53.8134
972 10.3716 54.2093
805 10.3363 54.5752
691 10.299 54.9621
233 10.2628 55.3366
784 10.0497 56.1143
531 9.86398 56.792
279 9.70277 57.3805
505 9.51526 58.0647
214 9.29536 58.8669
708 9.068 59.6965
166 8.84726 60.502
734 8.57879 61.4814
966 8.3462 62.33
694 8.1615 63.0038
657 8.01686 63.5316
207 7.90213 63.9501
445 7.90213 63.9501
14 7.90213 63.9501
234 7.90213 63.9501
122 7.90213 63.9501
925 7.90213 63.9501
939 7.90213 63.9501
849 7.90213 63.9501
371 8.21785 65.256
255 8.50952 66.4625
338 8.79938 67.6614
347 9.06049 68.7417
517 9.45112 70.3576
75 9.88928 72.1701
224 10.004 72.1858
686 10.1221 72.202
639 10.2455 72.2189
991 10.3713 72.2361
728 10.4947 72.2531
830 10.6171 72.2698
433 10.7503 72.2881
860 10.8785 72.3056
502 11.001 72.3224
607 11.1229 72.3391
346 11.2832 72.3611
374 11.4239 72.3803
879 11.5387 72.396
381 11.661 72.4128
667 11.7997 72.4318
772 11.9351 72.4503
799 11.9728 72.4877
703 12.0138 72.5283
411 12.0609 72.575
3 12.0999 72.6137
77 12.1391 72.6527
113 12.1898 72.7029
948 12.2339 72.7467
119 12.2802 72.7925
339 12.3319 72.8439
780 12.3783 72.89
277 12.4161 72.9274
552 12.4577 72.9686
376 12.4955 73.0062
114 12.5421 73.0523
524 12.587 73.0969
726 12.635 73.1446
184 12.6867 73.1959
244 12.7329 73.2417
970 12.7686 73.2771
665 12.8147 73.3228
272 12.857 73.3648
630 12.9003 73.4076
275 12.9487 73.4557
443 12.9961 73.5027
81 13.0349 73.5411
600 13.0847 73.5906
398 13.1266 73.6321
950 13.1734 73.6785
400 13.2169 73.7217
717 13.2594 73.7639
556 13.3028 73.8069
601 13.3433 73.847
487 13.3895 73.8928
635 13.43 73.9329
327 13.4705 73.9731
796 13.5026 74.3574
360 13.5372 74.7721
427 13.5689 75.151
551 13.6054 75.5882
695 13.6409 76.0135
982 13.6552 76.1838
95 13.6552 76.1838
399 13.6552 76.1838
321 13.6552 76.1838
93 13.6552 76.1838
537 13.6552 76.1838
815 13.2946 77.2278
892 13.0621 77.9013
436 12.8472 78.5239
446 12.6278 79.1593
203 12.4671 79.6249
803 12.2831 80.1578
426 12.1778 80.4629
178 12.0733 80.7655
48 11.9685 81.0694
916 11.8598 81.384
944 11.7555 81.6863
298 11.6579 81.969
90 11.4211 82.6541
554 11.2069 83.2741
759 10.9972 83.8807
300 10.7816 84.5046
442 10.585 85.0734
106 10.3978 85.6149
138 10.2691 85.9871
263 10.1516 86.3271
108 10.0284 86.6832
868 9.88919 87.0858
585 9.77582 87.4137
827 9.67062 87.7179
637 9.58366 87.9694
969 9.4884 88.2448
301 9.39501 88.5148
213 9.29851 88.7938
447 9.27713 88.8556
988 9.25436 88.9213
953 9.25436 88.9213
914 9.25436 88.9213
39 9.25436 88.9213
973 9.25436 88.9213
435 9.25436 88.9213
115 9.25436 88.9213
1 9.25436 88.9213
401 9.25437 88.9213
546 9.25437 88.9213
890 9.25437 88.9213
240 9.44758 88.8671
247 9.64435 88.8118
792 9.81035 88.7652
628 9.99984 88.712
316 10.1952 88.6571
457 10.3715 88.6075
678 10.4619 88.6054
153 10.5594 88.6031
444 10.6573 88.6008
495 10.7458 88.5987
364 10.8449 88.5963
719 10.9534 88.5938
31 11.0571 88.5913
58 11.148 88.5892
955 11.2506 88.5867
570 11.3519 88.5842
325 11.4495 88.5819
718 11.5527 88.5795
615 11.6596 88.5769
905 11.7671 88.5744
736 11.8746 88.5718
547 11.9848 88.5692
169 12.0968 88.5665
693 12.2035 88.5639
236 12.3087 88.5614
405 12.4223 88.5587
711 12.5372 88.5559
199 12.6578 88.553
568 12.7717 88.5503
380 12.8825 88.5477
304 13.6872 88.5281
441 14.5078 88.5081
651 14.5618 88.5068
418 14.6133 88.5055
50 14.6615 88.5043
44 14.7115 88.503
593 14.7577 88.5019
13 14.8042 88.5007
712 14.8532 88.4995
933 14.9016 88.4983
699 14.9461 88.4972
200 14.9927 88.4961
750 15.0399 88.4949
491 17.0525 88.4452
776 17.8267 88.426
409 18.5804 88.4072
469 19.0395 88.3958
557 19.5214 88.3839
183 20.0276 88.3714
17 20.5282 88.359
424 21.0414 88.3463
753 21.554 88.3337
386 22.024 88.3221
608 22.5486 88.309
806 23.1351 88.2944
288 23.2006 88.2927
428 23.2698 88.291
761 23.3367 88.2893
918 23.4003 88.2876
885 23.4582 88.2861
462 23.5179 88.2846
768 23.599 88.2826
150 23.6608 88.281
795 23.7237 88.2793
871 23.7835 88.2778
490 23.8429 88.2763
15 23.9117 88.2745
714 23.9889 88.2726
611 24.0638 88.2706
430 24.0653 88.2706
521 24.0668 88.2706
456 24.0683 88.2705
470 24.07 88.2705
631 24.0714 88.2704
20 24.0729 88.2704
296 24.0729 88.2704
227 24.0729 88.2704
141 24.3556 88.2515
167 24.6628 88.2312
773 24.96 88.2114
696 25.2588 88.1916
73 25.5526 88.1721
249 25.8376 88.1532
76 26.1269 88.1339
60 26.418 88.1145
306 26.7271 88.0941
610 27.0282 88.0741
41 27.3179 88.0548
120 27.6316 88.034
833 27.921 88.0149
189 28.1862 87.9972
16 28.4369 87.9806
431 28.6974 87.9633
448 29.0702 87.9385
96 29.0695 87.5176
786 29.0687 87.0737
231 29.0677 86.4747
270 29.0667 85.8968
859 29.0662 85.5703
697 29.0654 85.119
368 29.0648 84.7634
578 29.064 84.3088
333 29.0633 83.8974
88 29.0626 83.516
253 29.0838 83.4489
241 29.1062 83.3778
454 29.127 83.3119
256 29.147 83.2483
872 29.1681 83.1813
919 29.1883 83.117
124 29.2095 83.0498
548 29.2296 82.9861
359 31.094 77.0834
724 31.4527 75.9486
292 31.7686 74.9491
291 32.2349 73.4732
903 32.4995 72.6358
788 32.7479 71.8499
571 32.9146 71.3223
382 33.0998 70.7361
349 33.254 70.731
645 33.4275 70.7252
574 33.5895 70.7199
501 33.7584 70.7143
163 33.9488 70.708
175 34.1088 70.7027
350 34.2799 70.6971
365 34.4405 70.6917
390 34.5965 70.6866
56 34.7784 70.6806
171 34.9506 70.6749
576 35.1196 70.6693
765 35.2628 70.6645
662 35.4021 70.66
732 35.5537 70.6549
523 35.5537 70.6549
459 35.5537 70.6549
683 35.5537 70.6549
404 35.5537 70.6549
215 35.5537 70.6549
689 35.5775 69.8586
640 35.6048 68.9417
80 35.6128 68.671
21 35.6217 68.3723
252 35.63 68.0943
604 35.6394 67.7763
614 35.6498 67.429
910 35.6629 66.9897
878 35.675 66.584
226 35.6867 66.1898
965 35.7023 65.662
957 35.7182 65.1286
839 35.7324 64.6533
929 35.7466 64.176
720 35.7589 63.7615
267 35.7728 63.2957
264 35.7853 62.8765
597 35.7976 62.4633
225 34.9416 62.0142
897 33.2831 61.144
471 33.2831 61.144
49 33.2831 61.144
730 31.4078 62.5185
912 31.2986 62.5985
688 31.1674 62.6946
545 31.0181 62.804
54 30.8824 62.9035
370 30.7385 63.0089
715 30.2295 63.3819
30 29.694 63.7742
104 29.0863 64.2195
493 28.3959 64.7255
308 27.6743 65.2542
137 26.9257 65.8027
596 26.1005 66.4074
550 24.4533 67.6143
701 24.1608 67.8287
846 23.9235 68.0026
591 23.6822 68.1796
888 23.3802 68.401
526 23.1079 68.6007
954 22.8381 68.7984
946 22.5867 68.9828
266 22.3587 69.15
886 22.11 69.3324
479 21.9434 69.4546
757 21.7843 69.5714
560 21.7843 69.5714
825 21.7196 69.3006
168 21.6528 69.0207
326 21.583 68.7282
361 21.5074 68.4117
34 21.4247 68.0651
764 21.3608 67.7976
658 21.3058 67.5672
220 21.2412 67.2966
99 21.1718 67.006
162 21.1017 66.7126
680 21.0311 66.4166
789 20.9655 66.1417
500 20.8932 65.839
503 20.8185 65.5265
429 20.7351 65.1771
219 20.6452 64.8007
192 20.6038 64.5486
927 20.5676 64.3286
981 20.5243 64.0646
599 20.4859 63.8309
901 20.4469 63.5932
587 20.4108 63.3736
971 20.3722 63.1387
924 20.333 62.9004
451 20.2887 62.6305
131 20.2491 62.3899
329 20.2112 62.1592
97 20.1745 61.9361
739 20.1283 61.6545
858 20.0795 61.3574
196 20.0445 61.1444
482 20.0096 60.9323
747 19.969 60.6854
589 19.9662 60.13
507 19.9635 59.6063
130 19.9609 59.1033
132 19.9581 58.5414
422 19.9548 57.8987
698 19.9518 57.3105
677 19.949 56.7593
79 19.9464 56.2454
735 19.9435 55.6741
733 19.9404 55.0834
154 19.9364 54.3033
534 20.7597 54.1563
413 21.9911 53.9365
956 22.7144 53.8074
302 23.5815 53.6526
324 24.2803 53.5278
938 24.9789 53.4031
705 25.7285 53.2693
438 26.5074 53.1302
633 27.2274 53.0016
510 27.9753 52.8681
142 28.6967 52.7393
729 29.5836 52.5809
922 30.7351 52.3754
237 31.6532 52.2114
603 32.4644 52.0666
533 33.3763 51.9038
778 34.1527 51.7651
89 34.9334 51.6258
917 35.8134 51.4686
147 36.3854 51.3665
461 37.0279 51.2518
809 37.6211 51.1458
472 38.3168 51.0216
512 38.8757 50.9218
281 39.4047 50.8273
621 39.9112 50.7369
804 40.4005 50.6495
945 42.5404 50.267
188 44.6613 49.888
798 44.7754 49.8676
875 44.7754 49.8676
519 44.7754 49.8676
127 44.7754 49.8676
891 44.7754 49.8676
716 45.7031 49.449
498 46.3595 49.1528
276 47.0116 48.8584
186 47.6387 48.5754
155 48.3101 48.2724
43 49.0911 47.92
210 49.224 47.86
452 49.387 47.7864
194 49.5499 47.7128
989 49.7169 47.6374
522 49.9925 47.513
492 50.3318 47.3598
180 50.6147 47.232
66 51.0667 47.0278
906 51.4558 46.8521
458 51.8345 46.6811
63 52.1668 46.531
342 52.4894 46.3852
262 52.8829 46.2075
69 53.2463 46.0433
843 53.6331 45.8687
870 54.0356 45.6868
197 54.4154 45.5153
930 54.8723 45.3089
606 55.3139 45.1094
357 55.6794 44.9443
27 55.9946 44.8019
609 64.7946 48.7004
29 64.7946 48.7004
323 64.7946 48.7004
232 64.7946 48.7004
143 64.7946 48.7004
117 64.7946 48.7004
644 64.7946 48.7004
358 64.7946 48.7004
634 64.7946 48.7004
978 64.9291 48.7746
675 65.0739 48.8544
594 65.2137 48.9314
926 65.3692 49.0172
670 65.5128 49.0962
217 65.6348 49.1634
425 65.8007 49.2549
942 65.9369 49.3299
195 66.0789 49.4081
767 64.1926 52.0739
762 62.3777 54.6388
478 62.2257 54.8536
68 62.0661 55.0792
907 61.9189 55.2871
190 61.7841 55.4778
293 61.6248 55.7029
656 61.4811 55.906
538 61.3185 56.1357
485 61.1602 56.3596
420 60.9991 56.5872
70 60.8467 56.8026
842 60.6804 57.0376
923 60.4968 57.2971
623 60.3977 57.437
396 60.2897 57.5896
85 60.1784 57.7469
577 60.0626 57.9104
941 59.9571 58.0596
968 57.0921 62.1109
484 55.2339 64.7388
410 54.8016 65.3501
743 54.7069 65.4838
676 54.6064 65.6258
134 54.5053 65.7686
101 54.5053 65.7686
468 54.4843 65.9596
91 54.4621 66.1604
453 54.443 66.3341
793 54.4249 66.4981
617 54.4019 66.7072
238 54.382 66.888
964 54.3612 67.0759
558 54.3399 67.2687
84 54.318 67.4673
235 54.2955 67.6715
625 54.2756 67.852
282 54.2534 68.0532
286 54.2311 68.2555
894 54.2044 68.4964
216 54.1835 68.686
647 54.1621 68.8804
35 54.1387 69.0925
810 54.1116 69.3378
632 54.0812 69.6129
855 54.0566 69.8356
779 54.031 70.068
671 54.0051 70.3032
791 53.9823 70.5092
161 53.9537 70.7686
800 53.9208 71.0666
802 53.8913 71.3341
857 53.8649 71.573
144 53.8381 71.8157
895 53.8125 72.0477
921 53.7887 72.2627
126 53.7642 72.4845
432 53.7422 72.6839
82 53.7167 72.9141
280 54.348 72.9315
582 54.9356 72.9477
782 55.5065 72.9635
636 56.0929 72.9797
986 58.2854 73.0404
110 63.5902 73.1871
515 63.6825 73.1896
9 63.787 73.1924
595 63.902 73.1955
832 64.0119 73.1986
744 64.1376 73.202
340 64.2399 73.2048
668 64.3487 73.2077
962 64.4699 73.211
509 64.5763 73.2139
605 64.6823 73.2168
112 64.7909 73.2198
208 64.9 73.2227
460 65.0182 73.226
67 65.1271 73.2289
109 65.223 73.2315
987 65.9345 73.2509
440 66.6842 73.2713
975 67.9105 73.3051
152 68.8169 73.3298
332 69.7221 73.3545
71 69.5148 73.4502
481 69.3365 73.5325
51 69.1735 73.6076
867 69.0202 73.6783
385 68.867 73.749
654 68.6938 73.8289
393 68.5382 73.9007
727 68.38 73.9736
290 68.2236 74.0458
904 68.0686 74.1173
852 67.9317 74.1804
650 67.6225 74.323
775 67.295 74.474
847 66.9697 74.624
173 66.6855 74.755
579 66.4074 74.8833
317 66.059 75.044
900 65.7826 75.1714
83 65.4739 75.3138
465 65.1544 75.4611
837 64.8642 75.5949
417 64.5268 75.7504
415 59.4855 78.0768
12 58.2282 78.657
395 57.0671 79.1928
769 55.654 79.8449
952 54.2115 80.5107
575 53.8797 80.6639
245 53.5074 80.8358
18 53.1878 80.9833
642 52.7201 81.1993
229 52.3065 81.3903
826 51.8106 81.6193
807 51.3435 81.835
513 50.9911 81.9977
335 50.631 82.1639
540 50.2134 82.3568
319 50.0138 82.4489
406 49.8181 82.5392
649 49.6048 82.6376
140 49.4629 82.703
294 49.3016 82.7775
659 49.1446 82.8499
940 48.9872 82.9225
564 48.818 83.0006
562 48.6644 83.0714
315 48.5218 83.1372
563 47.6282 83.5493
94 46.7769 83.9419
976 45.2016 84.6685
638 43.5459 85.4321
248 43.1669 85.6068
947 42.7288 85.8088
840 42.1925 86.0561
861 41.7091 86.279
223 40.9347 86.636
532 40.2328 90
105 40.2328 90
774 40.2328 90
305 40.1861 90.0234
755 40.1411 90.046
206 39.964 90.1352
752 39.784 90.2258
449 39.6323 90.3021
193 39.4884 90.3745
2 39.2885 90.4751
172 39.1121 90.5639
139 38.936 90.6525
22 38.7653 90.7385
129 38.6039 90.8197
437 38.4309 90.9067
392 38.2465 90.9995
561 38.0898 91.0784
877 37.9035 91.1722
146 37.7179 91.2656
672 37.5361 91.3571
394 37.3746 91.4384
36 37.184 91.5344
265 37.2336 91.5317
613 37.2746 91.5295
28 37.3144 91.5273
974 37.8272 91.4995
738 38.2983 91.474
271 38.7542 91.4492
707 39.2466 91.4225
960 39.7177 91.3969
808 40.6734 91.3453
416 41.8873 91.28
866 42.9763 91.2215
882 44.0709 91.1628
53 44.195 91.156
92 44.332 91.1486
541 44.5301 91.1379
874 44.7102 91.1282
165 44.9017 91.1179
961 45.094 91.1075
434 45.2796 91.0975
72 45.4337 91.0892
343 45.6268 91.0788
181 45.7992 91.0695
309 45.9812 91.0597
814 46.1803 91.0489
320 46.3701 91.0387
569 46.5364 91.0297
536 46.7394 91.0188
746 46.9206 91.009
539 47.0943 90.9997
559 47.2797 90.9897
511 47.4762 90.9792
375 47.652 90.9697
763 47.8364 90.9597
389 48.0204 90.9498
230 48.2021 90.94
766 48.7432 90.9109
5 49.4169 90.8745
516 50.1507 90.8349
618 50.8914 90.795
477 51.6603 90.7536
816 51.8604 90.7428
690 52.0486 90.7327
118 52.2593 90.7213
202 52.4708 90.7099
259 52.6732 90.699
980 52.8754 90.6881
856 53.0846 90.6768
887 53.2822 90.6661
851 53.4746 90.6558
530 53.6633 90.6456
408 53.8651 90.6347
156 54.0667 90.6238
179 54.284 90.6121
344 54.4857 90.6013
62 54.6905 90.5902
880 54.9044 90.5786
584 55.1165 90.5672
313 55.3372 90.5553
984 55.571 90.5427
239 55.7501 90.533
754 55.9823 90.5205
624 56.2067 90.5084
185 56.4562 90.495
40 56.6708 90.4834
177 56.916 90.4702
817 57.1458 90.4578
544 57.3806 90.4452
896 57.3806 90.4452
52 57.3806 90.4452
23 57.3806 90.4452
911 57.3806 90.4452
367 57.3806 90.4452
992 57.3806 90.4452
713 57.3806 90.4452
620 58.7685 90.3365
737 59.4016 90.2871
369 60.0759 90.2344
801 60.8653 90.1727
845 61.6972 90.1076
464 62.3388 90.0575
297 62.9693 90.0082
931 63.61 89.9581
273 64.3045 89.9039
42 65.0252 89.8475
251 65.7812 89.7884
378 66.4244 89.7381
854 67.2466 89.6738
666 67.9091 89.622
353 68.4971 89.5761
937 69.0887 89.5298
567 69.6395 89.4868
285 70.3638 89.4301
622 71.0369 89.3775
145 71.8014 89.3177
864 72.6464 89.2515
740 73.4577 89.188
648 73.7366 89.1661
159 73.9743 89.1474
813 74.2089 89.1291
742 74.4725 89.1084
135 74.7269 89.0885
318 74.9514 89.0709
158 75.2161 89.0501
818 75.4765 89.0296
823 75.7193 89.0106
893 76.0041 88.9883
983 76.2673 88.9677
494 76.4094 88.9566
820 76.5578 88.945
580 76.6951 88.9342
149 76.8371 88.9232
928 80.3561 88.6473
725 82.239 85.8854
473 84.2242 82.9736
372 86.3804 79.8118
660 86.3754 79.7549
685 86.3715 79.7112
889 86.3677 79.6672
322 86.3605 79.5853
25 86.2872 78.745
204 86.0206 75.6905
528 85.7806 72.9412
311 85.5616 70.4333
497 84.89 62.7301
450 84.89 62.7301
383 84.1655 61.2806
107 83.4337 59.8164
506 82.7718 58.4922
170 82.0377 57.0233
334 81.246 55.4394
102 80.3423 53.6313
201 80.361 53.4745
684 80.4363 52.8438
967 80.5193 52.1484
977 80.5936 51.526
932 80.6845 50.7644
850 80.7725 50.0267
274 80.8938 49.0094
745 80.9857 48.2395
835 81.0612 47.607
387 81.1215 47.1021
520 81.1998 46.4452
553 81.1998 46.4452
951 81.1998 46.4452
242 81.1998 46.4452
583 81.1998 46.4452
838 81.2657 46.0695
920 81.3334 45.684
136 81.4029 45.2874
466 81.4734 44.8854
884 81.5354 44.5323
198 81.6816 43.7002
592 82.2042 40.7252
33 83.1037 35.6057
590 83.7117 32.145
98 84.406 28.1934
979 85.8343 20.0627
627 85.9458 19.4283
345 86.0509 18.8303
243 86.1655 18.1777
260 86.2684 17.5916
483 86.2684 17.5916
