0,176,598,721,777,819,504,24,959,295,581,103,978,831,6,821,675,45,314,781,751,377,358,55,555,217,419,19,197,785,66,870,906,681,357,594,262,843,43,828,27,844,873,250,634,458,930,355,716,63,875,69,566,692,706,7,876,89,790,862,848,276,492,512,989,356,155,619,302,49,778,891,370,687,508,180,522,194,269,147,480,529,543,783,549,278,438,452,388,917,834,865,853,421,164,586,160,935,289,467,209,934,824,822,26,337,379,883,709,653,261,626,191,257,518,407,307,704,363,111,573,310,669,287,351,787,354,284,246,64,915,643,488,602,710,899,455,348,402,8,61,646,963,741,661,588,366,682,629,362,412,254,812,702,211,722,881,187,439,902,674,74,299,898,572,943,836,268,474,205,829,87,794,673,32,985,212,10,770,990,958,46,4,641,123,499,331,258,133,514,86,328,128,771,57,312,863,423,652,142,731,463,373,858,341,749,218,116,157,496,391,700,330,384,283,336,535,616,228,797,475,908,37,476,65,413,913,125,148,121,397,679,78,486,664,403,869,612,748,811,723,11,174,221,901,414,633,151,38,525,493,705,655,545,758,34,451,936,182,972,422,949,279,733,196,222,510,329,735,324,956,663,805,841,505,489,154,303,100,542,784,47,214,233,698,938,981,527,166,589,879,849,909,534,703,347,352,925,708,565,531,122,298,939,207,255,694,234,338,667,224,14,607,717,639,376,686,219,427,799,970,966,677,371,130,760,192,381,524,665,445,277,119,3,77,747,526,184,946,168,48,726,339,113,886,796,825,948,560,658,457,398,361,587,162,97,630,114,502,924,272,131,482,680,374,554,734,517,657,346,728,556,991,426,950,551,830,503,792,678,108,447,1,711,969,39,546,890,203,892,75,106,153,568,138,169,953,364,399,955,495,759,240,570,944,719,750,95,249,316,916,405,736,300,547,90,718,50,973,183,304,699,213,301,637,868,263,401,442,200,386,199,380,815,236,914,585,435,827,988,712,462,557,88,444,433,693,178,615,479,247,905,628,436,860,93,500,400,982,446,803,31,325,321,428,227,871,608,469,360,441,697,13,44,593,17,15,786,288,672,696,859,418,41,115,550,753,424,28,296,773,409,253,92,96,611,430,631,795,231,808,36,761,306,491,714,776,521,610,73,833,933,368,695,76,768,456,58,2,757,960,244,167,954,651,141,885,443,327,124,270,638,60,919,872,806,490,662,780,552,223,927,971,600,601,701,326,487,390,431,21,635,220,591,730,724,604,175,333,578,411,99,349,359,596,537,16,429,764,739,507,691,888,56,756,720,267,903,79,275,957,645,574,789,788,501,308,571,965,132,266,81,897,454,640,772,846,382,225,688,729,603,59,471,533,839,922,683,104,929,715,912,365,30,137,910,765,291,599,459,80,264,461,809,237,54,623,472,342,576,558,186,798,188,810,577,945,923,621,127,210,281,101,804,732,410,161,235,498,647,515,293,793,617,964,440,396,597,519,85,625,282,286,644,538,791,70,117,102,926,190,420,842,907,650,152,68,727,668,110,583,478,485,762,383,579,852,867,942,595,975,51,900,201,35,395,18,229,671,290,837,962,744,67,173,393,340,460,832,208,632,847,238,605,468,109,404,484,171,878,252,144,802,894,659,582,530,807,335,676,769,163,779,636,562,940,976,800,743,968,216,857,84,432,855,453,540,523,126,91,513,134,987,294,112,782,315,9,642,986,292,563,895,754,40,826,215,319,952,861,12,618,564,406,350,649,755,94,921,140,165,226,689,614,189,392,449,613,20,120,448,22,271,866,146,129,548,256,511,394,150,470,840,437,139,752,230,766,539,918,309,707,974,516,874,265,172,23,877,536,181,72,814,320,569,961,541,559,416,880,62,887,415,179,947,105,532,206,82,561,245,156,882,343,239,624,434,746,259,713,241,305,389,375,738,5,53,193,248,313,408,851,690,584,911,856,737,344,763,984,118,774,896,575,177,369,280,317,378,931,509,801,567,202,622,992,816,464,83,980,367,353,817,285,580,864,854,318,251,813,185,666,158,149,620,297,145,42,465,273,52,823,477,775,544,845,654,818,71,904,481,385,937,528,159,494,135,417,685,928,893,983,820,372,740,889,322,25,725,742,473,204,648,311,660,450,107,332,951,497,274,170,506,242,920,609,334,136,884,967,977,684,606,198,838,143,323,425,387,466,656,941,932,670,232,767,195,592,850,29,553,745,33,520,590,98,835,483,260,627,243,345,979,
value : 479.194 running time : 53.710412
0 80 20
176 73.4565 17.6049
598 72.3775 17.21
721 71.4267 16.862
777 70.5408 16.5377
819 69.9742 16.3303
504 69.5116 16.161
24 69.039 15.988
959 68.572 15.8171
295 68.1336 15.6566
581 67.6843 15.4922
103 67.2443 15.3311
978 57.3479 31.804
831 57.2882 31.9033
6 57.2273 32.0047
821 57.1672 32.1047
675 57.1059 32.2068
45 57.0509 32.2982
314 56.9959 32.3898
781 56.9452 32.4742
751 56.8908 32.5647
377 56.8348 32.6579
358 56.7846 32.7414
55 56.7344 32.825
555 56.679 32.9171
217 56.6193 33.0165
419 56.5702 33.0982
19 56.1919 33.7278
197 55.8401 34.3132
785 55.5637 34.7732
66 55.2577 35.2824
870 54.9756 35.7517
906 54.7295 36.1613
681 54.5056 36.5338
357 54.2711 36.9241
594 53.1176 37.901
262 51.9161 38.9185
843 51.771 38.8421
43 51.6202 38.7628
828 51.4558 38.6763
27 51.2927 38.5905
844 51.1355 38.5078
873 50.9683 38.4199
250 50.5299 38.6396
634 50.1112 38.8495
458 49.5874 39.112
930 49.0283 39.3923
355 48.4068 39.7038
716 47.5766 40.12
63 46.7643 40.5271
875 45.9007 40.96
69 44.7172 41.5532
566 43.4646 42.181
692 42.4198 42.7047
706 41.3994 43.2162
7 40.5937 43.62
876 39.8322 44.0017
89 39.1877 44.3248
790 39.1877 44.3248
862 39.1877 44.3248
848 39.1877 44.3248
276 39.1877 44.3248
492 39.1877 44.3248
512 39.1471 44.2642
989 39.1041 44.2
356 39.0642 44.1405
155 39.026 44.0835
619 38.9865 44.0245
302 38.9491 43.9686
49 38.913 43.9147
778 38.8759 43.8593
891 38.8379 43.8026
370 38.7974 43.7422
687 38.6503 43.5226
508 38.5387 43.3559
180 38.4295 43.1929
522 38.3111 43.0161
194 38.1856 42.8289
269 38.0509 42.6278
147 37.9128 42.4215
480 37.7575 42.1898
529 37.6014 41.9568
543 37.4666 41.7555
783 37.1707 40.6989
549 36.8394 39.5161
278 36.8394 39.5161
438 36.8394 39.5161
452 36.9372 38.6533
388 37.0596 37.5737
917 37.2778 35.6482
834 37.5888 32.9062
865 37.869 30.4354
853 37.9664 29.5754
421 38.0815 28.5601
164 38.2341 27.2134
586 38.2068 27.1056
160 38.1794 26.9973
935 38.1538 26.8964
289 38.1023 26.6933
467 38.0538 26.5023
209 38.0062 26.3143
934 37.9488 26.088
824 37.8932 25.8689
822 37.8411 25.6631
26 37.7888 25.457
337 37.7383 25.2576
379 37.6919 25.0746
883 37.641 24.8739
709 37.5934 24.6861
653 37.5461 24.4996
261 37.5026 24.3278
626 37.4567 24.1469
191 37.4166 23.9886
257 37.3677 23.7955
518 35.2506 15.4494
407 34.7067 15.4805
307 34.174 15.511
704 33.7588 15.5348
363 33.328 15.5594
111 32.9024 15.5838
573 32.4615 15.609
310 32.0011 15.6353
669 31.4836 15.665
287 31.0516 15.6897
351 30.547 15.7185
787 30.0205 15.7487
354 27.088 15.7389
284 26.315 15.7363
246 25.5533 15.7336
64 24.7746 15.731
915 23.9392 15.7281
643 23.0634 15.7251
488 22.1631 15.722
602 21.4118 15.7194
710 12.4005 15.6905
899 12.385 15.6821
455 12.3556 15.6663
348 12.3317 15.6534
402 12.3095 15.6414
8 12.2846 15.628
61 12.26 15.6147
646 12.239 15.6034
963 12.2215 15.5939
741 12.2036 15.5843
661 12.1855 15.5745
588 12.1648 15.5633
366 12.1451 15.5527
682 12.1241 15.5414
629 12.1043 15.5307
362 12.0858 15.5207
412 12.0675 15.5109
254 12.0507 15.5018
812 12.0274 15.4892
702 12.047 16.8071
211 12.048 16.8671
722 12.0489 16.9271
881 12.0613 17.7623
187 12.0778 18.8668
439 12.097 20.1617
902 12.0376 21.3123
674 11.9786 22.4562
74 11.8858 24.2511
299 11.8115 25.6911
898 11.7384 27.1051
572 11.7039 27.7739
943 11.6691 28.4477
836 11.6347 29.1145
268 11.5998 29.7916
474 11.5644 30.4764
205 11.4924 31.8721
829 11.4209 32.0087
87 11.3451 32.1534
794 11.2752 32.2869
673 11.209 32.4133
32 11.1368 32.5513
985 11.0637 32.691
212 10.9887 32.8342
10 10.9222 32.9612
770 10.8536 33.0923
990 10.7902 33.2134
958 10.7269 33.3344
46 10.6657 33.4512
4 10.6098 33.5581
641 10.5515 33.6694
123 10.2918 34.1654
499 10.0741 34.5813
331 10.0741 34.5813
258 10.0825 34.8099
133 10.1069 35.4783
514 10.1338 36.2116
86 10.1665 37.1035
328 10.2178 38.5001
128 10.2657 39.8037
771 10.2951 40.6073
57 10.3213 41.3244
312 10.3415 41.8769
863 10.3615 42.4243
423 10.3821 42.9868
652 10.4034 43.5697
142 10.4239 44.1309
731 10.4239 44.1309
463 10.4239 44.1309
373 10.4239 44.1309
858 10.4239 44.1309
341 10.4239 44.1309
749 10.4239 44.1309
218 10.4239 44.1309
116 10.4239 44.1309
157 10.8708 43.9479
496 11.3161 43.7655
391 11.8217 43.5584
700 11.8944 43.5286
330 11.9615 43.5011
384 12.0322 43.4721
283 12.1028 43.4431
336 12.1693 43.4159
535 14.8607 42.3143
616 15.6638 41.9852
228 16.4589 41.6594
797 17.2592 41.3314
475 18.0632 41.002
908 18.8376 40.6847
37 19.6138 40.3666
476 20.372 40.0559
65 21.1433 39.7399
413 21.883 39.4368
913 21.883 39.4368
125 21.883 39.4368
148 21.883 39.4368
121 21.883 39.4368
397 21.883 39.4368
679 21.883 39.4368
78 21.883 39.4368
486 21.883 39.4368
664 21.883 39.4368
403 21.883 39.4368
869 21.883 39.4368
612 21.883 39.4368
748 21.883 39.4368
811 21.883 39.4368
723 21.883 39.4368
11 21.883 39.4367
174 21.8831 39.4367
221 21.8831 39.4367
901 23.7515 49.5334
414 23.7515 49.5334
633 23.7515 49.5334
151 23.7515 49.5334
38 23.5445 50.3073
525 23.2286 51.4884
493 22.8355 52.9583
705 22.6333 53.0844
655 22.4523 53.1972
545 22.1701 53.373
758 21.8789 53.5545
34 21.5875 53.7361
451 21.3069 53.911
936 21.0348 54.0805
182 20.8269 54.2101
972 20.6141 54.3427
422 20.4314 54.4565
949 20.2468 54.5716
279 20.0364 54.7028
733 19.8332 54.8294
196 19.6202 54.9621
222 19.4341 55.0781
510 19.3225 55.1476
329 19.196 55.2265
735 19.0816 55.2978
324 18.9647 55.3706
956 18.8384 55.4493
663 18.7141 55.5268
805 17.7329 56.1383
841 17.0065 56.591
505 16.3404 57.0061
489 15.6917 57.4103
154 15.5233 57.5153
303 15.1836 57.727
100 14.8666 57.9245
542 14.5657 58.1121
784 14.2324 58.3198
47 13.9245 58.5116
214 13.6429 58.6871
233 13.4405 58.8132
698 13.2067 58.959
938 12.9539 59.1165
981 12.652 59.3047
527 12.3 59.524
166 12.0024 59.7095
589 11.7298 59.8793
879 11.4458 60.0563
849 11.1721 60.2269
909 11.1721 60.2269
534 11.1721 60.2269
703 11.1266 60.2592
347 11.0787 60.2933
352 11.0358 60.3239
925 10.9887 60.3574
708 10.9431 60.3899
565 10.8996 60.4208
531 10.8499 60.4561
122 10.8013 60.4908
298 10.8771 66.6776
939 10.8833 67.1823
207 10.8903 67.7519
255 10.9285 67.7813
694 10.966 67.8102
234 11.0049 67.8402
338 11.0462 67.872
667 11.0796 67.8977
224 11.1154 67.9253
14 11.1814 67.9761
607 11.2482 68.0277
717 11.3166 68.0803
639 11.3872 68.1347
376 11.4574 68.1888
686 11.5262 68.2418
219 11.5968 68.2962
427 11.6641 68.3481
799 11.7306 68.3993
970 11.8023 68.4546
966 11.8682 68.5053
677 11.9484 68.5671
371 12.0581 68.6517
130 12.1817 68.7469
760 12.2896 68.83
192 12.4073 68.9207
381 12.5172 69.0054
524 12.6602 69.1156
665 12.7856 69.2122
445 12.9198 69.3155
277 13.0663 69.4284
119 13.2183 69.5456
3 13.362 69.6563
77 13.5062 69.7674
747 13.6827 69.9034
526 13.9124 70.0803
184 14.0958 70.2217
946 14.2627 70.3503
168 14.4164 70.4687
48 14.5636 70.5821
726 14.5636 70.5821
339 14.5636 70.5821
113 14.5636 70.5821
886 14.5636 70.5821
796 14.5636 70.5821
825 14.5636 70.5821
948 14.5636 70.5821
560 14.5636 70.5821
658 14.5636 70.5821
457 14.5636 70.5821
398 14.5636 70.5821
361 14.5636 70.5821
587 14.5636 70.5821
162 14.3661 70.8845
97 14.1766 71.1746
630 13.989 71.4617
114 13.7952 71.7585
502 13.5788 72.0897
924 13.3739 72.4034
272 13.151 72.7446
131 12.9237 73.0925
482 12.6535 73.506
680 12.3554 73.9623
374 12.0333 74.4553
554 11.7292 74.9206
734 11.7292 74.9206
517 11.6509 75.273
657 11.553 75.7132
346 11.4544 76.1565
728 11.3543 76.6066
556 11.2567 77.0456
991 11.1592 77.484
426 11.0622 77.9203
950 10.9699 78.335
551 10.7727 79.2229
830 10.5677 80.146
503 10.3669 81.0495
792 10.1551 82.0039
678 9.94876 82.9332
108 9.85809 83.3409
447 9.76851 83.7438
1 9.6835 84.126
711 9.59907 84.5057
969 9.55067 84.7232
39 9.50413 84.9323
546 9.47116 85.0803
890 9.43724 85.2326
203 9.40042 85.398
892 9.36304 85.566
75 9.32557 85.7344
106 9.2858 85.9131
153 9.25062 86.0712
568 9.21495 86.2315
138 9.18006 86.3882
169 9.14619 86.5404
953 9.11141 86.6966
364 9.07795 86.8469
399 9.04562 86.9921
955 9.01198 87.1432
495 8.97763 87.2975
759 8.94244 87.4556
240 8.90766 87.6118
570 8.87231 87.7706
944 8.83606 87.9335
719 8.79809 88.1041
750 8.76016 88.2745
95 8.76016 88.2746
249 8.76015 88.2746
316 8.76015 88.2746
916 8.76015 88.2746
405 8.76014 88.2746
736 8.76014 88.2746
300 8.76014 88.2747
547 8.76013 88.2747
90 8.76013 88.2747
718 8.76013 88.2747
50 8.76012 88.2747
973 8.75723 88.2861
183 8.75453 88.2967
304 8.7518 88.3074
699 8.7491 88.318
213 8.74617 88.3295
301 8.74386 88.3385
637 8.74141 88.3481
868 8.7388 88.3584
263 8.73649 88.3674
401 8.73406 88.377
442 8.73148 88.3871
200 8.72876 88.3978
386 8.7264 88.407
199 8.72387 88.417
380 8.72125 88.4272
815 8.71891 88.4364
236 8.71625 88.4469
914 8.71375 88.4567
585 8.71105 88.4673
435 8.70834 88.4779
827 8.70587 88.4876
988 8.7034 88.4973
712 9.18267 88.1919
462 9.6336 87.9046
557 10.0786 87.6212
88 10.5237 87.3377
444 10.9546 87.0633
433 11.3801 86.7922
693 11.8237 86.5097
178 12.2536 86.2358
615 12.7253 85.9354
479 13.2286 85.6147
247 13.4 85.5056
905 13.5729 85.3955
628 13.75 85.2827
436 13.9333 85.166
860 14.1189 85.0479
93 14.3036 84.9302
500 14.4873 84.8133
400 14.6328 84.7207
982 14.9739 84.8755
446 15.3286 85.0364
803 15.6941 85.2022
31 16.1566 85.4121
325 16.6334 85.6285
321 17.1454 85.8609
428 18.6623 86.5495
227 19.8123 87.0714
871 19.9508 87.1343
608 20.0796 87.1927
469 20.2137 87.2536
360 20.3522 87.3164
441 20.5014 87.3841
697 20.6298 87.4424
13 20.7626 87.5027
44 20.9008 87.5654
593 21.0332 87.6255
17 21.156 87.6812
15 21.293 87.7433
786 21.4334 87.8071
288 21.542 87.8563
672 21.6658 87.9125
696 21.7739 87.9615
859 21.8814 88.0103
418 21.9882 88.0588
41 22.0961 88.1078
115 22.204 88.1567
550 22.3121 88.2057
753 22.4317 88.26
424 22.5524 88.3148
28 22.6819 88.3736
296 22.7871 88.4213
773 22.8974 88.4713
409 23.0038 88.5196
253 23.1078 88.5668
92 23.2175 88.6166
96 23.3179 88.6622
611 23.4169 88.7071
430 23.4895 88.74
631 23.5623 88.773
795 23.6323 88.8048
231 23.7027 88.8368
808 23.7709 88.8677
36 23.8326 88.8957
761 23.8964 88.9247
306 23.9634 88.9551
491 24.0271 88.9839
714 24.0907 89.0128
776 24.1518 89.0406
521 24.2204 89.0717
610 24.2855 89.1012
73 24.3485 89.1298
833 24.4092 89.1574
933 24.4719 89.1858
368 24.5355 89.2146
695 24.5979 89.243
76 24.6661 89.2739
768 24.7342 89.3048
456 24.7965 89.3331
58 24.8555 89.3599
2 24.922 89.39
757 24.9826 89.4175
960 25.0518 89.4489
244 25.0198 87.9328
167 24.999 86.9431
954 24.98 86.0466
651 24.966 85.3796
141 24.9452 84.3967
885 24.9231 83.3507
443 24.8945 81.9945
327 24.8712 80.8874
124 24.8712 80.8874
270 24.8712 80.8873
638 24.8712 80.8873
60 24.8712 80.8873
919 24.8712 80.8873
872 24.8712 80.8873
806 24.8712 80.8873
490 24.8712 80.8872
662 24.8712 80.8872
780 24.8712 80.8872
552 25.1784 78.9576
223 25.2878 78.2678
927 25.3995 77.5638
971 25.4994 76.9336
600 25.5843 76.3983
601 25.667 75.8766
701 25.7287 75.4876
326 25.7892 75.1054
487 25.8505 74.7187
390 25.9148 74.3135
431 25.9706 73.9613
21 26.0314 73.5775
635 26.0883 73.2183
220 26.1454 72.858
591 26.202 72.5009
730 26.2579 72.1485
724 26.3139 71.7952
604 26.4693 70.5006
175 26.6633 68.8851
333 26.6633 68.8851
578 26.6633 68.8851
411 26.6472 68.6883
99 26.6328 68.5137
349 26.6173 68.3253
359 26.6031 68.1526
596 26.5893 67.9844
537 26.5769 67.8334
16 26.563 67.6636
429 26.5458 67.4545
764 26.3819 65.463
739 26.3499 65.0731
507 26.3499 65.0731
691 26.3499 65.073
888 26.4231 65.0679
56 26.4951 65.0628
756 26.5442 65.0593
720 26.5972 65.0555
267 26.6517 65.0517
903 26.7046 65.048
79 26.7563 65.0443
275 26.8112 65.0404
957 26.8712 65.0362
645 26.9314 65.0319
574 26.9864 65.028
789 27.0402 65.0242
788 27.0945 65.0204
501 27.1502 65.0165
308 27.2064 65.0125
571 27.2589 65.0088
965 27.3091 65.0052
132 27.3588 65.0017
266 27.4141 64.9978
81 27.4652 64.9942
897 27.5274 64.9898
454 27.6006 64.9846
640 27.9498 64.8767
772 28.2797 64.7747
846 29.2618 64.471
382 30.397 64.1199
225 31.637 63.7364
688 32.0365 63.6129
729 32.3704 63.5379
603 32.7515 63.4522
59 33.1152 63.3704
471 33.5603 63.2703
533 33.8884 63.1965
839 34.1841 63.13
922 34.5057 63.0577
683 34.8183 62.9874
104 35.1037 62.9233
929 35.3906 62.8588
715 35.6885 62.7918
912 35.9715 62.7282
365 36.2597 62.6634
30 36.5465 62.5989
137 36.8289 62.5354
910 37.1309 62.4675
765 37.4195 62.4026
291 37.699 62.3398
599 37.9701 62.2789
459 39.0149 62.0439
80 40.0239 61.8169
264 41.1676 61.5597
461 42.254 61.3153
809 43.3174 61.0761
237 44.5251 60.8045
54 46.3926 60.3843
623 49.1732 59.7585
472 49.6056 59.6612
342 49.6839 59.6472
576 49.7613 59.6334
558 49.847 59.618
186 49.9406 59.6013
798 50.0246 59.5863
188 50.1148 59.5701
810 50.1957 59.5556
577 50.2746 59.5415
945 50.3529 59.5275
923 50.4322 59.5133
621 50.5095 59.4995
127 50.589 59.4852
210 50.7574 59.4551
281 50.9876 59.4139
101 51.2221 59.3719
804 51.4434 59.3323
732 51.7053 59.2854
410 52.0063 59.2315
161 52.4069 59.1598
235 52.7734 59.0942
498 53.2136 59.0154
647 53.6733 58.9332
515 54.0495 58.8658
293 54.4079 58.8017
793 54.745 58.7413
617 55.0864 58.6802
964 55.4591 58.6135
440 55.8327 58.5466
396 56.2 58.4809
597 56.541 58.4198
519 57.0147 58.335
85 57.4803 58.2517
625 57.935 58.1703
282 58.4002 58.087
286 58.935 57.9913
644 59.4996 57.8903
538 59.7796 58.1823
791 60.0334 58.4471
70 60.2887 58.7134
117 60.5548 58.991
102 60.8482 59.297
926 61.116 59.5763
190 61.482 59.9581
420 61.8474 60.3393
842 62.1599 60.6653
907 62.6425 61.1686
650 63.1459 61.6937
152 63.6126 62.1805
68 63.9295 62.5111
727 64.2621 62.858
668 64.5307 63.1381
110 64.8147 63.4344
583 65.0535 63.6835
478 65.3275 63.9693
485 65.6013 64.2548
762 65.9472 64.6156
383 66.3744 65.0613
579 66.1868 65.1822
852 65.996 65.3053
867 65.7808 65.4441
942 65.5727 65.5782
595 65.3538 65.7194
975 65.1474 65.8525
51 64.9156 66.002
900 64.7076 66.1361
201 64.4835 66.2806
35 62.1378 67.7939
395 59.6365 69.4076
18 59.6365 69.4076
229 59.6365 69.4076
671 59.6365 69.4076
290 59.6365 69.4076
837 59.6365 69.4076
962 59.4572 69.4466
744 59.2385 69.4942
67 58.8063 69.5881
173 58.33 69.6917
393 57.8369 69.7989
340 57.298 69.9161
460 56.698 70.0465
832 56.0795 70.181
208 55.4343 70.3213
632 54.7686 70.4661
847 54.2074 70.5881
238 53.5542 70.7301
605 52.4628 70.9674
468 51.127 71.2579
109 49.5367 71.6038
404 47.6109 72.0226
484 46.8617 72.1855
171 46.0857 72.3543
878 45.408 72.5016
252 45.5421 72.5831
144 45.6867 72.671
802 45.8338 72.7604
894 45.9735 72.8453
659 46.1217 72.9354
582 46.2628 73.0211
530 46.385 73.0953
807 46.5005 73.1655
335 46.6261 73.2418
676 46.6261 73.2418
769 46.6261 73.2418
163 46.6261 73.2418
779 46.6261 73.2418
636 46.6261 73.2418
562 46.6261 73.2418
940 46.6261 73.2418
976 46.6261 73.2418
800 46.6261 73.2418
743 46.6261 73.2418
968 46.6261 73.2418
216 46.6261 73.2418
857 46.6261 73.2418
84 46.6261 73.2418
432 46.6777 73.366
855 46.7244 73.4783
453 46.7727 73.5946
540 46.8204 73.7091
523 46.8701 73.8287
126 46.9262 73.9638
91 46.978 74.0884
513 47.0273 74.2069
134 47.0775 74.3277
987 47.1351 74.4663
294 47.0177 74.9812
112 46.921 75.4056
782 46.8023 75.9261
315 46.6869 76.4326
9 46.5479 77.0424
642 46.3622 77.8568
986 46.2023 78.5583
292 45.9942 79.4711
563 45.8234 80.2205
895 45.6399 81.0254
754 45.4339 81.9291
40 45.358 82.2623
826 45.2914 82.5544
215 45.2193 82.8707
319 45.145 83.1969
952 45.0698 83.5266
861 45.0504 83.6118
12 45.0299 83.7016
618 45.0085 83.7955
564 44.8997 83.8151
406 44.7979 83.8333
350 44.6895 83.8528
649 44.5844 83.8717
755 44.4919 83.8884
94 44.401 83.9047
921 43.8999 83.9948
140 43.1886 84.1227
165 42.2505 84.2915
226 41.1582 84.4879
689 40.2323 84.6544
614 39.8629 85.7149
189 39.4527 86.8928
392 39.0171 88.1436
449 38.5881 89.3755
613 38.1827 90.5395
20 37.8261 91.5632
120 38.1347 91.5084
448 38.4471 91.4529
22 38.7717 91.3953
271 39.0984 91.3372
866 39.4304 91.2783
146 39.7708 91.2178
129 40.1109 91.1574
548 40.449 91.0974
256 40.7923 91.0364
511 41.1306 90.9763
394 41.239 90.957
150 41.3449 90.9382
470 41.4636 90.9171
840 41.5898 90.8946
437 41.7078 90.8736
139 41.8184 90.854
752 41.9377 90.8327
230 42.0646 90.8102
766 42.1889 90.788
539 42.317 90.7653
918 42.4363 90.744
309 42.7829 90.6825
707 43.142 90.6187
974 43.5111 90.5532
516 43.9434 90.4764
874 44.3879 90.3975
265 44.8511 90.3152
172 45.9844 90.1147
23 46.8445 89.9626
877 46.8445 89.9626
536 46.8445 89.9626
181 46.8445 89.9626
72 46.8445 89.9626
814 46.8445 89.9626
320 46.8446 89.9626
569 46.8446 89.9626
961 46.8446 89.9626
541 46.8446 89.9626
559 46.8446 89.9626
416 46.8446 89.9626
880 46.8446 89.9626
62 46.8446 89.9626
887 46.8446 89.9626
415 46.8446 89.9626
179 46.8446 89.9626
947 46.8446 89.9626
105 46.8446 89.9626
532 46.8446 89.9625
206 46.8446 89.9625
82 46.8446 89.9625
561 46.8446 89.9625
245 46.8446 89.9625
156 46.8446 89.9625
882 46.8446 89.9625
343 46.8446 89.9625
239 46.8446 89.9625
624 46.8446 89.9625
434 46.8447 89.9625
746 46.8447 89.9625
259 46.8447 89.9625
713 46.8447 89.9625
241 46.8447 89.9625
305 46.8447 89.9625
389 46.8447 89.9625
375 46.8447 89.9625
738 46.8447 89.9625
5 47.2661 89.8483
53 47.7096 89.728
193 48.2366 89.5851
248 48.7699 89.4404
313 49.3172 89.2919
408 49.8384 89.1506
851 50.3654 89.0076
690 50.8895 88.8655
584 51.4072 88.7251
911 51.8732 88.5987
856 52.2532 88.4957
737 52.612 88.3985
344 52.964 88.303
763 53.4306 88.1765
984 54.0838 87.9993
118 54.7189 87.827
774 55.3596 87.6532
896 56.0131 87.4759
575 56.6919 87.2917
177 57.3631 87.1096
369 58.03 86.9287
280 58.6915 86.7492
317 59.3626 86.5671
378 60.0273 86.3867
931 60.6888 86.2073
509 61.3406 86.0305
801 61.6802 86.1409
567 62.0358 86.2566
202 62.379 86.3682
622 62.7611 86.4925
992 63.0991 86.6025
816 63.4298 86.71
464 63.804 86.8317
83 64.1371 86.9401
980 64.3911 87.0227
367 64.8183 87.1617
353 66.5245 87.7168
817 67.6401 88.0797
285 68.7877 88.4531
580 69.8646 88.8034
864 69.9259 88.6759
854 69.9743 88.5753
318 70.0238 88.4726
251 70.0766 88.3628
813 70.134 88.2436
185 70.1845 88.1387
666 70.2691 87.9628
158 70.3492 87.7965
149 70.4282 87.6322
620 70.5199 87.4418
297 70.633 87.2067
145 70.7254 87.0147
42 70.8183 86.8217
465 70.9248 86.6004
273 71.022 86.3985
52 71.1306 86.1728
823 71.2695 85.8841
477 71.4115 85.5892
775 71.5654 85.2695
544 71.7032 84.9832
845 72.1161 84.1253
654 72.6148 83.0897
818 72.8094 82.6853
71 73.0025 82.2841
904 73.1966 81.8808
481 74.1937 81.5679
385 75.4285 81.1804
937 75.8733 81.7175
528 76.3178 82.2542
159 78.0762 84.377
494 79.8243 86.4872
135 81.232 88.1867
417 81.232 88.1867
685 81.232 88.1867
928 81.232 88.1867
893 81.2643 88.1354
983 81.2979 88.0818
820 81.8937 87.134
372 86.3049 80.1171
740 86.2965 80.0357
889 86.2889 79.9624
322 86.2793 79.8689
25 86.2666 79.7455
725 86.254 79.623
742 86.2405 79.4922
473 86.1891 78.9929
204 86.0421 77.5658
648 85.9074 76.2574
311 85.7123 74.3627
660 85.4855 72.1597
450 85.1616 69.012
107 84.6309 63.8526
332 84.5465 63.0335
951 84.4216 61.8205
497 84.3835 61.4499
274 78.9304 52.2785
170 78.9304 52.2785
506 78.8476 52.1744
242 78.7468 52.0477
920 78.6399 51.9133
609 78.5402 51.788
334 78.4644 51.6928
136 78.3816 51.5887
884 78.2976 51.4831
967 78.2047 51.3662
977 78.1209 51.261
684 78.0231 51.138
606 75.7243 48.2498
198 75.7243 48.2498
838 75.7243 48.2498
143 75.7243 48.2498
323 75.7243 48.2498
425 75.7243 48.2498
387 75.7243 48.2498
466 75.7243 48.2498
656 75.7243 48.2498
941 75.7243 48.2498
932 75.7243 48.2498
670 75.7243 48.2498
232 75.7243 48.2498
767 75.7243 48.2498
195 75.9796 47.4988
592 76.2242 46.7798
850 76.4556 46.0991
29 76.9316 44.6993
553 77.4031 43.3128
745 78.5546 39.9278
33 79.8095 36.2386
520 80.6851 33.6644
590 81.544 31.139
98 82.4018 28.6171
835 82.454 28.4636
483 86.1824 17.511
260 86.0206 17.576
627 85.6265 17.7346
243 85.1069 17.9437
345 84.199 18.3091
979 82.6984 18.9132
