0,103,598,581,959,819,24,721,176,777,504,653,828,295,419,19,250,555,681,289,355,594,785,751,865,209,873,55,831,6,27,930,716,45,634,821,675,43,781,606,644,70,875,232,357,323,926,314,358,670,217,978,377,945,262,989,69,870,66,862,342,452,522,923,577,85,396,623,621,281,264,798,188,472,492,180,194,498,197,519,533,49,471,597,603,155,692,127,210,843,512,461,917,778,876,414,811,706,790,566,848,38,529,906,276,853,935,356,834,205,783,486,63,458,844,379,934,26,164,467,160,586,278,7,191,257,421,261,111,480,310,704,883,307,626,709,351,363,337,573,407,822,64,669,287,518,354,246,902,899,824,602,641,284,474,8,254,211,643,366,488,812,661,439,588,702,741,722,881,629,646,674,963,331,61,412,348,898,133,268,455,572,86,187,74,682,362,4,299,328,794,673,258,514,402,65,943,836,710,121,869,125,87,388,397,829,32,476,403,475,151,679,612,787,915,221,549,687,858,438,11,985,664,748,147,148,797,413,269,913,142,758,37,535,391,496,908,324,233,174,633,938,705,57,330,731,312,423,123,78,100,936,771,849,700,863,616,182,384,228,663,222,10,212,499,116,283,157,46,527,128,958,218,463,990,341,303,542,770,909,841,489,652,373,749,279,505,214,122,925,192,956,949,972,733,723,691,154,655,422,534,589,352,336,698,971,79,543,382,237,507,34,772,59,601,729,525,839,390,788,809,104,365,715,756,508,89,619,891,302,765,922,30,732,640,688,981,903,545,730,54,912,510,267,743,101,134,676,804,493,226,878,901,957,929,370,645,724,21,56,163,404,596,175,359,689,614,683,523,80,459,910,171,308,215,599,349,225,291,501,327,537,454,132,574,897,114,361,130,482,604,587,168,600,220,552,99,275,701,720,635,329,965,846,735,451,591,137,888,517,526,639,703,445,162,277,234,565,805,47,784,760,764,677,166,708,667,381,694,966,14,657,255,799,939,734,747,347,531,503,131,77,207,970,81,196,879,97,338,433,3,376,665,374,224,371,615,860,717,830,607,686,556,546,560,203,487,272,924,500,244,630,991,457,739,948,119,502,326,524,411,429,680,780,886,796,400,219,427,108,950,398,443,184,726,339,113,728,75,90,346,360,93,321,399,982,446,695,551,298,442,300,759,554,890,568,199,711,405,236,693,169,547,736,905,718,325,570,955,58,31,719,364,495,444,153,678,316,628,792,247,240,106,301,969,637,827,585,868,263,138,803,944,916,48,178,426,213,401,1,115,435,973,39,914,953,988,447,380,304,200,776,491,750,409,608,386,753,424,17,183,557,469,288,761,88,95,436,892,815,918,462,885,441,699,933,712,13,593,44,50,418,651,697,253,333,578,15,714,521,368,227,456,768,490,871,795,150,927,141,167,773,172,431,16,189,833,120,41,296,550,789,658,825,757,479,266,946,571,662,954,872,60,270,249,610,76,73,696,306,36,256,292,548,124,919,448,859,231,786,96,20,470,631,437,2,139,22,611,430,156,561,394,707,672,389,230,416,309,960,271,53,808,72,28,428,806,866,738,974,613,265,146,877,392,638,248,947,223,861,840,449,752,814,241,193,129,882,961,165,874,541,92,181,618,516,5,766,763,375,511,559,539,746,536,569,320,434,343,532,206,755,305,774,105,23,367,911,980,177,185,624,239,984,313,584,62,344,408,530,851,856,992,713,754,880,369,887,896,42,273,931,297,464,845,737,251,229,140,378,620,52,952,18,245,575,477,259,202,118,690,816,817,544,801,666,135,893,823,818,158,318,854,742,813,159,648,740,864,145,622,285,567,353,937,983,149,580,820,494,928,473,725,372,311,528,204,25,322,889,685,660,450,332,417,110,465,83,900,317,579,173,847,775,650,852,904,290,727,393,654,385,867,51,481,71,837,216,987,109,67,460,208,112,605,509,962,668,340,744,832,595,9,515,791,440,802,800,964,179,415,769,395,12,144,986,636,782,582,280,82,432,126,921,895,826,976,94,563,315,562,564,940,659,294,642,649,406,319,540,335,513,807,40,252,350,632,671,779,855,484,410,894,91,468,453,857,186,576,793,286,282,625,235,84,558,161,238,617,647,810,35,767,293,190,907,68,478,762,941,968,842,975,152,656,420,485,538,143,117,334,497,383,583,850,201,102,684,609,29,942,195,506,170,107,932,967,951,835,274,977,242,553,387,745,520,425,592,198,884,466,136,920,838,33,98,590,979,345,627,260,483,243,
value : 504.383 running time : 34.385754
0 80 20
103 65.1435 15.8652
598 64.8335 16.0721
581 64.5398 16.2681
959 64.2553 16.4581
819 63.9974 16.6301
24 63.7713 16.781
721 63.5536 16.9263
176 62.3093 17.7567
777 60.6948 18.8342
504 59.0003 19.965
653 55.6608 22.1937
828 56.1099 23.9312
295 56.3335 24.7966
419 56.5562 25.6581
19 56.8091 26.6362
250 56.9531 27.1934
555 57.0965 27.7484
681 57.2433 28.3161
289 57.372 28.8142
355 57.6307 29.8149
594 57.8551 30.6832
785 57.9493 31.0476
751 58.0513 31.4422
865 58.1509 31.8272
209 58.2548 32.2293
873 58.3654 32.657
55 58.493 33.151
831 58.624 33.6575
6 58.7623 34.1926
27 58.9122 34.7726
930 59.0679 35.3748
716 59.2122 35.9331
45 59.3385 36.4219
634 59.4628 36.9027
821 59.5841 37.372
675 59.7221 37.9061
43 59.8474 38.3907
781 59.9645 38.8435
606 60.1124 39.4157
644 60.2467 39.9355
70 60.371 40.4161
875 60.3777 40.4422
232 60.3851 40.4707
357 60.3923 40.4986
323 60.3995 40.5266
926 60.407 40.5558
314 60.4136 40.5812
358 60.4205 40.6077
670 60.4284 40.6382
217 58.6911 41.7711
978 56.9834 42.8847
377 55.273 44.0001
945 53.1275 45.3991
262 51.4903 46.4668
989 49.9489 47.4719
69 49.812 47.5612
870 49.6735 47.6515
66 49.5215 47.7506
862 49.3475 47.8641
342 49.1935 47.9645
452 49.0397 48.0648
522 48.883 48.167
923 48.7479 48.2551
577 48.6128 48.3432
85 48.4771 48.4317
396 48.3366 48.5233
623 48.1734 48.6298
621 47.9835 48.7536
281 47.8117 48.8656
264 47.6475 48.9727
798 47.52 49.0558
188 47.2329 48.985
472 46.8773 48.8973
492 46.5361 48.8132
180 46.1608 48.7207
194 45.8422 48.6421
498 45.5496 48.57
197 45.2336 48.4921
519 44.9189 48.4145
533 44.489 48.3085
49 43.775 47.6974
471 43.1353 47.1498
597 42.0177 46.1932
603 39.5933 44.1184
155 39.5753 44.0974
692 39.5565 44.0756
127 39.5406 44.0572
210 39.5236 44.0374
843 39.5067 44.0178
512 39.4875 43.9955
461 39.4685 43.9735
917 39.4484 43.9502
778 39.4298 43.9286
876 39.4107 43.9064
414 39.391 43.8835
811 39.3718 43.8612
706 39.3552 43.842
790 39.3387 43.8228
566 39.3217 43.8031
848 39.3048 43.7835
38 39.2845 43.76
529 39.2673 43.74
906 39.2527 43.723
276 38.6567 43.0311
853 37.7763 42.009
935 37.0459 41.1611
356 36.2673 40.2572
834 35.307 39.1424
205 34.6069 38.3296
783 35.063 38.1866
486 35.5042 38.0482
63 42.7963 35.7619
458 42.7963 35.7619
844 42.4662 34.8613
379 41.9912 33.5652
934 41.6467 32.6253
26 41.3498 31.8151
164 41.2413 31.5191
467 41.1305 31.2167
160 41.0196 30.9141
586 40.9112 30.6185
278 40.8019 30.3202
7 40.7014 30.0461
191 40.5733 29.6964
257 40.4488 29.3566
421 40.3144 28.99
261 40.1592 28.5666
111 40.0172 28.1792
480 39.9039 27.8699
310 39.0677 25.5884
704 38.5921 24.2908
883 38.2689 23.4089
307 37.9649 22.5795
626 37.6563 21.7374
709 37.3676 20.9496
351 37.0435 20.0654
363 36.8444 19.5221
337 36.6698 19.0457
573 36.4737 18.5105
407 36.2811 17.985
822 36.1219 17.5506
64 35.9219 17.0051
669 35.7088 16.4236
287 35.548 15.9847
518 35.3882 15.5487
354 26.806 15.4027
246 26.1757 15.392
902 25.533 15.3811
899 24.9549 15.3712
824 24.4523 15.3627
602 23.8065 15.3517
641 22.6699 15.2787
284 21.7807 15.2216
474 20.7199 15.1535
8 19.7614 15.0919
254 18.768 15.0281
211 17.6897 14.9588
643 16.7864 14.9008
366 15.616 14.8256
488 14.5069 14.7544
812 13.2094 14.6711
661 13.1021 15.2754
439 13.012 15.782
588 13.012 15.782
702 13.012 15.782
741 13.012 15.782
722 13.012 15.782
881 12.8763 16.3879
629 12.7136 17.1144
646 12.524 17.9608
674 12.3315 18.8203
963 12.1305 19.7177
331 11.9585 20.4854
61 11.8008 21.1895
412 11.604 22.0686
348 11.3973 22.9911
898 11.1503 24.0935
133 11.1405 24.1374
268 11.1309 24.1805
455 11.1211 24.2241
572 11.1109 24.2697
86 11.1006 24.3155
187 11.1006 24.3155
74 11.0201 24.9283
682 10.9468 25.4869
362 10.8179 26.4681
4 10.5466 28.5354
299 10.2672 30.6634
328 9.95127 33.0717
794 10.33 33.1589
673 10.7592 33.2578
258 11.1591 33.3499
514 11.7235 33.4799
402 12.5059 33.6601
65 13.3098 33.8453
943 14.0551 34.0169
836 14.7525 34.1776
710 15.4449 34.337
121 16.3444 34.5442
869 17.1591 34.7319
125 17.7026 34.8571
87 18.2551 34.9843
388 18.9248 35.1386
397 19.2296 35.2088
829 19.4803 35.2665
32 19.7318 35.3244
476 19.9902 35.384
403 20.2645 35.4471
475 20.5141 35.5046
151 20.7589 35.561
679 20.9692 35.6095
612 21.1578 35.6529
787 21.3599 35.6994
915 21.4059 36.1358
221 21.4711 36.7547
549 21.5553 37.5536
687 21.6431 38.3858
858 21.7116 39.0356
438 21.7116 39.0356
11 21.7116 39.0356
985 21.7116 39.0356
664 22.2585 41.2367
748 22.7861 43.3597
147 23.2401 45.1869
148 22.9936 45.243
797 22.7858 45.2903
413 22.6036 45.3318
269 22.4002 45.3781
913 22.1708 45.4303
142 21.9233 45.4867
758 21.6946 45.5388
37 21.485 45.5865
535 21.2652 45.6365
391 21.0317 45.6897
496 20.7989 45.7427
908 20.5832 45.7918
324 20.3646 45.8415
233 20.1303 45.8949
174 19.9145 45.944
633 19.7177 45.9888
938 19.5019 46.0379
705 19.2849 46.0873
57 15.0863 47.0433
330 12.4203 47.6503
731 12.2505 47.689
312 12.0776 47.7283
423 11.9216 47.7639
123 11.7492 47.8031
78 11.5895 47.8395
100 11.3862 47.8857
936 11.2062 47.9267
771 11.0346 47.9658
849 10.8282 48.0128
700 10.7785 48.0241
863 10.718 48.0379
616 10.6602 48.051
182 10.6007 48.0646
384 10.5399 48.0784
228 10.4835 48.0913
663 10.4251 48.1046
222 10.3584 48.1197
10 10.2972 48.1337
212 10.23 48.149
499 10.1607 48.1648
116 10.1639 48.1849
283 10.1665 48.2014
157 10.1696 48.221
46 10.1724 48.2389
527 10.1757 48.26
128 10.1785 48.2774
958 10.1812 48.2948
218 10.1847 48.3168
463 10.1875 48.3345
990 10.1902 48.352
341 10.1935 48.373
303 10.1968 48.3938
542 10.1997 48.4121
770 10.2024 48.4297
909 10.2055 48.4493
841 10.2086 48.4685
489 10.2116 48.4879
652 10.2145 48.5065
373 10.2176 48.5258
749 10.2206 48.545
279 10.2238 48.5651
505 10.2268 48.5844
214 10.23 48.6049
122 10.2332 48.6248
925 12.5757 50.2135
192 16.3104 52.7464
956 16.9559 52.8362
949 17.517 52.9144
972 18.059 52.9898
733 18.6889 53.0775
723 18.9878 53.1191
691 19.2651 53.1577
154 19.5458 53.1968
655 19.948 53.2528
422 20.224 53.3508
534 20.4944 53.4469
589 20.7826 53.5492
352 21.7278 53.885
336 23.2441 54.4236
698 25.1333 55.0946
971 27.5083 55.9384
79 27.5447 55.9513
543 27.5812 55.9643
382 27.6209 55.9784
237 27.6606 55.9925
507 27.6961 56.0051
34 27.7333 56.0183
772 27.7712 56.0318
59 28.0546 56.1325
601 28.3324 56.2312
729 28.7447 56.3777
525 29.1513 56.5222
839 29.6452 56.6977
390 30.0931 56.8569
788 30.5301 57.0121
809 30.9935 57.1768
104 31.4176 57.3275
365 31.8222 57.4713
715 32.1856 57.6004
756 32.1856 57.6004
508 32.1856 57.6004
89 32.1856 57.6004
619 32.1856 57.6004
891 32.2631 57.7768
302 32.3358 57.9421
765 32.4241 58.1429
922 32.4957 58.3057
30 32.571 58.4768
732 32.6448 58.6446
640 32.711 58.7952
688 32.778 58.9477
981 32.8532 59.1187
903 33.4391 60.4508
545 34.0223 61.7769
730 34.8492 63.6558
54 35.2399 63.5942
912 35.5967 63.5378
510 35.9418 63.4834
267 37.0962 63.3012
743 38.4453 63.0884
101 38.5619 63.07
134 38.3822 63.4957
676 38.2356 63.8429
804 38.0854 64.1987
493 37.9282 64.5711
226 37.744 65.0075
878 37.6255 65.288
901 37.516 65.5473
957 37.4286 65.7545
929 37.3419 65.9597
370 37.2565 66.1621
645 37.1385 66.4417
724 37.0228 66.7156
21 36.923 66.952
56 36.8274 67.1784
163 36.7272 67.4158
404 36.6245 67.659
596 36.5275 67.8888
175 36.4264 68.1283
359 36.317 68.3873
689 36.2033 68.6568
614 36.1063 68.8865
683 36.0245 69.0803
523 35.9274 69.3102
80 35.8272 69.5476
459 35.734 69.7682
910 35.6306 70.0132
171 35.529 70.2537
308 35.4251 70.5
215 35.3109 70.7703
599 33.481 70.2808
349 32.6881 70.0687
225 32.1473 69.9241
291 31.3459 69.7097
501 30.4219 69.4625
327 29.5705 69.2348
537 28.8286 69.0363
454 28.1044 68.8426
132 27.2344 68.6098
574 26.5481 68.4262
897 25.7388 68.2098
114 25.0121 68.0153
361 24.8009 67.9589
130 24.5855 67.9012
482 24.3851 67.8476
604 24.2146 67.802
587 24.0094 67.7471
168 23.7992 67.6909
600 23.6046 67.6388
220 23.4054 67.5856
552 23.2101 67.5333
99 23.018 67.4819
275 22.8178 67.4284
701 22.6172 67.3747
720 22.4294 67.3245
635 22.2304 67.2713
329 22.0236 67.2159
965 21.8417 67.1673
846 21.636 67.1122
735 21.4368 67.059
451 21.2431 67.0072
591 21.0716 66.9613
137 20.7967 66.8877
888 18.6529 66.3143
517 13.9661 65.0605
526 13.7109 64.9923
639 9.92781 63.9803
703 9.84825 63.8761
445 9.78013 63.7869
162 9.7116 63.6972
277 9.6348 63.5967
234 9.55396 63.4908
565 9.47752 63.3908
805 9.39749 63.286
47 9.32707 63.1938
784 9.3336 63.3796
760 9.33938 63.5439
764 9.34503 63.7049
677 9.35033 63.8556
166 9.35571 64.0089
708 9.36211 64.1911
667 9.37211 64.4757
381 9.38043 64.7125
694 9.38836 64.9381
966 9.39562 65.1449
14 9.40299 65.3545
657 9.41056 65.5702
255 9.4172 65.7591
799 9.4241 65.9555
939 9.43095 66.1505
734 9.43792 66.3491
747 9.44459 66.5389
347 9.45168 66.7408
531 9.45903 66.95
503 9.46732 67.1858
131 9.47453 67.3911
77 9.48234 67.6134
207 9.49048 67.8452
970 9.49697 68.0298
81 9.50379 68.2241
196 9.51066 68.4198
879 9.51891 68.6543
97 9.52686 68.8807
338 9.53475 69.1053
433 9.54291 69.3376
3 9.54918 69.516
376 9.55614 69.7142
665 9.56406 69.9398
374 9.57208 70.1679
224 9.57932 70.3741
371 9.58619 70.5697
615 9.59431 70.8008
860 9.60031 70.9716
717 9.60606 71.1352
830 9.6129 71.33
607 9.61844 71.4878
686 9.62448 71.6596
556 9.63097 71.8444
546 9.63745 72.0287
560 9.64291 72.1841
203 9.64845 72.3418
487 9.65329 72.4798
272 9.658 72.6137
924 9.66314 72.76
500 9.66937 72.9375
244 9.67568 73.117
630 9.67732 73.1636
991 9.67931 73.2202
457 9.68112 73.2719
739 9.68274 73.318
948 9.68459 73.3706
119 9.68641 73.4222
502 9.68829 73.4759
326 9.69021 73.5304
524 9.69186 73.5774
411 9.69369 73.6295
429 9.70173 73.858
680 9.70943 74.0771
780 9.71826 74.328
886 9.72625 74.5552
796 9.73272 74.7391
400 9.73904 74.9189
219 9.74543 75.1009
427 9.7529 75.313
108 9.76148 75.5571
950 9.76148 75.5571
398 9.76133 75.8656
443 9.76113 76.2407
184 9.76095 76.5971
726 9.76078 76.9243
339 9.76061 77.2643
113 9.76044 77.5913
728 9.76027 77.9402
75 9.76008 78.3089
90 9.7599 78.6618
346 9.75972 79.0013
360 9.75952 79.3873
93 9.75934 79.7372
321 9.75919 80.0447
399 9.759 80.4021
982 9.75883 80.7418
446 9.75866 81.0674
695 9.75851 81.365
551 9.75838 81.6235
298 9.75824 81.9061
442 9.75804 82.2783
300 9.75791 82.5382
759 9.75778 82.8018
554 9.75764 83.0736
890 9.75749 83.3623
568 9.75731 83.7085
199 9.75716 84.0111
711 9.75701 84.3026
405 9.75693 84.4406
236 9.75687 84.5629
693 9.75681 84.6711
169 9.75676 84.78
547 9.7567 84.8988
736 9.75664 85.0155
905 9.75658 85.1296
718 9.75651 85.2492
325 9.75646 85.3615
570 9.7564 85.4761
955 9.75634 85.5958
58 9.75627 85.7225
31 9.75621 85.8407
719 9.75614 85.9695
364 9.75607 86.0982
495 9.75601 86.2174
444 9.75595 86.3358
153 9.75588 86.4623
678 9.75581 86.5892
316 9.75575 86.702
628 9.75569 86.8168
792 9.75563 86.936
247 9.75557 87.0611
240 9.75551 87.1772
106 9.75543 87.3172
301 9.75537 87.4365
969 9.7553 87.5593
637 9.75524 87.679
827 9.75517 87.8094
585 9.75511 87.9267
868 9.75505 88.0418
263 9.755 88.1486
138 9.75494 88.2637
803 9.75488 88.3712
944 9.75483 88.4744
916 9.75477 88.5948
48 9.7547 88.7164
178 9.75463 88.8454
426 9.75456 88.985
213 9.75447 89.143
401 9.75446 89.1645
1 9.75445 89.1869
115 9.75443 89.2102
435 9.75442 89.236
973 9.75441 89.258
39 9.75439 89.2821
914 9.75438 89.3047
953 9.75436 89.3284
988 9.75435 89.3532
447 10.4911 89.2856
380 11.2198 89.2187
304 12.31 89.1186
200 13.4122 89.0175
776 14.7576 88.894
491 15.9087 88.7884
750 15.9087 88.7884
409 17.9102 88.5446
608 17.9236 88.543
386 17.9386 88.5411
753 17.9546 88.5392
424 17.9696 88.5374
17 17.9844 88.5356
183 17.9995 88.5337
557 18.0136 88.532
469 18.0289 88.5302
288 18.045 88.5282
761 18.0605 88.5263
88 18.0735 88.5247
95 18.0873 88.5231
436 18.1013 88.5214
892 18.2963 88.4976
815 18.5324 88.4689
918 18.7831 88.4384
462 18.7831 88.4384
885 18.7831 88.4384
441 18.7831 88.4384
699 18.7831 88.4384
933 18.7831 88.4384
712 18.7831 88.4384
13 18.7831 88.4384
593 18.7831 88.4384
44 18.7831 88.4384
50 18.7831 88.4384
418 18.7831 88.4384
651 18.7831 88.4384
697 18.7831 88.4384
253 18.7831 88.4384
333 18.7831 88.4384
578 18.7831 88.4384
15 18.7831 88.4384
714 18.7831 88.4384
521 18.7832 88.4384
368 18.7832 88.4384
227 18.7832 88.4384
456 18.7832 88.4384
768 18.7832 88.4384
490 19.8828 87.3346
871 20.99 86.2234
795 22.7452 84.4613
150 24.1877 83.0133
927 26.1127 81.0808
141 26.4266 81.2265
167 26.7058 81.3562
773 26.9958 81.4908
172 27.2786 81.6221
431 27.2786 81.6221
16 27.2786 81.6221
189 27.2786 81.6221
833 27.2786 81.6221
120 27.2786 81.6221
41 27.2786 81.6221
296 27.2786 81.6221
550 27.2786 81.6221
789 27.2786 81.6221
658 27.2786 81.6221
825 27.2786 81.6221
757 27.2786 81.6221
479 27.2786 81.6221
266 27.2786 81.6221
946 27.2786 81.6221
571 27.2786 81.6221
662 27.6307 82.162
954 27.9741 82.6886
872 28.3283 83.2318
60 28.6859 83.7801
270 29.0581 84.3508
249 29.4243 84.9124
610 29.8588 85.5786
76 30.2217 86.1351
73 30.602 86.7183
696 30.9652 87.2754
306 31.3337 87.8403
36 31.3866 87.9216
256 31.4364 87.9979
292 31.4902 88.0804
548 31.5471 88.1676
124 31.5958 88.2424
919 31.6577 88.3372
448 31.7233 88.4379
859 31.7764 88.5193
231 31.8341 88.6078
786 31.892 88.6966
96 31.9484 88.7831
20 32.0071 88.8731
470 32.0614 88.9565
631 32.1168 89.0413
437 32.1658 89.1166
2 32.217 89.195
139 32.2806 89.2926
22 32.3294 89.3674
611 32.3794 89.4442
430 32.4276 89.5181
156 36.8095 90.7294
561 36.8095 90.7294
394 36.8095 90.7294
707 36.8095 90.7294
672 36.8095 90.7294
389 36.8095 90.7294
230 36.8095 90.7294
416 36.8095 90.7294
309 36.8095 90.7294
960 36.8095 90.7294
271 36.8095 90.7294
53 36.8095 90.7294
808 36.8095 90.7294
72 36.8095 90.7294
28 36.8095 90.7294
428 37.0224 90.5253
806 37.234 90.3226
866 37.4075 90.1563
738 37.5825 89.9886
974 37.7664 89.8123
613 37.9671 89.6199
265 38.1755 89.4202
146 38.4105 89.195
877 38.641 88.9741
392 38.8701 88.7546
638 39.1103 88.5244
248 39.3635 88.2818
947 39.541 88.1116
223 39.541 88.1116
861 41.1927 88.8137
840 41.5352 88.9593
449 41.9151 89.1208
752 42.2762 89.2744
814 42.7623 89.481
241 43.2106 89.6717
193 43.7334 89.8939
129 44.2681 90.1212
882 44.8749 90.3792
961 44.8749 90.3792
165 44.8749 90.3792
874 44.8749 90.3792
541 44.8749 90.3792
92 44.8749 90.3792
181 45.1257 90.3661
618 45.4145 90.3509
516 45.6528 90.3385
5 45.8716 90.327
766 46.0964 90.3152
763 46.3484 90.302
375 46.6024 90.2887
511 46.8657 90.275
559 47.0987 90.2627
539 47.3442 90.2499
746 47.6047 90.2363
536 47.8548 90.2232
569 48.0896 90.2109
320 48.3826 90.1955
434 48.6607 90.181
343 48.9112 90.1678
532 49.1767 90.1539
206 49.4271 90.1408
755 49.7002 90.1265
305 50.0306 90.1092
774 50.3798 90.0909
105 50.7061 90.0738
23 51.0759 90.0545
367 51.4298 90.0359
911 51.7753 90.0178
980 52.0916 90.0013
177 52.4246 89.9838
185 52.7035 89.9692
624 52.9431 89.9567
239 53.1989 89.9433
984 53.5161 89.9267
313 53.7736 89.9132
584 54.0422 89.8991
62 54.2896 89.8862
344 54.5516 89.8725
408 54.8066 89.8591
530 55.0738 89.8451
851 55.3858 89.8288
856 55.6972 89.8125
992 56.0055 89.7963
713 56.2551 89.7832
754 56.6126 89.7645
880 56.9617 89.7462
369 57.3289 89.727
887 57.685 89.7084
896 58.0428 89.6896
42 58.4568 89.6679
273 58.8211 89.6489
931 59.1659 89.6308
297 59.5233 89.6121
464 59.8525 89.5949
845 60.1848 89.5775
737 60.4732 89.5624
251 60.8039 89.545
229 61.0019 89.5347
140 61.2257 89.5229
378 61.5512 89.5059
620 61.847 89.4904
52 62.1182 89.4762
952 62.3589 89.4636
18 62.6677 89.4474
245 62.9269 89.4338
575 63.3491 89.4117
477 63.7652 89.3899
259 64.1453 89.37
202 64.5805 89.3472
118 65.0415 89.3231
690 65.5602 89.2959
816 66.1729 89.2638
817 66.8322 89.2293
544 67.4971 89.1945
801 68.131 89.1613
666 70.8102 89.021
135 73.2373 88.8939
893 73.3007 88.8906
823 73.3585 88.8876
818 73.4221 88.8842
158 73.4856 88.8809
318 73.5496 88.8776
854 73.6157 88.8741
742 73.6812 88.8707
813 73.7441 88.8674
159 73.8108 88.8639
648 73.8771 88.8604
740 73.9399 88.8572
864 74.0013 88.8539
145 74.0614 88.8508
622 74.1263 88.8474
285 74.1954 88.8438
567 74.2611 88.8404
353 75.0329 88.8
937 75.8169 88.7589
983 76.745 88.7103
149 76.745 88.7103
580 77.3485 88.6415
820 78.584 88.5006
494 79.8445 88.3569
928 81.1993 88.2023
473 82.7974 86.6272
725 84.2663 85.1795
372 86.0066 83.4643
311 85.9178 83.3933
528 85.8289 83.3221
204 85.7556 83.2635
25 85.6899 83.2109
322 85.6161 83.1519
889 85.5412 83.0919
685 85.4572 83.0246
660 85.3619 82.9484
450 85.2622 82.8686
332 79.4779 80.1605
417 76.3722 78.7065
110 73.2438 77.2418
465 72.7286 77.0006
83 72.1787 76.7431
900 71.621 76.482
317 71.0929 76.2348
579 70.8692 76.13
173 70.6086 76.008
847 70.3831 75.9025
775 70.1915 75.8128
650 69.9666 75.7075
852 69.9666 75.7075
904 69.6883 75.6259
290 69.4322 75.5507
727 69.1706 75.4739
393 68.9107 75.3977
654 68.6881 75.3324
385 68.4699 75.2684
867 67.3966 74.9535
51 66.3591 74.649
481 65.3154 74.3428
71 64.1179 73.9914
837 62.4071 73.4894
216 58.5233 72.35
987 58.5233 72.35
109 58.5233 72.35
67 58.5233 72.35
460 58.5233 72.35
208 58.5233 72.35
112 58.5233 72.35
605 58.5233 72.35
509 58.5233 72.35
962 58.5233 72.35
668 58.3376 72.4457
340 58.162 72.5362
744 57.98 72.6299
832 57.7536 72.7465
595 57.5517 72.8505
9 57.2456 73.0082
515 56.9828 73.1436
791 56.6927 73.293
440 56.3961 73.4458
802 56.0492 73.6245
800 55.7695 73.7686
964 55.4927 73.9112
179 55.1326 74.0967
415 54.8244 74.2554
769 54.5922 74.375
395 54.3471 74.5013
12 54.0648 74.6467
144 53.7929 74.7868
986 53.591 74.8908
636 53.3764 75.0013
782 53.1831 75.1009
582 52.9835 75.2037
280 52.7695 75.314
82 52.5527 75.4256
432 52.3702 75.5196
126 52.1592 75.6284
921 51.9649 75.7284
895 51.7619 75.833
826 51.5599 75.937
976 51.364 76.038
94 51.1997 76.1226
563 51.0154 76.2175
315 50.8466 76.3045
562 50.636 76.413
564 50.4487 76.5095
940 50.2736 76.5997
659 50.0864 76.6961
294 49.9115 76.7862
642 49.7428 76.8731
649 49.5624 76.966
406 49.5624 76.966
319 49.5624 76.966
540 49.5624 76.966
335 49.5624 76.966
513 49.5624 76.966
807 49.5624 76.966
40 49.5624 76.966
252 46.9025 74.5301
350 47.3107 73.8337
632 47.7428 73.0963
671 48.1451 72.4099
779 48.5014 71.8018
855 48.863 71.1848
484 49.1972 70.6145
410 49.5497 70.013
894 49.8831 69.4442
91 50.2596 68.8017
468 50.6737 68.0951
453 51.029 67.4889
857 51.3796 66.8907
186 51.8207 66.138
576 51.8207 66.138
793 52.441 65.9049
286 52.9841 65.7008
282 53.4567 65.5233
625 53.9452 65.3397
235 54.3865 65.174
84 54.9021 64.9802
558 55.384 64.7992
161 56.0072 64.565
238 56.6474 64.3245
617 57.1967 64.1181
647 57.85 63.8726
810 58.425 63.6566
35 59.0276 63.4302
767 59.6805 63.1849
293 60.1487 63.009
190 60.6475 62.8215
907 61.0667 62.664
68 61.5066 62.4987
478 61.9345 62.338
762 62.3289 62.1898
941 62.8108 62.0087
968 63.1356 61.8867
842 65.5625 60.9748
975 66.6487 60.5667
152 67.2618 60.3364
656 67.8316 60.1223
420 68.3669 59.9212
485 68.8828 59.7274
538 69.4535 59.5129
143 70.1303 59.2586
117 71.0111 59.0544
334 76.5361 57.7733
497 83.8855 56.069
383 83.2966 55.7492
583 82.0603 55.0777
850 81.1957 54.6082
201 80.5144 54.2381
102 79.6995 53.7956
684 79.3118 53.585
609 78.8181 53.3169
29 78.7853 53.2991
942 78.7531 53.2816
195 79.0528 52.705
506 79.3068 52.2166
170 79.6057 51.6416
107 79.8567 51.1589
932 79.9402 50.7219
967 80.0233 50.2868
951 80.1085 49.8408
835 80.198 49.3725
274 80.2638 49.0277
977 80.3156 48.7565
242 80.4119 48.2525
553 80.5192 47.6911
387 80.6329 47.0959
745 80.7722 46.3662
520 80.8894 45.7531
425 80.9302 45.5395
592 80.9764 45.2974
198 81.0194 45.0726
884 81.0705 44.8051
466 81.1802 44.2304
136 81.2781 43.7181
920 81.3928 43.1177
838 81.5241 42.4306
33 82.8789 35.337
98 83.8468 30.2702
590 84.4381 27.1748
979 85.8484 19.7901
345 85.9842 19.0793
627 86.1298 18.3173
260 86.2684 17.5916
483 86.2684 17.5916
243 85.2307 17.9903
