0,103,581,598,295,24,777,504,176,721,870,217,716,358,978,930,458,355,785,681,19,66,751,844,377,164,865,6,831,819,45,821,959,606,675,63,43,419,289,555,209,69,634,873,27,781,197,828,276,55,790,250,421,261,834,257,7,191,853,586,278,883,709,221,934,160,467,379,824,307,602,822,64,915,573,439,351,787,337,653,363,310,26,284,626,246,643,287,669,407,518,702,111,704,354,348,661,61,331,646,629,881,254,488,299,366,682,722,362,741,211,963,812,187,674,588,8,899,514,65,268,455,412,572,133,402,86,474,943,121,74,4,258,710,898,125,673,836,794,641,902,328,652,499,212,731,228,496,749,700,312,128,616,174,797,283,330,949,534,985,438,463,863,542,148,489,11,423,32,758,46,990,123,10,87,384,476,142,663,958,47,770,57,373,403,475,391,677,691,972,543,841,341,771,222,679,205,612,535,829,783,619,529,869,486,811,723,664,549,397,687,525,692,49,917,480,945,342,935,522,566,843,891,101,706,452,862,848,180,778,576,876,237,370,155,127,356,472,989,267,512,913,194,633,54,147,748,210,788,508,956,413,38,545,640,688,151,922,388,735,414,269,603,929,89,756,324,37,302,630,114,565,733,376,897,196,349,698,422,233,705,680,303,784,655,908,78,938,336,234,925,970,182,214,166,772,154,589,531,122,805,3,849,279,116,708,936,858,131,739,505,157,218,909,100,352,527,34,734,747,14,665,427,347,77,703,482,939,760,517,411,132,948,846,764,560,48,780,991,966,502,255,398,503,119,97,381,321,728,500,657,400,130,219,479,796,374,272,277,339,639,607,694,445,371,717,686,192,879,924,667,799,628,346,546,325,429,570,88,162,338,551,556,220,244,298,224,944,447,905,955,860,431,608,433,90,1,75,247,830,892,300,982,890,699,207,568,933,585,678,106,153,401,203,815,31,719,399,693,236,547,39,169,914,200,263,554,386,637,240,426,615,457,442,868,178,759,969,827,405,364,446,304,183,138,58,15,557,213,380,750,776,988,973,199,435,436,953,108,495,718,469,95,736,792,316,301,803,444,711,441,638,697,753,50,490,825,757,17,651,418,326,712,93,360,115,368,859,36,462,916,288,696,491,227,610,833,13,593,768,41,44,167,150,184,578,424,521,695,714,919,786,249,76,296,456,761,795,409,306,271,548,28,773,253,230,885,430,20,611,631,22,960,73,954,72,2,871,96,428,120,443,99,672,807,215,537,604,60,662,840,189,701,526,454,601,886,950,168,141,724,649,806,270,226,872,275,308,965,720,730,726,946,266,333,550,252,689,600,144,404,223,789,225,163,910,927,382,901,359,124,635,878,571,574,16,487,552,591,137,81,658,524,451,113,79,599,587,327,957,329,981,888,361,971,59,903,765,264,410,510,729,507,390,365,621,596,839,104,523,134,779,80,715,683,171,484,281,540,533,804,56,597,291,30,459,732,493,809,645,471,175,912,21,501,492,461,623,875,906,676,188,923,286,340,102,190,842,941,70,798,515,810,644,143,656,942,625,538,282,84,453,478,35,216,791,767,67,647,793,173,617,186,262,440,743,498,238,161,577,519,396,85,485,293,68,420,595,334,152,509,654,904,975,383,837,867,852,290,579,51,110,201,962,818,900,71,744,393,385,987,937,432,727,907,964,650,481,671,575,229,280,513,460,762,847,800,558,563,755,976,350,248,632,857,109,112,94,582,315,468,769,235,179,895,855,894,193,91,126,668,208,968,605,802,986,940,931,395,921,9,313,305,369,782,564,877,561,659,614,539,394,231,918,392,139,309,707,738,449,241,181,437,448,808,129,613,265,172,292,343,752,389,763,206,92,256,470,146,569,974,766,874,541,562,713,82,826,636,12,105,320,530,23,40,754,980,344,961,239,408,434,814,62,882,516,624,165,866,896,53,559,319,511,5,416,532,375,156,774,642,177,294,536,947,746,18,620,406,140,851,861,245,737,567,911,952,202,618,118,335,464,880,317,259,584,622,415,816,887,297,832,477,801,992,690,273,318,854,285,158,845,544,145,666,465,856,378,984,823,185,367,251,52,353,817,42,820,648,580,149,928,893,494,135,725,983,813,775,417,159,25,322,889,685,473,740,742,311,204,528,450,372,864,660,83,332,506,136,198,920,497,684,387,835,977,932,838,107,242,170,967,33,274,745,884,592,951,520,357,323,425,583,850,553,594,117,232,466,670,29,609,926,314,195,590,98,483,979,627,243,260,345,
value : 474.4 running time : 78.440344
0 80 20
103 67.5639 15.2132
581 67.3058 15.7241
598 67.0727 16.1856
295 66.8565 16.6135
24 66.6543 17.0137
777 66.4581 17.4021
504 66.2511 17.8119
176 66.0502 18.2096
721 65.8132 18.6789
870 58.7257 32.7092
217 58.6622 32.835
716 58.6085 32.9414
358 58.5853 32.9872
978 58.5605 33.0363
930 58.5379 33.0811
458 58.5155 33.1254
355 58.4932 33.1695
785 58.4705 33.2145
681 58.4469 33.2613
19 58.4228 33.3089
66 58.3987 33.3567
751 58.3775 33.3986
844 58.3544 33.4443
377 58.3341 33.4845
164 58.314 33.5242
865 58.2917 33.5684
6 58.2708 33.6098
831 58.2481 33.6548
819 58.2256 33.6993
45 58.2003 33.7495
821 58.1766 33.7963
959 58.1527 33.8437
606 58.1273 33.8938
675 57.035 33.9061
63 55.5279 33.9231
43 54.5004 33.9347
419 53.2172 33.9491
289 52.5419 33.9568
555 52.0053 33.9628
209 51.4524 33.969
69 50.9277 33.975
634 50.9277 33.975
873 50.9277 33.975
27 50.9277 33.975
781 50.9277 33.975
197 50.9277 33.975
828 50.9277 33.975
276 50.9277 33.975
55 49.5847 33.3001
790 48.0731 32.5406
250 46.9034 31.9529
421 45.7241 31.3603
261 44.5439 30.7673
834 43.6113 30.2987
257 42.8089 29.8956
7 41.9798 29.4791
191 41.277 28.8365
853 40.5933 28.2115
586 39.7979 27.4844
278 38.9062 26.6692
883 38.1367 25.9657
709 37.4928 25.3771
221 36.9707 24.8998
934 36.6547 24.6109
160 36.285 24.273
467 35.9064 23.9269
379 35.4902 23.5464
824 35.0386 23.1335
307 34.6433 22.7722
602 34.268 22.4291
822 34.2629 22.0456
64 34.2578 21.6634
915 34.2529 21.3
573 34.2469 20.8503
439 34.2413 20.4321
351 34.2354 19.9954
787 34.2312 19.6767
337 34.226 19.287
653 34.2207 18.8972
363 34.2156 18.5122
310 34.2107 18.1508
26 34.2059 17.793
284 34.2011 17.4282
626 34.1956 17.0232
246 34.19 16.605
643 34.1842 16.1699
287 34.178 15.7047
669 34.1724 15.2916
407 34.1674 14.9128
518 34.1625 14.549
702 31.0827 14.7251
111 29.9094 14.7922
704 28.2112 14.8893
354 24.485 15.1023
348 19.1056 15.1492
661 16.5401 15.1714
61 13.8458 15.1948
331 13.6198 15.1968
646 13.4146 15.1985
629 13.2283 15.2002
881 13.0467 15.2017
254 12.8768 15.2032
488 12.6822 15.2049
299 12.4707 15.2067
366 12.4707 15.2067
682 12.4707 15.2067
722 12.4707 15.2067
362 12.4707 15.2067
741 12.4707 15.2067
211 12.4707 15.2067
963 12.4707 15.2067
812 12.4707 15.2067
187 12.4589 15.9694
674 12.4528 16.3584
588 12.4467 16.7523
8 12.4407 17.1373
899 12.3626 22.177
514 12.3189 24.9935
65 12.3068 25.7737
268 12.3042 25.9384
455 12.3017 26.0987
412 12.2991 26.2659
572 12.2961 26.4581
133 12.2933 26.6429
402 12.2906 26.8136
86 12.2876 27.0074
474 12.2855 27.1465
943 12.283 27.3023
121 12.2807 27.4521
74 12.2787 27.5846
4 12.2765 27.7232
258 12.2744 27.8617
710 12.2722 28.0028
898 12.2699 28.1475
125 12.2681 28.2677
673 12.2664 28.3774
836 12.2646 28.4924
794 12.2628 28.6085
641 12.2611 28.7192
902 12.2592 28.8404
328 12.0913 39.6521
652 12.0913 39.6522
499 12.0913 39.6522
212 12.154 39.8477
731 12.217 40.0438
228 12.2797 40.2392
496 12.3425 40.4349
749 12.399 40.611
700 12.4534 40.7805
312 12.5101 40.9573
128 12.568 41.1376
616 12.7621 41.4246
174 12.9681 41.7293
797 13.1545 42.005
283 13.3244 42.2563
330 13.5079 42.5276
949 13.7323 42.8595
534 13.9386 43.1645
985 14.1286 43.4455
438 14.3565 43.7826
463 14.5201 44.0245
863 14.6822 44.2642
542 14.8594 44.5264
148 15.0208 44.765
489 15.1845 45.0071
11 15.3503 45.2523
423 15.3493 45.2588
32 15.3483 45.2652
758 15.3472 45.2721
46 15.3461 45.2788
990 15.3451 45.2852
123 15.3441 45.2918
10 15.3431 45.2979
87 15.3421 45.3042
384 15.3411 45.3107
476 15.3401 45.317
142 15.3391 45.3234
663 15.3381 45.3298
958 15.3371 45.3364
47 15.336 45.3431
770 15.336 45.3431
57 15.336 45.3431
373 15.336 45.3431
403 15.336 45.3431
475 15.336 45.3431
391 15.336 45.3431
677 15.336 45.3431
691 15.9051 45.2862
972 16.4669 45.2299
543 17.1774 45.1587
841 17.6895 45.1075
341 18.2867 45.0477
771 19.1326 44.963
222 19.9798 44.8781
679 21.7073 44.7051
205 22.2362 44.6521
612 22.7453 44.6011
535 23.2391 44.5517
829 23.7203 44.5035
783 24.2593 44.4495
619 24.6634 44.4091
529 25.0468 44.3707
869 25.3163 44.3437
486 25.5576 44.3196
811 26.3097 44.3755
723 27.006 44.4272
664 27.7753 44.4844
549 28.5259 44.5403
397 29.5214 44.6143
687 30.6257 44.6964
525 31.6864 44.7753
692 32.8873 44.8646
49 33.8527 44.9364
917 34.8382 45.0097
480 35.7246 45.0756
945 36.5665 45.1382
342 36.7197 45.1496
935 36.8671 45.1605
522 37.1066 46.5702
566 37.3227 47.8427
843 37.5656 49.2723
891 37.5993 49.4706
101 37.6313 49.6588
706 37.5215 49.6991
452 37.4201 49.7364
862 37.3101 49.7768
848 37.2014 49.8167
180 37.0836 49.86
778 36.9665 49.903
576 36.8573 49.9431
876 36.7463 49.9838
237 36.6399 50.0229
370 36.5355 50.0612
155 36.4318 50.0993
127 36.3229 50.1393
356 36.2189 50.1775
472 36.1103 50.2174
989 35.9714 50.2684
267 35.8306 50.3201
512 35.7135 50.3631
913 35.5825 50.4112
194 35.4658 50.4541
633 35.3232 50.5065
54 35.2318 50.5401
147 34.6197 50.7061
748 34.0161 50.8698
210 33.4117 51.0337
788 32.6951 51.228
508 32.2552 51.3473
956 31.7862 51.4745
413 31.7862 51.4745
38 31.7862 51.4745
545 31.7862 51.4745
640 31.7862 51.4745
688 31.7862 51.4745
151 31.7862 51.4745
922 31.2813 51.7445
388 30.7509 52.0282
735 30.1601 52.3442
414 29.738 52.5699
269 29.1882 52.864
603 28.6152 53.1704
929 28.0281 53.4844
89 27.3945 53.8233
756 26.683 54.2038
324 25.9911 54.5739
37 25.3381 54.9231
302 24.1885 55.5379
630 20.7811 57.3603
114 20.3416 57.5953
565 19.9911 57.7828
733 19.6542 57.963
376 19.262 58.1728
897 19.2332 58.1881
196 19.2022 58.2047
349 19.1738 58.2199
698 19.144 58.2359
422 19.112 58.253
233 19.0801 58.27
705 19.0465 58.288
680 19.0104 58.3073
303 18.7431 57.1216
784 18.662 56.7623
655 17.6911 52.455
908 17.3407 52.6329
78 16.9585 52.8269
938 15.7556 53.4375
336 14.2899 54.1815
234 12.7444 54.966
925 12.5751 55.0519
970 12.4112 55.1352
182 12.262 55.2109
214 12.0935 55.2964
166 11.9408 55.3739
772 11.803 55.4439
154 11.6604 55.5163
589 11.4934 55.601
531 11.3227 55.6877
122 11.173 55.7637
805 11.0478 55.8272
3 10.9118 55.8963
849 10.7806 55.9629
279 10.6632 56.0225
116 10.5303 56.0899
708 10.5324 56.1183
936 10.5346 56.1472
858 10.5369 56.177
131 10.5392 56.2078
739 10.5413 56.2356
505 10.5432 56.2601
157 10.5451 56.2856
218 10.584 56.7998
909 10.6217 57.2981
100 10.6676 57.9036
352 10.7171 58.5583
527 10.7769 59.3476
34 10.8473 60.2779
734 10.833 60.7294
747 10.8208 61.118
14 10.808 61.5219
665 10.7971 61.8681
427 10.7874 62.1744
347 10.7787 62.4506
77 10.7697 62.7358
703 10.7611 63.0082
482 10.752 63.2961
939 10.7431 63.5761
760 10.7346 63.8449
517 10.7254 64.1389
411 10.7167 64.412
132 10.708 64.6872
948 10.6993 64.9648
846 10.6914 65.2133
764 10.64 66.8425
560 10.5464 69.8023
48 10.5154 70.7842
780 10.5118 70.8971
991 10.5084 71.0052
966 10.5052 71.1086
502 10.5017 71.2187
255 10.4983 71.3263
398 10.4946 71.4442
503 10.4908 71.5628
119 10.4872 71.6781
97 10.4835 71.7953
381 10.4797 71.9152
321 10.4757 72.0427
728 10.472 72.1582
500 10.4685 72.2699
657 10.4649 72.3822
400 10.4614 72.4948
130 10.4579 72.6047
219 10.4542 72.7221
479 10.4503 72.8468
796 10.4465 72.9654
374 10.4429 73.0801
272 10.4395 73.1861
277 10.4361 73.2952
339 10.4322 73.4173
639 10.4285 73.5344
607 10.4249 73.6497
694 10.4212 73.765
445 10.4176 73.8793
371 10.4141 73.9925
717 10.4103 74.1127
686 10.4064 74.2356
192 10.4027 74.3508
879 10.3984 74.4883
924 10.3942 74.621
667 10.3872 74.8442
799 10.3797 75.0786
628 10.3698 75.3932
346 10.3619 75.6451
546 10.3536 75.906
325 10.346 76.1475
429 10.3388 76.3744
570 10.3313 76.6131
88 10.3242 76.8375
162 10.3176 77.046
338 10.3101 77.2821
551 10.3022 77.5331
556 10.2947 77.7712
220 10.287 78.0142
244 10.2786 78.2794
298 10.2707 78.5311
224 10.2627 78.7821
944 10.2533 79.08
447 10.2443 79.3665
905 10.2439 79.3798
955 10.2434 79.3929
860 10.243 79.4061
431 10.2426 79.4197
608 10.2422 79.4331
433 10.2418 79.4463
90 10.2413 79.4603
1 10.2409 79.4749
75 10.2405 79.4877
247 10.24 79.5017
830 10.2396 79.5139
892 10.2392 79.5283
300 10.2387 79.5425
982 10.2383 79.5569
890 10.2379 79.5701
699 10.2374 79.5846
207 10.237 79.5982
568 10.1253 83.1286
933 10.044 85.7016
585 10.0414 85.7833
678 10.0388 85.8657
106 10.0363 85.946
153 10.0338 86.0231
401 10.0313 86.1034
203 10.0288 86.1832
815 10.0262 86.2651
31 10.0237 86.3448
719 10.021 86.4302
399 10.0183 86.5149
693 10.0155 86.6046
236 10.0127 86.6928
547 10.0102 86.7724
39 10.0075 86.8567
169 10.0051 86.9321
914 10.0025 87.0154
200 9.99992 87.0979
263 9.99768 87.1689
554 9.99544 87.2399
386 9.9921 87.3457
637 9.98888 87.448
240 9.98577 87.5463
426 9.98252 87.6495
615 9.97926 87.7529
457 9.9759 87.8594
442 9.97169 87.9928
868 9.96766 88.1205
178 9.96432 88.2265
759 9.96058 88.345
969 9.95644 88.4763
827 9.95238 88.6047
405 9.94876 88.7196
364 9.94532 88.8285
446 9.94179 88.9404
304 9.93818 89.0548
183 9.93466 89.1664
138 9.93112 89.2788
58 9.92795 89.3794
15 9.92379 89.511
557 9.92379 89.511
213 9.92379 89.511
380 9.92379 89.511
750 9.92379 89.511
776 9.92379 89.511
988 9.92379 89.511
973 10.1938 89.4743
199 10.4373 89.4412
435 10.6921 89.4066
436 10.9706 89.3688
953 11.2514 89.3306
108 11.5695 89.2874
495 11.8989 89.2427
718 12.1977 89.2021
469 12.531 89.1568
95 12.8077 89.1192
736 13.0821 89.082
792 13.3774 89.0419
316 13.8255 88.981
301 14.2675 88.921
803 14.7501 88.8554
444 15.3067 88.7798
711 16.1101 88.6707
441 18.6315 88.3281
638 20.503 88.0739
697 20.503 88.0739
753 20.503 88.0739
50 20.503 88.0739
490 20.503 88.0739
825 20.503 88.0739
757 20.503 88.0739
17 20.503 88.0739
651 20.503 88.0739
418 20.503 88.0739
326 20.503 88.0739
712 20.6171 88.0968
93 20.7307 88.1197
360 20.8565 88.145
115 20.9825 88.1704
368 21.1102 88.1961
859 21.239 88.2221
36 21.3614 88.2467
462 21.4676 88.2681
916 21.581 88.2909
288 21.7119 88.3173
696 21.8425 88.3436
491 21.9642 88.3681
227 22.0819 88.3918
610 22.2045 88.4165
833 22.3179 88.4393
13 22.4343 88.4628
593 22.5619 88.4885
768 22.6877 88.5138
41 22.8038 88.5372
44 22.9225 88.5611
167 23.041 88.5849
150 23.1603 88.609
184 23.262 88.6294
578 23.3826 88.6537
424 23.5069 88.6787
521 23.6345 88.7044
695 23.7543 88.7286
714 23.8846 88.7548
919 24.0141 88.7809
786 24.128 88.8038
249 24.2333 88.825
76 24.3522 88.849
296 24.4706 88.8728
456 24.5858 88.896
761 24.7055 88.9201
795 24.8263 88.9444
409 24.9431 88.9679
306 25.0609 88.9917
271 25.182 89.016
548 25.2901 89.0378
28 25.3186 89.0436
773 25.347 89.0493
253 25.3766 89.0552
230 25.4074 89.0614
885 25.4346 89.0669
430 25.4659 89.0732
20 25.4987 89.0798
611 25.5299 89.0861
631 25.5611 89.0924
22 25.5933 89.0989
960 25.6105 89.1023
73 25.6755 88.9039
954 25.7413 88.7029
72 25.7924 88.5467
2 25.9898 87.9436
871 26.1553 87.4378
96 26.4962 86.3965
428 26.881 85.2206
120 27.2685 84.0369
443 27.8471 82.2691
99 28.3236 80.8133
672 28.6363 79.8581
807 29.1262 78.3612
215 29.1571 78.1786
537 29.2152 77.836
604 29.2738 77.4899
60 29.3309 77.1529
662 29.3907 76.8003
840 29.4488 76.4574
189 29.5108 76.0913
701 29.5755 75.7096
526 29.6364 75.3499
454 29.6951 75.0036
601 29.7551 74.6495
886 29.7551 74.6495
950 29.7865 74.6182
168 29.8177 74.5869
141 29.8562 74.5486
724 29.8987 74.5061
649 29.9346 74.4703
806 29.9687 74.4362
270 30.0048 74.4002
226 30.0404 74.3647
872 30.0752 74.33
275 30.1102 74.295
308 30.1471 74.2582
965 30.1814 74.2239
720 30.2162 74.1892
730 30.2493 74.1562
726 30.2816 74.1239
946 30.3164 74.0891
266 30.3535 74.0521
333 30.3897 74.0159
550 30.4274 73.9783
252 30.4697 73.9361
689 30.508 73.8979
600 30.5454 73.8605
144 30.5884 73.8176
404 30.4562 73.6797
223 30.3216 73.5395
789 30.1798 73.3918
225 30.055 73.2616
163 29.8716 73.0706
910 29.664 72.8543
927 29.431 72.6114
382 29.2208 72.3924
901 29.1176 72.2848
359 29.0299 72.1935
124 28.9407 72.1005
635 28.8429 71.9986
878 28.7503 71.9021
571 28.6551 71.8029
574 28.5612 71.7051
16 28.4688 71.6088
487 28.3647 71.5003
552 28.1188 70.8094
591 27.901 70.1971
137 27.6689 69.5449
81 27.4574 68.9506
658 27.5119 68.8983
524 27.5652 68.8471
451 27.6241 68.7905
113 27.6765 68.7401
79 27.7503 68.6692
599 27.8168 68.6054
587 27.8797 68.5449
327 27.9424 68.4846
957 28.0066 68.423
329 28.064 68.3678
981 28.125 68.3093
888 28.1458 68.2976
361 28.1675 68.2855
971 29.3363 67.6312
59 30.644 66.8992
903 31.5833 66.3734
765 32.6346 65.7849
264 33.4704 65.317
410 33.7137 65.1809
510 33.9228 65.0638
729 34.1544 64.9342
507 34.4249 64.7827
390 34.7615 64.5943
365 35.118 64.3948
621 35.4691 64.1982
596 35.4937 64.1844
839 35.5194 64.17
104 35.545 64.1557
523 35.57 64.1417
134 35.595 64.1277
779 35.62 64.1137
80 35.6436 64.1005
715 35.6688 64.0864
683 35.694 64.0723
171 35.7181 64.0588
484 35.7438 64.0444
281 35.7689 64.0304
540 35.7689 64.0304
533 36.0774 63.8355
804 36.3757 63.6472
56 36.6599 63.4677
597 36.9614 63.2773
291 37.116 63.1797
30 37.2827 63.0743
459 37.4516 62.9677
732 37.6192 62.8619
493 37.7736 62.7644
809 37.9393 62.6597
645 38.0928 62.5628
471 38.2754 62.4475
175 38.4349 62.3467
912 38.5994 62.2428
21 38.7625 62.1398
501 38.9507 62.021
492 46.1647 57.4646
461 47.6551 56.5234
623 49.6931 55.2363
875 50.8742 54.4904
906 51.5815 54.0437
676 51.5815 54.0437
188 53.2519 54.7735
923 54.7524 55.429
286 57.0086 56.4146
340 59.4682 57.4891
102 59.5657 57.5317
190 59.6614 57.5735
842 59.7545 57.6141
941 59.8542 57.6577
70 59.8542 57.6577
798 59.8542 57.6577
515 59.8542 57.6577
810 59.8542 57.6577
644 59.8542 57.6577
143 59.8542 57.6577
656 59.9051 57.9466
942 59.9514 58.2093
625 59.9977 58.4723
538 60.0457 58.7445
282 60.0925 59.0102
84 60.1414 59.2879
453 60.1891 59.5587
478 60.1891 59.5587
35 60.1891 59.5587
216 60.1891 59.5587
791 60.1891 59.5587
767 60.1891 59.5587
67 60.1891 59.5587
647 60.1891 59.5587
793 60.1891 59.5587
173 60.1891 59.5587
617 60.1891 59.5587
186 60.1891 59.5587
262 60.1891 59.5587
440 60.1891 59.5587
743 60.1891 59.5587
498 60.1891 59.5587
238 60.448 59.8821
161 60.6723 60.1621
577 60.898 60.444
519 61.1352 60.7402
396 61.4977 61.1931
85 61.9068 61.704
485 62.4227 62.3482
293 62.9811 63.0457
68 63.6125 63.8342
420 64.2008 64.5689
595 64.782 65.2948
334 65.3635 66.021
152 65.6125 66.6596
509 65.856 67.2842
654 66.0699 67.8329
904 66.2789 68.3688
975 66.4704 68.86
383 66.6607 69.3481
837 66.6776 69.3913
867 66.6942 69.434
852 66.7111 69.4773
290 66.7284 69.5216
579 66.7459 69.5665
51 66.7626 69.6093
110 66.7792 69.6519
201 66.796 69.695
962 66.8133 69.7394
818 66.8312 69.7854
900 66.8312 69.7854
71 66.8312 69.7854
744 66.8312 69.7854
393 66.8312 69.7854
385 66.8312 69.7854
987 66.2623 70.0675
937 65.8051 70.2942
432 65.0285 70.4672
727 64.499 70.5852
907 63.9345 70.7109
964 63.3638 70.8381
650 62.9235 70.9362
481 62.4025 71.0522
671 60.4227 71.4933
575 58.8171 71.851
229 57.9085 72.0534
280 57.0268 72.2499
513 56.3032 72.4111
460 55.774 72.529
762 55.204 72.656
847 54.5601 72.7994
800 53.8006 72.9686
558 53.0259 73.1412
563 52.8745 73.437
755 52.7394 73.701
976 52.616 73.942
350 52.5783 74.0157
248 52.5417 74.0872
632 52.507 74.1548
857 52.47 74.2272
109 52.4333 74.2988
112 52.3966 74.3706
94 52.3578 74.4463
582 52.3207 74.5188
315 52.2843 74.59
468 52.2483 74.6603
769 52.2065 74.7419
235 52.1661 74.8209
179 52.1231 74.9048
895 52.0861 74.9772
855 52.0498 75.048
894 52.0102 75.1253
193 51.9705 75.203
91 51.9349 75.2726
126 51.8974 75.3458
668 51.8626 75.4137
208 51.7956 75.5447
968 51.7265 75.6797
605 51.656 75.8173
802 51.5812 75.9635
986 51.5108 76.1011
940 51.4359 76.2473
931 51.3684 76.3793
395 51.1047 76.7636
921 50.2506 78.0088
9 49.3299 79.3511
313 46.7405 83.1262
305 46.4679 83.5236
369 46.2372 83.86
782 45.9425 84.2895
564 45.535 84.8836
877 45.0984 85.5201
561 44.7925 85.9661
659 44.4762 86.4272
614 44.1463 86.9081
539 43.7172 87.5337
394 43.3102 88.127
231 42.905 88.7178
918 42.5693 89.2071
392 42.48 89.3373
139 42.3899 89.4688
309 42.3785 89.4853
707 42.3668 89.5024
738 42.3553 89.5192
449 42.3445 89.5349
241 42.3338 89.5504
181 42.3215 89.5684
437 42.3103 89.5848
448 42.2979 89.6029
808 42.2861 89.6201
129 42.3693 89.6135
613 42.4422 89.6077
265 42.5197 89.6016
172 42.6029 89.595
292 42.6864 89.5884
343 42.7692 89.5818
752 42.847 89.5757
389 42.9451 89.5679
763 43.0413 89.5603
206 43.1302 89.5532
92 43.2138 89.5466
256 43.3102 89.539
470 43.4071 89.5313
146 43.5096 89.5232
569 43.6124 89.5151
974 43.7146 89.507
766 44.0958 89.4768
874 44.4931 89.4454
541 44.9066 89.4126
562 45.2949 89.3819
713 45.6733 89.3519
82 46.0593 89.3214
826 46.451 89.2904
636 46.8296 89.2604
12 47.2016 89.2309
105 47.4949 89.2077
320 47.8184 89.1821
530 48.1459 89.1562
23 48.4808 89.1297
40 48.6506 89.1162
754 48.8171 89.103
980 48.976 89.0905
344 49.1311 89.0782
961 49.1524 89.0765
239 49.1739 89.0748
408 49.196 89.073
434 49.2182 89.0713
814 49.2391 89.0696
62 49.2628 89.0678
882 49.2857 89.0659
516 49.3076 89.0642
624 49.3301 89.0624
165 49.351 89.0608
866 49.3727 89.0591
896 49.3959 89.0572
53 49.4171 89.0555
559 49.51 89.0482
319 49.6044 89.0407
511 49.7025 89.0329
5 49.7944 89.0257
416 49.8875 89.0183
532 49.9979 89.0095
375 50.1005 89.0014
156 50.2083 88.9929
774 50.3149 88.9844
642 50.4154 88.9765
177 50.5222 88.968
294 50.5834 88.9632
536 51.9878 88.852
947 53.5272 88.7301
746 55.2414 88.5943
18 58.1437 88.3645
620 59.2631 88.2759
406 59.2646 88.2758
140 59.2663 88.2756
851 59.268 88.2755
861 59.2697 88.2754
245 59.2714 88.2752
737 59.2732 88.2751
567 59.2749 88.2749
911 59.2765 88.2748
952 59.278 88.2747
202 59.2797 88.2746
618 59.2812 88.2744
118 59.2829 88.2743
335 59.2845 88.2742
464 59.2863 88.274
880 59.2878 88.2739
317 59.2894 88.2738
259 59.291 88.2737
584 59.2927 88.2735
622 59.2943 88.2734
415 59.2958 88.2733
816 59.2974 88.2732
887 59.299 88.273
297 59.3007 88.2729
832 59.3023 88.2728
477 59.8151 88.2723
801 60.3198 88.2718
992 60.8165 88.2713
690 61.3196 88.2708
273 61.866 88.2703
318 62.4081 88.2698
854 62.7664 88.2694
285 62.9602 88.2692
158 63.1494 88.269
845 63.326 88.2689
544 63.5019 88.2687
145 63.6796 88.2685
666 63.8552 88.2684
465 64.0099 88.2682
856 64.158 88.2681
378 64.4246 88.2678
984 64.689 88.2675
823 64.9613 88.2673
185 65.2132 88.267
367 65.4829 88.2668
251 66.7706 88.2655
52 67.8254 88.2645
353 68.9253 88.2634
817 69.9265 88.2624
42 71.2339 88.2611
820 73.2557 88.2592
648 73.959 88.2585
580 74.521 88.2579
149 75.061 88.2574
928 81.0962 88.2522
893 81.1087 88.2361
494 81.1212 88.2201
135 81.1335 88.2042
725 81.1788 88.1459
983 81.2209 88.0919
813 81.5435 87.677
775 81.9305 87.1793
417 82.4209 86.5488
159 82.8783 85.9606
25 83.3783 85.3176
322 83.6112 85.0181
889 83.8663 84.6901
685 84.1255 84.3567
473 84.3575 84.0583
740 84.5994 83.7474
742 84.8394 83.4387
311 85.1657 83.019
204 85.4192 82.6931
528 85.6537 82.3915
450 85.8731 82.1094
372 86.027 81.9115
864 84.9678 79.9962
660 83.9024 78.0696
83 82.5527 75.629
332 82.949 70.0884
506 83.3639 64.2884
136 83.5943 61.0686
198 83.6756 59.9324
920 83.7461 58.9482
497 83.7925 58.2993
684 83.457 56.3933
387 82.9865 53.72
835 82.5135 51.0332
977 82.4553 50.7021
932 82.3848 50.3017
838 82.3167 49.9146
107 82.2471 49.5194
242 82.1578 49.0123
170 82.0597 48.4548
967 81.7465 46.6753
33 81.3023 44.1519
274 81.3023 44.1519
745 81.3023 44.1519
884 81.3023 44.1519
592 80.6296 44.0749
951 79.9939 44.0022
520 79.2313 43.915
357 75.3508 43.4709
323 75.3508 43.4709
425 75.3508 43.4709
583 75.3508 43.4709
850 75.3508 43.4709
553 73.2642 42.2918
594 69.4167 40.1176
117 69.4722 40.0576
232 69.678 39.8346
466 69.8768 39.6192
670 70.0629 39.4175
29 70.256 39.2083
609 70.4461 39.0022
926 70.6222 38.8114
314 71.2944 38.083
195 72.1869 37.116
590 79.6008 29.0823
98 83.8534 24.4741
483 86.191 17.5192
979 86.1208 17.5473
627 86.0507 17.5754
243 85.9773 17.6048
260 85.9011 17.6353
345 84.4059 18.2345
