0,345,979,260,483,243,627,98,590,33,606,357,553,323,425,583,850,926,232,466,670,29,835,195,609,967,274,745,884,592,951,520,684,387,497,506,136,198,920,170,977,932,838,107,242,372,311,204,528,450,742,417,159,25,322,889,685,473,740,660,864,332,900,385,481,937,51,744,813,854,983,893,494,135,725,775,318,928,820,648,580,149,353,251,801,369,245,737,567,911,952,202,618,118,335,464,880,317,259,856,285,158,845,544,145,666,584,415,536,947,931,395,620,18,367,378,984,823,185,622,465,746,52,887,297,42,817,861,406,140,851,9,782,832,408,273,313,294,774,642,177,564,659,156,477,816,992,690,344,541,562,713,82,826,636,12,105,320,530,23,40,754,980,575,940,802,179,248,755,563,229,882,305,896,239,434,814,62,375,516,624,165,866,961,53,559,319,511,5,416,532,738,139,874,649,766,309,561,877,449,614,271,394,539,141,241,181,448,808,129,613,265,172,292,343,752,389,763,206,92,256,470,146,569,974,707,786,80,144,537,807,724,215,56,359,591,840,689,600,574,927,950,275,124,454,872,658,168,60,726,443,608,487,296,431,252,550,604,270,789,757,806,888,93,946,971,662,266,730,571,99,184,326,189,223,773,22,610,918,231,392,548,919,73,885,230,253,2,72,28,960,20,753,50,13,611,430,871,306,409,795,761,456,76,631,638,714,521,578,150,167,44,768,695,424,333,428,16,490,697,368,41,36,441,249,954,672,120,96,859,593,418,462,651,115,227,15,491,696,288,712,360,815,95,442,953,380,58,138,183,304,446,364,405,827,316,469,240,615,426,868,153,401,203,31,719,399,693,236,547,39,718,495,301,833,955,444,736,905,792,759,108,803,568,678,711,106,585,546,263,200,973,1,199,969,435,776,750,213,557,988,386,637,169,300,247,933,914,699,17,436,90,447,554,890,244,75,944,628,982,560,48,88,916,321,482,325,780,886,479,97,991,860,433,277,517,796,339,948,825,429,338,551,400,717,570,298,207,178,892,830,607,427,445,272,667,657,81,346,686,224,556,374,457,113,398,728,500,526,255,220,371,734,192,879,924,799,639,381,966,14,665,694,680,503,119,3,939,219,196,747,502,846,411,361,701,132,329,162,524,760,552,703,565,77,376,772,130,739,970,347,956,635,897,691,981,630,327,451,79,587,422,733,925,534,214,849,154,505,938,936,531,784,166,279,708,182,698,233,131,589,114,764,234,122,336,218,527,157,116,805,100,352,909,78,858,655,47,770,57,373,403,475,391,677,972,771,663,463,863,542,148,489,142,423,32,758,46,990,123,10,87,384,476,222,841,341,11,438,985,499,212,731,228,496,749,700,312,128,616,174,797,283,330,949,303,328,958,652,612,572,133,402,86,474,943,902,125,673,836,794,641,898,74,4,258,710,412,899,514,65,268,455,812,348,661,61,331,646,629,881,254,488,299,366,682,722,362,741,211,963,8,187,674,588,602,824,307,354,702,351,111,787,822,64,915,573,439,704,518,363,310,26,284,626,246,643,287,669,407,653,337,834,261,934,191,853,586,278,883,709,221,379,160,467,525,679,205,121,535,829,783,619,529,869,486,811,723,664,549,397,687,7,257,472,155,127,356,935,692,49,917,480,945,342,452,706,461,862,848,597,522,566,843,891,151,688,54,989,267,512,913,194,633,640,413,38,545,543,180,705,147,748,210,788,508,382,922,388,735,37,414,908,645,269,302,603,324,756,876,765,576,471,957,308,30,839,601,929,390,349,34,507,729,510,903,59,901,137,501,89,732,459,291,878,493,104,533,715,596,804,171,21,163,720,599,965,809,404,779,484,523,910,410,134,912,676,281,226,683,986,365,798,621,175,923,370,237,778,743,921,225,632,857,437,126,976,193,432,894,94,668,800,315,460,671,769,280,112,895,91,440,582,540,235,605,216,453,109,513,855,350,282,904,727,71,987,290,83,818,867,847,595,650,68,110,852,201,152,837,975,383,579,509,962,654,393,340,334,485,173,208,617,186,625,538,478,190,644,647,791,968,762,498,67,907,468,515,964,161,941,420,84,238,942,767,396,656,577,101,492,558,264,262,143,293,35,793,519,85,286,102,842,70,810,188,623,781,906,117,594,314,870,217,716,358,978,930,458,355,785,681,19,66,751,828,377,250,865,6,831,819,45,821,43,421,675,63,875,276,289,555,209,69,634,873,27,844,197,419,790,55,164,24,721,581,598,176,504,103,959,777,295,
value : 459.381 running time : 108.569991
0 80 20
345 83.9968 18.3581
979 85.0387 17.93
260 85.9909 17.5388
483 86.145 17.4754
243 85.872 18.2386
627 85.3464 19.7075
98 83.122 25.9247
590 81.0693 30.1204
33 79.1167 34.1112
606 75.515 41.4735
357 75.1536 42.2121
553 75.7778 42.7364
323 76.3687 43.2327
425 77.023 43.7821
583 77.6215 44.2848
850 77.8659 44.4901
926 77.8659 44.4901
232 78.0353 44.5732
466 78.2093 44.6586
670 78.383 44.7439
29 78.5637 44.8326
835 78.7481 44.9231
195 78.9255 45.0102
609 79.1045 45.098
967 79.2887 45.1884
274 79.4721 45.2785
745 79.6565 45.369
884 79.8522 45.4651
592 79.8522 45.4651
951 79.8522 45.4651
520 79.8522 45.4651
684 82.2711 53.9563
387 83.0385 56.6504
497 84.0271 60.1212
506 84.0444 60.2513
136 84.0615 60.3808
198 84.08 60.5204
920 84.0987 60.6611
170 84.1397 60.9704
977 84.182 61.2895
932 84.2228 61.5978
838 84.3042 62.2114
107 84.4125 63.0287
242 84.6628 64.9166
372 86.5571 79.2019
311 86.5025 79.2607
204 86.4482 79.3191
528 86.3946 79.3768
450 86.3402 79.4352
742 86.2749 79.5056
417 86.2428 79.5401
159 86.2136 79.5715
25 86.1888 79.5982
322 86.1603 79.6288
889 86.1391 79.6516
685 85.5961 79.663
473 84.9069 79.6775
740 84.1409 79.6935
660 83.4056 79.709
864 81.6919 79.7446
332 80.2618 79.7745
900 78.7923 79.8052
385 78.7923 79.8052
481 78.7923 79.8052
937 78.7923 79.8052
51 78.7923 79.8052
744 78.7653 80.9194
813 78.6705 84.813
854 78.6134 87.1595
983 78.5789 88.5821
893 78.5736 88.7992
494 78.5685 89.0091
135 78.5633 89.2247
725 78.5595 89.3831
775 78.5555 89.5481
318 78.5503 89.7589
928 78.5461 89.934
820 77.3521 89.7837
648 76.0115 89.615
580 74.3245 89.4027
149 72.1717 89.1319
353 70.3456 88.9021
251 68.3772 88.6545
801 65.9651 88.351
369 64.4771 88.1638
245 63.5491 88.047
737 63.3796 88.0256
567 63.2101 88.0043
911 63.0275 87.9813
952 62.9273 87.9687
202 62.8375 87.9574
618 62.746 87.9458
118 62.6609 87.9351
335 62.5778 87.9247
464 62.5033 87.9153
880 62.4148 87.9041
317 62.3359 87.8942
259 62.2529 87.8837
856 62.1793 87.8744
285 62.1117 87.8659
158 62.0343 87.8562
845 61.947 87.8452
544 61.8656 87.8349
145 61.7828 87.8245
666 61.6995 87.814
584 61.2638 87.7592
415 60.8661 87.7091
536 60.5252 87.6661
947 60.4674 87.6589
931 60.4117 87.6518
395 60.3531 87.6445
620 60.2956 87.6372
18 60.0709 87.6089
367 59.8437 87.5803
378 59.651 87.556
984 59.4512 87.5309
823 59.255 87.5062
185 59.0262 87.4773
622 58.8108 87.4502
465 58.5779 87.4209
746 58.2432 87.3788
52 58.2432 87.3788
887 58.0721 87.3423
297 57.9099 87.3077
42 57.7371 87.2708
817 57.5629 87.2337
861 57.2361 87.1639
406 56.9273 87.098
140 56.6348 87.0356
851 56.3503 86.9749
9 56.0737 86.9159
782 55.6737 86.9538
832 55.3098 86.9884
408 54.8346 87.0335
273 54.4392 87.0711
313 53.4026 87.1695
294 52.3869 87.266
774 52.3939 87.3374
642 52.4005 87.4053
177 52.4082 87.4838
564 52.4139 87.543
659 52.4214 87.6198
156 52.4294 87.7015
477 52.4367 87.7768
816 52.4432 87.8435
992 52.45 87.9133
690 52.1217 88.034
344 51.7816 88.1592
541 51.6969 88.165
562 51.6181 88.1705
713 51.549 88.1753
82 51.4793 88.1802
826 51.4156 88.1846
636 51.3492 88.1892
12 51.2824 88.1939
105 51.2117 88.1988
320 51.1462 88.2033
530 51.0815 88.2078
23 51.0189 88.2122
40 50.9451 88.2173
754 50.8706 88.2225
980 50.7949 88.2278
575 50.72 88.233
940 50.6337 88.239
802 50.5514 88.2447
179 50.472 88.2502
248 50.3878 88.2561
755 50.3072 88.2617
563 50.2319 88.2669
229 50.1604 88.2719
882 49.9539 88.2863
305 49.7277 88.302
896 49.522 88.3163
239 49.2907 88.3324
434 49.0787 88.3471
814 48.7347 88.3711
62 48.4217 88.3928
375 48.0866 88.4161
516 47.7844 88.4372
624 47.476 88.4586
165 47.0528 88.4881
866 46.6525 88.5159
961 46.2785 88.5419
53 45.8324 88.573
559 45.4661 88.5984
319 45.1075 88.6234
511 44.7548 88.6479
5 44.1756 88.6882
416 43.5999 88.7283
532 43.0658 88.7655
738 42.0729 88.8346
139 41.3133 88.8875
874 41.2939 88.8632
649 41.2722 88.8361
766 41.2537 88.813
309 41.2325 88.7865
561 41.2096 88.7579
877 41.1894 88.7326
449 41.1693 88.7075
614 41.1462 88.6787
271 41.1296 88.658
394 41.1109 88.6346
539 41.093 88.6122
141 41.0746 88.5892
241 41.0574 88.5677
181 41.0409 88.5471
448 41.0226 88.5241
808 41.0046 88.5017
129 40.987 88.4798
613 40.9707 88.4593
265 40.9535 88.4378
172 40.9349 88.4146
292 40.9167 88.3918
343 40.8991 88.3698
752 40.8815 88.3478
389 40.8619 88.3234
763 40.8413 88.2977
206 40.8199 88.2709
92 40.7977 88.2431
256 40.7764 88.2166
470 40.7572 88.1925
146 40.7371 88.1675
569 40.7175 88.1429
974 40.696 88.116
707 40.2586 87.5694
786 39.794 86.9889
80 36.2876 81.665
144 35.6472 80.6928
537 35.0533 79.7911
807 34.7428 79.3198
724 34.3648 78.7459
215 34.0222 78.2259
56 33.5926 77.5736
359 33.0316 77.703
591 32.3826 77.8527
840 31.7302 78.0031
689 30.985 78.175
600 30.2053 78.3548
574 29.6298 78.4875
927 29.0301 78.6258
950 28.4886 78.7507
275 28.0252 78.8576
124 27.8805 78.891
454 27.7284 78.926
872 27.5749 78.9614
658 27.4132 78.9987
168 27.2584 79.0344
60 27.1188 79.0666
726 26.9554 79.1043
443 26.8079 79.1383
608 26.6601 79.1724
487 26.5145 79.2059
296 26.3861 79.2355
431 26.2437 79.2684
252 26.1195 79.297
550 25.968 79.332
604 25.8312 79.3635
270 25.6959 79.3947
789 25.5288 79.4332
757 25.3738 79.469
806 25.2269 79.5028
888 25.0479 79.5441
93 24.8738 79.5843
946 24.8738 79.5843
971 24.8738 79.5843
662 24.8862 79.7678
266 24.8989 79.9564
730 24.9119 80.1488
571 24.9249 80.3408
99 24.9667 80.9602
184 25.0153 81.6785
326 25.0636 82.3946
189 25.1201 83.2304
223 25.2326 84.8927
773 25.3748 86.9938
22 25.5211 89.155
610 25.5211 89.155
918 25.5211 89.155
231 25.5211 89.155
392 25.5211 89.155
548 25.5211 89.155
919 25.5211 89.155
73 25.5211 89.155
885 25.5211 89.155
230 25.5211 89.155
253 25.5211 89.155
2 25.5211 89.155
72 25.5211 89.155
28 25.5211 89.155
960 25.5211 89.155
20 25.45 89.1584
753 25.3747 89.1621
50 25.3068 89.1654
13 25.2406 89.1686
611 25.1821 89.1715
430 25.1187 89.1746
871 25.0537 89.1777
306 24.9939 89.1806
409 24.9331 89.1836
795 24.8751 89.1864
761 24.8091 89.1896
456 24.7445 89.1928
76 24.6855 89.1956
631 24.6241 89.1986
638 24.5641 89.2015
714 24.5014 89.2046
521 24.4418 89.2075
578 24.384 89.2103
150 24.3252 89.2131
167 24.2633 89.2162
44 24.1965 89.2194
768 24.1282 89.2227
695 24.0665 89.2257
424 24.0098 89.2285
333 23.9536 89.2312
428 23.8944 89.2341
16 23.8349 89.237
490 23.7697 89.2402
697 23.7056 89.2433
368 23.6402 89.2465
41 23.5773 89.2495
36 23.5108 89.2528
441 23.4437 89.256
249 23.3789 89.2592
954 23.3194 89.2621
672 22.9865 89.2782
120 22.609 89.2966
96 22.1977 89.3166
859 21.7301 89.3393
593 21.2746 89.3614
418 20.8251 89.3833
462 20.3472 89.4065
651 19.9157 89.4274
115 19.4544 89.4499
227 19.0193 89.471
15 18.59 89.4919
491 18.1815 89.5117
696 17.7457 89.5329
288 17.247 89.5571
712 16.7268 89.5824
360 16.1999 89.608
815 15.6484 89.6348
95 15.1581 89.6586
442 14.6887 89.6814
953 14.1948 89.7054
380 13.9472 89.7175
58 13.8027 89.7245
138 13.6251 89.7331
183 13.4677 89.7408
304 13.2811 89.7498
446 13.1051 89.7584
364 12.9284 89.767
405 12.7615 89.7751
827 12.6095 89.7825
316 12.4633 89.7896
469 12.3172 89.7967
240 12.1541 89.8046
615 12.012 89.8115
426 11.9659 89.8137
868 11.9205 89.816
153 11.8776 89.818
401 11.8336 89.8202
203 11.7918 89.8222
31 11.7503 89.8242
719 11.7077 89.8263
399 11.6675 89.8283
693 11.6233 89.8304
236 11.5813 89.8324
547 11.5362 89.8346
39 11.4949 89.8366
718 11.4548 89.8386
495 11.4148 89.8405
301 11.3745 89.8425
833 11.3385 89.8442
955 11.2904 89.8466
444 11.2431 89.8489
736 11.1973 89.8511
905 11.1541 89.8532
792 11.1104 89.8553
759 11.0669 89.8574
108 11.0253 89.8595
803 10.983 89.8615
568 10.9415 89.8635
678 10.8993 89.8656
711 10.8594 89.8675
106 10.8177 89.8696
585 10.7766 89.8716
546 10.7372 89.8735
263 10.6962 89.8755
200 10.658 89.8773
973 10.6197 89.8792
1 10.5802 89.8811
199 10.5405 89.883
969 10.501 89.8849
435 10.4646 89.8867
776 10.4289 89.8885
750 10.386 89.8905
213 10.3418 89.8927
557 10.3269 89.8934
988 10.3097 89.8942
386 10.3522 89.4063
637 10.3943 88.9228
169 10.4362 88.4421
300 10.4752 87.9933
247 10.5102 87.5913
933 10.5459 87.1814
914 10.5877 86.7007
699 10.6322 86.1902
17 10.6765 85.6805
436 10.7269 85.1024
90 10.7732 84.5703
447 10.8119 84.1253
554 10.8619 83.5515
890 10.9035 83.0736
244 10.9406 82.6467
75 10.9779 82.218
944 11.0153 81.789
628 11.0517 81.3699
982 11.0909 80.9205
560 11.1331 80.4358
48 11.1725 79.983
88 11.2128 79.5193
916 11.2536 79.051
321 11.3048 78.4621
482 11.3559 77.8757
325 11.3712 77.7001
780 11.3871 77.5173
886 11.4039 77.3242
479 11.4209 77.1289
97 11.4374 76.9391
991 11.4523 76.7675
860 11.468 76.5877
433 11.484 76.4042
277 11.5016 76.202
517 11.5178 76.0153
796 11.5289 75.8886
339 11.5397 75.7638
948 11.5512 75.6322
825 11.5621 75.5066
429 11.574 75.3702
338 11.5854 75.2389
551 11.5959 75.1186
400 11.6071 74.9898
717 11.618 74.864
570 11.628 74.749
298 11.6393 74.6199
207 11.6503 74.4936
178 11.6604 74.3772
892 11.6702 74.2642
830 11.6827 74.1214
607 11.6973 73.9537
427 11.7107 73.7994
445 11.7236 73.6513
272 11.7364 73.5043
667 11.7489 73.3599
657 11.7613 73.2181
81 11.7742 73.0691
346 11.7857 72.9376
686 11.7978 72.7985
224 11.8096 72.6628
556 11.8217 72.5233
374 11.8343 72.3791
457 11.8474 72.2283
113 11.8611 72.0708
398 11.8748 71.9137
728 11.8876 71.7669
500 11.9013 71.6095
526 11.9148 71.4545
255 11.9281 71.3009
220 11.941 71.1529
371 11.9547 70.9955
734 11.9681 70.842
192 11.9811 70.6924
879 11.993 70.5562
924 12.005 70.4177
799 12.0174 70.2755
639 12.029 70.142
381 12.042 69.9929
966 12.0546 69.848
14 12.0669 69.7072
665 12.079 69.5672
694 12.0913 69.4266
680 12.1039 69.2819
503 12.1165 69.1373
119 12.1299 68.9826
3 12.1436 68.8251
939 12.1568 68.6734
219 12.1627 68.606
196 12.1689 68.5348
747 12.1747 68.4685
502 12.1801 68.4063
846 12.1858 68.3407
411 12.1913 68.2779
361 12.1965 68.2172
701 12.2023 68.1516
132 12.2084 68.081
329 12.2144 68.0117
162 12.2199 67.9486
524 12.2259 67.8794
760 12.2319 67.8109
552 12.2373 67.7489
703 12.2431 67.6826
565 12.2486 67.6191
77 12.2539 67.5576
376 12.2594 67.4951
772 12.2648 67.4328
130 12.2701 67.372
739 12.2755 67.3096
970 12.281 67.2465
347 12.2869 67.1786
956 13.7605 65.5438
635 13.7605 65.5438
897 13.8296 65.4372
691 13.8957 65.3352
981 13.9605 65.2352
630 14.0204 65.1428
327 14.0836 65.0452
451 14.1439 64.9521
79 14.203 64.8609
587 14.2471 64.7929
422 14.1003 64.0518
733 13.9822 63.4551
925 13.3569 60.2982
534 12.8869 57.9253
214 12.6628 56.794
849 12.463 55.785
154 12.4395 55.6666
505 12.4187 55.5613
938 12.3985 55.4593
936 12.3776 55.3537
531 12.358 55.2551
784 12.3377 55.1525
166 12.3137 55.0313
279 12.2918 54.9205
708 12.2694 54.8075
182 12.2489 54.7041
698 12.2274 54.5957
233 12.2066 54.4904
131 12.1844 54.3785
589 12.1617 54.264
114 12.1392 54.1505
764 12.1146 54.0263
234 12.0891 53.8975
122 11.9796 53.3446
336 11.9614 53.146
218 11.9423 52.9371
527 11.9232 52.7283
157 11.9032 52.5093
116 11.8857 52.3182
805 12.1311 51.8044
100 12.379 51.2854
352 12.6422 50.7344
909 12.9084 50.1769
78 13.1843 49.5994
858 13.3681 49.2146
655 13.5627 48.8072
47 13.6141 48.6997
770 13.677 48.5679
57 13.735 48.4466
373 13.7984 48.314
403 13.8664 48.1715
475 13.9273 48.0442
391 13.9797 47.9345
677 14.0286 47.8321
972 14.0872 47.7094
771 14.1538 47.57
663 14.2161 47.4395
463 14.2755 47.3151
863 14.3379 47.1846
542 14.3975 47.0599
148 14.4578 46.9336
489 14.5113 46.8217
142 14.575 46.6883
423 14.6392 46.554
32 14.7016 46.4233
758 14.7554 46.3107
46 14.8134 46.1894
990 14.8698 46.0712
123 14.9239 45.9581
10 14.9817 45.837
87 15.0387 45.7176
384 15.085 45.6208
476 15.1328 45.5206
222 15.1784 45.4252
841 15.2242 45.3294
341 15.2701 45.2334
11 15.3224 45.1238
438 14.7503 44.6332
985 13.2066 43.3095
499 12.1833 42.432
212 12.1833 42.432
731 12.1833 42.432
228 12.1833 42.432
496 12.1833 42.432
749 12.1833 42.432
700 12.1833 42.432
312 12.1833 42.432
128 12.1833 42.432
616 12.1833 42.432
174 12.1833 42.432
797 12.1833 42.432
283 12.1833 42.432
330 12.1833 42.432
949 12.1833 42.432
303 12.1833 42.432
328 12.0937 39.803
958 12.1108 38.6875
652 12.128 37.5665
612 12.1614 35.3851
572 12.1857 33.7965
133 12.2042 32.5922
402 12.2211 31.4904
86 12.2324 30.7608
474 12.2449 29.9435
943 12.2542 29.3399
902 12.2638 28.7183
125 12.2656 28.5987
673 12.268 28.444
836 12.2702 28.2996
794 12.2724 28.1599
641 12.2746 28.0174
898 12.2766 27.8869
74 12.2809 27.6067
4 12.2852 27.3315
258 12.2895 27.0563
710 12.2936 26.7898
412 12.2979 26.5114
899 12.3013 26.2951
514 12.3045 26.0878
65 12.3081 25.8548
268 12.3445 23.4751
455 12.3972 20.0218
812 12.4707 15.2067
348 12.4707 15.2067
661 12.4707 15.2067
61 12.4707 15.2067
331 12.4707 15.2067
646 12.4707 15.2067
629 12.4707 15.2067
881 12.4707 15.2067
254 12.4707 15.2067
488 12.4707 15.2067
299 12.4707 15.2067
366 12.4756 15.2069
682 12.4802 15.207
722 12.4848 15.2072
362 12.49 15.2074
741 12.4955 15.2076
211 12.5008 15.2077
963 12.5059 15.2079
8 12.5117 15.2081
187 12.5165 15.2083
674 14.836 15.2866
588 18.0812 15.3962
602 22.7559 15.5533
824 24.0326 15.5966
307 24.9465 15.6275
354 25.7297 15.6541
702 26.6747 15.6861
351 27.6759 15.72
111 28.6335 15.7524
787 29.4276 15.7794
822 29.6234 15.7423
64 29.8044 15.7081
915 29.9857 15.6738
573 30.9927 15.4835
439 31.864 15.3188
704 33.2069 15.065
518 34.4705 14.8262
363 34.4455 15.3556
310 34.4195 15.9053
26 34.3942 16.4414
284 34.3707 16.9399
626 34.351 17.3563
246 34.3326 17.7453
643 34.3135 18.1495
287 34.2948 18.5463
669 34.2743 18.9811
407 34.2425 19.653
653 34.1987 20.5818
337 34.1377 21.8733
834 34.0701 23.3043
261 34.0225 24.312
934 33.974 25.3381
191 33.9215 26.4506
853 33.8803 27.3232
586 33.8506 27.9518
278 33.8216 28.5663
883 33.7946 29.1373
709 33.7552 29.9705
221 33.7113 30.9011
379 33.6647 31.8872
160 33.6119 33.005
467 33.5536 34.2401
525 33.466 36.0957
679 33.466 36.0957
205 33.466 36.0957
121 33.466 36.0957
535 33.4895 36.164
829 33.5087 36.2197
783 33.6781 36.7114
619 33.8254 37.139
529 33.9481 37.4953
869 34.0777 37.8716
486 34.2237 38.2953
811 34.454 38.9639
723 34.6884 39.6445
664 34.8176 40.0195
549 34.9491 40.4013
397 35.1786 41.0675
687 35.3978 41.7039
7 35.6215 42.3534
257 35.8552 43.0317
472 36.1487 43.8838
155 36.1878 43.9976
127 36.2267 44.1105
356 36.2604 44.2082
935 36.2942 44.3062
692 36.4088 44.6391
49 36.5333 45.0006
917 36.6456 45.3264
480 36.7631 45.6675
945 36.8984 46.0603
342 37.0007 46.3574
452 37.089 46.6137
706 37.1816 46.8826
461 37.2832 47.1775
862 37.3727 47.4372
848 37.4731 47.7288
597 37.5738 48.021
522 37.5738 48.021
566 37.5738 48.021
843 37.5738 48.021
891 36.9756 48.6458
151 36.4949 49.1479
688 35.6174 50.0642
54 34.9106 50.8024
989 34.8393 50.8769
267 34.7489 50.9714
512 34.6735 51.0501
913 34.5846 51.1429
194 34.5031 51.228
633 34.4042 51.3313
640 34.3141 51.4254
413 34.2401 51.5027
38 34.1658 51.5803
545 34.0819 51.6679
543 34.008 51.7451
180 33.934 51.8224
705 33.8475 51.9127
147 33.8225 51.9388
748 33.7968 51.9656
210 33.7694 51.9942
788 33.7366 52.0285
508 33.7103 52.0559
382 33.6804 52.0872
922 33.6804 52.0872
388 33.6804 52.0872
735 33.6804 52.0872
37 33.6804 52.0872
414 33.6341 52.3911
908 33.5728 52.7931
645 33.4764 53.4256
269 33.4088 53.8684
302 33.3377 54.335
603 33.2594 54.8488
324 33.1793 55.3741
756 33.0995 55.8974
876 33.0221 56.4053
765 32.9343 56.9815
576 32.8543 57.5065
471 32.7768 58.0143
957 32.6934 58.5615
308 32.6139 59.0834
30 32.5425 59.5512
839 32.4667 60.049
601 32.3886 60.5613
929 32.5345 60.6427
390 32.6729 60.72
349 32.8069 60.7948
34 32.9434 60.871
507 33.0861 60.9506
729 33.2364 61.0345
510 33.3931 61.122
903 33.5571 61.2135
59 33.7126 61.3003
901 33.8882 61.3983
137 34.0712 61.5004
501 34.2492 61.5998
89 34.4318 61.7017
732 34.6267 61.8105
459 34.7991 61.9067
291 34.9723 62.0034
878 35.1407 62.0974
493 35.3017 62.1872
104 35.4783 62.2858
533 35.6511 62.3823
715 35.8222 62.4777
596 35.9851 62.5687
804 36.1515 62.6615
171 36.3135 62.752
21 36.4658 62.837
163 36.6204 62.9233
720 36.7555 62.9987
599 36.9183 63.0895
965 37.115 63.1993
809 37.3702 63.3418
404 37.6156 63.4788
779 37.8579 63.614
484 38.0794 63.7377
523 38.2673 63.8425
910 38.4506 63.9448
410 38.6395 64.0502
134 38.8271 64.155
912 38.9924 64.2472
676 39.17 64.3464
281 39.3437 64.4433
226 39.5158 64.5393
683 39.6858 64.5409
986 39.8602 64.5425
365 39.6924 63.9382
798 39.5278 63.3457
621 39.3618 62.7479
175 39.2036 62.1782
923 39.0438 61.6032
370 39.0438 61.6032
237 39.0438 61.6032
778 39.0438 61.6032
743 41.195 66.8191
921 42.8048 70.7227
225 43.3389 72.0181
632 43.9567 73.5161
857 44.4804 74.7862
437 44.9716 75.9772
126 45.8403 75.7581
976 46.6259 75.5601
193 47.5399 75.3295
432 48.6032 75.0614
894 49.3794 74.8657
94 50.2777 74.6391
668 51.1563 74.4176
800 51.283 74.3856
315 51.412 74.3531
460 51.5385 74.3212
671 51.6596 74.2907
769 51.7744 74.2617
280 51.8892 74.2328
112 52.0085 74.2027
895 52.1216 74.1741
91 52.2422 74.1437
440 52.3688 74.1118
582 52.4722 74.0857
540 52.5772 74.0593
235 52.7222 74.0227
605 52.8759 73.9839
216 53.0073 73.9508
453 53.1429 73.9166
109 53.2801 73.882
513 53.4101 73.8492
855 53.5511 73.8137
350 53.6873 73.7793
282 55.9667 73.2045
904 59.0335 72.4312
727 61.0672 71.9183
71 62.5965 71.5327
987 63.3716 71.3372
290 64.2757 71.1092
83 65.0944 70.9028
818 65.8227 70.7191
867 65.8797 70.4506
847 65.9313 70.2082
595 65.9873 69.9451
650 66.0416 69.6894
68 66.0924 69.4505
110 66.1411 69.2218
852 66.1887 68.9979
201 66.2331 68.7889
152 66.2724 68.6042
837 66.3117 68.4194
975 66.3537 68.2219
383 66.3953 68.0264
579 66.2752 67.7908
509 66.1415 67.5285
962 66.0063 67.2631
654 65.8709 66.9976
393 65.7232 66.7077
340 65.5813 66.4293
334 65.4386 66.1494
485 64.4134 64.6532
173 63.7769 63.7245
208 63.0378 62.646
617 62.2031 61.428
186 61.489 60.3858
625 61.171 59.9219
538 60.8599 59.468
478 60.5466 59.011
190 60.2058 58.5137
644 59.8535 57.9996
647 59.8535 57.9996
791 59.8535 57.9996
968 59.8535 57.9996
762 59.8535 57.9996
498 59.8535 57.9996
67 59.8535 57.9996
907 59.8535 57.9996
468 59.8535 57.9996
515 59.8535 57.9996
964 59.8535 57.9996
161 59.8535 57.9996
941 59.8535 57.9996
420 59.7647 57.9636
84 59.6573 57.9201
238 59.566 57.8831
942 59.4729 57.8453
767 59.3704 57.8038
396 59.2601 57.7591
656 59.1682 57.7218
577 57.723 57.136
101 56.466 56.6265
492 55.5663 56.2618
558 54.8628 55.9766
264 54.8383 55.9667
262 55.6311 54.7291
143 56.3989 53.5306
293 56.4598 53.4356
35 56.5222 53.3381
793 56.588 53.2355
519 56.6577 53.1267
85 56.728 53.0169
286 56.7997 52.9051
102 56.8776 52.7835
842 56.8055 51.8903
70 56.741 51.0911
810 56.6776 50.3053
188 56.5447 48.6582
623 56.348 46.2187
781 56.0863 42.9737
906 56.0637 42.6927
117 56.0411 42.4137
594 56.0057 41.974
314 55.9709 41.5438
870 55.9376 41.1303
217 55.9031 40.7036
716 55.8673 40.2591
358 55.831 39.8094
978 55.7969 39.3872
930 55.7601 38.9312
458 55.7232 38.4735
355 55.6864 38.0178
785 55.6496 37.5614
681 55.6175 37.1645
19 55.5862 36.7769
66 55.556 36.4023
751 55.5221 35.9818
828 55.491 35.5964
377 55.4606 35.2204
250 55.4271 34.8055
865 55.3969 34.4309
6 55.368 34.0722
831 55.3394 33.7182
819 55.3119 33.3778
45 55.0965 33.438
821 54.8618 33.5035
43 54.6041 33.5754
421 54.343 33.6484
675 54.1405 33.7049
63 53.2826 33.9445
875 52.5789 34.141
276 51.9518 34.3162
289 51.9518 34.3162
555 51.9518 34.3162
209 51.9518 34.3162
69 51.9518 34.3162
634 51.9518 34.3162
873 51.9518 34.3162
27 51.9518 34.3162
844 51.9518 34.3162
197 51.9518 34.3162
419 51.9518 34.3162
790 51.9518 34.3162
55 54.8325 30.64
164 57.1892 27.6325
24 62.0021 21.4906
721 64.9487 17.7303
581 65.2599 17.3332
598 65.5964 16.9037
176 65.9735 16.4226
504 66.3097 15.9935
103 66.6863 15.5129
959 68.0458 15.9712
777 69.5977 16.4944
295 72.6547 17.5248
