0,243,345,979,260,627,483,520,33,98,951,590,323,70,466,745,926,425,117,842,190,102,143,941,553,835,670,583,274,609,932,29,232,592,334,967,195,387,920,136,838,684,170,852,420,497,977,242,198,884,506,107,204,962,25,742,372,528,311,450,332,660,889,685,71,666,864,813,740,983,158,135,648,725,893,928,159,322,854,353,149,823,580,318,544,145,473,83,52,285,820,494,417,297,317,251,817,904,654,845,51,775,744,367,118,952,882,911,880,273,856,851,477,737,816,42,584,980,622,12,992,754,280,177,536,185,618,313,516,344,62,690,464,624,415,984,202,259,947,620,887,9,465,18,931,940,245,636,642,774,378,567,179,229,105,866,294,434,746,305,406,82,23,40,896,156,874,532,375,165,5,541,961,713,511,239,408,319,562,814,231,614,564,530,320,613,766,974,569,146,470,256,92,206,763,389,752,343,292,172,265,73,2,786,448,437,181,241,129,808,53,738,449,559,139,392,918,416,960,60,561,659,72,539,548,672,22,28,20,309,707,631,638,230,253,773,877,306,409,795,761,430,712,76,167,44,249,150,490,593,50,271,833,610,753,871,13,428,96,651,714,611,521,768,491,696,58,15,418,462,360,394,227,456,695,441,442,776,750,380,988,263,200,914,199,39,547,236,693,399,719,31,815,203,401,153,106,678,585,213,436,546,982,115,435,568,868,138,183,304,446,364,405,827,969,759,905,554,711,973,933,699,890,169,300,892,830,247,75,1,953,444,803,301,316,792,736,95,469,718,495,108,944,916,457,615,426,240,637,386,168,346,447,90,288,557,628,885,36,17,859,578,93,658,244,807,697,608,424,368,886,872,270,649,296,919,41,120,726,574,326,189,124,587,888,526,927,501,730,604,878,571,724,226,840,806,141,950,275,789,954,223,662,431,252,550,333,266,946,487,600,16,184,689,361,635,601,757,113,79,537,524,99,645,454,912,34,21,137,175,971,591,957,359,81,349,739,162,88,433,780,551,338,429,825,48,560,443,948,132,411,846,97,119,517,325,796,955,178,277,272,374,860,479,219,130,400,657,500,728,321,207,339,556,298,224,991,570,966,607,694,445,371,717,686,192,879,924,667,799,639,381,939,734,14,665,427,347,77,703,482,503,784,970,329,772,376,956,422,747,502,255,398,552,764,220,701,327,234,565,680,981,925,698,630,938,336,527,303,157,760,166,114,154,589,531,122,805,3,849,279,116,451,505,616,758,897,214,936,858,131,708,373,57,196,633,218,542,677,691,972,391,423,652,32,11,908,403,475,302,688,664,612,723,438,829,463,543,222,535,771,341,841,863,985,663,142,476,384,87,10,123,990,46,328,47,489,909,100,352,78,212,731,228,496,749,700,312,128,182,174,797,283,330,949,534,958,499,770,86,121,268,65,514,474,963,455,602,133,943,362,4,661,299,710,74,898,641,794,674,812,572,646,412,588,673,836,402,722,254,488,61,366,348,211,682,881,187,629,8,331,741,258,354,915,899,824,246,902,702,337,307,310,653,643,822,573,669,439,407,111,363,26,709,704,287,626,883,351,64,518,869,787,205,549,221,486,284,934,289,467,844,197,917,38,480,790,853,586,194,834,379,529,151,278,191,49,257,413,913,748,692,619,783,7,269,356,397,388,679,687,180,414,148,125,37,811,706,545,862,525,655,603,756,510,324,733,233,705,729,507,901,599,778,461,989,508,498,472,452,342,843,512,69,848,522,876,891,127,101,566,262,875,716,906,155,945,276,519,267,210,89,147,291,576,30,459,732,493,809,765,471,922,929,237,621,735,596,382,370,903,788,225,390,910,163,104,839,720,59,308,965,404,640,264,410,597,523,134,779,80,715,683,171,484,281,540,235,533,804,365,56,577,54,208,800,798,216,440,769,676,582,632,513,563,857,468,855,558,894,248,802,755,453,782,144,94,826,193,976,350,215,315,895,126,743,369,335,140,395,109,832,605,460,801,727,987,921,671,575,91,290,837,986,67,617,847,509,762,861,650,937,818,110,579,975,385,900,383,173,201,481,293,432,793,282,238,668,396,810,907,867,152,340,515,84,393,112,161,964,968,35,656,625,286,68,595,478,647,791,942,767,538,923,485,850,594,623,492,186,85,188,606,19,314,821,930,357,45,43,644,870,634,675,358,377,458,217,935,555,63,681,66,978,421,27,785,55,865,355,751,250,261,209,164,781,873,419,160,831,6,828,959,598,24,504,103,777,721,581,176,819,295,
value : 482.255 running time : 54.892402
0 80 20
243 84.854 18.1152
345 85.2825 17.9488
979 85.7293 17.7754
260 86.1789 17.6008
627 86.2133 17.5875
483 86.249 17.5736
520 83.3664 26.8767
33 83.0025 28.051
98 82.6991 29.0298
951 78.8358 41.4973
590 78.8358 41.4973
323 77.3677 44.6368
70 75.8969 47.7819
466 75.8242 47.9374
745 75.7473 48.102
926 75.6527 48.3041
425 75.5675 48.4865
117 75.4759 48.6823
842 75.4759 48.6823
190 75.4759 48.6823
102 75.8077 48.7722
143 76.1484 48.8646
941 76.5228 48.9662
553 76.9024 49.0691
835 77.3081 49.1791
670 77.4213 49.3997
583 77.5461 49.6428
274 77.6549 49.8547
609 77.7798 50.0981
932 77.9231 50.3772
29 78.048 50.6205
232 78.1861 50.8895
592 78.3536 51.2158
334 78.5339 51.5671
967 78.6738 51.8396
195 78.825 52.1342
387 78.9915 52.4586
920 79.1474 52.7622
136 79.3129 53.0847
838 79.4754 53.4012
684 79.6401 53.7221
170 79.7817 53.9979
852 79.9053 54.2387
420 79.9831 54.3903
497 84.0443 60.2027
977 83.9536 60.683
242 83.869 61.1308
198 83.7829 61.5863
884 83.6916 62.0695
506 83.5751 62.686
107 83.4592 63.2994
204 82.6481 67.5938
962 82.317 69.3463
25 85.9528 78.9679
742 86.2225 79.6811
372 86.3369 79.9834
528 86.0483 80.2404
311 85.766 80.4918
450 85.4604 80.764
332 85.0836 81.0995
660 84.6685 81.4692
889 83.7635 82.2752
685 82.9683 82.9834
71 80.9195 84.8083
666 80.7236 85.6311
864 80.5713 86.2708
813 80.4143 86.9302
740 80.2756 87.5127
983 80.1103 88.2067
158 80.081 88.3299
135 80.0509 88.4562
648 80.0277 88.5538
725 80.0014 88.6642
893 79.9733 88.7823
928 79.9463 88.8959
159 79.104 88.7196
322 78.3495 88.5616
854 77.4247 88.368
353 76.5551 88.1859
149 75.7555 88.0185
823 75.7555 88.0185
580 75.7555 88.0185
318 75.7555 88.0185
544 75.7555 88.0185
145 75.7555 88.0185
473 75.7555 88.0185
83 75.0037 87.7571
52 74.4541 87.566
285 74.1055 87.4448
820 73.7795 87.3314
494 72.8456 87.0066
417 71.7593 86.6288
297 70.5778 86.2178
317 69.6023 85.8786
251 68.928 85.6441
817 67.7824 85.2457
904 66.3838 84.7591
654 66.3533 84.776
845 65.8463 85.0581
51 65.3632 85.3268
775 64.7596 85.6625
744 64.0767 86.0423
367 62.1343 87.1237
118 60.604 87.9752
952 59.2431 88.7324
882 58.1153 89.3599
911 58.1153 89.3599
880 58.1153 89.3599
273 58.1153 89.3599
856 58.1153 89.3599
851 58.1153 89.3599
477 58.1153 89.3599
737 58.1153 89.3599
816 58.1153 89.3599
42 58.1153 89.3599
584 58.1153 89.3599
980 58.1153 89.3599
622 58.1153 89.3599
12 58.1153 89.3599
992 58.1153 89.3599
754 58.1153 89.3599
280 58.1153 89.3599
177 58.1153 89.3599
536 58.1153 89.3599
185 58.1153 89.3599
618 58.1153 89.3599
313 58.1153 89.3599
516 58.1153 89.3599
344 58.1153 89.3599
62 58.1153 89.3599
690 58.1153 89.3599
464 58.1153 89.3599
624 58.1153 89.3599
415 58.1153 89.3599
984 58.1153 89.3599
202 58.1153 89.3599
259 58.1153 89.3599
947 58.1153 89.3599
620 58.1153 89.3599
887 57.8444 88.3849
9 57.4367 86.9173
465 57.4367 86.9173
18 57.0738 86.9846
931 56.642 87.0646
940 56.1758 87.151
245 55.7562 87.2288
636 55.3387 87.3062
642 54.9384 87.3804
774 54.5707 87.4485
378 54.2318 87.5113
567 53.8152 87.5885
179 53.3066 87.6828
229 52.8433 87.7686
105 52.2908 87.8711
866 51.9822 87.9282
294 51.7587 87.9697
434 51.7587 87.9697
746 51.7587 87.9697
305 51.7587 87.9697
406 51.7587 87.9697
82 51.7587 87.9697
23 51.7587 87.9697
40 50.6592 88.0493
896 49.5086 88.1327
156 48.1745 88.2294
874 46.8945 88.3221
532 46.679 88.3378
375 46.4491 88.3544
165 46.2245 88.3707
5 46.0004 88.3869
541 45.7874 88.4024
961 45.5608 88.4188
713 45.2982 88.4378
511 45.0407 88.4565
239 44.729 88.4791
408 44.4283 88.5009
319 44.1088 88.524
562 43.8035 88.5462
814 43.4838 88.5693
231 43.1445 88.5939
614 42.8709 88.6138
564 42.6609 88.629
530 42.4428 88.6448
320 42.2167 88.6612
613 41.9582 88.6799
766 41.7428 88.6955
974 41.5229 88.7115
569 41.3545 88.7237
146 41.1805 88.7363
470 41.0062 88.7489
256 40.8347 88.7613
92 40.6725 88.7731
206 40.5211 88.7841
763 40.363 88.7955
389 40.1961 88.8076
752 40.0274 88.8199
343 39.8833 88.8303
292 39.7171 88.8423
172 39.5567 88.854
265 39.3988 88.8654
73 39.2326 88.8775
2 39.0904 88.8878
786 38.9474 88.8981
448 38.8223 88.9072
437 38.6905 88.9168
181 38.5542 88.9266
241 38.416 88.9366
129 38.2774 88.9467
808 38.1303 88.9574
53 38.0065 88.9663
738 37.8738 88.9759
449 37.7463 88.9852
559 37.6139 88.9948
139 37.2718 89.0196
392 36.9536 89.0427
918 36.6323 89.066
416 36.3502 89.0864
960 36.0217 89.1102
60 35.7613 89.1291
561 35.5433 89.1449
659 35.3248 89.1608
72 34.9845 89.1854
539 34.6669 89.2085
548 34.3041 89.2348
672 33.9385 89.2613
22 33.6134 89.2848
28 33.2506 89.3111
20 32.9573 89.3324
309 32.7233 89.3494
707 32.4405 89.3699
631 32.1378 89.3918
638 31.9026 89.4089
230 31.6665 89.426
253 31.4005 89.4453
773 31.1542 89.4631
877 30.9175 89.4803
306 30.6291 89.5012
409 30.385 89.5189
795 30.1693 89.5345
761 29.9095 89.5534
430 29.6637 89.5712
712 29.4261 89.5884
76 29.2847 89.5987
167 29.1373 89.6094
44 28.9754 89.6211
249 28.8193 89.6324
150 28.682 89.6424
490 28.5273 89.6536
593 28.372 89.6649
50 28.2359 89.6747
271 28.1173 89.6833
833 27.9519 89.6953
610 27.8093 89.7057
753 27.6652 89.7161
871 27.5306 89.7259
13 27.4 89.7354
428 27.3299 89.7404
96 27.2554 89.7458
651 27.1707 89.752
714 27.0914 89.7577
611 27.0194 89.763
521 26.9438 89.7684
768 26.8703 89.7738
491 26.7973 89.7791
696 26.727 89.7842
58 26.6519 89.7896
15 26.5764 89.7951
418 26.5764 89.7951
462 26.5764 89.7951
360 26.5764 89.7951
394 26.5764 89.7951
227 23.1324 89.8089
456 21.6833 89.8148
695 20.21 89.8208
441 18.8376 89.8263
442 16.9363 89.834
776 15.2731 89.8407
750 13.1039 89.8495
380 11.4093 89.8563
988 10.2775 89.8609
263 10.2778 89.8545
200 10.278 89.8489
914 10.2782 89.8429
199 10.2784 89.8372
39 10.2786 89.8316
547 10.2788 89.8259
236 10.279 89.8204
693 10.2792 89.8148
399 10.2794 89.809
719 10.2796 89.8036
31 10.2798 89.7978
815 10.28 89.7925
203 10.2802 89.787
401 10.2804 89.7816
153 10.2806 89.7761
106 10.2808 89.7708
678 10.281 89.7651
585 10.2812 89.7595
213 10.2814 89.7539
436 10.2866 89.6027
546 10.2915 89.4602
982 10.2958 89.3353
115 10.3 89.2133
435 10.3045 89.0853
568 10.3098 88.9292
868 10.3149 88.7814
138 10.3202 88.6275
183 10.3256 88.4707
304 10.3309 88.3178
446 10.3364 88.16
364 10.3415 88.01
405 10.3465 87.8673
827 10.3517 87.7148
969 10.3579 87.5357
759 10.3643 87.3491
905 10.3702 87.1789
554 10.3759 87.0134
711 10.4017 87.0048
973 10.4288 86.9959
933 10.454 86.9876
699 10.4758 86.9804
890 10.4966 86.9736
169 10.5198 86.9659
300 10.5432 86.9582
892 10.568 86.95
830 10.5913 86.9423
247 10.6165 86.934
75 10.6399 86.9263
1 10.6658 86.9177
953 10.6902 86.9097
444 10.7155 86.9014
803 10.7405 86.8931
301 10.7657 86.8848
316 10.791 86.8765
792 10.815 86.8686
736 10.8405 86.8602
95 10.8672 86.8514
469 10.8945 86.8424
718 10.9178 86.8347
495 10.9444 86.8259
108 10.968 86.8181
944 10.9928 86.8099
916 11.0211 86.8006
457 11.0444 86.7929
615 11.0684 86.785
426 11.0935 86.7767
240 11.1204 86.7679
637 11.1469 86.7591
386 11.1749 86.7499
168 11.203 86.7407
346 11.2216 86.7345
447 11.2404 86.7283
90 11.26 86.7218
288 13.1423 86.0998
557 14.46 85.6644
628 15.9152 85.1835
885 19.0314 84.1539
36 21.583 83.3107
17 22.088 83.1198
859 22.7961 82.8521
578 23.4881 82.5905
93 24.1199 82.3517
658 25.2937 81.9079
244 26.3953 81.4915
807 28.7942 80.5846
697 28.7942 80.5846
608 28.7942 80.5846
424 28.7942 80.5846
368 28.7942 80.5846
886 28.7905 80.5443
872 28.7871 80.5061
270 28.7837 80.4696
649 28.7804 80.4335
296 28.777 80.3963
919 28.7736 80.3594
41 28.7702 80.3214
120 28.7669 80.2856
726 28.7292 79.8732
574 28.6974 79.5253
326 28.6702 79.2275
189 28.6453 78.9547
124 28.6184 78.6598
587 28.5894 78.3427
888 28.5732 78.1657
526 28.5563 77.9806
927 28.5396 77.7977
501 28.5234 77.6204
730 28.509 77.4629
604 28.4938 77.2961
878 28.4779 77.1222
571 28.4624 76.9524
724 28.4477 76.7913
226 28.4331 76.6322
840 28.4188 76.4754
806 28.4031 76.3037
141 28.3874 76.1321
950 28.3692 75.9322
275 28.3515 75.7389
789 28.3362 75.5715
954 28.3209 75.4037
223 28.3049 75.2286
662 28.2883 75.0471
431 28.2724 74.8728
252 28.2552 74.6848
550 28.2387 74.5041
333 28.2215 74.3164
266 28.2037 74.1214
946 28.1874 73.9425
487 28.1709 73.7618
600 28.1533 73.5698
16 28.137 73.391
184 28.1203 73.2079
689 28.083 72.7998
361 28.0446 72.38
635 28.0075 71.9738
601 27.9697 71.56
757 27.9395 71.2291
113 27.891 70.6984
79 27.8377 70.1157
537 27.8023 69.7278
524 27.7606 69.2723
99 27.7606 69.2723
645 27.7606 69.2723
454 27.7606 69.2723
912 27.7606 69.2723
34 27.5475 69.3138
21 27.3672 69.3489
137 27.1819 69.385
175 26.997 69.421
971 26.1568 69.5845
591 25.4436 69.7233
957 24.6605 69.8757
359 23.6857 70.0654
81 21.9661 70.4001
349 20.7413 70.6385
739 18.9633 70.9845
162 17.4486 71.2793
88 16.1295 71.536
433 14.91 71.7733
780 14.8083 71.7931
551 14.7042 71.8134
338 14.5968 71.8343
429 14.4936 71.8544
825 14.3865 71.8753
48 14.2731 71.8973
560 14.1665 71.9181
443 14.0626 71.9383
948 13.9516 71.9599
132 13.8528 71.9791
411 13.744 72.0003
846 13.6474 72.0191
97 13.3248 72.0819
119 13.0282 72.1396
517 12.7259 72.1985
325 12.4817 72.246
796 12.2472 72.2916
955 11.9903 72.3416
178 11.7404 72.3903
277 11.7417 72.3829
272 11.7428 72.3759
374 11.7439 72.3695
860 11.745 72.3627
479 11.7462 72.3555
219 11.7474 72.3482
130 11.7486 72.3407
400 11.7497 72.3341
657 11.7508 72.3274
500 11.752 72.3202
728 11.7531 72.3134
321 11.7543 72.3063
207 11.7555 72.2992
339 11.7567 72.2921
556 11.7578 72.2854
298 11.7589 72.2785
224 11.7601 72.2715
991 11.7612 72.2647
570 11.7623 72.258
966 11.9224 71.2848
607 11.966 71.0199
694 12.0097 70.7538
445 12.0556 70.4748
371 12.1034 70.1843
717 12.1483 69.9113
686 12.1925 69.6423
192 12.241 69.347
879 12.2853 69.0778
924 12.3301 68.8055
667 12.3732 68.5433
799 12.4225 68.2438
639 12.4691 67.9604
381 12.5292 67.5946
939 12.6167 67.0622
734 12.6836 66.697
14 12.751 66.3288
665 12.822 65.9412
427 12.8993 65.5187
347 12.987 65.0397
77 12.9886 65.0338
703 12.9902 65.0278
482 12.9917 65.0221
503 12.9932 65.0164
784 12.9948 65.0102
970 12.9963 65.0045
329 12.9979 64.9987
772 12.9994 64.9928
376 13.001 64.987
956 13.0026 64.9809
422 13.0026 64.9809
747 13.0026 64.9809
502 13.0026 64.9809
255 13.0026 64.9809
398 13.0026 64.9809
552 13.0026 64.9809
764 13.0026 64.9809
220 13.0026 64.9809
701 13.0026 64.9809
327 13.0026 64.9809
234 12.8075 63.8319
565 12.6434 62.8649
680 12.5055 62.0525
981 12.3311 61.0252
925 12.1655 60.0496
698 12.0261 59.2288
630 11.9253 58.6346
938 11.7895 57.8344
336 11.6718 57.1413
527 11.5562 56.4605
303 11.445 55.8053
157 11.3366 55.1666
760 11.3294 55.1243
166 11.3211 55.0756
114 11.3138 55.0322
154 11.3051 54.9811
589 11.2973 54.9357
531 11.2891 54.8874
122 11.2806 54.837
805 11.273 54.7925
3 11.2658 54.7503
849 11.2567 54.6963
279 11.2487 54.6494
116 11.2399 54.5976
451 11.778 54.1862
505 12.1184 53.9259
616 12.4781 53.6509
758 12.6959 53.4844
897 12.8992 53.3289
214 13.05 53.139
936 13.2319 52.9097
858 13.406 52.6904
131 13.5486 52.5107
708 13.7431 52.2657
373 13.9772 51.9708
57 14.1985 51.692
196 14.42 51.4129
633 14.6699 51.098
218 14.8765 50.8377
542 15.154 50.4881
677 15.4142 50.1602
691 15.6961 49.805
972 15.991 49.4336
391 16.3221 49.0164
423 16.625 48.6347
652 16.9006 48.2875
32 17.2214 47.8833
11 17.4938 47.5402
908 17.6944 47.2874
403 17.9064 47.0203
475 18.1161 46.7561
302 18.3197 46.4996
688 18.3143 46.4857
664 18.2349 46.2787
612 16.9733 44.8056
723 16.5431 44.3033
438 16.0769 43.7588
829 15.4445 43.0205
463 15.3819 43.0006
543 15.3313 42.9845
222 15.1599 42.9301
535 15.0244 42.887
771 14.818 42.8215
341 14.603 42.7532
841 14.4079 42.6913
863 14.2002 42.6253
985 14.0135 42.566
663 13.8374 42.5101
142 13.6509 42.4509
476 13.422 42.3782
384 13.1838 42.3025
87 12.9768 42.2368
10 12.7761 42.1731
123 12.5699 42.1076
990 12.3668 42.0431
46 12.1483 41.9737
328 11.9284 41.9038
47 11.9284 41.9038
489 11.9237 41.7941
909 11.9189 41.6807
100 11.9143 41.5716
352 11.9091 41.4511
78 11.9036 41.3203
212 11.8986 41.2033
731 11.8936 41.0862
228 11.8886 40.9675
496 11.8837 40.852
749 11.8786 40.7329
700 11.8729 40.597
312 11.8679 40.4801
128 11.863 40.364
182 11.8565 40.2115
174 11.8491 40.0376
797 11.8408 39.8423
283 11.8321 39.6393
330 11.8242 39.4526
949 11.8167 39.2759
534 11.8086 39.0851
958 11.7988 38.8553
499 11.7897 38.6428
770 11.717 36.9324
86 11.6249 34.7645
121 11.5739 33.5648
268 11.5318 32.5757
65 11.4955 31.7251
514 11.4532 30.7317
474 11.4121 29.7661
963 11.3819 29.0555
455 11.3548 28.4206
602 11.3312 27.8655
133 11.3135 27.4769
943 11.2942 27.0545
362 11.2739 26.6111
4 11.2592 26.2883
661 11.2429 25.9312
299 11.2286 25.6183
710 11.214 25.297
74 11.1992 24.9742
898 11.1843 24.6473
641 11.1215 23.2702
794 11.0553 21.82
674 10.9122 18.6867
812 10.796 16.1419
572 11.0322 16.3655
646 11.2094 16.5331
412 11.4117 16.7246
588 11.6136 16.9157
673 11.822 17.1129
836 12.0117 17.2924
402 12.0116 17.1847
722 12.0114 17.0609
254 12.1707 17.0438
488 12.3099 17.029
61 12.3606 17.0235
366 12.4289 17.0162
348 12.4914 17.0095
211 12.5534 17.0029
682 12.6117 16.9967
881 12.6719 16.9902
187 12.7273 16.9843
629 12.8493 16.9712
8 12.9703 16.9583
331 13.0684 16.9478
741 13.1814 16.9357
258 13.2868 16.9244
354 21.7665 16.0171
915 22.843 15.9018
899 23.7863 15.8009
824 24.9649 15.6747
246 25.9542 15.5688
902 26.9015 15.4674
702 28.1276 15.3362
337 29.7451 15.1631
307 30.632 15.0681
310 31.878 14.9348
653 32.9391 14.8212
643 33.0052 14.8141
822 33.0862 14.8055
573 33.1665 14.7969
669 33.239 14.7891
439 33.3128 14.7812
407 33.4019 14.7717
111 33.4838 14.7629
363 33.5625 14.7545
26 33.6438 14.7458
709 33.7207 14.7376
704 33.8071 14.7283
287 33.8918 14.7193
626 33.969 14.711
883 34.0519 14.7021
351 34.1307 14.6937
64 34.2106 14.6851
518 34.3004 14.6755
869 34.2457 26.1795
787 34.2354 28.3874
205 34.2249 30.6207
549 34.2249 30.6207
221 34.2249 30.6207
486 34.2249 30.6207
284 34.2249 30.6207
934 35.207 31.8535
289 36.3602 33.3009
467 37.3365 34.9823
844 38.2785 36.6044
197 38.0631 36.7188
917 37.8284 36.8435
38 37.5949 36.9676
480 37.3867 37.0782
790 37.1771 37.1895
853 36.9634 37.303
586 36.7505 37.4161
194 36.5344 37.5309
834 36.3121 37.649
379 36.0869 37.7686
529 35.8538 37.8924
151 35.6232 38.0149
278 35.3931 38.1371
191 35.1695 38.2559
49 34.9411 38.3772
257 34.7284 38.4902
413 34.5059 38.6084
913 34.3007 38.7174
748 34.1896 38.7764
692 34.0822 38.8334
619 33.963 38.8967
783 33.85 38.9567
7 33.7369 39.0168
269 33.6219 39.0778
356 33.6219 39.0779
397 33.6218 39.0779
388 33.6217 39.0779
679 33.6217 39.078
687 33.6216 39.078
180 33.6216 39.078
414 31.559 40.1652
148 29.6741 41.1587
125 29.6447 41.1742
37 29.9007 42.2079
811 30.1412 43.179
706 30.409 44.2607
545 30.684 45.3709
862 30.8492 46.0382
525 31.0289 46.764
655 31.2104 47.4972
603 31.5006 48.669
756 31.764 49.7329
510 31.9877 50.6364
324 32.1967 51.4802
733 32.4146 52.3603
233 32.4461 52.3561
705 32.4786 52.3517
729 32.5091 52.3477
507 32.5406 52.3434
901 32.5734 52.3391
599 32.6077 52.3345
778 33.8957 52.1629
461 35.1438 51.9967
989 36.1664 51.8605
508 37.0712 51.74
498 38.3002 51.5763
472 38.7334 51.5186
452 39.1049 51.4692
342 39.4723 51.4202
843 39.8427 51.3709
512 40.1703 51.3273
69 40.5147 51.2814
848 40.8075 51.2424
522 41.0757 51.2067
876 41.3431 51.1711
891 41.6351 51.1322
127 41.9835 51.0858
101 42.3303 51.0396
566 42.6332 50.9993
262 42.9957 50.951
875 43.2671 50.9149
716 43.2416 50.945
906 43.2051 50.988
155 43.0653 51.1529
945 42.9383 51.3027
276 42.8177 51.4449
519 42.6875 51.5985
267 40.4391 54.2505
210 40.1585 54.5815
89 39.8552 54.9392
147 39.5763 55.2682
291 39.2861 55.6104
576 39.0246 55.9189
30 38.755 56.2369
459 38.4904 56.5491
732 38.2453 56.8381
493 37.9867 57.1432
809 37.7535 57.4182
765 37.5164 57.6978
471 37.2914 57.9633
922 37.0513 58.2464
929 36.8054 58.5365
237 36.5788 58.8037
621 36.3389 59.0868
735 36.0389 59.4406
596 36.0389 59.4406
382 36.0389 59.4406
370 36.0389 59.4406
903 36.0389 59.4406
788 36.0389 59.4406
225 36.0389 59.4406
390 36.0389 59.4406
910 36.0389 59.4406
163 36.0389 59.4406
104 36.0389 59.4406
839 36.0389 59.4406
720 36.0389 59.4406
59 36.0389 59.4406
308 36.0389 59.4406
965 36.0389 59.4406
404 36.8073 60.0044
640 37.3172 60.3785
264 37.9284 60.8271
410 38.4997 61.2463
597 39.0157 61.6249
523 39.527 62.0002
134 39.9968 62.3449
779 40.3952 62.6372
80 40.7769 62.9174
715 41.1328 63.1785
683 41.4917 63.4418
171 41.8562 63.7093
484 42.2231 63.9785
281 42.5485 64.2173
540 42.9126 64.4845
235 43.2438 64.7276
533 43.5284 64.9364
804 43.8473 65.1704
365 44.166 65.4043
56 44.507 65.6545
577 44.8565 65.911
54 45.5478 67.0524
208 46.5029 68.6295
800 47.0539 69.5394
798 47.3026 69.9501
216 47.6293 70.4895
440 47.9917 71.088
769 48.0087 71.1499
676 48.0235 71.2037
582 48.0398 71.2629
632 48.0552 71.3191
513 48.0704 71.3743
563 48.0854 71.4287
857 48.1014 71.4872
468 48.1166 71.5423
855 48.1325 71.6003
558 48.148 71.6568
894 48.1645 71.7168
248 48.1812 71.7775
802 48.197 71.835
755 48.213 71.8932
453 48.2275 71.9461
782 48.244 72.0061
144 48.2593 72.0618
94 48.2752 72.1195
826 48.2917 72.1798
193 48.307 72.2355
976 48.3217 72.2889
350 48.3372 72.3451
215 48.3534 72.4042
315 49.4922 72.5254
895 50.2396 72.605
126 50.9986 72.6858
743 51.7664 72.7676
369 52.6331 72.8599
335 53.2481 72.9254
140 53.821 72.9864
395 54.4557 73.0539
109 54.8065 73.0913
832 55.1827 73.1314
605 55.5391 73.1693
460 55.9022 73.208
801 56.2557 73.2456
727 56.597 73.282
987 56.879 73.312
921 57.157 73.3416
671 57.4839 73.3765
575 57.8004 73.4102
91 58.103 73.4424
290 58.4768 73.4822
837 58.7773 73.5142
986 58.7773 73.5142
67 58.7773 73.5142
617 58.7773 73.5142
847 58.7773 73.5142
509 58.7773 73.5142
762 58.7773 73.5142
861 58.7773 73.5142
650 62.9901 71.6686
937 64.7583 70.8941
818 66.3655 70.19
110 66.496 69.9519
579 66.6097 69.7446
975 66.7252 69.534
385 66.8355 69.3329
900 66.7942 69.2464
383 66.7536 69.1612
173 66.7092 69.068
201 66.6641 68.9733
481 66.6228 68.8867
293 65.8878 67.3466
432 65.5862 66.7143
793 63.8631 63.105
282 63.8631 63.105
238 63.8631 63.105
668 63.8631 63.105
396 63.8631 63.105
810 63.8631 63.105
907 63.8631 63.105
867 63.8631 63.105
152 63.8631 63.105
340 63.8631 63.105
515 63.8631 63.105
84 63.8631 63.105
393 63.8631 63.105
112 63.8631 63.105
161 63.61 62.5428
964 63.414 62.1078
968 63.2165 61.6692
35 63.0188 61.2302
656 62.8394 60.8318
625 62.6282 60.3628
286 62.433 59.9295
68 62.2557 59.5358
595 62.0582 59.0972
478 61.8504 58.6356
647 61.6409 58.1705
791 61.4203 57.6807
942 61.2205 57.237
767 61.0077 56.7644
538 60.7829 56.2653
923 60.5472 55.742
485 60.4291 55.4796
850 60.3084 55.2118
594 58.9743 52.2467
623 58.4858 51.1616
492 58.0076 50.0995
186 57.5705 49.1288
85 57.0951 48.0728
188 56.5251 46.8066
606 55.6974 44.9674
19 54.7635 42.8918
314 54.1285 41.4812
821 53.3231 39.6914
930 53.3231 39.6914
357 53.3231 39.6914
45 53.3231 39.6914
43 53.3231 39.6914
644 53.3231 39.6914
870 53.159 39.4063
634 53.0062 39.1409
675 52.86 38.887
358 52.6784 38.5716
377 52.4941 38.2515
458 52.3113 37.934
217 52.1377 37.6324
935 51.9242 37.2616
555 51.7326 36.9288
63 51.5581 36.6258
681 51.3576 36.2775
66 51.1689 35.9497
978 50.9785 35.6191
421 50.7172 35.1652
27 50.4842 34.7605
785 50.2384 34.3335
55 50.003 33.9246
865 49.7737 33.5265
355 49.5615 33.1578
751 49.3278 32.7519
250 49.0824 32.3257
261 48.8356 31.8971
209 48.8064 31.8463
164 48.7758 31.7933
781 48.7474 31.7439
873 48.7068 31.6733
419 48.6679 31.6058
160 48.6301 31.5402
831 52.2684 28.2086
6 54.1814 26.4566
828 55.7903 24.9829
959 58.6308 22.3815
598 60.9481 20.2591
24 62.6478 18.7023
504 64.2682 17.2181
103 65.9062 15.7178
777 66.7399 15.9712
721 67.6749 16.2554
581 68.4816 16.5005
176 69.3619 16.7681
819 70.3715 17.0749
295 72.7421 17.7953
