0,260,979,483,243,627,345,520,590,98,198,835,951,195,242,497,920,592,107,884,136,170,33,425,670,29,745,274,466,70,644,143,656,838,334,553,932,967,117,583,387,850,675,323,232,609,634,870,828,66,314,978,751,197,844,55,594,27,831,45,606,821,43,69,377,785,357,355,458,623,930,358,842,492,396,926,793,767,188,217,161,843,791,621,85,293,485,67,340,964,84,582,605,519,35,468,558,9,538,810,393,173,282,515,102,577,907,420,190,668,595,286,942,385,900,201,852,904,654,579,962,290,941,208,625,152,647,867,478,68,727,762,650,744,800,51,432,921,937,229,671,440,460,315,395,575,931,987,238,818,71,740,528,684,204,383,110,837,975,506,977,648,473,311,450,372,660,332,25,685,928,725,893,135,820,322,889,465,417,159,775,494,854,353,251,742,864,83,813,983,580,42,823,285,202,158,367,369,317,464,52,620,845,567,177,185,817,911,584,344,952,992,415,297,887,816,481,622,149,318,273,544,145,666,832,801,477,509,378,896,40,280,335,18,118,12,754,690,984,179,453,513,802,109,769,632,847,226,343,563,530,292,392,129,659,408,713,156,618,259,642,774,313,856,636,737,245,861,851,140,746,319,320,882,624,532,980,434,62,239,511,181,230,172,961,516,23,165,536,866,305,874,5,416,541,375,139,539,105,72,53,738,449,559,389,569,146,470,808,256,877,206,763,548,610,766,974,193,814,840,437,241,649,448,2,96,231,561,895,248,406,724,880,986,225,126,484,947,82,826,676,350,940,894,715,564,540,365,857,617,235,807,144,782,94,976,562,112,855,91,779,765,471,645,370,929,137,912,30,922,533,576,56,163,54,798,732,683,968,80,913,839,104,957,291,59,308,171,134,537,720,789,382,501,846,459,175,950,16,404,252,270,910,571,359,872,21,591,267,223,578,168,888,113,552,788,493,778,640,756,903,510,735,507,981,390,901,809,603,147,403,677,565,972,545,797,508,269,633,438,771,733,391,174,79,956,324,858,131,698,422,705,336,57,142,749,463,222,154,489,841,587,729,275,924,97,897,630,329,233,524,132,703,805,451,352,327,965,658,701,726,119,574,398,411,333,361,81,772,927,220,946,550,479,219,130,502,739,266,601,34,296,469,878,599,326,600,526,825,349,971,560,244,443,454,431,124,604,635,596,523,662,919,755,294,761,806,60,614,189,689,215,394,141,638,167,608,265,306,714,768,611,613,521,441,20,960,707,271,92,150,309,773,22,28,885,631,786,752,253,776,15,973,368,462,456,753,227,430,409,428,672,76,933,50,120,491,58,44,918,833,795,490,697,487,418,593,386,696,36,73,712,99,41,815,916,730,288,429,339,184,886,954,183,859,360,757,651,200,380,750,803,442,364,405,13,827,905,914,868,399,325,424,568,736,316,871,93,699,792,495,557,426,695,213,108,546,615,169,203,300,693,759,304,401,447,678,444,585,953,39,988,236,249,17,718,115,711,435,199,138,719,991,153,628,247,301,263,95,969,1,446,106,570,31,503,500,551,657,780,955,796,48,240,90,556,436,830,944,433,547,892,982,554,637,14,374,88,457,207,75,665,860,321,639,445,178,890,298,607,728,346,400,694,939,966,255,77,224,948,114,196,691,482,192,970,680,347,747,272,427,517,667,277,849,527,376,162,799,760,3,381,879,717,734,371,338,686,218,708,116,166,925,531,784,122,214,128,341,764,303,589,279,373,234,534,157,616,863,499,228,47,652,78,936,770,542,423,100,758,384,909,496,949,505,32,133,663,182,330,731,123,700,283,212,46,312,10,87,476,958,514,331,74,455,898,328,86,121,829,710,4,641,899,602,65,794,702,915,348,902,643,254,354,824,474,588,402,362,412,572,673,661,258,439,674,741,682,722,187,61,299,963,812,488,211,8,881,629,646,366,943,307,278,246,664,985,268,836,125,148,990,284,822,64,787,379,687,543,205,679,388,783,37,709,467,221,257,414,151,356,692,486,38,834,811,706,475,529,869,302,549,612,11,723,688,413,908,938,655,748,525,535,89,397,281,155,619,452,194,989,522,891,743,264,410,597,216,923,186,63,49,512,804,876,19,716,790,472,237,461,862,262,101,875,498,127,7,917,906,945,210,342,566,848,180,276,421,934,191,480,250,853,111,26,586,209,310,873,160,626,363,704,337,883,287,407,351,518,653,573,669,419,289,261,164,681,959,781,865,6,935,777,555,819,598,581,295,504,176,721,24,103,
value : 561.975 running time : 30.100560
0 80 20
260 85.9573 17.654
979 86.144 17.6551
483 86.3387 17.6563
243 86.4638 18.9463
627 86.7255 21.6472
345 87.0814 25.3222
520 87.613 30.8175
590 87.9769 34.5741
98 88.3342 38.2619
198 88.9035 44.152
835 88.9707 44.8448
951 89.0447 45.6081
195 89.1128 46.3096
242 89.1856 47.0604
497 89.2397 47.6189
920 88.3739 47.1287
592 87.6329 46.709
107 87.2064 46.4674
884 86.741 46.2039
136 86.2534 45.9277
170 85.7595 45.648
33 85.0596 45.2516
425 83.9065 45.5744
670 82.332 46.0155
29 80.8521 46.4305
745 79.4502 46.8236
274 78.1104 47.1994
466 76.7897 47.5697
70 75.5051 47.9299
644 75.1161 48.0391
143 75.1161 48.0391
656 75.1161 48.0391
838 75.1161 48.0391
334 75.1161 48.0391
553 74.6324 47.7482
932 74.1487 47.4573
967 73.6439 47.1538
117 73.1114 46.8336
583 72.6561 46.5598
387 72.1732 46.2693
850 71.0627 45.6018
675 69.5851 44.7138
323 68.3412 43.9661
232 67.1188 43.2312
609 65.8345 42.4592
634 64.2828 41.5268
870 62.9647 40.7346
828 62.359 40.3704
66 61.8057 40.0377
314 61.3996 39.7934
978 60.9846 39.5439
751 60.568 39.2934
197 60.2049 39.075
844 60.2049 39.075
55 60.2049 39.075
594 60.2049 39.075
27 60.2049 39.075
831 60.2049 39.075
45 59.9716 39.2964
606 59.7369 39.519
821 59.4939 39.7496
43 59.2619 39.9697
69 59.0233 40.1961
377 59.0233 40.1961
785 59.0233 40.1961
357 58.9219 41.034
355 58.825 41.8347
458 58.7163 42.733
623 58.5958 43.7288
930 58.4935 44.5742
358 58.3801 45.5104
842 58.2312 46.742
492 58.09 47.9084
396 57.9589 48.9923
926 57.843 49.9499
793 57.7218 50.9513
767 57.6202 51.7908
188 57.5316 52.5225
217 57.4468 53.2228
161 57.3151 54.3116
843 57.2143 55.1437
791 57.0914 56.1598
621 56.9875 57.018
85 57.0794 57.8415
293 57.1836 58.7752
485 57.2889 59.7187
67 57.4138 60.8371
340 57.4929 61.5464
964 57.5504 62.0611
84 57.6103 62.5977
582 57.6733 63.1622
605 57.6733 63.1622
519 57.6733 63.1622
35 57.6733 63.1622
468 57.6733 63.1622
558 57.6733 63.1622
9 58.3095 63.5456
538 58.8606 63.8779
810 59.4133 64.2112
393 59.9522 64.5362
173 60.5039 64.8689
282 61.0766 65.2143
515 61.6693 65.5717
102 62.2715 65.9348
577 62.3129 65.9603
907 62.4437 66.0412
420 62.5751 66.1223
190 62.698 66.1982
668 62.8261 66.2774
595 62.9524 66.3554
286 63.0735 66.4302
942 64.7172 67.4451
385 66.8647 68.7703
900 66.8647 68.7703
201 66.8647 68.7703
852 66.8646 68.7703
904 66.8646 68.7703
654 66.8646 68.7703
579 66.8646 68.7704
962 66.8646 68.7704
290 66.8646 68.7704
941 66.8646 68.7704
208 64.8795 69.6994
625 63.1011 70.5318
152 63.028 70.6075
647 62.9446 70.6939
867 62.8626 70.7789
478 62.78 70.8644
68 62.6912 70.9564
727 62.5995 71.0515
762 62.5096 71.1446
650 62.4256 71.2317
744 62.3261 71.3348
800 62.226 71.4385
51 62.1394 71.5283
432 62.0409 71.6303
921 61.9489 71.7256
937 62.9234 71.777
229 62.9234 71.777
671 62.9234 71.777
440 62.9234 71.777
460 62.9234 71.777
315 62.9234 71.777
395 62.9234 71.777
575 62.9234 71.777
931 63.9963 71.6568
987 65.9592 71.4367
238 68.3935 71.1638
818 72.085 70.7492
71 75.0345 70.4184
740 78.489 70.0301
528 78.9381 69.9798
684 79.3647 69.932
204 79.6579 69.8992
383 79.9303 69.8687
110 80.2043 69.8381
837 80.4981 69.8052
975 80.8602 69.7646
506 81.2533 69.7206
977 81.5752 70.4922
648 83.7615 75.7359
473 85.1228 79
311 85.413 79.6955
450 85.7069 80.4001
372 86.0886 81.315
660 85.956 81.489
332 85.8074 81.684
25 84.8905 82.8878
685 83.511 84.6989
928 80.6146 88.5017
725 80.4096 88.5183
893 80.2155 88.5341
135 80.0289 88.5493
820 79.8622 88.5628
322 79.702 88.5758
889 79.5251 88.5901
465 79.0696 88.6271
417 78.7651 88.6518
159 78.4766 88.6753
775 78.1773 88.6996
494 77.9148 88.7209
854 77.6407 88.7431
353 77.3702 88.7651
251 77.11 88.7862
742 76.8794 88.8049
864 76.6401 88.8243
83 76.3951 88.8442
813 76.3947 88.8442
983 76.3944 88.8443
580 74.3433 89.0103
42 72.4111 89.1667
823 70.7402 89.3022
285 69.1488 89.4314
202 67.5914 89.5578
158 66.516 89.6452
367 65.5179 89.7262
369 65.0891 89.7611
317 64.7718 89.787
464 64.4554 89.8127
52 64.1406 89.8384
620 63.823 89.8642
845 63.5014 89.8904
567 63.167 89.9176
177 62.8346 89.9447
185 62.5029 89.9717
817 62.1765 89.9983
911 61.8391 90.0257
584 61.5191 90.0518
344 61.2047 90.0774
952 61.1849 90.0039
992 61.1662 89.9347
415 61.1456 89.8581
297 61.1273 89.7905
887 61.1096 89.7247
816 61.092 89.6595
481 61.0742 89.5936
622 61.0742 89.5936
149 61.0742 89.5936
318 61.0742 89.5936
273 61.0742 89.5936
544 61.0742 89.5936
145 61.0742 89.5936
666 61.0742 89.5936
832 58.3078 86.715
801 57.7058 86.0885
477 57.1518 85.512
509 56.398 84.7276
378 56.2898 84.615
896 56.1832 84.5041
40 55.9789 84.2916
280 55.7713 84.0755
335 55.5791 83.8755
18 55.3972 83.6862
118 55.2106 83.492
12 55.0059 83.2791
754 54.8083 83.0735
690 54.6041 82.861
984 54.388 82.6361
179 52.752 80.9338
453 51.0067 79.1178
513 51.0067 79.1178
802 51.0067 79.1178
109 51.0067 79.1178
769 51.0067 79.1178
632 51.0067 79.1178
847 51.0067 79.1178
226 47.0903 81.6722
343 47.1348 82.9564
563 47.1696 83.9574
530 47.2105 85.138
292 47.2529 86.3593
392 47.3274 88.5098
129 47.3938 88.6869
659 47.4608 88.8653
408 47.5334 89.0587
713 47.6031 89.2444
156 47.6698 89.4223
618 47.7332 89.5911
259 47.7935 89.7518
642 47.8536 89.9121
774 47.9242 90.1001
313 47.9911 90.2783
856 48.0563 90.4521
636 47.9856 90.4425
737 47.9257 90.4343
245 47.8546 90.4246
861 47.787 90.4153
851 47.7226 90.4065
140 47.6539 90.3971
746 47.5885 90.3882
319 47.5189 90.3786
320 47.4591 90.3705
882 47.3988 90.3622
624 47.3339 90.3534
532 47.2646 90.3439
980 47.1991 90.3349
434 47.1323 90.3258
62 47.0621 90.3162
239 46.9887 90.3061
511 46.9221 90.297
181 46.8431 90.2862
230 46.7664 90.2757
172 46.7002 90.2667
961 46.6521 90.2601
516 46.5955 90.2524
23 46.5385 90.2446
165 46.1151 90.1867
536 45.7148 90.1319
866 45.2926 90.0742
305 44.8869 90.0187
874 44.4719 89.962
5 44.0586 89.9055
416 43.6224 89.8459
541 43.2271 89.7918
375 42.6696 89.7156
139 42.0828 89.6354
539 41.8257 89.6002
105 41.566 89.5647
72 41.2477 89.5212
53 40.9626 89.4822
738 40.6773 89.4432
449 40.4072 89.4063
559 40.1333 89.3688
389 39.8249 89.3266
569 39.5021 89.2825
146 39.1785 89.2383
470 38.8621 89.195
808 38.5582 89.1534
256 38.2891 89.1166
877 38.0263 89.0807
206 37.7689 89.0455
763 37.4936 89.0079
548 37.1679 88.9633
610 36.8493 88.9198
766 36.9692 88.6869
974 37.1101 88.4132
193 37.3626 87.9227
814 37.5428 87.5727
840 37.7278 87.2134
437 37.8952 86.8883
241 38.0648 86.5588
649 38.231 86.236
448 38.3798 85.9469
2 38.5955 85.5279
96 38.8014 85.1279
231 39.2207 84.3136
561 39.7761 83.2349
895 40.3042 82.2093
248 40.6366 81.5635
406 40.9417 80.9709
724 41.244 80.3837
880 41.5162 79.855
986 41.5162 79.855
225 41.5163 79.855
126 41.5163 79.855
484 41.5163 79.855
947 41.5163 79.855
82 41.9945 78.4178
826 42.4963 76.9097
676 42.9387 75.5799
350 42.9972 75.4043
940 43.0582 75.2214
894 43.1202 75.035
715 43.181 74.8526
564 43.2402 74.6748
540 43.3018 74.49
365 43.3655 74.2987
857 43.4251 74.12
617 43.4839 73.9436
235 43.5187 73.839
807 43.5509 73.7423
144 43.5874 73.633
782 43.6242 73.5225
94 43.6602 73.4143
976 43.6939 73.3132
562 43.7316 73.2
112 43.7752 73.069
855 43.2957 72.2182
91 42.8061 71.3496
779 42.2602 70.3806
765 41.7288 69.4372
471 41.2276 68.548
645 40.8896 67.9485
370 40.6075 67.4483
929 40.5778 67.3955
137 40.5588 67.3619
912 40.5399 67.3284
30 40.5213 67.2954
922 40.5028 67.2626
533 40.5028 67.2626
576 40.5028 67.2626
56 40.5028 67.2626
163 40.5028 67.2626
54 40.5028 67.2626
798 40.5028 67.2626
732 40.5028 67.2626
683 40.5028 67.2626
968 40.5028 67.2626
80 36.0829 62.9731
913 33.2192 60.1942
839 33.2008 60.7674
104 33.1821 61.3504
957 33.1638 61.9197
291 33.1448 62.5125
59 33.1268 63.0758
308 33.1055 63.7387
171 33.0846 64.3903
134 33.0652 64.9939
537 31.8411 65.8339
720 31.5715 66.0188
789 31.3114 66.1971
382 31.0783 66.357
501 30.8423 66.5188
846 30.603 66.6829
459 30.3938 66.8263
175 30.1104 67.0206
950 29.7906 67.24
16 29.5364 67.4143
404 29.3649 67.5319
252 29.1753 67.6619
270 28.9883 67.7901
910 28.8082 67.9136
571 28.6083 68.0507
359 28.4137 68.1841
872 28.2115 68.3228
21 28.0204 68.4539
591 27.8256 68.5875
267 27.6333 68.7193
223 27.3973 68.8812
578 27.1733 69.0348
168 27.1733 69.0348
888 27.0531 68.2392
113 26.9256 67.3951
552 26.6114 65.3115
788 26.2951 63.2137
493 25.9799 61.1236
778 25.6769 59.1143
640 25.6769 59.1143
756 25.6769 59.1143
903 25.6769 59.1143
510 25.6769 59.1143
735 25.6769 59.1143
507 25.6769 59.1143
981 25.6769 59.1143
390 25.6769 59.1143
901 25.6769 59.1143
809 25.6769 59.1143
603 25.1216 58.4833
147 24.5708 57.8572
403 23.9625 57.1659
677 23.5986 56.7523
565 23.4499 56.5832
972 23.3054 56.4189
545 23.1706 56.2656
797 23.0281 56.1035
508 22.8991 55.9569
269 22.6469 55.8022
633 22.3697 55.6322
438 22.095 55.4637
771 21.7023 55.439
733 21.3661 55.418
391 20.9956 55.3947
174 20.6201 55.3712
79 20.2901 55.3505
956 19.9192 55.3272
324 19.5528 55.3042
858 19.1591 55.2795
131 18.7696 55.2551
698 18.4561 55.2354
422 18.1426 55.2158
705 17.8213 55.1956
336 17.4547 55.1726
57 17.0947 55.15
142 16.8396 55.134
749 16.5347 55.1149
463 16.5862 55.2609
222 16.6431 55.4223
154 16.7043 55.5956
489 16.7676 55.7751
841 17.0079 56.4562
587 17.7951 58.6887
729 17.8558 58.8609
275 17.9163 59.0323
924 17.9695 59.1831
97 18.0184 59.3217
897 18.0621 59.4455
630 18.1067 59.5719
329 18.1499 59.6944
233 18.1924 59.8147
524 18.2347 59.9346
132 18.2755 60.0502
703 18.3115 60.1524
805 18.3478 60.2552
451 18.4375 60.5095
352 18.5172 60.7353
327 19.162 62.5639
965 19.6235 63.8725
658 20.0129 64.9764
701 20.1352 65.3229
726 20.2525 65.6553
119 20.3532 65.9408
574 20.4585 66.2393
398 20.5496 66.4974
411 20.644 66.7651
333 20.7462 67.0547
361 20.7631 67.1024
81 20.7792 67.1481
772 20.7974 67.1997
927 20.8193 67.2617
220 20.8399 67.3202
946 20.8597 67.3763
550 20.8781 67.4285
479 20.8781 67.4285
219 20.8781 67.4285
130 21.2591 67.9383
502 21.6545 68.4675
739 22.0716 69.0257
266 22.5495 69.6653
601 23.0166 70.2903
34 23.5029 70.9411
296 24.61 72.4236
469 25.1939 73.205
878 25.1939 73.205
599 25.1939 73.205
326 25.1939 73.205
600 25.1939 73.205
526 25.1939 73.205
825 25.1939 73.205
349 25.1939 73.205
971 25.1939 73.205
560 25.1939 73.205
244 25.2666 73.2364
443 26.0049 73.5549
454 26.8265 73.9094
431 27.5534 74.2229
124 28.5571 74.656
604 29.4312 75.0331
635 30.3275 75.4197
596 31.6481 75.9895
523 32.8013 76.487
662 32.9804 77.3912
919 33.1612 78.3036
755 33.3232 79.1208
294 32.6881 81.9569
761 32.259 83.8713
806 32.2044 84.1152
60 32.1488 84.364
614 32.0916 84.6196
189 32.0308 84.8914
689 31.9688 85.1684
215 31.8986 85.4822
394 31.8248 85.8121
141 31.7524 86.1357
638 31.6795 86.4616
167 31.606 86.7903
608 31.5294 87.1327
265 30.9092 89.9007
306 29.8745 89.7838
714 28.5029 89.6288
768 28.5029 89.6288
611 28.5029 89.6288
613 28.5029 89.6288
521 28.5029 89.6288
441 28.5029 89.6288
20 28.5029 89.6288
960 28.5029 89.6288
707 28.5029 89.6288
271 28.5029 89.6288
92 28.5029 89.6288
150 28.5029 89.6288
309 28.5029 89.6288
773 28.5007 89.6282
22 28.4988 89.6276
28 28.4965 89.627
885 28.4943 89.6263
631 28.4924 89.6257
786 28.4904 89.6252
752 28.4885 89.6246
253 26.9633 89.1776
776 24.9716 88.594
15 24.577 88.4784
973 24.3265 88.4051
368 24.3265 88.4051
462 24.3265 88.4051
456 24.3265 88.4051
753 24.3265 88.4051
227 24.3265 88.4051
430 24.2755 88.3224
409 24.2174 88.2282
428 24.1543 88.1259
672 24.0954 88.0303
76 24.0342 87.9312
933 23.9772 87.8386
50 23.9188 87.744
120 23.867 87.66
491 23.8111 87.5693
58 23.7192 87.4203
44 23.6371 87.2872
918 23.5525 87.15
833 23.4638 87.0062
795 23.3781 86.8671
490 23.2787 86.706
697 23.1808 86.5472
487 23.0919 86.4029
418 23.0196 86.2857
593 22.9472 86.1683
386 22.7641 85.8715
696 22.6108 85.6229
36 22.4461 85.3557
73 22.2538 85.0439
712 22.031 84.6826
99 21.7934 84.2974
41 21.6604 84.0817
815 21.5216 83.8566
916 21.5255 83.6846
730 21.5297 83.5007
288 20.7875 83.6737
429 20.0422 83.8475
339 19.7491 84.0025
184 19.455 84.1581
886 19.1584 84.315
954 18.8582 84.4738
183 18.0006 84.9277
859 17.0971 85.4059
360 16.119 85.9235
757 15.1138 86.4555
651 13.8894 87.104
200 13.2772 87.4284
380 12.1009 88.0511
750 12.1009 88.0511
803 12.1009 88.0511
442 12.1009 88.0511
364 12.1009 88.0511
405 12.1009 88.0511
13 12.1009 88.0511
827 12.1009 88.0511
905 12.1009 88.0511
914 12.1009 88.0511
868 12.1009 88.0511
399 12.1009 88.0511
325 12.1009 88.0511
424 12.1009 88.0511
568 12.1009 88.0511
736 12.1009 88.0511
316 12.1009 88.0511
871 12.1009 88.0511
93 11.7819 88.1345
699 11.4401 88.2238
792 11.097 88.3135
495 10.7889 88.3941
557 10.45 88.4827
426 10.1095 88.5717
695 9.79867 88.6529
213 9.39701 88.7579
108 9.38292 88.7616
546 9.36854 88.7653
615 9.35343 88.7693
169 9.33779 88.7734
203 9.32238 88.7774
300 9.30576 88.7817
693 9.29059 88.7857
759 9.27532 88.7897
304 9.25969 88.7938
401 9.24363 88.798
447 9.22809 88.802
678 9.21234 88.8062
444 9.19745 88.8101
585 9.181 88.8144
953 9.16608 88.8183
39 9.15092 88.8222
988 9.13624 88.8261
236 9.13891 88.7354
249 9.1417 88.6406
17 9.14408 88.5598
718 9.14649 88.4777
115 9.1488 88.3991
711 9.15115 88.3192
435 9.15366 88.234
199 9.16314 87.9116
138 9.17261 87.5897
719 9.18282 87.2425
991 9.1929 86.9
153 9.19936 86.6802
628 9.20623 86.4468
247 9.213 86.2166
301 9.2199 85.9817
263 9.227 85.7404
95 9.23425 85.494
969 9.24114 85.2598
1 9.24871 85.0023
446 9.25634 84.7431
106 9.26397 84.4834
570 9.28037 83.9261
31 9.29555 83.4099
503 9.31073 82.8938
500 9.32015 82.5736
551 9.32806 82.3047
657 9.33588 82.0387
780 9.34292 81.7993
955 9.35003 81.5578
796 9.35748 81.3044
48 9.36414 81.0777
240 9.37099 80.845
90 9.37798 80.6074
556 9.38514 80.3638
436 9.39187 80.1351
830 9.39877 79.9004
944 9.40562 79.6674
433 9.41262 79.4294
547 9.41922 79.2049
892 9.42718 78.9343
982 9.43516 78.6632
554 9.44429 78.3528
637 9.45314 78.0517
14 9.46726 77.5717
374 9.4773 77.2305
88 9.48736 76.8884
457 9.49836 76.5144
207 9.50929 76.1426
75 9.51949 75.7956
665 9.53121 75.3972
860 9.54163 75.0431
321 9.55219 74.6839
639 9.56329 74.3065
445 9.57429 73.9324
178 9.58446 73.5866
890 9.59667 73.1714
298 9.61012 72.7143
607 9.62368 72.2531
728 9.63636 71.8221
346 9.65082 71.3303
400 9.66601 70.8139
694 9.68122 70.2968
939 9.69693 69.7624
966 9.71029 69.3084
255 9.7237 68.8521
77 9.73666 68.4115
224 9.74897 67.993
948 9.76632 67.403
114 9.78482 66.774
196 9.80267 66.1673
691 9.81839 65.6325
482 9.82591 65.3771
192 9.83384 65.1075
970 9.84169 64.8405
680 9.84964 64.5703
347 9.8577 64.2962
747 9.86567 64.0251
272 9.8732 63.7689
427 9.88074 63.5126
517 9.88915 63.2268
667 9.89794 62.9278
277 9.91197 62.4509
849 9.92771 61.9158
527 9.92977 61.8457
376 9.93139 61.7907
162 9.93305 61.7342
799 9.93487 61.6721
760 9.9369 61.6032
3 9.93876 61.5399
381 9.94058 61.478
879 9.94331 61.3851
717 9.94606 61.2913
734 9.94889 61.195
371 9.95173 61.0984
338 9.95459 61.001
686 9.95772 60.8946
218 10.0091 59.1455
708 10.0539 57.6189
116 10.0933 56.277
166 10.1015 55.9991
925 10.1094 55.727
531 10.1177 55.4451
784 10.1266 55.1426
122 10.1368 54.7959
214 10.147 54.4485
128 10.1574 54.0925
341 10.1642 53.8605
764 10.1704 53.6502
303 10.1775 53.4098
589 10.1843 53.1783
279 10.1919 52.9193
373 10.1995 52.6586
234 10.2064 52.4232
534 10.2433 51.1678
157 10.2796 49.9312
616 10.3134 48.7811
863 10.3431 47.7691
499 10.3684 46.9078
228 10.3782 46.574
47 10.3877 46.2481
652 10.398 45.8974
78 10.4082 45.5519
936 10.4174 45.2381
770 10.4277 44.8867
542 10.4372 44.5614
423 10.4474 44.2148
100 10.4569 43.8917
758 10.4677 43.5251
384 10.4799 43.109
909 10.4911 42.7272
496 10.5029 42.3249
949 10.5155 41.8968
505 10.5286 41.4485
32 10.5446 40.9032
133 10.5598 40.3882
663 10.5662 40.1676
182 10.5731 39.9346
330 10.5837 39.5718
731 10.5939 39.2262
123 10.6043 38.8727
700 10.615 38.505
283 10.6256 38.1446
212 10.636 37.7925
46 10.6467 37.4271
312 10.6575 37.0603
10 10.6692 36.659
87 10.6811 36.2562
476 10.6923 35.875
958 10.7067 35.3822
514 10.7224 34.8497
331 10.7364 34.3709
74 10.7364 34.3709
455 10.7364 34.3709
898 10.7364 34.3709
328 10.7364 34.3709
86 11.1908 33.4734
121 11.7268 32.4146
829 12.0864 31.7043
710 12.3957 31.0933
4 12.7005 30.4915
641 13.0255 29.8496
899 13.3141 29.2796
602 13.5595 28.7949
65 13.77 28.3792
794 14.0031 27.9188
702 14.6516 26.6375
915 14.7953 26.3539
348 14.9329 26.0822
902 15.0564 25.8384
643 15.1744 25.6052
254 15.2096 25.5358
354 15.2423 25.4712
824 15.2766 25.4035
474 14.9237 24.5343
588 14.5709 23.6652
402 14.3153 23.0356
362 14.0569 22.399
412 13.8639 21.9238
572 13.7015 21.5237
673 13.5257 21.0906
661 13.346 20.6481
258 13.1524 20.1712
439 12.959 19.6949
674 12.6366 18.9006
741 12.3513 18.1979
682 12.0515 17.4592
722 11.7724 16.7718
187 11.7002 16.5939
61 11.6299 16.4206
299 11.5665 16.2645
963 11.4858 16.0656
812 11.3968 15.8464
488 11.5709 16.1095
211 11.8216 16.4882
8 12.0713 16.8655
881 12.4071 17.3727
629 12.8499 18.0417
646 13.5021 19.0268
366 15.2781 21.7085
943 16.6541 23.7849
307 18.4293 26.4651
278 19.6047 28.2402
246 19.6047 28.2402
664 20.7523 31.2082
985 20.788 31.3006
268 20.8239 31.3935
836 20.8609 31.4892
125 20.8995 31.589
148 20.9359 31.6833
990 20.9359 31.6833
284 23.5774 31.7921
822 25.3942 31.8669
64 25.3942 31.8669
787 26.533 32.7184
379 27.6525 33.5555
687 28.7732 34.3934
543 29.9286 35.2571
205 29.9286 35.2571
679 29.9287 35.2571
388 29.9287 35.2571
783 29.9287 35.2571
37 29.9287 35.2571
709 29.9287 35.2571
467 29.9287 35.2571
221 29.9703 36.0391
257 30.0125 36.8299
414 30.063 37.779
151 30.1126 38.7097
356 30.1578 39.5583
692 30.1605 39.608
486 30.1629 39.6542
38 30.1659 39.7098
834 30.1684 39.7576
811 30.1899 40.1606
706 30.2116 40.567
475 30.2319 40.9475
529 30.2503 41.2932
869 30.2706 41.6738
302 30.2953 42.1357
549 30.3158 42.5213
612 30.3416 43.0037
11 30.3759 43.6468
723 30.4099 44.2858
688 30.4453 44.9481
413 30.4742 45.4902
908 30.5025 46.0208
938 30.5298 46.5328
655 31.0075 46.7944
748 31.6822 47.1637
525 32.39 47.551
535 33.1547 47.9696
89 34.0491 48.4591
397 34.9358 48.9444
281 37.0106 50.0795
155 37.6866 50.4495
619 38.3459 50.8103
452 39.1174 51.2326
194 39.8938 51.6575
989 40.6913 52.0941
522 41.6222 52.6035
891 42.6166 53.1478
743 43.9621 53.884
264 43.9585 53.7983
410 43.9549 53.7141
597 43.9512 53.6259
216 43.9476 53.5403
923 43.9282 53.0796
186 43.9088 52.6194
63 43.8882 52.13
49 43.8722 51.75
512 43.8575 51.4026
804 43.8432 51.0621
876 43.7229 48.183
19 43.6056 45.3754
716 43.6056 45.3754
790 43.6056 45.3754
472 43.6056 45.3754
237 43.6056 45.3754
461 43.6056 45.3754
862 43.6056 45.3754
262 43.6056 45.3754
101 43.6056 45.3754
875 43.6056 45.3754
498 43.6056 45.3754
127 43.5192 44.9021
7 43.4192 44.3544
917 43.3316 43.8748
906 43.2457 43.4039
945 43.1607 42.9379
210 43.0684 42.4324
342 42.9519 41.7941
566 42.8226 41.0862
848 42.6891 40.3552
180 42.5453 39.5675
276 42.3254 38.3638
421 42.0077 36.6266
934 41.7022 34.9551
191 41.5108 33.9072
480 41.3229 32.8785
250 41.115 31.7404
853 40.9059 30.5959
111 40.6872 29.3992
26 40.5319 28.5487
586 40.3979 27.8151
209 40.2608 27.0641
310 40.0979 26.1719
873 39.9639 25.4382
160 39.7266 24.1391
626 39.4787 22.7824
363 39.2635 21.6045
704 39.1251 20.8465
337 38.9963 20.1412
883 38.8714 19.4572
287 38.7462 18.7715
407 38.6339 18.1566
351 38.5331 17.6041
518 38.4445 17.1189
653 38.4445 17.1189
573 38.4445 17.1189
669 38.4445 17.1189
419 40.5891 18.6193
289 43.112 20.3857
261 45.3385 21.9445
164 47.6914 23.5917
681 49.8738 25.1196
959 51.1702 26.0273
781 51.1702 26.0273
865 51.1702 26.0273
6 51.1702 26.0273
935 51.1702 26.0273
777 53.8741 24.0812
555 55.4085 22.976
819 56.9939 21.8343
598 58.5177 20.7369
581 59.8286 19.7927
295 61.0432 18.9179
504 62.2139 18.0747
176 63.3315 17.2697
721 64.3453 16.5396
24 64.8153 16.2009
103 65.3232 15.8351
