0,721,777,504,295,581,598,103,176,819,24,681,959,781,197,66,419,828,6,164,831,785,865,821,555,875,844,358,870,19,45,906,716,594,377,27,289,209,751,55,873,250,634,355,935,843,945,69,606,978,63,458,276,143,644,186,810,217,43,930,357,675,314,842,485,35,743,396,538,188,498,281,492,623,793,293,621,342,519,84,262,286,923,762,968,798,85,173,767,190,656,577,605,791,647,650,595,68,668,161,625,334,579,383,654,975,900,818,509,110,385,290,852,867,837,71,393,727,340,152,51,941,942,238,420,67,907,468,964,515,671,478,987,440,904,962,112,280,582,460,847,432,921,800,208,315,533,471,459,732,94,54,144,101,235,370,523,484,134,779,80,715,683,171,350,225,910,163,976,769,855,513,109,453,216,282,558,676,596,617,632,91,986,540,894,857,597,724,895,189,126,294,193,912,806,789,60,526,662,649,946,16,591,266,730,571,99,971,454,872,124,333,431,600,897,404,965,308,599,113,726,720,601,226,878,757,537,604,270,252,168,635,349,327,130,705,233,733,275,950,927,574,846,382,359,56,645,493,104,34,291,507,957,59,903,510,501,689,365,175,21,79,788,127,410,264,640,804,839,543,147,809,765,390,137,729,30,508,891,38,525,461,790,848,180,876,155,356,472,512,522,413,922,210,237,267,619,545,302,688,989,929,269,603,576,913,756,687,49,89,480,194,566,778,421,452,549,853,257,869,783,403,205,397,633,475,723,908,37,438,535,32,476,160,862,586,692,787,679,414,748,151,706,917,811,664,388,121,7,191,529,486,11,612,829,834,467,702,643,883,254,902,221,709,439,899,822,307,626,824,278,111,915,287,573,261,354,934,310,246,284,379,64,602,669,26,653,704,407,363,351,337,518,722,366,61,682,211,348,488,674,646,673,588,8,331,881,402,741,362,629,812,963,299,187,412,455,65,268,4,86,74,836,258,710,572,898,133,794,661,985,514,474,943,641,797,663,990,283,174,616,700,749,496,228,731,78,328,463,655,87,125,148,312,222,373,863,142,154,499,182,341,212,128,46,771,352,330,841,958,534,949,770,123,10,384,279,849,505,303,157,116,423,527,114,858,936,739,57,981,422,691,166,938,324,391,972,677,542,218,652,758,336,909,489,47,100,698,552,565,956,708,970,589,196,451,925,680,524,122,255,214,630,3,805,162,361,339,796,901,550,479,888,587,429,607,517,427,784,97,119,503,411,81,277,272,374,860,219,400,657,500,701,132,398,131,735,948,665,14,747,764,734,376,772,329,531,347,234,482,703,77,939,502,760,966,381,799,667,924,879,192,686,717,371,445,694,338,892,780,639,207,556,991,224,298,220,658,325,551,443,346,433,300,321,905,244,560,955,75,247,169,728,90,699,890,554,759,88,719,830,426,457,316,615,886,988,711,240,637,301,495,718,546,982,914,200,263,213,199,39,547,236,693,399,736,31,815,203,401,153,106,678,444,868,568,304,570,933,436,364,405,827,969,585,803,435,447,178,628,380,386,442,750,973,944,108,469,95,792,953,557,753,48,17,490,487,296,326,93,916,825,184,428,36,695,441,954,96,859,593,418,223,651,115,696,288,462,227,446,1,138,58,183,608,697,871,776,15,44,786,768,470,231,392,548,919,73,885,230,253,2,72,28,960,610,271,424,368,20,120,833,578,638,795,41,808,491,712,13,50,611,430,306,409,761,456,76,249,360,714,521,150,167,631,614,636,239,343,53,559,861,320,713,814,530,763,309,707,561,877,449,773,265,394,416,539,141,241,181,448,146,672,206,569,129,256,139,738,918,562,389,92,974,766,613,752,516,437,292,746,305,564,82,319,22,172,807,215,840,774,105,961,541,5,165,375,532,511,367,313,618,866,156,874,369,801,536,896,245,23,408,755,737,62,434,659,880,248,335,882,406,40,624,980,344,177,9,826,622,940,140,563,642,145,317,931,782,179,851,802,775,947,259,202,984,415,465,832,911,12,18,887,185,297,817,118,845,52,285,690,273,856,229,42,395,952,544,754,620,575,567,584,477,816,464,992,417,742,481,494,251,744,937,378,864,318,83,353,149,820,893,159,813,648,158,823,666,854,135,580,322,725,928,983,450,660,204,740,685,25,332,528,372,473,311,889,201,497,506,884,977,242,136,170,838,198,107,387,684,951,117,609,29,466,232,195,967,592,425,102,926,850,70,274,323,670,745,583,920,932,553,33,590,520,98,835,483,345,243,979,260,627,
value : 446.162 running time : 177.055582
0 80 20
721 74.7346 18.0862
777 71.3236 16.846
504 70.4264 16.5196
295 69.5559 16.2029
581 68.73 15.9024
598 67.9792 15.6292
103 67.2013 15.3462
176 65.5743 17.9944
819 63.7022 21.0411
24 61.9205 23.941
681 60.0579 26.9721
959 59.1552 28.4416
781 58.1604 30.061
197 57.1862 31.6469
66 57.0896 31.8042
419 57.0079 31.9374
828 56.9138 32.0908
6 56.8225 32.2395
164 56.7276 32.3941
831 56.6321 32.5497
785 56.5289 32.7178
865 56.4287 32.8811
821 56.3309 33.0404
555 56.2279 33.2082
875 56.1175 33.3881
844 56.1175 33.3881
358 56.1175 33.3881
870 56.1175 33.3881
19 56.1175 33.3881
45 56.1175 33.3881
906 56.1175 33.3881
716 56.1175 33.3881
594 56.1175 33.3881
377 56.1175 33.3881
27 56.1175 33.3881
289 56.1175 33.3881
209 56.1276 33.8392
751 56.1383 34.3182
55 56.149 34.7987
873 56.1605 35.3135
250 56.1766 36.0304
634 56.1976 36.9636
355 56.218 37.8756
935 56.2393 38.8204
843 56.3003 41.5193
945 56.3286 42.7788
69 56.3413 43.3467
606 56.3535 43.8933
978 56.3659 44.4456
63 56.3784 45.004
458 56.3909 45.5638
276 56.4059 46.2324
143 56.4207 46.8937
644 56.4349 47.5257
186 56.4495 48.1786
810 56.4626 48.7643
217 56.4659 48.9125
43 56.4694 49.0701
930 56.4731 49.2361
357 56.4773 49.4236
675 56.4815 49.6137
314 56.4864 49.8333
842 56.5105 50.9029
485 56.5351 51.9984
35 56.5571 52.9797
743 56.5767 53.8503
396 56.5767 53.8503
538 56.5767 53.8503
188 56.5767 53.8503
498 56.5767 53.8503
281 56.5767 53.8503
492 56.5767 53.8503
623 56.5767 53.8503
793 56.5767 53.8503
293 56.5767 53.8503
621 56.5767 53.8503
342 56.5963 53.8777
519 56.9743 54.4049
84 57.3669 54.9525
262 57.7028 55.4211
286 58.0718 55.9358
923 58.4394 56.4485
762 58.9002 57.0911
968 59.2998 57.6486
798 59.6337 58.1143
85 60.0257 58.661
173 60.454 59.2584
767 60.7395 59.6566
190 61.0243 60.0539
656 61.3133 60.4571
577 61.5803 60.8296
605 61.8791 61.2463
791 62.148 61.6215
647 62.4457 62.0367
650 62.7429 62.4514
595 63.0285 62.8497
68 63.3082 63.2399
668 63.5851 63.6261
161 63.856 64.004
625 64.6003 65.0419
334 65.7432 66.6355
579 66.2017 67.3917
383 66.624 68.0881
654 66.817 68.4063
975 67.0113 68.7264
900 67.2018 69.0406
818 67.3904 69.3513
509 67.3575 69.3135
110 67.3248 69.2758
385 67.293 69.2393
290 67.2578 69.1987
852 67.2217 69.1572
867 67.1872 69.1175
837 67.1531 69.0783
71 67.1181 69.038
393 67.0806 68.9949
727 67.0458 68.9548
340 67.0098 68.9134
152 66.9741 68.8723
51 66.9388 68.8317
941 66.8992 68.7861
942 66.8989 68.7861
238 66.194 68.7996
420 65.5258 68.8123
67 64.7816 68.8265
907 64.0245 68.841
468 63.3029 68.8548
964 62.7253 68.8658
515 62.2055 68.8757
671 61.7 68.8853
478 61.2189 68.8944
987 60.7033 68.9043
440 60.1939 68.9139
904 59.6929 68.9235
962 59.1602 68.9336
112 57.0906 68.9735
280 54.994 69.014
582 54.5842 68.9096
460 54.1927 68.8098
847 53.7054 68.6856
432 53.0957 68.5302
921 52.4461 68.3647
800 51.813 68.2033
208 51.0149 67.9999
315 50.0575 67.756
533 47.2788 67.0478
471 46.9654 66.968
459 46.6999 66.9003
732 46.4546 66.8378
94 46.2363 66.7822
54 45.9495 66.7091
144 45.7026 66.6462
101 45.4587 66.584
235 45.2105 66.5208
370 44.9434 66.4527
523 44.9136 66.5149
484 44.8857 66.5731
134 44.8585 66.6299
779 44.8322 66.6849
80 44.8049 66.7419
715 44.7792 66.7955
683 44.7531 66.85
171 44.725 66.9087
350 44.6968 66.9674
225 44.6712 67.0209
910 44.6454 67.0749
163 44.6196 67.1287
976 44.5931 67.1841
769 44.5683 67.2359
855 44.5439 67.2867
513 44.518 67.3408
109 44.4948 67.3893
453 44.4716 67.4378
216 44.4479 67.4872
282 44.4232 67.5388
558 44.3968 67.5938
676 44.3697 67.6505
596 44.3414 67.7095
617 44.3139 67.767
632 44.2844 67.8285
91 44.2563 67.8872
986 44.2288 67.9446
540 44.201 68.0027
894 44.175 68.0569
857 44.1492 68.1109
597 44.1252 68.1608
724 43.6338 69.1867
895 43.2062 70.0796
189 42.9082 70.7016
126 42.8202 70.8854
294 42.0274 70.9393
193 41.2228 70.9941
912 37.5265 71.2458
806 35.7646 71.3657
789 34.5911 71.4455
60 33.875 71.4942
526 33.2493 71.5368
662 32.8113 71.5666
649 32.3523 71.5978
946 31.62 71.6476
16 31.3302 71.6673
591 31.0545 71.686
266 30.7629 71.7058
730 30.4943 71.7241
571 30.224 71.7425
99 29.9409 71.7617
971 29.6853 71.7791
454 29.4389 71.7958
872 29.1877 71.8129
124 28.9242 71.8308
333 28.6484 71.8496
431 28.3827 71.8677
600 28.3858 71.683
897 28.389 71.4935
404 28.3899 71.4374
965 28.3909 71.3805
308 28.3918 71.3245
599 28.3927 71.2719
113 28.3935 71.2245
726 28.3944 71.1725
720 28.3953 71.1165
601 28.3962 71.0656
226 28.397 71.0183
878 28.3978 70.9663
757 28.3986 70.9185
537 28.3995 70.8658
604 28.4004 70.8126
270 28.4013 70.7594
252 28.4022 70.7049
168 28.4032 70.6502
635 28.4149 69.9557
349 28.4272 69.2304
327 28.4386 68.5595
130 28.4502 67.8719
705 28.6483 67.4293
233 28.763 67.173
733 28.8256 67.0332
275 28.8847 66.9011
950 28.9474 66.761
927 29.0205 66.5977
574 29.0953 66.4306
846 29.1754 66.2515
382 29.2554 66.0729
359 29.3298 65.9066
56 29.4056 65.7372
645 29.4805 65.5697
493 29.5547 65.4039
104 29.625 65.2469
34 29.691 65.0994
291 29.7574 64.9511
507 29.8228 64.805
957 29.888 64.6592
59 29.9527 64.5147
903 30.013 64.3799
510 30.0777 64.2354
501 30.1342 64.1093
689 30.1934 63.9769
365 30.4516 63.3999
175 30.6945 62.8572
21 30.9311 62.3285
79 31.1953 61.7381
788 31.4708 61.1225
127 31.7655 60.4641
410 31.9179 60.1234
264 32.3387 59.0922
640 32.6069 58.4348
804 32.9004 57.7155
839 33.2102 56.9561
543 33.5294 56.1739
147 33.631 55.9247
809 33.7263 55.6914
765 33.8227 55.455
390 33.9226 55.2102
137 34.066 54.8587
729 34.2283 54.4611
30 34.5182 53.7505
508 34.8356 52.9726
891 35.1116 52.2962
38 35.4043 51.5786
525 35.6441 50.9909
461 35.8786 50.4161
790 36.1221 49.8194
848 36.1221 49.8194
180 36.1221 49.8194
876 36.1221 49.8194
155 36.1221 49.8194
356 36.1221 49.8194
472 36.1221 49.8194
512 36.1221 49.8194
522 36.1221 49.8194
413 36.1221 49.8194
922 36.1221 49.8194
210 36.1221 49.8194
237 36.1221 49.8194
267 36.1221 49.8194
619 36.1221 49.8194
545 36.1221 49.8194
302 36.1221 49.8194
688 36.1221 49.8194
989 36.1221 49.8194
929 36.1221 49.8194
269 36.1221 49.8194
603 36.1221 49.8194
576 36.1221 49.8194
913 36.0569 49.2557
756 35.9902 48.6792
687 35.9002 47.9023
49 35.8125 47.1441
89 35.7251 46.3889
480 35.6304 45.571
194 35.5389 44.7802
566 35.4484 43.9983
778 35.3572 43.211
421 35.2616 42.3853
452 34.6326 42.2386
549 33.8804 42.0632
853 33.4245 41.9568
257 32.928 41.8411
869 32.2672 41.6869
783 31.7022 41.5552
403 31.1102 41.4171
205 30.6185 41.3024
397 30.1981 41.2044
633 29.786 41.1083
475 29.6847 40.9959
723 29.5847 40.8848
908 29.4875 40.7769
37 29.3875 40.6658
438 29.2879 40.5551
535 29.1872 40.4433
32 29.0824 40.3269
476 28.9875 40.2215
160 29.2213 38.7901
862 29.2445 38.6481
586 29.665 36.0739
692 29.6855 35.9484
787 29.707 35.8164
679 29.7253 35.7043
414 29.7443 35.5881
748 29.7644 35.4652
151 29.7859 35.3333
706 29.8074 35.202
917 29.8301 35.063
811 29.8789 34.7637
664 29.9286 34.4594
388 29.9813 34.1367
121 30.0417 33.7669
7 30.099 33.416
191 30.1614 33.0338
529 30.2183 32.6855
486 30.2762 32.331
11 30.3334 31.981
612 30.4735 31.1231
829 30.6413 30.0954
834 30.8525 28.8016
467 31.0584 27.5409
702 31.2548 26.3381
643 31.3944 25.4829
883 31.4925 24.8826
254 31.5779 24.3597
902 31.6126 24.1471
221 31.6467 23.938
709 31.6837 23.7115
439 31.7211 23.4826
899 31.7569 23.2637
822 31.7958 23.0254
307 31.8353 22.7838
626 31.8758 22.5357
824 31.9144 22.2993
278 31.9546 22.0534
111 32.0028 21.7583
915 32.0485 21.4784
287 32.1005 21.1595
573 32.1226 21.0248
261 32.1432 20.8984
354 32.1647 20.7665
934 32.189 20.6178
310 32.2148 20.4599
246 32.2382 20.3165
284 32.2614 20.1744
379 32.2853 20.0281
64 32.3113 19.8689
602 32.337 19.7119
669 32.5375 18.4837
26 32.6607 17.7298
653 32.7932 16.9181
704 32.8879 16.3385
407 32.9829 15.7568
363 33.0687 15.2315
351 33.152 14.7213
337 33.2313 14.2362
518 33.3217 13.6825
722 13.8655 14.2857
366 13.8525 14.2861
61 13.8394 14.2865
682 13.8279 14.2869
211 13.8175 14.2872
348 13.8068 14.2876
488 13.7963 14.2879
674 13.7846 14.2882
646 13.7734 14.2886
673 13.7637 14.2889
588 13.7538 14.2892
8 13.744 14.2895
331 13.7327 14.2899
881 13.7227 14.2902
402 13.7126 14.2905
741 13.7015 14.2908
362 13.6901 14.2912
629 13.6795 14.2915
812 13.6687 14.2919
963 13.1075 17.5305
299 12.9435 18.4772
187 12.8031 19.2876
412 12.7327 21.28
455 12.6437 23.7998
65 12.5564 26.2689
268 12.5377 26.7996
4 12.5191 27.327
86 12.5005 27.8552
74 12.4896 28.1644
836 12.4785 28.4804
258 12.4674 28.7955
710 12.4554 29.1368
572 12.4432 29.4811
898 12.4308 29.8346
133 12.4184 30.2094
794 12.4059 30.5866
661 12.3928 30.9831
985 12.378 31.4316
514 12.3637 31.865
474 12.3493 32.3008
943 12.3169 33.2868
641 12.2813 34.3707
797 12.1751 37.627
663 12.165 37.9329
990 12.1555 38.2198
283 12.1461 38.5041
174 12.1365 38.7947
616 12.1306 38.9714
700 12.1248 39.1481
749 12.1187 39.3321
496 12.1132 39.4979
228 12.108 39.6544
731 12.1028 39.812
78 12.0976 39.9686
328 12.0924 40.1253
463 12.0918 40.3842
655 12.0914 40.6115
87 12.0909 40.8348
125 12.0903 41.0847
148 12.0898 41.3566
312 12.0892 41.6179
222 12.0887 41.8843
373 12.0881 42.1315
863 12.0877 42.36
142 12.0871 42.6056
154 12.0868 42.7666
499 12.0865 42.9234
182 12.0857 43.301
341 12.085 43.6397
212 12.0843 43.9591
128 12.0836 44.2972
46 12.0829 44.6095
771 12.0822 44.9477
352 12.0815 45.2852
330 12.0809 45.5923
841 12.0801 45.9529
958 12.0794 46.2956
534 12.0786 46.7053
949 12.0778 47.0911
770 12.0769 47.4794
123 12.0761 47.8905
10 12.0752 48.3153
384 12.0739 48.9201
279 12.0723 49.7313
849 12.0708 50.4612
505 12.0708 50.4613
303 12.0708 50.4613
157 12.0708 50.4613
116 12.0708 50.4613
423 12.1484 51.0445
527 12.2474 51.7885
114 12.3438 52.5126
858 12.382 52.8003
936 12.4217 53.0991
739 12.4629 53.409
57 12.4881 53.5984
981 12.5147 53.7985
422 12.5399 53.988
691 12.5648 54.176
166 12.5893 54.3607
938 12.6133 54.541
324 12.6377 54.7245
391 12.6348 54.9455
972 12.6314 55.1979
677 12.6282 55.446
542 12.625 55.6859
218 12.6217 55.9376
652 12.6185 56.1832
758 12.6144 56.4963
336 12.6098 56.8437
909 12.6054 57.1819
489 12.6001 57.5798
47 12.5938 58.0619
100 12.5865 58.6141
698 12.5783 59.2349
552 12.5676 60.04
565 12.4197 60.0494
956 12.2762 60.0585
708 12.1125 60.0688
970 11.9799 60.0772
589 11.8453 60.0857
196 11.7142 60.0939
451 11.5836 60.1022
925 11.423 60.1123
680 11.2857 60.121
524 11.1402 60.1302
122 10.972 60.1408
255 11.3087 60.6
214 11.6454 61.0593
630 12.0826 61.6556
3 12.4934 62.2158
805 12.9034 62.775
162 13.822 64.0283
361 14.6792 65.1977
339 15.3707 66.141
796 15.4263 66.2167
901 15.4788 66.2883
550 16.2079 69.3284
479 15.9631 69.1572
888 15.7057 68.9771
587 15.4013 68.7643
429 15.0137 68.4932
607 14.6006 68.2043
517 14.6259 68.1608
427 14.6574 68.1067
784 14.6907 68.0494
97 14.7216 67.9962
119 14.7529 67.9424
503 14.7844 67.8882
411 14.8182 67.83
81 14.8485 67.7778
277 14.8769 67.7289
272 14.9074 67.6764
374 14.936 67.6272
860 14.9676 67.5728
219 15.0027 67.5124
400 15.0361 67.455
657 15.0691 67.3982
500 15.1063 67.3342
701 15.1444 67.2686
132 15.1823 67.2034
398 15.2171 67.1435
131 15.2524 67.0828
735 15.2879 67.0216
948 14.7277 67.2985
665 14.2321 67.5435
14 13.8364 67.739
747 13.5179 67.8965
764 13.2047 68.0512
734 12.8415 68.2307
376 12.5452 68.3772
772 12.2563 68.5199
329 11.9225 68.6849
531 11.5074 68.8901
347 11.3069 68.9891
234 11.2994 69.1325
482 11.291 69.2917
703 11.2831 69.4417
77 11.2747 69.6017
939 11.2662 69.7625
502 11.2565 69.948
760 11.2474 70.1205
966 11.2366 70.3269
381 11.2258 70.5311
799 11.2153 70.73
667 11.2045 70.9362
924 11.1943 71.1302
879 11.1838 71.3298
192 11.1732 71.5309
686 11.1615 71.7526
717 11.1504 71.9641
371 11.1387 72.1859
445 11.1257 72.4328
694 11.1129 72.6775
338 11.0999 72.9232
892 11.0854 73.2
780 11.0749 73.3989
639 11.0654 73.5801
207 11.0557 73.7648
556 11.0456 73.9562
991 11.0357 74.1444
224 11.026 74.3284
298 11.0165 74.5094
220 11.0071 74.6868
658 10.9971 74.8781
325 10.9154 75.6433
551 10.8421 76.3288
443 10.7698 77.0065
346 10.6945 77.7106
433 10.6173 78.4336
300 10.5397 79.16
321 10.5023 79.5103
905 10.4638 79.8706
244 10.4266 80.2195
560 10.3908 80.5549
955 10.3545 80.895
75 10.3181 81.2358
247 10.281 81.5827
169 10.248 81.8921
728 10.2161 82.1904
90 10.1813 82.5166
699 10.1453 82.8538
890 10.1126 83.1602
554 10.078 83.484
759 10.0412 83.8291
88 10.004 84.1774
719 9.9665 84.5283
830 9.9304 84.8664
426 9.8905 85.2401
457 9.85002 85.6192
316 9.80239 86.0652
615 9.75735 86.4871
886 9.70767 86.9523
988 9.47734 89.108
711 9.49171 89.1042
240 9.50633 89.1003
637 9.52087 89.0965
301 9.53565 89.0926
495 9.55111 89.0885
718 9.56448 89.0849
546 9.57833 89.0812
982 9.59212 89.0776
914 9.60532 89.0741
200 9.61899 89.0705
263 9.63254 89.0669
213 9.64612 89.0633
199 9.66721 89.0577
39 9.68731 89.0524
547 9.70836 89.0468
236 9.73052 89.0409
693 9.75128 89.0354
399 9.77253 89.0298
736 9.7921 89.0246
31 9.81261 89.0192
815 9.83206 89.014
203 9.85067 89.0091
401 9.86909 89.0042
153 9.88822 88.9991
106 9.907 88.9942
678 9.92633 88.989
444 9.94662 88.9837
868 9.96565 88.9786
568 9.98713 88.9729
304 10.0079 88.9674
570 10.0281 88.9621
933 10.0495 88.9564
436 10.0671 88.9517
364 10.0843 88.9472
405 10.1018 88.9425
827 10.1199 88.9377
969 10.1383 88.9329
585 10.1571 88.9279
803 10.1771 88.9226
435 10.1965 88.9174
447 10.2155 88.9124
178 10.2345 88.9074
628 10.2541 88.9022
380 10.2734 88.8971
386 10.2935 88.8917
442 10.3126 88.8867
750 10.3308 88.8818
973 10.35 88.8768
944 10.3671 88.8722
108 10.9016 88.7307
469 11.4537 88.5845
95 11.9309 88.4581
792 12.4094 88.3313
953 13.0002 88.1749
557 13.8785 87.9423
753 14.7732 87.7053
48 15.6524 87.4725
17 16.5131 87.2445
490 17.398 87.0102
487 18.1984 86.7982
296 18.9313 86.6041
326 19.1165 86.5551
93 19.2956 86.5076
916 19.4869 86.4569
825 19.687 86.4039
184 19.8829 86.3521
428 20.0756 86.301
36 20.252 86.2543
695 20.4291 86.2074
441 20.6071 86.1602
954 20.822 86.1033
96 20.9905 86.0587
859 21.1283 86.0222
593 21.2631 85.9865
418 21.4399 85.9396
223 21.6106 85.8944
651 21.4293 86.1386
115 21.2563 86.3714
696 21.1037 86.5769
288 20.945 86.7905
462 20.7822 87.0098
227 20.6338 87.2095
446 20.5967 87.2595
1 20.5609 87.3077
138 20.5609 87.3077
58 20.9226 87.3886
183 21.2725 87.4669
608 21.6277 87.5463
697 21.9741 87.6238
871 22.3053 87.6979
776 22.6399 87.7728
15 23.0174 87.8572
44 23.4783 87.9604
786 23.9366 88.063
768 24.3566 88.1569
470 24.7593 88.2471
231 25.0804 88.3189
392 25.3736 88.3845
548 25.6232 88.4403
919 25.7266 88.4634
73 25.8268 88.4858
885 25.9276 88.5083
230 26.0375 88.5329
253 26.1334 88.5543
2 26.2327 88.5765
72 26.3304 88.5983
28 26.4111 88.6163
960 26.4947 88.635
610 26.4947 88.635
271 26.4947 88.635
424 26.4947 88.635
368 26.4947 88.635
20 26.4947 88.635
120 26.4947 88.635
833 26.4947 88.635
578 26.4947 88.635
638 26.4947 88.635
795 26.4947 88.635
41 26.4948 88.635
808 26.4948 88.635
491 26.4948 88.635
712 26.4948 88.635
13 26.4948 88.635
50 26.4948 88.635
611 26.4948 88.635
430 26.4948 88.635
306 26.4948 88.635
409 26.4948 88.635
761 26.4948 88.635
456 26.4948 88.635
76 26.4948 88.635
249 26.4948 88.635
360 26.4948 88.6351
714 26.4948 88.6351
521 27.0686 88.6352
150 28.3495 88.6356
167 29.5514 88.636
631 30.8324 88.6364
614 36.6527 88.6374
636 39.5272 88.6381
239 39.7821 88.6382
343 40.0196 88.6383
53 40.2427 88.6384
559 40.4799 88.6385
861 40.699 88.6385
320 40.699 88.6385
713 40.699 88.6385
814 40.6991 88.6385
530 40.6991 88.6385
763 40.6991 88.6385
309 40.6991 88.6385
707 40.6991 88.6385
561 40.6991 88.6385
877 40.6991 88.6385
449 40.6991 88.6385
773 40.6991 88.6385
265 40.6991 88.6385
394 40.6992 88.6385
416 40.6992 88.6385
539 40.6992 88.6385
141 40.6992 88.6385
241 40.6992 88.6385
181 40.6992 88.6385
448 40.6992 88.6385
146 40.6992 88.6385
672 40.6992 88.6385
206 40.6993 88.6385
569 40.6993 88.6385
129 40.6993 88.6385
256 40.6993 88.6385
139 40.6993 88.6385
738 40.7923 88.6345
918 40.8849 88.6306
562 40.9869 88.6262
389 41.0832 88.6221
92 41.1751 88.6182
974 41.2722 88.614
766 41.3791 88.6095
613 41.4831 88.605
752 41.5922 88.6004
516 41.8142 88.5908
437 42.0301 88.5816
292 42.2474 88.5723
746 42.4745 88.5625
305 42.6905 88.5532
564 42.904 88.5441
82 43.1175 88.5349
319 43.3333 88.5257
22 43.5504 88.5164
172 43.7666 88.5071
807 43.9845 88.4978
215 44.2103 88.4881
840 44.4465 88.4779
774 44.7096 88.4666
105 44.9553 88.4561
961 45.1883 88.4461
541 45.3859 88.4376
5 45.5743 88.4296
165 45.7633 88.4215
375 45.9546 88.4133
532 46.1477 88.405
511 46.3363 88.3969
367 46.5169 88.3891
313 46.6938 88.3816
618 46.8669 88.3741
866 47.0374 88.3668
156 47.2094 88.3595
874 47.3816 88.3521
369 51.2686 88.1836
801 51.3907 88.1783
536 51.409 88.1775
896 51.429 88.1767
245 51.4478 88.1759
23 51.4672 88.175
408 51.4854 88.1743
755 51.5042 88.1734
737 51.5263 88.1725
62 51.5451 88.1717
434 51.5643 88.1709
659 51.5814 88.1701
880 51.6013 88.1693
248 51.6205 88.1685
335 51.6421 88.1675
882 51.6622 88.1667
406 51.682 88.1658
40 51.7041 88.1649
624 51.7257 88.1639
980 51.747 88.163
344 51.7678 88.1621
177 53.5073 87.4626
9 55.1051 86.8202
826 55.1051 86.8202
622 55.1051 86.8202
940 55.1051 86.8202
140 55.1051 86.8202
563 55.1051 86.8202
642 55.531 86.8482
145 55.985 86.8782
317 55.9994 86.8791
931 56.0137 86.8801
782 56.0274 86.881
179 56.0419 86.8819
851 56.0569 86.8829
802 56.0716 86.8839
775 61.6033 87.2506
947 61.6033 87.2506
259 61.6034 87.2506
202 61.6034 87.2506
984 61.6034 87.2506
415 61.6034 87.2506
465 61.6035 87.2506
832 61.6035 87.2506
911 61.6035 87.2506
12 61.6976 87.2559
18 61.7955 87.2614
887 61.8877 87.2665
185 61.9856 87.272
297 62.0846 87.2776
817 62.1781 87.2828
118 62.2684 87.2879
845 62.3695 87.2936
52 62.4629 87.2988
285 62.5533 87.3039
690 62.6373 87.3086
273 62.7281 87.3137
856 62.8152 87.3186
229 62.9609 87.3268
42 63.1148 87.3354
395 63.2616 87.3437
952 63.407 87.3518
544 63.5896 87.362
754 63.7545 87.3713
620 63.9388 87.3816
575 64.1068 87.3911
567 64.2835 87.401
584 64.4577 87.4107
477 64.9842 87.4401
816 65.5175 87.4699
464 66.0971 87.5023
992 66.6697 87.5342
417 67.2734 87.5679
742 67.7545 87.5948
481 68.1774 87.6184
494 68.6137 87.6428
251 68.9851 87.6636
744 69.3475 87.6839
937 69.7517 87.7065
378 70.1555 87.7291
864 70.6711 87.7579
318 71.1604 87.7852
83 71.6534 87.8128
353 72.1687 87.8416
149 72.682 87.8703
820 73.2638 87.9028
893 73.6614 87.925
159 74.0197 87.9451
813 74.3713 87.9647
648 74.7289 87.9847
158 75.0632 88.0035
823 75.407 88.0227
666 75.7772 88.0434
854 76.1549 88.0645
135 76.5456 88.0864
580 76.7964 88.1004
322 78.1593 88.1761
725 79.577 88.2549
928 80.939 88.3306
983 81.0306 88.1894
450 85.0225 82.0328
660 85.252 81.6786
204 85.418 81.4226
740 85.569 81.1896
685 85.7265 80.9465
25 85.8906 80.6934
332 86.0547 80.4402
528 86.1964 80.2216
372 86.3284 80.0179
473 86.3196 79.929
311 86.3085 79.8187
889 86.2981 79.714
201 84.9833 66.5472
497 84.5105 61.8142
506 84.0102 61.0883
884 83.5166 60.3721
977 83.0719 59.727
242 82.6269 59.0813
136 82.2004 58.4625
170 81.8154 57.9038
838 81.3838 57.2776
198 80.9718 56.6798
107 80.5621 56.0854
387 79.8363 55.0323
684 79.1221 53.9961
951 77.7822 52.0524
117 75.4802 48.7134
609 75.5134 48.6167
29 75.5446 48.5256
466 75.5751 48.4366
232 75.6048 48.3498
195 75.6347 48.2627
967 75.6638 48.1777
592 75.6944 48.0882
425 75.7234 48.0036
102 75.7517 47.9209
926 75.7842 47.8262
850 75.8173 47.7296
70 75.8526 47.6267
274 76.0578 47.0276
323 76.2252 46.5391
670 76.3795 46.0889
745 76.5365 45.6305
583 76.6775 45.219
920 76.9289 44.4852
932 77.2124 43.658
553 77.6085 42.5021
33 79.7045 36.3875
590 80.6559 33.6116
520 81.4209 31.3794
98 82.4258 28.4472
835 82.4679 28.3244
483 86.1766 17.5055
345 86.0918 17.5398
243 86.0073 17.5738
979 85.9165 17.6105
260 85.8211 17.649
627 85.0008 17.9801
