0,979,627,345,483,243,260,33,98,590,323,314,592,670,745,932,195,835,466,926,609,29,232,143,520,198,242,920,170,387,884,977,967,107,497,152,420,684,506,136,838,951,274,425,478,70,941,102,190,68,656,850,553,538,767,842,762,793,625,67,595,334,340,791,583,515,942,208,216,650,293,671,9,173,964,188,282,238,597,855,605,968,907,85,35,617,647,498,262,396,357,186,594,945,644,577,117,458,623,519,606,485,978,843,492,43,870,675,63,342,358,875,828,19,512,194,101,923,286,480,522,210,472,370,778,180,848,862,461,935,49,127,155,790,276,7,603,688,413,989,356,452,237,876,706,543,302,640,525,929,576,788,493,403,142,507,732,922,269,913,324,508,349,645,908,545,147,510,897,327,901,391,34,938,99,526,132,587,533,359,59,756,571,689,267,266,591,957,382,454,927,168,946,431,757,888,971,950,578,726,270,635,308,184,124,730,333,872,604,130,537,189,789,252,141,241,649,806,550,658,144,676,809,104,910,223,501,804,459,839,89,30,137,21,891,574,621,281,765,540,404,662,715,80,779,109,912,798,235,264,513,857,558,894,248,226,724,878,596,134,225,91,453,175,84,161,54,291,56,163,582,471,614,484,632,365,840,350,215,523,826,563,986,410,769,683,171,976,179,315,895,743,94,468,744,393,987,317,847,800,440,509,810,962,668,904,335,801,460,432,112,782,290,71,579,727,832,775,201,818,83,975,110,417,332,528,385,383,852,867,837,51,654,900,481,937,864,450,473,311,660,889,740,204,685,25,372,983,928,135,725,322,742,648,149,845,251,620,52,158,285,893,318,465,494,854,580,820,159,666,353,817,813,464,544,567,259,980,408,737,947,369,229,880,516,642,816,882,145,823,622,931,177,280,887,18,856,851,477,754,952,273,42,40,624,584,344,636,911,185,992,984,202,297,861,245,690,193,575,126,294,140,395,378,416,802,12,921,618,415,713,305,394,53,406,974,320,866,541,62,23,367,434,961,814,659,118,5,536,896,763,313,511,774,532,940,375,919,22,271,807,530,752,105,181,239,746,156,755,389,564,562,319,82,539,773,343,874,165,470,738,877,206,559,172,129,561,120,96,292,448,2,613,92,253,309,548,265,73,44,611,256,795,766,449,139,231,786,707,833,768,714,954,41,72,28,437,183,392,569,150,146,960,430,631,306,918,409,521,593,695,672,36,761,441,16,76,249,651,227,776,638,230,368,610,491,696,58,15,808,495,456,608,871,424,296,20,933,244,560,885,325,428,167,418,17,825,697,443,60,50,469,48,859,13,712,386,490,886,442,316,1,138,93,568,628,982,803,570,892,955,247,301,300,750,462,39,288,115,973,905,435,399,200,380,792,364,213,719,446,405,953,914,199,547,31,401,106,585,736,711,447,236,868,693,153,178,304,753,360,827,988,75,436,108,90,678,95,699,944,969,780,557,444,637,240,263,718,916,321,815,991,487,657,220,551,429,879,554,169,203,890,734,759,546,615,426,338,517,639,694,224,686,346,255,860,948,796,277,667,556,728,665,298,207,445,427,433,607,830,966,701,14,457,97,113,162,482,502,799,717,381,272,114,196,77,939,784,703,411,552,500,119,219,398,680,924,764,565,772,374,326,88,339,503,965,599,275,479,192,691,981,729,600,903,390,705,733,846,720,361,400,630,371,347,747,166,970,949,735,956,677,100,79,329,601,81,542,154,531,589,234,352,739,233,451,936,858,758,341,925,336,57,218,131,805,909,524,376,972,3,330,463,841,228,222,990,616,527,749,708,47,116,760,770,534,863,489,663,174,505,182,148,122,303,476,849,214,771,797,475,496,279,633,423,422,698,78,723,373,283,731,384,157,128,312,212,328,958,125,652,499,10,32,46,123,65,794,514,87,86,985,4,299,700,915,133,572,824,455,549,661,829,121,74,898,366,474,943,268,362,641,602,902,899,439,646,258,348,836,881,402,741,331,682,674,211,673,588,710,629,412,61,963,187,488,8,722,812,246,254,284,518,287,310,883,111,64,822,709,467,379,337,653,26,573,407,704,669,351,363,626,643,702,261,307,934,586,664,486,869,535,655,11,438,354,160,221,38,687,748,151,787,612,37,783,619,529,811,397,205,414,834,191,257,421,388,66,692,566,69,679,853,278,917,906,751,681,55,821,634,930,716,865,785,355,844,6,819,197,781,27,873,45,555,209,289,250,164,377,217,831,419,721,581,176,959,777,24,598,295,504,103,
value : 473.331 running time : 78.848181
0 80 20
979 83.4201 18.5965
627 85.0015 17.9475
345 85.6064 17.6993
483 86.1471 17.4774
243 86.1306 17.5238
260 86.1128 17.5735
33 83.7614 24.1605
98 83.1789 25.792
590 80.4827 30.9725
323 76.923 37.8124
314 75.5404 40.4687
592 75.6948 40.7642
670 75.8351 41.0327
745 75.9757 41.3019
932 76.1313 41.5997
195 76.2403 41.8084
835 76.3435 42.0057
466 76.443 42.1962
926 76.5494 42.3998
609 76.7836 42.6058
29 77.0155 42.8098
232 77.2433 43.0101
143 77.4876 43.2251
520 78.4349 44.0584
198 80.171 46.8117
242 80.999 48.1251
920 81.5766 49.0414
170 82.2242 50.0687
387 82.6179 50.6932
884 83.0323 51.3506
977 83.4113 51.9518
967 83.7355 52.466
107 84.121 53.0774
497 84.4771 53.6423
152 77.8301 55.8565
420 77.6921 55.4968
684 77.5577 55.1467
506 77.4086 54.7581
136 77.1367 54.0494
838 76.8842 53.3914
951 76.6129 52.6842
274 76.314 51.9054
425 74.8619 53.1294
478 73.2075 54.5239
70 72.499 55.1212
941 71.8454 55.6722
102 71.2048 56.2121
190 70.5666 56.7501
68 69.9374 57.2805
656 69.4349 57.7041
850 68.9172 58.1405
553 68.3531 58.6161
538 67.6317 59.2241
767 67.0182 59.7413
842 66.3676 60.2898
762 65.1317 61.3315
793 64.3261 62.0106
625 64.2677 62.0598
67 64.2143 62.1048
595 64.159 62.1515
334 64.1052 62.1968
340 63.9635 62.3163
791 63.8365 62.4233
583 63.7378 62.5065
515 63.1961 62.9631
942 62.7242 63.3608
208 62.1138 63.8752
216 61.619 64.2923
650 61.3684 64.5035
293 61.0674 64.7572
671 60.7304 65.0411
9 60.4931 64.5473
173 60.0329 63.5897
964 59.5278 62.5388
188 59.0358 61.515
282 58.66 60.733
238 58.2867 59.9561
597 57.859 59.0658
855 57.859 59.0658
605 57.7698 58.7785
968 57.6569 58.415
907 57.5337 58.0181
85 57.4016 57.5926
35 57.2849 57.2166
617 57.1698 56.8461
647 56.9287 56.0695
498 56.6015 55.0156
262 56.3039 54.0571
396 56.044 53.22
357 55.7649 52.3211
186 55.5871 51.7485
594 55.401 51.149
945 55.2612 50.699
644 55.1332 50.2865
577 55.0086 49.8854
117 54.8589 49.4031
458 54.6865 48.848
623 54.6337 48.6778
519 54.5795 48.5032
606 54.5243 48.3254
485 54.4769 48.1729
978 54.3785 47.8557
843 54.292 47.5772
492 54.2011 47.2843
43 54.1051 46.975
870 54.0157 46.6873
675 53.9296 46.4097
63 53.849 46.1503
342 53.7698 45.8952
358 53.6787 45.6017
875 53.5996 45.3467
828 53.5138 45.0704
19 52.924 45.3831
512 52.2399 45.7458
194 51.7075 46.0281
101 51.2887 46.2502
923 50.9351 46.4377
286 50.6037 46.6134
480 47.1747 47.8099
522 46.9081 47.9031
210 46.6618 47.9892
472 46.429 48.0705
370 46.1638 48.1632
778 45.9295 48.2451
180 45.9294 48.2451
848 45.9293 48.2452
862 45.9293 48.2452
461 45.9292 48.2452
935 45.9292 48.2452
49 45.0013 48.5774
127 43.9666 48.9469
155 43.0131 49.2874
790 42.0282 49.6392
276 40.6938 50.1161
7 39.7506 50.4537
603 39.2326 50.6968
688 38.7827 50.9078
413 38.4036 51.0857
989 38.0656 51.2442
356 37.7128 51.4097
452 37.293 51.6067
237 36.747 51.8628
876 36.2201 52.11
706 35.698 52.355
543 35.0972 52.6369
302 34.6356 52.8534
640 34.1696 53.072
525 33.7469 53.2703
929 33.3643 53.4498
576 32.9752 53.6323
788 32.4993 53.8556
493 32.0862 54.0494
403 31.6674 54.2459
142 31.5776 54.5181
507 31.4873 54.792
732 31.408 55.0326
922 31.3371 55.2478
269 31.2662 55.4629
913 31.1916 55.6892
324 31.1131 55.9276
508 31.037 56.1582
349 30.9446 56.4384
645 30.8607 56.6928
908 30.7919 56.9017
545 30.6914 57.2065
147 30.5916 57.5091
510 30.4842 57.8349
897 30.3735 58.1705
327 30.2758 58.467
901 30.2758 58.467
391 30.2758 58.467
34 30.153 58.9611
938 30.0389 59.4202
99 29.0832 63.2683
526 29.0119 63.5554
132 28.9487 63.8096
587 28.8887 64.051
533 28.8331 64.2749
359 28.7313 64.6842
59 28.6363 65.0668
756 28.5262 65.5098
571 28.3886 66.0635
689 28.2616 66.5743
267 28.1656 66.9608
266 28.0419 67.4586
591 27.934 67.8927
957 27.8297 68.3124
382 27.7098 68.795
454 27.5688 69.3621
927 27.45 69.8403
168 27.3189 70.368
946 27.2423 70.676
431 27.1666 70.9808
757 27.1566 71.021
888 27.1479 71.056
971 27.1391 71.0913
950 27.1282 71.135
578 27.1176 71.1779
726 27.1082 71.2158
270 27.0996 71.2501
635 27.0907 71.2862
308 27.0822 71.3203
184 27.071 71.3652
124 27.071 71.3652
730 27.071 71.3652
333 27.071 71.3652
872 27.071 71.3652
604 27.071 71.3652
130 27.071 71.3652
537 28.5174 72.0271
189 30.0301 72.7194
789 30.8653 73.1014
252 31.8897 73.5701
141 32.8256 73.9983
241 32.8256 73.9983
649 32.9089 73.8172
806 32.9927 73.6352
550 33.0803 73.4447
658 33.4167 72.7138
144 34.1622 71.0945
676 34.8871 69.5198
809 35.0513 69.163
104 35.1694 68.9063
910 35.2765 68.6734
223 35.3852 68.4372
501 35.6496 67.8625
804 35.9233 67.2678
459 36.1627 66.7473
839 36.3986 66.2347
89 36.6197 65.754
30 36.6595 65.6677
137 36.6986 65.5826
21 36.739 65.4947
891 36.7881 65.3881
574 37.3573 65.7586
621 38.1902 66.3007
281 38.8163 66.7084
765 39.209 66.9642
540 39.6358 67.2421
404 40.0013 67.4802
662 40.3761 67.7244
715 40.7665 67.9786
80 41.1763 68.2456
779 41.5785 68.5075
109 41.9776 68.7675
912 42.0583 68.8201
798 42.1728 68.8947
235 42.2788 68.9637
264 42.3738 69.0256
513 42.485 69.0979
857 42.5875 69.1647
558 42.6752 69.2218
894 42.772 69.2849
248 42.8745 69.3516
226 42.955 69.4041
724 43.0415 69.4604
878 43.1275 69.5165
596 43.2204 69.5769
134 43.3197 69.6416
225 43.4138 69.7029
91 43.5137 69.768
453 43.6039 69.8267
175 43.6903 69.883
84 43.7897 69.9478
161 43.7897 69.9478
54 43.7897 69.9478
291 43.7897 69.9478
56 43.7897 69.9478
163 43.7897 69.9478
582 43.7897 69.9478
471 43.7897 69.9478
614 43.9136 70.0825
484 44.0338 70.2133
632 44.1552 70.3453
365 44.2573 70.4564
840 44.3811 70.5911
350 44.6682 70.6323
215 44.9488 70.6725
523 45.5115 70.7532
826 46.1134 70.8396
563 46.6504 70.9166
986 47.1672 70.9908
410 47.6409 71.0588
769 48.1945 71.1382
683 48.6506 71.2036
171 49.1982 71.2822
976 50.0689 71.4071
179 51.5487 71.6191
315 52.4546 71.749
895 53.2525 71.8635
743 54.1025 71.9854
94 55.1278 72.1324
468 56.1813 72.2834
744 57.3879 72.4563
393 57.3879 72.4563
987 57.3879 72.4563
317 57.3879 72.4563
847 57.3879 72.4563
800 57.3879 72.4564
440 57.3879 72.4564
509 57.3879 72.4564
810 57.3879 72.4564
962 59.6582 72.9654
668 60.064 73.0563
904 60.4941 73.1526
335 60.8928 73.2419
801 61.3455 73.3433
460 61.7772 73.44
432 62.1956 73.5336
112 62.6418 73.6336
782 63.1213 73.741
290 64.5141 74.0531
71 65.755 74.3312
579 66.7955 74.5643
727 67.6458 74.7547
832 68.5262 74.9519
775 70.3141 75.3528
201 71.871 75.7017
818 72.0337 75.7883
83 72.1804 75.8665
975 72.325 75.9436
110 72.4785 76.0254
417 72.6523 76.118
332 72.8148 76.2046
528 72.9699 76.2872
385 73.0878 76.3501
383 73.2065 76.4133
852 73.3233 76.4756
867 73.7772 76.7174
837 74.2929 76.9922
51 74.8173 77.2716
654 75.3918 77.5776
900 76.1627 77.9884
481 77.2343 78.5593
937 78.6751 79.3269
864 81.3234 80.7378
450 84.9659 82.6782
473 85.0772 82.7687
311 85.184 82.8555
660 85.2939 82.9448
889 85.4056 83.0356
740 85.5085 83.1192
204 85.6266 83.2152
685 85.76 83.3236
25 85.884 83.4244
372 86.0099 83.5268
983 81.6139 88.0136
928 81.6137 88.0138
135 78.9613 88.0621
725 78.3099 88.0741
322 77.6495 88.0862
742 76.7454 88.1027
648 75.9095 88.118
149 74.9778 88.135
845 74.5939 88.1421
251 74.2469 88.1484
620 73.9078 88.1547
52 73.7414 88.1577
158 73.5911 88.1605
285 73.4381 88.1633
893 73.2924 88.166
318 73.1202 88.1691
465 72.9606 88.172
494 72.8163 88.1747
854 72.6622 88.1775
580 72.5125 88.1803
820 72.2643 88.1849
159 71.3632 88.2015
666 70.2902 88.2213
353 69.1745 88.2418
817 68.0177 88.2632
813 67.0435 88.2811
464 65.8271 88.3036
544 64.7074 88.3242
567 63.358 88.3491
259 61.9989 88.3742
980 60.9016 88.3944
408 59.9447 88.4121
737 59.4795 88.4207
947 58.9897 88.4297
369 58.5576 88.4377
229 58.121 88.4457
880 57.6442 88.4545
516 57.1941 88.4628
642 56.792 88.4702
816 56.4787 88.476
882 56.1477 88.4821
145 56.1477 88.4821
823 56.1477 88.4821
622 56.1178 88.475
931 56.0871 88.4678
177 56.0577 88.4608
280 56.0267 88.4534
887 55.9978 88.4466
18 55.9696 88.4399
856 55.8809 88.4188
851 55.7875 88.3966
477 55.7067 88.3774
754 55.6143 88.3555
952 55.5297 88.3354
273 55.4515 88.3168
42 55.3675 88.2968
40 55.2598 88.2713
624 55.1624 88.2481
584 55.0698 88.2261
344 54.9683 88.202
636 54.8596 88.1762
911 54.7707 88.1551
185 54.676 88.1326
992 54.5742 88.1084
984 54.4612 88.0816
202 54.3427 88.0534
297 54.2312 88.0269
861 53.8846 87.9446
245 53.5887 87.8743
690 53.3037 87.8066
193 52.9874 87.7315
575 52.7434 87.6735
126 52.4487 87.6035
294 52.1588 87.5346
140 52.1588 87.5346
395 52.1588 87.5346
378 52.1588 87.5346
416 51.9234 87.6567
802 51.7875 87.7272
12 51.6394 87.8041
921 51.4805 87.8865
618 50.683 88.3003
415 49.8819 88.7159
713 48.9764 89.1857
305 48.1789 89.5994
394 47.3829 90.0123
53 46.7617 90.3346
406 46.2768 90.5862
974 45.6523 90.9102
320 45.6523 90.9102
866 45.6523 90.9102
541 45.6523 90.9102
62 45.6523 90.9102
23 45.6523 90.9102
367 45.5487 90.9051
434 45.445 90.9
961 45.3283 90.8943
814 45.2125 90.8887
659 45.1026 90.8833
118 45.0005 90.8783
5 44.8658 90.8717
536 44.7444 90.8657
896 44.6235 90.8598
763 44.4852 90.8531
313 44.3577 90.8468
511 44.2187 90.84
774 44.0779 90.8331
532 43.9249 90.8256
940 43.7721 90.8182
375 43.5986 90.8097
919 43.4184 90.8009
22 43.2987 90.795
271 43.1848 90.7894
807 43.0789 90.7842
530 42.9695 90.7788
752 42.8493 90.773
105 42.7496 90.7681
181 42.6355 90.7625
239 42.5339 90.7575
746 42.4296 90.7524
156 42.318 90.7469
755 42.2031 90.7413
389 41.9639 90.7295
564 41.7291 90.718
562 41.4811 90.7059
319 41.206 90.6924
82 40.9147 90.6781
539 40.5977 90.6626
773 40.2622 90.6461
343 40.0412 90.6353
874 39.7982 90.6233
165 39.5331 90.6103
470 39.2415 90.596
738 38.9792 90.5832
877 38.7172 90.5703
206 38.4675 90.5581
559 38.2088 90.5454
172 37.9029 90.5304
129 37.6195 90.5165
561 37.3206 90.5018
120 36.999 90.4861
96 36.7184 90.4723
292 36.4601 90.4596
448 36.1934 90.4465
2 35.907 90.4325
613 35.6527 90.42
92 35.3737 90.4063
253 35.0968 90.3927
309 34.8623 90.3812
548 34.5969 90.3682
265 34.3307 90.3551
73 34.0256 90.3402
44 33.7531 90.3268
611 33.5589 90.3173
256 33.3915 90.3091
795 33.2209 90.3007
766 33.0581 90.2927
449 32.695 90.2749
139 32.2485 90.253
231 31.7179 90.2269
786 31.1782 90.2005
707 30.6637 90.1753
833 30.0501 90.1452
768 29.5752 90.1219
714 29.2149 90.1042
954 29.2149 90.1042
41 29.2149 90.1042
72 29.2149 90.1042
28 29.2149 90.1042
437 29.2149 90.1042
183 29.2149 90.1042
392 29.2149 90.1042
569 29.2149 90.1042
150 29.0176 90.0539
146 28.8313 90.0065
960 28.6278 89.9546
430 28.4066 89.8982
631 28.1993 89.8453
306 27.9891 89.7918
918 27.7836 89.7394
409 27.5708 89.6851
521 27.3571 89.6307
593 27.1483 89.5774
695 26.9509 89.5271
672 26.7707 89.4812
36 26.5673 89.4294
761 26.3656 89.3779
441 26.1627 89.3262
16 25.9711 89.2774
76 25.7764 89.2277
249 25.5714 89.1755
651 25.3921 89.1298
227 25.2063 89.0824
776 25.1217 89.0609
638 25.0516 89.043
230 24.9745 89.0234
368 24.8619 88.9947
610 24.7647 88.9699
491 24.6647 88.9445
696 24.5682 88.9199
58 24.4658 88.8938
15 24.3694 88.8692
808 24.2834 88.8473
495 24.1704 88.8185
456 24.081 88.7957
608 23.9871 88.7718
871 23.8927 88.7478
424 23.7975 88.7235
296 23.7029 88.6994
20 23.6118 88.6762
933 23.0653 88.5368
244 22.5508 88.4056
560 22.0688 88.2827
885 21.8429 88.2251
325 21.602 88.1637
428 21.602 88.1637
167 21.602 88.1637
418 21.602 88.1637
17 21.602 88.1637
825 21.602 88.1637
697 21.602 88.1637
443 21.602 88.1637
60 21.602 88.1637
50 20.9988 88.2351
469 20.4191 88.3037
48 19.8431 88.3718
859 19.4141 88.4226
13 18.8829 88.4855
712 18.3899 88.5438
386 17.9098 88.6006
490 17.504 88.6486
886 16.9572 88.7133
442 16.3647 88.7834
316 15.8073 88.8493
1 15.3041 88.9089
138 14.8429 88.9635
93 14.4096 89.0147
568 13.9288 89.0716
628 13.4806 89.1246
982 13.0682 89.1734
803 12.6402 89.2241
570 12.2416 89.2712
892 12.0706 89.2915
955 11.8984 89.3118
247 11.7223 89.3327
301 11.5362 89.3547
300 11.3551 89.3761
750 11.2759 89.3855
462 11.1942 89.3951
39 11.098 89.4065
288 11.0148 89.4163
115 10.9248 89.427
973 10.8282 89.4384
905 10.7264 89.4504
435 10.634 89.4614
399 10.5452 89.4719
200 10.4508 89.483
380 10.3562 89.4942
792 10.2665 89.5048
364 10.1802 89.515
213 10.0898 89.5257
719 10.0843 89.5263
446 10.0789 89.527
405 10.0728 89.5277
953 10.0668 89.5284
914 10.0612 89.5291
199 10.0557 89.5298
547 10.0499 89.5305
31 10.0445 89.5311
401 10.0385 89.5318
106 10.0329 89.5325
585 10.0272 89.5332
736 10.022 89.5338
711 10.0165 89.5345
447 10.0111 89.5351
236 10.0056 89.5358
868 9.99978 89.5365
693 9.9946 89.5371
153 9.9892 89.5378
178 9.98375 89.5384
304 9.97856 89.539
753 9.97338 89.5396
360 9.96847 89.5402
827 9.96213 89.541
988 9.95607 89.5417
75 10.0375 88.4169
436 10.078 87.8572
108 10.1142 87.3566
90 10.1523 86.8301
678 10.1763 86.4983
95 10.2042 86.112
699 10.2318 85.7311
944 10.2602 85.338
969 10.2845 85.0019
780 10.3136 84.5997
557 10.34 84.234
444 10.3695 83.8261
637 10.3981 83.4314
240 10.4303 82.9856
263 10.4593 82.5852
718 10.4916 82.1381
916 10.5264 81.6574
321 10.5627 81.1555
815 10.5953 80.7049
991 10.6355 80.15
487 10.6726 79.6365
657 10.709 79.1333
220 10.7425 78.6696
551 10.7699 78.2916
429 10.7995 77.8829
879 10.8264 77.5103
554 10.8478 77.215
169 10.8723 76.8758
203 10.905 76.4236
890 10.941 75.9264
734 10.9801 75.3853
759 10.9858 75.3077
546 10.9923 75.2176
615 10.9991 75.1228
426 11.0062 75.0247
338 11.0146 74.9095
517 11.022 74.8072
639 11.0285 74.716
694 11.0355 74.6199
224 11.0421 74.5278
686 11.0491 74.4319
346 11.0559 74.3381
255 11.0631 74.2377
860 11.0692 74.1532
948 11.0759 74.0611
796 11.0821 73.9748
277 11.0893 73.8754
667 11.0959 73.7845
556 11.102 73.6995
728 11.1086 73.609
665 11.116 73.5064
298 11.1228 73.4129
207 11.1296 73.3181
445 11.1365 73.2225
427 11.1433 73.1291
433 11.1497 73.0396
607 11.1572 72.9364
830 11.1641 72.8413
966 11.1741 72.7029
701 11.1821 72.5922
14 11.191 72.4683
457 11.1992 72.3561
97 11.2083 72.2299
113 11.2168 72.1118
162 11.2259 71.9855
482 11.2352 71.8571
502 11.244 71.7355
799 11.2534 71.6054
717 11.2623 71.4828
381 11.2708 71.3643
272 11.2792 71.2486
114 11.2882 71.1247
196 11.297 71.0016
77 11.3049 70.8924
939 11.3128 70.7831
784 11.5603 70.5993
703 11.798 70.4227
411 12.0218 70.2565
552 12.2276 70.1036
500 12.4084 69.9693
119 12.6078 69.8213
219 12.8097 69.6713
398 13.0199 69.5151
680 13.2194 69.3669
924 13.4296 69.2108
764 13.63 69.0619
565 13.8116 68.927
772 14.1182 69.1615
374 14.4404 69.4081
326 14.7635 69.6552
88 15.0663 69.8868
339 15.3788 69.3884
503 15.7174 68.8482
965 16.1078 68.2255
599 16.3744 67.8004
275 16.4957 67.6069
479 16.6221 67.4052
192 16.7629 67.1807
691 16.9173 66.9344
981 17.0499 66.7229
729 17.1713 66.5293
600 17.278 66.3591
903 17.4022 66.1609
390 17.5177 65.9767
705 17.1283 65.534
733 16.7964 65.1566
846 16.4428 64.7546
720 16.0845 64.3472
361 15.636 63.8373
400 15.0432 63.1632
630 14.178 62.1795
371 13.2106 61.0796
347 13.2106 61.0796
747 13.3561 59.8863
166 13.51 58.6242
970 13.6016 57.8724
949 13.7344 56.7831
735 13.7344 56.7831
956 13.7344 56.7831
677 13.7344 56.7831
100 13.7344 56.7831
79 13.7344 56.7831
329 13.7344 56.7831
601 13.7344 56.7831
81 13.6771 56.6429
542 13.6131 56.4867
154 13.5581 56.3523
531 13.5161 56.2497
589 13.47 56.1372
234 13.4215 56.0188
352 13.3695 55.8918
739 13.3236 55.7797
233 13.2738 55.658
451 13.2216 55.5305
936 13.1601 55.3802
858 13.1041 55.2436
758 13.0486 55.108
341 12.9946 54.9762
925 12.9474 54.8607
336 12.8969 54.7374
57 12.8431 54.606
218 12.794 54.4861
131 12.7478 54.3734
805 12.6941 54.242
909 12.6454 54.1232
524 12.6028 54.0191
376 12.5352 53.8541
972 12.4504 53.6468
3 12.3729 53.4576
330 10.8032 49.626
463 10.8032 49.626
841 10.8032 49.626
228 10.8032 49.626
222 10.8032 49.626
990 10.8032 49.626
616 10.8032 49.626
527 10.8032 49.626
749 10.8032 49.626
708 10.8032 49.626
47 10.8032 49.626
116 10.8032 49.626
760 10.8032 49.626
770 10.8032 49.626
534 10.8032 49.626
863 10.8032 49.626
489 10.8032 49.626
663 10.8032 49.626
174 10.8032 49.626
505 10.8032 49.626
182 10.8032 49.626
148 10.8032 49.626
122 10.8032 49.626
303 10.9144 49.4823
476 11.0349 49.3265
849 11.132 49.2009
214 11.3564 48.9108
771 11.6462 48.5363
797 11.899 48.2095
475 12.1434 47.8935
496 12.1861 47.8383
279 12.2287 47.7832
633 12.2746 47.7239
423 12.2708 47.5893
422 12.2677 47.4827
698 12.2564 47.0859
78 12.2439 46.6472
723 12.2333 46.2774
373 12.2248 45.9799
283 12.2146 45.6212
731 12.2055 45.3034
384 12.1965 44.9883
157 12.1884 44.7031
128 12.1634 43.8301
312 12.1329 42.7628
212 12.1023 41.6951
328 12.0722 40.6427
958 12.0832 40.57
125 12.0942 40.4975
652 12.104 40.433
499 12.1143 40.3647
10 12.2742 39.3084
32 12.4276 38.2948
46 12.5743 37.3255
123 12.7369 36.2508
65 12.9527 34.8252
794 13.1508 33.5158
514 13.1508 33.5158
87 13.1508 33.5158
86 13.1508 33.5158
985 13.4587 32.8687
4 13.77 32.2146
299 14.0939 31.534
700 14.432 30.8233
915 14.7294 30.1987
133 15.0002 29.6293
572 15.2754 29.0507
824 15.5466 28.4808
455 15.5461 28.4804
549 15.5457 28.48
661 14.978 28.0077
829 14.4739 27.5885
121 13.6896 26.9359
74 12.7098 26.1197
898 11.6987 25.2781
366 11.7385 25.0481
474 11.7677 24.8793
943 11.797 24.7103
268 11.828 24.5315
362 11.8603 24.345
641 11.891 24.1673
602 11.922 23.9886
902 12.0932 22.9968
899 12.2404 22.1449
439 12.4009 21.2155
646 12.4715 20.8079
258 12.5315 20.4614
348 12.6007 20.0612
836 12.6647 19.6917
881 12.74 19.256
402 12.7465 19.2186
741 12.7533 19.179
331 12.7602 19.1392
682 12.7679 19.095
674 12.7753 19.052
211 12.7826 19.0102
673 12.789 18.9729
588 12.7961 18.932
710 12.8026 18.8946
629 12.8102 18.8509
412 12.8168 18.8123
61 12.8236 18.7734
963 12.83 18.7361
187 12.8381 18.6898
488 13.2796 16.1234
8 13.4198 15.3084
722 13.5345 14.6422
812 13.5819 14.3665
246 21.6705 14.2812
254 24.3495 14.2531
284 27.8272 14.2166
518 33.7583 14.1542
287 33.7372 14.7736
310 33.7135 15.4671
883 33.6904 16.1409
111 33.669 16.7691
64 33.6485 17.3686
822 33.6285 17.9553
709 33.6098 18.501
467 33.5923 19.0137
379 33.5867 19.1772
337 33.5817 19.3239
653 33.5765 19.4767
26 33.571 19.6375
573 33.5658 19.7898
407 33.5605 19.9455
704 33.5546 20.1182
669 33.5488 20.286
351 33.5338 20.7263
363 33.5126 21.348
626 33.4876 22.0768
643 33.4646 22.7519
702 33.4346 23.6301
261 33.3856 25.0651
307 33.3369 26.4888
934 33.286 27.9781
586 33.2169 29.9999
664 33.1522 31.8925
486 33.1162 32.9479
869 33.0783 34.0558
535 33.0372 35.2569
655 33.0346 35.333
11 33.0346 35.333
438 33.0346 35.333
354 33.0346 35.333
160 33.0346 35.333
221 33.0346 35.333
38 33.0346 35.333
687 33.0346 35.333
748 33.0346 35.333
151 33.0346 35.333
787 33.0346 35.333
612 33.0346 35.333
37 33.0346 35.333
783 33.163 35.3321
619 33.2806 35.3312
529 33.3983 35.3303
811 33.5091 35.3294
397 33.6149 35.3286
205 33.9282 35.3262
414 34.4057 35.3226
834 34.9171 35.3188
191 35.394 35.3152
257 35.869 35.3116
421 36.3281 35.3081
388 36.7166 35.3051
66 41.073 35.2726
692 41.4727 35.2695
566 41.9316 35.2661
69 42.4318 35.2623
679 42.4318 35.2623
853 42.4651 35.2522
278 42.4972 35.2426
917 43.9535 34.804
906 46.304 34.096
751 47.8658 33.6256
681 49.1164 33.249
55 50.2766 32.8996
821 51.2915 32.594
634 51.5321 32.5215
930 51.7677 32.4506
716 52.0033 32.3796
865 52.2526 32.3045
785 52.5134 32.226
355 52.7808 32.1455
844 53.0321 32.0698
6 53.3114 31.9857
819 53.5776 31.9055
197 53.5776 31.9055
781 53.5776 31.9055
27 53.5776 31.9055
873 53.5776 31.9055
45 53.5776 31.9055
555 53.5776 31.9055
209 53.5776 31.9055
289 53.5776 31.9055
250 53.5776 31.9055
164 53.5776 31.9055
377 53.5776 31.9055
217 53.5776 31.9055
831 56.9254 27.7097
419 59.0333 25.068
721 64.6784 17.9918
581 64.8616 17.7622
176 65.0687 17.5026
959 65.2485 17.2773
777 65.4633 17.0081
24 65.6741 16.7439
598 65.8966 16.4651
295 66.1272 16.1761
504 66.3755 15.8649
103 66.6471 15.5246
