0,627,345,260,243,979,483,98,520,590,232,33,967,609,466,592,745,198,920,29,274,835,884,951,932,425,195,242,387,553,670,838,977,170,136,107,497,506,684,744,583,152,332,334,528,818,383,900,67,201,975,110,962,71,837,340,481,385,311,685,25,660,417,450,372,204,473,725,775,889,813,251,318,740,135,580,353,666,159,820,864,893,854,742,322,494,648,928,983,149,51,83,158,845,847,140,245,145,378,937,290,816,317,931,460,94,802,9,800,895,575,126,826,947,62,52,12,952,690,851,202,856,817,118,18,544,285,620,832,42,622,177,280,887,801,754,940,911,259,395,465,464,477,880,335,567,584,823,40,415,992,984,297,406,516,273,229,737,861,434,449,624,782,179,344,23,774,536,896,305,156,746,185,532,408,193,980,367,511,369,882,564,389,319,659,618,5,292,206,165,313,541,961,105,375,755,343,874,448,241,239,636,559,394,642,807,539,974,416,265,866,82,53,766,713,320,294,22,649,638,614,613,92,230,72,2,561,215,814,530,763,309,707,437,129,172,752,569,256,139,548,392,181,28,738,470,231,918,521,872,223,124,428,885,167,786,753,808,491,490,696,761,795,271,672,41,768,150,249,50,456,593,859,96,954,253,610,960,424,368,877,441,146,611,409,296,651,93,227,15,871,776,833,430,714,631,20,13,757,73,773,578,418,36,120,141,44,306,750,300,169,780,247,88,301,982,436,719,585,557,200,1,615,953,792,95,678,364,699,637,115,263,933,969,447,803,244,325,380,462,386,695,442,183,399,914,316,108,469,304,568,39,712,75,815,203,401,153,106,31,916,736,693,236,547,213,435,988,944,827,759,868,718,495,446,560,288,554,426,240,90,546,444,905,321,890,711,405,17,58,138,339,199,628,168,830,360,973,524,255,346,686,113,879,192,924,991,277,326,860,948,376,517,502,608,955,665,556,825,48,374,799,487,457,796,503,482,14,338,400,717,570,298,207,219,398,728,500,667,886,427,433,607,119,892,178,224,694,639,703,411,162,431,429,361,371,701,888,130,739,970,946,3,272,601,658,680,551,927,329,220,97,552,479,77,734,966,381,445,657,630,451,760,764,303,214,925,234,784,531,972,981,114,772,166,347,939,897,233,956,81,196,489,805,909,131,222,691,542,747,708,218,849,565,182,116,908,652,616,797,496,122,936,771,589,423,527,677,863,499,283,87,10,949,958,46,123,749,148,212,312,341,463,128,731,336,142,438,47,57,633,279,154,705,100,352,397,228,475,37,535,612,534,505,174,770,476,841,32,384,373,403,78,858,698,663,157,330,268,65,133,990,125,700,328,829,836,710,514,899,943,474,4,258,898,794,985,661,74,641,86,121,61,331,963,211,741,588,299,682,366,572,673,412,455,674,348,402,488,187,722,8,812,646,362,881,629,307,363,439,643,669,407,518,902,337,653,64,822,351,246,284,626,354,709,111,221,915,573,883,602,824,702,26,287,310,704,467,160,379,261,254,934,480,191,935,679,549,486,586,421,692,853,543,664,525,11,302,748,687,834,869,787,205,278,655,723,257,811,862,989,706,151,388,917,619,7,414,529,790,492,180,876,194,783,356,566,522,370,512,891,945,49,269,603,237,778,848,413,127,210,508,471,452,155,912,101,89,621,938,38,461,758,391,901,965,175,147,324,688,913,756,510,422,493,79,390,957,54,929,922,30,104,533,735,34,545,59,132,327,587,599,507,730,291,645,404,640,839,729,350,410,308,21,365,267,604,596,459,804,809,894,137,765,732,720,264,382,846,689,878,788,501,275,903,733,635,600,333,349,571,252,526,662,184,76,550,919,789,270,840,574,950,359,697,591,454,266,99,189,537,806,60,16,443,726,540,971,576,513,171,225,910,163,523,484,134,144,597,724,562,216,235,743,563,976,56,857,986,91,632,617,676,779,80,715,683,226,769,248,109,453,282,558,84,904,582,112,432,595,173,987,671,921,208,579,190,420,942,625,852,315,605,102,238,286,577,161,293,647,393,654,478,509,867,650,727,941,656,70,810,485,68,468,440,668,968,907,515,842,396,538,188,762,798,767,793,623,519,791,843,964,498,855,69,281,342,472,926,117,262,35,850,923,357,978,875,606,906,355,634,644,844,276,143,186,85,358,197,314,323,681,6,19,45,66,675,781,716,27,594,63,458,870,217,43,250,419,164,289,831,785,865,821,555,930,377,828,873,55,751,209,721,777,581,504,598,295,959,24,819,176,103,
value : 443.108 running time : 220.029843
0 80 20
627 84.9263 18.1073
345 85.6696 17.8217
260 86.2684 17.5916
243 86.2684 17.5916
979 86.2684 17.5916
483 86.2684 17.5916
98 84.6543 27.9468
520 83.8561 33.0674
590 83.2694 36.8314
232 82.2466 43.3927
33 82.2806 43.6075
967 82.327 43.9009
609 82.3623 44.1245
466 82.4 44.3627
592 82.4414 44.6251
745 82.4814 44.8781
198 82.5303 45.1873
920 82.5652 45.4081
29 82.5992 45.6232
274 82.6363 45.8579
835 82.6772 46.1165
884 82.726 46.4252
951 82.7647 46.6699
932 82.8012 46.9013
425 82.8372 47.1286
195 82.8739 47.3612
242 82.9146 47.6186
387 82.9511 47.8494
553 82.9855 48.0672
670 83.0198 48.2837
838 83.2676 49.8519
977 83.4924 51.2736
170 83.6469 52.2512
136 83.7847 53.1228
107 83.9346 54.0709
497 84.0809 54.9968
506 82.0981 57.8451
684 79.8218 61.1148
744 76.0935 66.4704
583 76.0935 66.4704
152 76.0224 66.6362
332 75.9587 66.7849
334 75.8987 66.9248
528 75.8316 67.0815
818 75.7609 67.2465
383 75.7298 67.3192
900 75.6964 67.397
67 75.6642 67.4721
201 75.6346 67.5412
975 75.6017 67.6179
110 75.5694 67.6933
962 75.5345 67.7749
71 75.4999 67.8556
837 75.4778 67.9072
340 75.4556 67.9589
481 78.8072 73.6854
385 80.318 75.5169
311 82.9306 78.684
685 84.3591 80.4157
25 84.7672 80.9104
660 85.0171 81.2133
417 85.258 81.5054
450 85.597 81.9163
372 85.9987 82.4033
204 85.1575 83.2823
473 83.943 84.5513
725 82.8217 85.7231
775 81.8094 86.7808
889 81.188 87.4301
813 80.2597 88.4001
251 79.5021 89.1917
318 79.5021 89.1917
740 79.5021 89.1917
135 79.5021 89.1917
580 79.5021 89.1917
353 79.5021 89.1917
666 79.5021 89.1917
159 79.5021 89.1917
820 79.5021 89.1917
864 79.5021 89.1917
893 79.5021 89.1917
854 79.5021 89.1917
742 79.5021 89.1917
322 79.5021 89.1917
494 79.5021 89.1917
648 79.5021 89.1917
928 79.5021 89.1917
983 78.7822 88.9406
149 73.5758 87.1247
51 69.8787 85.8352
83 68.7427 85.439
158 67.6216 85.048
845 66.0907 84.5141
847 64.3147 83.8947
140 63.8851 83.7448
245 63.8707 83.7398
145 63.8707 83.7398
378 63.8707 83.7398
937 63.8707 83.7398
290 63.8707 83.7398
816 62.8533 83.8864
317 61.9469 84.0171
931 61.0424 84.1474
460 60.1026 84.2828
94 59.0007 84.4417
802 58.5881 84.5011
9 58.5996 84.6161
800 58.6115 84.7351
895 58.6237 84.8567
575 58.6366 84.9851
126 58.6482 85.101
826 58.6608 85.2263
947 58.7245 85.8619
62 58.788 86.4955
52 58.8401 87.0149
12 58.8518 87.1316
952 58.8659 87.2726
690 58.8793 87.4055
851 58.893 87.5425
202 58.9074 87.686
856 58.9221 87.8325
817 58.9348 87.959
118 58.9461 88.0722
18 58.9578 88.1885
544 58.9725 88.3353
285 58.9819 88.4297
620 58.9896 88.5058
832 57.8423 88.243
42 57.8423 88.243
622 57.8423 88.243
177 57.8423 88.243
280 57.8423 88.243
887 57.8423 88.243
801 57.8423 88.243
754 57.8422 88.243
940 57.8422 88.243
911 57.8422 88.243
259 57.8422 88.243
395 57.8422 88.243
465 57.8422 88.243
464 57.6598 88.2487
477 57.4642 88.2547
880 57.2507 88.2614
335 57.0753 88.2668
567 56.9168 88.2718
584 56.7456 88.2771
823 56.5778 88.2823
40 56.2588 88.2922
415 55.9642 88.3014
992 55.7039 88.3095
984 55.4136 88.3185
297 55.1107 88.328
406 54.6877 88.3411
516 54.3228 88.3525
273 53.9739 88.3633
229 53.4922 88.3783
737 52.9998 88.3936
861 52.4666 88.4102
434 51.9592 88.426
449 51.42 88.4428
624 51.4121 88.443
782 51.4041 88.4433
179 51.3957 88.4435
344 51.3878 88.4438
23 51.3793 88.444
774 51.3705 88.4443
536 51.3617 88.4446
896 51.3535 88.4448
305 51.3446 88.4451
156 51.3365 88.4454
746 51.3287 88.4456
185 51.3216 88.4458
532 51.0147 88.4554
408 50.7479 88.4637
193 50.4894 88.4717
980 50.2555 88.479
367 49.9996 88.487
511 49.7464 88.4949
369 49.5071 88.5023
882 49.2275 88.511
564 48.8739 88.522
389 48.5548 88.5319
319 48.2716 88.5408
659 47.9838 88.5497
618 47.7115 88.5582
5 47.3806 88.5685
292 47.0707 88.5781
206 46.8182 88.586
165 46.5792 88.5934
313 46.3474 88.6006
541 46.0859 88.6088
961 45.8224 88.617
105 45.5347 88.6259
375 45.2322 88.6353
755 44.9446 88.6443
343 44.6525 88.6534
874 44.3536 88.6627
448 44.0518 88.6721
241 43.7914 88.6802
239 43.5425 88.6879
636 43.283 88.696
559 42.9967 88.7049
394 42.7049 88.714
642 42.451 88.7219
807 42.1651 88.7308
539 41.8813 88.7396
974 41.5867 88.7488
416 41.3764 88.7553
265 41.1571 88.7622
866 40.9612 88.7683
82 40.7577 88.7746
53 40.5345 88.7815
766 40.3193 88.7882
713 40.1078 88.7948
320 39.8865 88.8017
294 39.6546 88.8089
22 39.3969 88.8169
649 39.1685 88.8241
638 38.9315 88.8314
614 38.7159 88.8381
613 38.4897 88.8452
92 38.2651 88.8522
230 38.0573 88.8586
72 37.8449 88.8652
2 37.6344 88.8718
561 37.4394 88.8779
215 37.2319 88.8843
814 37.027 88.8907
530 36.8072 88.8975
763 36.506 88.9069
309 36.1751 88.9172
707 35.8426 88.9276
437 35.545 88.9368
129 35.2346 88.9465
172 34.9061 88.9567
752 34.5871 88.9666
569 34.2722 88.9764
256 33.9292 88.9871
139 33.6039 88.9972
548 33.2467 89.0083
392 32.8758 89.0199
181 32.506 89.0314
28 31.9259 89.0494
738 31.5029 89.0626
470 30.9984 89.0783
231 30.475 89.0946
918 29.92 89.1119
521 29.3549 89.1295
872 29.255 89.1326
223 29.1431 89.1361
124 29.0256 89.1397
428 28.9029 89.1435
885 28.7779 89.1474
167 28.6682 89.1508
786 28.555 89.1544
753 28.4299 89.1582
808 28.3297 89.1614
491 28.208 89.1652
490 28.1109 89.1682
696 28.0124 89.1712
761 27.917 89.1742
795 27.8262 89.177
271 27.7309 89.18
672 27.6279 89.1832
41 27.5193 89.1866
768 27.4155 89.1898
150 27.3213 89.1927
249 27.2108 89.1962
50 27.1042 89.1995
456 27.0032 89.2026
593 26.9054 89.2057
859 26.8154 89.2085
96 26.7258 89.2113
954 26.633 89.2142
253 26.5386 89.2171
610 26.4405 89.2202
960 26.3467 89.2231
424 26.2392 89.2264
368 26.1406 89.2295
877 26.0523 89.2322
441 25.8456 89.2387
146 25.6781 89.2439
611 25.44 89.2513
409 25.2122 89.2584
296 25.0062 89.2648
651 24.7569 89.2725
93 24.5134 89.2801
227 24.2967 89.2869
15 24.102 89.2929
871 23.9234 89.2985
776 23.743 89.3041
833 23.581 89.3091
430 23.4141 89.3143
714 23.2387 89.3198
631 23.0762 89.3248
20 22.903 89.3302
13 22.6746 89.3373
757 22.4699 89.3437
73 22.2543 89.3504
773 22.0313 89.3574
578 21.7967 89.3647
418 21.5567 89.3721
36 21.3143 89.3797
120 21.0813 89.3869
141 20.8247 89.3949
44 19.7427 89.4286
306 18.6163 89.4636
750 14.6503 89.587
300 11.4778 89.6857
169 11.4444 89.6868
780 11.4159 89.6876
247 11.3857 89.6886
88 11.3572 89.6895
301 11.3223 89.6905
982 11.2915 89.6915
436 11.2599 89.6925
719 11.228 89.6935
585 11.1973 89.6944
557 11.1693 89.6953
200 11.138 89.6963
1 11.1077 89.6972
615 11.0762 89.6982
953 11.0453 89.6992
792 11.0158 89.7001
95 10.9887 89.7009
678 10.9586 89.7019
364 10.9299 89.7027
699 10.9015 89.7036
637 10.871 89.7046
115 10.8437 89.7054
263 10.8117 89.7064
933 10.7839 89.7073
969 10.7495 89.7084
447 10.7205 89.7093
803 10.6927 89.7101
244 10.668 89.7109
325 10.6366 89.7119
380 10.6062 89.7128
462 10.5786 89.7137
386 10.5479 89.7146
695 10.5185 89.7155
442 10.489 89.7165
183 10.4602 89.7174
399 10.4261 89.7184
914 10.3913 89.7195
316 10.3612 89.7204
108 10.3306 89.7214
469 10.3037 89.7222
304 10.2714 89.7232
568 10.2398 89.7242
39 10.2087 89.7252
712 10.1816 89.726
75 10.1458 89.7271
815 10.1458 89.7271
203 10.1458 89.7271
401 10.1458 89.7271
153 10.1458 89.7271
106 10.1458 89.7271
31 10.1458 89.7271
916 10.1458 89.7271
736 10.1458 89.7271
693 10.1458 89.7271
236 10.1458 89.7271
547 10.1458 89.7271
213 10.1458 89.7271
435 10.1458 89.7271
988 10.1458 89.7271
944 10.2478 88.7539
827 10.2692 88.5498
759 10.2967 88.2875
868 10.3191 88.0737
718 10.3465 87.8119
495 10.3731 87.5579
446 10.4002 87.2995
560 10.4297 87.0184
288 10.4548 86.7791
554 10.4823 86.5169
426 10.4988 86.3591
240 10.5154 86.2007
90 10.5318 86.0442
546 10.5471 85.8983
444 10.5623 85.7528
905 10.5784 85.6
321 10.5947 85.4442
890 10.6084 85.313
711 10.6217 85.1864
405 10.6378 85.0327
17 10.6565 84.8543
58 10.6771 84.6585
138 10.6964 84.474
339 10.7187 84.2613
199 10.736 84.0965
628 10.7561 83.9043
168 10.777 83.7053
830 10.7952 83.531
360 10.8115 83.3758
973 10.8287 83.2121
524 11.6262 75.6033
255 11.6355 75.5151
346 11.6405 75.4668
686 11.6461 75.414
113 11.6514 75.3632
879 11.657 75.3098
192 11.6623 75.2594
924 11.6668 75.2163
991 11.671 75.1761
277 11.676 75.1288
326 11.6802 75.088
860 11.6849 75.0438
948 11.6899 74.9954
376 11.6951 74.9461
517 11.6997 74.9023
502 11.7041 74.8605
608 11.7082 74.8213
955 11.7126 74.7797
665 11.7177 74.731
556 11.7222 74.6874
825 11.7269 74.6431
48 11.7316 74.5984
374 11.7366 74.55
799 11.7418 74.5004
487 11.7461 74.4595
457 11.7506 74.4164
796 11.7554 74.3707
503 11.7605 74.3223
482 11.7656 74.274
14 11.7702 74.2299
338 11.7747 74.187
400 11.779 74.146
717 11.7834 74.1035
570 11.7874 74.0655
298 11.792 74.0221
207 11.7966 73.9784
219 11.8012 73.9339
398 11.8058 73.8904
728 11.8099 73.8515
500 11.8146 73.8065
667 11.8193 73.7616
886 11.8235 73.7212
427 11.8286 73.6729
433 11.8329 73.6319
607 11.8378 73.5847
119 11.8425 73.5404
892 11.8463 73.5041
178 11.8506 73.4624
224 11.8553 73.4182
694 11.8598 73.3747
639 11.8642 73.3334
703 11.8688 73.2888
411 11.8724 73.2551
162 11.876 73.2209
431 11.8794 73.1883
429 11.8831 73.153
361 11.8867 73.1181
371 11.8906 73.0811
701 11.8935 73.0532
888 11.8968 73.0223
130 11.9043 72.784
739 11.9112 72.5628
970 11.9174 72.3647
946 11.9232 72.1801
3 11.9305 71.9489
272 11.9371 71.7383
601 11.9435 71.533
658 11.9491 71.3557
680 11.9682 70.7476
551 11.9867 70.1575
927 12.0095 69.4294
329 11.9892 69.0795
220 11.9722 68.7875
97 11.9532 68.4605
552 11.9339 68.1282
479 11.9159 67.819
77 11.8956 67.4694
734 11.8755 67.1222
966 11.8561 66.7888
381 11.8348 66.4219
445 11.8121 66.0316
657 11.7871 65.6026
630 11.7567 65.0778
451 11.7254 64.5403
760 11.6989 64.0836
764 11.6728 63.6352
303 11.6463 63.1787
214 11.6247 62.8066
925 11.6097 62.5486
234 11.595 62.2966
784 11.58 62.0384
531 11.5642 61.7663
972 11.5484 61.4948
981 11.5344 61.2538
114 11.5207 61.0181
772 11.5054 60.7548
166 11.4896 60.4823
347 11.4761 60.2503
939 11.4621 60.0087
897 11.435 59.5434
233 11.4045 59.017
956 11.3758 58.5244
81 11.3506 58.0902
196 11.317 57.5128
489 11.281 56.8923
805 11.2521 56.3945
909 11.2226 55.8868
131 11.1997 55.4935
222 11.1693 54.9709
691 11.1436 54.5281
542 11.1154 54.0425
747 11.0899 53.6049
708 11.0593 53.077
218 11.0298 52.5694
849 11.0001 52.0581
565 10.9706 51.5515
182 10.9355 50.9476
116 10.9015 50.3625
908 10.8692 49.8061
652 10.8681 49.7975
616 10.867 49.7891
797 10.8659 49.781
496 10.8648 49.7728
122 10.8638 49.7649
936 10.8314 49.5185
771 10.7987 49.269
589 10.7703 49.0524
423 10.7281 48.7309
527 10.6939 48.4706
677 10.656 48.1817
863 10.6095 47.8275
499 10.5689 47.5185
283 11.0734 47.3187
87 11.5513 47.1294
10 11.712 47.1767
949 11.8758 47.2248
958 12.0012 47.2617
46 12.1434 47.3035
123 12.3026 47.3504
749 12.4594 47.3965
148 12.6236 47.4448
212 12.7684 47.4873
312 12.9251 47.5334
341 13.0918 47.5825
463 13.2515 47.6294
128 13.4035 47.6741
731 13.7165 47.7662
336 14.0551 47.8658
142 14.3521 47.9531
438 14.6091 48.0287
47 14.7212 48.0617
57 14.8608 48.1028
633 15.018 48.149
279 15.1513 48.1882
154 15.2832 48.227
705 15.4377 48.2724
100 15.3471 47.6411
352 15.2568 47.0114
397 15.1626 46.355
228 15.0738 45.736
475 14.9951 45.1876
37 14.9128 44.6144
535 14.8278 44.0215
612 14.7104 43.2037
534 14.4729 43.1249
505 14.2502 43.0511
174 14.0488 42.9843
770 13.8305 42.9119
476 13.6399 42.8488
841 13.4281 42.7785
32 13.2337 42.7141
384 13.0041 42.638
373 12.7957 42.5689
403 12.6156 42.5092
78 12.4005 42.4379
858 12.1711 42.3618
698 11.9146 42.2768
663 11.5899 42.1691
157 11.2075 42.0423
330 11.3037 40.5944
268 11.405 39.0694
65 11.4304 38.6869
133 11.4556 38.3068
990 11.4771 37.9842
125 11.501 37.6237
700 11.5235 37.2852
328 11.5462 36.9431
829 11.6534 35.3287
836 11.7339 34.1173
710 11.7994 33.1316
514 11.8582 32.2452
899 11.9182 31.3426
943 11.947 30.9095
474 11.9773 30.4533
4 12.0002 30.1076
258 12.0247 29.7389
898 12.0473 29.3993
794 12.0734 29.0062
985 12.0987 28.6253
661 12.1276 28.1903
74 12.1522 27.8195
641 12.1774 27.4401
86 12.2014 27.0796
121 12.2568 26.2444
61 12.5458 21.8938
331 12.5638 21.6217
963 12.5825 21.341
211 12.6025 21.0389
741 12.6206 20.7675
588 12.6395 20.4821
299 12.656 20.2341
682 12.6752 19.9454
366 12.6928 19.6795
572 12.7079 19.4529
673 12.7269 19.1666
412 12.7467 18.8683
455 12.7656 18.5841
674 12.7871 18.2605
348 12.8061 17.9739
402 12.8247 17.6944
488 12.8472 17.3549
187 12.8472 17.3549
722 13.3415 14.9996
8 13.395 14.7448
812 13.4514 14.4761
646 13.923 14.4673
362 14.7029 14.4528
881 15.7374 14.4336
629 17.1543 14.4072
307 25.2315 14.2571
363 26.7779 14.2283
439 27.8349 14.2087
643 29.0847 14.1854
669 30.6252 14.1568
407 32.2806 14.126
518 33.7053 14.0995
902 33.426 19.174
337 33.4203 19.2775
653 33.4147 19.3789
64 33.4091 19.481
822 33.4035 19.5837
351 33.3984 19.6757
246 33.3927 19.7804
284 33.3869 19.8852
626 33.3813 19.9859
354 33.3755 20.0915
709 33.3705 20.1836
111 33.3655 20.2746
221 33.3599 20.3764
915 33.355 20.4642
573 33.3508 20.5414
883 33.3455 20.6376
602 33.3399 20.739
824 33.3399 20.739
702 33.3399 20.739
26 33.3399 20.739
287 33.3399 20.739
310 33.3399 20.739
704 33.3399 20.739
467 33.3399 20.739
160 33.3399 20.739
379 33.3399 20.739
261 33.3399 20.739
254 33.3399 20.739
934 33.6653 25.6929
480 33.9873 30.5942
191 34.0656 31.7858
935 34.1426 32.9588
679 34.1817 33.5549
549 34.2182 34.1097
486 34.2554 34.6768
586 34.2948 35.2767
421 34.3359 35.9023
692 34.3786 36.5524
853 34.4189 37.1655
543 34.4624 37.8279
664 34.4669 37.8976
525 34.4717 37.9705
11 34.4762 38.0382
302 34.4811 38.1127
748 34.4853 38.1777
687 34.4895 38.2407
834 34.4934 38.3005
869 34.4975 38.3631
787 34.5016 38.426
205 34.5066 38.5012
278 34.5269 38.8112
655 34.5503 39.1668
723 34.6489 39.4438
257 34.8229 39.8885
811 35.0149 40.379
862 35.2124 40.8838
989 35.4042 41.3739
706 35.5908 41.8509
151 35.7758 42.3238
388 35.971 42.8225
917 36.1702 43.3315
619 36.3738 43.8519
7 36.5698 44.3528
414 36.7764 44.8807
529 36.9864 45.4176
790 37.5885 46.9561
492 38.2634 48.6808
180 38.2634 48.6808
876 38.2634 48.6808
194 38.2634 48.6808
783 38.2634 48.6808
356 38.2634 48.6808
566 38.2634 48.6808
522 38.2634 48.6808
370 38.2634 48.6808
512 38.2634 48.6808
891 38.2634 48.6808
945 38.2634 48.6808
49 38.2634 48.6808
269 38.2634 48.6808
603 38.2634 48.6808
237 38.2634 48.6808
778 38.2634 48.6808
848 38.2634 48.6808
413 38.2634 48.6808
127 38.2634 48.6808
210 38.2634 48.6808
508 38.2634 48.6808
471 38.2634 48.6808
452 38.2634 48.6808
155 38.2634 48.6808
912 38.2634 48.6808
101 38.2634 48.6808
89 37.0352 49.3864
621 35.9587 50.0047
938 31.6739 52.4662
38 31.0786 52.8082
461 30.4103 53.192
758 29.1509 53.9155
391 29.35 54.751
901 29.5931 55.7704
965 29.8172 56.7106
175 29.9387 57.2199
147 29.9799 57.3929
324 30.0259 57.5857
688 30.0751 57.7922
913 30.126 58.0057
756 30.1839 58.2483
510 30.2386 58.4778
422 30.2933 58.7072
493 30.3519 58.953
79 30.4066 59.1827
390 30.4638 59.4224
957 30.5164 59.6432
54 30.5696 59.8661
929 30.6207 60.0804
922 30.6722 60.2966
30 30.7275 60.5284
104 30.7825 60.7591
533 30.8323 60.9679
735 30.8835 61.1826
34 30.9355 61.4009
545 30.987 61.617
59 31.0448 61.8595
132 31.109 62.1286
327 31.3187 62.5047
587 31.5139 62.8548
599 31.7004 63.1893
507 31.8978 63.5434
730 32.1347 63.9682
291 32.297 64.2594
645 32.4621 64.5555
404 32.6382 64.8714
640 32.7889 65.1416
839 32.9562 65.4418
729 33.1403 65.7719
350 33.3834 66.208
410 33.3834 66.208
308 33.3834 66.208
21 33.3834 66.208
365 33.3834 66.208
267 33.3834 66.208
604 33.3834 66.208
596 33.3834 66.208
459 33.3834 66.208
804 33.3834 66.208
809 33.3834 66.208
894 33.3834 66.208
137 33.3834 66.208
765 33.3834 66.208
732 33.3834 66.208
720 33.3834 66.208
264 33.3834 66.208
382 33.1255 66.7448
846 32.845 67.3287
689 32.5824 67.8752
878 32.3702 68.3167
788 32.159 68.7563
501 31.9173 69.2594
275 31.6801 69.7531
903 31.4787 70.1723
733 31.2708 70.605
635 30.9998 71.1689
600 30.7673 71.6527
333 30.5505 72.104
349 30.3705 72.4786
571 30.1568 72.9233
252 29.9309 73.3936
526 29.7095 73.8544
662 29.4864 74.3186
184 29.2477 74.8154
76 29.2477 74.8154
550 29.3505 74.7751
919 29.4633 74.7308
789 29.5595 74.693
270 29.6737 74.6482
840 29.7843 74.6048
574 29.8679 74.572
950 29.957 74.537
359 30.066 74.4943
697 30.1578 74.4582
591 30.2609 74.4178
454 30.357 74.38
266 30.4508 74.3432
99 30.5531 74.3031
189 30.6642 74.2595
537 30.7608 74.2216
806 30.8647 74.1808
60 30.9625 74.1424
16 31.058 74.105
443 31.152 74.068
726 31.2619 74.0249
540 32.8858 73.3876
971 34.0095 72.9466
576 38.0108 71.3761
513 38.9024 71.0262
171 39.6095 70.7487
225 40.3348 70.4641
910 41.0447 70.1855
163 41.7911 69.8926
523 42.5566 69.5922
484 43.3235 69.2912
134 44.0556 69.0039
144 44.7962 68.7132
597 45.6084 68.3945
724 45.6084 68.3945
562 45.6084 68.3945
216 45.6084 68.3945
235 45.6084 68.3945
743 45.6084 68.3945
563 45.6084 68.3945
976 45.6084 68.3945
56 45.6084 68.3945
857 45.6084 68.3945
986 45.6084 68.3945
91 45.6084 68.3945
632 45.6084 68.3945
617 45.6084 68.3945
676 45.6084 68.3945
779 45.6084 68.3945
80 45.6084 68.3945
715 45.6084 68.3945
683 45.6084 68.3945
226 45.6084 68.3945
769 46.897 68.3112
248 47.7783 68.2543
109 49.0797 68.1702
453 50.2009 68.0978
282 51.323 68.0253
558 52.3779 67.9571
84 53.7825 67.8664
904 55.1855 67.7757
582 55.5765 67.7505
112 56.0209 67.7218
432 56.4736 67.6925
595 56.9578 67.6612
173 57.3569 67.6354
987 57.732 67.6112
671 58.1106 67.5868
921 58.4888 67.5623
208 60.6469 67.4229
579 63.2891 67.2521
190 63.2359 67.1512
420 63.1929 67.0696
942 63.148 66.9844
625 63.1069 66.9065
852 63.0708 66.838
315 62.9351 66.5805
605 62.7684 66.2642
102 62.6016 65.9478
238 62.5227 65.7979
286 62.4352 65.6319
577 62.3606 65.4904
161 62.3056 65.3861
293 62.253 65.2863
647 62.2035 65.1923
393 62.1542 65.0989
654 62.1032 65.002
478 62.0438 64.8893
509 61.993 64.7929
867 61.9354 64.6837
650 61.8735 64.5661
727 61.8171 64.4591
941 61.7507 64.3332
656 61.1384 63.5365
70 60.3753 62.5435
810 60.1789 62.288
485 59.9868 62.038
68 59.8084 61.8058
468 59.6042 61.5401
440 59.4165 61.296
668 59.2182 61.0379
968 59.0156 60.7743
907 58.8193 60.5189
515 58.6192 60.2585
842 58.4014 59.9752
396 58.2963 59.8383
538 58.201 59.7143
188 58.0983 59.5807
762 58.0071 59.462
798 57.9033 59.327
767 57.8069 59.2016
793 57.7009 59.0637
623 57.5955 58.9265
519 57.4989 58.8007
791 57.4063 58.6803
843 57.3044 58.5476
964 57.3044 58.5476
498 57.3044 58.5476
855 57.3044 58.5476
69 56.6342 54.2123
281 56.6168 54.0998
342 56.5971 53.9726
472 57.0868 53.6922
926 58.0457 53.1432
117 58.6503 52.7972
262 59.2288 52.4659
35 59.8745 52.0963
850 60.609 51.6758
923 60.3808 51.2418
357 60.2586 50.1749
978 60.1514 49.2393
875 60.0537 48.3866
606 59.9596 47.565
906 59.8702 46.7841
355 59.7925 46.1055
634 59.7405 45.6516
644 59.6927 45.2346
844 59.6411 44.784
276 59.6007 44.431
143 59.6007 44.4309
186 59.6007 44.4309
85 59.539 43.8709
358 59.4034 42.6389
197 59.2935 41.64
314 59.2256 41.023
323 59.155 40.3821
681 59.0758 39.6625
6 58.9978 38.9538
19 58.958 38.5921
45 58.9184 38.2326
66 58.8785 37.8701
675 58.8357 37.4816
781 58.7906 37.0715
716 58.7499 36.7017
27 58.7041 36.2854
594 58.6623 35.9057
63 58.6172 35.4961
458 58.5588 34.9652
870 58.5038 34.4657
217 58.4332 33.8242
43 58.3358 32.9397
250 58.1895 31.6105
419 58.0705 30.5289
164 58.0016 29.9028
289 57.9384 29.3289
831 58.0597 29.1437
785 58.1693 28.9766
865 58.2874 28.7963
821 58.4135 28.6038
555 58.5314 28.4239
930 58.6453 28.2501
377 58.8213 27.9814
828 59.0216 27.6758
873 59.2256 27.3644
55 59.4313 27.0505
751 59.636 26.7381
209 59.8868 26.3553
721 65.0871 18.4188
777 65.2755 18.1312
581 65.4554 17.8567
504 65.6342 17.5839
598 65.8096 17.3161
295 65.9859 17.047
959 66.1645 16.7744
24 66.3683 16.4634
819 66.5729 16.1513
176 66.8175 15.7779
103 67.0712 15.3908
