0,979,721,103,581,777,598,176,821,6,819,831,781,959,295,24,504,232,745,274,323,716,357,751,377,870,217,355,634,675,45,66,492,606,594,396,906,935,19,848,194,342,155,63,289,692,853,358,828,43,55,785,873,681,421,26,197,458,480,27,257,934,844,209,250,419,865,164,555,307,822,653,626,518,351,64,111,883,709,643,246,573,287,363,310,669,407,337,254,439,899,824,8,704,702,629,348,211,488,812,455,682,722,881,331,366,362,898,187,412,674,588,836,4,710,133,646,402,258,61,963,268,641,121,902,915,284,87,299,572,673,514,86,741,65,46,661,74,794,474,384,841,985,863,312,770,222,731,330,47,489,499,128,57,749,373,157,122,652,116,849,212,123,303,496,341,182,100,542,352,708,909,463,527,328,958,476,10,534,616,700,154,228,936,535,78,423,949,771,38,37,723,663,811,354,943,205,486,125,990,32,655,283,602,379,278,612,787,388,221,11,529,687,549,679,160,834,261,586,829,397,706,989,566,862,917,413,452,467,869,790,783,508,7,475,403,543,664,414,438,302,151,748,191,698,174,797,391,422,913,525,688,507,839,891,269,619,908,49,89,640,56,903,645,599,912,233,965,957,756,267,552,349,901,720,601,493,604,888,54,596,730,308,591,21,971,137,524,846,733,324,772,938,382,705,130,79,451,34,59,132,81,729,469,360,635,560,119,97,479,502,487,537,600,266,500,574,680,701,886,326,327,399,712,247,50,490,249,220,58,443,970,927,924,578,757,950,184,325,411,972,166,805,214,218,14,747,734,277,347,429,691,336,192,113,677,858,897,589,565,758,981,279,764,329,545,956,788,148,633,142,735,510,630,3,114,398,925,482,371,784,219,760,272,505,639,338,131,703,376,531,234,255,196,207,991,427,77,739,686,667,554,445,607,955,381,717,224,90,31,905,799,517,890,830,556,178,503,948,879,433,665,939,966,400,48,825,108,982,95,298,321,657,301,694,615,300,728,736,546,792,436,401,944,346,860,953,444,759,570,916,88,374,431,892,240,93,244,796,551,442,162,815,75,780,316,495,557,361,753,368,695,678,200,263,199,138,585,973,803,386,933,568,699,457,969,914,446,628,719,637,17,547,236,462,153,711,447,39,169,364,718,106,868,693,988,405,213,827,304,435,750,115,1,203,426,380,885,768,608,28,631,424,150,44,288,696,491,15,441,13,859,714,521,776,227,271,456,76,773,20,960,610,183,795,808,409,871,454,124,437,292,394,918,92,167,428,470,919,16,60,99,339,697,571,658,789,806,296,872,954,526,41,252,587,724,168,275,404,878,333,550,946,726,141,840,662,359,390,350,807,80,540,215,614,501,294,189,910,171,175,223,689,270,765,533,264,857,617,94,895,940,193,163,126,225,976,802,282,986,484,9,134,582,293,671,109,800,235,144,832,894,101,793,804,595,987,605,393,782,173,498,625,791,161,515,453,743,208,238,286,85,340,91,523,921,964,84,855,810,968,558,676,468,281,945,922,291,365,30,809,410,459,370,732,621,683,779,210,461,929,471,798,237,576,715,127,180,876,603,522,147,356,472,104,778,875,512,276,930,597,623,188,314,143,117,69,262,843,186,978,923,519,942,577,538,35,485,102,644,767,842,656,926,70,553,592,387,684,198,242,838,967,583,425,920,136,579,201,962,941,654,190,290,727,420,907,852,68,904,850,650,334,847,478,152,867,647,668,67,762,317,432,769,216,509,937,51,315,440,481,83,775,460,837,818,71,417,742,229,465,185,813,575,118,737,245,887,12,544,584,992,851,984,754,952,618,911,140,980,18,40,297,369,378,931,861,636,744,801,530,659,248,280,415,880,562,563,112,320,755,642,395,408,179,826,632,226,513,241,516,335,319,707,181,874,649,343,129,746,309,172,561,564,548,541,165,367,313,73,253,96,146,416,713,256,539,5,638,230,613,206,2,418,72,53,738,752,449,430,672,139,392,306,265,877,593,761,833,231,36,651,120,611,786,389,22,569,974,239,448,766,559,961,375,763,305,82,23,866,344,202,156,814,511,536,105,259,816,690,774,406,896,62,532,434,624,567,318,145,622,947,882,477,845,620,856,464,251,285,52,817,177,353,580,42,820,854,273,893,158,983,928,823,149,864,666,159,648,889,725,322,740,473,135,494,25,660,372,685,170,528,311,383,204,450,332,900,385,110,975,497,951,977,107,506,884,520,932,195,466,609,29,670,590,835,33,98,345,483,627,243,260,
value : 580.722 running time : 29.230413
0 80 20
979 78.5276 18.6698
721 73.1033 16.0463
103 69.4593 14.2839
581 69.4063 15.9157
777 69.3601 17.341
598 69.3057 19.0149
176 69.2594 20.4422
821 69.1501 23.8109
6 69.1172 24.8251
819 69.0909 25.6359
831 69.0621 26.5213
781 69.0338 27.3949
959 69.0134 28.0216
295 68.9918 28.6896
24 68.9674 29.4419
504 68.9363 30.3981
232 68.8582 32.8065
745 68.8294 33.692
274 68.8039 34.4787
323 65.3878 36.782
716 61.5114 39.3957
357 61.2381 39.5799
751 60.9584 39.7686
377 60.6761 39.9589
870 60.3738 40.1627
217 60.114 40.3379
355 59.863 40.5072
634 59.6056 40.6807
675 59.3469 40.8551
45 59.0743 41.0389
66 58.7598 41.2509
492 58.4726 41.4446
606 58.2857 41.5706
594 58.0635 41.7205
396 57.8205 41.8843
906 55.534 40.6965
935 53.5199 39.6502
19 52.4216 39.0797
848 51.3805 38.5389
194 50.3452 38.0011
342 50.26 37.8686
155 50.1094 37.6342
63 49.9596 37.4012
289 49.7857 37.1306
692 49.6724 36.9543
853 49.5622 36.783
358 49.4705 36.6402
828 49.3302 36.4219
43 49.1913 36.2058
55 48.5065 35.1404
785 47.9129 34.2169
873 47.3302 33.3103
681 46.8162 32.5106
421 46.1941 31.5426
26 45.4987 30.4607
197 45.4425 30.3734
458 45.3754 30.2689
480 45.2702 30.1053
27 45.1617 29.9364
257 45.0318 29.7344
934 44.8986 29.5271
844 44.7952 29.3662
209 44.3449 28.6656
250 43.8866 27.9526
419 43.3995 27.1948
865 42.9556 26.5041
164 42.4214 25.673
555 41.835 24.7607
307 39.3105 20.833
822 38.6288 19.7723
653 37.9074 18.65
626 37.0987 17.3918
518 36.2876 16.1298
351 35.6291 16.0913
64 35.0381 16.0567
111 34.5298 16.027
883 33.9629 15.9938
709 33.3706 15.9592
643 32.8096 15.9264
246 32.3372 15.8988
573 31.914 15.874
287 31.4327 15.8459
363 30.9139 15.8155
310 30.406 15.7858
669 29.8126 15.7511
407 29.285 15.7202
337 28.6939 15.6857
254 27.7276 15.6291
439 26.997 15.5864
899 26.2639 15.5435
824 25.6564 15.508
8 24.9696 15.4678
704 24.4021 15.4346
702 21.179 15.2461
629 17.3011 15.0193
348 16.251 14.9579
211 15.2437 14.899
488 14.2801 14.8426
812 13.0785 14.7724
455 12.9907 15.1858
682 12.9338 15.4539
722 12.8784 15.7148
881 12.6253 16.9067
331 12.2312 18.7626
366 11.9166 20.244
362 11.5431 22.0032
898 11.1257 23.9687
187 11.1257 23.9687
412 11.1257 23.9687
674 11.1257 23.9687
588 11.1257 23.9687
836 11.1257 23.9687
4 11.1257 23.9687
710 11.1257 23.9687
133 11.1257 23.9687
646 11.1257 23.9687
402 11.1588 23.9893
258 11.1873 24.007
61 11.2171 24.0256
963 11.7534 24.3596
268 12.3325 24.7203
641 12.9036 25.076
121 13.4345 25.4066
902 13.8213 25.6475
915 14.2124 25.8911
284 14.5462 26.099
87 14.2502 26.9824
299 14.0267 27.6493
572 13.7971 28.3347
673 13.5678 29.0191
514 13.3125 29.7811
86 13.1109 30.3825
741 13.0224 30.6466
65 12.8968 31.0214
46 12.7677 31.4068
661 12.6842 31.6559
74 12.5745 31.9834
794 12.4638 32.3138
474 12.3588 32.6272
384 11.5388 35.0744
841 10.9119 36.9455
985 10.6976 37.5849
863 10.4439 38.3421
312 10.2002 39.0693
770 9.97971 39.7274
222 9.75467 40.399
731 9.55294 41.001
330 9.34403 41.6245
47 9.12063 42.2912
489 8.95938 42.7725
499 8.80772 43.2251
128 8.64606 43.7076
57 8.49136 44.1693
749 8.34549 44.6046
373 8.19801 45.0447
157 8.04745 45.4941
122 7.89971 45.935
652 8.04438 45.8598
116 8.16945 45.7947
849 8.30433 45.7246
212 8.48444 45.6309
123 8.64733 45.5462
303 8.79681 45.4685
496 8.96812 45.3794
341 9.11423 45.3035
182 9.26962 45.2227
100 9.41617 45.1465
542 9.57641 45.0631
352 9.72875 44.9839
708 9.87113 44.9099
909 10.0944 44.7938
463 10.3036 44.685
527 10.4986 44.5836
328 10.8071 44.4232
958 11.4234 44.1027
476 12.0192 43.7929
10 12.5438 43.5201
534 13.0389 43.2626
616 13.5703 42.9864
700 14.1067 42.7074
154 14.5858 42.4583
228 15.1331 42.1737
936 15.6634 41.8979
535 16.5218 41.4516
78 17.118 41.1416
423 17.6998 40.839
949 18.3308 40.5109
771 18.9872 40.1696
38 19.7257 39.7856
37 20.1299 39.5754
723 20.5293 39.3677
663 20.9354 39.1566
811 21.4257 38.9016
354 21.8166 38.6983
943 21.8166 38.6983
205 21.8166 38.6983
486 21.8166 38.6983
125 21.8166 38.6983
990 21.8166 38.6983
32 21.8166 38.6983
655 21.8166 38.6983
283 21.8166 38.6983
602 25.473 37.4067
379 28.5675 36.3135
278 28.8486 36.2143
612 29.1207 36.1181
787 29.4412 36.0049
388 29.7274 35.9038
221 30.0519 35.7892
11 30.3503 35.6838
529 30.7075 35.5576
687 31.0254 35.4453
549 31.3441 35.3327
679 31.6931 35.2094
160 32.0705 35.0761
834 32.3981 34.9604
261 32.7171 34.8477
586 32.7473 35.2335
829 32.7786 35.6347
397 32.8161 36.1135
706 32.8458 36.4937
989 32.8743 36.8585
566 32.9021 37.214
862 32.9283 37.5492
917 32.9544 37.8822
413 32.9814 38.228
452 33.0046 38.5249
467 33.0046 38.5249
869 32.881 38.8731
790 32.7586 39.2176
783 32.6274 39.5872
508 32.5042 39.9343
7 32.3949 40.2419
475 32.2668 40.6026
403 32.151 40.9289
543 32.0524 41.2064
664 31.9619 41.4615
414 31.8637 41.7379
438 31.7614 42.026
302 31.6624 42.3048
151 31.5785 42.5411
748 31.4868 42.7993
191 31.4009 43.0411
698 28.7874 50.401
174 28.167 52.1482
797 28.1301 52.4723
391 28.0893 52.8315
422 28.0476 53.1989
913 28.0105 53.5253
525 27.971 53.8735
688 27.9256 54.2732
507 27.8789 54.6836
839 27.839 55.0347
891 27.8004 55.3752
269 27.7614 55.7179
619 27.7218 56.0672
908 27.6532 56.6709
49 27.5808 57.3081
89 27.4279 58.6538
640 27.258 60.1494
56 27.0915 61.6149
903 27.0816 61.7021
645 27.0715 61.7913
599 27.0616 61.8782
912 27.0516 61.9662
233 27.0418 62.0527
965 27.0308 62.1496
957 27.0211 62.2344
756 27.0115 62.3189
267 27.0007 62.414
552 26.9896 62.5119
349 26.9794 62.6016
901 26.9692 62.6915
720 26.9584 62.7862
601 26.9477 62.8807
493 26.937 62.9753
604 26.9247 63.0832
888 26.9247 63.0832
54 26.9247 63.0832
596 26.9134 63.0829
730 26.9021 63.0826
308 26.8907 63.0823
591 26.8791 63.082
21 26.8672 63.0817
971 26.8547 63.0814
137 26.8426 63.081
524 26.8296 63.0807
846 26.8178 63.0804
733 26.806 63.0801
324 26.7936 63.0797
772 26.7821 63.0794
938 26.7706 63.0791
382 26.5021 63.6801
705 26.2417 64.263
130 25.955 64.9047
79 25.7203 65.43
451 25.4614 66.0096
34 25.1962 66.6032
59 24.9188 67.2241
132 24.4125 68.3573
81 23.9502 69.3921
729 23.5219 70.3509
469 22.5093 72.6173
360 22.3121 73.0587
635 22.1696 73.3777
560 22.0084 73.7387
119 21.8734 74.0408
97 21.7278 74.3668
479 21.5714 74.7167
502 21.4198 75.056
487 21.2584 75.4174
537 21.1191 75.7291
600 20.973 76.0562
266 20.8192 76.4005
500 20.6574 76.7626
574 20.5128 77.0863
680 20.3464 77.4588
701 20.1659 77.8629
886 19.9723 78.2961
326 19.8014 78.6787
327 19.6307 79.0608
399 19.267 79.8748
712 18.9825 80.5117
247 18.9367 80.3595
50 18.785 79.8559
490 18.6093 79.2724
249 18.414 78.6239
220 18.1852 77.8645
58 17.998 77.2427
443 17.7559 76.4388
970 17.5027 75.5983
927 17.3939 75.237
924 17.285 74.8752
578 17.1902 74.5605
757 17.0736 74.1735
950 16.9327 73.7055
184 16.805 73.2816
325 16.6737 72.8455
411 15.2439 68.098
972 13.8959 63.622
166 13.2469 61.4671
805 13.2469 61.4671
214 13.2469 61.4671
218 13.2469 61.4671
14 13.2469 61.4671
747 13.2469 61.4671
734 13.2469 61.4671
277 13.2469 61.4671
347 13.2469 61.4671
429 13.2744 61.4445
691 13.3033 61.4208
336 13.3291 61.3996
192 13.3531 61.3799
113 13.3784 61.3592
677 13.8076 61.007
858 14.274 60.6242
897 14.5976 60.3587
589 14.8913 60.1177
565 15.2227 59.8457
758 15.5726 59.5586
981 15.8559 59.3262
279 16.1291 59.1019
764 16.3946 58.884
329 16.6887 58.6427
545 17.0022 58.3854
956 17.2443 58.1868
788 17.4978 57.9788
148 16.863 55.2533
633 16.6527 55.741
142 16.4376 56.24
735 16.2041 56.7814
510 15.9771 57.308
630 15.5691 58.2541
3 15.2279 59.0455
114 14.9167 59.7674
398 14.6122 60.4737
925 14.3488 61.0845
482 14.0573 61.7606
371 13.7903 62.38
784 13.7903 62.38
219 13.7903 62.38
760 13.7903 62.38
272 13.7903 62.38
505 13.7903 62.38
639 12.2433 66.5061
338 12.1322 66.8024
131 12.023 67.0938
703 11.9058 67.4063
376 11.7804 67.7408
531 11.6574 68.0688
234 11.5089 68.4651
255 11.3449 68.9023
196 11.1908 69.3133
207 10.9887 69.8525
991 10.8496 70.2235
427 10.7369 70.524
77 10.6222 70.8299
739 10.5079 71.135
686 10.353 71.548
667 10.2079 71.935
554 10.058 72.3349
445 10.0323 72.4034
607 10.0047 72.477
955 9.97515 72.5559
381 9.94781 72.6288
717 9.91918 72.7052
224 9.8872 72.7905
90 9.85562 72.8747
31 9.85562 72.8747
905 9.85562 72.8747
799 9.85562 72.8747
517 9.85562 72.8747
890 9.85562 72.8747
830 9.85562 72.8747
556 9.85562 72.8747
178 9.85562 72.8747
503 9.85562 72.8747
948 9.85562 72.8747
879 9.85562 72.8747
433 9.85562 72.8747
665 9.85562 72.8747
939 9.85562 72.8747
966 9.86222 73.4801
400 9.86959 74.1554
48 9.87736 74.8679
825 9.88425 75.4995
108 9.89175 76.1864
982 9.89581 76.5586
95 9.89904 76.855
298 9.90189 77.1163
321 9.905 77.401
657 9.90808 77.6836
301 9.91164 78.0096
694 9.91329 78.1607
615 9.91552 78.3657
300 9.91769 78.5639
728 9.91951 78.7307
736 9.92157 78.9197
546 9.92342 79.0897
792 9.92535 79.2664
436 9.92718 79.434
401 9.92912 79.6117
944 9.93082 79.7671
346 9.93247 79.9186
860 9.93432 80.0884
953 9.9364 80.2791
444 9.93751 80.3803
759 9.93863 80.4836
570 9.93978 80.5886
916 9.94089 80.6901
88 9.94198 80.7902
374 9.9431 80.8925
431 9.94425 80.9981
892 9.9455 81.113
240 9.94666 81.2188
93 9.9478 81.323
244 9.94887 81.4217
796 9.94994 81.5197
551 9.95113 81.6286
442 9.95243 81.7475
162 9.95342 81.8382
815 9.95484 81.9687
75 9.95607 82.0807
780 9.95725 82.189
316 9.95854 82.3076
495 9.95972 82.4159
557 9.96089 82.5228
361 9.96187 82.6127
753 10.0128 87.2814
368 10.0135 87.3508
695 10.0142 87.4096
678 10.0148 87.4707
200 10.0155 87.533
263 10.0161 87.5898
199 10.0168 87.6528
138 10.0175 87.7153
585 10.0182 87.7755
973 10.0188 87.8387
803 10.0195 87.8978
386 10.0202 87.9616
933 10.0209 88.026
568 10.0215 88.085
699 10.0222 88.1419
457 10.0227 88.1962
969 10.0236 88.2729
914 10.0243 88.3412
446 10.025 88.4065
628 10.0257 88.4692
719 10.0265 88.5373
637 10.0272 88.6075
17 10.028 88.678
547 10.0287 88.7445
236 10.0295 88.8194
462 10.0303 88.8864
153 10.0309 88.9463
711 10.0317 89.0151
447 10.0324 89.0783
39 10.0331 89.144
169 10.0337 89.2029
364 10.0345 89.2729
718 10.0352 89.3419
106 10.036 89.4155
868 10.0368 89.4843
693 10.0375 89.5484
988 10.0383 89.6211
405 10.0877 89.6203
213 10.1357 89.6196
827 10.4414 89.6151
304 10.7558 89.6104
435 11.0522 89.606
750 11.3807 89.6011
115 11.7041 89.5963
1 11.98 89.5922
203 12.2653 89.588
426 12.5858 89.5833
380 13.3414 89.572
885 16.3159 89.5279
768 18.2187 89.4996
608 19.0081 89.4879
28 19.7796 89.4765
631 20.2068 89.4701
424 20.4411 89.4666
150 20.7071 89.4627
44 20.9215 89.4595
288 21.1489 89.4561
696 21.3888 89.4526
491 21.6153 89.4492
15 21.8399 89.4459
441 22.0857 89.4422
13 22.3197 89.4388
859 22.5766 89.4349
714 22.8223 89.4313
521 23.0691 89.4276
776 23.3083 89.4241
227 23.5798 89.4201
271 23.8938 89.4154
456 24.123 89.412
76 24.3681 89.4084
773 24.6266 89.4045
20 24.8819 89.4007
960 25.1313 89.397
610 25.3218 88.9883
183 25.5131 88.5777
795 25.7001 88.1766
808 25.8736 87.8042
409 26.0591 87.4063
871 26.3012 86.8868
454 27.0043 85.3781
124 27.6738 83.9416
437 28.2904 82.6186
292 28.2904 82.6185
394 28.2904 82.6185
918 28.2904 82.6185
92 28.2904 82.6184
167 28.2904 82.6184
428 28.2904 82.6184
470 28.2905 82.6183
919 28.4259 82.2784
16 28.5553 81.9536
60 28.6814 81.6372
99 28.8031 81.3318
339 28.911 81.0611
697 29.0282 80.7669
571 29.1579 80.4415
658 29.2591 80.1875
789 29.3658 79.9195
806 29.4667 79.6664
296 29.5697 79.408
872 29.6774 79.1377
954 29.7805 78.8789
526 29.8865 78.6128
41 29.9821 78.373
252 30.0979 78.0824
587 30.2094 77.8025
724 30.2847 77.6136
168 30.3545 77.4384
275 30.5359 76.9832
404 30.6691 76.9092
878 30.782 76.8465
333 30.8846 76.7894
550 30.9941 76.7286
946 31.1109 76.6637
726 31.2351 76.5948
141 31.7649 76.3005
840 32.358 75.971
662 32.8696 75.6867
359 33.3807 75.4028
390 33.8695 75.1313
350 34.3532 74.8626
807 34.7884 74.6208
80 35.2395 74.3702
540 35.6646 74.1341
215 36.0553 73.9171
614 36.4554 73.6948
501 36.8464 73.4776
294 37.2971 73.2272
189 37.715 72.995
910 38.1994 72.7259
171 38.6478 72.4769
175 39.0673 72.2438
223 39.4282 72.0433
689 39.986 71.7334
270 40.6261 71.3779
765 41.3712 70.964
533 42.0465 70.5888
264 42.9723 70.5835
857 43.873 70.5783
617 44.6015 70.5741
94 45.2493 70.5704
895 45.8458 70.5669
940 46.4296 70.5636
193 46.6404 70.4085
163 46.9802 70.1586
126 47.2987 69.9243
225 47.6706 69.6508
976 48.0359 69.3822
802 48.4809 69.0548
282 48.9691 68.6957
986 49.3691 68.4015
484 49.7796 68.0996
9 50.2193 67.7763
134 50.616 67.4844
582 51.0831 67.1409
293 51.5731 66.7805
671 51.5731 66.7805
109 51.6028 66.7458
800 51.6317 66.712
235 51.6611 66.6777
144 51.6885 66.6458
832 51.7121 66.6181
894 51.9898 66.2938
101 52.3102 65.9196
793 52.58 65.6045
804 52.8206 65.3235
595 53.114 64.9808
987 53.0997 64.9673
605 53.0848 64.9533
393 53.0702 64.9397
782 53.0548 64.9252
173 53.0103 64.8835
498 52.9577 64.8341
625 52.9141 64.7932
791 52.8689 64.7507
161 52.8246 64.7092
515 52.7844 64.6715
453 52.7392 64.629
743 52.6954 64.588
208 52.6564 64.5513
238 52.6133 64.5109
286 52.5618 64.4626
85 52.5169 64.4205
340 52.4795 64.3854
91 52.4346 64.3433
523 52.3884 64.2999
921 52.3501 64.2639
964 51.9407 63.8798
84 51.5198 63.4848
855 51.0945 63.0857
810 50.6737 62.6909
968 50.2355 62.2798
558 49.755 61.8288
676 49.3101 61.4114
468 48.8929 61.0199
281 48.3718 60.5309
945 47.887 60.076
922 47.4788 59.693
291 47.2202 59.4503
365 46.9707 59.2163
30 46.7602 59.0187
809 46.5653 58.8358
410 46.3847 58.6664
459 46.1878 58.4816
370 45.9831 58.2895
732 45.7952 58.1132
621 45.6066 57.9362
683 45.4179 57.7591
779 45.227 57.58
210 45.0101 57.3765
461 44.8045 57.1836
929 44.609 57.0002
471 44.4359 56.8377
798 44.2595 56.6722
237 44.0474 56.4731
576 43.8662 56.3031
715 43.6782 56.1267
127 43.4504 55.913
180 43.2228 55.6994
876 42.9969 55.4875
603 42.8138 55.3156
522 43.4182 55.1287
147 44.0375 54.9372
356 45.0851 54.6133
472 45.1835 54.5836
104 45.2681 54.558
778 45.3674 54.5281
875 49.0944 53.4031
512 50.7033 52.9175
276 53.1332 52.184
930 56.4558 51.1811
597 56.6878 51.2143
623 57.4111 51.3179
188 58.142 51.4226
314 58.8485 51.5238
143 58.8485 51.5238
117 58.8485 51.5238
69 58.8485 51.5238
262 59.0912 51.5843
843 59.3322 51.6443
186 59.6012 51.7114
978 59.8807 51.7811
923 60.1361 51.8447
519 60.8264 52.0168
942 61.5634 52.2005
577 62.1505 52.3468
538 62.9106 52.5362
35 63.6443 52.7191
485 64.5011 52.9327
102 65.3604 53.1468
644 66.1483 53.3432
767 67.0037 53.5564
842 67.8524 53.7679
656 68.7515 53.992
926 69.588 54.2005
70 70.4683 54.4199
553 71.4745 54.6707
592 72.4978 54.9258
387 73.4195 55.1555
684 74.2996 55.3748
198 74.2996 55.3748
242 74.2996 55.3748
838 74.2996 55.3748
967 74.2996 55.3748
583 74.2996 55.3748
425 74.2996 55.3748
920 74.2996 55.3749
136 74.2996 55.3749
579 66.9161 63.298
201 66.8124 63.4092
962 66.7009 63.529
941 66.6058 63.631
654 66.491 63.7542
190 66.4 63.8519
290 66.2908 63.969
727 66.1888 64.0785
420 66.0977 64.1763
907 65.9927 64.2889
852 65.8905 64.3985
68 65.7789 64.5183
904 65.6671 64.6383
850 65.5782 64.7336
650 65.4048 64.9198
334 65.2397 65.0969
847 64.6535 65.7259
478 64.1999 66.2127
152 63.6997 66.7495
867 63.1196 67.372
647 62.5421 67.9916
668 61.9214 68.6577
67 61.3186 69.3046
762 60.656 70.0156
317 59.9506 70.7725
432 59.9506 70.7725
769 59.9506 70.7725
216 59.9506 70.7725
509 60.6676 72.6035
937 61.3518 74.3505
51 61.5908 74.9608
315 61.8172 75.5391
440 62.056 76.1489
481 62.4701 77.2062
83 62.8182 78.0951
775 63.1511 78.9453
460 63.4109 79.6087
837 63.7155 80.3865
818 64.069 81.2892
71 64.378 82.0782
417 64.7047 82.9126
742 65.0142 83.7029
229 64.6703 84.0095
465 64.381 84.2675
185 64.0533 84.5597
813 63.8312 84.7578
575 63.5616 84.9982
118 63.2848 85.245
737 63.0312 85.4712
245 62.8206 85.6589
887 62.6318 85.8273
12 62.4392 85.9991
544 62.2513 86.1666
584 62.043 86.3523
992 61.9206 86.4615
851 61.7964 86.5723
984 61.6779 86.6779
754 61.5548 86.7876
952 61.4315 86.8976
618 61.3078 87.0079
911 61.1909 87.1121
140 61.1321 86.8629
980 61.0839 86.6588
18 61.0256 86.4118
40 60.979 86.2146
297 60.9272 85.9949
369 60.8764 85.7801
378 60.8267 85.5694
931 60.7782 85.3639
861 60.7293 85.1568
636 60.6797 84.9469
744 60.6437 84.7944
801 59.1941 84.5524
530 57.5636 84.2801
659 56.7676 84.1472
248 56.4461 84.0935
280 56.2444 84.0598
415 56.0356 84.025
880 55.8181 83.9887
562 55.5872 83.9501
563 55.4766 83.9316
112 55.372 83.9142
320 54.4415 84.0145
755 53.6044 84.1048
642 52.948 84.1756
395 52.3508 84.24
408 51.4273 84.3396
179 50.5965 84.4292
826 49.7265 84.523
632 48.9044 84.6117
226 44.4298 85.0943
513 44.4298 85.0943
241 44.4298 85.0943
516 44.4298 85.0943
335 44.4298 85.0943
319 44.0848 85.8676
707 43.7199 86.6854
181 43.416 87.3667
874 43.2502 87.7385
649 43.2297 87.7843
343 43.2031 87.844
129 43.1766 87.9034
746 43.1495 87.9642
309 43.124 88.0212
172 43.0997 88.0758
561 43.076 88.1289
564 43.05 88.1872
548 43.0211 88.252
541 42.9935 88.3139
165 42.9935 88.3139
367 42.9935 88.3139
313 42.8745 88.3822
73 40.2121 89.9107
253 39.6408 90.2387
96 39.243 90.467
146 38.8821 90.6743
416 38.5336 90.8743
713 38.1627 91.0872
256 37.7765 91.309
539 37.4023 91.5238
5 36.9876 91.7619
638 36.4825 92.0519
230 35.9655 92.3487
613 35.4372 92.652
206 34.9583 92.9269
2 34.4377 93.2258
418 33.8534 93.5612
72 33.79 93.5976
53 33.7252 93.6348
738 33.6569 93.674
752 33.5888 93.7131
449 33.5238 93.7505
430 33.4429 93.7969
672 33.3789 93.8337
139 33.3117 93.8722
392 33.242 93.9122
306 33.1627 93.9578
265 33.1025 93.9923
877 33.0364 94.0303
593 32.9523 94.0785
761 33.0177 94.0717
833 33.0833 94.0649
231 33.4308 94.0288
36 33.7227 93.9985
651 34.0392 93.9656
120 34.6999 93.8969
611 35.3215 93.8324
786 36.0971 93.7518
389 36.9827 93.6597
22 37.7132 93.5838
569 38.4628 93.5059
974 39.1937 93.43
239 40.0072 93.3454
448 40.6944 93.274
766 41.4621 93.1943
559 42.2556 93.1118
961 43.0247 93.0319
375 43.6846 92.9633
763 44.3643 92.8927
305 45.0725 92.8191
82 45.7663 92.747
23 46.6131 92.6795
866 47.268 92.6273
344 48.0454 92.5653
202 48.7058 92.5127
156 49.2108 92.4724
814 49.7718 92.4277
511 50.3623 92.3806
536 50.9446 92.3342
105 51.5313 92.2874
259 52.1969 92.2344
816 52.82 92.1847
690 53.3654 92.1413
774 53.8941 92.0991
406 54.4565 92.0543
896 55.0401 92.0078
62 55.611 91.9623
532 56.1829 91.9167
434 56.8921 91.8601
624 57.6824 91.7971
567 58.6536 91.7197
318 59.5313 91.6498
145 59.8043 91.628
622 60.0564 91.6079
947 60.2811 91.59
882 60.5497 91.5686
477 61.4811 91.4943
845 62.3407 91.4258
620 63.081 91.3668
856 63.7499 91.3135
464 64.6705 91.2401
251 65.5939 91.1665
285 66.4239 91.1003
52 67.1952 91.0388
817 67.9718 90.9769
177 68.7909 90.9116
353 69.7572 90.8346
580 70.657 90.7629
42 71.4088 90.7029
820 72.3944 90.6244
854 73.0881 90.5691
273 73.7671 90.5149
893 75.0227 90.4149
158 76.0661 90.3317
983 77.3186 90.2318
928 78.2978 90.1538
823 78.2978 90.1538
149 78.2978 90.1538
864 78.5335 89.8467
666 78.7307 89.5898
159 78.9576 89.2944
648 79.1744 89.0119
889 79.3672 88.7609
725 79.4726 88.6236
322 79.5781 88.4862
740 79.6883 88.3427
473 79.7826 88.2198
135 79.8675 88.1093
494 81.1796 86.4003
25 84.5139 82.0575
660 85.7286 80.4753
372 86.4596 79.5233
685 86.3424 78.2773
170 85.207 66.2045
528 85.207 66.2045
311 85.207 66.2045
383 85.0175 65.9693
204 84.8621 65.7765
450 84.7018 65.5776
332 84.499 65.3258
900 84.2989 65.0776
385 84.2817 64.5841
110 84.2636 64.0643
975 84.2444 63.5139
497 84.0669 58.424
951 84.0059 56.6725
977 83.9618 55.4083
107 83.9095 53.909
506 83.8562 52.3799
884 83.7767 50.0995
520 83.6757 47.2037
932 83.6653 46.9047
195 83.6525 46.5395
466 83.6397 46.1719
609 83.6298 45.8868
29 83.6204 45.6168
670 83.6108 45.3413
590 84.1785 39.4128
835 84.4729 36.3389
33 84.8591 32.3071
98 85.2648 28.0704
345 85.872 21.7304
483 86.2684 17.5916
627 86.2684 17.5916
243 86.2684 17.5916
260 86.2684 17.5916
