0,627,979,483,260,243,345,98,520,590,33,932,323,609,592,466,232,670,745,425,835,967,553,387,920,143,102,29,951,274,195,583,850,242,334,506,884,497,383,838,136,198,107,977,170,684,900,332,579,385,450,528,372,889,740,204,25,648,417,685,660,311,893,928,864,473,845,937,481,775,820,813,353,818,149,494,135,725,158,580,983,145,322,666,854,742,318,159,297,567,622,464,251,980,823,52,992,285,42,273,378,620,544,817,12,18,465,259,911,23,851,369,202,832,395,408,636,229,754,185,737,856,690,40,584,415,984,940,624,434,511,782,477,62,82,816,367,313,618,952,896,406,575,177,887,118,344,105,248,882,895,193,961,713,840,245,766,562,437,880,530,861,774,918,22,564,53,320,814,763,146,231,129,206,309,389,449,738,874,141,448,172,394,416,241,181,156,165,947,746,516,707,539,974,659,752,877,256,265,826,613,92,5,319,807,532,541,215,239,343,139,536,305,292,569,866,375,561,559,17,672,392,548,919,73,885,230,253,2,72,28,960,610,271,424,368,20,120,833,578,638,795,41,808,470,36,695,441,954,96,859,593,418,223,651,115,696,288,462,428,712,13,50,491,430,306,409,761,456,76,249,360,714,521,150,167,631,611,697,871,776,15,44,786,768,608,753,490,988,446,1,138,58,183,227,435,973,750,442,759,827,405,364,380,933,386,169,699,300,263,200,914,546,718,495,301,637,240,711,316,426,719,247,969,892,570,554,75,213,447,585,868,678,106,153,401,203,31,399,693,236,547,39,199,628,88,48,560,982,736,304,568,803,436,557,346,325,90,444,905,815,780,944,178,830,615,108,244,469,953,792,95,93,916,825,184,955,338,207,113,726,657,991,890,224,717,400,429,517,277,433,860,686,502,374,381,799,879,192,948,479,298,220,966,457,796,551,119,630,607,97,272,445,427,503,924,694,556,728,398,500,219,939,321,734,77,665,639,667,234,482,703,267,705,552,361,233,701,132,131,735,849,371,411,81,784,255,3,764,376,772,329,14,565,747,196,451,524,114,739,130,970,422,677,589,956,680,981,162,897,805,691,352,972,347,527,909,47,122,531,505,698,616,182,157,303,760,214,324,633,858,336,218,708,228,938,936,534,174,925,128,423,652,166,341,758,116,463,770,663,958,391,87,403,65,312,279,222,330,142,499,771,797,212,46,373,148,731,949,384,990,283,841,542,78,123,476,749,496,489,100,154,57,10,863,908,125,710,572,836,133,86,700,32,328,74,985,641,514,673,268,661,943,899,794,902,474,898,4,258,963,187,412,881,455,682,812,366,331,61,362,741,211,674,588,646,722,629,348,488,8,402,299,702,254,669,573,287,261,822,284,709,111,26,883,407,704,246,439,64,310,643,337,351,363,626,518,467,824,653,829,853,915,602,354,191,278,307,486,934,421,723,438,475,37,748,834,160,655,121,679,205,586,549,414,535,787,379,687,257,529,7,566,151,612,917,692,388,221,811,869,11,913,929,237,180,891,461,508,778,452,302,49,843,69,945,664,706,848,603,413,38,397,790,30,783,619,155,472,545,480,543,522,989,876,356,512,194,862,525,922,89,688,269,127,809,597,410,264,104,471,765,210,147,370,640,804,576,732,729,957,137,507,175,291,587,34,510,501,390,788,645,720,493,901,59,56,756,533,79,839,965,308,404,359,382,689,888,733,846,927,574,189,600,21,878,601,635,537,806,60,789,16,950,333,124,872,971,99,226,903,168,326,296,658,443,431,730,252,327,266,526,454,599,591,270,946,349,571,604,487,275,886,339,550,757,649,773,614,912,779,134,523,80,662,350,596,724,621,281,171,683,715,976,986,582,453,894,144,563,459,365,484,54,225,910,163,968,802,798,126,855,676,216,540,235,515,294,179,140,9,317,801,642,755,335,280,109,513,91,112,468,558,762,188,921,94,509,800,671,208,668,605,769,743,632,110,152,654,962,837,987,293,647,650,595,67,432,931,744,857,460,83,904,68,173,51,975,201,393,727,907,340,867,478,852,617,315,71,290,420,117,577,941,282,538,440,161,847,492,498,190,84,485,964,238,942,767,101,625,85,793,396,70,656,791,262,978,606,926,842,357,286,923,810,35,519,623,217,43,875,675,186,644,314,716,276,342,594,377,355,906,458,831,55,930,63,681,751,66,164,935,844,358,209,250,873,27,197,634,419,289,959,19,45,555,821,865,785,870,828,6,781,598,721,581,295,504,777,819,24,176,103,
value : 430.333 running time : 334.166173
0 80 20
627 84.8158 18.1496
979 85.5691 17.8603
483 86.2684 17.5916
260 86.2684 17.5916
243 85.9551 18.8263
345 85.0971 22.2091
98 83.8866 26.9827
520 82.9424 30.7052
590 82.1886 33.6767
33 81.3876 36.8346
932 80.3804 40.8058
323 80.2332 41.386
609 80.0977 41.9201
592 79.9637 42.448
466 79.835 42.9554
232 79.7059 43.4644
670 79.583 43.9486
745 79.4662 44.409
425 79.3418 44.8993
835 79.2269 45.352
967 79.0923 45.8826
553 78.9707 46.3617
387 78.8608 46.795
920 78.7588 47.1972
143 78.6558 47.6029
102 79.755 51.4734
29 79.8223 51.6159
951 79.8978 51.7757
274 79.9678 51.9236
195 80.3652 52.7646
583 80.8128 53.7116
850 81.2976 54.7375
242 81.8703 55.9494
334 82.4401 57.1549
506 83.0267 58.3962
884 83.6028 59.6153
497 84.2251 60.932
383 84.2626 61.28
838 84.2973 61.6017
136 84.3353 61.9544
198 84.3859 62.4241
107 84.4422 62.9461
977 84.5162 63.6332
170 84.5942 64.3563
684 84.7719 66.0062
900 84.9814 67.9505
332 85.1867 69.7694
579 85.3905 71.5747
385 85.5874 73.3187
450 85.8217 75.3932
528 86.0729 77.6179
372 86.339 79.9747
889 86.0656 80.3782
740 85.8706 80.666
204 85.683 80.9429
25 85.4842 81.2363
648 85.2787 81.5396
417 85.0805 81.8322
685 84.8982 82.1012
660 84.7163 82.3697
311 83.9885 83.4437
893 81.7596 86.7321
928 80.5278 88.5496
864 79.871 88.5776
473 79.2335 88.6047
845 78.5719 88.6328
937 78.0341 88.6557
481 77.603 88.674
775 77.4599 88.68
820 77.3283 88.6856
813 77.1712 88.6923
353 77.0236 88.6985
818 76.8771 88.7047
149 76.745 88.7103
494 76.745 88.7103
135 76.745 88.7103
725 76.745 88.7103
158 76.745 88.7103
580 76.745 88.7103
983 76.745 88.7103
145 76.1548 88.6947
322 75.6784 88.6821
666 74.6776 88.6556
854 73.7246 88.6304
742 72.7868 88.6056
318 71.7569 88.5784
159 70.7874 88.5527
297 69.5851 88.5209
567 68.5712 88.494
622 67.7149 88.4714
464 66.8675 88.449
251 66.0646 88.4277
980 65.0985 88.4021
823 64.7834 88.3938
52 64.4435 88.3848
992 64.0881 88.3754
285 63.7405 88.3663
42 63.3532 88.356
273 62.9642 88.3457
378 62.5808 88.3356
620 62.2068 88.3257
544 61.771 88.3142
817 61.245 88.3003
12 60.6545 88.2846
18 60.1264 88.2707
465 59.5446 88.2553
259 58.5295 88.2284
911 57.5932 88.2036
23 56.6446 88.1785
851 56.5653 88.1383
369 56.4895 88.0999
202 56.4175 88.0633
832 56.3405 88.0243
395 56.192 88.0323
408 56.0354 88.0407
636 55.8863 88.0486
229 55.7428 88.0563
754 55.5939 88.0643
185 55.4462 88.0722
737 55.2945 88.0803
856 55.1431 88.0884
690 54.9872 88.0967
40 54.8318 88.1051
584 54.6806 88.1132
415 54.5232 88.1216
984 54.3709 88.1297
940 54.2064 88.1385
624 54.052 88.1468
434 53.8982 88.155
511 53.7481 88.163
782 53.6027 88.1708
477 53.4612 88.1784
62 53.3026 88.1869
82 53.1443 88.1954
816 53.0129 88.2024
367 52.8758 88.2097
313 52.7374 88.2171
618 52.5984 88.2246
952 52.4594 88.232
896 52.3206 88.2394
406 52.1783 88.247
575 52.0417 88.2543
177 51.9026 88.2618
887 51.7586 88.2695
118 51.6161 88.2771
344 51.4713 88.2849
105 50.9234 88.3142
248 50.41 88.3418
882 49.9402 88.3669
895 49.3244 88.4
193 48.7129 88.4327
961 48.1173 88.4647
713 47.5137 88.497
840 46.9082 88.5295
245 46.441 88.5545
766 45.9693 88.5798
562 45.5482 88.6024
437 45.1364 88.6244
880 44.731 88.6462
530 44.2797 88.6703
861 43.8107 88.6955
774 43.2951 88.7231
918 42.7507 88.7523
22 42.7312 88.7534
564 42.7133 88.7543
53 42.6943 88.7553
320 42.6767 88.7563
814 42.6567 88.7574
763 42.6363 88.7584
146 42.6147 88.7596
231 42.5942 88.7607
129 42.5763 88.7617
206 42.5579 88.7626
309 42.5389 88.7637
389 42.5205 88.7646
449 42.5011 88.7657
738 42.4818 88.7667
874 42.4636 88.7677
141 42.4428 88.7688
448 42.4252 88.7698
172 42.4073 88.7707
394 42.3894 88.7717
416 42.3718 88.7726
241 42.354 88.7736
181 42.3373 88.7745
156 42.3216 88.7753
165 42.3045 88.7762
947 42.288 88.7771
746 42.2687 88.7781
516 42.2486 88.7792
707 42.2256 88.7804
539 42.2058 88.7815
974 42.1857 88.7826
659 42.1674 88.7836
752 42.1474 88.7846
877 42.1474 88.7846
256 42.1474 88.7846
265 42.1474 88.7846
826 42.1474 88.7846
613 42.1474 88.7846
92 42.1474 88.7846
5 42.1474 88.7846
319 42.1474 88.7846
807 42.1474 88.7846
532 42.1474 88.7846
541 42.1473 88.7846
215 41.7287 88.8017
239 41.3229 88.8182
343 40.8958 88.8355
139 40.4393 88.8541
536 40.1656 88.8653
305 39.8632 88.8776
292 39.5439 88.8905
569 39.2353 88.9031
866 38.9347 88.9153
375 38.6176 88.9282
561 38.2711 88.9423
559 37.9604 88.955
17 28.5916 89.336
672 28.5174 89.339
392 28.4381 89.3422
548 28.353 89.3457
919 28.2616 89.3494
73 28.162 89.3535
885 28.0661 89.3574
230 27.99 89.3605
253 27.9012 89.3641
2 27.817 89.3675
72 27.7283 89.3711
28 27.6264 89.3752
960 27.533 89.379
610 27.4353 89.383
271 27.3431 89.3868
424 27.241 89.3909
368 27.1463 89.3948
20 27.0623 89.3982
120 26.9767 89.4017
833 26.8863 89.4053
578 26.8041 89.4087
638 26.7253 89.4119
795 26.6356 89.4155
41 26.5403 89.4194
808 26.4508 89.4231
470 26.3594 89.4268
36 26.2591 89.4309
695 26.1645 89.4347
441 26.0768 89.4383
954 25.9947 89.4416
96 25.9025 89.4454
859 25.8023 89.4494
593 25.7044 89.4534
418 25.6207 89.4568
223 25.5363 89.4603
651 25.3372 89.4684
115 25.1395 89.4764
696 24.9619 89.4836
288 24.7788 89.4911
462 24.6016 89.4983
428 24.4438 89.5047
712 24.2636 89.512
13 24.0965 89.5188
50 23.9388 89.5252
491 23.7841 89.5315
430 23.6305 89.5378
306 23.4759 89.5441
409 23.3188 89.5505
761 23.1577 89.557
456 22.9942 89.5637
76 22.8346 89.5701
249 22.6672 89.577
360 22.5036 89.5836
714 22.3595 89.5895
521 22.2075 89.5957
150 22.0565 89.6018
167 21.897 89.6083
631 21.7372 89.6148
611 21.5683 89.6217
697 21.2699 89.6338
871 20.9512 89.6468
776 20.6375 89.6595
15 20.3483 89.6713
44 20.0722 89.6825
786 19.7928 89.6939
768 19.1672 89.7193
608 18.3283 89.7535
753 17.3232 89.7943
490 16.2622 89.8375
988 10.478 90.0727
446 10.478 90.0727
1 10.478 90.0727
138 10.478 90.0727
58 10.478 90.0727
183 10.478 90.0727
227 10.478 90.0727
435 10.4346 90.0214
973 10.3906 89.9694
750 10.3461 89.9168
442 10.2989 89.8609
759 10.2484 89.8013
827 10.2091 89.7548
405 10.1669 89.7048
364 10.1242 89.6544
380 10.0856 89.6087
933 10.0447 89.5603
386 9.99513 89.5018
169 9.94432 89.4417
699 9.90148 89.391
300 9.85455 89.3356
263 9.81457 89.2883
200 9.77699 89.2438
914 9.73231 89.191
546 9.68767 89.1382
718 9.6483 89.0917
495 9.61 89.0464
301 9.5673 88.9959
637 9.52454 88.9453
240 9.48102 88.8939
711 9.44459 88.8508
316 9.40085 88.7991
426 9.35581 88.7458
719 9.31475 88.6973
247 9.27487 88.6501
969 9.23285 88.6004
892 9.19041 88.5502
570 9.14796 88.5001
554 9.1067 88.4513
75 9.1067 88.4513
213 9.1067 88.4513
447 9.12856 88.2989
585 9.14979 88.1511
868 9.17241 87.9935
678 9.19722 87.8207
106 9.22186 87.649
153 9.24992 87.4535
401 9.277 87.2649
203 9.30438 87.0742
31 9.32917 86.9015
399 9.35332 86.7332
693 9.37618 86.574
236 9.39956 86.4111
547 9.42583 86.2281
39 9.45051 86.0562
199 9.47983 85.8519
628 9.51176 85.6295
88 9.54282 85.4132
48 9.56959 85.2267
560 9.59594 85.0431
982 9.62068 84.8708
736 9.64653 84.6906
304 9.6724 84.5105
568 9.69892 84.3257
803 9.72846 84.1199
436 9.75891 83.9078
557 9.7881 83.7045
346 9.8208 83.4767
325 9.84709 83.2935
90 9.87359 83.1089
444 9.89991 82.9255
905 9.92683 82.738
815 9.95334 82.5533
780 9.98244 82.3506
944 10.0092 82.1642
178 10.0363 81.9754
830 10.0634 81.7865
615 10.089 81.6082
108 10.1145 81.4306
244 10.1428 81.2334
469 10.1699 81.0449
953 10.1956 80.8656
792 10.238 80.5705
95 10.2808 80.2721
93 10.3266 79.9531
916 10.3762 79.6079
825 10.4296 79.2352
184 10.4798 78.8859
955 10.5284 78.5473
338 10.583 78.1669
207 10.6283 77.8514
113 10.6678 77.5763
726 10.7047 77.3193
657 10.7399 77.0738
991 10.7743 76.8343
890 10.8095 76.5889
224 10.8495 76.3105
717 10.8892 76.034
400 10.9201 75.8186
429 10.9516 75.5994
517 10.9825 75.3837
277 11.01 75.1923
433 11.0352 75.0166
860 11.0648 74.8103
686 11.0948 74.6018
502 11.1234 74.402
374 11.1504 74.2141
381 11.1804 74.0056
799 11.2081 73.812
879 11.233 73.6391
192 11.2575 73.468
948 11.2801 73.3106
479 11.3026 73.1538
298 11.3255 72.9944
220 11.3493 72.8287
966 11.3735 72.6604
457 11.393 72.5242
796 11.4136 72.3804
551 11.4352 72.2302
119 11.4589 72.0649
630 11.4808 71.9129
607 11.501 71.7719
97 11.5218 71.627
272 11.5428 71.4808
445 11.5632 71.3383
427 11.584 71.194
503 11.6048 71.0489
924 11.6262 70.8994
694 11.646 70.7618
556 11.666 70.6224
728 11.6871 70.4757
398 11.7099 70.3164
500 11.7319 70.1632
219 11.7558 69.9971
939 11.7784 69.8391
321 11.9111 69.6771
734 12.0529 69.5039
77 12.1962 69.3289
665 12.3418 69.151
639 12.4878 68.9728
667 12.6642 68.7573
234 12.9456 68.4136
482 14.5943 66.4
703 16.323 64.2887
267 18.2824 61.8956
705 18.0479 61.8027
552 17.8141 61.7101
361 17.5636 61.6108
233 17.2226 61.4758
701 16.8765 61.3386
132 16.0477 61.0103
131 15.0592 60.6187
735 14.1313 60.251
849 11.6557 59.2702
371 11.6557 59.2702
411 11.6557 59.2702
81 11.6557 59.2702
784 11.6557 59.2702
255 11.6557 59.2702
3 11.6557 59.2702
764 11.6557 59.2702
376 11.6557 59.2702
772 11.6557 59.2702
329 11.6557 59.2702
14 11.6557 59.2702
565 11.6557 59.2702
747 11.6557 59.2702
196 11.6557 59.2702
451 11.6557 59.2702
524 11.6557 59.2702
114 11.6557 59.2702
739 11.6557 59.2702
130 11.6557 59.2702
970 11.6557 59.2702
422 11.6557 59.2702
677 11.6557 59.2702
589 11.6557 59.2702
956 11.6557 59.2702
680 11.6557 59.2702
981 11.6557 59.2702
162 11.6557 59.2702
897 11.6877 59.0229
805 11.7194 58.7788
691 11.7512 58.5329
352 11.7823 58.2931
972 11.8133 58.0534
347 11.8441 57.8161
527 11.8799 57.5394
909 11.915 57.2685
47 11.949 57.0062
122 11.9823 56.7493
531 12.1004 55.99
505 12.2547 54.9983
698 12.3958 54.0907
616 12.5292 53.2336
182 12.585 52.8744
157 12.6403 52.5189
303 12.6618 52.4783
760 12.6834 52.4375
214 12.7066 52.3935
324 12.7328 52.344
633 12.6938 52.1589
858 12.6533 51.9668
336 12.6133 51.7767
218 12.5717 51.5796
708 12.53 51.3814
228 12.4882 51.1831
938 12.4504 51.0037
936 12.4083 50.8041
534 12.3665 50.6057
174 12.3259 50.4128
925 12.2848 50.218
128 12.2366 49.9891
423 12.196 49.7965
652 12.1573 49.6126
166 12.1199 49.4349
341 12.0795 49.2436
758 12.0402 49.0568
116 11.9976 48.8546
463 11.9859 48.1972
770 11.9742 47.5381
663 11.9633 46.9229
958 11.9523 46.3023
391 11.9431 45.7868
87 11.9317 45.1431
403 11.9233 44.672
65 11.9139 44.1394
312 11.9135 44.1186
279 11.9131 44.0976
222 11.9127 44.0746
330 11.9123 44.0505
142 11.9119 44.0294
499 11.9115 44.0047
771 11.9113 43.9933
797 11.9111 43.9805
212 11.9108 43.9668
46 11.9106 43.954
373 11.9104 43.9431
148 11.9102 43.9313
731 11.91 43.9187
949 11.9097 43.9067
384 11.9095 43.8938
990 11.9093 43.8814
283 11.9091 43.869
841 11.9089 43.8578
542 11.9087 43.8461
78 11.9085 43.8339
123 11.9082 43.8216
476 11.908 43.8095
749 11.9078 43.7973
496 11.9076 43.785
489 11.9074 43.772
100 11.9071 43.7589
154 11.9069 43.7459
57 11.9067 43.7327
10 11.9064 43.7187
863 11.9062 43.7057
908 11.906 43.6937
125 11.8592 41.0527
710 11.8159 38.6109
572 11.8061 38.0575
836 11.8006 37.7506
133 11.796 37.4895
86 11.7915 37.2373
700 11.7915 37.2373
32 11.7915 37.2373
328 11.7915 37.2373
74 11.9015 33.674
985 11.9259 32.8796
641 11.952 32.0343
514 11.9707 31.4286
673 11.9898 30.8074
268 12.0066 30.2609
661 12.0234 29.7178
943 12.0379 29.2469
899 12.0531 28.7545
794 12.0664 28.323
902 12.0803 27.872
474 12.0884 27.6073
898 12.0957 27.3716
4 12.1429 25.8387
258 12.1989 24.0229
963 12.2621 21.9724
187 12.3412 19.4098
412 12.3709 18.4448
881 12.4007 17.4778
455 12.4186 16.8982
682 12.4447 16.0495
812 12.4707 15.2067
366 12.4707 15.2067
331 12.4707 15.2067
61 12.4707 15.2067
362 12.4707 15.2067
741 12.4707 15.2067
211 12.4707 15.2067
674 12.4707 15.2067
588 12.4707 15.2067
646 12.4707 15.2067
722 12.4707 15.2067
629 12.4707 15.2067
348 12.4707 15.2067
488 12.4707 15.2067
8 12.4707 15.2067
402 12.4707 15.2067
299 12.4707 15.2067
702 18.5665 14.9362
254 22.4178 14.7653
669 26.4538 14.5861
573 29.7164 14.4413
287 31.8993 14.3444
261 33.5133 14.2727
822 33.5324 14.2719
284 33.5501 14.2711
709 33.5703 14.2702
111 33.5918 14.2692
26 33.6118 14.2683
883 33.6304 14.2675
407 33.6482 14.2667
704 33.6661 14.2659
246 33.6831 14.2652
439 33.7012 14.2644
64 33.7219 14.2635
310 33.7432 14.2625
643 33.7612 14.2617
337 33.7817 14.2608
351 33.8005 14.26
363 33.82 14.2591
626 33.8395 14.2582
518 33.8603 14.2573
467 33.6092 19.9764
824 33.5664 20.9522
653 33.5276 21.8349
829 33.2078 29.1204
853 33.1952 29.4068
915 33.1831 29.6838
602 33.1702 29.9764
354 33.1567 30.2841
191 33.1425 30.6084
278 33.1292 30.9117
307 33.1163 31.2051
486 33.1019 31.5331
934 33.0882 31.8462
421 33.0097 33.635
723 32.8658 36.9139
438 32.8545 37.17
475 32.8443 37.4022
37 32.8443 37.4022
748 32.8443 37.4022
834 32.8443 37.4022
160 32.8443 37.4022
655 32.8443 37.4022
121 32.8443 37.4022
679 32.8614 37.4404
205 32.8768 37.4751
586 32.8936 37.5127
549 32.9099 37.5493
414 32.928 37.5901
535 32.9442 37.6265
787 32.9588 37.6592
379 32.9764 37.6987
687 32.9966 37.744
257 33.0143 37.7838
529 33.0312 37.8219
7 33.0499 37.8638
566 33.0684 37.9054
151 33.0839 37.9401
612 33.0997 37.9757
917 33.1189 38.0187
692 33.137 38.0594
388 33.1532 38.0959
221 33.1688 38.1309
811 33.5742 39.0413
869 33.9961 39.9889
11 34.8239 41.8483
913 35.8321 44.1125
929 36.6996 46.0609
237 36.7977 46.2811
180 36.8876 46.4832
891 36.9778 46.6857
461 37.0643 46.88
508 37.1452 47.0618
778 37.2322 47.2571
452 37.3149 47.4428
302 37.4001 47.6342
49 37.4877 47.8311
843 37.5735 48.0237
69 37.5586 48.043
945 37.5426 48.0638
664 37.5267 48.0845
706 37.3361 48.3322
848 37.1475 48.5773
603 36.9293 48.8609
413 36.7362 49.1119
38 36.5454 49.3598
397 36.3544 49.6081
790 36.3308 49.6813
30 36.2832 49.829
783 36.2442 49.9501
619 36.2026 50.0791
155 36.1622 50.2044
472 36.1178 50.3422
545 36.0652 50.5053
480 36.0282 50.62
543 35.9646 50.8173
522 35.9061 50.9988
989 35.8447 51.1894
876 35.7762 51.4019
356 35.7113 51.603
512 35.635 51.8399
194 35.5545 52.0897
862 35.471 52.3488
525 35.3407 52.7528
922 35.2046 53.1749
89 35.0751 53.5767
688 34.9513 53.9607
269 34.8265 54.3481
127 34.7 54.7406
809 34.5652 55.1587
597 34.4395 55.5485
410 33.8861 57.2654
264 33.8115 57.497
104 33.7349 57.7344
471 33.6632 57.9571
765 33.5881 58.1898
210 33.5199 58.4016
147 33.4367 58.6595
370 33.3424 58.9521
640 33.2464 59.25
804 33.1563 59.5293
576 33.0675 59.8048
732 32.9773 60.0846
729 32.8845 60.3727
957 32.7939 60.6536
137 32.7049 60.9298
507 32.6183 61.1984
175 32.5309 61.4695
291 32.4453 61.7351
587 32.3604 61.9986
34 32.2855 62.2308
510 32.2103 62.4643
501 32.1234 62.7336
390 32.045 62.9771
788 31.9691 63.2126
645 31.8912 63.4542
720 31.8127 63.6977
493 31.738 63.9294
901 31.6591 64.1741
59 31.5819 64.4136
56 31.4956 64.6814
756 31.4131 64.9373
533 31.324 65.2138
79 31.2191 65.5392
839 31.1131 65.8681
965 30.9889 66.2534
308 30.8764 66.6023
404 30.761 66.9603
359 30.6479 67.3112
382 30.5326 67.6688
689 30.4027 68.072
888 30.2912 68.4176
733 30.191 68.7285
846 30.0798 69.0735
927 29.9634 69.4346
574 29.8495 69.7879
189 29.737 70.137
600 29.7032 70.2419
21 29.6703 70.3438
878 29.6345 70.455
601 29.5989 70.5655
635 29.557 70.6953
537 29.5171 70.8191
806 29.4779 70.9407
60 29.4428 71.0497
789 29.4101 71.1511
16 29.3756 71.2582
950 29.3431 71.3591
333 29.3088 71.4652
124 29.2761 71.5667
872 29.2442 71.6658
971 29.2151 71.7562
99 29.1821 71.8583
226 29.1502 71.9573
903 29.121 72.0481
168 29.0832 72.1652
326 29.0562 72.2489
296 29.0304 72.3289
658 29.0069 72.402
443 28.9831 72.4758
431 28.9598 72.5481
730 28.9493 72.5807
252 28.9377 72.6164
327 28.9261 72.6524
266 28.9137 72.691
526 28.9019 72.7277
454 28.8903 72.7637
599 28.8796 72.7968
591 28.8665 72.8375
270 28.8527 72.8802
946 28.8395 72.9213
349 28.828 72.957
571 28.8153 72.9962
604 28.802 73.0376
487 28.7888 73.0786
275 28.7771 73.1149
886 28.7636 73.1567
339 28.8451 73.1516
550 28.9406 73.1455
757 29.0397 73.1393
649 29.1486 73.1324
773 29.1486 73.1324
614 32.2406 72.3187
912 35.315 71.5098
779 36.5272 71.1909
134 37.5511 70.9215
523 38.4784 70.6776
80 39.37 70.443
662 40.2849 70.2024
350 41.3246 69.9289
596 42.4289 69.6383
724 43.6535 69.3162
621 45.0056 68.9605
281 45.01 68.9593
171 45.1652 69.0132
683 45.3222 69.0677
715 45.4768 69.1214
976 45.6449 69.1798
986 45.8169 69.2396
582 45.9802 69.2963
453 46.1314 69.3488
894 46.2773 69.3995
144 46.4277 69.4517
563 46.5833 69.5058
459 46.7259 69.5553
365 46.8754 69.6072
484 47.0542 69.6693
54 47.2183 69.7263
225 47.4631 69.8113
910 47.71 69.8971
163 47.9874 69.9934
968 48.2973 70.1011
802 48.58 70.1993
798 48.8565 70.2953
126 49.1533 70.3984
855 49.4089 70.4872
676 49.6686 70.5774
216 49.9554 70.677
540 50.2414 70.7763
235 50.5644 70.8885
515 50.9057 71.007
294 51.1948 71.1074
179 52.8442 71.6802
140 53.7 71.9774
9 54.3776 72.2127
317 55.0567 72.4485
801 55.0567 72.4485
642 55.0567 72.4485
755 55.0767 72.3976
335 55.2123 72.053
280 55.3613 71.6744
109 55.526 71.2559
513 55.6897 70.8396
91 55.8578 70.4125
112 56.0281 69.9798
468 56.2022 69.5374
558 56.3747 69.0989
762 56.9659 68.1717
188 57.6023 67.1733
921 57.9131 67.3833
94 58.221 67.5914
509 58.5243 67.7964
800 58.8256 68
671 59.1134 68.1945
208 59.3891 68.3808
668 59.6699 68.5706
605 59.9543 68.7628
769 60.2424 68.9574
743 60.5375 69.1569
632 61.0779 69.5221
110 61.6047 69.8781
152 61.6047 69.8781
654 61.6047 69.8781
962 61.6047 69.8781
837 61.6047 69.8781
987 61.6047 69.8781
293 61.6047 69.8781
647 61.7014 69.9828
650 61.8009 70.0904
595 61.8972 70.1947
67 61.9969 70.3027
432 62.0969 70.4109
931 62.2082 70.5314
744 62.3935 70.3632
857 62.5602 70.212
460 62.8182 69.9779
83 63.0944 69.7274
904 63.3599 69.4865
68 63.6313 69.2403
173 63.8799 69.0148
51 64.1356 68.7828
975 64.4162 68.5282
201 64.6747 68.2937
393 64.6622 68.2927
727 64.6506 68.2917
907 64.6388 68.2907
340 64.6273 68.2897
867 64.6163 68.2888
478 64.6046 68.2878
852 64.5926 68.2868
617 64.5775 68.2855
315 64.5775 68.2855
71 64.5775 68.2855
290 63.9899 66.4674
420 63.2585 64.2044
117 62.5427 61.9896
577 62.4982 61.8518
941 62.4535 61.7137
282 62.4082 61.5733
538 62.3625 61.4318
440 62.318 61.2943
161 62.2725 61.1533
847 62.2285 61.0171
492 60.3402 55.1759
498 60.2845 55.0036
190 60.2362 54.8541
84 60.1869 54.7015
485 60.1325 54.5329
964 60.0795 54.3689
238 60.0244 54.1986
942 59.9631 54.0088
767 59.8999 53.8131
101 59.8342 53.6099
625 59.8342 53.6098
85 59.8342 53.6098
793 59.8341 53.6097
396 59.8341 53.6097
70 59.8341 53.6097
656 59.8341 53.6096
791 59.7679 53.4025
262 59.6613 53.069
978 59.5568 52.7418
606 59.4579 52.4325
926 59.3633 52.1365
842 59.2683 51.8392
357 59.1724 51.5394
286 59.0753 51.2354
923 58.9789 50.9339
810 58.8833 50.6348
35 58.7819 50.3176
519 58.675 49.9831
623 58.5678 49.6476
217 58.4609 49.313
43 58.3559 48.9844
875 58.2537 48.6647
675 58.1541 48.3531
186 58.0556 48.0449
644 57.9583 47.7406
314 57.859 47.4297
716 57.7579 47.1134
276 57.6666 46.8279
342 57.5797 46.5559
594 57.4638 44.6635
377 57.3625 43.0087
355 57.2783 41.6348
906 57.2057 40.4491
458 57.1345 39.2855
831 57.0666 38.1767
55 57.0486 37.8827
930 57.0328 37.6235
63 57.0164 37.3554
681 56.9985 37.0629
751 56.9812 36.7791
66 56.9647 36.5088
164 56.9465 36.2113
935 56.9435 36.1625
844 56.9623 35.7025
358 56.9826 35.2055
209 57.004 34.6823
250 57.0232 34.2135
873 57.041 33.7776
27 57.0562 33.4061
197 57.0714 33.0336
634 57.0916 32.5397
419 57.1146 31.977
289 57.1285 31.6379
959 57.1285 31.6379
19 57.1285 31.6379
45 57.1285 31.6379
555 57.1285 31.6379
821 57.1285 31.6379
865 57.1285 31.6379
785 57.1285 31.6379
870 57.1285 31.6379
828 58.141 29.9989
6 59.4056 27.9516
781 60.6497 25.9376
598 63.3142 21.6243
721 65.3413 18.3428
581 65.5307 18.0362
295 65.7346 17.7061
504 65.9536 17.3516
777 66.1748 16.9936
819 66.3837 16.6553
24 66.6392 16.2418
176 66.927 15.7759
103 67.19 15.3502
