0,721,504,581,6,295,103,959,819,598,777,176,24,785,314,43,66,45,419,675,930,458,555,821,831,209,27,873,55,751,828,250,164,865,634,844,781,289,323,681,197,357,19,355,594,377,978,870,358,875,63,232,396,623,606,716,117,906,262,143,644,217,188,519,276,926,293,69,843,492,485,945,577,762,515,238,964,101,923,102,190,70,941,286,842,767,67,907,668,68,85,625,186,791,432,498,793,810,453,440,112,847,161,282,942,987,538,837,420,393,867,650,656,478,334,12,800,931,744,173,937,340,727,9,857,71,671,51,647,84,460,605,509,801,904,855,126,802,35,315,216,468,595,109,617,968,582,779,921,743,765,294,894,563,248,513,94,769,826,365,798,459,208,632,91,350,144,596,715,235,484,910,523,225,540,986,275,189,223,872,954,124,662,878,226,80,99,724,291,689,333,604,645,788,137,840,359,950,587,888,720,390,600,903,327,550,252,578,608,976,454,658,574,308,326,773,846,571,501,946,266,789,757,635,270,487,726,730,537,339,184,733,382,756,162,370,510,839,59,30,957,54,965,597,147,471,264,410,267,591,640,804,576,599,901,729,912,558,56,809,676,104,134,683,163,171,21,621,404,175,732,210,525,127,269,778,688,89,922,472,522,862,194,783,913,49,603,545,876,461,891,180,237,533,512,493,929,848,281,342,452,989,155,38,543,508,566,413,917,302,633,142,65,475,403,723,655,908,32,438,829,664,486,278,935,535,37,397,11,679,612,7,414,619,356,586,549,379,869,205,706,834,388,787,480,529,824,748,421,692,151,687,811,191,853,790,257,934,626,64,439,704,702,111,284,354,307,573,221,467,261,160,643,246,653,518,337,310,287,26,883,669,407,351,363,822,709,348,366,211,488,588,741,881,8,629,331,412,362,646,812,722,963,187,902,794,474,674,673,455,661,641,254,61,943,915,682,898,133,899,268,258,514,87,299,4,602,86,74,402,836,121,985,710,572,328,125,212,330,57,489,771,476,373,154,505,499,958,731,542,116,527,749,496,218,972,909,312,222,652,770,10,616,863,423,78,758,936,534,949,352,100,148,990,46,157,47,128,700,663,698,463,341,123,283,384,336,797,174,747,303,391,708,760,691,677,772,228,182,589,279,938,234,166,347,849,122,219,764,233,630,214,897,705,841,531,858,507,927,981,329,411,971,79,956,735,349,422,398,601,81,739,451,552,703,3,324,805,131,970,114,565,374,132,34,701,77,272,196,799,665,427,524,924,14,113,482,925,443,639,607,939,680,686,551,500,298,224,556,433,338,371,890,944,192,479,784,657,400,825,966,376,517,860,948,277,667,255,381,97,119,503,130,991,429,220,879,728,502,734,445,694,526,717,615,75,300,815,321,169,892,457,168,346,1,90,557,426,982,759,560,88,886,695,360,361,554,796,244,830,955,803,628,546,325,570,48,93,207,905,699,95,719,115,462,435,50,15,386,203,213,776,953,200,247,914,712,678,199,153,693,316,436,447,792,442,973,988,711,31,301,380,750,108,368,933,58,138,183,304,446,364,405,827,236,399,39,547,401,106,568,916,718,263,240,637,444,780,969,495,469,736,868,178,585,491,919,150,227,714,249,761,795,430,441,418,610,13,859,696,651,96,871,431,697,271,593,20,806,611,2,768,76,672,548,424,392,230,253,638,44,36,17,753,833,409,918,306,631,41,296,521,456,28,808,16,60,885,167,490,428,288,256,960,146,141,389,181,786,746,305,536,516,707,539,974,649,659,752,231,569,470,614,807,319,72,766,416,738,309,877,206,172,129,120,448,613,92,265,73,22,140,241,947,165,763,814,940,530,82,105,245,437,239,874,559,561,139,449,343,394,292,511,53,215,866,375,5,408,564,618,313,367,320,961,193,755,636,532,335,880,406,952,861,895,23,713,882,774,541,562,782,179,851,344,434,156,816,202,259,992,18,369,464,911,856,297,378,737,584,754,177,624,415,40,185,984,42,229,477,118,145,280,887,690,62,575,823,832,642,395,52,317,896,159,666,353,864,149,622,481,494,980,817,725,893,580,648,465,135,813,544,273,620,567,285,845,775,740,322,818,928,983,742,251,158,318,854,820,372,204,685,889,25,528,332,311,660,473,450,385,417,383,962,83,201,900,110,152,654,290,975,579,506,850,838,920,951,242,852,497,198,170,932,107,967,195,884,387,684,466,29,670,553,583,425,592,136,977,609,274,590,520,745,835,33,98,483,979,260,345,627,243,
value : 431.312 running time : 230.137397
0 80 20
721 73.0478 18.9146
504 70.0911 18.453
581 67.5089 18.0499
6 65.5025 17.7367
295 64.9198 16.8908
103 64.2861 15.9708
959 63.6546 17.346
819 63.2022 18.3309
598 62.8163 19.1713
777 62.4392 19.9923
176 62.0461 20.8483
24 60.7918 23.5795
785 58.7651 27.9925
314 57.7848 30.127
43 57.7022 30.307
66 57.6607 30.3974
45 57.6277 30.4692
419 57.5955 30.5392
675 57.5552 30.6273
930 57.5531 30.6318
458 57.5511 30.6361
555 57.5493 30.6401
821 57.5473 30.6444
831 57.5454 30.6486
209 57.5432 30.6532
27 57.5412 30.6577
873 57.5392 30.662
55 57.5371 30.6666
751 57.5349 30.6714
828 57.5328 30.676
250 57.5308 30.6804
164 57.5287 30.6849
865 57.5264 30.6898
634 57.5241 30.6948
844 57.5219 30.6997
781 57.5219 30.6997
289 57.5219 30.6997
323 58.1799 38.2456
681 58.2114 38.6073
197 58.2465 39.0086
357 58.2814 39.4092
19 58.3107 39.7442
355 58.3444 40.1313
594 58.3811 40.5519
377 58.4157 40.9483
978 58.4525 41.3699
870 58.4864 41.7583
358 58.5195 42.138
875 58.5571 42.5684
63 58.5927 42.9763
232 58.6281 43.382
396 58.6641 43.7947
623 58.6929 44.1246
606 58.7211 44.4473
716 58.7494 44.771
117 58.7806 45.129
906 58.8067 45.4285
262 58.8378 45.7842
143 58.8664 46.1124
644 58.8941 46.4295
217 58.9215 46.7428
188 58.9531 47.1048
519 58.9793 47.4058
276 59.004 47.6887
926 59.0382 48.0806
293 59.0714 48.4611
69 59.0982 48.7682
843 59.1332 49.1686
492 59.167 49.5565
485 59.2022 49.96
945 59.2338 50.3221
577 59.4285 52.5556
762 59.5746 54.2319
515 59.61 54.638
238 59.6407 54.9906
964 59.6664 55.2853
101 59.6899 55.5553
923 59.7205 55.9061
102 59.7536 56.2866
190 59.7876 56.6762
70 59.8218 57.0695
941 59.8583 57.4876
286 59.8039 57.85
842 59.7555 58.173
767 59.6927 58.5925
67 59.6257 59.0397
907 59.57 59.4115
668 59.5121 59.7983
68 59.463 60.1254
85 59.4166 60.4355
625 59.3587 60.8215
186 59.3066 61.1695
791 59.2427 61.5961
432 59.179 62.021
498 59.179 62.021
793 59.5227 62.1807
810 59.8815 62.3475
453 60.221 62.5053
440 60.616 62.6889
112 60.9834 62.8597
847 61.3708 63.0397
161 61.7051 63.1951
282 62.1023 63.3797
942 62.5994 63.6108
987 63.0068 63.8002
538 63.4383 64.0007
837 63.9086 64.2193
420 64.0135 64.2681
393 64.1159 64.3157
867 64.2284 64.368
650 64.3309 64.4157
656 64.435 64.4641
478 64.5367 64.5114
334 64.6489 64.5636
12 61.5034 72.9425
800 61.5034 72.9425
931 61.5034 72.9425
744 61.5034 72.9425
173 61.5034 72.9425
937 61.5034 72.9425
340 61.3002 72.8722
727 61.1122 72.8072
9 60.9022 72.7346
857 60.7087 72.6678
71 60.5581 72.6157
671 60.1432 72.4723
51 59.7756 72.3452
647 59.3408 72.1949
84 58.8829 72.0366
460 58.5432 71.9192
605 58.1657 71.7887
509 57.8068 71.6646
801 57.4178 71.5302
904 56.9813 71.3793
855 56.4028 71.1793
126 55.9345 71.0174
802 55.5813 70.8953
35 55.2727 70.7887
315 55.2231 70.7931
216 55.1733 70.7976
468 55.1261 70.8018
595 55.0796 70.8059
109 53.9189 70.9093
617 52.7744 71.0112
968 51.6159 71.1143
582 50.4184 71.2209
779 49.2534 71.3246
921 48.0937 71.4279
743 46.939 71.5307
765 45.6991 71.6411
294 45.6547 71.645
894 45.6097 71.649
563 45.5659 71.6529
248 45.5204 71.6569
513 45.4765 71.6608
94 45.4337 71.6646
769 45.3882 71.6686
826 45.3358 71.6733
365 45.286 71.6777
798 45.2426 71.6816
459 45.1946 71.6858
208 45.1527 71.6895
632 44.6402 71.735
91 44.1235 71.7808
350 43.5273 71.8337
144 42.966 71.8835
596 42.4106 71.9327
715 41.9185 71.9764
235 41.461 72.0169
484 40.9236 72.0646
910 40.3328 72.117
523 39.7925 72.1649
225 39.2327 72.2146
540 38.663 72.2651
986 38.089 72.316
275 32.8637 72.7794
189 32.7913 72.7858
223 32.7095 72.793
872 32.6269 72.8003
954 32.5449 72.8076
124 32.4681 72.8144
662 32.3912 72.8212
878 32.3118 72.8282
226 32.2323 72.8352
80 32.1499 72.8425
99 32.0531 72.8511
724 31.9865 72.857
291 31.9086 72.8639
689 31.8239 72.8714
333 31.737 72.8791
604 31.6579 72.8861
645 31.5817 72.8928
788 31.5001 72.9
137 31.4217 72.907
840 31.3443 72.9138
359 31.2549 72.9217
950 31.157 72.9304
587 31.0785 72.9373
888 30.9987 72.9444
720 30.9234 72.9511
390 30.8467 72.9579
600 30.7625 72.9653
903 30.6869 72.972
327 30.6075 72.979
550 30.5328 72.9857
252 30.4651 72.9917
578 30.3803 72.9992
608 30.3011 73.0062
976 30.242 73.0114
454 30.1674 73.018
658 30.0903 73.0248
574 30.0237 73.0307
308 29.9567 73.0367
326 29.8721 73.0442
773 29.8721 73.0442
846 29.5637 72.8444
571 29.3669 72.717
501 29.1564 72.5806
946 28.9431 72.4424
266 28.7412 72.3117
789 28.5466 72.1856
757 28.3547 72.0614
635 28.1539 71.9313
270 27.9772 71.8169
487 27.713 71.6458
726 27.5127 71.516
730 27.3409 71.4047
537 27.1398 71.2745
339 26.9376 71.1436
184 26.748 71.0208
733 26.0496 69.8816
382 25.4538 68.91
756 24.9404 68.0725
162 24.9404 68.0725
370 32.0654 63.9053
510 32.4524 63.679
839 32.8656 63.4375
59 33.2471 63.2146
30 33.6883 62.9567
957 34.0908 62.7214
54 34.5328 62.4631
965 34.9312 62.2302
597 35.4901 61.9035
147 35.4901 61.9035
471 35.4901 61.9035
264 35.4901 61.9035
410 35.4901 61.9035
267 35.4901 61.9035
591 35.4901 61.9035
640 35.4901 61.9035
804 35.4901 61.9035
576 35.4901 61.9035
599 35.4901 61.9035
901 35.4901 61.9035
729 35.4901 61.9035
912 35.4901 61.9035
558 35.4901 61.9035
56 35.4901 61.9035
809 35.4901 61.9035
676 35.4901 61.9035
104 35.4901 61.9035
134 35.4901 61.9035
683 35.4992 61.5105
163 35.5081 61.1302
171 35.5177 60.7167
21 35.5287 60.2478
621 35.5411 59.7119
404 35.5514 59.2732
175 35.5745 58.2826
732 35.6038 57.023
210 35.6372 55.5929
525 35.6646 54.4169
127 35.6744 53.9977
269 35.6847 53.5528
778 35.6949 53.1151
688 35.7049 52.6862
89 35.7147 52.2637
922 35.725 51.8239
472 35.736 51.3518
522 35.7107 51.3155
862 35.6855 51.2791
194 35.662 51.2454
783 35.6367 51.2089
913 35.613 51.1748
49 35.59 51.1417
603 35.5666 51.1081
545 35.5434 51.0747
876 35.5208 51.0422
461 35.4996 51.0117
891 35.4761 50.9778
180 35.4533 50.945
237 35.4307 50.9125
533 35.4082 50.8801
512 35.3848 50.8464
493 35.3618 50.8133
929 35.3387 50.78
848 35.3163 50.7478
281 35.2947 50.7167
342 35.035 50.3427
452 34.7222 49.8922
989 34.4256 49.465
155 34.1448 49.0606
38 33.8401 48.6218
543 33.569 48.2313
508 33.3207 47.8738
566 33.0748 47.5196
413 32.823 47.157
917 32.5716 46.7949
302 32.3221 46.4356
633 32.0603 46.0585
142 31.8073 45.6943
65 30.7074 39.6358
475 30.7074 39.6358
403 30.7074 39.6358
723 30.7074 39.6358
655 30.7074 39.6358
908 30.7074 39.6358
32 30.9291 39.2126
438 31.2176 38.6618
829 31.5677 37.9937
664 31.8985 37.3622
486 32.2766 36.6406
278 32.6538 35.9207
935 32.9857 35.287
535 32.9857 35.287
37 32.9857 35.287
397 32.9876 35.2364
11 32.9895 35.1811
679 32.9916 35.1225
612 32.9936 35.0663
7 32.9954 35.0156
414 32.9973 34.9647
619 32.9991 34.9122
356 33.0013 34.8528
586 33.0086 34.6502
549 33.015 34.472
379 33.0217 34.2849
869 33.0273 34.1292
205 33.0329 33.9738
706 33.0383 33.825
834 33.0452 33.6341
388 33.0511 33.4712
787 33.058 33.2785
480 33.0634 33.128
529 33.0698 32.95
824 33.0765 32.766
748 33.082 32.6111
421 33.0914 32.3528
692 33.1006 32.0951
151 33.1107 31.8174
687 33.1212 31.5253
811 33.1333 31.1904
191 33.1461 30.8345
853 33.1585 30.4898
790 33.1709 30.1452
257 33.2062 29.1686
934 33.255 27.814
626 33.291 26.8165
64 33.3226 25.9413
439 33.3506 25.1638
704 33.374 24.5156
702 33.3916 24.0276
111 33.4072 23.5938
284 33.4221 23.1826
354 33.4364 22.7841
307 33.4534 22.3121
573 33.4713 21.8174
221 33.4855 21.4242
467 33.5028 20.9438
261 33.5249 20.3307
160 33.5482 19.6854
643 33.5945 18.4015
246 33.6369 17.2241
653 33.6805 16.0155
518 33.748 14.1436
337 33.3711 14.1474
310 32.9805 14.1512
287 32.5812 14.1552
26 32.1738 14.1592
883 31.7049 14.1638
669 31.2167 14.1687
407 30.786 14.1729
351 30.3173 14.1776
363 29.8585 14.1821
822 29.38 14.1868
709 27.2994 14.2074
348 21.857 14.2613
366 20.6111 14.2737
211 19.5347 14.2843
488 18.6609 14.293
588 17.7055 14.3025
741 16.8985 14.3105
881 16.2222 14.3172
8 15.7034 14.3223
629 15.0115 14.3292
331 14.436 14.3349
412 14.2107 14.3371
362 13.9978 14.3392
646 13.7918 14.3413
812 13.6093 14.3431
722 13.5741 14.5564
963 12.9798 18.1512
187 12.8189 19.1251
902 12.8014 20.2269
794 12.7856 21.232
474 12.7846 21.2914
674 12.7836 21.3518
673 12.7825 21.4245
455 12.7814 21.4917
661 12.7804 21.5561
641 12.7794 21.6205
254 12.7784 21.682
61 12.7773 21.7467
943 12.7434 23.8502
915 12.7145 25.6313
682 12.7025 25.813
898 12.4233 30.0213
133 12.4174 30.2018
899 12.4119 30.3728
268 12.4057 30.5605
258 12.3999 30.739
514 12.3933 30.9406
87 12.3867 31.1439
299 12.381 31.3205
4 12.3748 31.5096
602 12.3686 31.701
86 12.3576 32.0371
74 12.3468 32.3696
402 12.3348 32.7377
836 12.3133 33.3964
121 12.2904 34.0992
985 12.2613 34.9929
710 12.2317 35.9
572 12.1895 37.1924
328 12.0917 40.1618
125 12.0894 40.4449
212 12.0871 40.7116
330 12.0849 40.9785
57 12.0827 41.2496
489 12.0806 41.5063
771 12.0785 41.7533
476 12.0766 41.9905
373 12.0747 42.2228
154 12.0728 42.4527
505 12.0709 42.6791
499 12.0692 42.8906
958 12.0563 44.4322
731 12.0444 45.8599
542 12.0315 47.4158
116 12.0177 49.0757
527 12.0176 49.0968
749 12.0174 49.1177
496 12.0172 49.1386
218 12.0171 49.1614
972 12.0169 49.1832
909 12.0168 49.204
312 12.0166 49.225
222 12.0164 49.247
652 12.0163 49.2689
770 12.0161 49.2904
10 12.0159 49.3121
616 12.0158 49.3345
863 12.0156 49.3571
423 12.0154 49.3792
78 12.0153 49.4016
758 12.0151 49.4266
936 12.0149 49.4516
534 12.0147 49.4738
949 12.0146 49.4956
352 12.0144 49.5195
100 12.0142 49.5433
148 12.014 49.5652
990 12.0138 49.5893
46 12.0137 49.6131
157 12.0135 49.6393
47 12.0133 49.6625
128 12.0131 49.6836
700 12.013 49.704
663 12.0128 49.7296
698 12.0126 49.7555
463 12.0124 49.7809
341 12.0122 49.8055
123 12.012 49.8289
283 12.0118 49.8528
384 12.0096 50.1433
336 12.0074 50.4427
797 12.0048 50.7805
174 12.0022 51.1147
747 11.9998 51.4375
303 11.9975 51.7354
391 11.9953 52.0265
708 11.993 52.3264
760 11.9909 52.6089
691 11.9887 52.8886
677 11.9866 53.1728
772 11.9844 53.4534
228 11.9823 53.7271
182 11.9789 54.18
589 11.9755 54.6177
279 11.9719 55.0856
938 11.9684 55.5467
234 11.9647 56.0341
166 11.9612 56.4846
347 11.958 56.9121
849 11.958 56.9121
122 11.958 56.9121
219 12.1955 57.2458
764 12.3824 57.5081
233 12.5657 57.7657
630 12.7397 58.0101
214 12.894 58.2267
897 13.087 58.4978
705 13.2464 58.7217
841 13.3854 58.9169
531 13.701 59.3601
858 14.0778 59.8893
507 14.6235 60.6558
927 15.061 61.2702
981 15.061 61.2702
329 15.061 61.2702
411 15.061 61.2702
971 15.061 61.2702
79 15.061 61.2702
956 15.061 61.2702
735 15.061 61.2702
349 15.061 61.2702
422 15.061 61.2702
398 15.061 61.2702
601 15.061 61.2702
81 15.061 61.2702
739 15.061 61.2702
451 15.061 61.2702
552 15.061 61.2702
703 15.061 61.2702
3 15.061 61.2702
324 15.061 61.2702
805 14.8538 61.8112
131 14.564 62.5676
970 14.2826 63.3023
114 14.0166 63.9966
565 13.7523 64.6866
374 13.4328 65.5207
132 13.4071 65.5878
34 13.38 65.6583
701 13.345 65.7496
77 13.3154 65.827
272 13.2851 65.9059
196 13.2557 65.9827
799 13.2231 66.068
665 13.1907 66.1525
427 13.1611 66.2296
524 13.1327 66.3038
924 13.1002 66.3888
14 13.0683 66.4719
113 13.0379 66.5512
482 13.0085 66.6281
925 12.9777 66.7084
443 12.1986 68.7406
639 12.1986 68.7406
607 12.1986 68.7406
939 12.1986 68.7406
680 12.0891 69.2408
686 11.9768 69.754
551 11.8667 70.2569
500 11.7696 70.7008
298 11.6718 71.1476
224 11.5804 71.5649
556 11.4995 71.9346
433 11.4223 72.2873
338 11.3545 72.597
371 11.2782 72.9457
890 11.1847 73.3728
944 11.1038 73.7421
192 11.1038 73.7421
479 11.1038 73.7421
784 11.1038 73.7421
657 11.1038 73.7421
400 11.1038 73.7421
825 11.1038 73.7421
966 11.1038 73.7421
376 11.1324 73.7731
517 11.1626 73.8059
860 11.1946 73.8405
948 11.2242 73.8727
277 11.253 73.9038
667 11.2821 73.9355
255 11.3124 73.9683
381 11.3438 74.0023
97 11.3783 74.0398
119 11.4115 74.0757
503 11.4446 74.1117
130 11.4763 74.146
991 11.5078 74.1801
429 11.5412 74.2163
220 11.5742 74.2521
879 11.6021 74.2824
728 11.6326 74.3155
502 11.6636 74.3492
734 11.6912 74.3791
445 11.7242 74.4149
694 11.7565 74.4499
526 11.7903 74.4865
717 11.5727 75.4119
615 11.3034 76.5558
75 11.0461 77.649
300 10.8177 78.62
815 10.8177 78.62
321 10.8177 78.62
169 10.8177 78.62
892 10.8177 78.62
457 10.8177 78.62
168 10.8177 78.62
346 10.8177 78.62
1 10.8177 78.62
90 10.8177 78.62
557 10.8177 78.62
426 10.8177 78.62
982 10.8177 78.62
759 10.8177 78.62
560 10.8177 78.62
88 10.8177 78.62
886 10.8177 78.62
695 10.8177 78.62
360 10.8177 78.62
361 10.8177 78.62
554 10.8177 78.62
796 10.8177 78.62
244 10.8177 78.62
830 10.8177 78.62
955 10.8177 78.62
803 10.8177 78.62
628 10.8177 78.62
546 10.8177 78.62
325 10.8177 78.62
570 10.8177 78.62
48 10.8177 78.62
93 10.8177 78.62
207 10.8177 78.62
905 10.7259 80.3984
699 10.6349 82.1608
95 10.5478 83.8472
719 10.4631 85.4866
115 10.3864 86.9698
462 10.3332 87.9974
435 10.2904 88.8252
50 10.2768 89.0858
15 10.2621 89.3704
386 10.2568 89.4728
203 10.2516 89.5749
213 10.2452 89.7
776 10.2449 89.7071
953 10.2445 89.714
200 10.2441 89.7214
247 10.2438 89.7281
914 10.2434 89.7351
712 10.2431 89.7419
678 10.2427 89.749
199 10.2423 89.756
153 10.242 89.7629
693 10.2416 89.77
316 10.2413 89.7768
436 10.2409 89.7838
447 10.2405 89.7917
792 10.2401 89.799
442 10.2397 89.8064
973 10.2394 89.8139
988 10.239 89.8213
711 10.2763 89.8202
31 10.3126 89.8192
301 10.3475 89.8181
380 10.3838 89.8171
750 10.4233 89.8159
108 10.4601 89.8148
368 10.5048 89.8135
933 10.5408 89.8125
58 10.576 89.8114
138 10.6092 89.8104
183 10.6466 89.8094
304 10.6801 89.8084
446 10.7148 89.8073
364 10.7493 89.8063
405 10.7827 89.8053
827 10.8176 89.8043
236 10.8536 89.8033
399 10.8897 89.8022
39 10.9228 89.8012
547 10.9559 89.8002
401 10.9912 89.7992
106 11.0284 89.7981
568 11.0666 89.797
916 11.1054 89.7958
718 11.1376 89.7949
263 11.1709 89.7939
240 11.2068 89.7929
637 11.2428 89.7918
444 11.2784 89.7908
780 11.3155 89.7897
969 11.3483 89.7887
495 11.3877 89.7875
469 11.4241 89.7865
736 11.457 89.7855
868 11.4933 89.7844
178 11.5294 89.7834
585 12.4087 89.7572
491 18.4645 89.5777
919 23.0278 89.4425
150 23.1623 89.4385
227 23.2769 89.435
714 23.417 89.4308
249 23.5622 89.4265
761 23.7127 89.422
795 23.8621 89.4175
430 23.9994 89.4134
441 24.1369 89.4093
418 24.2855 89.4048
610 24.4248 89.4007
13 24.5552 89.3968
859 24.7035 89.3923
696 24.8431 89.3882
651 24.9815 89.384
96 25.1357 89.3794
871 25.2609 89.3757
431 25.4022 89.3714
697 25.5577 89.3668
271 25.7018 89.3625
593 25.8257 89.3588
20 25.9864 89.354
806 26.1445 89.3492
611 26.2698 89.3455
2 26.4138 89.3412
768 26.539 89.3374
76 26.6902 89.3329
672 26.8393 89.3285
548 26.9844 89.3241
424 27.107 89.3204
392 27.2496 89.3162
230 27.3758 89.3124
253 27.4988 89.3087
638 27.6277 89.3049
44 27.7409 89.3015
36 27.8665 89.2977
17 27.9749 89.2945
753 28.12 89.2901
833 28.2784 89.2854
409 28.4389 89.2806
918 28.6019 89.2757
306 28.7473 89.2714
631 28.9002 89.2668
41 29.051 89.2623
296 29.2061 89.2576
521 29.3447 89.2535
456 29.6036 89.2457
28 29.9184 89.2363
808 30.236 89.2268
16 30.5307 89.218
60 30.8532 89.2083
885 31.1613 89.1991
167 31.5017 89.1889
490 31.8345 89.1789
428 32.1937 89.1682
288 32.5529 89.1574
256 33.3079 89.1348
960 33.9607 89.1153
146 34.7357 89.0921
141 35.4699 89.0701
389 36.2469 89.0468
181 36.8808 89.0278
786 37.4765 89.0099
746 38.257 88.9867
305 38.3568 88.9837
536 38.452 88.9809
516 38.5442 88.9781
707 38.6145 88.976
539 38.6974 88.9736
974 38.7773 88.9712
649 38.8591 88.9687
659 38.9444 88.9662
752 39.0215 88.9639
231 39.1013 88.9615
569 39.1878 88.959
470 39.2701 88.9565
614 39.356 88.954
807 39.4411 88.9514
319 39.5282 88.9489
72 39.6079 88.9465
766 39.6913 88.944
416 39.7738 88.9416
738 39.8518 88.9392
309 39.9376 88.9367
877 40.0211 88.9342
206 40.108 88.9316
172 40.1891 88.9292
129 40.2732 88.9267
120 40.3479 88.9245
448 40.437 88.9218
613 40.5229 88.9193
92 40.6093 88.9167
265 40.702 88.914
73 40.7918 88.9113
22 41.0521 88.9035
140 41.3309 88.8952
241 41.3309 88.8952
947 41.3309 88.8952
165 41.3309 88.8952
763 41.3309 88.8952
814 41.3309 88.8952
940 41.3309 88.8952
530 41.3309 88.8952
82 41.3309 88.8952
105 41.3309 88.8952
245 41.3309 88.8952
437 41.3309 88.8952
239 41.3309 88.8952
874 41.3309 88.8952
559 41.331 88.8952
561 41.331 88.8952
139 41.331 88.8952
449 41.7709 88.8796
343 42.2066 88.864
394 42.631 88.849
292 43.0754 88.8331
511 43.5618 88.8158
53 43.8743 88.8047
215 44.1931 88.7934
866 44.5403 88.781
375 44.8778 88.769
5 45.2053 88.7574
408 45.5318 88.7458
564 45.8511 88.7345
618 46.2094 88.7217
313 46.5418 88.7099
367 46.8546 88.6988
320 47.1417 88.6886
961 47.4393 88.678
193 47.7156 88.6683
755 48.0095 88.6578
636 48.3288 88.6465
532 48.6566 88.6349
335 48.9605 88.6241
880 49.2478 88.6139
406 49.5296 88.6039
952 49.8232 88.5935
861 50.0951 88.5838
895 50.3757 88.5739
23 50.6796 88.5631
713 50.9305 88.5542
882 51.1988 88.5447
774 51.4473 88.5359
541 51.6932 88.5272
562 51.9366 88.5186
782 52.3341 88.5044
179 52.6923 88.4917
851 53.0569 88.4788
344 53.417 88.4661
434 53.7676 88.4537
156 54.1296 88.4408
816 54.5016 88.4276
202 54.8838 88.414
259 55.256 88.4008
992 55.6395 88.3871
18 55.9815 88.375
369 56.076 88.3716
464 56.1808 88.3679
911 56.2778 88.3644
856 56.3762 88.3609
297 56.475 88.3573
378 56.5701 88.3539
737 56.6623 88.3507
584 56.7577 88.3473
754 56.8524 88.3439
177 56.9525 88.3403
624 57.0426 88.3371
415 57.1388 88.3337
40 57.2413 88.33
185 57.3509 88.3261
984 57.4512 88.3225
42 57.5516 88.3189
229 57.6429 88.3156
477 57.744 88.312
118 57.8377 88.3087
145 57.9397 88.305
280 58.0236 88.302
887 58.1211 88.2986
690 58.2195 88.295
62 58.3175 88.2915
575 58.4202 88.2878
823 58.5285 88.284
832 58.6145 88.2809
642 58.6145 88.2809
395 59.6239 88.3248
52 60.5559 88.3654
317 61.3221 88.3987
896 62.0762 88.4315
159 65.6261 88.5861
666 65.6642 88.5878
353 65.7012 88.5894
864 65.7395 88.591
149 65.7735 88.5925
622 65.8095 88.5941
481 65.8482 88.5958
494 65.8863 88.5974
980 65.9149 88.5987
817 68.3252 88.7038
725 71.46 88.8405
893 71.9268 88.8608
580 72.3527 88.8794
648 72.7422 88.8964
465 73.0439 88.9095
135 73.3954 88.9249
813 73.5242 88.9305
544 73.6535 88.9362
273 73.7887 88.9421
620 73.9412 88.9487
567 74.0995 88.9557
285 74.7589 88.9845
845 75.4321 89.0139
775 76.2112 89.0479
740 77.1326 89.0882
322 77.9197 89.1226
818 78.4955 89.1477
928 79.5021 89.1917
983 79.5021 89.1917
742 79.5021 89.1917
251 79.5021 89.1917
158 79.5027 89.1911
318 79.5033 89.1904
854 80.2037 88.4036
820 81.1803 87.3067
372 86.0313 81.8572
204 85.8532 81.5747
685 85.7162 81.3575
889 85.561 81.1113
25 85.3419 80.764
528 85.0344 80.2762
332 84.7742 79.8636
311 84.5797 79.5552
660 84.3728 79.2271
473 84.169 78.9039
450 83.3622 77.6245
385 82.5375 76.3167
417 81.9449 75.3772
383 81.3027 74.3588
962 80.8278 73.6057
83 80.5505 73.1661
201 80.2582 72.7026
900 80.0025 72.2971
110 79.7607 71.9136
152 79.5467 71.5743
654 79.3482 71.2596
290 79.5346 70.6488
975 80.0277 69.0327
579 80.5313 67.3822
506 81.9287 62.8007
850 82.8007 59.9424
838 82.9735 59.3758
920 83.1333 58.852
951 83.2707 58.4018
242 83.395 57.9944
852 83.5148 57.6018
497 83.8277 56.5758
198 83.7416 55.8058
170 83.6589 55.0665
932 83.5743 54.3103
107 83.496 53.6104
967 83.4143 52.8799
195 83.3322 52.1459
884 83.2626 51.5232
387 83.1901 50.8752
684 83.1133 50.1884
466 82.9398 48.6378
29 82.9398 48.6378
670 82.9398 48.6378
553 82.9398 48.6378
583 82.9398 48.6378
425 82.9611 48.4388
592 82.9825 48.2398
136 83.0011 48.0665
977 83.0208 47.8828
609 83.3616 44.7037
274 83.6294 42.2055
590 83.8742 39.9219
520 84.0384 38.3904
745 84.1833 37.0388
835 84.4331 34.7083
33 84.8036 31.2528
98 85.2385 27.1959
483 86.2684 17.5916
979 86.2684 17.5916
260 86.2684 17.5916
345 85.8734 17.7434
627 85.4188 17.918
243 84.7505 18.1748
