0,634,45,777,555,24,103,721,598,581,295,504,176,819,653,287,407,351,669,337,573,518,488,363,8,643,626,211,702,588,741,254,354,824,474,602,348,439,899,402,836,641,661,915,902,549,278,246,284,943,133,121,268,65,572,125,307,205,612,990,486,682,362,674,710,258,366,629,881,673,412,812,187,722,646,61,328,794,898,4,514,330,499,455,74,331,963,86,299,87,771,949,438,32,496,797,616,652,829,700,731,663,841,476,283,46,148,312,212,10,985,154,228,341,863,958,123,166,542,489,909,805,384,352,100,47,218,157,128,116,527,925,760,531,784,122,747,534,373,234,279,336,764,303,196,708,799,162,376,849,277,667,517,14,214,565,950,275,739,463,391,749,222,131,78,758,423,770,936,972,703,57,422,698,858,956,174,329,302,34,382,182,451,59,525,508,403,535,11,37,748,655,38,397,788,908,603,505,633,839,79,965,733,543,891,706,269,929,688,142,388,54,413,267,720,137,756,735,533,587,349,981,729,89,599,645,912,493,765,901,30,732,922,510,104,604,601,327,957,701,846,501,266,545,924,677,691,938,524,903,502,705,897,324,233,398,640,680,970,482,503,192,272,589,971,635,697,948,97,119,658,113,888,772,346,400,333,130,219,479,550,220,114,630,860,374,608,927,411,244,946,80,574,490,132,296,168,825,526,600,326,726,41,872,359,270,171,507,16,724,910,390,730,878,571,124,537,689,459,662,256,614,223,141,167,189,226,454,638,92,2,253,773,172,76,859,470,249,919,288,761,918,428,806,916,99,610,578,60,58,696,487,954,431,560,443,780,815,557,469,789,361,429,552,360,88,757,445,939,966,255,77,694,381,879,717,734,371,338,686,3,298,607,728,347,81,224,436,184,554,427,207,433,639,321,665,300,457,886,301,247,628,240,48,796,657,551,500,386,424,982,615,678,830,718,759,75,944,178,95,169,905,991,890,570,953,969,442,547,39,447,364,637,153,108,426,955,546,203,90,556,339,885,462,401,693,444,263,892,138,719,31,106,446,1,435,695,495,792,699,871,316,736,304,93,585,988,213,200,380,750,803,405,13,827,914,868,399,325,651,199,593,568,768,17,115,711,236,973,368,456,753,227,430,15,306,714,933,441,672,20,960,707,271,150,712,36,631,808,50,974,833,183,776,44,521,409,491,28,139,418,305,613,611,265,72,73,5,309,874,448,738,53,181,165,752,206,877,22,146,795,649,392,231,394,569,120,786,129,96,548,375,320,541,511,437,230,294,389,105,193,559,516,319,774,239,408,434,763,23,746,961,766,318,823,158,464,620,52,737,202,845,584,580,353,544,481,12,931,851,465,145,854,937,135,285,725,666,159,494,893,983,928,820,322,251,149,813,25,685,372,889,473,740,660,450,311,204,648,975,417,864,775,818,742,579,51,528,650,71,904,515,962,744,340,68,605,440,18,315,921,987,238,126,280,567,297,140,940,83,335,754,118,690,477,911,952,816,313,992,177,984,259,42,185,622,856,317,273,817,532,624,344,814,618,406,62,896,367,156,882,575,642,980,415,636,94,866,561,539,343,449,713,802,241,248,245,292,179,880,895,563,536,887,144,659,861,976,564,769,530,562,369,894,840,215,826,755,416,509,9,801,540,378,947,40,782,112,229,225,460,395,432,582,109,832,350,807,82,779,804,523,484,163,91,617,964,84,743,175,855,986,715,291,21,308,56,404,591,676,809,365,453,596,134,252,370,264,577,576,597,410,917,848,566,342,210,621,945,471,876,237,492,989,512,101,356,716,7,127,461,498,180,250,834,692,151,935,257,155,906,194,687,452,147,619,49,913,811,679,414,783,778,723,379,869,529,475,480,853,664,704,709,822,64,467,221,787,191,421,160,310,883,26,586,111,289,261,934,419,959,873,164,781,681,6,865,355,844,197,66,606,870,751,55,27,594,209,675,828,377,785,276,357,831,978,821,790,862,19,472,262,458,623,798,216,923,843,63,188,69,625,161,522,286,485,282,907,235,281,968,538,35,800,513,857,632,683,810,595,558,791,647,208,668,393,867,654,847,727,671,67,941,468,186,519,173,762,793,201,152,334,290,383,900,190,385,420,837,850,332,977,656,242,684,110,838,425,497,592,170,136,884,107,506,967,387,195,951,932,198,852,553,942,478,920,767,102,926,842,117,583,644,143,70,609,43,232,396,930,314,293,217,85,358,323,875,33,670,29,745,274,466,835,590,520,98,627,345,260,979,483,243,
value : 598.872 running time : 28.236923
0 80 20
634 64.0486 27.8602
45 63.953 27.2223
777 63.7429 25.8208
555 63.7111 25.6086
24 63.02 20.9978
103 62.2672 15.9754
721 62.2672 15.9754
598 61.6439 15.9928
581 60.9249 16.0127
295 60.1765 16.0335
504 59.3104 16.0575
176 57.9672 16.0947
819 55.6438 16.1589
653 48.4001 16.3579
287 43.5812 16.4906
407 40.9888 16.5621
351 39.2764 16.6094
669 38.2789 16.6371
337 38.0879 16.6424
573 37.8955 16.6478
518 37.7041 16.6531
488 24.1896 17.0233
363 24.0288 17.283
8 23.7703 17.7003
643 23.478 18.1721
626 23.1795 18.6539
211 22.8663 19.1593
702 22.4488 19.8328
588 22.0301 20.5079
741 21.9719 20.7812
254 21.9173 21.0377
354 21.863 21.2924
824 21.81 21.5414
474 21.7582 21.7845
602 21.7072 22.0242
348 21.6569 22.2606
439 21.5976 22.5387
899 21.5381 22.8181
402 21.4791 23.0954
836 21.4207 23.3695
641 21.3635 23.6379
661 21.3072 23.9021
915 21.2512 24.1651
902 21.196 24.4243
549 21.1408 24.6838
278 21.0939 24.904
246 20.6978 25.1962
284 20.155 25.5968
943 19.4825 26.0933
133 18.8538 26.5573
121 18.6145 26.7338
268 18.374 26.9113
65 18.1439 27.0811
572 17.9244 27.243
125 17.7263 27.3892
307 17.5423 27.525
205 16.9518 27.9608
612 16.335 28.416
990 15.6033 28.9561
486 15.2483 28.2952
682 12.6703 23.4987
362 12.0296 22.3062
674 11.5826 21.4741
710 11.2256 20.8096
258 10.8013 20.0198
366 10.352 19.1834
629 9.93287 18.4032
881 9.66746 17.9091
673 9.48129 17.5624
412 9.26983 17.1688
812 9.06079 16.7796
187 9.10101 17.4829
722 9.14184 18.1966
646 9.26445 20.3459
61 9.44372 23.4912
328 10.0067 33.4079
794 10.0159 33.5682
898 10.0259 33.7421
4 10.0371 33.9358
514 10.0494 34.1503
330 10.0623 34.3762
499 10.0741 34.5813
455 10.0741 34.5813
74 10.0741 34.5813
331 10.0741 34.5813
963 10.0841 34.6001
86 10.3606 35.1209
299 10.7209 35.7994
87 11.6475 37.5433
771 12.6582 39.4452
949 13.3596 40.7656
438 13.9216 41.8237
32 13.9216 41.8237
496 13.9216 41.8237
797 13.9216 41.8237
616 13.9216 41.8237
652 13.9216 41.8237
829 13.9216 41.8237
700 13.8768 42.0519
731 13.8301 42.29
663 13.7844 42.5232
841 13.7386 42.7567
476 13.6963 42.9722
283 13.6542 43.1868
46 13.6097 43.4138
148 13.5637 43.6481
312 13.5178 43.8821
212 13.4726 44.1125
10 13.4268 44.3462
985 13.3779 44.5957
154 13.2893 45.0472
228 13.206 45.4718
341 13.1174 45.9233
863 13.0354 46.3417
958 12.9431 46.8121
123 12.7916 47.5845
166 12.6137 48.4912
542 12.5659 48.735
489 12.5186 48.9762
909 12.4721 49.2133
805 12.4253 49.4515
384 12.3805 49.6798
352 12.3203 49.9867
100 12.2612 50.2884
47 12.204 50.5796
218 12.1491 50.8597
157 12.0991 51.1146
128 12.0479 51.3758
116 11.9713 51.766
527 11.916 52.5865
925 11.8645 53.3507
760 11.8207 54.0007
531 11.783 54.5612
784 11.7537 54.9956
122 11.7283 55.3733
747 11.706 55.7052
534 11.6851 56.0157
373 11.6622 56.357
234 11.6365 56.7391
279 11.6138 57.0762
336 11.5901 57.4284
764 11.5658 57.7898
303 11.5419 58.1454
196 11.5167 58.5196
708 11.4918 58.8904
799 11.4646 59.2949
162 11.4529 59.4695
376 11.4493 59.5235
849 11.4457 59.5769
277 11.2966 61.7825
667 11.1952 63.2841
517 11.3318 63.3052
14 11.4803 63.3281
214 11.6389 63.3526
565 13.1718 63.5891
950 14.7144 63.8272
275 15.0176 62.276
739 15.5176 59.7194
463 16.2253 56.1024
391 16.4175 55.1185
749 16.578 54.2968
222 16.6518 53.9187
131 16.7193 53.573
78 16.8582 52.8618
758 16.9043 52.6252
423 16.9494 52.3939
770 16.9801 52.2366
936 17.1499 52.2584
972 17.3249 52.2809
703 17.5043 52.3039
57 17.7673 52.3376
422 18.0922 52.3793
698 18.4201 52.4213
858 18.7503 52.4636
956 19.0818 52.5061
174 19.4134 52.5486
329 19.7455 52.5911
302 20.0684 52.6325
34 20.3184 52.6646
382 20.5613 52.6958
182 20.7947 52.7257
451 21.0273 52.7556
59 21.2594 52.7853
525 21.4894 52.8149
508 21.7099 52.8432
403 21.9026 52.8679
535 22.0901 52.892
11 22.274 52.9156
37 22.4398 52.9369
748 22.6028 52.9579
655 22.6189 52.96
38 22.6358 52.9621
397 22.6358 52.9621
788 22.6358 52.9621
908 22.6358 52.9621
603 22.6358 52.9621
505 22.6358 52.9621
633 23.9307 53.5913
839 25.3146 54.2638
79 25.9958 54.5948
965 26.6583 54.9167
733 27.2461 54.6323
543 27.9291 54.3018
891 28.5676 53.9929
706 29.1418 53.715
269 29.1525 53.7529
929 29.1632 53.7908
688 29.1734 53.8269
142 29.1836 53.8627
388 29.1939 53.8995
54 29.4864 54.9374
413 29.533 55.1022
267 29.5817 55.2747
720 29.6294 55.4439
137 29.6737 55.6005
756 29.7155 55.7488
735 29.7572 55.8966
533 29.7989 56.0443
587 29.8382 56.1833
349 29.8649 56.2779
981 29.8906 56.3689
729 29.9167 56.4611
89 29.9425 56.5525
599 29.9684 56.6442
645 29.9939 56.7346
912 30.0187 56.8222
493 30.043 56.9082
765 30.0671 56.9937
901 30.09 57.0746
30 30.113 57.1561
732 30.1357 57.2366
922 29.4166 57.9336
510 28.3476 58.9697
104 27.2103 60.0721
604 22.6819 64.4603
601 22.5235 64.4976
327 22.3663 64.5346
957 22.2083 64.5719
701 22.0455 64.6102
846 21.8864 64.6477
501 21.7271 64.6852
266 21.5613 64.7243
545 21.3908 64.7645
924 21.0606 64.8424
677 20.729 64.9206
691 20.729 64.9206
938 20.729 64.9206
524 20.7165 64.9689
903 20.7041 65.0165
502 20.6917 65.0639
705 20.6797 65.1102
897 20.6674 65.1575
324 20.6551 65.2048
233 20.6114 65.3723
398 20.5658 65.5472
640 20.5195 65.7249
680 20.4693 65.9175
970 20.4203 66.1054
482 20.3728 66.2877
503 20.3262 66.4664
192 20.2848 66.6254
272 20.2435 66.784
589 20.2023 66.9418
971 20.0412 67.5589
635 19.8802 68.1752
697 19.7283 68.7569
948 19.6986 68.871
97 19.6703 68.9796
119 19.6423 69.0872
658 19.6144 69.1943
113 19.5871 69.2992
888 19.56 69.4031
772 19.5332 69.5063
346 19.5059 69.6108
400 19.4808 69.7074
333 19.4559 69.8031
130 19.432 69.8947
219 19.4081 69.9868
479 19.3836 70.0808
550 19.3594 70.1737
220 19.3363 70.2626
114 19.3133 70.351
630 19.2898 70.4411
860 19.2662 70.5319
374 19.4315 70.5898
608 20.4011 70.9288
927 21.1394 71.187
411 21.8473 71.4345
244 22.6307 71.7085
946 25.1169 72.5773
80 27.9272 73.5593
574 27.9272 73.5593
490 27.9272 73.5593
132 27.9443 73.5276
296 27.9611 73.4963
168 27.978 73.4649
825 27.9953 73.4328
526 28.1006 73.2377
600 28.2102 73.0346
326 28.3224 72.8267
726 28.4489 72.5923
41 28.5845 72.3411
872 28.7357 72.061
359 28.891 71.7733
270 29.0471 71.4842
171 29.2002 71.2007
507 29.3383 70.9448
16 29.4693 70.9799
724 29.5982 71.0144
910 29.7213 71.0474
390 29.8405 71.0794
730 29.9597 71.1113
878 30.0781 71.143
571 30.1965 71.1748
124 30.3152 71.2066
537 30.4328 71.2381
689 30.5506 71.2697
459 30.6673 71.301
662 30.3847 72.5912
256 30.0813 73.9767
614 29.9123 74.7503
223 29.7497 75.4949
141 29.5932 76.2115
167 29.459 76.8264
189 29.3294 77.42
226 29.201 78.0082
454 29.0681 78.6168
638 28.9301 79.2491
92 28.797 79.8587
2 28.696 80.3218
253 28.5984 80.769
773 28.5037 81.2035
172 28.4111 81.628
76 28.3311 81.9949
859 28.2542 82.3477
470 28.1813 82.682
249 28.13 82.6667
919 28.0785 82.6514
288 28.0275 82.6362
761 27.9771 82.6212
918 27.9259 82.6059
428 27.8746 82.5906
806 27.823 82.5753
916 27.7718 82.56
99 27.7718 82.56
610 27.7718 82.56
578 26.9807 82.2461
60 26.2109 81.9406
58 25.4306 81.6309
696 24.6726 81.3301
487 23.7512 80.9644
954 22.8657 80.6129
431 21.9612 80.2539
560 21.0762 79.9026
443 20.2389 79.5703
780 19.4285 79.2487
815 18.6835 78.953
557 18.5173 78.8872
469 18.1304 78.6366
789 17.7148 78.3674
361 17.2293 78.053
429 16.7794 77.7615
552 16.37 77.4964
360 15.9866 77.248
88 15.5495 76.9649
757 15.0758 76.6581
445 10.5746 73.7427
939 9.38407 72.9716
966 9.28158 72.9052
255 9.19103 72.8466
77 9.10459 72.7906
694 9.02437 72.7386
381 8.9459 72.6878
879 8.87228 72.6401
717 8.79714 72.5915
734 8.72475 72.5446
371 8.65525 72.4996
338 8.58929 72.4568
686 8.52171 72.4131
3 8.45538 72.3701
298 8.38967 72.3275
607 8.32431 72.2852
728 8.26089 72.2441
347 8.19527 72.2016
81 8.32275 72.7406
224 8.47947 73.4033
436 8.63914 74.0785
184 8.77205 74.6404
554 8.87064 75.057
427 8.96248 75.4451
207 9.06075 75.8604
433 9.17113 76.327
639 9.2818 76.7948
321 9.4004 77.2962
665 9.52008 77.802
300 9.68448 78.4972
457 9.79711 78.9733
886 9.91385 79.4667
301 10.0206 79.9181
247 10.1044 80.2722
628 10.1771 80.5793
240 10.2474 80.8762
48 10.318 81.1743
796 10.3879 81.4696
657 10.461 81.7787
551 10.5444 82.1308
500 10.6317 82.4997
386 10.7481 82.992
424 10.8507 83.4254
982 10.8779 83.5404
615 10.9049 83.6543
678 10.9323 83.7697
830 10.955 83.8657
718 10.9793 83.9679
759 11.0031 84.0685
75 11.0274 84.1708
944 11.0525 84.2771
178 11.0792 84.3894
95 11.1067 84.5055
169 11.1337 84.6196
905 11.161 84.7346
991 11.1885 84.8508
890 11.2198 84.9827
570 11.255 85.1313
953 11.2917 85.2865
969 11.3276 85.4379
442 11.3618 85.5823
547 11.3944 85.7199
39 11.4271 85.8579
447 11.4342 85.888
364 11.4414 85.918
637 11.4485 85.9481
153 11.4556 85.9781
108 11.4628 86.0082
426 11.4698 86.0378
955 11.477 86.0681
546 11.4842 86.0987
203 11.4915 86.1294
90 11.4988 86.1601
556 11.5276 86.2816
339 11.6229 86.6846
885 11.9503 88.0703
462 11.9042 88.1916
401 11.8581 88.3128
693 11.8134 88.4304
444 11.769 88.5471
263 11.7247 88.6635
892 11.6809 88.7787
138 11.6367 88.895
719 11.5926 89.0109
31 11.5488 89.1261
106 11.5039 89.2442
446 11.4605 89.3585
1 11.4173 89.4721
435 11.3745 89.5844
695 11.3372 89.6826
495 11.2992 89.7826
792 11.2606 89.8839
699 11.2219 89.9858
871 11.183 90.088
316 11.1456 90.1863
736 11.1082 90.2846
304 11.071 90.3825
93 11.0338 90.4804
585 10.9956 90.5807
988 10.9592 90.6765
213 10.9546 90.6885
200 11.179 90.7041
380 11.4097 90.7202
750 11.6479 90.7368
803 11.8894 90.7536
405 12.1349 90.7707
13 12.3881 90.7883
827 12.6442 90.8061
914 12.9159 90.8251
868 13.2045 90.8452
399 13.6886 90.879
325 14.1914 90.9142
651 14.7239 90.9515
199 15.2 90.9848
593 15.7053 91.0201
568 16.1766 91.0531
768 16.6579 91.0867
17 17.0117 91.1114
115 17.3655 91.1361
711 17.7257 91.1613
236 18.181 91.1931
973 18.6839 91.2283
368 19.2179 91.2657
456 19.7501 91.3029
753 20.2695 91.3393
227 20.7876 91.3755
430 21.3095 91.4121
15 21.8033 91.4466
306 22.3082 91.4819
714 22.7982 91.5162
933 23.2923 91.5508
441 23.8081 91.5869
672 24.3348 91.6237
20 24.8197 91.6576
960 25.2636 91.6887
707 25.6403 91.715
271 25.9627 91.7375
150 26.2663 91.7586
712 26.5658 91.7795
36 26.8762 91.8012
631 27.1899 91.823
808 27.5042 91.845
50 27.8183 91.8669
974 28.1366 91.8891
833 28.1366 91.8891
183 28.1366 91.8891
776 28.1366 91.8891
44 28.6764 91.8797
521 29.2473 91.8698
409 29.8758 91.8589
491 30.5445 91.8473
28 31.4973 91.8304
139 32.4942 91.8127
418 33.4712 91.7955
305 34.3809 91.779
613 34.6644 91.7742
611 34.9473 91.7694
265 35.2989 91.7634
72 35.6523 91.7574
73 36.009 91.7513
5 36.3725 91.7451
309 36.5894 91.7414
874 36.8021 91.7379
448 37.0029 91.7345
738 37.2006 91.7312
53 37.3973 91.7279
181 37.5932 91.7246
165 37.7865 91.7214
752 37.9773 91.7182
206 38.1658 91.715
877 38.3546 91.7119
22 38.5438 91.7087
146 38.7337 91.7055
795 38.9262 91.7023
649 39.1188 91.6991
392 39.3157 91.6958
231 39.5142 91.6925
394 39.7141 91.6891
569 39.9192 91.6857
120 40.1283 91.6822
786 40.3514 91.6784
129 40.609 91.6741
96 40.8796 91.6695
548 41.1854 91.6643
375 41.4964 91.659
320 41.7991 91.6538
541 42.0929 91.6488
511 42.3618 91.6443
437 42.6041 91.6402
230 42.8427 91.6362
294 43.0834 91.6321
389 43.6805 91.6469
105 44.2841 91.6618
193 44.8394 91.6755
559 45.3917 91.6892
516 45.9515 91.703
319 46.4704 91.7158
774 46.9991 91.7289
239 47.4781 91.7407
408 47.9746 91.753
434 48.4607 91.765
763 48.8859 91.7755
23 49.3502 91.7869
746 49.751 91.7968
961 50.1576 91.8069
766 50.5737 91.8171
318 60.1492 92.0575
823 61.0005 92.0786
158 61.6739 92.0952
464 62.141 92.1068
620 62.5909 92.1179
52 63.0058 92.1282
737 63.398 92.1378
202 63.8289 92.1485
845 64.3163 92.1605
584 64.7736 92.1718
580 65.3363 92.1858
353 65.2867 91.9554
544 65.2368 91.7234
481 65.1878 91.4955
12 65.156 91.3477
931 65.156 91.3477
851 65.156 91.3477
465 66.7171 91.2056
145 68.1351 91.0767
854 69.5766 90.9457
937 70.8893 90.8264
135 72.2749 90.7004
285 73.1297 90.6228
725 74.0565 90.5386
666 74.7839 90.4726
159 75.5251 90.4054
494 76.2501 90.3396
893 76.9745 90.2738
983 77.6738 90.2104
928 78.2977 90.1538
820 78.2977 90.1538
322 78.2977 90.1538
251 78.2978 90.1538
149 78.2978 90.1538
813 80.2941 88.3842
25 83.9957 85.1038
685 85.0926 84.1313
372 86.0002 83.3265
889 85.9694 83.3033
473 85.9373 83.2792
740 85.9043 83.2543
660 85.8726 83.2304
450 85.841 83.2065
311 84.6353 82.7571
204 82.5561 81.9821
648 80.1017 81.0674
975 77.2468 80.0035
417 76.7858 79.8316
864 76.3358 79.6638
775 75.878 79.4931
818 75.4432 79.3309
742 75.0146 79.1711
579 74.5405 78.9943
51 74.0938 78.8277
528 73.7124 78.6855
650 65.6548 75.6838
71 65.1106 75.6754
904 64.5781 75.6671
515 64.053 75.659
962 64.053 75.659
744 64.053 75.659
340 64.053 75.659
68 64.053 75.659
605 63.7987 75.86
440 63.5411 76.0635
18 63.2794 76.2703
315 63.0236 76.4724
921 62.772 76.6712
987 62.772 76.6712
238 62.772 76.6712
126 61.4177 79.266
280 61.1418 79.7955
567 60.8807 80.2968
297 60.6377 80.7633
140 60.4033 81.2132
940 60.1759 81.6499
83 59.9547 82.0746
335 59.525 82.8991
754 59.0905 83.7328
118 58.6861 84.5088
690 58.3107 85.2294
477 57.9515 85.9188
911 57.6096 86.575
952 57.606 86.5819
816 57.6025 86.5886
313 57.5988 86.5956
992 57.5953 86.6025
177 57.5918 86.6091
984 57.5884 86.6158
259 57.5849 86.6224
42 57.5813 86.6293
185 57.5778 86.636
622 57.5745 86.6425
856 57.5709 86.6493
317 57.5678 86.6553
273 57.5641 86.6623
817 57.5605 86.6693
532 54.0729 87.7664
624 53.8333 87.8418
344 53.6107 87.9117
814 53.6107 87.9117
618 53.6107 87.9117
406 53.6107 87.9117
62 53.6107 87.9117
896 53.6107 87.9117
367 53.6107 87.9117
156 53.6107 87.9117
882 53.6107 87.9117
575 53.0529 87.7299
642 52.5218 87.5568
980 51.9396 87.367
415 51.3779 87.1839
636 50.8261 87.004
94 50.2643 86.8209
866 50.2643 86.8209
561 50.2643 86.8209
539 50.2643 86.8209
343 50.2643 86.8209
449 50.2643 86.8209
713 50.2172 86.066
802 50.1588 85.1309
241 50.1061 84.2852
248 50.069 83.6888
245 50.0324 83.1013
292 49.9961 82.5181
179 50.007 82.4253
880 50.0178 82.333
895 50.0285 82.2409
563 50.0391 82.1503
536 50.0495 82.0615
887 50.0606 81.9664
144 50.0717 81.8713
659 50.0815 81.7875
861 50.0915 81.7021
976 50.1015 81.6164
564 50.1101 81.5431
769 50.1187 81.4692
530 50.1269 81.3992
562 50.1353 81.3274
369 50.1437 81.2558
894 50.1521 81.1837
840 50.1589 81.1256
215 50.166 81.0652
826 50.1731 81.0038
755 50.1803 80.9424
416 50.1874 80.8815
509 50.472 78.4344
9 50.472 78.4343
801 50.472 78.4343
540 50.472 78.4343
378 50.472 78.4342
947 50.4837 78.3
40 50.4945 78.1752
782 50.5035 78.0718
112 50.513 77.9632
229 50.5235 77.842
225 50.5329 77.734
460 50.5329 77.734
395 50.5329 77.734
432 50.2457 77.1784
582 49.958 76.6216
109 49.6712 76.0667
832 49.3934 75.5292
350 49.0628 74.8896
807 48.7559 74.2958
82 48.3997 73.6065
779 47.99 72.8135
804 47.6466 72.149
523 47.5032 71.8716
484 47.367 71.6083
163 47.2343 71.3517
91 47.1096 71.1105
617 46.9832 70.866
964 46.858 70.624
84 46.5167 70.3414
743 46.1409 70.0303
175 45.7694 69.7227
855 45.485 69.4873
986 45.1885 69.2418
715 44.859 68.9691
291 44.5607 68.7221
21 44.3103 68.5148
308 44.1222 68.3591
56 43.9672 68.2308
404 43.818 68.1073
591 43.6713 67.9858
676 43.6713 67.9858
809 43.6713 67.9858
365 43.6713 67.9858
453 43.6713 67.9858
596 43.6713 67.9858
134 43.6713 67.9858
252 43.6713 67.9858
370 43.1277 64.1569
264 42.8341 62.0919
577 42.5655 60.2021
576 42.358 58.7429
597 42.1412 57.2178
410 41.9245 55.6941
917 41.5131 52.7971
848 41.4637 52.4507
566 41.4185 52.1336
342 41.379 51.8565
210 41.3404 51.5857
621 41.3016 51.3136
945 41.2607 51.026
471 41.2193 50.7356
876 41.1742 50.4193
237 41.1303 50.1116
492 41.0851 49.7943
989 41.0396 49.4748
512 40.9967 49.1742
101 40.9542 48.8757
356 40.9046 48.5276
716 40.8577 48.1981
7 40.8301 48.0046
127 40.8065 47.8396
461 40.7822 47.6692
498 40.7572 47.4938
180 40.2831 44.156
250 39.634 39.5835
834 39.606 39.5834
692 39.5793 39.5832
151 39.5527 39.5831
935 39.5282 39.5829
257 39.5021 39.5828
155 39.4762 39.5827
906 39.4505 39.5825
194 38.4759 39.5771
687 37.3317 39.5707
452 36.3302 39.5652
147 34.847 39.5569
619 34.7882 39.5433
49 34.7311 39.5302
913 34.671 39.5164
811 34.6201 39.5046
679 34.5692 39.4929
414 34.5184 39.4813
783 34.4684 39.4697
778 34.4176 39.4581
723 34.3641 39.4457
379 34.3247 39.4367
869 34.297 39.4303
529 34.2705 39.4242
475 34.2431 39.4179
480 34.7942 37.8414
853 35.3452 36.2652
664 35.8028 34.9561
704 38.3543 27.6572
709 38.3543 27.6572
822 38.3543 27.6572
64 38.3543 27.6572
467 38.3561 27.6577
221 38.3576 27.6582
787 38.7179 27.7586
191 39.1332 27.8744
421 39.5522 27.9912
160 39.9347 28.0979
310 40.3272 28.2073
883 40.842 28.3509
26 41.4773 28.5281
586 42.1895 28.7268
111 42.9182 28.9301
289 44.3489 29.3294
261 45.7248 29.7135
934 47.659 30.2535
419 50.4572 31.035
959 53.8214 31.9748
873 53.8612 32.4202
164 53.9033 32.8912
781 53.9484 33.3967
681 53.9942 33.9082
6 54.04 34.4208
865 54.0889 34.9675
355 54.1385 35.522
844 54.1881 36.0773
197 54.2368 36.6217
66 54.2842 37.1513
606 54.3301 37.6655
870 54.3301 37.6655
751 54.3301 37.6655
55 54.3301 37.6655
27 54.3301 37.6655
594 54.3301 37.6655
209 54.3301 37.6655
675 54.3301 37.6655
828 54.3301 37.6655
377 54.3301 37.6655
785 54.3301 37.6655
276 54.3301 37.6655
357 54.3301 37.6655
831 54.3301 37.6655
978 54.0685 38.2291
821 53.8268 38.7497
790 52.4352 41.7491
862 52.3507 43.0108
19 52.2892 43.9291
472 52.2118 45.0834
262 52.1396 46.1624
458 52.0723 47.168
623 51.9483 49.0127
798 51.8317 50.7501
216 51.7732 51.6237
923 51.7732 51.6237
843 51.7732 51.6237
63 51.7732 51.6237
188 51.7732 51.6237
69 51.7732 51.6237
625 51.7732 51.6237
161 51.7732 51.6237
522 51.7732 51.6237
286 52.0574 53.316
485 52.3348 54.969
282 52.5792 56.4258
907 52.8072 57.7859
235 53.0152 59.0265
281 53.1892 60.0653
968 53.3788 61.1965
538 53.565 62.3082
35 53.7587 63.4635
800 53.956 64.6405
513 53.956 64.6405
857 53.956 64.6405
632 53.956 64.6405
683 53.956 64.6405
810 54.5406 64.6582
595 55.0955 64.6749
558 55.4576 64.6859
791 55.9831 64.7017
647 56.5488 64.7188
208 57.0529 64.734
668 57.5569 64.7493
393 58.0325 64.7636
867 58.4605 64.7765
654 58.5768 64.78
847 58.5768 64.78
727 58.5768 64.78
671 58.5768 64.78
67 59.6633 63.5497
941 60.7249 62.3476
468 60.7249 62.3476
186 60.7249 62.3476
519 60.7249 62.3476
173 61.413 62.3156
762 62.062 62.2854
793 62.7875 62.2516
201 66.2113 62.0928
152 67.0382 62.0543
334 67.7112 62.023
290 68.2207 61.9993
383 68.7441 61.9749
900 69.0571 61.9603
190 69.3502 61.9466
385 69.661 61.9322
420 69.661 61.9322
837 69.661 61.9322
850 73.6424 60.7562
332 77.5482 59.6026
977 78.1149 59.3766
656 78.6259 59.1728
242 79.2593 58.9202
684 79.8101 58.7005
110 80.3095 58.5013
838 81.4591 58.0427
425 82.4558 57.6451
497 83.7901 57.1128
592 81.5339 55.9523
170 81.3435 55.8543
136 81.1202 55.7394
884 80.8931 55.6226
107 80.6451 55.495
506 80.2572 55.2955
967 79.762 55.0407
387 79.3019 54.804
195 78.8387 54.5657
951 78.4356 54.3583
932 77.943 54.1049
198 77.4544 53.8535
852 76.8662 53.5509
553 74.5971 52.3838
942 72.8455 51.4828
478 71.4675 50.774
920 71.0264 50.5334
767 70.5639 50.2812
102 70.0978 50.0269
926 69.6313 49.7725
842 69.1674 49.5194
117 68.7141 49.2722
583 68.2633 49.0264
644 67.8125 48.7805
143 67.3623 48.5349
70 66.9155 48.2912
609 66.4669 48.0466
43 65.9847 47.7835
232 65.5262 47.5335
396 65.0709 47.2851
930 64.6404 47.0504
314 64.6404 47.0504
293 64.6404 47.0504
217 64.763 46.9069
85 64.8879 46.7605
358 65.1433 46.4615
323 65.3791 46.1854
875 65.598 45.9291
33 74.8925 35.0318
670 75.108 34.7794
29 75.4786 34.3453
745 75.9458 33.7981
274 76.4705 33.1835
466 77.0582 32.4951
835 78.1186 31.2527
590 79.8735 29.1962
520 81.2606 27.571
98 83.7476 24.6564
627 85.4098 19.776
345 85.8018 18.6255
260 86.1642 17.5616
979 86.173 17.5357
483 86.1817 17.5103
243 85.4585 17.8016
