0,721,176,581,295,504,103,598,777,24,45,6,209,555,594,377,785,828,865,681,873,781,821,355,634,419,164,55,751,458,930,289,819,250,831,875,197,66,43,314,27,844,358,959,519,19,870,180,69,716,935,461,356,810,293,791,217,286,842,63,357,155,945,276,906,978,498,186,843,85,923,238,262,485,478,942,396,538,35,190,926,188,793,216,102,767,668,468,762,907,617,968,420,623,83,654,962,579,393,867,647,173,650,900,975,837,152,201,852,110,68,383,818,904,51,71,656,987,290,481,744,625,595,161,282,964,440,727,84,515,208,847,432,91,67,605,340,857,509,562,986,755,564,894,779,350,800,671,460,408,235,632,921,895,513,248,315,769,112,94,582,540,743,179,126,855,453,109,976,144,270,223,80,649,840,226,601,574,724,806,878,604,99,60,141,571,730,872,886,697,327,587,168,608,600,16,184,689,361,635,113,124,443,954,825,950,275,789,479,757,296,454,537,662,252,550,333,266,946,487,431,189,359,137,196,233,658,903,680,888,526,927,981,329,34,729,411,971,957,956,735,382,267,965,720,621,640,645,732,501,599,756,901,778,910,370,683,79,89,922,104,533,733,225,308,30,493,59,510,390,929,839,715,596,523,788,210,688,237,404,597,410,171,21,147,484,804,591,134,163,365,576,492,765,577,101,809,56,558,676,264,291,912,281,798,459,54,989,175,471,269,913,508,413,603,452,525,723,543,324,633,545,32,480,790,49,38,748,472,512,414,522,194,342,127,876,848,687,302,891,11,862,257,421,529,692,388,917,619,397,475,438,37,535,869,7,811,706,278,655,612,549,566,783,151,586,160,853,191,834,467,787,221,354,824,679,205,486,934,573,915,883,307,284,379,261,653,822,246,111,351,310,518,287,407,626,64,669,337,363,26,709,704,643,702,439,331,402,902,488,881,455,963,412,61,629,362,741,722,8,646,588,674,211,812,299,682,572,254,187,898,74,366,87,133,641,348,514,125,65,829,602,661,474,943,121,673,836,86,4,258,710,616,899,423,268,794,663,154,476,652,958,700,373,403,664,985,972,505,312,128,78,123,534,463,841,499,218,57,336,527,330,542,489,990,731,279,116,352,100,496,148,212,949,758,228,749,909,303,157,166,47,805,391,936,222,925,384,770,283,10,698,182,142,863,341,46,328,849,122,908,858,3,174,797,771,677,114,760,119,589,691,422,192,234,347,219,132,897,507,739,451,214,531,705,764,565,97,846,131,938,708,349,924,665,694,966,381,639,799,879,371,517,220,255,502,77,686,346,81,657,162,630,734,552,939,772,784,703,970,207,717,400,551,339,796,277,433,860,991,524,948,701,747,321,48,560,628,90,14,338,427,224,482,130,376,667,500,728,457,374,556,830,178,570,272,445,607,298,503,398,424,88,203,50,916,699,554,892,429,905,444,815,780,325,93,360,300,75,244,890,982,933,447,568,240,546,615,547,469,436,711,316,95,39,969,153,693,868,236,827,405,364,446,304,183,138,58,944,169,637,386,435,368,108,750,380,301,31,792,988,213,776,719,718,401,736,759,1,953,399,426,200,247,585,914,712,495,106,678,263,199,803,973,442,955,726,326,17,418,441,430,795,761,249,714,871,456,695,462,768,593,13,833,227,115,753,521,96,120,491,557,15,428,578,394,306,409,167,651,919,150,44,859,696,288,36,773,253,230,631,611,20,638,885,41,139,292,172,738,918,416,960,22,28,766,72,2,319,490,73,807,614,610,256,470,146,672,548,392,569,231,808,752,92,271,53,76,786,974,539,265,707,516,536,305,746,947,320,814,763,309,613,82,511,105,434,659,241,181,448,389,140,563,896,156,624,636,940,541,961,713,866,5,375,532,369,23,437,343,559,239,129,215,449,877,165,826,874,530,561,294,193,206,861,802,344,980,952,880,229,782,245,801,992,774,406,273,177,280,642,62,882,856,9,335,18,851,754,12,395,185,313,618,817,40,622,584,259,317,887,202,118,823,911,816,464,737,567,42,575,832,931,367,690,415,984,465,378,149,620,251,285,297,145,775,937,353,813,477,580,318,158,845,544,52,322,135,666,820,159,494,725,893,742,928,25,983,685,854,372,204,740,660,473,311,889,417,648,528,450,385,864,497,967,951,884,107,170,242,684,198,506,977,387,920,136,838,332,644,941,195,932,70,117,466,274,609,670,29,745,425,232,334,553,143,583,606,850,675,323,520,590,33,592,835,98,483,345,627,260,243,979,
value : 455.951 running time : 117.582241
0 80 20
721 74.1336 17.8692
176 71.6601 16.9706
581 70.2255 16.4493
295 69.206 16.0788
504 68.2347 15.7259
103 67.1954 15.3483
598 65.6196 17.9065
777 64.3333 19.9949
24 62.6473 22.732
45 59.8916 27.2056
6 59.3817 28.0335
209 58.8574 28.8846
555 58.4711 29.5119
594 58.0845 30.1395
377 58.0197 30.2447
785 57.9573 30.346
828 57.8936 30.4494
865 57.8298 30.5531
681 57.7664 30.656
873 57.7057 30.7544
781 57.6418 30.8582
821 57.5769 30.9636
355 57.5089 31.0741
634 57.4454 31.1771
419 57.3907 31.2659
164 57.3253 31.3721
55 57.26 31.478
751 57.1926 31.5874
458 57.1252 31.6969
930 57.0624 31.7989
289 57.0066 31.8895
819 56.8857 32.1982
250 56.7143 32.6356
831 56.5633 33.0212
875 56.3629 33.5327
197 56.3361 33.6013
66 56.3104 33.6669
43 56.2855 33.7305
314 56.2605 33.7941
27 56.235 33.8593
844 56.2067 33.9316
358 56.1835 33.9909
959 56.1592 34.0528
519 53.06 41.9645
19 52.6323 43.0566
870 51.997 44.6786
180 51.2969 46.4663
69 51.2969 46.4663
716 51.2969 46.4663
935 51.2969 46.4663
461 51.5323 46.9396
356 51.8724 47.5452
810 53.1717 49.86
293 53.4367 50.3318
791 53.659 50.7279
217 53.659 50.7279
286 53.659 50.7279
842 53.659 50.7279
63 53.659 50.7279
357 53.659 50.7279
155 53.659 50.7279
945 53.877 51.0316
276 54.086 51.3229
906 54.3239 51.6545
978 54.6269 52.0767
498 54.9548 52.5337
186 55.2673 52.9692
843 55.5685 53.3889
85 55.9219 53.8814
923 56.2601 54.3527
238 56.6489 54.8945
262 56.8518 55.1773
485 57.0916 55.5116
478 57.3252 55.837
942 57.5103 56.0949
396 57.68 56.3315
538 57.8715 56.5984
35 58.0543 56.8532
190 58.2375 57.1084
926 58.4017 57.3373
188 58.5761 57.5803
793 58.7657 57.8446
216 58.9733 58.1339
102 59.1881 58.4331
767 59.3893 58.7135
668 59.5884 58.9911
468 59.7728 59.248
762 59.9624 59.5122
907 60.1443 59.7658
617 60.3245 60.0168
968 60.5055 60.2691
420 60.6917 60.5286
623 60.8599 60.7629
83 65.784 67.6252
654 65.8534 67.722
962 65.9223 67.8179
579 65.9937 67.9174
393 66.0637 68.015
867 66.1395 68.1206
647 66.2059 68.2132
173 66.2861 68.325
650 66.3651 68.4351
900 66.4484 68.5512
975 66.5286 68.6629
837 66.6058 68.7705
152 66.6811 68.8754
201 66.7571 68.9813
852 66.8326 69.0866
110 66.9075 69.1909
68 66.9814 69.2939
383 67.0704 69.4179
818 67.1512 69.5306
904 67.1512 69.5306
51 67.1512 69.5306
71 67.1512 69.5306
656 67.1512 69.5306
987 65.819 69.9841
290 64.9121 70.2928
481 63.9057 70.6354
744 62.3164 71.1765
625 60.1981 71.8976
595 59.3 72.2033
161 57.5533 72.7979
282 57.438 72.8646
964 57.3204 72.9325
440 57.2 73.0022
727 57.0785 73.0724
84 56.9484 73.1476
515 56.8216 73.2209
208 56.6854 73.2997
847 56.5555 73.3748
432 56.4188 73.4538
91 56.2897 73.5284
67 56.1795 73.5922
605 55.7295 73.8523
340 55.2832 74.1103
857 54.6598 74.4707
509 54.1342 74.7745
562 53.4197 75.1876
986 52.9508 75.4586
755 52.4675 75.738
564 52.0342 75.9885
894 51.6697 76.1992
779 51.3202 76.4012
350 51 76.5863
800 50.7138 76.7518
671 50.406 76.9298
460 50.0643 77.1273
408 49.5102 77.4476
235 49.2466 77.2762
632 49.0291 77.1347
921 48.8087 76.9914
895 48.5846 76.8456
513 48.3515 76.694
248 48.1362 76.554
315 47.9238 76.4158
769 47.6841 76.2599
112 47.4454 76.1047
94 47.1954 75.9421
582 46.9386 75.775
540 46.6545 75.5902
743 46.4026 75.4264
179 45.9806 75.3908
126 45.5075 75.3508
855 45.0232 75.3098
453 44.5136 75.2668
109 43.8388 75.2098
976 42.2269 75.0735
144 40.7527 74.9489
270 39.1703 74.8152
223 37.7778 74.6975
80 36.7514 74.6108
649 35.6288 74.516
840 34.3623 74.409
226 32.5941 74.2596
601 30.3412 74.0692
574 30.3412 74.0692
724 30.3412 74.0692
806 30.3412 74.0692
878 30.3412 74.0692
604 30.3412 74.0692
99 30.3412 74.0692
60 30.3412 74.0692
141 30.3412 74.0692
571 29.7952 73.6875
730 29.2902 73.3345
872 28.797 72.9898
886 28.2915 72.6364
697 28.2187 72.5855
327 28.1401 72.5306
587 28.0679 72.4801
168 28.0005 72.433
608 27.9347 72.387
600 27.865 72.3383
16 27.8015 72.2939
184 27.7288 72.2431
689 27.686 72.2132
361 27.6331 72.1762
635 27.5878 72.1446
113 27.5417 72.1123
124 27.5015 72.0842
443 27.4548 72.0516
954 27.4116 72.0214
825 27.3639 71.988
950 27.3639 71.988
275 27.3639 71.988
789 27.3639 71.988
479 27.3639 71.988
757 27.3639 71.988
296 27.3639 71.988
454 27.3639 71.988
537 27.3639 71.988
662 27.3639 71.988
252 27.3639 71.988
550 27.3639 71.988
333 27.3639 71.988
266 27.3639 71.988
946 27.3639 71.988
487 27.3639 71.988
431 27.3639 71.988
189 27.3639 71.988
359 26.2401 69.5427
137 25.1261 67.1186
196 24.1321 64.9557
233 24.2995 64.9042
658 24.4563 64.856
903 24.6226 64.8049
680 24.7668 64.7605
888 25.1051 64.6565
526 25.4372 64.5544
927 25.7849 64.4475
981 26.1308 64.3411
329 26.4785 64.2342
34 26.853 64.1191
729 27.2323 64.0024
411 27.5941 63.8912
971 28.0189 63.7606
957 28.4556 63.6263
956 28.8536 63.5039
735 29.5687 63.284
382 30.3436 63.0458
267 31.1744 62.7903
965 31.9608 62.5485
720 32.9087 62.2571
621 34.1649 61.8708
640 34.2277 61.8515
645 34.3021 61.8286
732 34.3833 61.8036
501 34.4454 61.7845
599 34.5171 61.7625
756 34.5941 61.7388
901 34.6723 61.7148
778 34.7615 61.6874
910 34.8409 61.663
370 34.9257 61.6369
683 34.9986 61.6144
79 35.0626 61.5948
89 35.1471 61.5688
922 35.23 61.5433
104 35.3068 61.5197
533 35.3838 61.496
733 35.454 61.4744
225 35.5414 61.4475
308 35.6192 61.4236
30 35.6993 61.399
493 35.7772 61.3751
59 35.8531 61.3517
510 35.9383 61.3255
390 36.0232 61.2994
929 36.115 61.2712
839 36.2016 61.2446
715 36.2887 61.2178
596 36.3722 61.1921
523 36.4584 61.1656
788 36.5397 61.1406
210 36.6375 61.1105
688 36.7176 61.0859
237 36.9517 61.0139
404 37.174 60.9455
597 37.4116 60.8725
410 37.6167 60.8094
171 37.8126 60.7492
21 38.0159 60.6866
147 38.2628 60.6107
484 38.4902 60.5408
804 38.4903 60.5408
591 38.4903 60.5408
134 38.7746 60.2467
163 39.3297 59.6728
365 39.9886 58.9915
576 40.8076 58.1446
492 41.6658 57.2572
765 41.6914 57.2307
577 41.7229 57.1982
101 41.5725 57.0073
809 41.4226 56.8168
56 41.2855 56.6428
558 41.1382 56.4556
676 40.9788 56.2532
264 40.8052 56.0327
291 40.636 55.8179
912 40.4553 55.5884
281 40.289 55.3772
798 40.121 55.1637
459 39.9066 54.8914
54 39.6446 54.5587
989 39.3588 54.1956
175 39.1701 53.956
471 38.445 53.0352
269 37.4619 51.7866
913 36.6463 50.7508
508 36.0303 49.9685
413 35.5102 49.3079
603 35.0424 48.7138
452 34.5574 48.0979
525 33.9644 47.3447
723 33.4345 46.6718
543 33.1183 46.2702
324 32.8192 45.8903
633 32.3904 45.3458
545 31.9774 44.8212
32 30.8005 43.3265
480 32.1011 43.2063
790 33.0268 43.1208
49 33.7759 43.0515
38 34.5169 42.9831
748 35.3596 42.9052
472 36.3598 42.8127
512 36.3249 42.7621
414 36.2884 42.7091
522 36.2622 42.6711
194 36.2337 42.6298
342 36.2047 42.5876
127 36.1724 42.5407
876 36.126 42.4734
848 36.0831 42.4112
687 36.033 42.3385
302 35.9906 42.2769
891 35.949 42.2165
11 35.8294 42.043
862 35.7274 41.8948
257 35.615 41.7317
421 35.5039 41.5705
529 35.3992 41.4184
692 35.3007 41.2754
388 35.1959 41.1234
917 35.0995 40.9835
619 34.9926 40.8282
397 34.8831 40.6693
475 34.7789 40.5182
438 34.7724 40.4862
37 34.7659 40.4541
535 34.7594 40.4224
869 34.7524 40.3879
7 34.7465 40.3592
811 34.7403 40.3288
706 34.7342 40.2987
278 34.7273 40.2646
655 34.7214 40.236
612 34.6984 39.3439
549 34.6842 38.7974
566 34.6726 38.3493
783 34.6592 37.8284
151 34.6436 37.2256
586 34.6276 36.6055
160 34.6132 36.0484
853 34.6006 35.5632
191 34.5875 35.055
834 34.5743 34.5448
467 34.5615 34.0523
787 34.5497 33.5946
221 34.5386 33.1643
354 34.5282 32.7618
824 34.5203 32.4579
679 34.5135 32.1968
205 34.506 31.9053
486 34.4579 30.0465
934 34.3976 27.7129
573 34.3448 25.67
915 34.3248 24.8957
883 34.3035 24.0737
307 34.2834 23.2975
284 34.2627 22.4946
379 34.2429 21.7292
261 34.2198 20.839
653 34.1952 19.8887
822 34.1744 19.0832
246 34.1508 18.1722
111 34.1273 17.2641
351 34.1012 16.2533
310 34.0789 15.3945
518 34.0544 14.447
287 33.5332 14.4574
407 32.9871 14.4683
626 32.4355 14.4792
64 31.89 14.4901
669 31.3647 14.5005
337 30.8885 14.51
363 30.335 14.521
26 29.777 14.532
709 28.4009 14.5595
704 26.9226 14.5889
643 24.378 14.6398
702 21.8528 14.6902
439 19.0919 14.7454
331 15.0991 14.8257
402 14.7616 14.8324
902 14.4307 14.839
488 14.0286 14.847
881 13.571 14.8561
455 13.1548 14.8644
963 12.9508 14.8684
412 12.9508 14.8684
61 12.9508 14.8684
629 12.9508 14.8684
362 12.9508 14.8684
741 12.9508 14.8684
722 12.9508 14.8684
8 12.9508 14.8684
646 12.9508 14.8684
588 12.9508 14.8684
674 12.9508 14.8684
211 12.9508 14.8684
812 12.9508 14.8684
299 12.7562 17.171
682 12.6946 17.8992
572 12.6277 18.6899
254 12.5794 19.2606
187 12.5284 19.863
898 11.9941 26.1913
74 11.9941 26.1913
366 11.9941 26.1913
87 12.0744 26.427
133 12.1426 26.6269
641 12.2106 26.8264
348 12.2753 27.0162
514 12.3627 27.2728
125 12.4558 27.5458
65 12.5281 27.758
829 12.5964 27.9584
602 12.6565 28.1346
661 12.7149 28.3059
474 12.7757 28.4842
943 12.8422 28.6795
121 12.9066 28.8684
673 12.962 29.031
836 13.023 29.2098
86 13.0783 29.3719
4 13.1752 29.6562
258 13.2797 29.9629
710 13.408 30.3392
616 13.5351 30.7122
899 13.6114 30.9361
423 13.6978 31.1895
268 13.768 31.3956
794 13.8399 31.6065
663 15.1534 35.4602
154 15.6485 36.9129
476 15.8637 37.5443
652 16.0563 38.1092
958 16.2038 38.5419
700 16.3719 39.0351
373 16.557 39.5783
403 16.557 39.5783
664 16.557 39.5783
985 14.9343 41.3622
972 13.0502 43.4336
505 12.8701 43.6316
312 12.6977 43.8211
128 12.5211 44.0152
78 12.3868 44.1629
123 12.233 44.3319
534 12.0794 44.5008
463 11.9251 44.6704
841 11.7745 44.836
499 11.6204 45.0054
218 11.561 45.0707
57 11.5102 45.1265
336 11.4599 45.1818
527 11.4042 45.243
330 11.3591 45.2925
542 11.3134 45.3428
489 11.2659 45.395
990 11.2228 45.4424
731 11.1736 45.4965
279 11.124 45.551
116 11.0699 45.6105
352 11.0415 45.6417
100 11.0115 45.6747
496 10.984 45.7049
148 10.9549 45.7369
212 10.9249 45.7699
949 10.897 45.8005
758 10.8675 45.833
228 10.8368 45.8667
749 10.8035 45.9034
909 10.7718 45.9382
303 10.7395 45.9736
157 10.7079 46.0084
166 10.6777 46.0416
47 10.6499 46.0722
805 10.6232 46.1015
391 10.5969 46.1304
936 10.2851 46.4732
222 9.98328 46.805
925 9.66234 47.1579
384 9.66234 47.1579
770 9.66234 47.1579
283 9.66234 47.1579
10 9.66234 47.1579
698 9.66234 47.1579
182 9.66234 47.1579
142 9.66234 47.1579
863 9.66234 47.1579
341 9.66234 47.1579
46 9.66234 47.1579
328 9.66234 47.1579
849 10.349 49.1715
122 10.8027 50.5021
908 11.1791 51.6062
858 11.3456 52.609
3 11.5244 53.6854
174 11.5724 53.9749
797 11.6246 54.2894
771 11.6867 54.6631
677 11.815 55.4362
114 11.9397 56.187
760 12.0433 56.8108
119 12.1473 57.4374
589 12.1949 57.7238
691 12.2443 58.0214
422 12.2949 58.3262
192 12.3478 58.6447
234 12.3961 58.9356
347 12.4461 59.2364
219 12.4935 59.5223
132 12.5375 59.7871
897 12.5787 60.0354
507 12.6199 60.2831
739 12.6342 60.3695
451 12.6479 60.4522
214 12.6608 60.5298
531 12.6762 60.6224
705 12.6912 60.7127
764 12.7063 60.8036
565 12.721 60.8921
97 12.7371 60.9893
846 12.7523 61.0808
131 12.7663 61.1648
938 12.7796 61.245
708 12.7946 61.3353
349 13.2053 63.809
924 12.9302 65.2082
665 12.6654 66.555
694 12.4276 67.7648
966 12.2995 68.417
381 12.2995 68.417
639 12.2995 68.417
799 12.2995 68.417
879 12.2995 68.417
371 12.2995 68.417
517 12.2995 68.417
220 12.2995 68.417
255 12.2995 68.417
502 12.2995 68.417
77 12.2995 68.417
686 12.2995 68.417
346 12.2995 68.417
81 12.2995 68.417
657 12.2995 68.417
162 12.2995 68.417
630 12.2995 68.417
734 12.2995 68.417
552 12.2995 68.417
939 12.2995 68.417
772 12.2491 68.8942
784 12.1911 69.4428
703 12.1303 70.0187
970 12.0598 70.6873
207 11.986 71.3863
717 11.9738 71.5009
400 11.961 71.623
551 11.9479 71.7463
339 11.9358 71.8615
796 11.924 71.973
277 11.9126 72.0809
433 11.9003 72.197
860 11.8889 72.3047
991 11.8779 72.4087
524 11.8681 72.5022
948 11.8557 72.619
701 11.8439 72.7313
747 11.8326 72.8378
321 11.7634 73.4929
48 11.7017 74.0777
560 11.647 74.5956
628 11.5917 75.1194
90 11.555 75.4665
14 11.5503 75.5112
338 11.5452 75.5592
427 11.5398 75.6101
224 11.5343 75.6621
482 11.5293 75.7093
130 11.524 75.7593
376 11.518 75.8167
667 11.4971 76.0147
500 11.4762 76.2122
728 11.4535 76.4267
457 11.432 76.6303
374 11.4105 76.834
556 11.3884 77.0428
830 11.3659 77.2558
178 11.3443 77.4603
570 11.3229 77.6633
272 11.3037 77.8446
445 11.2809 78.0601
607 11.2559 78.2971
298 11.2248 78.5913
503 11.1948 78.8756
398 11.1633 79.173
424 10.7113 83.4562
88 10.7113 83.4562
203 10.7113 83.4562
50 10.7113 83.4562
916 10.7113 83.4562
699 10.7113 83.4562
554 10.7113 83.4562
892 10.7113 83.4562
429 10.7113 83.4562
905 10.6865 83.6263
444 10.6627 83.7886
815 10.6398 83.9456
780 10.6185 84.0916
325 10.5958 84.2467
93 10.5727 84.405
360 10.5509 84.5546
300 10.5284 84.7084
75 10.5067 84.8571
244 10.4847 85.0074
890 10.4631 85.1557
982 10.4382 85.3258
933 10.4139 85.4923
447 10.3977 85.6036
568 10.3819 85.7115
240 10.3673 85.8116
546 10.351 85.9232
615 10.3343 86.0378
547 10.3163 86.1607
469 10.2998 86.274
436 10.2828 86.3899
711 10.2636 86.5213
316 10.248 86.6283
95 10.2317 86.7404
39 10.2145 86.8576
969 10.1988 86.9656
153 10.1835 87.07
693 10.1673 87.1812
868 10.1502 87.2977
236 10.1346 87.4048
827 10.1188 87.5128
405 10.1049 87.6082
364 10.0913 87.7011
446 10.077 87.7991
304 10.062 87.9018
183 10.0475 88.0009
138 10.0329 88.1014
58 10.0195 88.1927
944 10.006 88.2851
169 9.99064 88.3905
637 9.97519 88.4963
386 9.95988 88.6011
435 9.94429 88.7078
368 9.93126 88.7971
108 9.91737 88.8921
750 9.90205 88.997
380 9.88936 89.0839
301 9.87807 89.1612
31 9.86636 89.2413
792 9.85291 89.3334
988 9.83866 89.4309
213 9.89501 89.4185
776 10.1117 89.3708
719 10.2573 89.3388
718 10.4159 89.3038
401 10.5733 89.2692
736 10.7403 89.2324
759 10.9086 89.1954
1 11.0912 89.1552
953 11.2583 89.1184
399 11.4473 89.0768
426 11.6131 89.0403
200 11.7968 88.9998
247 11.9845 88.9585
585 12.1593 88.92
914 12.4225 88.8621
712 12.7115 88.7985
495 12.9675 88.7421
106 13.2218 88.6861
678 13.524 88.6196
263 13.9139 88.5338
199 14.4841 88.4082
803 15.1192 88.2684
973 16.0224 88.0696
442 16.9309 87.8696
955 17.8768 87.6614
726 19.7158 87.2565
326 20.1859 87.3402
17 20.7468 87.44
418 21.3395 87.5456
441 21.8939 87.6443
430 22.4327 87.7402
795 22.6602 87.7807
761 22.8564 87.8156
249 23.0515 87.8503
714 23.2544 87.8865
871 23.2544 87.8865
456 23.2544 87.8865
695 23.2545 87.8865
462 23.2545 87.8865
768 23.2545 87.8865
593 23.2545 87.8865
13 23.2545 87.8865
833 23.2545 87.8865
227 23.2545 87.8865
115 23.3472 87.8901
753 23.4437 87.8938
521 23.5425 87.8977
96 23.6431 87.9016
120 23.7363 87.9052
491 23.8197 87.9085
557 23.9067 87.9118
15 23.9897 87.9151
428 24.9356 87.9519
578 25.7984 87.9855
394 26.7159 88.0212
306 26.9168 88.029
409 27.1244 88.0371
167 27.3403 88.0455
651 27.5409 88.0533
919 27.7682 88.0622
150 27.9758 88.0703
44 28.1714 88.0779
859 28.3832 88.0861
696 28.5988 88.0945
288 28.811 88.1028
36 29.0344 88.1115
773 29.2685 88.1206
253 29.4927 88.1293
230 29.7247 88.1384
631 29.9241 88.1461
611 30.1466 88.1548
20 30.722 88.1772
638 31.3723 88.2026
885 31.9835 88.2264
41 32.6802 88.2536
139 33.5466 88.2874
292 33.625 88.2905
172 33.7025 88.2935
738 33.7823 88.2966
918 33.8572 88.2995
416 33.9399 88.3027
960 34.0136 88.3056
22 34.0944 88.3087
28 34.1711 88.3117
766 35.0225 88.3448
72 35.1437 88.3496
2 35.2613 88.3541
319 35.3961 88.3594
490 35.4915 88.3631
73 35.624 88.3682
807 35.7648 88.3737
614 35.8871 88.3785
610 36 88.3829
256 36.1521 88.3888
470 36.3045 88.3947
146 36.4574 88.4007
672 36.6048 88.4064
548 36.7635 88.4126
392 36.9181 88.4186
569 37.0745 88.4247
231 37.217 88.4302
808 37.3637 88.4359
752 37.5221 88.4421
92 37.6749 88.4481
271 37.8314 88.4541
53 37.9917 88.4604
76 38.1293 88.4657
786 38.4895 88.4797
974 38.93 88.4969
539 39.3833 88.5145
265 39.7748 88.5297
707 40.2236 88.5472
516 40.7621 88.5681
536 41.1785 88.5843
305 41.5601 88.5992
746 41.9361 88.6138
947 42.2849 88.6274
320 42.6004 88.6396
814 42.9041 88.6514
763 43.201 88.663
309 43.4945 88.6744
613 43.7924 88.686
82 44.8025 88.7253
511 45.7955 88.7639
105 46.4953 88.7912
434 47.184 88.818
659 47.184 88.818
241 47.184 88.818
181 47.184 88.818
448 47.2333 88.819
389 47.3319 88.821
140 47.4282 88.823
563 47.5208 88.8249
896 47.6229 88.827
156 47.7161 88.8289
624 47.8126 88.8309
636 47.8985 88.8326
940 47.9903 88.8345
541 48.0846 88.8365
961 48.1768 88.8384
713 48.2643 88.8402
866 48.3533 88.842
5 48.4456 88.8439
375 48.5368 88.8458
532 48.632 88.8477
369 48.7244 88.8496
23 48.8137 88.8515
437 48.8137 88.8515
343 48.8137 88.8515
559 48.8137 88.8515
239 48.8137 88.8515
129 48.8137 88.8515
215 48.8137 88.8515
449 48.8137 88.8515
877 48.8137 88.8515
165 48.8137 88.8515
826 48.8137 88.8515
874 48.8137 88.8515
530 49.082 88.7927
561 49.3372 88.7368
294 49.6208 88.6746
193 49.9339 88.6061
206 50.2457 88.5378
861 50.6196 88.4558
802 50.9651 88.3802
344 51.287 88.3096
980 51.4766 88.2681
952 51.6624 88.2274
880 51.8526 88.1857
229 52.0462 88.1433
782 52.216 88.1061
245 52.3842 88.0692
801 52.5685 88.0289
992 52.7166 87.9964
774 52.8207 87.9736
406 52.9365 87.9482
273 53.0605 87.9211
177 53.0887 87.9149
280 53.1163 87.9088
642 53.1438 87.9028
62 53.1728 87.8965
882 53.2023 87.89
856 55.3523 87.4188
9 57.7321 86.8972
335 57.8799 86.9053
18 58.032 86.9136
851 58.1758 86.9215
754 58.3284 86.9298
12 58.488 86.9386
395 58.6498 86.9475
185 58.797 86.9555
313 58.9378 86.9632
618 59.0885 86.9715
817 59.2535 86.9805
40 59.393 86.9882
622 59.5603 86.9973
584 59.7009 87.0051
259 59.8466 87.013
317 59.9972 87.0213
887 60.1371 87.029
202 60.2852 87.0371
118 60.4324 87.0451
823 60.5892 87.0537
911 60.7283 87.0614
816 61.0014 87.0763
464 61.2917 87.0922
737 61.5573 87.1068
567 61.8426 87.1224
42 62.1257 87.138
575 62.3753 87.1516
832 62.6366 87.166
931 62.9596 87.1837
367 63.2613 87.2002
690 63.6207 87.2199
415 63.9883 87.24
984 64.7894 87.284
465 65.6179 87.3294
378 66.3508 87.3695
149 67.1672 87.4143
620 67.8128 87.4497
251 68.4719 87.4858
285 69.0986 87.5201
297 69.7086 87.5536
145 70.37 87.5898
775 71.0581 87.6275
937 71.7209 87.6638
353 72.3993 87.701
813 73.0816 87.7384
477 73.7416 87.7746
580 75.1614 87.8524
318 75.2135 87.8546
158 75.2663 87.8569
845 75.3185 87.8591
544 75.3724 87.8613
52 75.4262 87.8636
322 76.8468 87.9233
135 77.7186 87.96
666 78.2634 87.9829
820 78.856 88.0079
159 79.4223 88.0318
494 80.0127 88.0566
725 80.6219 88.0823
893 81.2343 88.1081
742 81.8464 88.1338
928 82.5272 88.1625
25 82.9906 88.182
983 82.9906 88.182
685 83.091 87.9508
854 83.1766 87.7537
372 86.1468 80.9157
204 86.1353 80.7838
740 86.1243 80.6563
660 86.1128 80.5242
473 86.1024 80.4048
311 86.0908 80.2707
889 86.0802 80.1481
417 86.0649 79.972
648 86.0499 79.7996
528 86.034 79.6157
450 86.019 79.4428
385 86.0046 79.2764
864 86.0043 79.2738
497 84.4772 61.7223
967 84.3034 61.4682
951 84.1821 61.2909
884 84.0675 61.1233
107 83.9541 60.9575
170 83.8372 60.7867
242 83.7187 60.6135
684 83.6051 60.4473
198 83.485 60.2718
506 83.3714 60.1057
977 83.2544 59.9347
387 83.1282 59.7501
920 83.0054 59.5706
136 82.8997 59.4161
838 82.7968 59.2658
332 82.699 59.1228
644 75.1161 48.0391
941 75.1161 48.0391
195 75.1161 48.0391
932 75.1161 48.0391
70 75.1161 48.0391
117 75.1161 48.0391
466 75.1161 48.0391
274 75.1161 48.0391
609 75.1161 48.0391
670 75.1161 48.0391
29 75.1161 48.0391
745 75.1161 48.0391
425 75.1161 48.0391
232 75.1161 48.0391
334 75.1161 48.0391
553 75.0862 47.4187
143 75.0564 46.8026
583 75.0288 46.233
606 74.9924 45.4779
850 74.962 44.8496
675 74.8999 43.5638
323 76.0754 41.0435
520 77.7339 37.4878
590 78.3231 36.2246
33 78.6839 35.4511
592 78.9786 34.8192
835 80.0664 32.4871
98 83.0802 26.0251
483 86.144 17.4745
345 86.0061 17.5311
627 85.8763 17.5845
260 85.755 17.6344
243 85.1686 17.8754
979 83.7222 18.4699
