0,98,520,590,33,745,466,29,609,232,425,592,835,967,274,951,117,644,195,670,684,553,932,107,170,497,198,242,387,385,977,506,884,838,136,920,842,334,583,383,767,942,68,595,238,152,393,647,852,110,900,847,51,201,515,67,340,208,964,962,290,420,727,173,229,987,867,904,975,654,579,668,109,837,71,744,465,528,332,204,372,473,685,25,660,450,889,311,818,251,159,983,135,725,158,580,820,648,740,893,813,494,928,52,318,417,742,864,83,353,854,775,666,481,823,322,145,149,273,817,297,544,816,896,42,845,118,285,584,40,620,62,690,464,992,937,12,622,317,931,18,952,245,940,832,575,801,567,395,112,9,315,769,671,460,800,980,880,140,509,582,642,887,378,432,369,126,782,179,857,367,536,335,636,774,826,861,632,618,313,851,23,541,961,193,713,105,866,294,434,746,305,406,82,185,477,737,320,882,856,516,754,280,177,755,5,530,511,532,375,165,911,415,984,202,259,947,344,624,172,613,766,974,569,146,470,256,92,206,763,389,265,343,292,752,72,156,659,874,707,448,437,181,241,129,808,53,738,449,559,614,239,408,319,562,814,231,416,392,918,60,73,2,539,428,183,960,877,548,672,22,28,20,309,139,631,638,230,253,773,227,786,15,13,578,593,50,249,418,150,696,833,776,491,714,271,306,409,761,430,712,76,167,521,768,610,58,885,441,795,611,871,651,96,44,551,726,796,361,487,436,825,780,36,446,364,405,827,969,585,456,435,447,178,753,360,628,380,462,386,695,442,750,973,933,711,17,240,637,301,495,718,546,982,115,905,914,200,263,988,199,39,547,236,693,399,736,31,815,203,401,153,106,678,444,213,568,868,138,1,247,75,325,955,560,244,759,88,321,93,719,554,433,346,168,426,457,316,830,892,300,169,890,699,90,162,570,944,108,469,95,792,953,557,288,615,803,304,639,607,694,445,371,717,686,192,879,924,667,799,381,966,760,502,255,503,119,97,411,948,517,338,429,784,220,298,224,991,556,207,728,500,657,400,219,860,374,272,277,587,956,734,970,329,772,376,939,764,747,14,665,427,347,77,703,482,234,336,708,303,505,196,897,680,925,451,552,735,565,691,422,981,57,739,936,858,131,527,116,214,166,114,589,531,122,805,3,849,279,100,47,489,909,423,758,652,218,542,677,972,391,157,698,543,463,324,128,499,148,373,182,222,328,771,341,312,154,797,212,46,32,330,352,78,731,228,496,749,700,616,174,283,990,663,142,476,384,10,123,770,949,534,958,841,863,87,985,612,205,258,4,121,474,514,898,794,899,455,74,710,661,572,836,133,86,268,943,812,722,61,682,211,348,366,299,362,641,412,187,674,646,673,588,488,881,402,741,331,963,629,669,8,822,354,915,518,407,883,26,287,351,704,310,363,702,653,284,626,246,643,439,64,111,254,337,573,486,709,811,902,869,160,549,467,787,935,261,834,421,586,692,790,529,917,125,480,191,257,853,151,862,602,307,824,379,221,278,655,388,679,664,829,65,414,706,37,687,525,475,49,438,633,723,535,908,938,403,302,688,922,989,508,876,180,748,619,783,7,397,11,945,452,194,716,844,264,778,356,597,891,413,843,38,471,913,848,492,472,522,269,566,66,155,69,621,577,512,127,210,267,175,756,89,929,410,30,459,493,809,765,461,576,163,676,281,171,104,523,225,558,501,308,965,404,640,147,743,683,976,788,903,291,912,732,54,724,237,804,533,80,370,603,545,390,846,327,59,720,839,950,454,645,99,524,537,79,510,233,137,705,365,382,21,34,729,507,901,599,733,349,81,359,957,591,971,630,443,697,550,479,658,132,888,130,601,398,526,113,339,916,431,872,954,223,124,252,48,368,424,326,886,608,184,649,394,120,296,859,41,701,600,574,571,275,730,840,878,266,16,226,806,189,141,490,56,134,689,715,927,333,662,919,807,789,757,635,604,946,215,540,910,561,270,921,564,617,91,605,468,440,894,350,986,248,144,563,216,513,855,791,282,895,802,235,453,94,779,484,596,396,101,968,798,793,102,286,35,625,84,810,161,293,478,907,650,656,498,70,850,762,538,143,357,978,941,926,217,342,923,519,262,870,85,186,45,485,190,323,675,606,930,875,63,188,314,623,906,19,43,358,276,594,377,355,458,873,634,164,197,934,781,959,831,250,785,6,865,819,555,751,419,55,209,289,828,681,821,27,581,598,24,777,103,176,295,504,721,627,483,979,345,260,243,
value : 471.208 running time : 87.945426
0 80 20
98 82.2137 29.6652
520 81.536 31.3648
590 80.916 32.9195
33 80.2531 34.5818
745 79.4735 36.5368
466 78.8389 38.1282
29 78.3358 39.3898
609 77.9059 40.4676
232 77.5021 41.4801
425 77.1553 42.3497
592 76.8674 43.0716
835 76.5902 43.7666
967 76.2094 44.7213
274 75.9031 45.4893
951 75.5431 46.3918
117 75.1915 47.2734
644 75.1915 47.2734
195 76.5653 48.5305
670 77.9572 49.8043
684 79.7112 51.4095
553 80.503 52.134
932 81.4828 53.0306
107 82.4988 53.9604
170 83.3012 54.6947
497 84.0073 55.3408
198 82.4801 55.8954
242 80.8339 56.4933
387 79.1213 57.1153
385 77.3257 57.7675
977 77.3257 57.7675
506 77.3257 57.7675
884 77.3257 57.7675
838 76.9392 57.8881
136 76.5244 58.0174
920 75.0869 58.4657
842 72.134 59.3864
334 71.8376 59.8708
583 71.5573 60.3288
383 71.2437 60.8411
767 70.9583 61.3076
942 70.6519 61.8081
68 70.3218 62.3475
595 70.0187 62.8428
238 69.7333 63.3092
152 69.4794 63.724
393 69.2193 64.149
647 68.9865 64.5293
852 68.7642 64.8925
110 68.5216 65.2889
900 68.2632 65.7111
847 67.9987 66.1434
51 67.7939 66.478
201 67.6239 66.7557
515 67.4139 67.0989
67 67.2135 67.4263
340 67.0086 67.7611
208 66.8084 68.0882
964 66.6406 68.3623
962 66.4848 68.6169
290 66.3197 68.8867
420 66.1634 69.1421
727 65.9662 69.4643
173 65.7761 69.7749
229 65.5814 70.0931
987 65.5814 70.0931
867 65.5814 70.0931
904 65.5814 70.0931
975 65.5814 70.0931
654 65.5814 70.0931
579 65.5814 70.0931
668 65.5814 70.0931
109 65.5814 70.0931
837 68.1739 71.7689
71 70.6346 73.3596
744 72.8327 74.7805
465 75.1873 76.3026
528 78.0742 78.1688
332 80.415 79.6819
204 83.271 81.528
372 85.9989 83.2914
473 85.9989 83.2914
685 85.9989 83.2914
25 85.9989 83.2914
660 85.9989 83.2914
450 85.9989 83.2914
889 85.3779 83.8553
311 84.7529 84.4229
818 82.0457 86.8816
251 79.5021 89.1917
159 79.5021 89.1917
983 79.5021 89.1917
135 79.5021 89.1917
725 79.5021 89.1917
158 79.5021 89.1917
580 79.5021 89.1917
820 79.5021 89.1917
648 79.5021 89.1917
740 79.5021 89.1917
893 79.5021 89.1917
813 79.5021 89.1917
494 79.5021 89.1917
928 79.5021 89.1917
52 76.0648 88.7173
318 75.9339 88.6992
417 75.8158 88.6829
742 75.692 88.6658
864 75.5619 88.6479
83 75.4274 88.6293
353 75.3111 88.6133
854 75.1941 88.5971
775 75.0721 88.5803
666 74.9552 88.5641
481 74.832 88.5471
823 74.7219 88.5319
322 74.6249 88.5185
145 72.2682 88.1932
149 70.5568 87.957
273 68.7595 87.7089
817 67.4044 87.5218
297 66.1361 87.3468
544 64.9736 87.1863
816 63.1323 86.9321
896 61.6512 86.7277
42 61.6512 86.7277
845 61.6512 86.7277
118 61.6512 86.7277
285 61.6512 86.7277
584 61.6512 86.7277
40 61.6512 86.7276
620 61.6512 86.7276
62 61.3339 86.5454
690 61.1227 86.4241
464 60.9156 86.3052
992 60.676 86.1675
937 60.4258 86.0238
12 60.1313 85.8547
622 59.8889 85.7155
317 59.5995 85.5493
931 59.3181 85.3876
18 59.0349 85.225
952 58.7382 85.0545
245 58.4465 84.887
940 58.1712 84.7289
832 57.941 84.5967
575 57.7126 84.4655
801 57.4821 84.3331
567 57.2496 84.1996
395 56.9838 84.0469
112 56.6927 83.8797
9 56.6402 83.9225
315 56.5868 83.966
769 56.5322 84.0104
671 56.4775 84.055
460 56.4216 84.1005
800 56.3594 84.1512
980 56.2907 84.2072
880 56.2387 84.2495
140 56.1872 84.2915
509 56.1389 84.3308
582 56.0785 84.38
642 56.0121 84.4342
887 55.9541 84.4814
378 55.8982 84.5269
432 55.8388 84.5753
369 55.771 84.6305
126 55.7042 84.6849
782 55.6418 84.7358
179 55.5752 84.79
857 55.5132 84.8405
367 55.4413 84.8991
536 55.3755 84.9526
335 55.3183 84.9993
636 55.2535 85.0521
774 55.1884 85.1051
826 55.1296 85.153
861 55.07 85.2015
632 55.0103 85.2501
618 54.1581 85.9444
313 53.295 86.6476
851 52.4446 87.3404
23 51.6494 87.9882
541 51.6494 87.9882
961 51.6494 87.9883
193 51.6493 87.9883
713 51.6493 87.9883
105 51.6493 87.9883
866 51.6492 87.9884
294 51.6492 87.9884
434 51.6491 87.9884
746 51.6491 87.9885
305 51.6491 87.9885
406 51.649 87.9885
82 51.649 87.9885
185 51.649 87.9886
477 51.5838 88.0405
737 51.5093 88.0998
320 51.4357 88.1584
882 51.3575 88.2207
856 51.2848 88.2787
516 51.2134 88.3355
754 51.1406 88.3935
280 51.0684 88.451
177 50.9957 88.5089
755 50.928 88.5628
5 50.8578 88.6187
530 50.8578 88.6187
511 50.8578 88.6187
532 50.8578 88.6187
375 50.8578 88.6187
165 50.8578 88.6187
911 50.8578 88.6187
415 50.7626 88.6196
984 50.6752 88.6205
202 50.5841 88.6214
259 50.4883 88.6224
947 50.3933 88.6233
344 50.3046 88.6242
624 48.5481 88.6416
172 45.335 88.6736
613 43.201 88.6948
766 42.646 88.7003
974 42.1063 88.7056
569 41.9543 88.7071
146 41.7993 88.7086
470 41.6483 88.7101
256 41.5042 88.7115
92 41.3654 88.7129
206 41.2445 88.7141
763 41.113 88.7153
389 40.9746 88.7167
265 40.8322 88.7181
343 40.7063 88.7193
292 40.5635 88.7207
752 40.423 88.7221
72 40.3025 88.7233
156 40.1936 88.7244
659 40.0692 88.7256
874 39.9313 88.727
707 39.7693 88.7286
448 39.6258 88.73
437 39.4898 88.7313
181 39.3473 88.7327
241 39.2064 88.7341
129 39.0628 88.7355
808 38.9105 88.737
53 38.7799 88.7383
738 38.6444 88.7396
449 38.514 88.7409
559 38.381 88.7422
614 38.2114 88.7439
239 38.0474 88.7455
408 37.8762 88.7471
319 37.6312 88.7496
562 37.3646 88.7522
814 36.9215 88.7565
231 36.3642 88.762
416 35.8573 88.767
392 35.3098 88.7724
918 34.7534 88.7779
60 34.2325 88.783
73 33.7779 88.7875
2 33.3443 88.7918
539 32.9229 88.7959
428 32.3729 88.8013
183 31.8663 88.8063
960 31.8662 88.8063
877 31.8662 88.8063
548 31.8662 88.8063
672 31.8662 88.8063
22 31.8662 88.8063
28 31.8662 88.8063
20 31.8662 88.8063
309 31.8662 88.8063
139 31.8662 88.8063
631 30.3823 88.704
638 29.4408 88.639
230 28.4745 88.5724
253 27.1472 88.4809
773 25.7547 88.3849
227 24.0697 88.2687
786 24.0697 88.2687
15 24.0697 88.2687
13 24.0697 88.2687
578 24.0696 88.2687
593 24.0696 88.2687
50 24.0696 88.2687
249 24.0696 88.2687
418 24.0696 88.2687
150 24.0696 88.2687
696 24.0696 88.2687
833 24.0696 88.2687
776 24.0696 88.2687
491 24.0696 88.2687
714 24.0696 88.2687
271 24.0696 88.2687
306 24.0696 88.2687
409 24.0696 88.2687
761 24.0696 88.2687
430 24.0696 88.2687
712 24.0696 88.2687
76 24.0696 88.2687
167 24.0696 88.2687
521 24.0696 88.2687
768 24.0696 88.2687
610 24.0696 88.2687
58 24.0696 88.2687
885 24.0696 88.2687
441 24.0696 88.2687
795 24.0696 88.2687
611 24.0696 88.2687
871 23.4406 87.9238
651 22.7909 87.5676
96 22.1091 87.1938
44 21.1031 86.6422
551 20.0425 86.0607
726 19.3506 85.6814
796 18.7789 85.368
361 18.2859 85.0977
487 18.2665 85.1132
436 18.2457 85.1299
825 18.2282 85.1439
780 18.2088 85.1595
36 18.1896 85.1748
446 16.56 86.4221
364 15.0812 87.5539
405 13.8874 88.4677
827 13.2942 88.9218
969 13.0693 89.0939
585 12.8571 89.2564
456 12.8571 89.2564
435 12.4129 89.3186
447 12.1368 89.3572
178 11.8683 89.3948
753 11.8112 89.4028
360 11.7467 89.4118
628 11.6728 89.4222
380 11.6061 89.4315
462 11.5484 89.4396
386 11.484 89.4486
695 11.4224 89.4572
442 11.3501 89.4674
750 11.2781 89.4774
973 11.2115 89.4868
933 11.145 89.4961
711 11.067 89.507
17 10.9994 89.5165
240 10.9211 89.5274
637 10.8489 89.5375
301 10.7794 89.5473
495 10.7152 89.5563
718 10.6384 89.567
546 10.5661 89.5771
982 10.498 89.5867
115 10.429 89.5963
905 10.3526 89.607
914 10.2791 89.6173
200 10.2084 89.6272
263 10.1352 89.6375
988 10.0651 89.6473
199 10.0662 89.6381
39 10.0672 89.6295
547 10.0684 89.62
236 10.0695 89.611
693 10.0706 89.6013
399 10.0718 89.5913
736 10.0729 89.5823
31 10.0741 89.5727
815 10.0751 89.5644
203 10.0761 89.5558
401 10.0771 89.5477
153 10.0781 89.5393
106 10.079 89.5313
678 10.0801 89.5223
444 10.0813 89.5126
213 10.0823 89.5044
568 10.1128 89.2506
868 10.1439 88.9919
138 10.1765 88.7204
1 10.211 88.4341
247 10.2457 88.1453
75 10.2819 87.845
325 10.313 87.586
955 10.3441 87.3271
560 10.3743 87.076
244 10.4031 86.8366
759 10.4325 86.5926
88 10.4603 86.3608
321 10.4887 86.1253
93 10.5149 85.9068
719 10.5429 85.6744
554 10.5718 85.4338
433 10.5972 85.2229
346 10.6214 85.0212
168 10.6439 84.8348
426 10.6652 84.657
457 10.687 84.4761
316 10.7069 84.3106
830 10.7286 84.1299
892 10.7487 83.9625
300 10.7694 83.7903
169 10.7904 83.6162
890 10.8119 83.4375
699 10.8316 83.2733
90 10.8549 83.0797
162 10.8771 82.8952
570 10.8771 82.8952
944 10.8771 82.8952
108 10.8771 82.8951
469 10.8771 82.8951
95 10.8771 82.8951
792 10.8771 82.8951
953 10.8771 82.8951
557 10.8771 82.8951
288 10.8771 82.8951
615 10.9379 82.2326
803 11.0012 81.5426
304 11.0723 80.7677
639 11.2467 78.8665
607 11.4144 77.0385
694 11.5351 75.7229
445 11.6275 74.7164
371 11.7116 73.7996
717 11.738 73.5124
686 11.7629 73.2406
192 11.7889 72.9576
879 11.8125 72.7001
924 11.836 72.4448
667 11.8576 72.2092
799 11.8802 71.9634
381 11.9015 71.7311
966 11.9221 71.5071
760 11.9288 71.4917
502 11.9334 71.4812
255 11.9379 71.4709
503 11.9425 71.4603
119 11.9474 71.4492
97 11.9521 71.4383
411 11.9569 71.4273
948 11.961 71.418
517 11.9653 71.4082
338 11.9699 71.3976
429 11.9745 71.3871
784 11.9791 71.3765
220 11.9832 71.3671
298 11.9869 71.3588
224 11.991 71.3493
991 11.9953 71.3394
556 11.9997 71.3293
207 12.0042 71.3191
728 12.1397 71.0089
500 12.3154 70.6064
657 12.4891 70.2086
400 12.6754 69.7821
219 12.866 69.3455
860 13.044 68.9379
374 13.2528 68.4597
272 13.5138 67.8621
277 13.7661 67.2843
587 14.039 66.6595
956 13.3457 64.7395
734 13.2165 64.3816
970 13.0819 64.009
329 12.9412 63.6195
772 12.7983 63.2237
376 12.6584 62.8362
939 12.5167 62.4438
764 12.5082 62.3433
747 12.5005 62.2511
14 12.493 62.1622
665 12.4847 62.0647
427 12.4761 61.9621
347 12.4667 61.85
77 12.4577 61.7437
703 12.4483 61.6321
482 12.4392 61.5244
234 12.4295 61.409
336 12.4196 61.2913
708 12.4103 61.181
303 12.4023 61.0871
505 12.3943 60.9916
196 12.3873 60.9086
897 12.3801 60.8232
680 12.3727 60.7355
925 12.3645 60.6375
451 12.3572 60.5517
552 12.35 60.4662
735 12.3079 59.9673
565 12.257 59.3658
691 12.2049 58.7492
422 12.1532 58.1366
981 12.1019 57.5299
57 12.0516 56.9338
739 12 56.3237
936 11.9469 55.6958
858 11.8929 55.0566
131 11.8391 54.4194
527 11.782 53.7437
116 11.7253 53.0728
214 11.7253 53.0728
166 11.7253 53.0728
114 11.7253 53.0728
589 11.7253 53.0728
531 11.7253 53.0728
122 11.7253 53.0728
805 11.7253 53.0728
3 11.7253 53.0728
849 11.8105 52.9047
279 11.9098 52.7085
100 11.9993 52.5317
47 12.0896 52.3534
489 12.1854 52.1644
909 12.2826 51.9724
423 12.383 51.7741
758 12.4601 51.6218
652 12.5349 51.474
218 12.6065 51.3326
542 12.6873 51.1732
677 12.7637 51.0223
972 12.8475 50.8568
391 12.9367 50.6806
157 13.0115 50.5328
698 13.798 48.9798
543 14.5853 47.4252
463 14.5853 47.4252
324 14.5853 47.4252
128 12.733 43.8354
499 12.0842 42.5777
148 12.0474 42.5065
373 12.0079 42.4298
182 11.9685 42.3534
222 11.9242 42.2677
328 11.8787 42.1795
771 11.8787 42.1795
341 11.8787 42.1795
312 11.8787 42.1795
154 11.8787 42.1795
797 11.8787 42.1795
212 11.8787 42.1795
46 11.8787 42.1795
32 11.8787 42.1795
330 11.8787 42.1795
352 11.8787 42.1795
78 11.8787 42.1795
731 11.8787 42.1795
228 11.8787 42.1795
496 11.8787 42.1795
749 11.8787 42.1795
700 11.8787 42.1795
616 11.8787 42.1795
174 11.8787 42.1795
283 11.8787 42.1795
990 11.8787 42.1795
663 11.8787 42.1795
142 11.8787 42.1795
476 11.888 41.7597
384 11.8972 41.3391
10 11.9065 40.9197
123 11.9153 40.5196
770 11.9245 40.1032
949 11.9337 39.6854
534 11.9435 39.2401
958 11.9552 38.7096
841 11.9667 38.1864
863 11.9817 37.5031
87 11.9976 36.7791
985 12.0132 36.0726
612 12.0286 35.3717
205 12.0564 34.1025
258 12.0905 32.5485
4 12.1043 31.9205
121 12.1172 31.3349
474 12.1297 30.7655
514 12.1397 30.3115
898 12.1498 29.8508
794 12.1579 29.4863
899 12.1658 29.1243
455 12.1728 28.81
74 12.1794 28.5071
710 12.1862 28.1995
661 12.1931 27.8862
572 12.1994 27.5998
836 12.2059 27.3073
133 12.2122 27.02
86 12.2187 26.7238
268 12.2859 23.6574
943 12.3596 20.2956
812 12.4707 15.2067
722 12.4707 15.2067
61 12.4707 15.2067
682 12.4707 15.2067
211 12.4707 15.2067
348 12.4707 15.2067
366 12.4707 15.2067
299 12.4707 15.2067
362 12.4808 15.2068
641 12.492 15.2068
412 12.5004 15.2069
187 12.5093 15.2069
674 12.5819 15.2074
646 12.6507 15.2078
673 12.7299 15.2083
588 12.8058 15.2088
488 12.8833 15.2093
881 12.9485 15.2097
402 13.0195 15.2101
741 13.088 15.2106
331 13.157 15.211
963 13.2335 15.2115
629 16.0907 15.2292
669 20.9218 15.2591
8 23.6034 15.2757
822 27.0688 15.2972
354 27.0688 15.2972
915 27.7306 15.2063
518 33.9547 14.3506
407 33.9142 14.7046
883 33.8691 15.0983
26 33.8292 15.4461
287 33.7932 15.7609
351 33.7537 16.1057
704 33.7103 16.4847
310 33.6679 16.8551
363 33.6269 17.2136
702 33.5805 17.618
653 33.5403 17.9693
284 33.4974 18.344
626 33.4575 18.6923
246 33.4188 19.0302
643 33.3798 19.371
439 33.3399 19.7192
64 33.3016 20.0541
111 33.2636 20.3859
254 33.226 20.7146
337 33.0954 21.8551
573 32.9513 23.1131
486 32.7269 25.073
709 32.6318 25.9037
811 32.532 26.7754
902 32.532 26.7754
869 32.7025 28.0979
160 32.8398 29.1625
549 32.9757 30.2162
467 33.0911 31.1111
787 33.2142 32.0655
935 33.3563 33.1677
261 33.2092 33.3596
834 33.0239 33.6013
421 32.838 33.8439
586 32.5332 34.2415
692 32.1754 34.7083
790 31.8277 35.1619
529 31.4546 35.6488
917 31.0764 36.1422
125 30.6885 36.6482
480 30.6885 36.6482
191 30.6885 36.6482
257 30.6885 36.6482
853 30.6885 36.6482
151 30.6885 36.6482
862 30.6885 36.6482
602 30.6885 36.6482
307 30.6885 36.6482
824 30.6753 36.804
379 30.6565 37.0247
221 30.6337 37.2922
278 30.6078 37.596
655 30.5798 37.9256
388 30.5546 38.2214
679 30.5311 38.4967
664 30.5074 38.7753
829 30.4844 39.0455
65 30.4582 39.3535
414 30.4096 39.9245
706 30.362 40.4839
37 30.3146 41.0401
687 30.27 41.5639
525 30.2237 42.1089
475 30.1799 42.623
49 30.1384 43.111
438 30.0989 43.5748
633 30.0587 44.047
723 30.0252 44.4396
535 29.991 44.8422
908 29.9556 45.2575
938 29.9217 45.656
403 30.4588 45.7561
302 31.0489 45.8661
688 31.6317 45.9748
922 32.2297 46.0863
989 32.6841 46.171
508 33.1032 46.2491
876 33.5404 46.3306
180 33.9738 46.4114
748 34.3754 46.4863
619 34.7974 46.565
783 35.2327 46.6461
7 35.6664 46.727
397 36.0974 46.8073
11 36.7693 46.9326
945 37.918 47.1469
452 38.7731 47.3064
194 39.5718 47.4553
716 40.3537 47.6012
844 40.6634 47.6589
264 40.6685 47.9199
778 40.6685 47.9199
356 40.6685 47.9199
597 40.6685 47.9199
891 40.6685 47.9199
413 40.6685 47.9199
843 40.6685 47.9199
38 40.6685 47.9199
471 40.6685 47.9199
913 40.6685 47.9199
848 40.9312 47.9546
492 41.1679 47.9858
472 41.361 48.0113
522 41.5418 48.0352
269 41.727 48.0596
566 41.975 48.0923
66 42.2336 48.1265
155 42.2084 49.3827
69 42.1791 50.8477
621 42.136 52.9983
577 42.1007 54.7608
512 41.7562 55.4012
127 41.3186 56.215
210 40.87 57.0493
267 40.3641 57.99
175 40.0283 58.6143
756 39.7517 59.1287
89 39.6646 59.2907
929 39.5738 59.4595
410 39.4832 59.6279
30 39.3926 59.7966
459 39.3006 59.9676
493 39.2104 60.1353
809 39.126 60.2923
765 39.0391 60.4538
461 38.956 60.6084
576 38.8614 60.7843
163 38.7646 60.9642
676 38.6801 61.1214
281 38.5932 61.2831
171 38.4888 61.4772
104 38.3982 61.6456
523 38.3055 61.818
225 38.216 61.9845
558 38.1326 62.1395
501 38.0328 62.3252
308 37.9485 62.4819
965 37.864 62.639
404 37.864 62.639
640 37.864 62.639
147 37.864 62.639
743 38.3478 62.9699
683 37.7342 63.2406
976 37.1161 63.5132
788 36.9498 63.5475
903 36.8028 63.5778
291 36.673 63.6045
912 36.5349 63.633
732 36.4003 63.6607
54 36.2562 63.6904
724 36.1097 63.7206
237 35.9699 63.7493
804 35.824 63.7794
533 35.6685 63.8115
80 35.5098 63.8442
370 35.3468 63.8777
603 35.1631 63.9156
545 32.7728 65.1714
390 32.22 65.4913
846 31.68 65.8038
327 31.2454 66.0553
59 30.8656 66.2751
720 30.46 66.5099
839 30.0701 66.7355
950 29.5801 67.0191
454 29.2416 67.215
645 28.9284 67.3963
99 28.5681 67.6048
524 28.2501 67.7888
537 28.2501 67.7888
79 28.2501 67.7888
510 28.2501 67.7888
233 28.2501 67.7888
137 28.1697 67.9051
705 28.0871 68.0245
365 27.9624 68.2047
382 27.8281 68.3989
21 27.6921 68.5955
34 27.5547 68.7941
729 27.4115 69.0012
507 27.2618 69.2176
901 27.1021 69.4484
599 26.9329 69.6931
733 26.7576 69.9465
349 26.5743 70.2115
81 26.3849 70.4853
359 26.2279 70.7123
957 26.0555 70.9616
591 25.8409 71.2719
971 25.6174 71.595
630 25.3859 71.9297
443 25.3127 72.1898
697 25.2461 72.4262
550 25.1866 72.6375
479 25.1313 72.834
658 25.0775 73.0252
132 25.027 73.2044
888 24.9695 73.4085
130 24.9163 73.5975
601 24.7966 74.0228
398 24.6532 74.5322
526 24.4943 75.0965
113 24.3205 75.7136
339 24.1434 76.3426
916 23.9671 76.9689
431 23.9354 77.0816
872 23.9062 77.1853
954 23.8722 77.3059
223 23.8387 77.425
124 23.8041 77.5477
252 23.7677 77.6771
48 23.7241 77.832
368 26.1365 79.183
424 26.3939 79.3271
326 26.6404 79.4651
886 26.9237 79.6238
608 27.2153 79.7871
184 27.5166 79.9558
649 27.8833 80.1611
394 28.1745 80.3242
120 28.1745 80.3242
296 28.3526 80.0487
859 28.519 79.7912
41 28.7515 79.4314
701 28.9916 79.0599
600 29.2382 78.6783
574 29.4761 78.3102
571 29.7013 77.9619
275 29.9035 77.6489
730 30.1453 77.501
840 30.389 77.352
878 30.6016 77.222
266 30.7974 77.1023
16 31.0144 76.9696
226 31.2482 76.8266
806 31.4556 76.6997
189 31.6703 76.5685
141 31.8701 76.4463
490 32.0833 76.3159
56 32.5084 76.056
134 32.791 75.8831
689 32.8176 75.8669
715 32.8473 75.8487
927 32.87 75.8349
333 32.8957 75.8191
662 32.9252 75.8011
919 32.9524 75.7845
807 32.9815 75.7667
789 33.0066 75.7513
757 33.0332 75.735
635 33.0638 75.7163
604 33.0972 75.6959
946 33.1297 75.676
215 34.6769 74.7301
540 36.116 73.8502
910 37.3856 73.074
561 38.6027 72.3298
270 40.118 71.4033
921 41.9701 70.271
564 42.9478 69.6732
617 44.4725 68.741
91 45.6374 68.0287
605 46.7074 67.3745
468 46.8793 67.2694
440 47.042 67.1698
894 47.042 67.1698
350 47.042 67.1698
986 47.042 67.1698
248 47.042 67.1698
144 47.0742 67.1399
563 47.1077 67.1087
216 47.1449 67.0741
513 47.1753 67.0458
855 47.2096 67.0139
791 47.2437 66.9821
282 47.2749 66.9531
895 47.3021 66.9278
802 47.438 66.8013
235 47.5904 66.6595
453 47.7436 66.5168
94 47.8877 66.3828
779 48.0281 66.2521
484 48.1785 66.112
596 48.3363 65.9652
396 52.6267 61.9716
101 53.3375 61.3101
968 54.0469 60.6498
798 54.9141 59.8427
793 55.9743 58.856
102 57.0518 57.8531
286 57.2511 57.6677
35 57.458 57.4751
625 57.6643 57.2831
84 57.8714 57.0903
810 58.1088 56.8693
161 58.3391 56.655
293 58.6117 56.4013
478 58.873 56.1581
907 59.1179 55.9301
650 59.3726 55.6931
656 59.6155 55.467
498 59.7566 55.3357
70 59.9647 55.142
850 60.1513 54.9683
762 60.1618 54.9586
538 60.1742 54.947
143 60.1872 54.9349
357 60.1988 54.9241
978 60.2098 54.9139
941 60.2217 54.9028
926 59.3632 52.3454
217 58.5172 49.8252
342 57.7091 47.4178
923 57.7098 47.41
519 57.7107 47.4017
262 57.7115 47.3931
870 57.7124 47.3843
85 57.7131 47.3767
186 57.714 47.3679
45 57.715 47.3582
485 57.7157 47.3513
190 57.7165 47.3432
323 58.069 43.7802
675 58.069 43.7802
606 58.069 43.7802
930 58.069 43.7802
875 58.069 43.7802
63 58.069 43.7802
188 58.069 43.7802
314 57.8952 43.1171
623 57.7302 42.4873
906 57.5309 41.727
19 57.3378 40.99
43 57.1855 40.409
358 57.0265 39.8022
276 56.8714 39.2105
594 56.606 38.1973
377 56.3155 37.0887
355 56.0191 35.9575
458 55.722 34.8237
873 55.4098 33.6321
634 55.1824 32.764
164 54.9096 31.7229
197 54.6829 30.858
934 54.0071 28.2778
781 54.2606 28.0348
959 54.5037 27.8017
831 54.6982 27.6152
250 54.878 27.4429
785 55.0859 27.2436
6 55.3105 27.0283
865 55.5154 26.8319
819 55.7558 26.6015
555 55.9493 26.416
751 56.1563 26.2175
419 56.3795 26.0036
55 56.6 25.7922
209 56.8177 25.5835
289 57.0635 25.348
828 57.388 25.0369
681 57.7442 24.6954
821 58.4073 24.0598
27 59.1535 23.3444
581 61.1527 21.4276
598 62.823 19.8262
24 64.3349 18.3767
777 65.8988 16.8774
103 67.6833 15.1664
176 68.8454 15.1749
295 70.165 15.1846
504 72.2204 15.1997
721 75.8048 15.2261
627 84.3401 15.2891
483 84.3401 15.2891
979 84.1036 15.5459
345 83.8556 15.815
260 83.6192 16.0717
243 83.3184 16.3982
