0,260,627,345,979,483,243,98,323,274,520,609,242,33,670,920,195,592,745,29,387,170,590,835,497,506,107,884,951,136,198,425,932,967,838,553,334,232,70,117,926,842,217,466,875,821,45,594,930,675,644,357,634,43,978,606,27,959,314,828,555,358,55,831,458,355,6,906,870,751,289,873,377,681,197,716,865,781,848,66,945,597,262,342,63,69,715,471,843,519,35,577,810,617,186,798,492,765,54,929,533,809,237,49,216,281,291,876,621,80,404,161,498,264,101,576,804,968,855,208,857,134,513,769,743,894,940,779,802,225,175,986,56,558,410,453,676,683,636,563,294,282,235,484,280,509,762,668,91,582,238,832,671,229,791,393,173,109,94,420,837,9,317,904,605,987,51,112,942,625,84,468,293,102,68,286,923,85,440,964,538,647,485,190,188,907,793,396,941,623,143,850,767,478,583,650,515,867,977,385,110,152,201,383,656,67,852,684,595,417,332,83,159,481,528,648,322,818,937,71,775,660,450,740,372,473,725,889,25,685,311,820,204,928,580,620,285,251,149,135,494,983,854,864,158,52,544,273,823,666,18,145,813,742,464,737,318,465,845,931,177,893,353,975,290,816,727,575,378,744,962,460,579,900,622,847,654,340,632,690,432,880,395,801,800,980,984,369,297,144,755,193,564,530,179,562,245,415,305,118,826,40,642,315,206,782,887,861,921,12,82,437,511,774,516,202,239,713,140,367,408,851,911,754,335,406,567,477,992,185,624,344,584,23,866,105,156,62,856,952,313,659,42,817,882,434,896,961,618,807,559,614,394,536,540,895,22,416,2,877,189,215,947,259,320,561,126,375,539,319,707,763,874,532,918,569,181,271,343,165,449,139,746,5,541,389,470,974,53,752,96,786,241,613,120,448,392,814,738,766,548,150,409,265,960,256,129,806,309,808,418,92,72,795,231,773,631,428,292,253,490,146,919,689,172,350,76,724,537,649,840,252,230,21,878,672,73,248,459,163,523,872,171,910,571,662,454,365,730,296,226,976,732,903,59,965,596,493,788,720,390,957,839,308,451,688,599,382,901,601,422,132,329,501,359,349,574,327,104,756,729,30,137,846,981,411,733,927,114,429,275,701,772,550,552,591,551,113,726,326,658,680,635,398,924,220,16,360,266,184,526,954,825,789,99,503,557,88,608,886,244,346,361,270,697,141,424,183,223,168,888,36,495,58,600,41,124,604,487,443,60,955,916,368,885,288,333,578,456,249,593,441,768,44,399,757,833,651,638,696,933,167,859,430,20,469,431,610,28,611,521,138,13,714,306,462,761,95,304,115,750,815,693,892,108,316,199,973,17,50,711,93,712,491,15,953,871,447,236,380,827,153,1,200,988,106,213,803,776,435,753,227,169,695,48,585,637,568,678,401,868,547,39,405,263,969,991,546,374,442,300,914,301,628,905,792,444,560,718,426,364,719,570,554,247,433,203,31,325,879,386,615,830,277,667,381,207,607,240,224,728,639,14,321,944,890,736,699,759,90,982,446,436,717,799,371,694,338,339,479,796,500,400,457,81,119,657,780,75,665,178,948,255,347,162,502,131,3,517,219,234,192,427,747,784,97,482,556,734,966,686,970,298,77,860,524,587,630,677,946,950,971,739,703,708,272,130,445,939,157,166,849,116,122,218,303,527,531,376,489,925,496,589,805,341,760,897,154,652,34,373,749,841,47,565,909,100,764,505,758,182,858,128,214,863,936,542,534,463,57,148,87,328,312,958,46,330,616,65,731,123,423,78,228,86,499,10,602,990,943,710,74,836,641,133,514,572,985,212,283,384,794,898,682,331,348,646,4,412,61,455,661,299,187,963,673,258,362,722,211,366,8,488,588,402,254,741,674,629,881,812,899,626,310,518,653,643,111,246,363,407,284,337,64,704,573,287,883,351,474,669,439,221,915,702,902,787,709,824,354,307,160,834,486,268,748,475,549,612,869,121,829,278,664,529,476,679,438,352,770,723,222,908,403,37,125,525,797,663,633,771,700,32,205,414,508,388,535,783,147,397,706,698,891,174,640,79,956,603,324,142,949,655,196,507,735,972,391,279,691,336,705,510,233,938,913,302,269,619,645,413,778,862,922,461,512,267,370,127,210,276,543,545,180,480,912,472,566,522,7,811,11,89,194,687,989,155,692,844,452,356,250,917,151,38,935,257,853,261,790,191,421,822,19,209,379,586,785,164,467,26,934,419,295,504,777,819,581,598,176,721,103,24,
value : 539.897 running time : 29.564214
0 80 20
260 86.2684 17.5916
627 86.2684 17.5916
345 86.2684 17.5916
979 86.2684 17.5916
483 86.2684 17.5916
243 85.9968 18.8664
98 83.956 28.4573
323 81.6116 39.4744
274 82.0461 40.4412
520 82.4735 41.3921
609 82.9656 42.4871
242 83.5264 43.7351
33 83.5323 43.7481
670 83.539 43.7632
920 83.6314 43.969
195 83.726 44.1797
592 83.8212 44.3915
745 83.918 44.6072
29 84.0141 44.8214
387 84.107 45.0282
170 84.2008 45.2371
590 84.2023 45.2404
835 84.969 46.9467
497 86.4178 50.1714
506 86.0317 50.0918
107 85.606 50.0041
884 85.1065 49.9012
951 84.5579 49.7882
136 83.9816 49.6695
198 83.3743 49.5443
425 82.7372 49.4131
932 82.1976 49.3019
967 81.686 49.1965
838 81.2043 49.0972
553 80.681 48.9894
334 80.2774 48.9063
232 74.4364 45.1682
70 71.5466 43.3187
117 70.161 42.4318
926 69.1253 41.7689
842 67.8295 40.9395
217 66.0133 39.7771
466 65.0841 39.1822
875 62.9278 37.8022
821 62.7204 37.6694
45 62.5208 37.5416
594 62.316 37.4105
930 62.1154 37.2821
675 61.9305 37.1637
644 61.7369 37.0398
357 61.5129 36.8964
634 61.2606 36.7349
43 61.0188 36.5801
978 60.7727 36.4226
606 60.5252 36.2641
27 60.2153 36.0658
959 59.9411 35.8902
314 59.3999 35.9148
828 58.8072 35.9416
555 58.2221 35.9681
358 57.7877 35.9878
55 57.3278 36.0086
831 56.8892 36.0285
458 56.3932 36.051
355 55.9116 36.0728
6 55.4275 36.0947
906 54.8688 36.12
870 54.3628 36.1429
751 53.8804 36.1648
289 53.3954 36.1867
873 53.2281 36.6533
377 53.0079 37.2669
681 52.7837 37.8916
197 52.5528 38.5349
716 52.3269 39.1646
865 52.1071 39.777
781 51.8511 40.4903
848 51.0713 42.6597
66 50.3737 44.6015
945 49.6002 46.7536
597 48.9075 48.6816
262 48.4305 50.0097
342 47.9578 51.326
63 47.4668 52.6932
69 46.7478 54.6942
715 46.025 56.7036
471 46.025 56.7036
843 46.025 56.7036
519 46.025 56.7036
35 46.025 56.7036
577 46.025 56.7036
810 46.025 56.7036
617 46.025 56.7036
186 45.8418 56.6582
798 45.6492 56.6105
492 45.4534 56.562
765 45.2438 56.5101
54 45.0474 56.4615
929 44.8601 56.4151
533 44.7016 56.3759
809 44.5478 56.3379
237 44.3981 56.3008
49 44.2523 56.2648
216 44.1251 56.2333
281 43.9972 56.2017
291 43.8685 56.1699
876 43.7473 56.1399
621 44.858 58.8878
80 46.0485 61.8329
404 46.3329 62.5374
161 46.4824 62.9082
498 46.6297 63.2734
264 46.7884 63.6668
101 46.9572 64.0851
576 47.1556 64.577
804 47.384 65.1429
968 47.6328 65.7593
855 47.8724 66.3531
208 48.105 66.9295
857 48.3125 67.4436
134 48.4993 67.9066
513 48.6801 68.3549
769 48.8493 68.7743
743 49.0086 69.1694
894 49.1741 69.5796
940 49.3379 69.9858
779 49.3379 69.9858
802 49.3379 69.9858
225 49.3379 69.9858
175 49.3379 69.9858
986 49.372 69.9954
56 49.4029 70.0041
558 49.5249 70.0383
410 49.6488 70.0731
453 49.7821 70.1106
676 49.91 70.1465
683 50.0448 70.1844
636 50.1973 70.2273
563 50.2705 70.2191
294 50.3465 70.2106
282 50.9766 70.1402
235 51.5586 70.0751
484 52.1804 70.0056
280 52.9101 69.9241
509 53.6807 69.8381
762 54.2611 69.7732
668 54.7934 69.7137
91 55.2743 69.6599
582 55.7905 69.6022
238 56.3271 69.5422
832 56.8073 69.4885
671 57.2755 69.4362
229 57.7444 69.3837
791 58.2399 69.3283
393 58.7932 69.2665
173 59.2996 69.2098
109 59.7768 69.1565
94 60.3061 69.0973
420 61.1543 69.0026
837 61.0688 69.6738
9 60.9997 70.2153
317 60.9376 70.7019
904 60.829 70.1283
605 60.7117 69.5084
987 60.5987 68.9115
51 60.4743 68.2546
112 60.2003 66.8063
942 59.8094 64.7406
625 59.6983 64.1533
84 59.598 63.624
468 59.4987 63.0993
293 59.3958 62.5555
102 59.3023 62.0617
68 59.2431 61.7493
286 59.1789 61.4102
923 59.1185 61.0909
85 59.3483 61.0257
440 59.5782 60.9605
964 59.8111 60.8945
538 60.0615 60.8236
647 60.3033 60.755
485 60.5432 60.687
190 60.7757 60.6211
188 60.9833 60.5623
907 61.2099 60.4981
793 61.433 60.4348
396 61.6923 60.3613
941 61.9619 60.2849
623 62.1569 60.2297
143 64.4765 59.5725
850 65.3214 60.2036
767 66.0475 60.746
478 66.8309 61.3311
583 67.6239 61.9234
650 68.4184 62.5169
515 69.1922 63.0949
867 71.7403 64.9978
977 74.1506 66.7979
385 74.3235 66.927
110 74.4827 67.046
152 74.6465 67.1684
201 74.8144 67.2938
383 74.9813 67.4185
656 75.1409 67.5377
67 75.3468 67.6915
852 75.6155 67.8922
684 75.8927 68.0993
595 76.0033 68.3305
417 77.443 71.3363
332 78.1072 72.7236
83 78.7881 74.1457
159 79.4536 75.5358
481 79.8129 76.2865
528 80.4491 77.6154
648 81.1379 79.0539
322 81.7323 80.2955
818 81.7323 80.2955
937 81.7323 80.2955
71 81.9828 80.4819
775 82.6921 81.0093
660 83.9227 81.9236
450 84.3753 82.2602
740 85.1716 82.8686
372 86.0089 83.5085
473 85.7779 83.7293
725 85.5598 83.9378
889 85.3638 84.1253
25 85.1701 84.3104
685 84.9471 84.5236
311 84.7063 84.7538
820 83.1572 86.2358
204 83.0539 86.3346
928 80.9995 88.3001
580 77.0972 88.9498
620 75.5887 89.2006
285 75.5887 89.2006
251 75.5887 89.2006
149 75.5887 89.2006
135 75.5887 89.2006
494 75.5887 89.2006
983 75.5887 89.2006
854 75.0556 89.2467
864 74.4197 89.3019
158 73.8303 89.353
52 73.2168 89.4061
544 72.4784 89.4704
273 71.742 89.5346
823 70.9979 89.5995
666 70.2598 89.664
18 69.5447 89.7265
145 69.4319 89.7364
813 69.3186 89.7464
742 69.2054 89.7564
464 69.0902 89.7666
737 68.9735 89.7769
318 68.9735 89.7769
465 68.9735 89.7769
845 68.9735 89.7769
931 68.9735 89.7769
177 68.9735 89.7769
893 68.9735 89.7769
353 68.5607 87.2646
975 67.2026 78.9992
290 67.1143 79.0158
816 67.0228 79.0331
727 66.9506 79.0467
575 66.8742 79.0612
378 66.8046 79.0743
744 66.7372 79.087
962 66.6682 79.1
460 66.5949 79.1138
579 66.5253 79.127
900 66.4509 79.141
622 65.4798 79.3249
847 64.5184 79.5069
654 63.6139 79.6782
340 62.5695 79.876
632 60.4148 80.2846
690 59.4659 80.4642
432 58.7208 80.6053
880 57.9933 80.743
395 57.3234 80.8697
801 56.5927 81.008
800 55.8149 81.1552
980 55.0057 81.3084
984 55.0057 81.3084
369 54.0253 81.4761
297 53.0064 81.6504
144 51.5795 81.893
755 51.5695 82.1038
193 51.5598 82.31
564 51.5502 82.5135
530 51.5407 82.7139
179 51.5313 82.9144
562 51.5218 83.1151
245 51.5124 83.3153
415 51.503 83.5145
305 51.4937 83.7104
118 51.4847 83.9024
826 51.4757 84.0915
40 51.467 84.2753
642 51.4582 84.4614
315 51.4494 84.6481
206 51.4384 84.8817
782 51.4384 84.8817
887 51.4384 84.8817
861 51.4384 84.8817
921 51.4384 84.8817
12 51.4384 84.8817
82 51.4384 84.8817
437 51.4384 84.8817
511 52.2621 86.2134
774 52.352 86.3592
516 52.4393 86.5006
202 52.5248 86.6392
239 52.6119 86.7804
713 52.696 86.9166
140 52.7784 87.0504
367 52.8599 87.1824
408 52.9416 87.3148
851 53.0224 87.4459
911 53.1028 87.5761
754 53.1339 87.6266
335 53.1649 87.6769
406 53.1971 87.7292
567 53.2306 87.7835
477 53.2635 87.8369
992 53.2965 87.8905
185 53.3271 87.9401
624 53.3566 87.988
344 53.385 88.0341
584 53.3994 88.0574
23 53.4132 88.0799
866 53.4254 88.0997
105 53.6907 88.3658
156 53.8617 88.5373
62 54.035 88.7112
856 54.2091 88.8858
952 54.3505 89.0276
313 54.4934 89.171
659 54.6335 89.3116
42 54.8523 89.531
817 54.9913 89.6704
882 54.2895 89.454
434 53.5144 89.2149
896 52.5419 88.915
961 51.3855 88.5584
618 49.912 88.1041
807 47.9659 87.5042
559 47.0546 87.2231
614 45.2076 86.6537
394 44.8723 86.5502
536 44.5697 86.4568
540 44.2348 86.3534
895 44.1363 86.4591
22 44.0364 86.5663
416 43.9421 86.6676
2 43.849 86.7675
877 43.7739 86.8481
189 43.6998 86.9277
215 43.6242 87.0088
947 43.5468 87.0919
259 43.4699 87.1745
320 43.3462 87.3072
561 43.2215 87.441
126 43.0913 87.5807
375 42.9521 87.73
539 42.8214 87.8702
319 42.6906 88.0105
707 42.5599 88.1507
763 42.4307 88.2893
874 42.305 88.4242
532 42.2034 88.5332
918 42.1319 88.61
569 42.0661 88.6806
181 42.0022 88.7491
271 41.9412 88.8147
343 41.8813 88.879
165 41.8217 88.9429
449 41.7635 89.0055
139 41.7054 89.0678
746 41.7054 89.0678
5 41.7054 89.0678
541 41.7054 89.0678
389 40.9752 89.1005
470 40.1849 89.1359
974 39.5723 89.1633
53 39.0876 89.185
752 38.588 89.2074
96 38.1635 89.2264
786 37.8147 89.242
241 37.5335 89.2546
613 37.2302 89.2682
120 36.9341 89.2814
448 36.6721 89.2932
392 36.4052 89.3051
814 36.1475 89.3166
738 35.7911 89.3326
766 35.4361 89.3485
548 34.8963 89.3727
150 34.3252 89.3982
409 33.8116 89.4212
265 33.8123 89.4021
960 33.8131 89.3817
256 33.814 89.3588
129 33.8148 89.3382
806 33.8156 89.3178
309 33.8163 89.2988
808 33.8171 89.2795
418 33.8179 89.2592
92 33.8186 89.2395
72 33.8194 89.2197
795 33.8202 89.1992
231 33.821 89.1786
773 33.8218 89.158
631 33.8225 89.1382
428 33.8507 88.3943
292 33.8787 87.6531
253 33.9052 86.9551
490 33.9311 86.2709
146 33.9572 85.582
919 33.9847 84.855
689 34.0119 84.1338
172 34.0362 83.4935
350 34.061 82.84
76 34.0753 82.4651
724 34.0896 82.0867
537 34.1027 81.7451
649 34.1146 81.4322
840 34.1262 81.1289
252 34.1375 80.8312
230 34.1488 80.5361
21 34.1615 80.2009
878 34.1617 80.1966
672 34.1618 80.1929
73 34.162 80.189
248 34.1622 80.1846
459 32.722 73.5106
163 32.6613 73.2285
523 32.6036 72.9599
872 32.5485 72.7039
171 32.4905 72.4341
910 32.434 72.1711
571 32.3784 71.9121
662 32.3236 71.6571
454 32.2668 71.3929
365 32.2072 71.116
730 32.151 70.8545
296 32.0934 70.5862
226 31.9174 69.7686
976 31.7055 68.7848
732 31.0884 65.9231
903 30.91 65.7325
59 30.7383 65.549
965 30.6045 65.4061
596 30.4723 65.2649
493 30.3338 65.1169
788 30.1978 64.9716
720 30.0652 64.8299
390 29.9357 64.6917
957 29.8057 64.5528
839 29.6789 64.4173
308 29.5534 64.2832
451 29.4204 64.1412
688 29.3007 64.0133
599 29.266 64.0551
382 29.2325 64.0955
901 29.1989 64.1359
601 29.1651 64.1767
422 29.1327 64.2157
132 28.967 64.4153
329 28.8162 64.5969
501 28.674 64.7683
359 28.5342 64.9367
349 28.3937 65.1059
574 28.2544 65.2737
327 28.1189 65.4369
104 27.9875 65.5952
756 27.8433 65.7689
729 27.6888 65.9549
30 27.5329 66.1428
137 27.1774 66.5713
846 26.787 67.042
981 26.3982 67.5107
411 25.9462 68.0555
733 25.5181 68.5716
927 25.0506 69.1354
114 24.5865 69.6948
429 24.4968 69.9761
275 24.4152 70.2319
701 24.3339 70.4866
772 24.2555 70.7326
550 24.0984 71.2247
552 23.9662 71.6392
591 23.8298 72.0665
551 23.6836 72.5245
113 23.5904 72.8169
726 23.4993 73.1023
326 23.4112 73.3786
658 23.3267 73.6434
680 23.2441 73.9027
635 23.157 74.1755
398 23.0697 74.4495
924 22.9762 74.7426
220 22.8766 75.0548
16 22.776 75.3701
360 22.6784 75.6759
266 22.5943 75.9396
184 22.5079 76.2106
526 22.4249 76.4707
954 22.3379 76.7437
825 22.2509 77.0163
789 22.1661 77.2822
99 22.0779 77.5586
503 21.9855 77.8482
557 21.0836 80.6695
88 21.0836 80.6695
608 21.0836 80.6695
886 21.0836 80.6695
244 21.0836 80.6695
346 21.0836 80.6695
361 23.2444 81.0765
270 24.6297 81.3379
697 24.422 81.5771
141 24.21 81.8213
424 23.999 82.0644
183 23.7935 82.3011
223 23.597 82.5273
168 23.3936 82.7616
888 23.1899 82.9962
36 22.9749 83.2439
495 22.8574 83.3792
58 22.742 83.5119
600 22.6259 83.6456
41 22.4842 83.8086
124 22.3395 83.9752
604 22.1599 84.1821
487 21.8827 84.5015
443 21.5913 84.8372
60 21.2762 85.2004
955 20.8352 85.7088
916 20.8247 85.9192
368 20.8141 86.1333
885 20.8035 86.348
288 20.793 86.5596
333 20.7824 86.7731
578 20.7715 86.9933
456 20.7603 87.2175
249 20.7496 87.4332
593 20.7393 87.6406
441 20.7297 87.834
768 20.7209 88.0138
44 20.7159 88.1158
399 20.7109 88.2179
757 20.7058 88.3215
833 20.7009 88.4219
651 20.6959 88.5234
638 20.6909 88.6262
696 20.6759 88.9275
933 20.6608 89.231
167 20.6454 89.5406
859 20.6293 89.8621
430 20.6135 90.1776
20 20.5981 90.4863
469 20.5044 90.4824
431 20.4147 90.4787
610 20.3245 90.4749
28 20.2334 90.4712
611 20.1395 90.4673
521 19.8596 90.4559
138 19.5754 90.4443
13 19.3039 90.4332
714 19.0338 90.4222
306 18.7575 90.4109
462 18.4451 90.3982
761 18.1185 90.3849
95 17.7913 90.3716
304 17.473 90.3586
115 17.1717 90.3464
750 16.8764 90.3343
815 16.6102 90.3235
693 16.3637 90.3134
892 16.1328 90.3039
108 15.9295 90.2956
316 15.7417 90.2878
199 15.5578 90.2803
973 15.3759 90.2728
17 15.1961 90.2653
50 15.0178 90.258
711 14.8425 90.2508
93 14.6675 90.2436
712 14.4921 90.2363
491 14.3163 90.2291
15 13.9095 90.2126
953 13.4803 90.1952
871 13.1225 90.1806
447 12.7532 90.1656
236 12.3853 90.1506
380 12.026 90.136
827 11.6932 90.1224
153 11.3776 90.1095
1 11.0708 90.097
200 10.7701 90.0847
988 10.478 90.0727
106 10.478 90.0727
213 10.478 90.0727
803 10.478 90.0727
776 10.478 90.0727
435 10.478 90.0727
753 10.478 90.0727
227 10.478 90.0727
169 10.4705 89.8116
695 10.463 89.5493
48 10.4555 89.2899
585 10.4477 89.0161
637 10.4402 88.7531
568 10.4325 88.4856
678 10.4251 88.2253
401 10.4177 87.9674
868 10.41 87.6999
547 10.4019 87.4201
39 10.3935 87.1274
405 10.3848 86.8256
263 10.3761 86.5288
969 10.3672 86.2234
991 10.3588 85.9405
546 10.3507 85.6578
374 10.3427 85.3786
442 10.3344 85.0901
300 10.3268 84.8223
914 10.3188 84.5454
301 10.3109 84.2705
628 10.3031 83.9983
905 10.2952 83.7239
792 10.2872 83.4464
444 10.2791 83.1657
560 10.271 82.8851
718 10.2629 82.6025
426 10.2548 82.3237
364 10.2465 82.0344
719 10.2383 81.7509
570 10.2301 81.4653
554 10.2217 81.1739
247 10.2128 80.8663
433 10.2047 80.5874
203 10.1961 80.2917
31 10.1875 79.9944
325 10.179 79.7018
879 10.1709 79.4228
386 10.1651 79.2182
615 10.1521 78.7806
830 10.1397 78.3683
277 10.1289 78.0087
667 10.1155 77.5521
381 10.1032 77.1307
207 10.1032 77.1307
607 10.1032 77.1307
240 10.1032 77.1307
224 10.1032 77.1307
728 10.1032 77.1307
639 10.1032 77.1307
14 10.1032 77.1307
321 10.1032 77.1307
944 10.1032 77.1307
890 10.1032 77.1307
736 10.1032 77.1307
699 10.1032 77.1307
759 10.1032 77.1307
90 10.1032 77.1307
982 10.1032 77.1307
446 10.1032 77.1307
436 10.2169 76.5112
717 10.3537 75.7661
799 10.4343 75.3265
371 10.4775 75.0909
694 10.5011 74.9625
338 10.5244 74.8354
339 10.5462 74.7161
479 10.569 74.5921
796 10.5913 74.4704
500 10.6141 74.3459
400 10.6365 74.224
457 10.6583 74.1049
81 10.6817 73.9775
119 10.7027 73.8629
657 10.7226 73.7543
780 10.7426 73.645
75 10.764 73.5284
665 10.8336 73.1491
178 10.898 72.7977
948 11.187 71.224
255 11.4731 69.6659
347 11.722 68.3104
162 11.7523 68.2839
502 11.7819 68.258
131 11.8112 68.2324
3 11.8409 68.2064
517 11.8709 68.1802
219 11.9008 68.154
234 11.9306 68.1279
192 11.961 68.1014
427 11.9915 68.0747
747 12.0216 68.0484
784 12.0523 68.0215
97 12.0836 67.9941
482 12.1145 67.9671
556 12.1459 67.9397
734 12.1769 67.9126
966 12.2085 67.8849
686 12.272 67.8293
970 12.3359 67.7733
298 12.4019 67.7155
77 12.7883 67.3763
860 13.2252 66.9926
524 13.6145 66.6504
587 14.0587 66.2601
630 14.0587 66.2601
677 14.0587 66.2601
946 14.0587 66.2601
950 13.8007 65.8609
971 13.455 65.3262
739 12.9003 64.4668
703 12.3395 63.5981
708 11.7838 62.7371
272 11.7838 62.7371
130 11.7838 62.7371
445 11.7838 62.7371
939 11.5943 61.0855
157 10.9639 55.5741
166 10.9534 55.4833
849 10.9432 55.3942
116 10.9333 55.3085
122 10.9962 55.2675
218 11.0678 55.2209
303 11.1396 55.1742
527 11.2096 55.1286
531 11.282 55.0815
376 11.3618 55.0295
489 11.4452 54.9753
925 11.5287 54.9209
496 11.6208 54.861
589 11.695 54.8127
805 11.7717 54.7627
341 11.8484 54.7128
760 11.9244 54.6634
897 12.0073 54.6094
154 12.0675 54.5702
652 12.1288 54.5303
34 12.1919 54.4893
373 12.1731 53.9626
749 12.1564 53.4959
841 12.1419 53.0881
47 12.1287 52.717
565 12.1157 52.3521
909 12.1014 51.9519
100 12.0883 51.5833
764 12.0752 51.2156
505 12.0567 50.6989
758 12.0384 50.1863
182 12.0207 49.6881
858 12.0027 49.1837
128 11.984 48.6586
214 11.9685 48.226
863 11.9434 47.522
936 11.924 46.9788
542 11.9028 46.3833
534 11.8792 45.7234
463 11.8541 45.0205
57 11.8269 44.2598
148 11.7905 43.2398
87 11.7538 42.214
328 11.7274 41.4745
312 11.7163 41.1633
958 11.7047 40.8382
46 11.6936 40.5247
330 11.6825 40.2146
616 11.6714 39.9029
65 11.6599 39.5798
731 11.6497 39.2926
123 11.6389 38.9913
423 11.6276 38.6725
78 11.6158 38.3416
228 11.6029 37.979
86 11.5887 37.5813
499 11.5887 37.5813
10 11.7757 34.7403
602 12.0114 31.1579
990 12.0161 31.0879
943 12.0216 31.0048
710 12.0266 30.9278
74 12.0316 30.8526
836 12.0365 30.7782
641 12.0413 30.7058
133 12.0456 30.6404
514 12.0501 30.5736
572 12.0546 30.5043
985 12.059 30.438
212 12.0634 30.3714
283 12.0774 30.1593
384 12.0928 29.927
794 12.1374 29.2498
898 12.179 28.6204
682 12.4752 24.1207
331 12.5361 23.1971
348 12.5984 22.2532
646 12.6479 21.5031
4 12.6631 21.2723
412 12.6881 20.895
61 12.7115 20.5408
455 12.727 20.3051
661 12.7438 20.052
299 12.7614 19.7853
187 12.7816 19.48
963 12.8524 19.0771
673 12.936 18.6011
258 13.0288 18.0727
362 13.3052 16.4983
722 13.6169 14.7226
211 13.6237 14.6838
366 13.6305 14.6449
8 13.6376 14.605
488 13.6442 14.5674
588 13.6503 14.5323
402 13.6565 14.4971
254 13.663 14.4604
741 13.6696 14.4227
674 13.6767 14.3824
629 13.6839 14.3417
881 13.6905 14.3042
812 13.6969 14.2673
899 20.5362 14.0012
626 28.0612 13.7084
310 31.6077 13.5704
518 33.1729 13.5095
653 33.0053 14.3058
643 32.7816 14.8303
111 32.6089 15.2355
246 32.4506 15.6069
363 32.3109 15.9344
407 32.1609 16.2864
284 31.9787 16.7138
337 31.8336 17.0542
64 31.6858 17.4008
704 31.5499 17.7196
573 31.4059 18.0573
287 31.2517 18.419
883 30.9706 19.0785
351 30.6945 19.7262
474 30.1152 21.0851
669 30.0732 21.1836
439 29.7036 22.0505
221 29.3491 22.8822
915 29.0726 23.5308
702 28.8284 24.1035
902 28.5638 24.7243
787 28.299 25.3453
709 28.0464 25.9378
824 27.7768 26.5702
354 27.5058 27.206
307 27.2481 27.8106
160 26.9647 28.4752
834 26.609 29.3096
486 25.9893 30.7632
268 25.4364 32.0604
748 24.6812 34.5928
475 24.4997 35.2014
549 24.3909 35.5663
612 24.2758 35.9522
869 24.1604 36.339
121 24.0366 36.754
829 23.9012 37.2082
278 23.7571 37.6911
664 23.5311 38.449
529 23.3113 39.186
476 22.9569 40.3743
679 22.6861 41.2822
438 22.2736 42.6654
352 21.8733 44.0075
770 21.8506 44.0836
723 21.8598 44.4471
222 21.8689 44.8116
908 21.9078 44.8922
403 21.9465 44.9726
37 21.9852 45.053
125 22.024 45.1334
525 22.0633 45.2151
797 22.1029 45.2972
663 22.1427 45.3799
633 22.1824 45.4623
771 22.2227 45.546
700 22.2637 45.631
32 22.308 45.723
205 22.3533 45.8171
414 22.401 45.916
508 22.4477 46.0131
388 22.4938 46.1089
535 22.5394 46.2035
783 22.5851 46.2985
147 22.6099 46.35
397 22.6099 46.35
706 22.6099 46.35
698 22.3987 48.3367
891 22.2228 49.9919
174 22.1947 50.2576
640 22.1664 50.5247
79 22.1464 50.7145
956 22.1282 50.8863
603 22.1104 51.0549
324 22.0927 51.2224
142 22.0753 51.3876
949 22.0578 51.5532
655 22.0394 51.7273
196 22.0173 51.9366
507 22.2912 51.931
735 22.5488 51.9258
972 22.7969 51.9208
391 23.1176 51.9142
279 23.4363 51.9077
691 23.7855 51.9006
336 24.1763 51.8927
705 24.6935 51.8821
510 25.2234 51.8712
233 25.7309 51.8608
938 26.2874 51.8495
913 26.9311 51.8362
302 27.5424 51.8237
269 28.1189 51.8119
619 28.6544 51.8009
645 29.1537 51.7907
413 30.3823 51.107
778 31.5259 50.4707
862 32.5785 49.8849
922 33.0144 49.6422
461 33.4402 49.405
512 33.8246 49.191
267 34.123 49.0248
370 34.5949 48.762
127 35.0547 48.506
210 35.4981 48.259
276 35.9151 48.0268
543 35.9151 48.0268
545 35.9151 48.0268
180 35.9151 48.0268
480 35.9151 48.0268
912 35.9151 48.0268
472 36.2779 47.3229
566 36.4959 46.8999
522 36.6971 46.5094
7 36.9049 46.1061
811 37.0899 45.747
11 37.2509 45.4346
89 37.4289 45.0891
194 37.7887 44.391
687 38.1498 43.6904
989 38.5176 42.9767
155 38.8909 42.2523
692 39.2701 41.5167
844 39.6274 40.8235
452 39.8691 40.3544
356 40.1201 39.8674
250 40.3865 39.3504
917 40.4769 39.1749
151 40.5688 38.9965
38 40.674 38.7922
935 41.2865 37.6042
257 41.8297 36.5504
853 42.3506 35.54
261 42.8932 34.4872
790 43.1705 33.9492
191 43.4932 33.3231
421 43.8425 32.6453
822 44.2089 31.9345
19 44.5069 31.6837
209 44.7925 31.4433
379 45.0788 31.2024
586 45.3785 30.9502
785 45.6797 30.6967
164 45.9726 30.4501
467 46.2614 30.2071
26 46.5461 29.9674
934 49.0969 28.0552
419 52.7385 25.3257
295 56.6646 22.383
504 58.6077 20.9261
777 59.7908 20.0389
819 60.8338 19.2567
581 61.9226 18.4403
598 62.9897 17.64
176 64.0371 16.8546
721 64.9447 16.1739
103 65.4194 15.8178
24 71.6911 17.6173
