0,243,979,260,483,98,627,345,590,33,520,232,609,274,835,497,107,884,242,170,951,528,977,684,332,385,152,201,383,942,420,110,136,506,198,195,867,102,387,478,932,838,920,967,650,143,85,117,293,767,334,656,35,852,340,238,440,907,625,647,286,810,595,190,762,393,67,538,904,962,51,460,579,801,378,931,654,515,648,975,900,290,465,417,837,372,450,685,25,204,818,660,311,889,740,473,322,928,813,135,318,725,893,742,494,864,775,158,666,620,353,251,544,820,983,580,185,477,567,464,823,145,159,481,937,42,854,273,177,285,845,622,317,851,896,618,887,817,737,984,149,52,911,202,992,344,816,536,826,562,406,880,140,861,294,769,280,395,415,575,245,12,320,248,530,895,582,229,940,94,782,671,40,636,847,727,800,509,83,112,297,744,71,832,802,986,179,18,350,369,335,921,126,632,9,259,109,987,410,225,614,270,795,343,92,256,230,394,689,231,513,642,840,763,416,73,150,2,22,96,738,974,206,239,874,129,713,448,53,434,980,532,375,866,5,774,624,105,541,408,746,961,952,165,559,118,156,690,561,947,539,516,754,62,882,584,511,367,23,313,856,611,877,707,389,72,271,172,309,181,960,139,752,430,808,859,651,409,638,292,265,613,167,696,786,569,521,766,470,462,20,28,16,193,449,82,659,437,755,223,672,806,773,548,662,392,649,814,872,454,305,807,146,523,540,319,564,215,241,976,144,404,134,894,563,56,571,929,533,171,308,226,291,91,484,370,645,54,724,137,104,839,459,461,804,596,80,910,765,732,715,175,791,798,180,127,512,472,809,342,471,577,101,519,793,923,964,262,843,30,945,668,743,683,597,208,315,282,216,779,235,676,621,857,161,605,84,468,163,432,855,264,186,968,617,498,453,188,558,576,173,583,68,485,941,396,926,850,492,357,63,553,466,29,425,745,592,959,930,355,828,606,644,217,45,43,70,314,670,675,623,358,842,323,978,594,27,875,458,870,377,634,935,716,452,619,603,906,69,276,692,356,197,848,237,891,566,281,7,155,160,257,586,917,522,989,687,379,191,529,748,783,706,862,480,664,508,853,194,38,679,89,49,778,388,688,210,876,147,922,957,723,413,913,267,735,324,382,269,493,525,279,858,545,182,565,543,336,720,524,764,130,630,981,79,897,756,510,705,233,901,772,965,552,903,691,729,451,482,507,601,640,411,275,924,846,59,599,192,788,329,400,956,422,912,34,390,327,365,587,591,501,359,878,21,733,132,950,551,99,574,971,927,658,604,220,253,333,189,550,60,730,252,537,526,339,600,418,919,635,918,124,249,120,76,424,695,946,885,490,726,115,888,431,757,296,41,428,50,578,954,266,608,761,288,368,141,610,183,631,697,833,825,184,560,714,768,699,973,441,306,593,456,13,227,495,36,44,776,236,58,386,491,753,871,933,557,916,827,892,93,955,969,325,988,982,95,712,17,568,815,446,199,316,585,914,213,15,263,750,435,380,405,736,718,244,247,953,108,240,711,39,200,803,90,554,426,678,31,106,364,300,780,304,447,868,138,944,890,153,203,401,360,442,637,628,693,301,1,546,88,399,48,860,346,469,665,321,759,830,686,615,224,728,570,75,547,799,607,436,879,169,502,374,457,719,97,433,444,905,639,178,657,361,338,207,948,427,991,694,792,349,443,487,326,479,789,500,886,398,701,168,966,219,739,81,796,939,667,298,445,277,556,114,747,77,429,680,196,162,376,272,784,381,14,113,503,805,677,703,760,100,373,303,131,517,734,371,3,119,347,255,717,972,925,218,174,970,505,234,527,589,122,312,352,57,341,758,542,698,534,499,531,708,909,863,731,958,770,78,212,384,771,496,330,228,123,423,841,990,652,46,116,154,166,849,157,47,214,128,489,463,222,749,328,475,142,938,37,397,936,148,949,663,476,908,633,414,811,549,11,32,391,403,797,535,87,943,121,612,829,655,65,302,700,125,438,869,205,10,221,151,278,616,354,985,86,258,794,455,963,572,283,674,898,902,661,899,836,366,710,299,133,362,331,268,514,187,74,646,4,348,588,722,812,61,682,254,629,881,412,741,474,641,402,673,643,8,211,488,702,824,307,709,883,602,915,486,834,111,246,573,310,26,934,467,363,439,284,669,407,626,704,351,287,822,261,653,787,64,337,518,164,55,209,790,19,555,250,289,844,66,751,421,865,831,419,781,777,598,24,819,504,295,873,821,6,681,785,721,176,103,581,
value : 536.061 running time : 32.304339
0 80 20
243 85.1873 18.007
979 85.7529 17.7897
260 86.2684 17.5916
483 86.2684 17.5916
98 85.4383 22.9339
627 85.4025 23.1643
345 85.1783 24.6072
590 84.2885 30.3337
33 83.7499 33.8002
520 83.1249 37.8224
232 82.2464 43.4755
609 82.4412 44.833
274 82.6658 46.3991
835 82.9775 48.5721
497 83.9735 55.5173
107 83.6094 56.1755
884 83.2237 56.8729
242 82.8097 57.6212
170 82.4162 58.3327
951 81.9248 59.221
528 80.6307 61.5607
977 80.3116 61.3712
684 80.0101 61.1923
332 79.7113 61.0149
385 79.362 60.8075
152 78.9897 60.5865
201 78.6434 60.3809
383 78.2972 60.1754
942 77.8892 59.9331
420 77.623 59.7751
110 77.3719 59.626
136 77.1248 59.4793
506 76.7706 59.269
198 76.1572 58.9048
195 75.4759 58.5004
867 74.1452 58.7019
102 73.8932 58.7401
387 73.672 58.7736
478 73.3915 58.816
932 73.2017 58.8448
838 72.9843 58.8777
920 72.4809 58.954
967 71.7006 59.0721
650 70.6523 59.2309
143 69.7437 59.3685
85 66.6853 60.5546
117 66.6926 60.6099
293 66.7005 60.6698
767 66.7083 60.729
334 66.7164 60.7898
656 66.7233 60.8424
35 66.7302 60.8948
852 66.7378 60.9523
340 66.7447 61.0041
238 66.7512 61.0536
440 66.7578 61.1037
907 66.7643 61.1526
625 66.7709 61.2026
647 66.7777 61.2541
286 66.7842 61.3031
810 66.8695 61.9494
595 66.9635 62.6618
190 67.0504 63.3207
762 67.1606 64.1556
393 67.2647 64.9444
67 67.3639 65.6967
538 67.4609 66.4311
904 67.6063 67.5331
962 67.7328 68.4918
51 67.858 69.4407
460 67.9693 70.2837
579 68.0708 71.0529
801 68.1768 71.8561
378 68.2212 72.1931
931 68.2598 72.4855
654 68.2598 72.4855
515 68.2598 72.4855
648 73.3139 75.5642
975 73.9312 75.9403
900 74.6081 76.3526
290 75.3439 76.8008
465 76.3271 77.3997
417 77.5762 78.1606
837 78.8014 78.907
372 85.9989 83.2914
450 85.9989 83.2914
685 85.8672 83.4224
25 85.7387 83.5502
204 85.6093 83.6788
818 85.4637 83.8236
660 85.4483 83.839
311 85.0709 84.2143
889 84.281 84.9997
740 83.486 85.7904
473 82.6636 86.6081
322 81.801 87.466
928 80.9236 88.3384
813 79.8845 88.5063
135 79.0462 88.6418
318 78.4051 88.7454
725 78.1328 88.7894
893 77.8156 88.8407
742 77.4881 88.8936
494 77.1619 88.9463
864 76.8387 88.9986
775 76.5075 89.0521
158 76.1976 89.1022
666 75.8985 89.1505
620 75.5887 89.2006
353 75.5887 89.2006
251 75.5887 89.2006
544 75.5887 89.2006
820 75.5887 89.2006
983 75.5887 89.2006
580 73.5201 89.2058
185 70.822 89.2126
477 70.4032 89.2136
567 69.9936 89.2147
464 69.6164 89.2156
823 69.2643 89.2165
145 68.9043 89.2174
159 68.5578 89.2183
481 68.1421 89.2194
937 67.73 89.2204
42 67.2976 89.2215
854 66.9027 89.2225
273 66.4566 89.2236
177 66.0155 89.2247
285 65.6152 89.2258
845 65.1763 89.2269
622 64.7128 89.228
317 64.2019 89.2293
851 63.6981 89.2306
896 63.3174 89.2316
618 63.0759 89.2322
887 62.8578 89.2327
817 62.6503 89.2333
737 62.4122 89.2339
984 62.193 89.2344
149 61.9788 89.235
52 61.55 89.2361
911 61.0854 89.2372
202 60.6777 89.2383
992 60.2707 89.2393
344 59.8268 89.2404
816 58.5259 87.3831
536 57.279 85.6028
826 56.2619 84.1506
562 55.6536 83.2821
406 55.4994 83.062
880 55.3439 82.84
140 55.1867 82.6155
861 55.0267 82.3871
294 54.8609 82.1505
769 55.0379 82.0452
280 55.1939 81.9523
395 55.3722 81.8462
415 55.5059 81.7666
575 55.6542 81.6784
245 55.7894 81.5979
12 55.9361 81.5106
320 56.069 81.4314
248 56.2219 81.3405
530 56.3923 81.239
895 56.5811 81.1267
582 56.776 81.0106
229 56.9529 80.9053
940 57.1219 80.8048
94 57.3074 80.6943
782 57.492 80.5845
671 57.6824 80.4712
40 57.8466 80.3734
636 58.0385 80.2592
847 58.2876 80.111
727 58.4923 79.9891
800 58.6279 79.9084
509 58.782 79.8167
83 58.9301 79.7285
112 58.8738 79.7121
297 58.8309 79.6997
744 58.7832 79.6858
71 58.7269 79.6694
832 57.4948 79.3107
802 56.2525 78.949
986 55.3095 78.6745
179 54.6088 78.4705
18 53.918 78.2694
350 52.672 77.9066
369 52.3266 77.8061
335 51.9109 77.685
921 51.4494 77.5507
126 51.0231 77.4266
632 50.6122 77.307
9 50.2217 77.1933
259 49.7989 77.0702
109 49.2602 76.9133
987 48.7208 76.7563
410 46.8165 76.2019
225 45.7816 77.6162
614 44.3877 79.5212
270 43.2131 81.1265
795 42.1225 82.6172
343 42.1225 82.6172
92 42.1225 82.6172
256 42.1225 82.6172
230 42.1225 82.6172
394 42.1225 82.6172
689 42.1225 82.6172
231 41.9023 83.2923
513 41.7563 83.7398
642 41.541 84.4
840 41.2966 85.1495
763 41.0464 85.9168
416 40.8241 86.5983
73 40.5913 87.3121
150 40.7917 87.4851
2 41.0213 87.6832
22 41.2675 87.8957
96 41.5027 88.0986
738 42.1359 88.645
974 42.7181 89.1475
206 42.976 89.37
239 43.2365 89.5949
874 43.4804 89.8053
129 43.6914 89.9874
713 43.9365 90.199
448 44.1546 90.3872
53 44.4031 90.6016
434 44.672 90.8337
980 44.7624 90.9117
532 44.846 90.9839
375 44.9256 91.0526
866 45.008 91.1237
5 45.0931 91.1971
774 45.1767 91.2693
624 45.2601 91.3413
105 45.3365 91.4072
541 45.4134 91.4736
408 45.4881 91.538
746 45.5688 91.6077
961 45.6489 91.6768
952 45.7229 91.7406
165 45.7954 91.8032
559 45.8716 91.869
118 45.9489 91.9357
156 46.0214 91.9983
690 46.094 92.0609
561 46.1614 92.1191
947 46.2495 92.1952
539 46.3295 92.2642
516 46.4221 92.3441
754 46.5117 92.4214
62 46.5971 92.4951
882 46.6823 92.5687
584 46.7618 92.6372
511 46.7477 92.6361
367 46.7341 92.6351
23 46.7193 92.6339
313 46.7022 92.6326
856 46.6833 92.6312
611 36.3423 91.8338
877 36.1404 91.8183
707 35.9402 91.8028
389 35.7526 91.7884
72 35.5367 91.7717
271 35.3287 91.7557
172 35.1365 91.7409
309 34.9385 91.7256
181 34.7299 91.7096
960 34.4984 91.6917
139 34.2954 91.6761
752 34.0795 91.6594
430 33.8466 91.6415
808 33.6749 91.6282
859 33.4926 91.6142
651 33.3122 91.6003
409 33.1635 91.5888
638 33.0329 91.5788
292 32.8984 91.5684
265 32.755 91.5574
613 32.595 91.545
167 32.432 91.5325
696 32.2817 91.5209
786 32.1435 91.5102
569 32.0161 91.5004
521 31.853 91.4878
766 31.7515 91.48
470 29.8161 91.3309
462 27.5938 91.1597
20 28.4884 90.4621
28 29.7625 89.4686
16 32.5171 87.3207
193 34.2996 85.9308
449 34.5074 85.7688
82 34.7395 85.5879
659 34.9175 85.449
437 35.072 85.3285
755 35.2401 85.1975
223 35.3282 85.1288
672 35.4229 85.0549
806 35.5242 84.976
773 35.6217 84.9
548 35.7274 84.8175
662 35.8355 84.7332
392 35.9329 84.6573
649 36.0466 84.5687
814 36.1542 84.4848
872 36.252 84.4085
454 36.3543 84.3287
305 36.4655 84.242
807 36.839 83.13
146 37.1619 82.1687
523 38.1155 79.3291
540 38.3214 78.7162
319 38.5101 78.1542
564 38.7232 77.5198
215 38.933 76.8952
241 39.1572 76.2278
976 39.471 75.2934
144 39.7709 74.4006
404 40.0593 73.5419
134 40.3425 72.6988
894 40.6073 71.9106
563 40.8639 71.1465
56 41.1633 70.2552
571 41.4458 69.4141
929 42.6386 65.8626
533 42.6386 65.8626
171 42.6386 65.8626
308 42.6386 65.8626
226 42.6386 65.8626
291 42.7387 65.6664
91 42.8277 65.4919
484 42.9258 65.2998
370 43.0279 65.0995
645 43.1106 64.9374
54 43.2039 64.7546
724 43.2879 64.59
137 43.3956 64.3789
104 43.5446 64.087
839 43.692 63.798
459 43.8339 63.5199
461 43.9964 63.2013
804 44.1132 62.9725
596 44.2299 62.7437
80 44.3496 62.5092
910 44.4979 62.2184
765 44.6705 61.8801
732 44.8381 61.5517
715 44.9927 61.2486
175 45.1672 60.9065
791 45.3701 60.509
798 45.5714 60.1144
180 45.7791 59.7074
127 45.8132 59.6405
512 45.8486 59.5712
472 45.9346 59.6486
809 46.0634 59.7646
342 46.1883 59.8771
471 46.3335 60.0079
577 46.4777 60.1378
101 46.6143 60.2608
519 46.7532 60.3859
793 46.8921 60.511
923 47.0243 60.6301
964 47.1693 60.7606
262 47.2805 60.8608
843 47.401 60.9693
30 47.5678 61.1196
945 47.7998 61.3285
668 49.8068 63.136
743 50.0795 63.3816
683 50.3552 63.6299
597 50.624 63.872
208 50.9902 64.2018
315 51.287 64.4691
282 51.287 64.4691
216 51.287 64.4691
779 51.287 64.4691
235 51.287 64.4691
676 51.287 64.4691
621 51.287 64.4691
857 51.287 64.4691
161 51.287 64.4691
605 51.287 64.4691
84 51.287 64.4691
468 51.287 64.4691
163 51.287 64.4691
432 51.4227 64.34
855 51.555 64.214
264 51.6928 64.0827
186 51.8405 63.942
968 51.9566 63.8314
617 52.0804 63.7136
498 52.2113 63.5889
453 52.3409 63.4655
188 52.496 63.3178
558 52.6098 63.2094
576 52.7462 63.0795
173 54.4804 61.4279
583 60.9871 52.593
68 61.0018 52.573
485 61.1257 52.4048
941 61.2501 52.2359
396 61.3899 51.8408
926 61.5377 51.4229
850 61.6709 51.0463
492 61.7987 50.6851
357 61.9946 50.1314
63 62.1666 49.6451
553 63.347 48.1452
466 64.3055 46.9273
29 64.8108 46.2852
425 65.1589 45.843
745 65.1589 45.843
592 65.1589 45.843
959 62.3162 36.2765
930 62.0871 36.8028
355 61.8879 37.2609
828 61.6896 37.7166
606 61.4746 38.2107
644 61.2722 38.676
217 61.0934 39.0867
45 60.9271 39.4691
43 60.7443 39.8891
70 60.5639 40.3038
314 60.5639 40.3038
670 60.5639 40.3038
675 60.1196 40.4293
623 59.6642 40.5579
358 59.3212 40.6548
842 58.9724 40.7534
323 58.5875 40.8621
978 57.599 41.1413
594 56.6993 41.3955
27 55.8162 41.6449
875 54.8249 41.925
458 53.9293 42.178
870 52.9748 42.4476
377 52.0934 42.6966
634 50.9301 43.0252
935 48.7457 43.6422
716 46.89 44.1664
452 44.4823 44.8466
619 42.0615 45.5304
603 41.0149 45.826
906 41.0149 45.826
69 41.0149 45.826
276 41.0149 45.826
692 41.0149 45.826
356 41.0149 45.826
197 41.0149 45.826
848 41.0149 45.826
237 41.0149 45.826
891 41.0149 45.826
566 41.0149 45.826
281 41.0149 45.826
7 39.7375 44.0944
155 38.816 42.8451
160 37.5998 41.1966
257 37.4316 40.9686
586 37.2666 40.7449
917 37.1321 40.5625
522 36.9928 40.3737
989 36.8128 40.1297
687 36.6135 39.8596
379 36.4261 39.6055
191 36.1756 39.9691
529 35.898 40.3721
748 35.6043 40.7985
783 35.3572 41.1573
706 35.1158 41.5078
862 34.875 41.8573
480 34.6178 42.2308
664 34.331 42.6471
508 34.0669 43.0305
853 33.8371 43.3642
194 33.536 43.8013
38 33.222 44.2572
679 32.9216 44.6933
89 32.5747 45.1969
49 32.3064 45.5865
778 32.0313 45.9859
388 31.7666 46.3701
688 31.4759 46.7922
210 31.2261 47.1549
876 30.7601 47.8314
147 30.2591 48.5588
922 29.7551 49.2905
957 29.2564 50.0146
723 29.0254 50.3499
413 28.7666 50.7255
913 28.488 51.1301
267 28.1856 51.5692
735 27.9206 51.9539
324 27.6733 52.3129
382 27.4217 52.6782
269 27.2198 52.9713
493 26.977 53.3238
525 26.784 53.604
279 26.5427 53.9543
858 26.3271 54.2673
545 26.1117 54.5802
182 25.8929 54.8977
565 25.5824 56.5588
543 25.4856 57.0769
336 25.3371 57.871
720 25.1796 58.7133
524 25.0503 59.4053
764 24.9485 59.9499
130 24.845 60.5036
630 24.7528 60.9965
981 24.7219 61.1617
79 24.6914 61.3253
897 24.66 61.4927
756 24.6309 61.6486
510 24.5989 61.8195
705 24.5645 62.0038
233 24.5291 62.1933
901 24.4925 62.3889
772 24.4556 62.5859
965 24.4198 62.7778
552 24.3859 62.959
903 24.3532 63.1337
691 24.3212 63.3052
729 24.2858 63.4942
451 24.249 63.6909
482 24.2102 63.8983
507 24.1789 64.0657
601 24.1437 64.2541
640 24.1116 64.426
411 24.0749 64.6222
275 24.0402 64.808
924 24.0083 64.9782
846 23.9772 65.1447
59 23.9464 65.3096
599 23.9125 65.4906
192 23.8772 65.6793
788 23.8614 65.8291
329 23.8432 66.0015
400 23.8247 66.177
956 24.2075 66.298
422 24.7012 66.4541
912 25.4182 66.6808
34 25.3981 66.911
390 25.3776 67.1464
327 25.3564 67.3899
365 25.3373 67.6094
587 25.2931 68.1175
591 25.2493 68.6206
501 25.2077 69.0982
359 25.1659 69.5784
878 25.1211 70.0933
21 25.0773 70.5969
733 25.0317 71.1209
132 24.9731 71.7946
950 24.906 72.565
551 24.8432 73.2872
99 24.8094 73.6747
574 24.7755 74.0643
971 24.7406 74.4661
927 24.7025 74.9034
658 24.6601 75.3902
604 24.6212 75.8369
220 24.5811 76.2979
253 24.5383 76.7901
333 24.5096 77.1191
189 24.4805 77.4541
550 24.3603 77.7704
60 24.2496 78.0616
730 24.14 78.3501
252 24.0234 78.6569
537 23.8767 79.0428
526 23.7289 79.4318
339 23.5658 79.8607
600 23.4206 80.2429
418 23.2585 80.6695
919 23.1149 81.0472
635 22.9669 81.4367
918 22.7937 81.8924
124 22.6478 82.2764
249 22.4597 82.7714
120 22.3054 83.1772
76 22.2762 83.2541
424 22.2441 83.3387
695 22.2118 83.4236
946 22.1817 83.503
885 22.1479 83.5917
490 22.118 83.6705
726 22.0883 83.7486
115 22.0497 83.8503
888 22.0274 83.909
431 21.9947 83.9949
757 21.963 84.0784
296 21.931 84.1626
41 21.8971 84.2519
428 21.8622 84.3438
50 21.8284 84.4327
578 21.8003 84.5066
954 21.7703 84.5857
266 21.736 84.6758
608 21.515 85.2573
761 21.278 85.8812
288 21.0921 86.3705
368 20.9133 86.8408
141 20.7517 87.2662
610 20.4736 87.9981
183 20.2245 88.6536
631 19.9824 89.2907
697 19.7959 89.2999
833 19.6006 89.3095
825 19.4057 89.3191
184 19.2235 89.328
560 19.0567 89.3362
714 18.9201 89.343
768 18.7607 89.3508
699 18.5729 89.36
973 18.4105 89.368
441 18.2662 89.3751
306 18.1102 89.3828
593 17.8799 89.3941
456 17.6492 89.4054
13 17.4052 89.4174
227 17.1777 89.4286
495 16.9447 89.4401
36 16.7365 89.4503
44 16.5059 89.4617
776 16.2602 89.4737
236 16.0119 89.486
58 15.784 89.4972
386 15.529 89.5097
491 15.3083 89.5206
753 14.9231 89.5395
871 14.5207 89.5593
933 14.0644 89.5817
557 13.5847 89.6053
916 13.1284 89.6278
827 12.6052 89.6535
892 12.2101 89.673
93 11.8366 89.6913
955 11.4032 89.7127
969 10.9677 89.7341
325 10.5985 89.7522
988 10.1907 89.7723
982 10.1914 89.7604
95 10.1921 89.7496
712 10.1927 89.7396
17 10.1932 89.7299
568 10.1938 89.7207
815 10.1944 89.7109
446 10.1949 89.7016
199 10.1955 89.6926
316 10.196 89.6828
585 10.1965 89.6742
914 10.1971 89.6644
213 10.1977 89.6551
15 10.2032 89.562
263 10.2114 89.4234
750 10.2187 89.3006
435 10.2265 89.1694
380 10.2357 89.0145
405 10.2462 88.8383
736 10.2575 88.648
718 10.2677 88.4751
244 10.2779 88.3039
247 10.2855 88.1753
953 10.2933 88.0445
108 10.3018 87.9012
240 10.3101 87.7621
711 10.3177 87.6327
39 10.3266 87.4839
200 10.3357 87.3295
803 10.3455 87.1643
90 10.3555 86.9964
554 10.3646 86.8427
426 10.3699 86.7533
678 10.3753 86.6636
31 10.3813 86.5624
106 10.3863 86.4782
364 10.392 86.382
300 10.3979 86.2826
780 10.4037 86.1846
304 10.4084 86.1052
447 10.4134 86.0212
868 10.4185 85.9362
138 10.4353 85.652
944 10.4547 85.3254
890 10.4709 85.0519
153 10.4857 84.8037
203 10.5022 84.5257
401 10.5165 84.2834
360 10.5315 84.0312
442 10.5449 83.8065
637 10.5607 83.5403
628 10.5772 83.2618
693 10.5928 82.9984
301 10.6099 82.7107
1 10.6277 82.4109
546 10.6478 82.0718
88 10.6669 81.75
399 10.6847 81.4503
48 10.7035 81.1338
860 10.7227 80.81
346 10.7407 80.5067
469 10.7578 80.2188
665 10.7762 79.9074
321 10.7823 79.806
759 10.7885 79.7004
830 10.7956 79.5816
686 10.803 79.4572
615 10.8088 79.3585
224 10.8155 79.2463
728 10.8215 79.1446
570 10.8274 79.0447
75 10.8337 78.9385
547 10.8403 78.8277
799 11.026 75.696
607 11.026 75.696
436 11.026 75.696
879 11.026 75.696
169 11.026 75.696
502 11.026 75.696
374 11.026 75.696
457 11.026 75.696
719 11.026 75.696
97 11.026 75.696
433 11.026 75.696
444 11.026 75.696
905 11.026 75.696
639 11.026 75.696
178 11.026 75.696
657 11.026 75.696
361 11.026 75.696
338 11.026 75.696
207 11.026 75.696
948 11.026 75.696
427 11.026 75.696
991 11.026 75.696
694 11.026 75.696
792 11.026 75.696
349 14.5468 69.5021
443 14.5468 69.5021
487 14.5468 69.5021
326 14.5468 69.5021
479 14.5468 69.5021
789 14.5468 69.5021
500 14.5468 69.5021
886 14.5468 69.5021
398 14.0412 69.0393
701 13.5873 68.6238
168 13.0912 68.1698
966 12.2473 67.3972
219 12.2473 67.3972
739 12.2473 67.3972
81 12.2473 67.3972
796 12.2473 67.3972
939 12.2473 67.3972
667 12.2473 67.3972
298 12.2473 67.3972
445 12.2046 67.1684
277 12.1629 66.9447
556 12.1232 66.7318
114 12.0725 66.4598
747 12.0218 66.1883
77 11.9766 65.9457
429 11.9324 65.7091
680 11.8831 65.4445
196 11.8314 65.1677
162 11.7898 64.9445
376 11.7397 64.676
272 11.6938 64.4297
784 11.6447 64.1664
381 11.6006 63.9301
14 11.5423 63.6177
113 11.4844 63.307
503 11.404 62.8759
805 11.2961 62.2975
677 11.223 61.9057
703 11.1562 61.5473
760 11.0827 61.1537
100 11.0042 60.7325
373 10.9372 60.3733
303 10.9101 60.2285
131 10.8836 60.0862
517 10.8561 59.9388
734 10.8175 59.7318
371 10.778 59.5201
3 10.7346 59.2878
119 10.6905 59.0511
347 10.6411 58.7861
255 10.5948 58.538
717 10.5425 58.2576
972 10.4518 57.7715
925 10.3666 57.3148
218 10.2824 56.8636
174 10.203 56.4378
970 10.1361 56.0793
505 10.033 55.5263
234 9.94482 55.0539
527 9.84817 54.5359
589 9.76133 54.0704
122 9.65288 53.489
312 9.54291 52.8995
352 9.47057 52.5118
57 9.39332 52.0977
341 9.31696 51.6883
758 9.24546 51.3051
542 9.17061 50.9039
698 9.09865 50.5182
534 9.01882 50.0903
499 8.94267 49.6821
531 8.94267 49.6821
708 9.00293 49.4525
909 9.06541 49.2146
863 9.1293 48.9711
731 9.18754 48.7493
958 9.24475 48.5313
770 9.29754 48.3301
78 9.3498 48.131
212 9.35941 48.0944
384 9.36894 48.0581
771 9.37785 48.0241
496 9.38693 47.9895
330 9.39647 47.9532
228 9.40569 47.918
123 9.4147 47.8837
423 9.4239 47.8487
841 9.43236 47.8164
990 9.4411 47.7831
652 9.44978 47.7501
46 9.45891 47.7153
116 9.46681 47.6852
154 9.47544 47.6523
166 9.48358 47.6213
849 9.49242 47.5876
157 9.50184 47.5516
47 9.5107 47.5179
214 9.51979 47.4833
128 9.52911 47.4477
489 9.53808 47.4136
463 9.54725 47.3786
222 9.5564 47.3438
749 9.56567 47.3085
328 9.57541 47.2713
475 12.7348 45.5132
142 13.4528 45.1136
938 14.1187 44.7431
37 14.7772 44.3766
397 15.2746 44.0999
936 15.6116 43.9123
148 16.0708 43.6568
949 16.5033 43.4161
663 16.9369 43.1748
476 17.3649 42.9366
908 17.7933 42.6982
633 18.211 42.4658
414 18.6737 42.2083
811 18.9894 42.0326
549 19.1713 41.9314
11 19.335 41.8403
32 19.4912 41.7533
391 19.6504 41.6648
403 19.8226 41.5689
797 19.9903 41.4756
535 20.1748 41.3729
87 20.3372 41.2826
943 20.5465 41.1661
121 20.5465 41.1661
612 20.5465 41.1661
829 20.5465 41.1661
655 20.5465 41.1661
65 20.5465 41.1661
302 20.5465 41.1661
700 20.4885 40.534
125 20.4333 39.9325
438 20.3803 39.3547
869 20.3164 38.6587
205 20.2628 38.0748
10 20.2104 37.5039
221 20.1535 36.8847
151 20.1146 36.4603
278 20.0662 35.9335
616 18.6612 34.2034
354 16.8485 31.9714
985 14.5973 29.1996
86 12.2729 26.3377
258 12.2729 26.3377
794 12.2729 26.3377
455 12.2729 26.3377
963 12.2729 26.3377
572 12.2729 26.3377
283 12.2729 26.3377
674 12.0416 26.0376
898 11.8904 25.8414
902 11.9019 25.6074
661 11.9121 25.3995
899 11.9221 25.1949
836 11.9317 24.998
366 11.9427 24.7745
710 11.9511 24.6035
299 11.9599 24.4235
133 11.9691 24.2349
362 11.9796 24.0211
331 11.9885 23.8391
268 11.9973 23.6588
514 12.0063 23.4754
187 12.1123 21.3088
74 12.1311 20.9257
646 12.1551 20.435
4 12.1742 20.0456
348 12.2476 18.5441
588 12.3162 17.141
722 12.385 15.7339
812 12.4088 15.2478
61 12.7583 15.3777
682 13.2046 15.5435
254 13.6821 15.7209
629 14.0178 15.8457
881 14.4004 15.9878
412 14.8565 16.1573
741 15.4029 16.3603
474 15.9657 16.5694
641 16.4601 16.7531
402 16.9246 16.9257
673 17.3946 17.1003
643 17.9241 17.297
8 18.3831 17.4676
211 18.8798 17.6521
488 19.4482 17.8633
702 20.9523 18.4222
824 22.3397 18.9377
307 23.339 19.3089
709 24.1995 19.6286
883 24.9591 19.9109
602 25.323 20.0461
915 25.7123 20.1907
486 26.1191 20.3419
834 34.0023 18.4437
111 34.1311 18.4065
246 34.2487 18.3726
573 34.3846 18.3334
310 34.512 18.2967
26 34.6357 18.2611
934 34.757 18.2261
467 34.8763 18.1917
363 34.9799 18.1618
439 35.0803 18.1329
284 35.2027 18.0976
669 35.3412 18.0577
407 35.4851 18.0162
626 35.611 17.9799
704 35.7514 17.9394
351 35.8907 17.8993
287 36.0349 17.8577
822 36.1635 17.8206
261 36.3038 17.7802
653 36.4462 17.7392
787 36.5659 17.7047
64 37.0819 17.5559
337 37.7898 17.3519
518 38.515 17.1429
164 43.6166 23.9835
55 45.4993 26.5081
209 46.2544 27.5206
790 46.9627 28.4703
19 47.2148 28.5076
555 47.4546 28.543
250 47.6755 28.5757
289 47.9025 28.6092
844 48.1428 28.6447
66 48.3714 28.6785
751 49.1808 28.0683
421 49.9343 27.5002
865 50.9701 26.7192
831 52.0962 25.8702
419 53.0151 25.1774
781 53.9274 24.4895
777 54.9364 23.7287
598 55.3725 23.4
24 55.5112 23.2954
819 55.6443 23.195
504 55.7843 23.0895
295 55.8345 23.0517
873 55.8791 23.018
821 55.9286 22.9807
6 55.9789 22.9428
681 56.0275 22.9062
785 56.9422 22.2166
721 64.1638 16.7728
176 64.8131 16.2833
103 65.4342 15.8151
581 69.2156 16.9016
