0,483,243,260,627,979,345,98,590,33,520,835,274,932,387,684,838,136,195,332,385,884,242,107,170,951,383,497,975,528,506,977,204,198,71,744,818,900,51,962,579,417,372,473,648,450,25,660,311,928,983,854,685,322,889,740,813,158,135,775,494,820,580,864,251,318,725,666,481,149,620,42,817,893,159,465,464,477,52,742,285,984,816,273,992,737,823,145,622,353,931,185,845,544,511,961,516,23,584,156,532,746,618,856,434,911,882,367,980,774,896,408,851,690,344,177,317,375,369,564,239,940,449,5,105,541,559,343,118,82,861,636,319,575,895,874,280,179,313,62,202,952,12,947,539,754,245,40,536,437,624,752,206,713,814,165,766,181,305,172,320,763,659,561,530,974,563,296,252,428,92,215,866,96,129,448,230,389,22,613,309,696,265,271,548,786,139,840,41,394,36,877,611,795,53,738,241,631,470,456,960,28,808,146,73,392,707,72,20,44,189,919,120,150,569,442,699,491,521,183,918,753,253,441,761,430,409,885,93,386,17,249,916,886,859,368,833,418,58,593,933,306,115,768,714,651,973,15,50,776,610,871,815,106,712,401,914,678,364,693,462,444,236,988,568,469,304,399,405,39,13,718,750,227,827,803,711,199,200,380,868,435,300,719,447,213,547,48,905,301,325,892,695,153,944,728,860,637,546,1,615,169,560,570,780,75,240,759,31,628,736,426,90,436,108,263,585,969,953,495,316,247,178,138,446,982,244,487,95,792,554,162,298,457,639,203,433,890,224,288,556,680,830,398,557,578,825,955,946,184,950,321,500,479,991,966,739,376,589,196,630,799,234,607,503,97,338,219,119,445,371,879,381,686,703,657,255,131,272,694,551,14,207,665,948,427,374,400,114,482,277,346,3,970,717,517,347,77,734,667,939,796,502,275,192,708,527,303,218,909,936,174,100,849,57,352,691,373,123,222,214,122,423,312,770,157,116,341,531,128,760,747,166,949,784,925,841,534,422,46,771,616,700,731,148,723,125,47,489,505,797,228,652,154,990,384,499,663,476,463,749,328,330,86,794,863,133,362,963,412,283,455,74,898,258,331,87,402,187,212,205,985,514,829,4,958,10,710,588,602,902,299,643,629,646,211,61,722,488,474,641,8,348,741,572,439,812,682,881,221,674,836,673,943,626,366,661,824,64,246,268,121,254,702,822,307,709,407,899,351,354,518,669,653,261,111,310,284,337,573,287,26,704,363,529,191,883,834,379,586,787,915,783,65,862,655,612,549,7,811,413,302,414,37,543,664,679,278,388,706,687,160,535,475,486,619,11,78,32,853,748,480,151,790,257,876,869,38,566,269,147,633,397,438,913,917,267,127,59,101,471,922,89,522,137,929,839,493,180,603,472,49,461,843,276,155,210,765,533,342,778,370,30,809,194,63,945,237,264,281,104,621,508,308,891,989,965,79,901,524,132,981,756,233,403,938,391,972,758,908,545,510,142,34,324,336,858,956,525,599,805,279,897,496,698,542,565,677,329,601,507,846,957,182,733,971,735,451,640,688,705,382,788,729,390,411,888,349,501,903,552,327,927,764,21,443,333,772,720,697,431,130,81,99,326,726,226,596,878,658,645,924,171,361,587,526,912,662,724,134,359,976,683,523,56,365,779,910,54,701,16,141,429,113,954,454,60,292,730,773,124,88,223,806,537,872,167,490,614,649,604,789,339,231,600,220,360,608,256,591,2,424,672,76,550,266,635,168,757,540,80,571,574,689,270,807,638,163,416,769,832,415,642,248,671,509,340,887,567,83,937,460,857,837,800,617,18,173,91,847,987,801,297,582,406,782,802,259,229,880,9,393,395,432,904,378,350,921,144,632,826,855,404,484,562,715,193,755,335,140,225,112,294,126,986,762,291,576,235,175,161,282,513,515,315,453,605,84,676,964,791,558,968,907,625,459,94,440,597,798,894,743,410,804,498,216,923,793,109,810,35,732,867,656,583,152,102,286,767,420,70,468,85,478,538,850,942,941,852,668,208,68,188,650,334,654,727,290,67,293,201,110,143,425,926,647,595,238,466,592,29,644,920,967,232,609,323,190,745,553,314,358,357,606,675,519,623,186,670,875,117,577,262,485,396,842,512,458,43,217,594,930,716,870,751,844,848,492,906,828,55,197,209,785,355,865,289,781,421,250,19,978,69,66,935,831,934,692,452,356,467,634,6,959,164,819,377,419,873,555,681,295,45,27,504,598,821,581,24,777,176,721,103,
value : 494.479 running time : 44.783279
0 80 20
483 86.2684 17.5916
243 86.2684 17.5916
260 86.2684 17.5916
627 86.2092 18.6194
979 86.1554 19.552
345 85.9602 22.938
98 85.6745 27.8939
590 85.4836 31.2044
33 85.3242 33.9694
520 85.1568 36.8744
835 84.9807 39.9291
274 84.8031 43.0085
932 84.5804 46.8718
387 84.4356 49.3834
684 84.3204 51.3828
838 84.2531 52.5499
136 84.1821 53.781
195 84.1038 55.1404
332 83.8708 59.1825
385 83.8708 59.1825
884 83.8708 59.1825
242 83.8708 59.1825
107 83.8708 59.1825
170 83.8708 59.1825
951 83.8708 59.1825
383 83.8708 59.1825
497 83.8708 59.1825
975 82.8354 62.5635
528 82.5856 63.3792
506 82.4198 63.9208
977 82.2214 64.5686
204 81.9816 65.3517
198 81.8549 65.7652
71 79.981 71.8847
744 79.8208 72.4077
818 79.7228 72.7278
900 79.6362 73.0104
51 79.539 73.328
962 80.1585 74.1996
579 81.4011 75.9477
417 83.3258 78.6554
372 85.9983 82.4153
473 85.8847 82.553
648 85.7841 82.675
450 85.6958 82.7821
25 85.4943 83.0263
660 85.3049 83.2559
311 84.516 84.2124
928 81.2419 88.182
983 81.2372 88.1821
854 81.2326 88.1821
685 81.2288 88.1821
322 80.7898 88.1833
889 80.3345 88.1846
740 79.5907 88.1868
813 78.8615 88.1889
158 78.1927 88.1908
135 77.6003 88.1924
775 76.9879 88.1942
494 76.4602 88.1957
820 75.9324 88.1972
580 75.339 88.1989
864 74.8771 88.2002
251 74.4313 88.2015
318 74.0219 88.2026
725 73.6449 88.2037
666 73.1889 88.205
481 72.7325 88.2063
149 72.3311 88.2074
620 71.9373 88.2085
42 71.5711 88.2096
817 71.2402 88.2105
893 70.9555 88.2113
159 70.3988 88.2129
465 69.7851 88.2147
464 69.1983 88.2163
477 68.6505 88.2179
52 68.1508 88.2193
742 67.661 88.2207
285 67.0921 88.2223
984 66.4869 88.2241
816 65.9054 88.2257
273 65.3939 88.2272
992 64.8703 88.2287
737 64.3434 88.2302
823 63.8942 88.2315
145 63.4209 88.2328
622 62.9298 88.2342
353 62.4359 88.2356
931 61.7403 88.2376
185 61.1152 88.2394
845 60.4964 88.2411
544 59.7904 88.2432
511 55.089 88.2565
961 53.0469 88.2625
516 52.9788 88.2627
23 52.9126 88.2629
584 52.8431 88.2631
156 52.7639 88.2633
532 52.6899 88.2635
746 52.6197 88.2637
618 52.5479 88.2639
856 52.4748 88.2641
434 52.3951 88.2643
911 52.3204 88.2646
882 52.2347 88.2648
367 52.1508 88.265
980 52.0644 88.2653
774 51.9768 88.2655
896 51.8916 88.2658
408 51.8054 88.266
851 51.721 88.2663
690 51.6361 88.2665
344 51.5477 88.2668
177 51.4011 88.2672
317 51.2118 88.2677
375 50.9328 88.2685
369 50.74 88.2691
564 50.4975 88.2698
239 50.2423 88.2705
940 50.0049 88.2712
449 49.7396 88.2719
5 49.5189 88.2726
105 49.3551 88.2731
541 49.1895 88.2735
559 49.019 88.274
343 48.8667 88.2745
118 48.7215 88.2749
82 48.5522 88.2754
861 48.3986 88.2758
636 48.2381 88.2763
319 48.0811 88.2768
575 47.9371 88.2772
895 47.6335 88.2781
874 47.3331 88.2789
280 47.2732 88.2791
179 47.2101 88.2793
313 47.1484 88.2795
62 47.087 88.2796
202 47.0286 88.2798
952 46.9653 88.28
12 46.9042 88.2802
947 46.8416 88.2804
539 46.7786 88.2805
754 46.7205 88.2807
245 46.6609 88.2809
40 46.6009 88.2811
536 46.5394 88.2812
437 46.477 88.2814
624 46.422 88.2816
752 41.2574 88.2955
206 41.2569 88.2955
713 41.2563 88.2955
814 41.2557 88.2955
165 41.2551 88.2955
766 41.2544 88.2955
181 41.2538 88.2955
305 41.2532 88.2955
172 41.2526 88.2955
320 41.252 88.2955
763 41.2514 88.2956
659 41.2508 88.2956
561 41.2502 88.2956
530 41.2496 88.2956
974 41.2489 88.2956
563 41.2483 88.2956
296 36.9349 88.307
252 35.4767 88.3109
428 35.3866 88.3173
92 35.2935 88.3238
215 35.1994 88.3304
866 35.104 88.3371
96 34.9866 88.3453
129 34.8792 88.3529
448 34.7692 88.3606
230 34.6553 88.3686
389 34.5493 88.376
22 34.4305 88.3844
613 34.3141 88.3925
309 34.1983 88.4007
696 34.0752 88.4093
265 33.9576 88.4176
271 33.7599 88.4315
548 33.5655 88.4451
786 33.3658 88.4591
139 33.1804 88.4722
840 32.9061 88.4915
41 32.614 88.512
394 32.348 88.5307
36 32.0496 88.5517
877 31.7934 88.5697
611 31.4937 88.5908
795 31.3683 88.5996
53 31.2488 88.608
738 31.0974 88.6186
241 30.9406 88.6297
631 30.7761 88.6412
470 30.6304 88.6515
456 30.4694 88.6628
960 30.4578 88.6636
28 30.4456 88.6645
808 30.4333 88.6653
146 30.4209 88.6662
73 30.4084 88.6671
392 30.3967 88.6679
707 30.3846 88.6688
72 30.3723 88.6696
20 30.3593 88.6705
44 30.3467 88.6714
189 30.3354 88.6722
919 30.3216 88.6732
120 30.3077 88.6742
150 30.2942 88.6751
569 30.2807 88.6761
442 24.7979 89.0627
699 23.7065 89.1397
491 23.5241 89.1525
521 23.337 89.1657
183 23.1468 89.1791
918 22.9691 89.1917
753 22.7541 89.2068
253 22.5684 89.2199
441 22.3597 89.2346
761 22.1666 89.2483
430 21.9696 89.2621
409 21.7628 89.2767
885 21.5455 89.2921
93 21.3079 89.3088
386 21.0883 89.3243
17 20.9024 89.3374
249 20.7147 89.3506
916 20.5122 89.3649
886 20.3245 89.3782
859 20.1379 89.3913
368 19.9343 89.4057
833 19.7334 89.4199
418 19.5358 89.4338
58 19.3239 89.4487
593 19.1179 89.4633
933 18.9107 89.4779
306 18.7114 89.4919
115 18.4542 89.5101
768 18.2233 89.5264
714 17.9363 89.5466
651 17.6096 89.5697
973 17.2557 89.5946
15 16.9261 89.6179
50 16.5971 89.6411
776 16.2613 89.6648
610 15.9445 89.6871
871 15.3306 89.7304
815 14.6732 89.7768
106 14.0639 89.8198
712 13.6848 89.8465
401 13.2225 89.8791
914 12.8465 89.9056
678 12.4814 89.9314
364 12.1457 89.9551
693 11.8149 89.9784
462 11.4964 90.0009
444 11.1524 90.0252
236 10.8266 90.0481
988 10.478 90.0727
568 10.478 90.0727
469 10.478 90.0727
304 10.478 90.0727
399 10.478 90.0727
405 10.478 90.0727
39 10.478 90.0727
13 10.478 90.0727
718 10.478 90.0727
750 10.478 90.0727
227 10.478 90.0727
827 10.478 90.0674
803 10.478 90.0619
711 10.478 90.0567
199 10.478 90.0513
200 10.478 90.0462
380 10.478 90.0409
868 10.4781 90.0355
435 10.4781 90.0302
300 10.4781 90.0241
719 10.4781 90.0186
447 10.4781 90.0134
213 10.4781 90.0083
547 10.478 89.661
48 10.478 89.333
905 10.4779 89.0338
301 10.4779 88.7547
325 10.4779 88.4467
892 10.4778 88.1554
695 10.4778 87.8745
153 10.4777 87.5948
944 10.4777 87.2906
728 10.4776 87.0259
860 10.4776 86.9586
637 10.4776 86.9004
546 10.4776 86.8339
1 10.4776 86.7716
615 10.4776 86.7006
169 10.4776 86.6359
560 10.4776 86.5685
570 10.4776 86.505
780 10.4775 86.4396
75 10.4775 86.3751
240 10.4775 86.3109
759 10.4775 86.2466
31 10.4775 86.1823
628 10.4775 86.1197
736 10.4775 86.0557
426 10.4775 85.9891
90 10.4775 85.9234
436 10.4774 85.8617
108 10.4774 85.8018
263 10.4774 85.7402
585 10.4774 85.6802
969 10.4774 85.473
953 10.4773 85.2623
495 10.4773 85.055
316 10.4772 84.8357
247 10.4772 84.6199
178 10.4771 84.3945
138 10.4771 84.2017
446 10.477 83.9757
982 10.477 83.7516
244 10.4769 83.5236
487 10.4769 83.2972
95 10.4768 83.0855
792 10.4768 82.8644
554 10.4767 82.6398
162 10.4767 82.4199
298 10.4767 82.3065
457 10.4766 82.2056
639 10.4766 82.0989
203 10.4766 82.0035
433 10.4766 81.9003
890 10.4766 81.798
224 10.4765 81.6963
288 11.8928 81.3392
556 11.8842 80.6311
680 11.8759 79.9428
830 11.871 79.5317
398 11.8661 79.1276
557 11.8638 78.9374
578 11.8609 78.6954
825 11.8535 78.0785
955 11.8456 77.4276
946 11.8375 76.7578
184 11.829 76.0598
950 11.8204 75.3459
321 11.8114 74.6051
500 11.8027 73.8884
479 11.7938 73.146
991 11.7844 72.3705
966 11.775 71.5967
739 11.7719 71.3385
376 11.769 71.0955
589 11.7661 70.8554
196 11.7635 70.6396
630 11.7612 70.4448
799 11.7588 70.2484
234 11.7564 70.0477
607 11.7564 70.0476
503 11.7564 70.0476
97 11.7564 70.0476
338 11.7564 70.0475
219 11.7564 70.0475
119 11.7564 70.0474
445 11.7564 70.0474
371 11.7564 70.0474
879 11.7564 70.0473
381 11.7564 70.0473
686 11.7564 70.0473
703 11.7564 70.0472
657 11.7564 70.0472
255 11.7564 70.0471
131 11.7564 70.0471
272 11.7564 70.0471
694 11.7564 70.047
551 11.7564 70.047
14 11.7564 70.0469
207 11.7564 70.0469
665 11.7537 69.7982
948 11.7512 69.5576
427 11.7486 69.3138
374 11.746 69.0725
400 11.7434 68.8258
114 11.7406 68.5605
482 11.7381 68.3187
277 11.7355 68.0813
346 11.7331 67.8493
3 11.7302 67.5772
970 11.7275 67.3201
717 11.7248 67.0671
517 11.7221 66.8146
347 11.7194 66.5534
77 11.7169 66.3228
734 11.7145 66.0921
667 11.7121 65.8646
939 11.7094 65.6117
796 11.7069 65.3788
502 11.6991 64.6385
275 11.6906 63.8407
192 11.6752 62.3944
708 11.6594 60.9098
527 11.65 60.0298
303 11.6424 59.3166
218 11.6354 58.6537
909 11.6286 58.0166
936 11.623 57.4944
174 11.6177 56.9929
100 11.6128 56.5297
849 11.608 56.0763
57 11.6035 55.6513
352 11.5992 55.2486
691 11.5951 54.8653
373 11.5906 54.4426
123 11.5864 54.0389
222 11.5832 53.7393
214 11.5801 53.4517
122 11.577 53.1616
423 11.5733 52.8022
312 11.5718 52.6611
770 11.5704 52.5359
157 11.5692 52.4202
116 11.568 52.3039
341 11.5668 52.1929
531 11.5657 52.0895
128 11.5642 51.9491
760 11.563 51.8364
747 11.5617 51.7204
166 11.5603 51.5856
949 11.5589 51.4545
784 11.5577 51.336
925 11.5524 50.835
841 11.5463 50.2575
534 11.5403 49.6989
422 11.5346 49.1583
46 11.5263 48.3767
771 11.5198 47.7592
616 11.5133 47.1458
700 11.5071 46.5601
731 11.5016 46.0437
148 11.4963 45.5474
723 11.4911 45.0543
125 11.3733 44.5395
47 11.2944 44.1949
489 11.1945 43.758
505 11.0952 43.324
797 10.9887 42.8588
228 10.8696 42.3382
652 10.7601 41.8599
154 10.647 41.3659
990 10.5247 40.8313
384 10.4046 40.3065
499 10.2901 39.8061
663 10.1808 39.3282
476 10.0627 38.8123
463 9.93627 38.2599
749 9.77975 37.5759
328 9.51546 36.421
330 9.24989 35.2605
86 8.93622 33.8898
794 8.67616 32.7534
863 8.4732 31.8665
133 8.15434 30.4731
362 7.83198 29.0645
963 7.81109 28.9732
412 7.79027 28.8822
283 7.77117 28.7988
455 7.74567 28.6874
74 7.7236 28.5909
898 7.70146 28.4941
258 7.67869 28.3947
331 7.657 28.2999
87 7.63626 28.2092
402 7.61091 28.0985
187 7.58627 27.9908
212 9.83568 29.5537
205 12.9518 28.5819
985 12.9518 28.5819
514 12.9518 28.5819
829 12.9518 28.5819
4 12.9518 28.5819
958 12.9518 28.5819
10 12.9555 27.8003
710 12.9626 26.2929
588 12.9695 24.81
602 12.974 23.8521
902 12.9804 22.4932
299 12.9865 21.2049
643 12.9938 19.6523
629 12.9992 18.5083
646 13.0025 17.8019
211 13.0058 17.1086
61 13.0088 16.4615
722 13.012 15.782
488 13.012 15.782
474 13.012 15.782
641 13.012 15.782
8 13.012 15.782
348 13.012 15.782
741 13.012 15.782
572 13.012 15.782
439 13.012 15.782
812 12.8931 14.911
682 14.0673 15.4667
881 15.4757 16.1332
221 19.9854 18.2674
674 20.0546 18.3001
836 20.2602 18.3975
673 20.445 18.4849
943 20.7118 18.6112
626 20.9497 18.7238
366 21.1563 18.8215
661 21.3922 18.9332
824 21.6369 19.049
64 21.8487 19.1492
246 22.0617 19.2501
268 22.274 19.3505
121 22.827 19.6123
254 23.9314 19.1957
702 24.9978 18.7935
822 26.1042 18.3761
307 26.7825 18.1203
709 27.5001 17.8496
407 28.2613 17.5625
899 28.7502 17.378
351 29.544 17.0786
354 30.2195 16.8238
518 34.7946 15.0981
669 34.6958 15.7489
653 34.5871 16.4649
261 34.4753 17.2018
111 34.384 17.8031
310 34.2955 18.3861
284 34.1981 19.0278
337 34.1169 19.5627
573 34.0349 20.1032
287 33.9515 20.6524
26 33.8198 21.5204
704 33.696 22.3358
363 33.5543 23.2697
529 33.2159 25.4987
191 33.066 26.4863
883 32.9359 27.3436
834 32.7646 28.4725
379 32.6041 29.5299
586 32.4329 30.6576
787 32.266 31.757
915 32.0781 32.9951
783 31.7554 35.121
65 31.552 36.4615
862 31.5397 36.5898
655 31.5264 36.7297
612 31.514 36.8607
549 31.5013 36.9936
7 31.4879 37.1349
811 31.4744 37.2761
413 31.4602 37.4257
302 31.4466 37.5678
414 31.4339 37.7016
37 31.4205 37.8421
543 31.4075 37.9793
664 31.3958 38.102
679 31.3839 38.2269
278 31.3721 38.3512
388 31.3582 38.4969
706 31.3455 38.6302
687 31.3335 38.7561
160 31.3223 38.8739
535 31.3076 39.029
475 31.2944 39.1677
486 31.2824 39.2933
619 31.2683 39.441
11 31.2555 39.5763
78 31.2427 39.7107
32 31.3566 39.965
853 31.5285 40.3486
748 31.716 40.7673
480 31.8895 41.1546
151 32.0556 41.5253
790 32.2271 41.908
257 32.3922 42.2765
876 32.5926 42.7238
869 32.7655 43.1098
38 33.0971 43.85
566 33.4176 44.5653
269 33.7224 45.2457
147 34.0066 45.8802
633 34.2617 46.4495
397 34.492 46.9634
438 34.771 47.5864
913 35.121 48.3675
917 35.4589 49.1217
267 35.8971 50.1
127 36.2145 50.8084
59 36.5191 51.4885
101 36.6628 51.7825
471 36.6628 51.7825
922 36.6628 51.7825
89 36.6628 51.7825
522 36.6628 51.7825
137 36.6628 51.7825
929 36.87 51.6814
839 37.0743 51.5818
493 37.2757 51.4837
180 37.5095 51.3697
603 37.7201 51.267
472 37.9697 51.1454
49 38.1586 51.0533
461 38.3642 50.953
843 38.5798 50.8479
276 38.7694 50.7555
155 38.9349 50.6748
210 39.1034 50.5927
765 39.2721 50.5105
533 39.4983 50.4002
342 39.7437 50.2806
778 39.9371 50.1863
370 40.1533 50.0809
30 40.3656 49.9774
809 40.6086 49.8589
194 40.8698 49.7316
63 41.1233 49.6081
945 40.2851 50.1175
237 39.3416 50.6909
264 38.4956 51.2051
281 37.6624 51.7115
104 36.634 52.3365
621 35.8183 52.8323
508 34.5773 53.5865
308 33.3151 54.3537
891 33.3151 54.3537
989 33.3151 54.3537
965 28.111 55.6026
79 26.995 55.8704
901 25.9683 56.1168
524 24.9099 56.3708
132 24.7518 56.4088
981 24.6103 56.4427
756 24.4713 56.4761
233 24.3112 56.5145
403 24.1609 56.5506
938 24.0094 56.5869
391 23.8635 56.622
972 23.7057 56.6598
758 23.5692 56.6926
908 23.4353 56.7247
545 23.2957 56.7582
510 23.1544 56.7921
142 23.0113 56.8265
34 22.8722 56.8599
324 22.7361 56.8925
336 22.5872 56.9282
858 22.4535 56.9603
956 22.3189 56.9926
525 22.1887 57.0239
599 21.501 57.189
805 20.6983 57.3817
279 20.7499 57.4923
897 20.8034 57.6072
496 20.8517 57.7107
698 20.9132 57.8427
542 20.9726 57.9702
565 21.0696 58.1785
677 21.1661 58.3855
329 21.2721 58.6129
601 21.3714 58.8261
507 21.4624 59.0213
846 21.5559 59.222
957 21.6444 59.4119
182 21.722 59.5785
733 21.8978 59.9557
971 22.0531 60.289
735 22.1902 60.5832
451 22.3288 60.8807
640 22.4648 61.1725
688 22.5925 61.4466
705 22.7739 61.8359
382 22.9682 62.2529
788 23.1585 62.6613
729 23.3404 63.0517
390 23.5328 63.4646
411 23.7089 63.8424
888 23.9024 64.2578
349 24.0545 64.5842
501 24.2234 64.9466
903 24.3778 65.2778
552 24.5341 65.6134
327 24.6944 65.9573
927 24.8477 66.2863
764 24.9908 66.5933
21 25.2603 67.1717
443 25.4861 67.6564
333 25.6915 68.0972
772 25.8471 68.4312
720 26.1929 69.1733
697 26.5931 70.032
431 26.8844 70.6572
130 26.8917 70.6577
81 26.899 70.6582
99 27.0781 70.6696
326 27.2468 70.6804
726 27.4403 70.6927
226 27.6524 70.7063
596 27.8231 70.7171
878 27.989 70.7277
658 28.1543 70.7383
645 28.3307 70.7496
924 28.4874 70.7596
171 28.6731 70.7714
361 28.8163 70.7805
587 29.5317 70.8263
526 30.2528 70.8723
912 31.0709 70.9246
662 31.3555 70.9428
724 31.6499 70.9616
134 31.9361 70.9799
359 32.0851 70.9894
976 32.2498 70.9999
683 32.4111 71.0102
523 32.5538 71.0193
56 32.6885 71.0279
365 32.8287 71.0369
779 32.9769 71.0463
910 32.6939 71.2715
54 32.4091 71.4981
701 29.9687 73.4402
16 28.9705 74.2345
141 28.0029 75.0044
429 27.5113 75.3956
113 27.5777 75.5405
954 27.6483 75.6944
454 27.7137 75.8373
60 27.7796 75.981
292 27.8499 76.1343
730 27.8849 76.2107
773 27.9247 76.2977
124 27.9597 76.374
88 27.9958 76.4528
223 28.1231 76.7004
806 28.2498 76.947
537 28.367 77.1749
872 28.4966 77.427
167 28.6258 77.6784
490 28.752 77.9239
614 28.8768 78.1667
649 29.0006 78.4075
604 29.1123 78.625
789 29.2298 78.8534
339 29.3509 79.0891
231 29.4943 79.368
600 29.4943 79.368
220 29.4943 79.368
360 29.4943 79.368
608 29.561 79.3632
256 29.6315 79.3582
591 29.6875 79.3542
2 29.7483 79.3499
424 29.8037 79.3459
672 29.8677 79.3414
76 29.9263 79.3372
550 29.9842 79.3331
266 30.0442 79.3288
635 30.1039 79.3245
168 30.159 79.3206
757 31.3234 79.2376
540 32.6944 79.1399
80 33.623 79.0736
571 34.3171 79.0242
574 35.1363 78.9658
689 36.2502 78.8863
270 37.4548 78.8005
807 38.6807 78.7131
638 39.7748 78.6351
163 41.5873 78.5058
416 43.6866 78.3562
769 47.1313 78.1106
832 49.2748 77.9578
415 50.3504 77.8811
642 51.399 77.8063
248 52.5813 77.722
671 54.0942 77.6142
509 55.4478 77.5177
340 56.5569 77.4386
887 57.1189 77.3985
567 57.8272 77.348
83 59.0112 76.3464
937 59.0253 76.3345
460 59.0253 76.3345
857 59.0253 76.3345
837 59.0253 76.3345
800 58.7634 76.204
617 58.503 76.0743
18 58.3253 75.9858
173 58.1127 75.8799
91 57.8932 75.7705
847 57.6897 75.6692
987 57.4776 75.5635
801 57.2712 75.4607
297 57.0662 75.3585
582 56.7892 75.2206
406 56.5422 75.0975
782 56.3107 74.9822
802 56.0823 74.8684
259 55.8758 74.7655
229 55.6357 74.6459
880 55.3833 74.5202
9 55.1412 74.3996
393 54.9036 74.2813
395 54.6401 74.15
432 54.335 73.998
904 54.0586 73.8603
378 53.6559 73.6597
350 52.5559 73.1117
921 51.9988 72.8342
144 51.4083 72.5401
632 50.9358 72.3047
826 50.4317 72.0536
855 49.9032 71.7903
404 49.356 71.5177
484 49.356 71.5177
562 49.356 71.5177
715 49.356 71.5177
193 49.356 71.5177
755 49.356 71.5177
335 49.356 71.5177
140 49.356 71.5177
225 49.2605 71.1532
112 49.1822 70.8541
294 49.105 70.5594
126 49.0167 70.2225
986 48.8909 69.7421
762 48.7664 69.2665
291 48.6484 68.8163
576 48.7973 68.7103
235 48.9517 68.6003
175 49.0978 68.4963
161 49.2811 68.3658
282 49.4514 68.2445
513 49.605 68.1351
515 49.7986 67.9972
315 49.9576 67.884
453 50.114 67.7726
605 50.2778 67.656
84 50.434 67.5447
676 50.5823 67.4392
964 50.7547 67.3164
791 50.9072 67.2078
558 51.0542 67.1031
968 51.223 66.9829
907 51.397 66.859
625 51.4492 66.8218
459 51.4962 66.7883
94 51.5537 66.7474
440 51.6148 66.7039
597 51.6712 66.6637
798 51.7278 66.6234
894 51.7814 66.5852
743 51.8405 66.5431
410 51.8951 66.5043
804 51.9517 66.4639
498 52.0144 66.4193
216 52.0696 66.38
923 52.1268 66.3393
793 52.1268 66.3393
109 52.1268 66.3393
810 52.1268 66.3393
35 52.1268 66.3393
732 52.1268 66.3393
867 60.0882 63.0516
656 61.8901 62.3075
583 62.9966 61.8506
152 63.0395 61.8329
102 63.0835 61.8147
286 63.1227 61.7985
767 63.1699 61.779
420 63.2146 61.7605
70 63.2573 61.7429
468 63.2956 61.7271
85 63.3387 61.7093
478 63.3836 61.6907
538 63.4273 61.6727
850 63.4733 61.6537
942 63.5176 61.6354
941 63.5629 61.6167
852 63.6048 61.5994
668 63.6396 61.585
208 63.676 61.57
68 63.7208 61.5515
188 63.7608 61.535
650 63.8047 61.5169
334 63.8476 61.4991
654 63.8476 61.4991
727 63.8476 61.4991
290 63.8476 61.4991
67 64.1915 60.9874
293 64.5537 60.4483
201 64.9646 59.8369
110 65.1966 58.6776
143 65.7006 56.1598
425 65.9867 54.7305
926 66.0244 54.542
647 66.058 54.3744
595 66.0992 54.1686
238 66.1472 53.9287
466 66.6874 51.2298
592 66.7955 50.6899
29 66.8425 50.4552
644 66.8836 50.25
920 66.9274 50.031
967 66.8904 49.756
232 66.845 49.4187
609 66.8025 49.1032
323 66.7628 48.8077
190 66.7257 48.5322
745 66.6828 48.2134
553 65.9798 48.1144
314 65.2021 48.0049
358 64.4967 47.9056
357 63.9473 47.8282
606 63.3924 47.7501
675 62.8199 47.6695
519 62.2226 47.5854
623 61.7115 47.5134
186 61.2323 47.4459
670 60.8991 47.399
875 60.3077 47.3158
117 59.8319 47.2488
577 59.2561 47.1677
262 58.7977 46.6749
485 58.378 46.2238
396 57.7173 45.5136
842 56.8903 44.6246
512 53.7113 41.2077
458 53.6085 40.9697
43 53.5188 40.7621
217 53.4262 40.5479
594 53.329 40.323
930 53.2271 40.0871
716 53.1297 39.8619
870 53.0317 39.6351
751 52.9259 39.3901
844 52.8341 39.1779
848 52.7428 38.9665
492 52.6491 38.7496
906 52.5411 38.4997
828 52.428 38.2382
55 52.32 37.9881
197 52.2221 37.7616
209 52.114 37.5115
785 52.0189 37.2914
355 51.9265 37.0777
865 51.8237 36.8397
289 51.7263 36.6142
781 51.658 36.4564
421 51.5865 36.2908
250 51.5142 36.1236
19 51.4488 35.9723
978 51.3849 35.8244
69 51.3185 35.6706
66 51.2431 35.4961
935 51.1644 35.3141
831 51.0889 35.1395
934 49.8632 34.4609
692 49.8632 34.4609
452 49.8632 34.4609
356 49.8632 34.4609
467 50.4213 33.8951
634 51.5697 32.7309
6 52.7328 31.5517
959 53.6152 30.6572
164 53.8545 30.4145
819 54.1183 30.1471
377 54.3114 29.9514
419 54.5235 29.7363
873 54.7252 29.5318
555 54.927 29.3272
681 55.129 29.1225
295 55.3648 28.8834
45 55.3648 28.8834
27 56.8952 27.0575
504 59.0813 24.4493
598 59.9854 23.3706
821 60.6945 22.5247
581 61.8538 21.1415
24 62.8711 19.9278
777 63.8661 18.7406
176 64.9015 17.5054
721 65.8513 16.3722
103 66.5344 15.5573
