0,777,504,103,819,721,176,6,581,24,598,295,831,681,164,828,55,217,865,43,978,751,314,419,959,358,781,821,45,289,458,873,875,594,66,555,355,634,197,377,27,19,692,250,785,586,467,935,379,421,191,822,261,209,653,257,934,287,351,669,363,407,883,704,709,310,643,337,111,26,518,812,366,8,488,881,629,674,741,254,402,588,722,646,710,246,211,682,412,455,61,362,258,673,963,187,299,661,4,10,572,133,514,794,602,348,331,74,898,836,641,268,486,869,439,573,354,899,915,121,626,221,474,834,160,307,824,902,702,284,829,549,787,64,278,853,125,811,414,480,324,891,619,535,438,38,723,89,388,679,151,529,783,413,65,771,797,508,525,154,475,222,352,37,373,664,612,205,698,476,87,384,228,463,863,330,328,943,990,86,283,985,212,958,496,32,663,148,700,749,949,182,616,731,123,423,128,499,312,531,46,527,157,166,849,116,122,218,303,770,78,142,279,655,269,302,913,938,510,336,691,391,972,858,599,403,705,652,909,100,534,505,936,841,542,758,633,34,174,57,376,489,925,589,805,341,760,214,47,565,764,799,371,694,119,717,939,708,739,703,784,607,219,192,255,734,686,970,81,234,14,77,97,747,966,517,630,427,3,131,502,162,347,677,329,429,772,701,275,971,451,524,846,501,327,339,220,924,398,680,326,726,113,551,552,601,196,349,130,233,729,897,901,635,730,390,493,981,956,422,132,735,929,99,382,365,720,603,533,809,104,688,645,545,507,59,56,640,79,839,308,459,571,171,922,957,912,558,733,927,137,359,878,789,596,965,291,715,724,976,840,910,523,21,574,903,591,16,757,600,124,872,587,270,226,658,672,537,76,578,825,266,443,526,454,361,249,608,697,604,550,296,490,253,184,167,503,41,411,860,495,114,445,272,950,946,556,482,665,948,178,325,224,728,639,381,991,346,615,433,570,546,298,879,667,277,207,905,108,815,338,457,400,500,796,479,487,888,288,557,442,168,886,333,695,360,44,955,31,247,48,321,374,916,628,386,17,657,780,431,115,95,399,830,678,401,637,568,890,436,759,736,444,944,547,300,446,585,169,75,426,719,240,90,792,405,560,803,203,827,153,447,554,953,988,892,693,138,213,263,435,914,868,364,969,982,39,301,106,380,973,696,469,88,699,1,711,718,462,712,93,491,409,593,441,227,15,776,236,50,13,199,304,368,200,521,316,753,750,933,768,456,651,430,28,183,714,611,424,58,244,859,631,610,638,20,306,437,871,689,92,223,761,418,808,256,833,150,146,960,73,60,885,919,36,773,954,416,713,795,350,428,294,248,636,394,806,662,540,252,230,539,141,189,309,206,165,974,343,947,72,129,22,2,215,561,375,548,392,120,613,241,96,470,449,707,319,874,53,265,752,569,866,738,271,181,172,877,139,766,918,448,231,389,786,559,763,156,516,5,532,861,895,649,292,511,624,313,952,856,62,105,23,584,911,659,882,817,344,367,541,737,851,42,961,434,984,896,297,746,690,408,980,118,931,273,185,259,618,816,245,202,754,992,464,239,193,305,774,82,814,802,536,921,140,40,335,887,642,280,562,415,12,807,320,826,126,406,940,369,530,144,755,614,18,179,782,857,743,235,564,968,798,769,683,986,9,432,404,632,484,617,468,513,563,91,186,621,163,225,779,855,804,668,175,605,282,515,188,676,109,791,80,894,410,54,134,765,161,576,216,281,788,356,49,908,237,876,756,512,862,127,370,267,778,471,452,543,180,11,706,397,147,748,687,566,7,790,597,276,155,716,522,989,264,498,917,472,342,945,210,461,194,623,732,30,844,577,63,848,492,69,35,793,906,930,357,870,323,262,102,143,675,644,519,117,842,396,810,238,101,538,843,926,190,964,440,85,923,286,293,625,208,767,420,942,907,647,485,478,68,852,762,595,650,67,656,393,201,727,847,962,941,84,671,801,453,94,173,112,987,832,575,900,71,775,975,579,340,904,654,481,509,290,145,51,744,417,818,837,800,315,229,582,880,460,395,83,317,620,465,251,149,477,177,285,52,567,158,622,854,378,823,544,159,983,820,135,813,864,580,666,318,494,845,648,928,893,937,742,353,322,311,25,725,473,685,372,740,332,450,889,660,528,204,684,506,242,198,838,107,170,497,334,387,884,670,592,195,920,110,977,867,383,152,385,466,850,583,70,553,606,232,274,136,745,967,932,425,29,951,835,33,609,98,590,520,979,243,345,627,483,260,
value : 517.124 running time : 35.820364
0 80 20
777 70.2403 16.6129
504 68.589 16.0397
103 66.8901 15.45
819 66.2942 16.2844
721 65.9037 16.8313
176 64.9345 18.1884
6 63.4187 20.3111
581 62.8062 21.1688
24 62.1392 22.1028
598 61.3937 23.1467
295 60.4733 24.4356
831 59.2237 26.1853
681 57.9883 27.9154
164 57.2901 28.8931
828 56.6305 29.8167
55 56.0085 30.6876
217 55.3406 31.6229
865 55.2694 31.7225
43 55.1955 31.8261
978 55.1258 31.9237
751 55.1258 31.9237
314 55.1258 31.9237
419 54.9876 32.012
959 54.8456 32.1026
358 54.6445 32.231
781 54.4559 32.3514
821 54.2647 32.4734
45 54.0546 32.6075
289 53.8247 32.7543
458 53.6037 32.8954
873 53.3942 33.0291
875 53.1597 33.1788
594 52.8348 33.0171
66 52.4153 32.8084
555 51.9943 32.5989
355 51.6138 32.4096
634 51.2057 32.2066
197 50.6573 31.9338
377 50.1429 31.6778
27 49.1792 31.1984
19 47.9345 30.5791
692 46.4623 29.8466
250 46.1221 29.3933
785 45.7905 28.9515
586 45.4486 28.4959
467 45.1115 28.0467
935 44.7925 27.6217
379 44.4157 27.1196
421 44.0861 26.6803
191 43.7132 26.1834
822 43.3232 25.6638
261 42.9938 25.2249
209 42.6798 24.8064
653 42.3088 24.3121
257 41.984 23.8793
934 40.4867 21.8846
287 38.798 19.6353
351 37.741 18.227
669 37.1991 17.5049
363 37.0384 17.2907
407 36.8807 17.0806
883 36.7342 16.8854
704 36.5719 16.6691
709 36.4171 16.4628
310 36.2447 16.2331
643 36.0688 15.9988
337 36.0688 15.9988
111 36.0688 15.9988
26 36.0688 15.9988
518 36.0688 15.9988
812 14.0246 13.9702
366 14.0246 13.9702
8 14.0246 13.9702
488 14.0246 13.9702
881 14.0246 13.9702
629 14.0246 13.9702
674 14.0246 13.9702
741 14.0246 13.9702
254 14.0246 13.9702
402 14.0246 13.9702
588 14.0246 13.9702
722 14.0246 13.9702
646 14.3398 14.7503
710 15.3875 17.3433
246 15.4872 17.59
211 14.9947 18.2543
682 14.4536 18.9841
412 13.9251 19.697
455 13.4416 20.3492
61 13.0469 20.8815
362 12.8703 21.1197
258 12.6884 21.365
673 12.5221 21.5893
963 12.3489 21.823
187 12.1802 22.0506
299 12.1328 23.1736
661 12.09 24.1895
4 12.045 25.2571
10 12.0041 26.2273
572 12.0041 26.2273
133 12.0041 26.2273
514 12.0041 26.2273
794 12.0041 26.2273
602 12.0041 26.2273
348 12.0041 26.2273
331 12.0041 26.2273
74 12.0041 26.2273
898 12.0041 26.2273
836 14.625 25.909
641 16.9457 25.6272
268 19.0545 25.371
486 22.0887 25.0026
869 24.378 24.7245
439 26.2111 24.5019
573 28.2371 24.2558
354 28.2035 24.6484
899 28.1726 25.0101
915 28.1417 25.3708
121 28.1108 25.7325
626 28.0843 26.0418
221 28.0544 26.3912
474 28.0261 26.7213
834 27.996 27.0733
160 27.9662 27.422
307 27.9375 27.7568
824 27.9078 28.1041
902 27.8784 28.4471
702 27.8464 28.8221
284 27.8075 29.2762
829 27.7631 29.7958
549 27.7223 30.2715
787 27.6855 30.7021
64 27.6474 31.1474
278 27.5285 32.5376
853 27.4053 33.978
125 27.2848 35.2225
811 27.1781 36.3243
414 27.0774 37.3645
480 26.9899 38.2685
324 26.4901 43.4262
891 26.4164 44.1874
619 26.4134 44.2185
535 26.4104 44.2495
438 26.4073 44.281
38 26.4042 44.3132
723 26.4011 44.3448
89 26.3979 44.3779
388 26.0239 44.2447
679 25.662 44.1159
151 25.2953 43.9854
529 24.9213 43.8523
783 24.4927 43.6997
413 23.9166 43.4947
65 23.2061 43.2418
771 22.6665 43.0498
797 22.1497 42.8658
508 21.653 42.689
525 20.9149 42.4263
154 20.0311 42.1118
475 19.4658 41.9106
222 18.8256 41.6827
352 18.3693 41.5203
37 18.015 41.3942
373 17.5976 41.2456
664 17.3699 41.1646
612 16.9874 41.0284
205 16.5792 40.8832
698 16.1579 40.7332
476 15.5694 40.5237
87 14.9424 40.3006
384 14.4002 40.1076
228 13.9245 39.9383
463 13.4185 39.7582
863 12.9287 39.5838
330 12.4584 39.4164
328 12.0774 39.2808
943 12.0774 39.2808
990 11.2111 39.3153
86 10.2653 39.3528
283 10.2897 39.7373
985 10.3134 40.1096
212 10.3398 40.5266
958 10.3652 40.9268
496 10.3924 41.3542
32 10.416 41.7268
663 10.4419 42.135
148 10.4665 42.522
700 10.4902 42.8949
749 10.5169 43.3167
949 10.5419 43.7111
182 10.5658 44.0874
616 10.5873 44.4254
731 10.6097 44.7777
123 10.6328 45.1431
423 10.656 45.5075
128 10.6793 45.8748
499 10.7024 46.2383
312 10.8237 48.1501
531 11.0076 51.0477
46 11.0076 51.0477
527 11.0599 51.0605
157 11.1124 51.0733
166 11.1676 51.0868
849 11.2218 51.1001
116 11.2763 51.1134
122 11.33 51.1266
218 12.0952 51.3137
303 12.9364 51.5193
770 13.8272 51.7371
78 15.6381 52.1799
142 17.0122 52.5159
279 18.2381 52.8156
655 19.5657 53.1403
269 19.7407 53.183
302 19.6368 53.2579
913 19.4805 53.3704
938 19.3039 53.4975
510 19.1398 53.6156
336 18.9523 53.7506
691 18.7853 53.8708
391 18.6261 53.9854
972 18.4533 54.1098
858 18.2983 54.2214
599 18.1426 54.3335
403 17.9773 54.4524
705 17.7862 54.59
652 17.5931 54.729
909 17.4374 54.936
100 17.2826 55.1417
534 17.1414 55.3294
505 16.992 55.528
936 16.8455 55.7226
841 16.7039 55.9109
542 16.557 56.1061
758 16.4141 56.2961
633 16.2629 56.4971
34 16.0914 56.7249
174 15.9315 56.9375
57 15.7522 57.1758
376 15.565 57.4246
489 15.4269 57.6082
925 15.2412 57.8551
589 15.0854 58.0621
805 14.9363 58.2603
341 14.7766 58.4726
760 14.3259 59.0716
214 13.9227 59.6075
47 13.5886 60.0516
565 13.0685 60.7428
764 12.4947 61.5055
799 11.8348 62.3826
371 11.3926 62.9703
694 11.0341 63.4468
119 11.0341 63.4468
717 11.0341 63.4468
939 11.0341 63.4468
708 11.0341 63.4468
739 11.0455 63.4518
703 11.0555 63.4563
784 11.0653 63.4605
607 11.0748 63.4647
219 11.0851 63.4692
192 11.0951 63.4736
255 11.1039 63.4775
734 11.1133 63.4816
686 11.1232 63.4859
970 11.1336 63.4905
81 11.1436 63.4949
234 11.1519 63.4985
14 11.161 63.5025
77 11.1706 63.5067
97 11.181 63.5113
747 11.1902 63.5153
966 11.1991 63.5192
517 11.3943 63.6048
630 11.6054 63.6974
427 11.7946 63.7803
3 11.9877 63.8651
131 12.1846 63.9514
502 12.3909 64.0419
162 12.5735 64.122
347 12.7414 64.1956
677 13.1612 64.3797
329 13.6314 64.5859
429 14.069 64.7778
772 14.4591 64.9489
701 14.8817 65.1343
275 15.2579 65.2993
971 15.6094 65.4534
451 15.9137 65.5869
524 16.2267 65.7242
846 16.5649 65.8725
501 16.9032 66.0209
327 16.9032 66.0209
339 16.9032 66.0209
220 16.9032 66.0209
924 16.9032 66.0209
398 16.9032 66.0209
680 16.9032 66.0209
326 16.9032 66.0209
726 16.9032 66.0209
113 16.9032 66.0209
551 16.9032 66.0209
552 17.5024 65.9121
601 18.0645 65.8101
196 18.5886 65.715
349 19.2276 65.599
130 19.7573 65.5028
233 20.3444 65.3962
729 20.9057 65.2944
897 21.4183 65.2013
901 21.9606 65.1029
635 22.4542 65.0133
730 22.9946 64.9152
390 23.4243 64.8372
493 23.8252 64.7644
981 24.1518 64.7051
956 24.4955 64.6427
422 24.8667 64.5754
132 25.268 64.5025
735 25.707 64.4229
929 26.1573 64.3411
99 26.466 64.2851
382 26.8643 64.2128
365 27.268 64.1395
720 27.5834 64.0822
603 27.939 64.0177
533 28.0979 63.9888
809 28.0979 63.9888
104 28.0979 63.9888
688 28.0979 63.9888
645 28.423 64.1465
545 28.7226 64.2917
507 29.0584 64.4545
59 29.43 64.6347
56 29.8605 64.8435
640 30.2028 65.0095
79 30.5682 65.1867
839 30.9991 65.3956
308 31.4255 65.6024
459 31.8537 65.81
571 32.2019 65.9789
171 32.5827 66.1635
922 32.9125 66.3235
957 33.284 66.5036
912 33.7091 66.7097
558 34.1365 66.917
733 33.8209 67.4118
927 33.5206 67.8825
137 33.2844 68.2527
359 33.0264 68.6573
878 32.7606 69.0739
789 32.4913 69.4961
596 32.2765 69.8328
965 32.0346 70.2119
291 31.813 70.5593
715 31.5587 70.958
724 31.2586 71.4283
976 30.9608 71.8952
840 30.6421 72.3948
910 30.6421 72.3948
523 30.6421 72.3948
21 30.3655 72.75
574 30.0736 73.1247
903 29.7995 73.4766
591 29.4909 73.8728
16 29.1538 74.3056
757 28.8447 74.7024
600 28.5867 75.0337
124 28.3285 75.3652
872 28.0703 75.6967
587 27.8202 76.0178
270 27.5302 76.3901
226 27.2231 76.7844
658 26.8618 77.2484
672 26.5022 77.71
537 26.2307 77.6735
76 25.9808 77.6399
578 25.7103 77.6036
825 25.4418 77.5675
266 25.2093 77.5363
443 24.9739 77.5047
526 24.7497 77.4746
454 24.5333 77.4455
361 24.2757 77.411
249 24.0645 77.3826
608 23.8529 77.3542
697 23.6469 77.3265
604 23.4374 77.2984
550 23.2158 77.2686
296 23.0021 77.2399
490 22.7642 77.208
253 22.5198 77.1751
184 21.5514 77.0451
167 20.7296 76.9347
503 19.2596 76.7373
41 18.3804 76.6192
411 16.9513 76.4273
860 15.3872 76.2173
495 14.2531 76.065
114 12.6254 75.8464
445 12.5591 75.8392
272 12.4685 75.8295
950 12.3792 75.8199
946 12.2767 75.8089
556 12.1519 75.7955
482 12.0436 75.7839
665 11.9304 75.7718
948 11.8257 75.7605
178 11.7225 75.7495
325 11.6251 75.739
224 11.5065 75.7263
728 11.3994 75.7148
639 11.2932 75.7034
381 11.1894 75.6922
991 11.2289 75.759
346 11.2683 75.8255
615 11.3052 75.888
433 11.3417 75.9495
570 11.3785 76.0116
546 11.4146 76.0726
298 11.4483 76.1297
879 11.4841 76.19
667 11.5192 76.2494
277 11.5564 76.3123
207 11.5952 76.3777
905 11.74 76.6223
108 11.873 76.8469
815 11.9668 77.0054
338 12.0466 77.1402
457 12.1411 77.2998
400 12.2341 77.457
500 12.3312 77.621
796 12.4299 77.7877
479 12.5274 77.9524
487 12.6252 78.1175
888 12.723 78.2827
288 13.2351 80.5234
557 13.3215 80.9013
442 13.3977 81.235
168 13.455 81.4854
886 13.5208 81.7736
333 13.5869 82.0627
695 13.8478 83.2043
360 14.0838 84.2369
44 14.3244 85.2898
955 14.0497 85.2474
31 13.8094 85.2104
247 13.5865 85.176
48 13.3573 85.1407
321 13.1218 85.1044
374 12.9006 85.0703
916 12.6985 85.0391
628 12.4711 85.0041
386 12.2708 84.9732
17 12.0576 84.9403
657 11.8087 84.902
780 11.7646 84.9678
431 11.7196 85.035
115 11.667 85.1136
95 11.6215 85.1818
399 11.5766 85.2489
830 11.5309 85.3172
678 11.4795 85.394
401 11.4363 85.4585
637 11.3939 85.5219
568 11.3527 85.5836
890 11.3158 85.6387
436 11.2736 85.7018
759 11.2298 85.7672
736 11.1853 85.8338
444 11.1428 85.8973
944 11.0996 85.9619
547 11.0542 86.0297
300 11.0117 86.0932
446 10.9692 86.1567
585 10.9248 86.2232
169 10.9082 86.248
75 10.8909 86.2738
426 10.8727 86.3011
719 10.8539 86.3292
240 10.8357 86.3564
90 10.8164 86.3852
792 10.7969 86.4144
405 10.7775 86.4434
560 10.7618 86.4668
803 10.739 86.5009
203 10.7182 86.5319
827 10.695 86.5667
153 10.695 86.5667
447 10.695 86.5667
554 10.695 86.5667
953 10.4921 88.2442
988 10.2943 89.8783
892 10.3109 89.8769
693 10.3256 89.8756
138 10.3401 89.8743
213 10.3538 89.8732
263 10.5859 89.8532
435 10.8103 89.8339
914 11.0508 89.8132
868 11.2865 89.7929
364 11.5484 89.7704
969 11.8028 89.7485
982 12.0701 89.7255
39 12.3179 89.7042
301 12.6033 89.6797
106 12.8805 89.6558
380 13.1887 89.6293
973 13.5805 89.5956
696 13.9749 89.5617
469 14.2682 89.5365
88 14.5339 89.5136
699 14.781 89.4924
1 15.0309 89.4709
711 15.2898 89.4486
718 15.5783 89.4238
462 15.8797 89.3979
712 16.1838 89.3717
93 16.4808 89.3462
491 16.766 89.3216
409 17.032 89.2987
593 17.032 89.2987
441 17.032 89.2987
227 17.032 89.2987
15 17.032 89.2987
776 17.032 89.2987
236 17.032 89.2987
50 17.032 89.2987
13 17.032 89.2987
199 17.032 89.2987
304 17.032 89.2987
368 17.032 89.2987
200 17.032 89.2987
521 17.032 89.2987
316 17.032 89.2987
753 17.032 89.2987
750 17.032 89.2987
933 18.0868 89.1639
768 19.1495 89.028
456 19.9384 88.9271
651 20.7173 88.8276
430 21.496 88.728
28 22.1483 88.6446
183 22.6899 88.5754
714 23.2768 88.5003
611 24.0655 88.3995
424 24.3977 88.3571
58 24.736 88.3138
244 25.0882 88.2688
859 25.4996 88.2162
631 25.9098 88.1637
610 26.3126 88.1123
638 26.7163 88.0606
20 27.1138 88.0098
306 27.5381 87.9556
437 28.0194 87.8941
871 28.2193 87.8685
689 31.2959 87.4742
92 31.2959 87.4742
223 31.2959 87.4742
761 31.2959 87.4742
418 31.2959 87.4742
808 31.2959 87.4742
256 31.2959 87.4742
833 31.2959 87.4742
150 31.2959 87.4742
146 31.2959 87.4742
960 31.2959 87.4742
73 31.697 87.3929
60 32.115 87.3081
885 32.5259 87.2247
919 33.0166 87.1252
36 33.4642 87.0344
773 34.4194 86.8407
954 35.4165 86.6385
416 36.8434 86.3491
713 38.1085 86.0925
795 38.2155 86.0708
350 38.3308 86.0474
428 38.3769 86.0961
294 38.4238 86.1457
248 38.4713 86.196
636 38.5183 86.2458
394 38.5615 86.2914
806 38.6023 86.3346
662 38.646 86.3808
540 38.696 86.4338
252 38.8275 86.5728
230 38.9893 86.744
539 39.1488 86.9128
141 39.2907 87.0629
189 39.4496 87.231
309 39.6262 87.4179
206 39.7948 87.5962
165 39.9557 87.7664
974 40.0958 87.9147
343 40.1182 87.9384
947 40.1406 87.9621
72 40.1619 87.9846
129 40.1836 88.0076
22 40.2055 88.0307
2 40.2261 88.0525
215 40.2505 88.0783
561 40.275 88.1042
375 40.3024 88.1333
548 40.3248 88.1569
392 40.3475 88.1809
120 40.3707 88.2056
613 40.3954 88.2316
241 40.4175 88.255
96 40.442 88.281
470 40.4682 88.3087
449 40.4949 88.3369
707 40.5191 88.3625
319 40.5441 88.389
874 40.5719 88.4184
53 40.5958 88.4436
265 40.6197 88.4689
752 40.6427 88.4933
569 40.6656 88.5176
866 40.6887 88.542
738 40.7104 88.5649
271 40.732 88.5878
181 40.7551 88.6122
172 40.7765 88.6348
877 40.7999 88.6596
139 40.8249 88.686
766 40.8249 88.686
918 40.8249 88.686
448 40.8249 88.686
231 40.8249 88.686
389 40.8249 88.686
786 40.8249 88.686
559 41.6555 88.7231
763 42.3423 88.7537
156 43.0264 88.7842
516 43.6379 88.8115
5 44.189 88.836
532 44.7273 88.86
861 45.1878 88.8806
895 45.6057 88.8992
649 45.9463 88.9144
292 46.5131 88.9397
511 47.7628 88.9954
624 48.8089 89.0421
313 49.6544 89.0798
952 50.4172 89.1138
856 51.1524 89.1466
62 51.6097 89.167
105 52.0741 89.1877
23 52.645 89.2132
584 53.1766 89.2369
911 53.647 89.2578
659 54.0439 89.2755
882 54.5872 89.2998
817 55.2061 89.3274
344 55.2006 89.3163
367 55.1949 89.3049
541 55.1896 89.2943
737 55.1843 89.2836
851 55.1786 89.2723
42 55.1738 89.2626
961 55.1685 89.252
434 55.1475 89.21
984 55.1267 89.1682
896 55.1044 89.1234
297 55.0819 89.0784
746 55.0603 89.0351
690 55.0389 88.9922
408 55.0173 88.9489
980 54.998 88.9102
118 54.9776 88.8694
931 54.9575 88.829
273 54.939 88.7919
185 54.9185 88.7509
259 54.895 88.7037
618 54.8743 88.6621
816 54.853 88.6195
245 54.8313 88.576
202 54.812 88.5373
754 54.7912 88.4957
992 54.7717 88.4566
464 54.7494 88.4119
239 54.4917 87.8954
193 54.2086 87.3279
305 54.0188 86.9474
774 53.8236 86.5562
82 53.6001 86.1082
814 53.435 85.7773
802 53.2635 85.4337
536 53.1209 85.1478
921 52.9599 84.8252
140 52.8255 84.5557
40 52.6902 84.2845
335 52.5445 83.9925
887 52.4013 83.7055
642 52.2467 83.3956
280 52.1 83.1017
562 51.9522 82.8054
415 51.8197 82.5397
12 51.6784 82.2565
807 51.5244 81.948
320 51.3985 81.6956
826 51.257 81.4118
126 51.1234 81.1441
406 50.992 80.8807
940 50.8546 80.6054
369 50.7169 80.3293
530 50.564 80.0228
144 50.402 79.6983
755 50.2717 79.4371
614 50.1398 79.1726
18 51.91 76.9638
179 51.6965 76.2316
782 51.4354 75.3366
857 51.162 74.3989
743 50.8788 73.4279
235 50.6929 72.7906
564 50.5249 72.2143
968 50.2887 71.4044
798 50.0733 70.666
769 49.9297 70.1734
683 49.756 69.5781
986 49.6233 69.123
9 49.4857 68.651
432 49.3089 68.045
404 49.0955 67.3131
632 49.0659 67.1619
484 49.0341 66.9993
617 49.0025 66.8379
468 48.9718 66.6812
513 48.942 66.529
563 48.9107 66.3692
91 48.8347 65.981
186 48.7472 65.5338
621 48.7472 65.5338
163 48.7472 65.5338
225 48.7472 65.5338
779 48.7472 65.5338
855 48.7472 65.5338
804 48.7472 65.5338
668 48.7472 65.5338
175 48.539 65.3352
605 48.3719 65.1758
282 48.142 64.9564
515 47.9172 64.742
188 47.5167 64.3598
676 47.2066 64.064
109 46.9202 63.7908
791 46.5295 63.418
80 46.1332 63.0399
894 45.7145 62.6405
410 45.234 62.1821
54 44.761 61.7308
134 44.3465 61.3354
765 43.8052 60.8189
161 43.3316 60.3671
576 42.6425 59.7097
216 41.9952 59.0921
281 40.2061 57.3852
788 37.206 54.523
356 35.3734 52.7746
49 34.878 52.3019
908 34.3917 51.8381
237 34.4298 51.8292
876 34.4638 51.8213
756 34.4977 51.8134
512 34.5393 51.8037
862 34.5755 51.7953
127 34.6104 51.7872
370 34.6436 51.7794
267 34.6747 51.7722
778 34.7087 51.7643
471 34.7445 51.756
452 34.7762 51.7486
543 34.7928 51.7447
180 34.8143 51.7397
11 34.8331 51.7354
706 34.8628 51.7285
397 34.8902 51.7221
147 35.2884 51.6294
748 35.6996 51.5337
687 36.1405 51.4311
566 36.6479 51.313
7 37.1324 51.2002
790 41.9717 50.7167
597 42.2178 50.6932
276 42.4717 50.669
155 42.7077 50.6465
716 42.9501 50.6234
522 43.0588 50.6131
989 43.1732 50.6022
264 43.2892 50.5911
498 43.4176 50.5789
917 43.5367 50.5676
472 43.6632 50.5555
342 43.7822 50.5442
945 43.9005 50.5329
210 44.0133 50.5221
461 44.1324 50.5108
194 44.2617 50.4985
623 44.3944 50.4859
732 44.4939 50.4764
30 44.6097 50.4653
844 47.5141 50.1888
577 48.7196 50.0739
63 49.6258 49.9876
848 50.4631 49.9078
492 51.4119 49.8174
69 52.3821 49.7249
35 53.4854 49.6198
793 54.3956 49.5331
906 55.3739 49.4398
930 56.5679 49.3261
357 57.7971 49.2089
870 58.7644 49.1168
323 60.8879 48.9145
262 60.8038 49.4086
102 60.7357 49.8095
143 60.6746 50.1683
675 60.61 50.5479
644 60.527 51.0358
519 60.4373 51.5636
117 60.3566 52.0377
842 60.2717 52.5369
396 60.1788 53.0828
810 60.0856 53.6307
238 60.0048 54.1061
101 59.949 54.4339
538 59.9992 54.5611
843 60.0439 54.6744
926 60.1517 54.9476
190 60.2605 55.2232
964 60.3624 55.4814
440 60.4598 55.7283
85 60.5348 55.9182
923 60.6136 56.1179
286 60.9163 56.8848
293 61.227 57.6721
625 61.5403 58.4658
208 61.8581 59.2712
767 62.0156 59.6701
420 62.1852 60.0999
942 62.3431 60.5001
907 62.51 60.9229
647 62.6779 61.3483
485 62.8387 61.7558
478 63.02 62.2152
68 63.2009 62.6735
852 63.378 63.1223
762 63.4678 63.3497
595 63.5637 63.5927
650 63.66 63.8369
67 63.7557 64.0793
656 63.847 64.3106
393 63.9467 64.5632
201 64.0482 64.8203
727 63.9416 65.1482
847 63.8434 65.4504
962 63.755 65.7225
941 63.6664 65.9952
84 63.3151 67.0765
671 62.9787 68.1121
801 62.7486 68.8205
453 62.7486 68.8205
94 62.9465 70.3553
173 63.0112 70.8573
112 63.0799 71.3902
987 63.1489 71.9255
832 63.2181 72.4623
575 63.2861 72.9903
900 63.3266 73.304
71 63.3737 73.6698
775 63.4174 74.0086
975 63.4432 74.2086
579 63.4856 74.5377
340 63.5268 74.8578
904 63.5725 75.2119
654 63.6188 75.5713
481 63.6674 75.9483
509 63.7098 76.2773
290 63.7548 76.6268
145 63.8051 77.0164
51 63.817 77.1089
744 63.8299 77.2089
417 63.8434 77.314
818 63.8536 77.3929
837 63.863 77.4663
800 63.873 77.544
315 63.8835 77.6253
229 63.8945 77.7103
582 63.905 77.7922
880 63.9133 77.8562
460 65.1204 79.1164
395 66.6172 80.679
83 68.2968 82.4325
317 70.0242 84.236
620 72.611 86.9372
465 72.611 86.9372
251 72.611 86.9372
149 72.611 86.9372
477 72.611 86.9372
177 72.611 86.9372
285 72.611 86.9372
52 72.611 86.9372
567 72.611 86.9372
158 72.611 86.9372
622 72.611 86.9372
854 72.611 86.9372
378 72.611 86.9372
823 73.6952 87.2185
544 74.8613 87.5211
159 76.445 87.9321
983 77.9897 88.3329
820 77.9897 88.3329
135 77.9897 88.3329
813 77.9897 88.3329
864 77.9897 88.3329
580 77.9897 88.3329
666 78.1767 88.3752
318 78.3716 88.4192
494 78.7136 88.4965
845 79.0462 88.5716
648 79.5519 88.6859
928 80.0885 88.8071
893 80.2981 87.9729
937 80.5604 86.9286
742 80.6187 86.8553
353 80.6751 86.7844
322 82.0901 85.0065
311 84.0404 82.556
25 84.5786 81.8797
725 84.9363 81.4303
473 85.3814 80.871
685 85.9258 80.1869
372 86.4628 79.5122
740 86.4628 79.5122
332 86.4628 79.5122
450 86.4628 79.5122
889 86.4628 79.5122
660 86.2472 76.4484
528 86.0692 73.9176
204 85.9046 71.5781
684 85.6564 68.0502
506 85.5441 66.4546
242 85.4644 65.3217
198 85.4209 64.7028
838 85.3924 64.2979
107 85.3746 64.0446
170 85.359 63.8228
497 85.3442 63.6121
334 82.9235 61.9299
387 81.3814 60.8582
884 80.1287 59.9876
670 75.0678 56.4706
592 74.9995 56.6414
195 74.8819 56.9358
920 74.7239 57.3315
110 74.5382 57.7964
977 74.3867 58.1759
867 74.2197 58.594
383 74.2197 58.594
152 74.2197 58.594
385 74.2197 58.594
466 75.2432 52.3225
850 75.3558 51.6326
583 75.4775 50.8871
70 75.6088 50.0825
553 75.8467 48.6254
606 76.113 46.9939
232 76.2365 46.632
274 76.3553 46.2842
136 76.4589 45.9809
745 76.5802 45.6256
967 76.6872 45.312
932 76.8095 44.954
425 76.941 44.5689
29 77.0836 44.1511
951 77.2194 43.7535
835 78.6207 39.6493
33 79.6202 36.722
609 80.1228 35.2499
98 82.7064 27.6829
590 82.9216 27.0527
520 83.1834 26.2858
979 85.4463 19.6565
243 85.7309 18.8232
345 85.883 18.3776
627 86.0374 17.9252
483 86.1797 17.5085
260 86.0334 17.5675
