0,581,721,176,103,873,831,419,781,777,598,24,819,504,295,959,6,209,164,55,458,555,289,934,261,467,111,822,653,704,834,337,518,363,310,407,287,246,351,669,626,26,573,899,121,474,915,902,439,702,354,602,824,836,641,883,366,709,284,307,254,643,64,943,661,812,8,722,881,488,629,348,588,646,572,187,61,682,362,741,412,4,258,402,674,211,673,455,74,283,87,331,299,963,133,710,268,794,328,898,212,514,985,499,86,616,749,677,863,731,958,770,78,384,771,496,330,228,123,423,841,990,652,46,116,154,166,849,157,47,214,128,489,463,222,303,805,10,909,760,100,373,531,174,708,234,527,589,122,312,352,57,341,758,542,938,192,970,972,925,218,505,726,77,162,680,277,948,445,219,667,717,255,784,338,427,991,694,966,939,298,556,747,657,347,131,517,734,371,3,119,400,361,349,114,376,739,196,502,81,701,703,381,436,113,639,207,905,860,665,224,799,97,433,686,607,546,503,946,14,495,88,560,398,168,886,429,487,169,457,374,360,443,479,326,426,203,759,75,728,890,90,879,615,830,304,138,386,48,31,944,346,796,557,115,892,955,325,718,247,240,803,792,178,444,300,678,153,780,570,554,547,380,585,988,213,321,719,827,914,568,405,736,435,637,711,316,776,263,244,628,447,953,106,200,401,95,39,969,301,364,868,108,693,1,442,551,712,815,456,199,933,36,593,227,44,236,58,491,753,871,973,699,982,750,13,833,17,446,15,399,93,469,306,288,368,183,761,73,768,714,441,409,28,430,859,651,462,631,808,789,550,431,757,296,41,428,50,578,600,916,418,918,635,249,120,76,424,695,141,919,339,500,99,253,333,885,184,825,697,608,266,954,888,327,696,454,416,189,60,146,82,659,437,755,223,672,806,773,548,662,392,649,814,872,638,305,807,561,129,840,22,470,614,270,795,256,689,292,707,92,150,16,20,231,766,265,613,167,490,786,569,521,752,611,877,449,389,72,271,172,309,181,960,139,974,866,375,53,206,230,874,239,610,448,96,394,2,193,434,738,408,241,319,564,215,559,952,541,105,713,294,911,532,961,5,624,774,746,642,320,165,856,947,539,516,754,62,882,584,511,367,23,313,344,185,618,737,992,763,118,156,690,343,415,851,861,636,40,887,12,259,369,9,832,179,94,582,671,536,896,980,575,245,984,769,248,826,562,406,940,880,140,620,353,937,42,273,177,285,845,622,816,567,202,464,823,149,251,52,817,481,818,742,864,854,159,158,477,893,544,775,145,813,580,666,725,318,820,928,983,135,494,648,204,740,685,25,889,473,322,372,506,450,660,311,684,242,528,332,977,579,837,852,497,884,385,942,420,110,383,838,920,967,932,538,334,102,201,478,152,656,904,595,340,650,941,173,583,68,907,744,51,417,317,440,378,931,654,975,900,290,962,465,83,867,727,460,18,71,297,238,632,530,229,782,513,126,800,986,395,335,109,280,801,112,895,921,563,134,894,315,208,509,847,432,515,393,67,235,485,987,190,625,647,286,810,264,30,370,791,798,180,127,492,512,472,809,342,471,577,101,519,793,923,964,262,843,576,410,945,186,35,617,498,453,188,558,175,765,732,484,225,855,762,282,216,779,523,676,621,857,161,605,84,468,163,668,350,802,404,976,144,968,743,683,91,533,171,308,226,291,724,540,597,645,54,80,137,104,839,459,461,804,596,715,910,929,56,571,365,950,132,733,21,878,359,501,591,587,730,124,526,537,252,524,599,59,846,924,275,411,601,507,482,451,729,691,903,552,965,772,901,233,705,510,756,897,79,981,640,630,130,764,971,220,604,658,927,272,574,390,34,422,956,329,788,147,957,723,720,336,543,565,182,545,858,279,525,493,269,382,324,735,267,913,413,476,205,663,908,698,37,302,700,534,936,148,142,633,414,811,32,391,403,797,535,65,612,829,38,787,278,151,221,125,438,869,566,853,486,549,949,475,11,655,586,7,692,379,935,160,250,49,862,194,522,452,89,917,687,191,529,748,783,706,480,664,508,679,388,876,397,210,912,922,688,281,237,891,778,155,197,619,603,356,844,906,989,978,875,870,276,848,69,257,865,790,19,66,751,421,27,634,594,821,323,675,623,358,842,785,314,377,681,670,930,355,828,606,644,217,45,43,70,716,850,396,926,767,143,85,117,293,63,357,592,553,466,29,425,745,107,609,274,835,170,232,590,33,520,387,951,136,198,195,345,98,627,483,243,979,260,
value : 486.669 running time : 48.459288
0 80 20
581 72.075 17.685
721 69.7936 17.0182
176 67.5201 16.3538
103 65.5808 15.787
873 60.2704 20.0403
831 59.794 20.422
419 59.3554 20.7735
781 58.9994 21.0588
777 58.7535 21.2559
598 58.4824 21.4732
24 58.1779 21.7172
819 57.8328 21.9938
504 57.4848 22.2727
295 56.9902 22.669
959 56.4017 23.1406
6 55.7514 23.6617
209 55.1037 24.1806
164 54.5886 24.5934
55 54.1033 24.9822
458 53.6207 25.369
555 52.0389 24.5129
289 50.4656 23.6615
934 48.9617 22.8476
261 47.6124 22.1173
467 46.5034 21.5169
111 45.509 20.9786
822 44.7531 20.5694
653 44.2024 20.2712
704 43.6623 19.9787
834 43.2006 19.7287
337 41.42 18.5722
518 39.7472 17.4857
363 38.525 17.6579
310 37.3978 17.8167
407 36.2566 17.9774
287 35.1101 18.1389
246 33.8521 18.3161
351 32.7581 18.4702
669 31.6565 18.6254
626 30.59 18.7756
26 29.5175 18.9266
573 28.0042 19.1399
899 25.7739 19.4544
121 23.9516 19.7112
474 23.9516 19.7112
915 23.9516 19.7112
902 23.9516 19.7112
439 23.9516 19.7112
702 23.9516 19.7112
354 23.9516 19.7112
602 23.9516 19.7112
824 23.9516 19.7112
836 23.9516 19.7112
641 23.9516 19.7112
883 23.9516 19.7112
366 23.3123 19.4696
709 22.7826 19.2695
284 22.1938 19.047
307 21.5837 18.8165
254 20.8711 18.5473
643 20.1551 18.2768
64 19.4172 17.998
943 18.4993 17.6513
661 15.4043 16.483
812 12.3069 15.3143
8 12.2967 15.4751
722 12.2857 15.6492
881 12.2716 15.8705
488 12.2564 16.1102
629 12.2297 16.5291
348 12.1989 17.0131
588 12.1684 17.4925
646 12.1378 17.9742
572 12.1043 18.4998
187 12.0777 18.9183
61 12.0507 19.3423
682 12.021 19.81
362 11.9893 20.3074
741 11.9563 20.8267
412 11.9235 21.3418
4 11.8885 21.8908
258 11.8606 22.3296
402 11.8343 22.7434
674 11.8082 23.1545
211 11.7776 23.6357
673 11.7109 24.6818
455 11.6445 25.7226
74 11.575 26.8132
283 11.5055 27.9032
87 11.4678 28.4966
331 11.4347 29.0168
299 11.3973 29.6035
963 11.3576 30.2276
133 11.3089 30.9926
710 11.2593 31.7716
268 11.2054 32.6175
794 11.1461 33.5482
328 11.052 35.024
898 11.052 35.024
212 11.0708 35.5481
514 11.0865 35.9872
985 11.1089 36.6111
499 11.1327 37.2745
86 11.1424 37.5443
616 11.2547 40.6765
749 11.3517 43.38
677 11.4138 45.1134
863 11.4192 45.2627
731 11.425 45.424
958 11.4308 45.5867
770 11.4373 45.7665
78 11.4437 45.9465
384 11.4504 46.1316
771 11.4575 46.3318
496 11.4644 46.5235
330 11.4708 46.7016
228 11.4784 46.9134
123 11.4862 47.1313
423 11.4942 47.3542
841 11.5028 47.5933
990 11.5108 47.8171
652 11.5198 48.0664
46 11.5285 48.3102
116 11.5396 48.6191
154 11.5491 48.8847
166 11.559 49.1611
849 11.5675 49.3962
157 11.5697 49.459
47 11.572 49.524
214 11.5743 49.5878
128 11.5765 49.6477
489 11.5788 49.7114
463 11.581 49.7747
222 11.5834 49.8392
303 11.5857 49.9059
805 11.588 49.9685
10 11.5901 50.0283
909 11.6121 50.6394
760 11.6354 51.2894
100 11.65 51.6969
373 11.6648 52.1085
531 11.6811 52.5628
174 11.6896 52.8001
708 11.6989 53.0604
234 11.7083 53.3218
527 11.7094 53.3512
589 11.7105 53.3813
122 11.7115 53.4099
312 11.7124 53.437
352 11.7277 53.8624
57 11.7437 54.307
341 11.7604 54.773
758 11.7795 55.3043
542 11.8028 55.9557
938 11.8291 56.6891
192 11.8611 57.58
970 11.887 58.3012
972 11.9071 58.8607
925 11.9292 59.4786
218 11.9521 60.1165
505 11.9801 60.8973
726 12.1602 65.9163
77 12.1636 66.0124
162 12.1672 66.1117
680 12.1705 66.2047
277 12.1737 66.2952
948 12.177 66.3861
445 12.1801 66.4735
219 12.1832 66.5575
667 12.1862 66.6429
717 12.1891 66.7221
255 12.1919 66.8015
784 12.1948 66.8816
338 12.1979 66.969
427 12.201 67.0547
991 12.204 67.1398
694 12.2062 67.1986
966 12.2082 67.2555
939 12.2098 67.2992
298 12.2115 67.3483
556 12.2115 67.3483
747 12.2115 67.3483
657 12.2115 67.3483
347 12.2115 67.3484
131 12.3723 67.4371
517 12.5239 67.5207
734 12.6929 67.6141
371 12.8826 67.7187
3 13.118 67.8487
119 13.3551 67.9796
400 13.5913 68.11
361 13.8182 68.2352
349 14.0254 68.3496
114 13.9206 68.6637
376 13.8096 68.9967
739 13.6944 69.342
196 13.573 69.7059
502 13.407 70.2037
81 13.2498 70.675
701 13.0746 71.2
703 12.9085 71.6981
381 12.5847 72.669
436 12.4301 73.2398
113 12.3076 73.692
639 12.1839 74.1487
207 12.0638 74.5923
905 12.0638 74.5923
860 12.0638 74.5923
665 12.0638 74.5923
224 12.0638 74.5923
799 12.0638 74.5924
97 12.0409 74.7659
433 12.0161 74.9542
686 11.9937 75.1243
607 11.97 75.3038
546 11.9443 75.4994
503 11.9223 75.6663
946 11.8991 75.8416
14 11.8755 76.0212
495 11.8451 76.2518
88 11.8243 76.4093
560 11.8047 76.5583
398 11.7857 76.7023
168 11.7631 76.8736
886 11.7407 77.0435
429 11.7198 77.2026
487 11.6967 77.3774
169 11.6736 77.5529
457 11.6546 77.697
374 11.635 77.8457
360 11.6149 77.9984
443 11.5963 78.1394
479 11.5769 78.2868
326 11.5562 78.4433
426 11.5349 78.6055
203 11.5147 78.7587
759 11.4951 78.9068
75 11.4765 79.0479
728 11.4588 79.1827
890 11.4404 79.3218
90 11.4221 79.4606
879 11.4054 79.5878
615 11.3002 80.3865
830 11.1999 81.1479
304 11.0946 81.9469
138 11.0297 82.4396
386 10.9988 82.6746
48 10.9712 82.8833
31 10.9427 83.0994
944 10.9136 83.3205
346 10.8843 83.543
796 10.8506 83.7981
557 10.8104 84.1033
115 10.7741 84.3787
892 10.7565 84.5121
955 10.7385 84.6491
325 10.7195 84.7935
718 10.6998 84.9424
247 10.6808 85.0868
240 10.6629 85.2228
803 10.6437 85.3684
792 10.6259 85.5033
178 10.608 85.6388
444 10.5889 85.7843
300 10.5695 85.9307
678 10.55 86.0793
153 10.5329 86.2089
780 10.5163 86.3347
570 10.4983 86.4715
554 10.4789 86.6182
547 10.3397 87.6757
380 10.2034 88.7109
585 10.1363 89.2198
988 10.0783 89.6602
213 10.1113 89.6553
321 10.2086 89.6407
719 10.3012 89.6269
827 10.3943 89.613
914 10.4901 89.5987
568 10.586 89.5844
405 10.6829 89.5699
736 10.7816 89.5551
435 10.8797 89.5405
637 10.9836 89.525
711 11.0865 89.5096
316 11.1916 89.4939
776 11.2952 89.4784
263 11.4017 89.4625
244 11.5065 89.4469
628 11.6124 89.4311
447 11.7177 89.4153
953 11.8237 89.3995
106 11.9307 89.3835
200 12.04 89.3672
401 12.1531 89.3503
95 12.266 89.3334
39 12.3811 89.3162
969 12.5025 89.2981
301 12.6265 89.2796
364 12.7523 89.2608
868 12.88 89.2418
108 13.0924 89.2101
693 13.3077 89.178
1 13.5253 89.1456
442 13.7438 89.1131
551 13.966 89.08
712 14.183 89.0476
815 14.4027 89.0149
456 14.619 88.9827
199 14.8269 88.9517
933 15.0283 88.9217
36 15.2289 88.8917
593 15.3463 88.8742
227 15.46 88.8572
44 15.5726 88.8404
236 15.6851 88.8236
58 15.7966 88.807
491 15.9075 88.7904
753 15.908 88.7903
871 15.9084 88.7903
973 15.9088 88.7902
699 15.9093 88.7901
982 15.9097 88.7901
750 15.9102 88.79
13 16.2555 88.7384
833 16.6057 88.6861
17 16.9809 88.6301
446 17.3615 88.5733
15 17.7115 88.521
399 18.076 88.4665
93 18.4262 88.4142
469 18.7845 88.3606
306 19.1507 88.3059
288 19.4004 88.2687
368 19.6517 88.2312
183 19.9035 88.1936
761 20.1489 88.157
73 20.3949 88.1203
768 20.6604 88.0807
714 20.9072 88.0439
441 21.168 88.005
409 21.4241 87.9669
28 21.679 87.9288
430 21.921 87.8928
859 22.1523 87.8583
651 22.3872 87.8233
462 22.6216 87.7883
631 22.8408 87.7557
808 22.8408 87.7557
789 23.1935 85.4332
550 23.2293 85.1975
431 23.2625 84.9794
757 23.2945 84.7686
296 23.3256 84.564
41 23.3555 84.3674
428 23.3843 84.1777
50 23.4142 83.981
578 23.4478 83.76
600 23.4799 83.5486
916 23.5012 83.4087
418 23.524 83.2584
918 23.5477 83.1028
635 23.5741 82.9289
249 23.5949 82.7919
120 23.6168 82.6482
76 23.6512 82.4213
424 23.6861 82.1921
695 23.7217 81.9575
141 23.7598 81.707
919 23.7996 81.4448
339 23.8399 81.1796
500 23.8795 80.9191
99 23.8862 80.9168
253 23.8924 80.9147
333 23.8985 80.9126
885 23.9044 80.9106
184 23.9105 80.9085
825 23.9169 80.9064
697 23.9237 80.904
608 23.9302 80.9018
266 23.9373 80.8994
954 23.944 80.8971
888 23.9505 80.8949
327 23.957 80.8927
696 26.4383 81.9214
454 28.6313 82.8304
416 30.7845 83.723
189 31.6471 84.0804
60 32.4611 84.4177
146 33.3399 84.7818
82 34.1337 85.1108
659 34.515 85.2687
437 34.7925 85.3837
755 35.0658 85.4969
223 35.0529 85.6456
672 35.0395 85.7999
806 35.0274 85.9399
773 35.0147 86.0855
548 35.0024 86.2279
662 34.9909 86.3596
392 34.9773 86.5168
649 34.9648 86.6604
814 34.9516 86.813
872 34.9387 86.9611
638 34.9249 87.1206
305 34.9118 87.2714
807 34.9118 87.2714
561 34.9118 87.2714
129 34.9118 87.2714
840 34.9118 87.2714
22 34.9118 87.2714
470 34.9118 87.2714
614 34.9118 87.2714
270 34.9118 87.2714
795 34.9118 87.2714
256 34.9118 87.2714
689 34.9118 87.2714
292 34.8382 87.4299
707 34.7565 87.6058
92 34.6821 87.766
150 34.6098 87.9218
16 34.5432 88.0653
20 33.8742 89.5061
231 33.7093 89.8611
766 33.5408 90.2241
265 33.4106 90.5045
613 33.3007 90.7412
167 33.1992 90.9596
490 33.0792 91.2181
786 32.9536 91.4887
569 32.8348 91.7444
521 32.7086 92.0163
752 32.9756 91.9663
611 33.2313 91.9184
877 33.5444 91.8598
449 33.834 91.8056
389 34.0958 91.7566
72 34.3177 91.715
271 34.541 91.6732
172 34.7741 91.6296
309 34.9971 91.5878
181 35.2076 91.5484
960 35.4107 91.5103
139 35.639 91.4676
974 35.8732 91.4237
866 36.1147 91.3785
375 36.3285 91.3385
53 36.5153 91.3035
206 36.7039 91.2682
230 36.8813 91.235
874 37.0639 91.2008
239 37.2283 91.17
610 37.3719 91.1431
448 38.0688 91.0126
96 38.778 90.8798
394 39.7321 90.7012
2 40.6892 90.5221
193 43.6886 89.9609
434 46.149 89.5005
738 46.2208 89.487
408 46.4885 89.4369
241 46.7326 89.3912
319 47.0281 89.3358
564 47.3138 89.2823
215 47.5975 89.2292
559 47.927 89.1675
952 48.3267 89.0926
541 48.6805 89.0264
105 49.0575 88.9558
713 49.4652 88.8794
294 49.904 88.7973
911 50.8578 88.6187
532 50.8578 88.6187
961 50.8578 88.6187
5 50.8578 88.6187
624 50.8845 88.6015
774 50.9114 88.5841
746 50.9375 88.5672
642 50.9646 88.5497
320 50.9899 88.5334
165 51.0147 88.5173
856 51.0416 88.4999
947 51.0684 88.4826
539 51.0937 88.4663
516 51.1202 88.4492
754 51.1472 88.4317
62 51.1728 88.4151
882 51.1983 88.3987
584 51.2262 88.3806
511 51.2533 88.3631
367 51.2819 88.3447
23 51.3092 88.327
313 51.3398 88.3072
344 51.3697 88.2879
185 52.1656 87.7736
618 52.4317 87.6016
737 52.7152 87.4184
992 52.9892 87.2413
763 53.0509 87.2015
118 53.1313 87.1495
156 53.2064 87.1009
690 53.2908 87.0464
343 53.3692 86.9957
415 53.4595 86.9374
851 53.5473 86.8806
861 53.6342 86.8245
636 53.7214 86.7681
40 53.8118 86.7097
887 53.9026 86.651
12 53.991 86.5939
259 54.0773 86.5381
369 54.164 86.4821
9 54.2487 86.4273
832 54.3032 86.3921
179 54.3511 86.3611
94 54.4022 86.3281
582 54.4498 86.2974
671 54.4878 86.2728
536 54.5214 86.2511
896 54.5588 86.2269
980 54.5991 86.2008
575 54.6412 86.1737
245 54.6799 86.1487
984 54.7204 86.1225
769 54.7587 86.0977
248 54.7587 86.0977
826 54.7587 86.0977
562 54.7587 86.0977
406 55.6117 86.1708
940 56.635 86.2584
880 58.0065 86.3759
140 59.6951 86.5207
620 62.8465 86.7909
353 63.4143 86.8395
937 63.7926 86.8719
42 64.1274 86.9006
273 64.46 86.929
177 64.7962 86.9578
285 65.1523 86.9883
845 65.4722 87.0157
622 65.7775 87.0418
816 66.0749 87.0672
567 66.4105 87.0959
202 66.7578 87.1257
464 67.2505 87.1679
823 67.7625 87.2117
149 68.2635 87.2546
251 68.6918 87.2913
52 69.0932 87.3256
817 69.5129 87.3616
481 69.9789 87.4014
818 70.4705 87.4435
742 70.9178 87.4818
864 71.3221 87.5164
854 71.7055 87.5493
159 72.0829 87.5816
158 72.4286 87.6111
477 72.7791 87.6411
893 73.2599 87.6823
544 73.6142 87.7126
775 74.0267 87.7479
145 74.4559 87.7847
813 74.947 87.8267
580 75.4542 87.8701
666 76.028 87.9049
725 76.6463 87.9423
318 77.1783 87.9746
820 79.2546 88.1002
928 81.1706 88.2161
983 81.1757 88.2088
135 81.1812 88.201
494 81.7891 87.3377
648 82.6418 86.1268
204 83.4402 84.993
740 83.8532 84.4064
685 84.2559 83.8344
25 84.6263 83.3082
889 84.9333 82.8722
473 85.2766 82.3846
322 85.6623 81.8367
372 86.1023 81.2118
506 82.2107 70.2275
450 82.2107 70.2275
660 82.2107 70.2275
311 82.1002 69.9976
684 81.333 68.4018
242 80.7943 67.2817
528 80.7943 67.2817
332 80.7943 67.2817
977 80.7943 67.2817
579 80.7943 67.2817
837 80.7943 67.2817
852 82.6928 65.0524
497 84.8136 62.5619
884 83.3092 62.5202
385 80.4089 62.4397
942 77.9029 62.3702
420 77.9029 62.3702
110 77.9029 62.3702
383 77.9029 62.3702
838 77.9029 62.3702
920 77.9029 62.3702
967 77.4626 62.6267
932 76.8495 62.9839
538 70.426 66.7261
334 70.426 66.7261
102 70.426 66.7261
201 70.426 66.7261
478 70.426 66.7261
152 70.426 66.7261
656 70.426 66.7261
904 70.426 66.7261
595 70.426 66.7261
340 70.426 66.7261
650 70.426 66.7261
941 70.426 66.7261
173 70.426 66.7261
583 70.426 66.7261
68 69.8247 67.6346
907 69.2091 68.5646
744 68.4694 69.682
51 67.7922 70.7052
417 67.149 71.6769
317 66.2917 72.1308
440 66.1396 72.2113
378 65.9919 72.2895
931 65.8572 72.3607
654 65.7466 72.4192
975 65.6351 72.4783
900 65.5113 72.5438
290 65.3772 72.6147
962 65.2433 72.6856
465 65.1026 72.76
83 64.5753 72.8623
867 63.9902 72.9757
727 63.346 73.1006
460 62.6692 73.2318
18 62.0236 73.3569
71 61.3772 73.4823
297 60.2639 73.698
238 58.7913 73.9833
632 56.7006 74.3883
530 54.8622 74.7444
229 54.8735 74.5675
782 54.885 74.3888
513 54.8965 74.2098
126 54.9078 74.033
800 54.9203 73.8377
986 54.9328 73.6425
395 54.9447 73.4581
335 54.9586 73.2412
109 54.9741 72.9991
280 54.9883 72.7779
801 55.0044 72.5266
112 55.0233 72.2316
895 55.041 71.9554
921 55.0613 71.6379
563 55.0826 71.3062
134 55.1102 70.8756
894 55.1389 70.4271
315 55.1703 69.9376
208 55.2053 69.3906
509 55.239 68.8651
847 55.2776 68.2618
432 55.3204 67.5939
515 55.371 66.8048
393 55.417 66.0864
67 55.4632 65.3639
235 55.5105 64.6262
485 55.5659 63.7614
987 55.5945 63.3143
190 55.6687 62.156
625 54.7959 61.7514
647 53.9176 61.3441
286 52.6328 60.7484
810 51.2964 60.1289
264 49.5856 59.3358
30 48.2683 58.725
370 48.1039 58.6488
791 47.9582 58.5812
798 47.7969 58.5064
180 47.6252 58.4268
127 47.6451 58.4883
492 47.6653 58.5509
512 47.6861 58.6154
472 47.7147 58.7039
809 47.7469 58.8039
342 47.7782 58.9007
471 47.8145 59.0133
577 47.8503 59.1242
101 47.8841 59.2289
519 47.9185 59.3356
793 47.9552 59.4491
923 47.9906 59.5587
964 48.0281 59.6751
262 48.0599 59.7735
843 48.095 59.8824
576 48.1368 60.0118
410 48.1788 60.1421
945 48.2168 60.2598
186 48.2652 60.4096
35 48.3164 60.5682
617 48.3653 60.7198
498 48.408 60.8522
453 48.4551 60.998
188 48.4974 61.1291
558 48.5416 61.266
175 48.5849 61.4003
765 48.6279 61.5335
732 48.6742 61.677
484 48.7248 61.8337
225 48.7697 61.9726
855 48.8093 62.0955
762 48.8476 62.2141
282 48.8833 62.3246
216 48.9193 62.4362
779 48.9555 62.5485
523 48.9913 62.6593
676 49.0255 62.7653
621 49.0604 62.8735
857 49.102 63.0025
161 49.1291 63.0864
605 49.1583 63.1767
84 49.183 63.2533
468 49.2082 63.3314
163 49.2331 63.4087
668 49.2599 63.4915
350 46.8892 65.0822
802 46.3705 65.4303
404 45.8298 65.362
976 45.427 65.3111
144 45.0881 65.2683
968 44.7629 65.2272
743 44.3864 65.1797
683 43.977 65.128
91 43.5923 65.0794
533 42.3787 64.926
171 41.3886 64.8009
308 40.452 64.6826
226 39.6862 64.5859
291 39.6608 64.5744
724 39.6364 64.5635
540 39.6113 64.5523
597 39.5844 64.5402
645 39.5579 64.5283
54 39.5329 64.5171
80 39.5082 64.506
137 39.4817 64.4941
104 39.4565 64.4828
839 39.4314 64.4716
459 39.4077 64.461
461 39.3829 64.4498
804 38.6147 64.5774
596 37.7491 64.7211
715 36.9323 64.8567
910 36.0399 65.0049
929 35.0738 65.1653
56 34.1138 65.3247
571 32.9774 65.5134
365 32.0074 65.6745
950 30.7564 65.8822
132 30.7564 65.8822
733 30.7564 65.8822
21 30.7563 65.8822
878 30.7563 65.8822
359 30.7563 65.8822
501 30.7563 65.8822
591 30.7563 65.8822
587 30.7563 65.8822
730 30.7563 65.8822
124 30.7563 65.8822
526 30.5224 65.8011
537 30.3143 65.729
252 30.1117 65.6588
524 28.0231 64.9349
599 27.7565 64.8424
59 27.4846 64.7482
846 27.226 64.6586
924 26.9788 64.5729
275 26.7429 64.4911
411 26.5104 64.4106
601 26.2979 64.3369
507 26.089 64.2645
482 25.8733 64.1897
451 25.8733 64.1897
729 25.8733 64.1897
691 25.8733 64.1897
903 25.8733 64.1897
552 25.8733 64.1897
965 25.8733 64.1897
772 25.8733 64.1897
901 25.8733 64.1897
233 25.8733 64.1897
705 25.8733 64.1897
510 25.8733 64.1897
756 25.8733 64.1897
897 25.8733 64.1897
79 25.8733 64.1897
981 25.8733 64.1897
640 25.8733 64.1897
630 25.8733 64.1897
130 25.8733 64.1897
764 25.8733 64.1897
971 25.8733 64.1897
220 25.8733 64.1897
604 25.8733 64.1897
658 25.8733 64.1897
927 25.119 63.3565
272 24.2689 62.4175
574 24.2033 62.0569
390 24.0653 61.2989
34 23.9013 60.3982
422 23.7425 59.5265
956 23.6059 58.7759
329 23.4859 58.1169
788 23.3473 57.3561
147 23.1719 56.3928
957 23.0802 55.8889
723 22.9645 55.2534
720 22.9381 55.1087
336 22.9047 54.9253
543 22.872 54.7455
565 22.8434 54.5888
182 22.8136 54.4247
545 22.7866 54.2768
858 22.758 54.1196
279 22.7309 53.9706
525 22.7045 53.826
493 22.681 53.6966
269 22.6135 53.3261
382 22.5507 52.9811
324 22.4695 52.5356
735 22.3887 52.0917
267 22.2934 51.568
913 22.0676 50.3283
413 21.8485 49.1247
476 21.6279 47.9136
205 21.4484 46.9279
663 21.4484 46.9279
908 21.4484 46.9279
698 21.4484 46.9279
37 21.4484 46.9279
302 21.4484 46.9279
700 21.4484 46.9279
534 21.4484 46.9279
936 21.4484 46.9279
148 21.9076 46.4575
142 22.3571 45.9969
633 22.8628 45.4788
414 23.4437 44.8836
811 23.9032 44.4129
32 24.2412 44.0665
391 24.5744 43.7252
403 24.9684 43.3215
797 25.391 42.8885
535 25.9401 42.326
65 26.5025 41.7497
612 27.0664 41.1719
829 27.5897 40.6358
38 28.0703 40.1434
787 28.5862 39.6149
278 28.5862 39.6149
151 28.5862 39.6149
221 28.5862 39.6149
125 28.5862 39.6149
438 28.5862 39.6149
869 28.5862 39.6149
566 28.5862 39.6149
853 28.5862 39.6149
486 28.5862 39.6149
549 28.5862 39.6149
949 28.5862 39.6149
475 29.2995 39.5453
11 30.2269 39.455
655 31.273 39.353
586 34.1364 39.074
7 35.0389 38.9861
692 35.9453 38.8978
379 36.7672 38.8177
935 37.5143 38.7449
160 38.0777 38.69
250 38.6626 38.633
49 38.4201 39.9008
862 38.268 40.6953
194 38.1168 41.4846
522 37.9761 42.2194
452 37.8513 42.8712
89 37.7221 43.5456
917 37.7221 43.5456
687 37.7221 43.5456
191 37.7221 43.5456
529 37.7221 43.5456
748 37.7221 43.5456
783 37.7221 43.5456
706 37.7221 43.5456
480 37.7221 43.5456
664 37.7221 43.5456
508 37.7221 43.5456
679 37.7221 43.5456
388 37.7221 43.5456
876 37.7221 43.5456
397 37.7221 43.5456
210 38.8766 46.5976
912 39.7174 48.8203
922 39.8302 48.7626
688 39.9451 48.7038
281 40.1574 48.5953
237 40.3527 48.4955
891 40.5552 48.3919
778 40.7933 48.2702
155 41.0639 48.1318
197 41.3147 48.0036
619 41.4661 47.9262
603 41.6469 47.8338
356 42.9677 47.1586
844 44.2557 46.5001
906 45.0593 46.0893
989 45.6817 45.7711
978 46.4557 45.3754
875 46.7515 45.2241
870 47.0216 45.086
276 47.272 44.9579
848 47.5272 44.8275
69 47.7929 44.6916
257 48.0583 44.5559
865 52.2436 42.4166
790 52.2436 42.4166
19 52.4434 42.3716
66 52.6412 42.327
751 52.8407 42.2821
421 53.029 42.2397
27 54.1904 41.9787
634 55.1928 41.7533
594 56.1419 41.5399
821 57.0826 41.3284
323 57.6875 41.1924
675 57.6875 41.1924
623 57.6875 41.1924
358 57.6875 41.1924
842 57.6875 41.1924
785 57.6875 41.1924
314 58.18 41.7039
377 58.6524 42.1946
681 59.1508 42.7123
670 59.9215 43.5128
930 60.0158 43.6107
355 60.1157 43.7145
828 60.2255 43.8287
606 60.3547 43.9629
644 60.4753 44.0881
217 60.5885 44.2057
45 60.7053 44.3271
43 60.8275 44.454
70 60.9559 44.5875
716 61.0681 44.704
850 63.2455 46.9649
396 63.2455 46.9649
926 63.2455 46.9649
767 63.2455 46.9649
143 63.2455 46.9649
85 63.2455 46.9649
117 63.2455 46.9649
293 63.2455 46.9649
63 63.2455 46.9649
357 66.0148 46.9557
592 68.9584 46.9459
553 71.0753 46.9387
466 73.1703 46.9315
29 75.2576 46.9244
425 77.3895 46.9171
745 79.5945 46.9096
107 82.4258 46.9002
609 82.4219 46.8383
274 82.4182 46.781
835 82.4148 46.7265
170 82.4114 46.6739
232 82.2351 43.9314
590 82.2702 43.7022
33 82.2918 43.5616
520 82.3083 43.4538
387 82.3232 43.3569
951 82.3445 43.218
136 82.3675 43.0681
198 82.393 42.9017
195 82.85 39.9181
345 84.9952 25.9039
98 85.1758 24.7255
627 85.9337 19.7766
483 86.2684 17.5916
243 86.2684 17.5916
979 86.2684 17.5916
260 86.2684 17.5916
