0,483,979,345,627,243,260,581,24,777,176,721,103,27,504,598,821,819,45,295,959,831,586,19,873,555,781,419,164,6,934,785,209,751,55,865,989,289,458,930,935,681,634,197,250,828,421,66,862,452,472,69,870,917,262,716,619,543,38,522,438,612,549,413,525,302,388,49,790,692,480,379,11,748,566,356,853,257,834,160,679,278,486,706,783,687,529,664,829,535,475,7,32,811,221,151,78,869,205,836,121,655,602,943,467,915,261,191,64,363,787,702,307,883,337,626,354,822,111,26,824,407,351,573,287,709,246,518,310,704,653,284,669,439,902,254,474,268,641,402,348,572,366,741,643,899,661,682,362,588,211,488,722,674,8,812,629,61,881,187,794,4,963,74,412,646,710,331,299,258,86,455,898,958,985,423,700,10,65,673,863,133,514,328,534,128,122,212,384,154,330,990,499,312,125,352,46,283,770,652,489,476,228,616,542,496,505,182,87,422,849,771,949,858,463,749,303,157,47,936,972,218,527,57,214,589,708,116,123,192,100,336,391,142,174,841,925,166,531,341,222,938,324,691,909,267,897,957,764,507,411,373,797,663,329,981,733,599,956,59,510,279,805,414,698,731,37,723,148,493,508,633,451,640,735,758,269,403,908,756,688,137,34,912,603,891,104,839,397,155,843,929,876,809,342,778,512,597,180,945,461,621,147,913,210,127,965,21,901,390,922,89,601,545,720,927,587,732,645,171,308,576,30,788,54,291,591,910,56,596,175,523,954,80,225,540,167,223,134,404,60,16,689,878,971,365,533,614,454,429,501,552,349,398,729,846,326,697,220,550,726,168,903,604,526,333,99,950,275,571,233,359,79,789,730,600,81,130,132,327,382,705,924,630,502,196,677,772,565,524,739,234,796,680,3,860,500,970,551,482,479,400,374,427,272,131,703,119,338,503,747,97,760,114,347,667,639,607,376,445,665,207,939,381,966,948,113,991,219,224,556,944,77,686,784,734,657,799,371,298,14,517,879,48,162,277,728,830,255,361,717,694,457,244,890,433,203,554,615,547,240,75,868,447,90,426,346,736,628,31,759,988,780,570,446,719,444,300,199,803,678,39,827,401,436,263,969,169,178,153,953,914,301,711,792,585,693,380,750,405,435,815,106,213,236,200,718,651,521,753,15,905,304,469,368,247,316,364,462,955,17,95,1,399,138,557,695,424,637,93,560,115,933,825,973,386,442,183,249,325,495,568,892,108,546,321,982,593,339,418,443,696,13,487,608,360,699,712,757,58,916,946,701,88,288,635,92,120,919,226,270,574,888,662,537,578,189,394,840,795,73,76,773,872,296,141,806,256,428,859,886,658,41,266,431,184,2,124,50,96,885,490,610,786,72,707,752,548,230,44,36,430,761,631,918,150,409,20,253,611,672,28,306,456,441,871,491,808,569,139,776,714,833,768,227,960,882,265,470,974,231,448,539,105,375,559,774,746,241,206,172,561,416,713,271,449,877,763,320,82,165,814,738,53,638,766,181,22,874,294,659,305,309,146,389,613,624,530,343,636,980,861,754,516,245,40,866,536,649,392,129,976,144,484,252,724,140,802,215,292,415,895,857,319,826,563,317,118,315,562,460,618,947,408,952,437,807,406,856,62,5,434,541,896,532,344,239,961,511,202,185,642,887,229,931,851,156,367,313,880,179,911,23,816,251,854,259,177,353,622,145,823,737,992,273,584,42,52,477,464,159,71,620,893,149,813,158,285,544,845,817,318,580,820,983,135,494,928,660,473,685,25,889,311,322,372,725,648,528,742,666,204,740,385,152,904,837,962,51,18,481,465,937,864,975,340,395,575,782,579,83,297,801,126,567,984,509,280,690,744,671,12,9,369,800,582,832,940,432,91,987,173,378,668,654,727,290,216,109,564,921,248,986,335,755,94,193,894,350,282,264,676,617,769,513,855,715,798,498,163,101,923,791,459,84,968,632,964,605,112,208,440,515,779,453,793,804,186,765,370,237,468,743,683,558,235,471,194,410,286,281,606,357,577,623,842,875,396,314,767,188,358,675,85,492,63,848,844,276,43,906,519,217,594,377,355,29,978,644,143,745,323,553,670,232,592,926,420,466,478,625,810,190,538,647,867,117,238,161,762,393,907,68,35,293,70,485,847,941,595,650,67,942,102,583,110,201,332,775,900,818,383,417,450,977,852,497,334,684,884,170,506,656,932,425,107,967,136,951,838,387,920,274,242,195,850,609,198,98,33,520,835,590,
value : 508.57 running time : 42.029299
0 80 20
483 84.3401 15.2891
979 84.3401 15.2891
345 84.3401 15.2891
627 84.3401 15.2891
243 83.5454 15.2766
260 80.6185 15.2306
581 72.2837 15.0996
24 71.0813 15.0807
777 70.046 15.0644
176 69.3929 15.0542
721 68.7722 15.0444
103 68.0066 15.0324
27 60.3125 23.4624
504 59.7948 24.0296
598 59.054 24.8413
821 57.8762 26.1318
819 56.8408 27.2663
45 55.3648 28.8834
295 55.3648 28.8834
959 54.7988 29.4524
831 53.8124 30.444
586 52.4978 31.7655
19 52.4475 31.8161
873 52.3993 31.8645
555 52.3486 31.9155
781 52.2981 31.9663
419 52.2472 32.0174
164 52.1949 32.07
6 52.1448 32.1204
934 52.0905 32.1749
785 51.6507 32.9891
209 51.2186 33.7892
751 50.7741 34.6121
55 50.3205 35.4519
865 49.7353 36.5353
989 49.0642 37.7778
289 49.0149 37.869
458 48.9466 37.9955
930 48.877 38.1243
935 48.8084 38.2514
681 48.7432 38.3721
634 48.6742 38.4998
197 48.6031 38.6313
250 48.5385 38.7511
828 48.4675 38.8825
421 48.3864 39.0327
66 48.3055 39.1824
862 48.2231 39.335
452 48.1458 39.4781
472 48.0709 39.6167
69 47.9996 39.7487
870 47.9299 39.8778
917 47.8559 40.0147
262 47.7823 40.151
716 44.6986 39.7334
619 37.4326 38.7495
543 35.2066 38.448
38 35.2066 38.448
522 35.2066 38.448
438 35.0359 38.343
612 34.886 38.2509
549 34.7595 38.1731
413 34.6463 38.1035
525 34.5216 38.0268
302 34.4023 37.9535
388 34.2772 37.8765
49 34.1631 37.8064
790 34.0171 37.7166
692 33.861 37.6206
480 33.7012 37.5224
379 33.5333 37.4191
11 33.3811 37.3256
748 33.2388 37.2381
566 33.102 37.154
356 32.9543 37.0631
853 32.7827 36.9576
257 32.6116 36.8524
834 32.4238 36.737
160 32.2421 36.6252
679 32.0619 36.5145
278 31.8783 36.4015
486 31.7016 36.2929
706 31.5485 36.1988
783 31.3716 36.09
687 31.1957 35.9819
529 31.0138 35.87
664 30.8322 35.7583
829 30.643 35.642
535 30.4863 35.5457
475 30.3178 35.4421
7 30.151 35.3395
32 29.9413 35.2106
811 29.7689 35.1046
221 29.5857 34.9919
151 29.4125 34.8854
78 29.2284 34.7722
869 28.9714 33.5252
205 28.7216 32.3128
836 28.4535 31.0122
121 28.4535 31.0122
655 28.4535 31.0122
602 28.7215 30.0453
943 28.9666 29.1612
467 29.2616 28.0967
915 29.5069 27.2115
261 29.7497 26.3353
191 29.953 25.6017
64 30.2826 24.4126
363 30.5841 23.3248
787 30.6997 22.9077
702 30.8317 22.4312
307 30.9591 21.9717
883 31.0968 21.4747
337 31.2271 21.0046
626 31.3471 20.5716
354 31.4657 20.1438
822 31.6156 19.603
111 31.7703 19.0446
26 31.9214 18.4995
824 32.0667 17.9753
407 32.2704 17.2402
351 32.4415 16.6229
573 32.5912 16.0827
287 32.7414 15.5408
709 32.8716 15.0711
246 33.0584 14.3971
518 33.2722 13.6256
310 33.2654 13.6265
704 33.2584 13.6274
653 33.2516 13.6283
284 29.1355 14.1539
669 26.9882 14.4282
439 24.3618 14.7636
902 21.9316 15.074
254 19.7166 15.3569
474 17.2176 15.676
268 14.6867 15.9993
641 14.1848 15.8888
402 13.6419 15.7692
348 13.0922 15.6482
572 12.5598 15.531
366 12.5527 15.5285
741 12.5456 15.5261
643 12.5392 15.5239
899 12.5296 15.5207
661 12.4924 15.5079
682 12.4537 15.4946
362 12.4184 15.4826
588 12.3848 15.471
211 12.3507 15.4593
488 12.3163 15.4476
722 12.2795 15.435
674 12.2461 15.4235
8 12.2125 15.412
812 12.174 15.3988
629 12.083 16.1463
61 11.9775 17.0132
881 11.8802 17.8123
187 11.692 19.3589
794 11.5157 20.8076
4 11.4503 21.3448
963 11.3965 21.7872
74 11.3425 22.2313
412 11.2955 22.6175
646 11.2455 23.0283
710 11.1054 24.1795
331 10.9857 25.1627
299 10.8603 26.1932
258 10.7364 27.2117
86 10.6033 28.3049
455 10.5005 29.15
898 10.3741 30.1883
958 10.2496 31.2112
985 10.1571 31.9714
423 10.0619 32.7537
700 9.9898 33.3463
10 9.92122 33.9098
65 9.85731 34.4349
673 9.79287 34.9644
863 9.66558 36.0104
133 9.56208 36.8609
514 9.42859 37.9578
328 9.10949 40.5798
534 8.81389 43.0089
128 8.59621 44.7976
122 8.40243 46.3899
212 8.76843 46.3293
384 9.11202 46.2723
154 9.44846 46.2165
330 9.76829 46.1635
990 10.1335 46.103
499 10.4446 46.0514
312 10.9538 45.967
125 11.5076 45.8752
352 11.5181 45.9609
46 11.5271 46.0341
283 11.5367 46.1126
770 11.5473 46.1983
652 11.5579 46.2849
489 11.5684 46.3702
476 11.5781 46.4497
228 11.588 46.5303
616 11.5982 46.6131
542 11.609 46.7011
496 11.6189 46.7819
505 11.629 46.8638
182 11.6386 46.9422
87 11.6474 47.0137
422 11.9364 49.3669
849 12.0708 50.4612
771 12.0708 50.4612
949 12.0708 50.4612
858 12.0708 50.4612
463 12.0708 50.4612
749 12.0708 50.4612
303 12.0708 50.4612
157 12.0708 50.4612
47 12.0708 50.4612
936 12.0708 50.4612
972 12.0708 50.4612
218 12.0708 50.4612
527 12.0708 50.4612
57 12.0708 50.4612
214 12.0708 50.4612
589 12.0708 50.4612
708 12.0708 50.4612
116 12.0708 50.4612
123 12.1932 51.2877
192 12.2976 51.9931
100 12.303 52.0296
336 12.3085 52.0662
391 12.3137 52.1012
142 12.3192 52.1387
174 12.3248 52.1768
841 12.3306 52.2157
925 12.3367 52.2571
166 12.3423 52.2947
531 12.3483 52.3353
341 13.1665 52.5544
222 14.092 52.8021
938 15.1605 53.0882
324 16.1086 53.3421
691 16.8469 53.5398
909 17.5641 53.7318
267 18.9127 54.0929
897 18.9245 54.0961
957 18.9368 54.0994
764 18.9368 54.0994
507 18.9368 54.0994
411 18.9368 54.0994
373 18.952 53.9652
797 18.9649 53.8509
663 18.9771 53.7431
329 18.9866 53.659
981 18.9976 53.5609
733 19.0085 53.4646
599 19.0204 53.3592
956 19.1011 52.6448
59 19.1795 51.9505
510 19.2626 51.2143
279 19.3528 50.4157
805 19.4471 49.5799
414 19.5572 48.6046
698 19.5572 48.6046
731 19.5572 48.6046
37 20.9855 49.0337
723 22.2276 49.4068
148 23.4835 49.7841
493 25.9211 50.5164
508 26.2395 50.6121
633 26.5501 50.7054
451 26.8779 50.8038
640 27.2348 50.9111
735 27.561 51.009
758 27.8746 51.1033
269 28.2861 51.2269
403 28.6499 51.3362
908 29.056 51.4582
756 29.5084 51.5941
688 29.9455 51.7254
137 30.3958 51.8607
34 30.7408 51.9643
912 31.2645 52.1216
603 31.6698 52.2434
891 32.1091 52.3754
104 32.5609 52.5111
839 32.9055 52.6146
397 33.2316 52.7126
155 37.2622 53.9234
843 38.5173 54.3004
929 38.4206 54.5032
876 38.3383 54.6757
809 38.2502 54.8603
342 38.1726 55.023
778 38.0811 55.2149
512 37.9959 55.3934
597 37.8997 55.595
180 37.809 55.785
945 37.7163 55.9795
461 37.5605 56.306
621 37.403 56.6362
147 37.2491 56.9587
913 37.0948 57.2821
210 36.6943 58.1216
127 36.1587 59.2445
965 35.4252 60.7818
21 35.0814 61.5025
901 34.7896 62.1141
390 34.5074 62.7057
922 34.2646 63.2146
89 33.9629 63.847
601 33.5563 64.6991
545 33.5563 64.6991
720 33.468 64.967
927 33.3829 65.2251
587 33.3109 65.4434
732 33.2433 65.6485
645 33.1616 65.8962
171 33.0811 66.1403
308 33.0031 66.377
576 32.9278 66.6053
30 32.8424 66.8644
788 32.7495 67.146
54 32.6591 67.4202
291 32.5591 67.7234
591 32.4539 68.0426
910 32.3615 68.3227
56 32.2694 68.6021
596 32.173 68.8943
175 32.0738 69.1952
523 31.9679 69.5165
954 31.8524 69.8667
80 31.7618 70.1415
225 31.6658 70.4325
540 31.5602 70.7527
167 31.4534 71.0767
223 31.5209 70.7513
134 31.5967 70.3862
404 31.5611 70.1389
60 31.5275 69.9055
16 31.4899 69.6442
689 31.4471 69.3472
878 31.4033 69.0426
971 31.3597 68.74
365 31.3176 68.4478
533 31.2766 68.1627
614 31.2419 68.1637
454 29.0363 68.2269
429 26.6821 68.2944
501 26.4463 68.3012
552 26.1784 68.3089
349 25.9313 68.3159
398 25.6685 68.3235
729 25.4388 68.3301
846 25.1944 68.3371
326 24.9495 68.3441
697 24.7309 68.3504
220 24.5038 68.3569
550 24.2856 68.3631
726 24.0648 68.3695
168 23.8518 68.3756
903 23.6652 68.3809
604 23.4614 68.3868
526 23.2512 68.3928
333 23.044 68.3987
99 22.8337 68.4048
950 22.6233 68.4108
275 22.4193 68.4166
571 22.2252 68.4222
233 22.0161 68.4282
359 21.8173 68.4339
79 21.5737 68.4409
789 21.3318 68.4478
730 21.0932 68.4547
600 20.8259 68.4623
81 20.5587 68.47
130 20.3131 68.477
132 20.0747 68.4839
327 19.8399 68.4906
382 19.6004 68.4975
705 19.3431 68.5048
924 18.2148 68.5372
630 17.026 68.5713
502 15.9353 68.6025
196 14.8769 68.6329
677 13.8718 68.6617
772 13.6954 68.7177
565 13.5123 68.7758
524 13.1986 68.8753
739 12.8725 68.9787
234 12.5312 69.087
796 12.4655 69.1078
680 12.3946 69.1303
3 12.3204 69.1539
860 12.2482 69.1768
500 12.1797 69.1985
970 12.108 69.2212
551 12.039 69.2432
482 11.9691 69.2653
479 11.9001 69.2872
400 11.8231 69.3116
374 11.7455 69.3363
427 11.6717 69.3597
272 11.6034 69.3813
131 11.5302 69.4046
703 11.456 69.4281
119 11.3829 69.4513
338 11.309 69.4747
503 11.2366 69.4977
747 11.1627 69.5211
97 11.0912 69.5438
760 11.0173 69.5673
114 10.9455 69.59
347 10.8655 69.6154
667 10.8599 69.8154
639 10.8544 70.0102
607 10.8493 70.1912
376 10.8443 70.3696
445 10.8388 70.5637
665 10.8335 70.7544
207 10.8281 70.9428
939 10.8232 71.1185
381 10.8159 71.377
966 10.8087 71.6353
948 10.8008 71.9147
113 10.7929 72.1932
991 10.7858 72.4466
219 10.779 72.6895
224 10.7715 72.9537
556 10.7642 73.2156
944 10.757 73.4717
77 10.754 73.5783
686 10.7505 73.7003
784 10.7473 73.816
734 10.7435 73.949
657 10.7394 74.0945
799 10.7358 74.2235
371 10.7317 74.3681
298 10.7271 74.5333
14 10.7229 74.6809
517 10.7186 74.8339
879 10.7139 75.001
48 10.7086 75.1885
162 10.7043 75.3412
277 10.6999 75.4994
728 10.695 75.6733
830 10.6904 75.8343
255 10.6865 75.975
361 10.678 76.2756
717 10.67 76.559
694 10.652 77.1986
457 10.6284 78.038
244 10.605 78.8692
890 10.5843 79.6064
433 10.5628 80.3683
203 10.5404 81.1663
554 10.5187 81.9343
615 10.4953 82.7679
547 10.4706 83.6453
240 10.45 84.3754
75 10.4279 85.1624
868 10.4013 86.1054
447 10.395 86.3284
90 10.3893 86.534
426 10.3824 86.7762
346 10.3756 87.0181
736 10.3604 87.5582
628 10.3461 88.0663
31 10.3318 88.575
759 10.3158 89.1454
988 10.2951 89.8791
780 10.2983 89.8791
570 10.301 89.8791
446 10.3038 89.8791
719 10.3065 89.8791
444 10.3092 89.8792
300 10.3119 89.8792
199 10.3147 89.8792
803 10.3174 89.8792
678 10.3201 89.8792
39 10.3228 89.8793
827 10.3256 89.8793
401 10.3284 89.8793
436 10.3313 89.8793
263 10.3339 89.8793
969 10.3366 89.8794
169 10.3394 89.8794
178 10.3422 89.8794
153 10.3449 89.8794
953 10.3476 89.8794
914 10.3504 89.8794
301 10.3531 89.8795
711 10.3558 89.8795
792 10.3585 89.8795
585 10.3612 89.8795
693 10.364 89.8795
380 10.3667 89.8796
750 10.3695 89.8796
405 10.3722 89.8796
435 10.375 89.8796
815 10.3779 89.8796
106 10.3804 89.8796
213 10.383 89.8797
236 11.4019 89.8866
200 12.3933 89.8933
718 13.4944 89.9008
651 14.8083 89.9097
521 15.8527 89.9168
753 15.8782 89.8123
15 15.9034 89.7087
905 15.9328 89.5883
304 15.9478 89.5266
469 15.9642 89.4595
368 15.9788 89.3997
247 15.994 89.3374
316 16.0095 89.2739
364 16.0241 89.2139
462 16.0387 89.1541
955 16.0554 89.0857
17 16.0698 89.0266
95 16.0853 88.963
1 16.1003 88.9016
399 16.1158 88.8381
138 16.1301 88.779
557 16.1457 88.7153
695 16.1613 88.6512
424 16.1767 88.5882
637 16.1916 88.5271
93 16.2073 88.4628
560 16.2232 88.3975
115 16.2363 88.344
933 16.2507 88.2845
825 16.268 88.2138
973 16.2816 88.1582
386 16.2964 88.0975
442 16.3113 88.0364
183 16.3266 87.9736
249 16.3426 87.9079
325 16.3584 87.8432
495 16.373 87.7831
568 16.3873 87.7247
892 16.4034 87.6586
108 16.4183 87.5976
546 16.4339 87.5335
321 16.6089 87.3327
982 16.9165 87.1583
593 17.2397 86.9751
339 17.6412 86.7475
418 17.9954 86.5468
443 18.3293 86.3575
696 18.6202 86.1926
13 18.9085 86.0292
487 19.2722 85.823
608 19.6132 85.6297
360 19.9225 85.4544
699 20.2269 85.2818
712 20.59 85.076
757 20.9948 84.8466
58 21.3265 84.6585
916 21.6679 84.465
946 22.0506 84.248
701 22.4019 84.0489
88 23.0747 84.03
288 23.8259 84.0089
635 24.5782 83.9877
92 25.4408 83.9634
120 26.0938 83.945
919 26.7178 83.9275
226 27.2991 83.9111
270 27.2991 83.9111
574 27.2991 83.9111
888 27.3031 83.9457
662 27.3071 83.9808
537 27.3111 84.015
578 27.3154 84.052
189 27.3195 84.0875
394 27.3238 84.1245
840 27.3278 84.1591
795 27.3321 84.1965
73 27.3362 84.2319
76 27.34 84.2646
773 27.3437 84.297
872 27.3473 84.3284
296 27.3515 84.3646
141 27.3556 84.4
806 27.3595 84.4334
256 27.3636 84.4689
428 27.3677 84.5042
859 27.3717 84.5393
886 27.3753 84.5701
658 27.379 84.6023
41 27.3829 84.6357
266 27.3864 84.6664
431 27.4257 85.0055
184 27.4649 85.3443
2 27.5134 85.7641
124 27.5624 86.1873
50 27.6232 86.7133
96 27.6776 87.1834
885 27.7286 87.6242
490 27.7791 88.0612
610 27.8347 88.5422
786 27.8848 88.9754
72 27.9334 89.3948
707 27.9795 89.7936
752 28.0256 90.1923
548 28.0352 90.2751
230 28.045 90.3604
44 28.0552 90.4481
36 28.0656 90.5381
430 28.0761 90.6292
761 28.0855 90.71
631 28.0955 90.7965
918 28.1045 90.8742
150 28.1146 90.962
409 28.1251 91.0523
20 28.1352 91.1399
253 28.1443 91.2183
611 28.1549 91.3104
672 28.1642 91.3904
28 28.1747 91.4813
306 28.1846 91.5671
456 28.1943 91.6507
441 28.204 91.735
871 28.2138 91.8193
491 28.2238 91.9056
808 28.2332 91.9872
569 28.243 92.0718
139 28.243 92.0718
776 28.243 92.0718
714 28.2753 92.072
833 28.3075 92.0722
768 28.3394 92.0724
227 28.3708 92.0726
960 33.2899 92.102
882 43.0382 92.1602
265 43.0302 92.1184
470 43.022 92.0754
974 43.0146 92.0367
231 43.0065 91.9942
448 42.9992 91.9559
539 42.9916 91.9164
105 42.9846 91.8799
375 42.9771 91.8405
559 42.9695 91.8006
774 42.9618 91.7601
746 42.9538 91.7183
241 42.945 91.6725
206 42.938 91.6358
172 42.9304 91.5957
561 42.9224 91.5543
416 42.9152 91.5165
713 42.9083 91.4804
271 42.9008 91.4409
449 42.8936 91.4031
877 42.8859 91.3631
763 42.8788 91.3258
320 42.8713 91.2866
82 42.8635 91.2457
165 42.8569 91.2113
814 42.8495 91.1725
738 42.8422 91.1343
53 42.8346 91.0942
638 42.8262 91.0502
766 42.8771 91.028
181 42.9261 91.0066
22 42.9745 90.9855
874 43.027 90.9626
294 43.0773 90.9407
659 43.1259 90.9195
305 43.1717 90.8995
309 43.2152 90.8806
146 43.261 90.8606
389 43.3118 90.8385
613 43.3598 90.8175
624 43.414 90.7939
530 43.5177 90.3653
343 43.6049 90.0044
636 43.6975 89.6217
980 43.776 89.2969
861 43.9089 88.7474
754 44.0169 88.3009
516 44.1227 87.8633
245 44.2414 87.3726
40 44.3492 86.9265
866 44.4503 86.5087
536 44.5748 85.9938
649 44.6993 85.4788
392 44.812 85.0129
129 44.9912 84.2719
976 45.1982 83.4159
144 45.357 82.7592
484 45.4888 82.2141
252 45.4888 82.2141
724 45.725 82.2465
140 46.1743 82.3081
802 46.5529 82.36
215 46.9049 82.4083
292 47.293 82.4615
415 47.7949 82.5303
895 48.2276 82.5896
857 48.6599 82.6489
319 49.0603 82.7038
826 49.475 82.7607
563 49.8987 82.8188
317 50.3677 82.8831
118 50.6924 82.9276
315 50.9921 82.9687
562 51.2701 83.0069
460 51.6095 83.0534
618 51.5866 83.6743
947 51.5691 84.1497
408 51.5512 84.634
952 51.5339 85.1008
437 51.5185 85.5189
807 51.5728 85.7474
406 51.8747 87.0172
856 52.2129 88.4399
62 52.356 89.0422
5 52.4991 89.6442
434 52.7353 89.6302
541 52.9618 89.6168
896 53.2055 89.6024
532 53.4353 89.5888
344 53.6819 89.5742
239 53.9088 89.5608
961 54.1665 89.5456
511 54.464 89.528
202 54.7819 89.5092
185 55.0799 89.4915
642 55.342 89.476
887 55.6639 89.457
229 55.9806 89.4383
931 56.28 89.4206
851 56.538 89.4053
156 56.8077 89.3893
367 57.1318 89.3702
313 57.4509 89.3513
880 57.7727 89.3323
179 58.0972 89.3131
911 58.4355 89.2931
23 58.7805 89.2727
816 60.283 89.1838
251 61.839 89.0918
854 62.5563 89.0493
259 62.8335 89.0329
177 63.1756 89.0127
353 63.5438 88.9909
622 63.8283 88.9741
145 64.1266 88.9565
823 64.4189 88.9392
737 64.6977 88.9227
992 65.0179 88.9037
273 65.3402 88.8847
584 65.6516 88.8663
42 66.3061 88.8275
52 66.96 88.7889
477 67.5932 88.7514
464 68.2914 88.7101
159 69.0813 88.6634
71 69.6433 88.6302
620 70.165 88.5993
893 70.8151 88.5608
149 71.1638 88.5402
813 71.5494 88.5174
158 71.9382 88.4944
285 72.3268 88.4714
544 72.7223 88.448
845 73.1412 88.4233
817 73.5758 88.3976
318 74.4411 88.3464
580 75.4594 88.2861
820 77.9013 88.1417
983 80.0797 88.0129
135 80.1696 88.0067
494 80.9994 87.9498
928 81.9191 87.8868
660 86.0949 84.4244
473 86.0949 84.4244
685 86.0949 84.4244
25 86.0949 84.4244
889 86.0949 84.4244
311 86.0949 84.4244
322 86.0949 84.4244
372 86.0949 84.4244
725 84.4723 83.7964
648 82.8333 83.1622
528 81.2714 82.5577
742 79.8158 81.9944
666 78.4165 81.4529
204 77.7003 81.1757
740 76.1097 80.5602
385 74.0314 79.756
152 71.0082 78.5861
904 70.6316 78.6184
837 70.312 78.6459
962 69.9851 78.6739
51 69.6404 78.7036
18 69.2945 78.7333
481 68.9815 78.7602
465 68.6639 78.7875
937 68.3555 78.8139
864 68.0536 78.8399
975 67.734 78.8673
340 66.526 78.9711
395 65.5739 79.0529
575 64.6817 79.1296
782 63.9102 79.1958
579 63.7467 79.2099
83 63.2624 79.2515
297 62.6745 79.302
801 62.0771 79.3533
126 61.4733 79.4052
567 61.4733 79.4052
984 61.4733 79.4052
509 61.2838 79.2711
280 61.1054 79.1448
690 60.9461 79.032
744 60.7548 78.8966
671 60.5083 78.7222
12 60.2774 78.5588
9 60.0488 78.3969
369 59.83 78.242
800 59.6053 78.083
582 59.3873 77.9287
832 59.181 77.7827
940 58.9616 77.6274
432 58.7582 77.4835
91 58.5526 77.3379
987 58.3654 77.2054
173 58.1751 77.0707
378 57.9869 76.9375
668 57.7841 76.794
654 57.6005 76.664
727 57.401 76.5228
290 57.1781 76.365
216 54.7943 74.6777
109 54.7838 74.6703
564 54.7734 74.6629
921 54.7627 74.6553
248 54.7516 74.6475
986 54.7408 74.6399
335 54.7308 74.6328
755 54.7195 74.6248
94 54.7088 74.6172
193 54.6976 74.6093
894 53.8616 72.2722
350 53.3133 70.7396
282 52.6662 68.7389
264 52.1613 67.1777
676 52.0606 66.8664
617 51.9655 66.5725
769 51.8706 66.2791
513 51.763 65.9464
855 51.6369 65.5566
715 51.5111 65.1675
798 51.4463 64.9672
498 51.3821 64.7686
163 51.3238 64.5886
101 51.2544 64.3416
923 51.1898 64.1119
791 51.1315 63.9048
459 51.0701 63.6861
84 51.0115 63.478
968 50.9521 63.2665
632 50.8933 63.0574
964 50.8219 62.8037
605 50.7553 62.5669
112 50.6823 62.307
208 50.5805 61.9451
440 50.4684 61.5463
515 50.3454 61.1089
779 50.2118 60.6337
453 50.0757 60.15
793 49.9233 59.6079
804 49.7773 59.0887
186 49.6282 58.5585
765 49.4847 58.0481
370 49.3091 57.4235
237 49.1549 56.8751
468 49.3033 56.7334
743 49.4386 56.6043
683 49.5702 56.4788
558 49.7518 56.3054
235 49.9404 56.1255
471 50.2005 55.8773
194 50.4806 55.61
410 50.4938 55.5978
286 51.7385 54.4437
281 52.8834 53.382
606 55.3559 51.0893
357 55.6047 50.8586
577 55.7867 50.6899
623 56.0085 50.4842
842 56.2395 50.27
875 56.4443 50.0802
396 56.6558 49.884
314 56.8917 49.6653
767 57.048 49.5203
188 57.1866 49.3918
358 57.345 49.245
675 57.3452 49.2447
85 57.3454 49.2445
492 57.3457 49.2443
63 57.3459 49.2441
848 57.3462 49.2438
844 57.3469 49.2431
276 57.61 49.0599
43 57.924 48.8411
906 58.2115 48.6409
519 58.5007 48.4394
217 58.8376 48.2047
594 59.1626 47.9784
377 59.486 47.7531
355 59.7838 47.5456
29 63.9106 47.5214
978 64.3601 47.5187
644 64.8974 47.5156
143 65.4589 47.5123
745 66.0363 47.5089
323 65.9969 47.7361
553 65.9556 47.9747
670 65.9175 48.1952
232 65.8783 48.4218
592 65.838 48.6543
926 65.7223 49.3229
420 65.6079 49.9839
466 65.5502 50.3174
478 65.0486 53.2162
625 64.7671 54.8426
810 64.6231 55.6747
190 64.5013 56.3786
538 64.3718 57.1269
647 64.2435 57.8681
867 64.1253 58.5512
117 64.1253 58.5512
238 64.1253 58.5512
161 64.1253 58.5512
762 64.5355 59.0036
393 64.9404 59.4503
907 65.302 59.8491
68 65.6816 60.2678
35 66.0272 60.6491
293 66.4461 61.1111
70 66.8993 61.611
485 67.625 62.4115
847 68.6067 63.4943
941 68.8854 63.8016
595 69.1819 64.1287
650 69.4846 64.4626
67 69.7825 64.7912
942 70.064 65.1017
102 70.3864 65.4572
583 70.7931 65.9059
110 71.6946 66.9003
201 72.5718 67.8678
332 73.473 68.8619
775 74.1361 69.5932
900 74.465 69.4171
818 74.7761 69.2504
383 75.1518 69.0492
417 75.4807 68.8731
450 82.1249 65.3151
977 82.5556 63.5719
852 82.9052 62.1565
497 83.8054 58.5125
334 83.6129 58.0315
684 83.4379 57.5942
884 83.2542 57.1353
170 83.0783 56.6957
506 82.9025 56.2563
656 82.7045 55.7616
932 82.6935 55.1918
425 82.6832 54.6599
107 82.674 54.1835
967 82.6642 53.6757
136 82.6544 53.1695
951 82.6448 52.673
838 82.6357 52.2001
387 82.6262 51.7131
920 82.6162 51.1926
274 82.606 50.664
242 82.5997 50.3416
195 82.5925 49.9667
850 82.5859 49.6229
609 82.5314 46.8049
198 82.4999 45.1749
98 82.2421 31.8275
33 82.1233 31.201
520 82.01 30.6036
835 81.8815 29.9257
590 81.5424 28.1368
