0,260,483,627,979,345,243,819,176,103,831,581,777,419,295,24,27,959,781,504,143,117,842,45,357,70,606,926,323,821,29,232,609,262,793,577,907,623,625,964,538,647,396,190,201,293,102,767,942,393,762,68,340,208,152,650,975,852,385,332,931,478,847,904,668,290,654,595,818,900,579,727,744,837,71,83,605,51,67,509,173,18,432,962,112,642,987,800,94,238,35,632,801,126,109,515,582,468,9,617,440,84,513,921,91,755,248,395,562,857,563,315,280,193,179,880,365,976,226,319,649,294,80,645,724,894,144,614,484,404,163,225,596,104,501,806,540,291,604,689,662,910,82,223,16,350,220,878,79,587,175,270,252,608,490,241,872,292,840,76,574,266,789,526,487,697,886,550,825,50,537,701,469,360,578,339,168,730,482,954,167,359,571,21,124,903,591,327,411,130,431,398,308,599,635,329,601,552,113,630,888,897,658,946,275,502,454,971,600,950,493,735,846,56,804,809,733,965,901,924,390,422,279,756,267,922,59,142,640,956,705,545,324,34,349,729,132,764,720,912,981,397,797,233,182,451,957,534,758,938,205,687,535,771,633,65,125,496,382,137,619,723,210,180,891,49,475,391,403,525,543,908,37,269,507,913,302,603,388,858,876,147,370,89,237,688,566,508,510,11,101,127,30,765,533,54,843,281,194,715,788,929,621,839,683,171,523,986,798,453,779,134,676,791,743,968,264,732,810,235,558,410,459,576,471,597,461,855,282,216,161,186,492,155,923,188,85,286,594,452,634,485,358,675,43,930,978,644,906,472,498,458,342,512,276,519,66,875,716,197,217,356,790,862,69,945,377,314,55,828,6,250,467,873,555,681,289,209,865,751,870,164,844,355,19,257,785,848,63,935,522,778,414,706,989,692,421,191,413,917,853,480,612,438,664,549,7,783,748,121,278,602,655,829,151,38,811,486,32,354,869,787,679,284,160,529,111,834,64,221,586,26,379,883,822,518,261,934,337,653,669,287,351,407,310,704,307,709,573,363,641,915,836,643,661,439,902,899,626,246,824,254,702,474,710,943,133,268,722,211,366,8,488,402,412,963,455,682,812,881,629,86,331,794,348,674,362,588,646,741,299,87,258,572,61,898,4,673,74,187,514,228,841,222,57,384,154,341,128,100,499,283,46,863,312,731,328,527,330,958,805,985,663,373,700,352,148,949,972,423,78,476,990,770,616,463,10,936,212,123,489,749,47,214,677,925,652,303,157,542,174,505,698,909,849,277,772,970,717,336,196,734,703,166,122,708,565,667,192,739,119,680,219,691,116,531,218,799,234,939,77,371,347,747,784,131,338,381,948,3,433,400,429,657,503,346,927,14,639,589,760,860,665,457,272,114,162,81,524,879,99,966,607,255,298,686,991,445,517,376,444,890,426,443,374,427,554,500,207,694,551,726,796,326,361,479,240,178,546,97,944,955,31,815,780,556,300,316,570,169,736,48,830,224,106,759,615,953,678,75,90,557,547,203,728,321,93,442,718,905,380,401,13,462,386,699,973,213,914,868,435,436,892,399,88,933,405,58,199,712,108,138,263,969,719,153,803,792,628,301,325,568,247,693,95,982,750,988,585,39,447,304,200,236,711,827,184,859,560,446,364,696,637,430,15,491,714,1,249,115,183,768,150,651,456,776,521,871,288,885,244,757,495,44,833,916,593,611,753,227,441,306,918,17,638,41,73,394,610,96,392,672,470,333,695,424,368,189,60,707,773,2,165,866,919,206,253,141,92,428,72,561,120,795,256,418,271,36,20,231,631,28,761,786,409,808,449,659,548,146,763,389,129,296,215,437,416,569,230,960,559,746,408,539,530,172,961,752,305,738,448,874,53,516,541,877,375,766,265,105,5,181,974,239,807,22,139,613,511,343,309,564,861,415,832,826,802,940,140,769,245,12,369,118,259,814,636,952,567,313,460,317,177,367,536,774,584,532,882,896,229,40,434,856,947,713,618,156,23,823,895,782,320,406,671,378,344,273,887,851,737,690,754,911,984,816,185,62,980,622,817,624,464,575,335,42,285,52,251,845,318,202,158,353,481,544,620,992,145,813,666,742,297,465,864,937,417,149,477,494,135,928,159,775,820,648,893,580,854,983,473,740,25,685,660,528,204,311,450,372,322,725,889,977,867,383,334,110,420,198,656,583,170,497,425,107,195,951,506,838,884,242,920,670,941,684,850,136,387,967,466,932,592,745,553,590,274,520,835,33,98,598,721,
value : 505.785 running time : 35.649425
0 80 20
260 83.3894 16.321
483 84.3401 15.2891
627 84.3401 15.2891
979 83.9834 15.2734
345 83.6755 15.2598
243 82.7614 15.2194
819 69.6947 14.6427
176 69.2876 14.6248
103 68.8901 14.6072
831 65.6659 19.8902
581 64.8145 21.2853
777 63.8938 22.7939
419 62.2957 25.4125
295 62.3712 26.1522
24 62.4508 26.9317
27 62.5407 27.8117
959 62.6168 28.5572
781 62.7044 29.4149
504 62.7851 30.2058
143 63.6051 38.2363
117 63.7465 39.6213
842 63.8155 40.2971
45 63.8666 40.7978
357 63.9252 41.3716
70 63.9831 41.9382
606 64.0266 42.3641
926 64.0715 42.8041
323 64.1089 43.1702
821 64.1471 43.5444
29 64.2531 44.5826
232 64.3537 45.568
609 64.4549 46.5588
262 64.8266 50.1994
793 65.3031 54.868
577 65.3628 55.0888
907 65.4726 55.4955
623 65.5714 55.861
625 65.786 56.656
964 65.9766 57.3615
538 66.1059 57.8406
647 66.2401 58.3376
396 66.3592 58.7784
190 66.5067 59.3247
201 66.6646 59.9093
293 66.7843 60.3529
102 66.9172 60.8449
767 67.0585 61.3683
942 67.2072 61.919
393 67.3728 62.5319
762 67.5231 63.0888
68 67.6766 63.657
340 67.8357 64.2462
208 67.9857 64.8017
152 68.3172 65.4092
650 68.6216 65.9671
975 68.952 66.5725
852 69.2475 67.114
385 69.5523 67.6725
332 69.8081 68.1414
931 65.4476 71.127
478 65.4476 71.127
847 65.4476 71.127
904 65.4476 71.127
668 65.4476 71.127
290 65.4476 71.127
654 65.4476 71.127
595 65.4476 71.127
818 65.4476 71.127
900 65.1582 71.1709
579 64.8499 71.2177
727 64.4982 71.271
744 64.1697 71.3208
837 63.8396 71.3709
71 63.486 71.4246
83 63.0879 71.485
605 62.6126 71.5571
51 62.193 71.6207
67 61.7402 71.6894
509 61.252 71.7635
173 60.789 71.8337
18 60.298 71.9082
432 59.7831 71.9863
962 59.3449 72.0528
112 57.2896 72.3645
642 55.3497 72.6587
987 55.2946 72.2836
800 55.2425 71.9283
94 55.1869 71.5493
238 55.1254 71.1302
35 55.0714 70.7622
632 55.0386 70.835
801 55.0068 70.9055
126 54.9782 70.9688
109 54.9546 71.0211
515 54.9302 71.075
582 54.9019 71.1378
468 54.8765 71.1941
9 54.8476 71.2581
617 54.8221 71.3147
440 54.7949 71.375
84 54.7659 71.4391
513 54.7335 71.511
921 54.7028 71.5789
91 54.674 71.6428
755 54.6435 71.7101
248 54.6435 71.7101
395 54.6435 71.7101
562 52.6064 71.7377
857 52.1527 71.7438
563 51.6853 71.7502
315 51.2711 71.7558
280 50.8166 71.762
193 50.3157 71.7688
179 50.0011 71.773
880 49.6473 71.7778
365 46.7809 71.8166
976 46.7488 71.8171
226 46.7172 71.8175
319 46.6881 71.8179
649 44.1014 71.4959
294 43.1541 71.378
80 42.1395 71.2517
645 41.1401 71.1273
724 40.9495 71.1036
894 40.7623 71.0803
144 40.5674 71.056
614 40.3647 71.0308
484 40.1709 71.0067
404 39.9525 70.9795
163 39.7468 70.9539
225 39.5413 70.9283
596 39.3263 70.9016
104 39.1212 70.876
501 38.9194 70.8509
806 38.7528 70.8302
540 38.6853 70.8218
291 38.6086 70.8123
604 38.5321 70.8027
689 38.4652 70.7944
662 38.3998 70.7863
910 38.3331 70.778
82 38.2658 70.7696
223 35.959 70.4828
16 34.1884 70.2627
350 33.1966 70.1394
220 31.4384 69.9208
878 31.3476 69.9095
79 31.2494 69.8973
587 30.9895 70.7697
175 30.7335 71.6291
270 30.3329 72.9742
252 29.9738 74.1797
608 29.6101 75.4006
490 29.3509 76.2708
241 29.1794 76.8464
872 29.0054 76.9268
292 28.8334 77.0063
840 28.6465 77.0927
76 28.408 77.2029
574 28.2117 77.2936
266 28.0028 77.3901
789 27.7954 77.486
526 27.5832 77.584
487 27.3613 77.6866
697 27.1648 77.7774
886 26.9565 77.8736
550 26.7658 77.9617
825 26.5662 78.0539
50 26.385 78.1377
537 26.2868 77.531
701 26.1962 76.9716
469 26.1221 76.5138
360 26.0302 75.9465
578 25.8937 75.1035
339 25.7432 74.1736
168 25.5883 73.2169
730 25.4208 72.1826
482 25.2419 71.0778
954 25.2419 71.0778
167 25.2419 71.0778
359 25.2893 70.9835
571 25.3297 70.9029
21 25.3691 70.8245
124 25.4052 70.7527
903 25.4445 70.6744
591 25.4811 70.6014
327 25.5163 70.5315
411 25.5512 70.4619
130 25.5856 70.3933
431 25.6191 70.3268
398 25.6672 70.2309
308 25.7188 70.1282
599 25.7596 70.0469
635 25.7989 69.9687
329 25.8423 69.8822
601 25.8847 69.7977
552 25.925 69.7176
113 25.9641 69.6396
630 26.0076 69.553
888 26.0568 69.4549
897 26.1084 69.3523
658 26.1516 69.2662
946 26.1987 69.1724
275 26.25 69.0703
502 26.2985 68.9736
454 26.5746 68.4237
971 26.9057 67.7644
600 27.2189 67.1404
950 27.5856 66.4102
493 28.1136 65.3586
735 28.5366 64.5163
846 28.9123 63.7678
56 29.3233 62.9494
804 29.7344 62.1306
809 29.5976 61.8028
733 29.4674 61.4909
965 29.337 61.1784
901 29.1987 60.8469
924 29.0667 60.5306
390 28.6469 59.525
422 28.1609 58.3606
279 27.7547 57.3875
756 27.7547 57.3875
267 27.7547 57.3875
922 27.7547 57.3875
59 27.7547 57.3875
142 27.7547 57.3875
640 27.7547 57.3875
956 27.7547 57.3875
705 27.7547 57.3875
545 27.7547 57.3875
324 27.7547 57.3875
34 27.7547 57.3875
349 27.7547 57.3875
729 27.7547 57.3875
132 27.7547 57.3875
764 27.5731 56.7633
720 27.3851 56.1174
912 27.1556 55.3287
981 26.8713 54.3516
397 26.5633 53.293
797 26.3473 52.5505
233 26.1785 51.9705
182 25.9789 51.2847
451 25.8483 50.8359
957 25.6722 50.2307
534 24.6721 46.7902
758 24.6751 46.6719
938 24.678 46.5545
205 24.6815 46.4196
687 24.6841 46.3138
535 24.6867 46.2107
771 24.6894 46.1068
633 24.692 46.0015
65 24.6952 45.8764
125 24.9276 46.0629
496 26.9612 47.6952
382 30.2949 50.3724
137 30.8091 50.7851
619 30.8091 50.7851
723 30.8091 50.7851
210 30.8091 50.7851
180 30.8091 50.7851
891 30.8091 50.7851
49 30.8091 50.7851
475 30.8091 50.7851
391 30.8091 50.7851
403 30.8091 50.7851
525 30.8091 50.7851
543 30.8091 50.7851
908 30.8091 50.7851
37 30.8091 50.7851
269 30.8091 50.7851
507 30.8091 50.7851
913 30.8091 50.7851
302 30.8091 50.7851
603 30.8091 50.7851
388 30.8091 50.7851
858 30.8091 50.7851
876 31.1266 50.9684
147 31.4319 51.1446
370 31.7509 51.3288
89 32.0033 51.4745
237 32.2575 51.6213
688 32.4968 51.7594
566 32.7534 51.9076
508 32.9983 52.049
510 33.2701 52.2059
11 33.5441 52.3641
101 36.8127 54.25
127 37.2119 54.4805
30 37.6182 54.7151
765 38.0361 54.9564
533 38.4325 55.1852
54 38.8298 55.4146
843 39.2115 55.635
281 39.2127 55.6682
194 39.214 55.7018
715 39.2154 55.7411
788 39.2167 55.7762
929 40.1316 56.336
621 41.1682 56.9703
839 42.0493 57.5095
683 43.3213 58.2878
171 44.4545 58.9813
523 45.5092 59.6267
986 46.4587 60.2077
798 46.5396 60.0695
453 46.6109 59.9475
779 46.6837 59.8232
134 46.7595 59.6937
676 46.8785 59.4904
791 46.9963 59.2892
743 47.1099 59.095
968 47.2234 58.9011
264 47.3408 58.7005
732 47.4586 58.4992
810 47.5796 58.2924
235 47.6805 58.1201
558 47.793 57.9279
410 47.9065 57.734
459 48.0295 57.5237
576 48.1787 57.2688
471 48.3337 57.004
597 48.4887 56.7392
461 48.64 56.4807
855 48.7775 56.2459
282 49.0643 55.7557
216 49.367 55.2385
161 49.7109 54.651
186 50.0957 53.9936
492 50.4646 53.3633
155 50.8062 52.7795
923 51.087 52.2999
188 51.3908 51.7808
85 51.7029 51.2476
286 52.0155 50.7134
594 52.3886 50.076
452 52.6524 49.6253
634 52.9397 49.1344
485 52.9397 49.1344
358 52.6148 46.1414
675 52.5996 46.0013
43 52.5854 45.87
930 52.5713 45.7403
978 52.5582 45.6197
644 52.545 45.4986
906 52.5316 45.3744
472 52.5189 45.2579
498 52.5062 45.1405
458 52.465 44.7611
342 52.4336 44.4716
512 52.3985 44.1485
276 52.3626 43.8176
519 52.3274 43.4933
66 52.2839 43.0921
875 52.2453 42.7364
716 52.2046 42.3614
197 52.1651 41.9976
217 52.1282 41.6575
356 52.0906 41.311
790 52.0509 40.9445
862 52.0201 40.661
69 51.9891 40.3751
945 51.9564 40.074
377 51.9133 39.6772
314 51.8716 39.2925
55 51.7816 38.4631
828 51.7178 37.8759
6 51.6547 37.2944
250 49.7332 37.5275
467 47.9198 37.7475
873 47.8499 37.7559
555 47.7568 37.7672
681 47.6567 37.7793
289 47.5516 37.7921
209 47.4514 37.8042
865 47.3521 37.8162
751 47.2547 37.828
870 47.1506 37.8407
164 47.0476 37.8531
844 46.5887 37.9087
355 46.1261 37.9647
19 45.4819 38.0427
257 44.7909 38.1264
785 44.2014 38.1978
848 43.424 38.2919
63 42.6078 38.3908
935 40.8928 38.5985
522 38.947 38.8341
778 37.251 39.0395
414 36.9678 38.8287
706 36.7239 38.6472
989 36.477 38.4634
692 36.2106 38.2653
421 35.9449 38.0676
191 35.6654 37.8595
413 35.4062 37.6666
917 35.1213 37.4547
853 34.8113 37.2239
480 34.4993 36.9918
612 34.1494 36.7314
438 33.8908 36.539
664 33.642 36.3538
549 33.3917 36.1676
7 33.1769 36.0078
783 32.9415 35.8326
748 32.6694 35.6301
121 32.3705 35.4077
278 32.1555 35.2477
602 31.9227 35.0745
655 31.7945 34.9791
829 31.6664 34.8837
151 31.5509 34.7978
38 31.4262 34.705
811 31.2952 34.6075
486 31.1565 34.5043
32 31.0216 34.4039
354 31.2705 33.2829
869 31.4639 32.412
787 31.6711 31.479
679 31.8573 30.6404
284 32.1016 29.5403
160 32.2682 28.7899
529 32.4372 28.0287
111 32.6607 27.0224
834 32.8293 26.2633
64 33.0202 25.4033
221 33.1863 24.6553
586 33.3748 23.8065
26 33.7053 22.3185
379 33.9836 21.0649
883 34.3546 19.3945
822 34.7108 17.7903
518 35.2334 15.4368
261 35.2334 15.4368
934 35.2334 15.4368
337 34.7573 15.4909
653 34.2843 15.5447
669 33.5368 15.6297
287 32.9021 15.7018
351 32.1856 15.7833
407 31.5012 15.8611
310 30.7824 15.9428
704 29.9034 16.0427
307 28.9416 16.1521
709 28.0616 16.2522
573 27.2073 16.3493
363 25.87 16.5013
641 23.608 16.7586
915 22.2021 16.9184
836 20.6558 17.0942
643 20.5358 17.1079
661 20.4084 17.1224
439 20.2899 17.1358
902 20.1645 17.1501
899 20.0412 17.1641
626 19.9274 17.1771
246 19.7114 17.2016
824 19.4809 17.2278
254 18.7352 17.3126
702 17.9656 17.4002
474 17.104 17.4982
710 16.2237 17.5983
943 16.1418 17.6076
133 12.4725 18.0246
268 12.1185 17.6028
722 11.5794 16.9605
211 11.3997 16.7464
366 11.2237 16.5368
8 11.0422 16.3205
488 10.8654 16.1098
402 10.8654 16.1098
412 10.8654 16.1098
963 10.8654 16.1098
455 10.8654 16.1098
682 10.8654 16.1098
812 10.8654 16.1098
881 10.7674 17.2351
629 10.6225 18.8972
86 10.2297 23.4056
331 10.2212 23.5024
794 10.2129 23.5977
348 10.2052 23.6868
674 10.197 23.7806
362 10.1882 23.8816
588 10.1795 23.9814
646 10.1704 24.0858
741 10.159 24.2161
299 10.1473 24.3506
87 10.1356 24.4851
258 10.1266 24.5878
572 10.1172 24.6958
61 10.1082 24.7985
898 10.0932 24.9704
4 10.0802 25.1202
673 10.0677 25.263
74 10.0546 25.4128
187 10.042 25.5583
514 9.61955 30.4013
228 9.2023 35.1852
841 8.98962 37.6235
222 8.90484 38.5954
57 8.83822 39.3591
384 8.80651 39.7226
154 8.7717 40.1217
341 8.73836 40.5039
128 8.70698 40.8636
100 8.6775 41.2016
499 8.65664 41.4407
283 8.63552 41.6828
46 8.61261 41.9455
863 8.58909 42.2151
312 8.56482 42.4934
731 8.54113 42.7649
328 8.51672 43.0447
527 8.48968 43.3547
330 8.47603 43.5112
958 8.46144 43.6785
805 8.44497 43.8672
985 8.43146 44.0222
663 8.41498 44.211
373 8.3976 44.4103
700 8.38285 44.5793
352 8.36556 44.7776
148 8.35068 44.9482
949 8.3345 45.1337
972 8.31788 45.3242
423 8.30497 45.4722
78 8.29103 45.632
476 8.26362 45.9462
990 8.23644 46.2579
770 8.20711 46.5942
616 8.17757 46.9329
463 8.14599 47.2949
10 8.11701 47.6272
936 8.07626 48.0944
212 8.04135 48.4946
123 8.00186 48.9475
489 7.95846 49.4451
749 7.91699 49.9206
47 7.87351 50.419
214 7.83121 50.904
677 7.79161 51.3581
925 7.75478 51.7804
652 7.7223 52.1527
303 7.68393 52.5926
157 7.64803 53.0043
542 7.61054 53.4341
174 7.57209 53.8749
505 7.5279 54.3816
698 7.48313 54.8949
909 7.42268 55.588
849 7.35019 56.4192
277 7.27251 57.3099
772 7.25029 57.5647
970 7.22843 57.8153
717 7.2089 58.0392
336 7.19252 58.227
196 7.17313 58.4493
734 7.15351 58.6743
703 7.13632 58.8714
166 7.11934 59.066
122 7.10166 59.2688
708 7.08322 59.4802
565 7.06285 59.7138
667 7.04019 59.9736
192 7.04019 59.9736
739 7.04019 59.9736
119 7.04019 59.9736
680 7.04019 59.9736
219 7.04019 59.9736
691 7.04019 59.9736
116 7.04019 59.9736
531 7.2577 60.4358
218 7.47886 60.9058
799 7.73169 61.4431
234 7.95969 61.9276
939 8.20088 62.4402
77 8.44754 62.9643
371 8.68801 63.4754
347 8.92346 63.9757
747 9.18746 64.5367
784 9.46016 65.1163
131 9.74288 65.7171
338 10.031 66.3293
381 10.2998 66.9007
948 10.5915 67.5205
3 10.8669 68.1056
433 11.1788 68.7685
400 11.3419 69.1151
429 11.5009 69.4529
657 11.6535 69.7772
503 11.8043 70.0978
346 11.955 70.4179
927 12.0966 70.719
14 12.0966 70.719
639 12.0966 70.719
589 12.0966 70.719
760 12.0966 70.719
860 12.0966 70.719
665 12.0966 70.719
457 12.0966 70.719
272 12.0966 70.719
114 12.0966 70.719
162 12.0966 70.719
81 12.0966 70.719
524 12.0966 70.719
879 12.0966 70.719
99 12.0966 70.719
966 12.0966 70.719
607 12.0629 71.1231
255 12.0296 71.5224
298 11.992 71.9736
686 11.9583 72.3781
991 11.9236 72.7938
445 11.8923 73.1687
517 11.8597 73.5597
376 11.8223 74.0086
444 11.7696 74.6408
890 11.751 74.8638
426 11.7331 75.0781
443 11.7186 75.2519
374 11.704 75.4275
427 11.6896 75.5999
554 11.6739 75.7882
500 11.6625 75.9242
207 11.6508 76.0647
694 11.6346 76.2592
551 11.6162 76.48
726 11.5984 76.6927
796 11.5804 76.9087
326 11.5626 77.1219
361 11.5449 77.3342
479 11.5262 77.558
240 11.5072 77.7861
178 11.4892 78.0022
546 11.4718 78.21
97 11.4559 78.4003
944 11.4369 78.6284
955 11.4191 78.842
31 11.4014 79.0536
815 11.3834 79.2691
780 11.3677 79.4575
556 11.3518 79.6478
300 11.3345 79.8557
316 11.3278 79.9362
570 11.3213 80.0143
169 11.3144 80.0962
736 11.3076 80.1773
48 11.3015 80.2512
830 11.2952 80.3261
224 11.2888 80.4032
106 10.9066 84.9667
759 10.8949 85.1063
615 10.8826 85.253
953 10.8685 85.4218
678 10.8556 85.5766
75 10.8442 85.7131
90 10.8316 85.8638
557 10.8174 86.0334
547 10.8037 86.1977
203 10.7908 86.3523
728 10.7774 86.5123
321 10.7549 86.781
93 10.7285 87.0975
442 10.7023 87.411
718 10.678 87.7019
905 10.6536 87.9936
380 10.6259 88.3251
401 10.6059 88.5639
13 10.5851 88.8129
462 10.5651 89.0524
386 10.5459 89.2826
699 10.5263 89.5169
973 10.5053 89.7678
213 10.4849 90.012
914 10.4847 90.0139
868 10.4845 90.016
435 10.4844 90.0179
436 10.4842 90.0197
892 10.4841 90.0217
399 10.4839 90.0236
88 10.4837 90.0256
933 10.4835 90.0279
405 10.4833 90.0301
58 10.4831 90.032
199 10.483 90.0342
712 10.4828 90.0363
108 10.4826 90.0383
138 10.4824 90.0404
263 10.4822 90.0425
969 10.482 90.0446
719 10.4819 90.0466
153 10.4817 90.0486
803 10.4815 90.0507
792 10.4813 90.0527
628 10.4812 90.0548
301 10.481 90.0569
325 10.4808 90.059
568 10.4806 90.0612
247 10.4804 90.0633
693 10.4802 90.0654
95 10.48 90.0675
982 10.4798 90.0697
750 10.4796 90.0722
988 10.4794 90.0743
585 10.8089 90.073
39 11.1976 90.0716
447 11.6123 90.07
304 12.0423 90.0684
200 12.4605 90.0668
236 12.9001 90.0652
711 13.325 90.0636
827 13.7814 90.0618
184 14.4777 90.0592
859 15.0148 90.0572
560 15.4119 90.0557
446 15.8103 90.0542
364 16.2598 90.0525
696 16.8495 90.0503
637 17.306 90.0486
430 18.0425 90.0458
15 18.2966 90.0448
491 18.5577 90.0438
714 18.8007 90.0429
1 19.017 90.0421
249 19.3065 90.041
115 19.5786 90.04
183 19.8577 90.0389
768 20.1422 90.0379
150 20.4133 90.0368
651 20.6311 90.036
456 20.855 90.0352
776 21.0759 90.0343
521 21.3179 90.0334
871 21.5428 90.0325
288 21.7703 90.0317
885 21.9985 90.0308
244 22.2126 90.03
757 22.4532 90.0291
495 22.6708 90.0283
44 22.9299 90.0273
833 23.1723 90.0264
916 23.4083 90.0255
593 23.6794 90.0245
611 23.9457 90.0235
753 24.1808 90.0226
227 24.4334 90.0216
441 24.7179 90.0205
306 25.01 90.0194
918 25.2979 90.0183
17 25.5548 90.0174
638 25.8639 90.0162
41 26.1351 90.0152
73 26.4241 90.0141
394 26.712 90.013
610 26.75 90.0128
96 26.7914 90.0127
392 26.833 90.0125
672 26.8708 90.0124
470 26.909 90.0122
333 26.9423 90.0121
695 27.7441 90.009
424 28.7098 90.0055
368 29.6673 90.0022
189 30.3049 90
60 31.0568 89.9972
707 31.8576 89.9942
773 32.7065 89.991
2 33.5418 89.9879
165 34.3441 89.9849
866 34.3441 89.9849
919 34.3441 89.9849
206 34.3441 89.9849
253 34.3441 89.9849
141 34.3441 89.9849
92 34.3441 89.9849
428 34.3441 89.9849
72 34.3441 89.9849
561 34.3441 89.9849
120 34.3441 89.9849
795 34.3441 89.9849
256 34.3441 89.9849
418 34.3441 89.9849
271 34.3441 89.9849
36 34.3441 89.9849
20 34.3441 89.9849
231 34.3441 89.9849
631 34.3441 89.9849
28 34.3441 89.9849
761 34.3441 89.9849
786 34.3441 89.9849
409 34.3441 89.9849
808 34.7706 89.9528
449 35.2108 89.9196
659 35.5997 89.8903
548 35.8197 89.8738
146 36.0496 89.8564
763 36.2934 89.8381
389 36.5166 89.8213
129 36.7201 89.806
296 36.9139 89.7914
215 37.146 89.7739
437 37.3564 89.758
416 37.5633 89.7425
569 37.7612 89.7276
230 37.9629 89.7124
960 38.1655 89.6971
559 39.1043 89.6264
746 39.8649 89.569
408 40.4312 89.5264
539 40.908 89.4905
530 41.3988 89.4535
172 41.828 89.4212
961 42.3167 89.3844
752 42.3167 89.3844
305 42.3167 89.3844
738 42.3167 89.3844
448 42.3167 89.3844
874 42.3167 89.3844
53 42.3167 89.3844
516 42.3167 89.3844
541 42.3167 89.3844
877 42.3167 89.3844
375 42.3167 89.3844
766 42.3167 89.3844
265 42.3167 89.3844
105 42.3167 89.3844
5 42.3167 89.3844
181 42.3167 89.3844
974 42.3167 89.3844
239 42.3167 89.3844
807 42.3167 89.3844
22 42.3167 89.3844
139 42.3167 89.3844
613 43.0069 89.1833
511 44.5587 88.7311
343 45.6539 88.412
309 46.7776 88.0845
564 48.2743 87.6484
861 49.8706 87.1832
415 51.365 86.7477
832 52.7424 86.3464
826 52.9316 86.2912
802 53.1397 86.2306
940 53.3527 86.1685
140 53.5737 86.1041
769 53.7991 86.0385
245 53.8874 86.0128
12 53.9832 85.9848
369 54.0766 85.9576
118 54.1623 85.9327
259 54.2503 85.907
814 54.3333 85.8828
636 54.4294 85.8548
952 54.5237 85.8273
567 54.6272 85.7972
313 54.7201 85.7701
460 54.8219 85.7404
317 54.9242 86.1504
177 55.0331 86.5862
367 55.1264 86.9599
536 55.2159 87.3182
774 55.3094 87.6925
584 55.4031 88.0677
532 55.4854 88.3974
882 55.532 88.3904
896 55.5889 88.3818
229 55.6476 88.373
40 55.6987 88.3653
434 55.75 88.3576
856 55.8045 88.3494
947 55.8563 88.3417
713 55.9068 88.3341
618 55.97 88.3246
156 56.0307 88.3155
23 56.1003 88.305
823 56.1776 88.2934
895 56.1776 88.2934
782 56.1776 88.2934
320 56.2972 88.2971
406 56.4278 88.3011
671 56.5688 88.3054
378 56.6927 88.3092
344 56.7986 88.3124
273 56.9365 88.3166
887 57.0595 88.3204
851 57.1818 88.3241
737 57.3115 88.3281
690 57.441 88.3321
754 57.5696 88.336
911 57.7015 88.34
984 57.8347 88.3441
816 57.9624 88.348
185 58.0862 88.3518
62 58.2035 88.3554
980 58.3395 88.3595
622 58.4874 88.3641
817 58.6199 88.3681
624 58.738 88.3717
464 59.5826 88.3976
575 60.2488 88.4179
335 60.9836 88.4404
42 61.8797 88.4678
285 62.7301 88.4939
52 63.4068 88.5146
251 64.0577 88.5345
845 64.5949 88.5509
318 65.1166 88.5669
202 65.5534 88.5802
158 66.1458 88.5984
353 66.6737 88.6145
481 67.1444 88.6289
544 67.6187 88.6434
620 68.0877 88.6578
992 68.558 88.6722
145 69.1054 88.6889
813 69.6721 88.7063
666 70.2023 88.7225
742 70.7059 88.7379
297 71.1379 88.7511
465 71.6455 88.7667
864 72.1824 88.7831
937 72.6795 88.7983
417 73.2247 88.815
149 73.6928 88.8293
477 74.2491 88.8463
494 76.2178 88.9066
135 78.0763 88.9634
928 79.7622 89.015
159 79.7622 89.015
775 79.7622 89.015
820 79.7622 89.015
648 79.7622 89.015
893 79.7622 89.015
580 79.7622 89.015
854 79.9822 88.7391
983 80.2177 88.4435
473 81.6194 86.6849
740 82.8769 85.1072
25 84.0109 83.6845
685 84.5533 83.0039
660 85.0705 82.3551
528 85.3043 82.0618
204 85.5308 81.7776
311 85.7521 81.4999
450 85.9577 81.242
372 86.1292 81.0268
322 86.0388 80.7928
725 85.9225 80.4917
889 85.7931 80.1567
977 81.6245 69.3657
867 81.0061 67.7648
383 81.1078 66.5746
334 81.2094 65.3862
110 81.2922 64.4175
420 81.3851 63.3306
198 81.8672 62.1127
656 82.216 61.2318
583 82.8499 59.6306
170 83.3583 58.3464
497 83.7836 57.2719
425 83.485 56.3349
107 83.2912 55.727
195 83.068 55.0268
951 82.9088 54.5276
506 82.7569 54.051
838 82.581 53.4992
884 82.41 52.9627
242 82.2338 52.4099
920 82.0404 51.8032
670 81.858 51.2311
941 81.858 51.2311
684 81.8667 50.8307
850 81.8781 50.3016
136 81.8928 49.6192
387 81.9071 48.956
967 81.923 48.2184
466 81.9404 47.4118
932 81.9524 46.8542
592 81.9664 46.2072
745 81.9801 45.571
553 81.9913 45.0493
590 82.0819 40.8469
274 82.117 39.2194
520 82.1541 37.4996
835 82.1886 35.8963
33 82.2305 33.954
98 82.2709 32.0796
598 78.7085 19.2329
721 78.7085 19.2329
