0,98,520,590,33,835,232,926,583,838,425,553,274,195,932,136,592,198,852,684,387,920,110,420,190,656,967,941,975,727,68,668,173,515,67,282,340,393,102,188,647,810,293,262,907,101,216,35,743,478,900,650,595,51,962,152,290,579,867,654,440,575,12,632,987,847,823,904,854,817,464,931,158,666,185,494,285,580,149,813,742,725,864,159,417,744,837,71,775,937,465,83,450,385,740,818,332,850,383,334,201,107,170,242,951,884,977,497,528,204,506,685,660,372,311,25,473,322,889,928,648,893,983,820,135,584,984,845,353,992,477,318,118,313,911,882,887,297,567,622,145,52,177,251,620,624,880,754,544,415,62,273,344,202,690,851,737,774,896,42,814,18,530,947,895,940,245,406,179,769,952,582,40,395,800,126,460,509,857,378,369,921,229,317,335,832,9,671,826,94,259,801,112,91,481,816,80,453,636,206,618,561,189,539,840,802,350,320,782,986,248,513,564,280,140,239,165,343,241,807,437,408,980,569,5,532,105,559,265,766,375,23,434,856,367,511,874,763,541,516,156,960,877,22,713,746,613,448,389,738,305,752,961,861,866,319,428,193,707,536,449,659,292,146,394,954,642,562,591,614,563,294,919,715,484,894,163,459,171,225,755,976,359,683,649,144,540,308,134,82,576,410,471,621,208,235,762,855,186,281,793,605,315,617,432,370,109,468,964,625,84,238,968,791,538,597,396,161,843,472,155,69,63,342,945,623,929,577,732,498,676,264,619,302,54,147,957,878,56,912,21,779,404,596,175,788,30,724,104,461,523,804,127,765,910,365,798,124,558,252,137,571,689,267,901,764,587,329,733,735,772,601,599,545,846,756,970,482,114,130,382,720,361,903,927,981,897,971,266,757,41,604,789,454,223,270,215,16,662,872,638,226,256,418,76,490,392,129,296,96,773,120,309,60,672,885,795,631,368,73,2,806,441,72,230,20,918,28,470,808,288,416,548,231,92,53,306,44,696,651,456,271,150,172,253,181,974,139,593,13,409,115,183,141,220,360,892,167,469,247,560,88,796,495,36,1,95,718,916,695,933,442,786,610,833,521,611,761,430,714,491,15,768,868,435,859,753,776,227,17,973,871,462,446,304,803,678,399,153,405,380,815,401,750,827,711,236,200,712,699,386,263,138,108,213,447,969,39,585,693,988,75,90,199,568,301,106,178,546,426,300,944,792,298,719,639,728,665,554,207,203,557,321,628,637,556,607,953,830,759,905,547,316,570,169,736,48,914,249,487,244,982,374,58,444,443,955,615,364,240,860,93,431,436,325,50,31,578,697,608,886,537,424,99,635,550,730,888,184,349,275,574,965,333,552,924,658,691,524,327,950,339,780,799,479,502,272,326,526,701,113,500,81,398,946,726,551,346,667,630,657,503,371,600,168,119,400,131,347,784,376,686,3,219,433,747,224,991,948,338,445,255,196,879,825,939,162,192,77,457,427,14,966,517,277,734,694,890,429,708,531,122,749,381,717,909,680,411,739,214,956,218,760,234,97,303,166,925,703,589,132,677,233,142,463,771,858,391,59,913,422,324,451,507,501,533,809,645,413,640,390,291,493,49,525,79,729,603,778,839,989,37,535,269,522,510,414,705,723,688,633,811,908,38,655,679,687,452,692,848,862,89,891,194,237,210,783,876,922,276,512,421,356,566,790,180,480,529,853,706,32,543,148,11,508,549,824,397,917,151,555,261,934,379,289,191,7,834,586,935,257,250,160,467,221,26,354,709,307,787,626,246,602,278,943,915,474,899,902,64,822,641,572,612,268,133,87,710,829,836,205,869,125,486,664,990,700,985,475,65,438,403,121,805,748,388,336,279,174,34,352,565,938,182,972,849,958,46,384,283,841,423,212,312,100,936,157,616,57,496,698,949,505,341,863,770,373,731,154,222,542,534,663,476,78,758,797,228,10,527,47,330,652,128,489,499,123,116,328,898,258,794,412,963,455,299,331,86,514,4,673,812,74,187,722,674,61,646,348,362,588,643,402,702,439,661,284,682,741,488,881,366,629,8,211,254,310,407,669,518,653,704,337,351,287,419,883,111,573,363,777,819,716,634,781,164,681,66,875,844,906,217,27,828,55,751,19,785,873,209,45,606,6,197,865,870,670,377,675,458,930,594,485,357,492,842,143,923,43,117,85,519,978,286,767,644,29,70,745,942,466,314,358,831,355,323,609,295,959,821,504,176,581,24,598,721,260,979,103,627,345,243,483,
value : 620.775 running time : 25.912361
0 80 20
98 82.1858 30.1583
520 81.5468 32.349
590 81.046 34.0659
33 80.4522 36.1014
835 79.4623 39.4948
232 78.2793 43.5501
926 77.4776 46.2983
583 77.2628 47.0346
838 77.108 47.5653
425 76.963 48.0623
553 76.8198 48.5532
274 76.6919 48.9919
195 76.5071 49.6253
932 76.3126 50.2921
136 76.1295 50.9197
592 75.9303 51.6025
198 75.685 52.4435
852 75.4291 53.3206
684 75.3623 53.5496
387 74.57 54.1199
920 73.6847 54.757
110 72.5462 55.5765
420 71.8461 56.0803
190 71.2104 56.5379
656 70.635 56.9521
967 70.0672 57.3607
941 69.1748 58.003
975 68.2236 58.6876
727 63.4845 60.6636
68 63.12 60.7249
668 62.7552 60.7862
173 62.4122 60.8439
515 62.0662 60.902
67 61.7392 60.957
282 61.3849 61.0165
340 61.0872 61.0666
393 60.7784 61.1185
102 60.4656 61.1711
188 60.0881 61.2345
647 59.7473 61.2918
810 59.3927 61.3514
293 59.051 61.4088
262 58.697 61.4683
907 58.6076 61.4834
101 58.5053 61.5006
216 58.931 62.5344
35 59.3997 63.6722
743 59.9331 64.9673
478 60.6921 66.8102
900 61.5532 68.9014
650 61.7503 69.3798
595 61.9574 69.8827
51 62.1806 70.4247
962 62.3819 70.9132
152 62.5755 71.3835
290 62.7961 71.919
579 63.0136 72.4471
867 63.1835 72.8595
654 63.3557 73.2776
440 63.5264 73.692
575 63.7215 74.1657
12 63.8855 74.564
632 63.8855 74.564
987 64.6716 76.1898
847 65.6186 78.1485
823 66.9216 80.8433
904 67.5198 82.0806
854 68.7081 84.5383
817 69.1716 85.497
464 69.3837 85.9357
931 69.5566 86.2934
158 69.7643 86.7228
666 69.9556 87.1185
185 70.141 87.5021
494 70.587 87.7988
285 70.9476 88.0388
580 71.323 88.2886
149 71.563 87.7708
813 72.0169 86.7913
742 72.485 85.7812
725 72.9399 84.7997
864 73.3733 83.8646
159 73.8032 82.937
417 74.2415 81.9911
744 74.6663 81.0746
837 75.0605 80.2238
71 75.4114 79.4667
775 75.7685 78.6961
937 76.1516 77.8695
465 76.5922 76.9188
83 78.0352 73.8053
450 80.0253 69.5121
385 80.0253 69.5121
740 80.0253 69.5121
818 80.0838 69.1146
332 80.4961 66.315
850 80.9615 63.1556
383 81.4463 63.0424
334 81.9255 62.9305
201 82.449 62.8082
107 83.0471 62.6686
170 83.4048 62.585
242 83.6936 62.5176
951 83.995 62.4472
884 84.3766 62.7393
977 84.7727 63.0424
497 85.2168 63.3822
528 85.4401 66.4658
204 85.5606 68.1292
506 85.6374 69.1903
685 86.2933 78.2471
660 86.3427 78.9283
372 86.401 79.7339
311 85.8633 80.5251
25 85.0785 81.6801
473 83.7547 83.6281
322 82.6648 85.232
889 81.7537 86.5727
928 80.336 88.659
648 79.433 88.7319
893 78.5639 88.8021
983 77.6981 88.872
820 75.9029 89.017
135 73.9046 89.1783
584 66.5638 89.7713
984 65.9325 89.8222
845 65.3457 89.8696
353 64.7362 89.9189
992 64.0374 89.9753
477 63.3705 90.0292
318 62.7127 90.0823
118 61.7903 90.1568
313 60.968 90.2232
911 60.2543 90.2808
882 59.5919 90.3343
887 59.5919 90.3343
297 59.5919 90.3343
567 59.5919 90.3343
622 59.5919 90.3343
145 59.5919 90.3343
52 59.5919 90.3343
177 59.5919 90.3343
251 59.5919 90.3343
620 59.5425 90.207
624 59.4904 90.0728
880 59.4318 89.9219
754 59.3807 89.7904
544 59.3298 89.6595
415 59.2751 89.5187
62 59.2226 89.3833
273 59.1685 89.2441
344 59.1158 89.1086
202 58.9449 88.6685
690 58.7745 88.2297
851 58.6047 87.7927
737 58.4323 87.3488
774 58.2568 86.8971
896 58.074 86.4264
42 57.8562 85.8659
814 57.6177 85.2521
18 57.6081 85.1879
530 57.6005 85.1373
947 57.5926 85.0852
895 57.5841 85.0288
940 57.5765 84.9779
245 57.5689 84.9276
406 57.561 84.8747
179 57.5529 84.821
769 57.5446 84.7662
952 57.5376 84.7192
582 57.5285 84.6586
40 57.5211 84.6099
395 57.5127 84.554
800 57.5042 84.4977
126 57.4964 84.4459
460 57.4882 84.3911
509 57.4803 84.3387
857 57.4732 84.2912
378 57.4671 84.2508
369 57.4607 84.2081
921 57.4538 84.1626
229 57.4476 84.1214
317 57.4414 84.0802
335 57.4349 84.0366
832 57.428 83.991
9 57.4215 83.9474
671 57.4153 83.9063
826 57.4092 83.866
94 57.403 83.8245
259 57.3973 83.7871
801 57.3907 83.7431
112 57.3837 83.6966
91 57.3794 83.6682
481 57.3794 83.6682
816 54.3824 81.9682
80 49.1369 78.9928
453 49.1369 78.9928
636 48.5465 80.7487
206 47.9869 82.413
618 47.9614 82.4887
561 47.9398 82.553
189 47.9169 82.6211
539 47.905 82.7475
840 47.8944 82.8609
802 47.8836 82.9763
350 47.8721 83.0986
320 47.859 83.238
782 47.8483 83.3528
986 47.8369 83.4743
248 47.7998 83.8695
513 47.7623 84.269
564 47.7163 84.7588
280 47.6685 85.2684
140 47.6178 85.8085
239 47.5645 86.3768
165 47.5177 86.8763
343 47.4797 87.2812
241 47.4427 87.6753
807 47.403 88.0981
437 47.3566 88.593
408 47.3083 89.108
980 47.2595 89.6279
569 47.213 90.123
5 47.1731 90.5484
532 47.138 90.9229
105 47.1048 91.2765
559 47.073 91.6151
265 47.0429 91.9367
766 47.0429 91.9367
375 47.0429 91.9367
23 47.0429 91.9367
434 47.0429 91.9367
856 47.0429 91.9367
367 46.4155 91.8899
511 45.723 91.8383
874 44.9571 91.7812
763 44.2136 91.7257
541 43.4927 91.672
516 42.6549 91.6095
156 41.7082 91.5389
960 40.5872 91.4553
877 40.5893 91.3938
22 40.5912 91.3369
713 40.5931 91.2815
746 40.595 91.2258
613 40.5968 91.1721
448 40.5988 91.114
389 40.6008 91.0552
738 40.6028 90.9971
305 40.6048 90.9362
752 40.6067 90.8811
961 40.6087 90.8212
861 40.7121 87.7782
866 40.7265 87.3545
319 40.7431 86.8657
428 40.7584 86.4154
193 40.7728 85.9925
707 40.7855 85.6181
536 40.8002 85.1853
449 40.8166 84.7052
659 40.8397 84.0234
292 40.8622 83.3633
146 40.884 82.7216
394 40.9224 81.5922
954 40.9661 80.3051
642 41.1769 79.3165
562 41.3889 78.3229
591 41.5988 77.3384
614 41.6462 77.1164
563 41.6947 76.889
294 41.7422 76.6658
919 41.7912 76.4362
715 41.9201 75.8318
484 42.0185 75.3704
894 42.1118 74.933
163 42.2044 74.499
459 42.2912 74.0917
171 42.3644 73.7487
225 42.4351 73.417
755 42.5021 73.1029
976 42.579 72.7422
359 42.661 72.3577
683 42.9387 72.0857
649 43.1883 71.8412
144 43.5249 71.5114
540 43.8577 71.1853
308 44.2001 70.8499
134 44.637 70.4219
82 45.0688 69.9989
576 45.8731 69.2109
410 46.5895 68.509
471 47.304 67.809
621 47.7838 67.339
208 48.1447 66.9854
235 48.4697 66.667
762 48.8117 66.332
855 49.1075 66.0421
186 49.4178 65.7381
281 49.4178 65.7381
793 49.4178 65.7381
605 49.4178 65.7381
315 49.4178 65.7381
617 49.5112 65.0754
432 49.6057 64.4047
370 49.9285 62.1131
109 49.9285 62.1131
468 49.9285 62.1131
964 49.9285 62.1131
625 49.9285 62.1131
84 49.9285 62.1131
238 49.9285 62.1131
968 49.9299 61.9482
791 49.9314 61.7733
538 49.933 61.5918
597 49.2824 60.4186
396 48.7344 59.4306
161 48.1342 58.3484
843 47.4019 57.0281
472 46.8342 56.0046
155 46.3869 55.1981
69 46.1568 54.7833
63 45.9525 54.4149
342 45.6756 54.4355
945 45.4103 54.4551
623 45.1452 54.4748
929 44.2945 54.5379
577 43.858 54.5702
732 43.0975 54.6266
498 42.4024 54.6781
676 41.5614 54.7405
264 40.5321 54.8168
619 39.3961 54.901
302 39.2613 55.3787
54 38.9085 56.6283
147 38.6232 57.6391
957 38.2448 58.9795
878 37.9878 59.8898
56 37.9396 60.0604
912 37.8928 60.2264
21 37.8413 60.4088
779 37.7962 60.5684
404 37.7506 60.7301
596 37.709 60.8775
175 37.6678 61.0234
788 37.6272 61.1674
30 37.5872 61.309
724 37.5414 61.471
104 37.5414 61.471
461 37.5414 61.471
523 37.5414 61.471
804 37.5414 61.471
127 37.5414 61.471
765 37.5414 61.471
910 37.5414 61.471
365 37.5414 61.471
798 37.5414 61.471
124 33.9474 66.1542
558 33.9474 66.1542
252 32.9613 66.214
137 31.8768 66.2798
571 30.8025 66.3449
689 29.7564 66.4084
267 28.5779 66.4798
901 27.3162 66.5563
764 26.077 66.6315
587 26.077 66.6315
329 26.077 66.6315
733 26.077 66.6315
735 26.077 66.6315
772 26.077 66.6315
601 26.077 66.6315
599 26.077 66.6315
545 26.077 66.6315
846 25.6607 66.9561
756 25.2619 67.2671
970 22.7599 69.218
482 22.802 69.3238
114 22.8437 69.4285
130 22.888 69.5399
382 22.9326 69.6518
720 22.98 69.7709
361 23.0281 69.8918
903 23.0729 70.0042
927 23.1192 70.1205
981 23.1617 70.2272
897 23.4565 70.9677
971 23.9767 72.2744
266 24.6123 73.8709
757 25.2703 75.5237
41 25.7634 76.7623
604 26.1618 77.7631
789 26.5924 78.8446
454 27.1338 80.2044
223 27.7315 81.7057
270 28.3481 83.2546
215 29.3764 85.8375
16 29.3765 85.8377
662 29.3766 85.8379
872 29.3766 85.8381
638 29.3767 85.8383
226 29.3768 85.8385
256 29.4471 86.0189
418 29.5202 86.2061
76 29.5929 86.3926
490 29.6665 86.5812
392 29.7385 86.7659
129 29.8149 86.9618
296 29.8926 87.1609
96 29.9633 87.3423
773 30.0403 87.5396
120 30.1124 87.7245
309 30.1887 87.9201
60 30.2636 88.112
672 30.3284 88.2782
885 30.3956 88.4505
795 30.4622 88.6214
631 30.5274 88.7885
368 30.5967 88.966
73 30.6667 89.1455
2 30.738 89.3283
806 30.8031 89.4951
441 30.8631 89.649
72 30.8631 89.649
230 30.8631 89.649
20 30.8631 89.649
918 30.8631 89.649
28 30.8631 89.649
470 30.8631 89.649
808 30.8631 89.649
288 30.8631 89.649
416 30.8631 89.649
548 30.8631 89.649
231 30.8631 89.649
92 30.8631 89.649
53 30.8631 89.649
306 30.8631 89.649
44 30.8631 89.649
696 30.8631 89.649
651 30.8631 89.649
456 30.8631 89.649
271 30.8631 89.649
150 30.8631 89.649
172 30.8631 89.649
253 30.8631 89.649
181 30.8631 89.649
974 30.814 89.6259
139 30.6969 89.5708
593 27.3692 88.0034
13 25.0356 86.9043
409 24.676 86.735
115 23.9752 86.405
183 23.3318 86.1019
141 22.6875 85.7985
220 21.8978 85.4266
360 20.5359 86.6474
892 19.1628 87.8781
167 19.1628 87.8781
469 19.1628 87.8781
247 19.1628 87.8781
560 19.1628 87.8781
88 19.1628 87.8781
796 19.1628 87.8781
495 19.0185 88.1234
36 18.8792 88.36
1 18.7342 88.6063
95 18.6054 88.8253
718 18.4769 89.0436
916 18.5331 89.3558
695 18.5928 89.6869
933 18.6553 90.0339
442 18.7124 90.3512
786 18.7722 90.6831
610 18.8054 90.8675
833 18.8368 91.0417
521 18.8705 91.2286
611 18.9011 91.3983
761 18.5684 91.3477
430 18.2329 91.2966
714 17.8102 91.2322
491 17.3496 91.1621
15 16.8398 91.0844
768 16.3289 91.0066
868 13.6242 90.5948
435 13.5405 90.582
859 13.4653 90.5706
753 13.3715 90.5563
776 13.2741 90.5415
227 13.1758 90.5265
17 13.073 90.5108
973 12.9672 90.4947
871 12.8672 90.4795
462 12.753 90.4621
446 12.6321 90.4437
304 12.5191 90.4265
803 12.4036 90.4089
678 12.297 90.3927
399 12.204 90.3785
153 12.1005 90.3628
405 12.0026 90.3478
380 11.9085 90.3335
815 11.8168 90.3196
401 11.7186 90.3046
750 11.6329 90.2915
827 11.5378 90.2771
711 11.4476 90.2633
236 11.359 90.2498
200 11.2677 90.2359
712 11.1831 90.2231
699 11.0825 90.2077
386 10.9812 90.1923
263 10.8716 90.1756
138 10.7752 90.1609
108 10.6703 90.145
213 10.5649 90.1289
447 10.5583 90.1279
969 10.5512 90.1268
39 10.5442 90.1258
585 10.5374 90.1247
693 10.5309 90.1237
988 10.5239 90.1227
75 10.3889 87.894
90 10.3436 87.1458
199 10.324 86.8223
568 10.3026 86.4684
301 10.2796 86.0893
106 10.2563 85.7044
178 10.2178 85.0684
546 10.1846 84.5198
426 10.1527 83.993
300 10.1218 83.4818
944 10.0891 82.9421
792 10.0584 82.4355
298 10.025 81.8846
719 10.0022 81.5069
639 9.97532 81.0636
728 9.95289 80.6932
665 9.93038 80.3215
554 9.92373 80.2116
207 9.9166 80.0939
203 9.9186 80.0934
557 9.9206 80.0928
321 9.9224 80.0924
628 9.9241 80.0919
637 9.92584 80.0914
556 9.92757 80.0909
607 9.92926 80.0905
953 9.93086 80.09
830 9.99242 80.0731
759 10.0564 80.0554
905 10.1223 80.0373
547 10.1863 80.0196
316 10.2544 80.0009
570 10.3178 79.9834
169 10.385 79.9649
736 10.4544 79.9458
48 10.5283 79.9254
914 10.595 79.9071
249 10.7916 79.8529
487 10.9476 79.8099
244 11.0987 79.7682
982 11.2436 79.7283
374 11.392 79.6874
58 11.5519 79.6434
444 11.6886 79.6057
443 11.8399 79.564
955 11.9763 79.5264
615 12.1141 79.4885
364 12.2628 79.4475
240 12.4441 79.3976
860 12.6397 79.3437
93 12.8507 79.2855
431 13.047 79.2314
436 13.2305 79.1809
325 13.4291 79.1261
50 13.6381 79.0686
31 13.8516 78.7361
578 14.0835 78.3749
697 14.2942 78.0468
608 14.4781 77.7604
886 14.6627 77.4728
537 14.8567 77.1706
424 14.9959 76.954
99 15.6078 76.001
635 16.1263 75.1935
550 16.6028 74.4513
730 17.1074 73.6655
888 16.8003 73.0812
184 16.4832 72.4779
349 16.1738 71.8892
275 16.1738 71.8892
574 16.1738 71.8892
965 15.9754 71.6392
333 15.7321 71.3326
552 15.1978 70.6591
924 14.6366 69.9519
658 14.0488 69.2111
691 13.313 68.2835
524 13.0903 68.3276
327 12.8688 68.3715
950 12.525 68.4396
339 12.1529 68.5133
780 11.7388 68.5953
799 11.7388 68.5953
479 11.7388 68.5953
502 11.7388 68.5953
272 11.7388 68.5953
326 11.7388 68.5953
526 11.7388 68.5953
701 11.7269 68.5972
113 11.7148 68.5992
500 11.7029 68.6011
81 11.6917 68.6029
398 11.6801 68.6047
946 11.6685 68.6066
726 11.6257 68.6134
551 11.5795 68.6208
346 11.5352 68.6279
667 11.493 68.6347
630 11.4576 68.6404
657 11.4158 68.6471
503 11.3778 68.6531
371 11.3392 68.6593
600 11.3063 68.6646
168 11.2643 68.6713
119 11.2214 68.6782
400 11.1789 68.685
131 11.1372 68.6917
347 11.0907 68.6991
784 11.0564 68.7046
376 11.0209 68.7103
686 10.9836 68.7163
3 10.9501 68.7217
219 10.9132 68.7276
433 10.8749 68.7337
747 10.842 68.739
224 10.8033 68.7452
991 10.77 68.7505
948 10.7382 68.7556
338 10.7054 68.7608
445 10.6697 68.7666
255 10.6371 68.7718
196 10.6072 68.7766
879 10.5729 68.7821
825 10.5393 68.7875
939 10.5017 68.7935
162 10.4672 68.799
192 10.4313 68.8047
77 10.3923 68.811
457 10.3561 68.8168
427 10.3206 68.8225
14 10.2849 68.8282
966 10.2492 68.8339
517 10.2159 68.8392
277 10.1834 68.8445
734 10.1495 68.8499
694 10.1152 68.8554
890 10.0829 68.8606
429 9.66121 66.4028
708 9.08348 63.0352
531 8.86916 61.786
122 8.66399 60.5901
749 8.52421 59.7754
381 8.52421 59.7754
717 8.84253 59.71
909 9.18217 59.6402
680 9.50877 59.5731
411 9.81292 59.5106
739 10.0356 59.4649
214 10.2558 59.4196
956 10.508 59.3678
218 10.7022 59.3279
760 10.9098 59.2853
234 11.1169 59.2427
97 11.3483 59.1952
303 11.5604 59.1516
166 11.7784 59.1068
925 12.0143 59.0583
703 12.267 59.0064
589 12.5201 58.9544
132 12.7869 58.8996
677 13.0083 58.8541
233 13.252 58.804
142 13.4624 58.7608
463 13.6323 58.7259
771 20.3278 57.3502
858 21.1111 57.1893
391 21.9174 57.0236
59 22.7079 56.8611
913 23.4824 56.702
422 24.1221 56.5706
324 24.7978 56.4317
451 25.468 56.294
507 26.1803 56.1477
501 26.9075 55.9982
533 28.101 55.753
809 28.4092 55.6897
645 28.6845 55.6331
413 28.9556 55.5774
640 29.2276 55.5216
390 29.5094 55.4636
291 29.8133 55.4012
493 29.9852 55.0075
49 30.1703 54.5836
525 30.322 54.2362
79 30.4498 53.9432
729 30.6035 53.5912
603 30.7966 53.1489
778 30.9804 52.7279
839 31.1486 52.3426
989 31.3465 51.8894
37 31.4614 51.6259
535 31.5708 51.3755
269 31.6752 51.1362
522 31.7834 50.8885
510 31.8784 50.6707
414 31.9963 50.4008
705 32.0913 50.1831
723 32.28 49.751
688 32.4418 49.3802
633 32.6155 48.9825
811 32.8269 48.4982
908 32.9735 48.1623
38 33.1506 47.7565
655 33.3227 47.3623
679 33.5637 47.0031
687 33.781 46.6792
452 33.9948 46.3603
692 34.1813 46.0823
848 34.3486 45.8329
862 34.4544 45.6751
89 34.549 45.5341
891 34.6606 45.3677
194 34.7837 45.1843
237 34.8938 45.0201
210 35.0157 44.8385
783 35.1373 44.6571
876 35.2562 44.4798
922 35.3802 44.295
276 35.7915 43.6818
512 35.6527 43.2053
421 35.4848 42.6288
356 35.0613 42.4778
566 34.6178 42.3197
790 34.1634 42.1577
180 33.6776 41.9845
480 33.0961 41.7772
529 32.4643 41.552
853 31.8772 41.3427
706 31.1657 41.089
32 30.404 40.8175
543 30.0081 40.6763
148 29.6075 40.5335
11 30.5482 39.5494
508 31.5732 38.4771
549 32.8851 37.1047
824 34.2999 35.6245
397 34.2999 35.6245
917 35.7177 34.6478
151 37.1984 33.6278
555 40.4761 31.3701
261 40.1374 31.3587
934 39.8204 31.348
379 39.4879 31.3367
289 39.1955 31.3268
191 38.8441 31.3149
7 38.5072 31.3035
834 38.1934 31.2929
586 37.8864 31.2825
935 37.5771 31.272
257 37.217 31.2599
250 36.8582 31.2477
160 36.2921 31.2286
467 35.7479 31.2102
221 35.1436 31.1897
26 34.7009 31.1747
354 33.2019 31.124
709 32.3184 31.0941
307 31.4923 31.0662
787 30.7264 31.0403
626 29.9519 31.0141
246 29.1082 30.9855
602 28.4653 31.1992
278 27.8029 31.4195
943 27.2031 31.6188
915 26.5811 31.8257
474 25.9801 32.0255
899 25.9801 32.0255
902 25.9801 32.0255
64 25.9801 32.0255
822 25.8217 32.0785
641 22.4931 33.1924
572 18.8161 34.4229
612 18.8161 34.4229
268 18.8161 34.4229
133 18.8161 34.4229
87 18.81 34.5272
710 18.8045 34.623
829 18.7802 35.0412
836 18.7562 35.4536
205 18.7287 35.9266
869 18.7021 36.3845
125 18.6734 36.8774
486 18.6457 37.3552
664 18.6136 37.9077
990 18.5857 38.3877
700 18.5592 38.8426
985 18.5327 39.2995
475 18.5007 39.8486
65 18.4731 40.3245
438 18.4414 40.8693
403 18.4124 41.3678
121 18.3868 41.8084
805 18.2833 43.5889
748 18.2833 43.5889
388 18.0503 44.6458
336 17.698 46.2433
279 17.4389 47.4185
174 17.2017 48.4939
34 16.9686 49.5511
352 15.9767 49.2109
565 15.0218 48.8834
938 14.0258 48.5418
182 12.8816 48.1494
972 11.7094 47.7474
849 10.4419 47.3128
958 10.441 47.2216
46 10.4401 47.1443
384 10.4393 47.0693
283 10.4385 46.9953
841 10.4378 46.9287
423 10.4369 46.8539
212 10.4362 46.7847
312 10.4355 46.7186
100 10.4348 46.655
936 10.434 46.5854
157 10.4332 46.5124
616 10.4324 46.4345
57 10.4316 46.3651
496 10.4308 46.2906
698 10.43 46.2199
949 10.4292 46.1428
505 10.4284 46.073
341 10.4276 45.9954
863 10.4267 45.9149
770 10.4259 45.8397
373 10.4251 45.7687
731 10.4243 45.693
154 10.4235 45.6213
222 10.4227 45.549
542 10.4219 45.4756
534 10.4211 45.3982
663 10.4202 45.3171
476 10.4194 45.2408
78 10.4185 45.1661
758 10.4178 45.0986
797 10.417 45.0263
228 10.4162 44.9534
10 10.4154 44.881
527 10.4147 44.8178
47 10.414 44.7479
330 10.4131 44.6688
652 10.4123 44.5979
128 10.4116 44.5273
489 10.4108 44.4541
499 10.4099 44.3715
123 10.409 44.2915
116 10.4081 44.212
328 10.3489 38.7617
898 10.2953 33.8041
258 10.2678 31.2832
794 10.2485 29.5079
412 10.2312 27.9245
963 10.2245 27.3114
455 10.218 26.7195
299 10.2117 26.1442
331 10.2054 25.5632
86 10.1993 24.9994
514 10.1883 23.9973
4 10.169 22.2272
673 10.1399 19.5588
812 10.1058 16.4322
74 10.1058 16.4322
187 10.3716 16.4414
722 10.6805 16.4521
674 11.064 16.4653
61 11.4206 16.4777
646 11.8314 16.4919
348 12.3374 16.5094
362 12.7947 16.5253
588 13.3409 16.5442
643 13.9333 16.5647
402 14.3218 16.5782
702 14.739 16.5926
439 15.0811 16.6045
661 15.3741 16.6146
284 15.676 16.6251
682 15.838 16.6307
741 16.0434 16.6378
488 16.2506 16.645
881 16.4468 16.6518
366 16.7388 16.6619
629 17.0216 16.6717
8 18.7191 16.7305
211 20.1687 16.7807
254 24.3174 16.9244
310 30.8624 17.151
407 32.7672 17.217
669 34.3256 17.271
518 39.6075 17.4539
653 39.8829 17.5787
704 40.1129 17.6829
337 40.3604 17.795
351 40.5922 17.9001
287 41.0627 18.1132
419 41.5973 18.3555
883 41.9558 18.5179
111 42.3438 18.6937
573 42.7661 18.8851
363 43.2721 19.1143
777 51.9176 23.0315
819 53.3158 26.8618
716 54.8132 30.9638
634 55.0062 31.4924
781 55.1673 31.9338
164 55.3228 32.3598
681 55.5248 32.913
66 55.7216 33.4522
875 55.899 33.9382
844 55.9815 34.1641
906 56.0663 34.3966
217 56.1467 34.6168
27 56.215 34.8039
828 56.2888 35.006
55 56.3611 35.2041
751 56.4397 35.4192
19 56.5189 35.6363
785 56.595 35.8448
873 56.6748 36.0633
209 56.8025 36.4132
45 56.9724 36.8786
606 57.1398 37.3373
6 57.2472 37.6315
197 57.3896 38.0215
865 57.5359 38.4224
870 58.5517 41.205
670 59.642 44.1918
377 59.5081 44.4485
675 59.3704 44.7123
458 59.2248 44.9911
930 59.0743 45.2795
594 58.9217 45.5718
485 58.7665 45.869
357 58.6435 46.1048
492 58.5037 46.3726
842 58.386 46.5981
143 58.2657 46.8285
923 58.1286 47.0911
43 58.3655 47.0176
117 58.5825 46.9504
85 58.7855 46.8874
519 59.0047 46.8194
978 59.2522 46.7427
286 59.4826 46.6713
767 61.5965 46.0159
644 62.6309 45.6952
29 63.6843 45.3685
70 64.0559 45.2533
745 64.4638 45.1268
942 64.4638 45.1268
466 65.2187 42.3247
314 65.7668 40.2901
358 66.3439 38.148
831 66.9707 35.8212
355 67.1048 35.3235
323 67.2876 34.645
609 67.5064 33.8329
295 68.6623 29.5421
959 69.0873 27.9646
821 69.4613 26.5762
504 70.4354 22.9605
176 71.229 20.0146
581 71.5137 18.9579
24 71.8325 17.7743
598 72.2399 16.2621
721 72.952 13.6188
260 73.491 11.618
979 73.5412 11.4318
103 73.0767 10.902
627 84.3401 15.2891
345 84.3401 15.2891
243 84.3401 15.2891
483 84.3401 15.2891
