0,243,979,260,627,483,345,721,103,819,176,295,598,777,959,24,581,504,821,831,45,555,681,594,358,419,27,355,19,421,930,828,257,6,751,164,250,865,43,844,781,55,906,917,862,452,197,634,160,261,379,209,458,873,586,853,191,692,480,790,356,472,522,785,566,467,822,934,883,289,834,653,310,518,351,669,337,363,287,704,573,111,407,26,221,64,787,915,246,626,709,307,722,366,741,682,629,61,362,412,812,674,211,348,588,488,881,187,299,8,643,902,646,74,702,254,474,455,86,514,4,794,898,212,985,258,331,710,963,133,549,268,125,32,87,673,572,641,602,612,402,486,899,121,829,661,943,439,284,824,836,151,354,423,529,384,731,476,142,279,10,908,758,534,65,78,182,496,205,723,616,949,990,797,303,352,47,228,863,128,122,57,218,100,341,841,663,700,123,330,958,46,749,312,283,373,652,527,489,463,805,936,157,542,770,505,698,909,849,565,116,328,499,154,222,972,336,925,677,214,233,166,708,445,531,234,255,639,607,879,517,77,14,939,734,347,799,381,589,703,114,966,346,503,371,760,784,747,219,329,374,556,686,717,277,272,119,665,658,991,825,657,436,224,457,890,728,694,427,298,667,860,207,554,433,948,551,247,830,546,240,615,75,325,444,90,138,447,386,1,300,316,637,892,213,914,203,95,628,982,718,699,31,199,905,792,547,736,263,916,39,48,955,753,405,93,442,153,969,678,169,693,108,321,570,585,560,759,401,944,495,364,803,399,557,301,719,178,953,988,106,712,115,871,227,776,380,711,827,435,200,17,750,568,236,462,973,304,868,833,815,446,885,368,88,249,244,426,780,223,490,58,50,608,638,919,41,424,360,469,550,456,60,859,960,288,761,933,491,768,13,593,15,441,306,521,651,96,409,183,253,795,120,610,20,611,44,696,28,714,430,36,631,292,537,730,454,578,697,270,296,918,124,971,888,431,418,604,950,443,99,487,326,695,113,526,76,796,924,724,591,878,773,806,252,886,501,327,333,220,789,339,574,571,266,184,946,587,954,359,167,903,16,720,680,846,788,965,275,451,482,422,132,79,764,429,411,400,130,398,97,361,81,3,524,726,600,502,552,196,376,168,479,635,970,729,507,338,131,739,981,500,192,772,701,927,897,630,162,599,601,324,957,545,49,382,640,691,349,735,438,771,11,535,89,706,414,603,687,543,37,938,633,913,891,778,269,413,688,858,148,475,510,508,956,59,901,34,705,397,174,403,619,391,302,237,664,655,869,811,278,748,935,38,525,876,388,7,679,783,945,180,621,923,875,281,262,69,210,492,85,870,66,716,623,396,276,978,577,377,342,625,63,842,644,314,675,217,850,932,926,606,357,70,143,656,117,592,920,286,538,852,67,942,941,670,964,420,102,190,583,767,967,478,201,334,762,485,650,68,293,84,35,109,315,290,801,9,818,152,83,51,579,975,238,654,110,173,647,595,393,417,340,904,847,18,937,867,509,727,71,837,671,617,460,235,857,987,440,513,94,800,921,91,515,432,769,208,112,605,229,668,931,632,126,282,832,744,523,855,264,582,216,798,468,743,968,453,101,793,350,596,291,104,715,134,779,907,791,810,161,188,498,186,989,929,155,848,512,683,843,370,147,194,519,30,809,558,459,732,56,171,804,910,912,597,839,756,267,765,533,576,922,493,390,137,676,127,461,471,54,226,404,225,163,894,410,308,21,733,976,645,365,649,689,215,82,562,175,662,484,614,986,144,80,757,141,394,872,256,2,540,874,150,428,786,230,139,189,146,613,92,271,392,877,319,763,129,172,389,539,470,206,974,73,738,53,752,22,241,72,239,808,231,672,305,541,561,181,140,245,548,449,343,866,265,840,448,707,569,713,320,40,807,5,532,375,636,516,814,156,563,415,642,309,766,559,294,530,659,564,755,248,782,802,416,861,896,437,624,165,193,961,259,335,690,369,344,851,737,754,882,105,887,367,477,313,826,618,947,911,992,816,984,118,511,280,23,746,406,179,774,952,434,62,980,856,584,408,317,895,575,42,185,177,52,823,378,202,940,536,567,880,12,395,854,251,817,775,893,464,318,813,742,297,845,481,145,159,465,620,725,353,580,285,494,149,820,273,648,158,666,135,544,622,864,983,928,528,332,450,740,372,25,311,660,889,322,473,685,385,204,900,962,383,977,497,684,170,107,387,838,136,951,425,29,553,506,242,884,198,323,232,274,195,609,98,466,745,590,33,520,835,
value : 489.517 running time : 51.568530
0 80 20
243 83.3982 16.3115
979 83.7466 15.9333
260 84.0637 15.5891
627 84.3401 15.2891
483 84.3401 15.2891
345 83.8601 15.2814
721 74.3716 15.1296
103 68.0168 15.028
819 66.7977 16.3693
176 66.0472 17.195
295 65.1735 18.1563
598 64.3848 19.0241
777 63.6002 19.8873
959 62.7618 20.8097
24 62.0059 21.6414
581 61.1701 22.561
504 60.1952 23.6336
821 58.3896 25.6202
831 56.9519 27.2021
45 55.2945 29.0256
555 54.7654 29.6078
681 54.2348 30.1916
594 53.7242 30.7534
358 53.6096 30.8794
419 53.4999 31.0001
27 53.3664 31.147
355 53.2346 31.292
19 53.1088 31.4304
421 52.9862 31.5654
930 52.8698 31.6934
828 52.756 31.8186
257 52.6392 31.9472
6 52.6084 31.9811
751 52.5741 32.0188
164 52.5409 32.0553
250 52.5041 32.0958
865 52.4679 32.1356
43 52.4305 32.1768
844 51.7221 32.4613
781 51.1216 32.7025
55 50.3466 33.0138
906 49.3761 33.4035
917 48.4625 33.7705
862 48.1358 33.9017
452 47.9329 33.9832
197 47.7552 34.0546
634 47.5749 34.127
160 46.4515 34.5782
261 45.8346 34.8259
379 45.405 35.2492
209 45.255 35.3969
458 45.0891 35.5605
873 44.9114 35.7355
586 44.6409 36.0019
853 44.3781 36.2609
191 44.1307 36.5046
692 43.8846 36.7471
480 43.6557 36.9726
790 43.4392 37.1859
356 43.2189 37.4029
472 43.0095 37.6092
522 42.812 37.8038
785 42.2079 35.9473
566 41.7391 34.5062
467 40.8113 31.6547
822 40.0101 29.1921
934 39.4375 27.4323
883 38.8967 25.7701
289 38.4695 24.4572
834 37.9287 22.795
653 37.1526 20.4097
310 36.3874 18.0579
518 35.6243 15.7124
351 34.9927 15.7552
669 34.418 15.7941
337 33.9258 15.8274
363 33.3832 15.8642
287 32.8526 15.9001
704 32.2618 15.9401
573 31.6609 15.9808
111 31.0196 16.0242
407 30.3209 16.0715
26 29.5458 16.124
221 26.7157 16.3156
64 26.7113 16.3151
787 26.707 16.3145
915 26.0511 16.233
246 25.4196 16.1545
626 24.7748 16.0743
709 24.0126 15.9796
307 22.7983 15.8287
722 13.6084 14.6866
366 13.563 14.681
741 13.5148 14.675
682 13.465 14.6688
629 13.4182 14.663
61 13.3728 14.6574
362 13.3308 14.6521
412 13.289 14.647
812 13.2467 14.6417
674 13.207 15.0066
211 13.1682 15.363
348 13.1285 15.7276
588 13.0898 16.0822
488 13.0527 16.4231
881 12.9823 17.0695
187 12.867 18.1277
299 12.867 18.1277
8 12.867 18.1277
643 12.8236 18.7423
902 12.7742 19.442
646 12.7264 20.1175
74 12.6589 21.0732
702 12.6104 21.7605
254 12.5465 22.6646
474 12.4579 23.9197
455 12.3628 25.2662
86 12.2678 26.6117
514 12.2573 26.7605
4 12.2475 26.8984
794 12.2375 27.0395
898 12.2272 27.1856
212 14.0802 31.0609
985 14.1422 31.0568
258 14.1999 31.0531
331 14.2746 31.0483
710 14.3506 31.0433
963 14.4249 31.0385
133 14.6825 31.0218
549 14.9731 31.0029
268 15.1557 30.9911
125 15.3429 30.979
32 15.5305 30.9668
87 15.7109 30.9551
673 15.9058 30.9424
572 16.1046 30.9295
641 16.3241 30.9153
602 16.5291 30.902
612 16.714 30.89
402 16.8955 30.8782
486 17.0872 30.8658
899 17.2648 30.8543
121 17.4361 30.8432
829 17.6061 30.8321
661 17.776 30.8211
943 17.9486 30.8099
439 18.1344 30.7979
284 18.2493 31.026
824 18.6773 31.8761
836 19.1837 32.882
151 19.7932 34.0925
354 19.8161 34.1381
423 19.8411 34.1877
529 19.8673 34.2397
384 17.0225 37.8415
731 15.994 39.1436
476 15.2576 40.076
142 14.5455 40.9776
279 14.1671 41.4568
10 14.1068 41.533
908 14.0425 41.6145
758 13.9768 41.6977
534 13.9146 41.7764
65 13.8586 41.8473
78 13.7929 41.9304
182 13.7242 42.0174
496 13.6644 42.0932
205 13.6096 42.1625
723 13.2803 42.5795
616 12.9006 43.0602
949 12.5217 43.54
990 12.1419 44.0208
797 11.7281 44.5447
303 11.2898 45.0997
352 10.9475 45.533
47 10.6172 45.9513
228 10.3349 46.3087
863 10.0318 46.6924
128 9.67631 47.1425
122 9.40894 47.481
57 9.40894 47.481
218 9.40894 47.481
100 9.40894 47.481
341 9.40894 47.481
841 9.40894 47.481
663 9.40894 47.481
700 9.40894 47.481
123 9.40894 47.481
330 9.40894 47.481
958 9.40894 47.481
46 9.40894 47.481
749 9.40894 47.481
312 9.40894 47.481
283 9.40894 47.481
373 9.40894 47.481
652 9.40894 47.481
527 9.40894 47.481
489 9.40894 47.481
463 9.40893 47.481
805 9.40893 47.481
936 9.40893 47.481
157 9.40893 47.481
542 9.40893 47.481
770 9.40893 47.481
505 9.40893 47.481
698 9.40893 47.481
909 9.40893 47.481
849 9.40893 47.481
565 9.40893 47.481
116 9.40893 47.481
328 9.40893 47.481
499 9.45447 48.2028
154 9.53336 49.4529
222 9.61511 50.7481
972 9.69341 51.9885
336 9.77112 53.2197
925 9.85163 54.4953
677 9.92869 55.7163
214 10.0085 56.9804
233 10.0844 58.1828
166 10.1375 59.2447
708 10.2018 60.5307
445 10.3033 62.5589
531 10.3316 63.1261
234 10.3628 63.749
255 10.3959 64.4108
639 10.4271 65.0334
607 10.4396 65.2837
879 10.4515 65.5212
517 10.4632 65.757
77 10.4748 65.9874
14 10.4865 66.222
939 10.4978 66.4474
734 10.5095 66.6823
347 10.5211 66.9135
799 10.5341 67.1744
381 10.5469 67.4292
589 10.5587 67.6658
703 10.5715 67.9211
114 10.5851 68.1924
966 10.5993 68.4765
346 10.6136 68.7631
503 10.6267 69.0248
371 10.6391 69.2729
760 10.6517 69.5249
784 10.666 69.8108
747 10.6813 70.1153
219 10.6985 70.4595
329 10.7156 70.8019
374 10.7436 71.3613
556 10.7674 71.8375
686 10.7887 72.2633
717 10.8105 72.6979
277 10.836 73.2092
272 10.8628 73.7438
119 10.8924 74.3362
665 10.9244 74.9747
658 10.9601 75.6884
991 10.9479 75.8539
825 10.9349 76.0302
657 10.9227 76.1954
436 10.9098 76.3699
224 10.8976 76.5364
457 10.8847 76.7109
890 10.8722 76.8801
728 10.8599 77.0477
694 10.8477 77.2123
427 10.8346 77.3909
298 10.8211 77.5735
667 10.8077 77.7551
860 10.792 77.9689
207 10.7768 78.1748
554 10.7397 78.6784
433 10.7037 79.1666
948 10.6678 79.6535
551 10.628 80.1933
247 10.5887 80.7258
830 10.5523 81.2193
546 10.5149 81.7259
240 10.4779 82.2284
615 10.4408 82.7309
75 10.4033 83.2393
325 10.3648 83.7627
444 10.3266 84.2795
90 10.2887 84.794
138 10.247 85.3602
447 10.209 85.8751
386 10.1719 86.3782
1 10.1362 86.8627
300 10.1009 87.3411
316 10.064 87.8408
637 10.0274 88.3375
892 9.99091 88.8328
213 9.9534 89.3415
914 9.9534 89.3415
203 9.9534 89.3415
95 9.9534 89.3415
628 9.9534 89.3415
982 9.9534 89.3415
718 9.9534 89.3415
699 9.9534 89.3415
31 9.9534 89.3415
199 9.9534 89.3415
905 9.9534 89.3415
792 9.9534 89.3415
547 9.9534 89.3415
736 9.9534 89.3415
263 9.9534 89.3415
916 9.9534 89.3415
39 9.9534 89.3415
48 9.9534 89.3415
955 9.9534 89.3415
753 9.9534 89.3415
405 9.9534 89.3415
93 9.9534 89.3415
442 9.9534 89.3415
153 9.9534 89.3415
969 9.9534 89.3415
678 9.9534 89.3415
169 9.9534 89.3415
693 9.9534 89.3415
108 9.9534 89.3415
321 9.9534 89.3415
570 9.9534 89.3415
585 9.9534 89.3415
560 9.9534 89.3415
759 9.95339 89.3415
401 9.95339 89.3415
944 9.95339 89.3415
495 9.954 89.3609
364 9.95464 89.3814
803 9.95525 89.4011
399 9.95584 89.42
557 9.95647 89.4401
301 9.9571 89.4604
719 9.95771 89.4799
178 9.95833 89.4997
953 9.95903 89.5222
988 9.95975 89.5452
106 10.2488 89.5415
712 10.5751 89.5374
115 10.851 89.5339
871 11.1105 89.5306
227 11.2579 89.5287
776 11.3301 89.5278
380 11.3968 89.5269
711 11.4723 89.526
827 11.5469 89.525
435 11.6234 89.524
200 11.7016 89.523
17 11.7843 89.522
750 11.8603 89.521
568 11.9353 89.52
236 12.0159 89.519
462 12.0981 89.518
973 12.1753 89.517
304 12.2494 89.516
868 12.3258 89.5151
833 12.4151 89.5139
815 12.491 89.513
446 12.5761 89.5119
885 12.6672 89.5107
368 12.743 89.5098
88 12.8114 89.5089
249 12.8826 89.508
244 12.9475 89.5071
426 13.0091 89.5064
780 16.6573 89.4599
223 25.2032 89.3508
490 25.2032 89.3508
58 25.2032 89.3508
50 25.2032 89.3508
608 25.2032 89.3508
638 25.2032 89.3508
919 25.2032 89.3508
41 25.2032 89.3508
424 25.2032 89.3508
360 25.2032 89.3508
469 25.2032 89.3508
550 25.2032 89.3508
456 25.2032 89.3508
60 25.2032 89.3508
859 25.2032 89.3508
960 25.2032 89.3508
288 25.2072 89.3115
761 25.211 89.2748
933 25.2148 89.2383
491 25.2184 89.2026
768 25.2223 89.1655
13 25.2262 89.1273
593 25.23 89.09
15 25.2341 89.0507
441 25.2384 89.0088
306 25.2427 88.9666
521 25.2472 88.9229
651 25.252 88.8765
96 25.2565 88.8327
409 25.2606 88.7923
183 25.2652 88.7481
253 25.2695 88.7059
795 25.2737 88.6647
120 25.2779 88.6243
610 25.282 88.5843
20 25.2861 88.5445
611 25.2901 88.5053
44 25.2946 88.4616
696 25.299 88.4193
28 25.303 88.3796
714 25.3072 88.3389
430 25.3286 88.1311
36 25.3558 87.8665
631 25.3841 87.5913
292 26.0493 81.1189
537 26.0683 80.8773
730 26.0859 80.6528
454 26.1018 80.4506
578 26.1169 80.259
697 26.1327 80.0578
270 26.1487 79.8534
296 26.1636 79.6644
918 26.1787 79.4721
124 26.1965 79.2447
971 26.214 79.0231
888 26.2251 78.8809
431 26.2357 78.746
418 26.247 78.6021
604 26.2604 78.4319
950 26.2727 78.2756
443 26.284 78.131
99 26.2956 77.9834
487 26.3063 77.847
326 26.3173 77.7073
695 26.3276 77.5761
113 26.3515 77.2717
526 26.3722 77.0085
76 26.3908 76.7722
796 26.4135 76.4833
924 26.4372 76.1806
724 26.457 75.929
591 26.3644 75.757
878 26.2741 75.5893
773 26.1886 75.4307
806 26.0888 75.2453
252 25.981 75.0451
886 25.8666 74.8327
501 25.7468 74.6103
327 25.6415 74.4148
333 25.5417 74.2295
220 25.4314 74.0246
789 25.3284 73.8334
339 25.2237 73.639
574 25.1185 73.4437
571 25.0125 73.2468
266 24.9075 73.0519
184 24.8039 72.8594
946 24.696 72.659
587 24.5866 72.4559
954 24.4898 72.2763
359 24.3755 72.0639
167 24.2742 71.8759
903 24.0467 71.4535
16 23.8564 71.1002
720 23.6057 70.6346
680 23.3805 70.2164
846 23.1793 69.8428
788 22.9904 69.4922
965 22.8139 69.1644
275 22.6298 68.8226
451 22.4344 68.4597
482 22.2669 68.1488
422 22.1011 67.8409
132 22.0373 67.7224
79 21.9682 67.5941
764 21.8995 67.4666
429 21.838 67.3523
411 21.7699 67.226
400 21.7037 67.103
130 21.6352 66.9758
398 21.5711 66.8568
97 21.5059 66.7356
361 21.4442 66.6211
81 21.3749 66.4924
3 21.3049 66.3625
524 21.2456 66.2523
726 21.1878 66.1451
600 21.1244 66.0274
502 21.0565 65.9013
552 20.9904 65.7786
196 20.9203 65.6483
376 20.8586 65.5338
168 20.8586 65.5338
479 20.8983 65.4461
635 20.9403 65.3535
970 20.9823 65.2607
729 21.0291 65.1575
507 21.0678 65.0722
338 21.0999 65.0011
131 21.1655 64.8566
739 21.2324 64.7088
981 21.3028 64.5533
500 21.3601 64.427
192 21.435 64.2618
772 21.5117 64.0923
701 21.5808 63.9398
927 21.6598 63.7655
897 21.7397 63.5891
630 21.8116 63.4306
162 21.8892 63.2593
599 22.4878 61.9381
601 23.0437 60.7111
324 23.7652 59.1187
957 24.3248 57.8836
545 24.9354 56.5359
49 25.4974 55.2956
382 25.6079 55.0516
640 25.7363 54.7684
691 25.8607 54.4938
349 25.9974 54.1921
735 26.173 53.8044
438 26.3711 53.3672
771 26.5258 53.0259
11 26.6695 52.7086
535 26.7889 52.4452
89 26.9013 52.1971
706 27.0244 51.9254
414 27.0964 51.7665
603 27.1629 51.6197
687 27.2376 51.455
543 27.2928 51.3331
37 27.3496 51.2076
938 27.4033 51.0892
633 27.4591 50.9659
913 27.5184 50.8351
891 27.5754 50.7094
778 27.6338 50.5805
269 27.6905 50.4553
413 27.7477 50.3291
688 27.8022 50.2087
858 27.8578 50.086
148 27.9174 49.9546
475 27.958 49.911
510 27.9966 49.8695
508 28.0376 49.8255
956 28.074 49.7865
59 28.1148 49.7427
901 28.1552 49.6992
34 28.2013 49.6498
705 28.2579 49.5891
397 28.3173 49.5253
174 28.3726 49.466
403 28.9481 48.8482
619 29.5474 48.2049
391 30.0618 47.6528
302 30.7438 46.9208
237 31.4354 46.1784
664 32.1789 45.3804
655 32.8795 44.6284
869 34.3431 43.0574
811 34.3902 43.0069
278 34.4382 42.9554
748 35.2571 43.1827
935 36.1634 43.4342
38 36.5014 43.528
525 36.8795 43.633
876 37.3582 43.7658
388 37.8242 43.8952
7 38.4648 44.0729
679 39.1305 44.2577
783 40.5076 44.6399
945 42.4378 45.1756
180 43.7073 45.5279
621 45.2129 45.9458
923 46.1062 46.1937
875 46.8341 46.3958
281 47.4502 46.5668
262 48.065 46.7374
69 48.6091 46.8884
210 49.1641 47.0424
492 49.8607 47.2357
85 50.5543 47.4283
870 51.0674 47.5706
66 51.5904 47.7158
716 52.1604 47.874
623 52.7927 48.0495
396 53.389 48.215
276 53.8716 48.3489
978 54.4668 48.5141
577 55.0349 48.6718
377 55.5706 48.8205
342 56.1917 48.9929
625 57.5047 49.3573
63 58.232 49.5591
842 59.3884 49.8801
644 60.2616 50.1224
314 61.1063 50.3568
675 62.0018 50.6054
217 63.0561 50.898
850 65.4449 51.561
932 66.9154 51.9691
926 66.9568 51.9806
606 66.9993 51.9924
357 67.0434 52.0046
70 67.0862 52.0165
143 67.1307 52.0289
656 67.1765 52.0416
117 67.2181 52.0531
592 67.2681 52.067
920 67.2446 52.3219
286 66.9849 55.1401
538 66.9542 55.4741
852 66.9246 55.7947
67 66.9204 55.8405
942 66.9168 55.8796
941 66.913 55.9214
670 66.9094 55.9603
964 66.7751 57.4184
420 66.8421 57.4544
102 66.9054 57.4885
190 66.9675 57.5219
583 67.0326 57.5569
767 67.0945 57.5901
967 67.1611 57.6259
478 67.0113 58.679
201 66.8684 59.6838
334 66.7544 60.4856
762 66.633 61.3387
485 66.5338 62.0359
650 66.4174 62.8547
68 66.3055 63.6409
293 66.1956 64.4135
84 66.0624 65.3503
35 66.0126 65.8369
109 65.5798 70.0677
315 65.6325 70.2982
290 65.6813 70.5118
801 65.7296 70.7233
9 65.7724 70.9105
818 65.8167 71.1046
152 65.8435 71.2222
83 65.8741 71.3561
51 65.8997 71.4681
579 65.9251 71.5791
975 65.9499 71.6876
238 65.9741 71.7937
654 66.0022 71.9166
110 66.0279 72.0293
173 66.0539 72.143
647 66.0787 72.2517
595 66.1078 72.379
393 66.1392 72.5166
417 66.1742 72.6698
340 65.7711 72.6333
904 65.3887 72.5987
847 64.9982 72.5634
18 64.6446 72.5314
937 64.2949 72.4998
867 63.8669 72.4611
509 63.4035 72.4192
727 62.9719 72.3802
71 62.5267 72.3399
837 61.9059 72.2838
671 61.0118 72.2029
617 60.1911 72.1287
460 59.5633 72.0719
235 58.8547 72.0078
857 58.7845 72.0015
987 58.7169 71.9954
440 58.6445 71.9888
513 58.5668 71.9818
94 58.5025 71.976
800 58.4391 71.9702
921 58.3708 71.9641
91 58.306 71.9582
515 58.2444 71.9526
432 58.1791 71.9467
769 58.1124 71.9407
208 58.0495 71.935
112 57.9852 71.9292
605 57.9216 71.9234
229 57.8571 71.9176
668 57.7945 71.9119
931 57.7321 71.9063
632 57.6525 71.8991
126 57.5794 71.8925
282 57.5794 71.8925
832 57.5794 71.8925
744 57.5794 71.8925
523 53.204 68.3141
855 52.5905 67.8123
264 51.985 67.3171
582 51.7898 67.1575
216 51.5543 66.9649
798 51.3304 66.7818
468 51.1223 66.6116
743 50.9006 66.4302
968 50.6877 66.2561
453 50.4609 66.0707
101 50.2252 65.8779
793 50.0299 65.7182
350 49.8428 65.5651
596 48.4172 64.2389
291 48.5287 64.0546
104 48.6512 63.8522
715 48.8597 63.5076
134 49.094 63.1201
779 49.3669 62.6691
907 49.6679 62.1716
791 48.9948 61.4664
810 48.2923 60.7304
161 47.4516 59.8497
188 46.5172 58.8708
498 45.409 57.7098
186 44.2083 56.4518
989 42.7685 54.9434
929 42.7685 54.9434
155 42.7684 54.9434
848 42.7684 54.9434
512 42.7684 54.9434
683 42.7684 54.9434
843 42.7684 54.9434
370 42.7684 54.9434
147 42.7684 54.9434
194 42.7684 54.9434
519 42.7684 54.9434
30 42.3775 55.6473
809 41.9919 56.3416
558 41.6091 57.0309
459 41.2527 57.6726
732 40.9201 58.2714
56 40.5909 58.8641
171 40.2867 59.412
804 40.0236 59.8856
910 39.7587 60.3627
912 39.523 60.7871
597 39.2871 61.2119
839 39.0372 61.6618
756 38.7885 62.1096
267 38.7196 62.2478
765 38.6528 62.3815
533 38.5857 62.516
576 38.5172 62.6533
922 38.4462 62.7954
493 38.3691 62.9499
390 38.2933 63.1018
137 38.2239 63.2409
676 38.1596 63.3698
127 38.0928 63.5036
461 38.0183 63.6529
471 37.9091 63.8716
54 37.7926 64.105
226 37.6704 64.35
404 37.6312 64.4285
225 37.5925 64.5061
163 37.5529 64.5854
894 37.5129 64.6654
410 37.4736 64.7442
308 37.4316 64.8284
21 37.3905 64.9108
733 37.3509 64.9901
976 37.3623 66.5736
645 37.3701 67.6656
365 37.3786 68.8493
649 37.3877 70.1162
689 37.3909 70.5559
215 37.3939 70.9775
82 37.3959 71.2558
562 37.3959 71.2562
175 37.3959 71.2566
662 37.3959 71.257
484 37.3959 71.2575
614 37.3959 71.2579
986 37.3959 71.2583
144 37.1265 73.7524
80 36.8485 76.3252
757 36.5263 79.3072
141 37.0189 80.3889
394 37.4711 81.3819
872 37.8841 82.2887
256 38.3459 83.3027
2 38.8074 84.3163
540 39.3044 85.4074
874 40.5489 88.1406
150 40.5709 88.1889
428 40.5931 88.2376
786 40.6125 88.2803
230 40.7553 88.5005
139 40.8927 88.7125
189 40.8927 88.7125
146 40.8927 88.7125
613 40.8927 88.7125
92 40.8928 88.7125
271 40.8928 88.7125
392 40.8928 88.7125
877 40.8928 88.7125
319 40.8928 88.7125
763 40.8928 88.7125
129 40.8928 88.7125
172 40.8928 88.7125
389 40.8928 88.7125
539 40.8928 88.7125
470 40.8928 88.7125
206 40.8928 88.7125
974 40.8928 88.7125
73 40.8928 88.7125
738 40.9739 88.7118
53 41.0558 88.7111
752 41.1352 88.7105
22 41.2221 88.7098
241 41.3106 88.709
72 41.3923 88.7083
239 41.4801 88.7076
808 41.5563 88.7069
231 41.7373 88.7054
672 41.9239 88.7039
305 42.1393 88.7021
541 42.3385 88.7004
561 42.3735 88.7001
181 42.41 88.6998
140 42.4525 88.6994
245 42.4876 88.6991
548 42.5192 88.6989
449 42.5554 88.6986
343 42.5925 88.6983
866 42.628 88.698
265 42.662 88.6977
840 42.8756 88.6959
448 43.1095 88.6939
707 43.3477 88.6919
569 43.6068 88.6897
713 43.8762 88.6875
320 44.13 88.6854
40 44.3776 88.6833
807 44.5944 88.6815
5 44.8497 88.6793
532 45.0968 88.6773
375 45.327 88.6753
636 45.5596 88.6734
516 45.7966 88.6714
814 46.0233 88.6695
156 46.2497 88.6676
563 46.462 88.6658
415 46.689 88.6639
642 46.9016 88.6621
309 47.1148 88.6603
766 47.3395 88.6585
559 47.6347 88.656
294 47.9429 88.6534
530 48.2904 88.6505
659 48.6317 88.6476
564 48.9725 88.6448
755 49.3296 88.6418
248 49.7069 88.6386
782 50.1074 88.6353
802 50.2039 88.6344
416 50.3207 88.6335
861 50.4542 88.6323
896 50.5728 88.6313
437 50.6815 88.6304
624 50.8248 88.6292
165 50.9581 88.6281
193 51.1019 88.6269
961 51.2506 88.6257
259 51.4116 88.6243
335 51.5617 88.6231
690 51.6985 88.6219
369 51.8366 88.6207
344 51.9651 88.6197
851 52.0933 88.6186
737 52.2241 88.6175
754 52.3466 88.6165
882 52.4654 88.6155
105 52.5887 88.6144
887 52.734 88.6132
367 52.8739 88.612
477 53.0197 88.6108
313 53.1307 88.6099
826 53.243 88.6089
618 53.3747 88.6078
947 53.5058 88.6067
911 53.6446 88.6056
992 53.7786 88.6045
816 53.8988 88.6034
984 54.0202 88.6024
118 54.1339 88.6015
511 54.2467 88.6005
280 54.366 88.5995
23 54.4836 88.5985
746 54.5989 88.5976
406 54.7194 88.5966
179 54.8445 88.5955
774 54.9728 88.5944
952 55.103 88.5933
434 55.2323 88.5923
62 55.3651 88.5911
980 55.5059 88.59
856 55.6471 88.5888
584 55.7851 88.5876
408 55.9123 88.5866
317 56.0594 88.5853
895 56.1885 88.5842
575 56.711 88.5799
42 57.2192 88.5756
185 57.6468 88.572
177 58.0728 88.5684
52 58.4779 88.565
823 58.7877 88.5624
378 59.0533 88.5602
202 59.3152 88.558
940 59.582 88.5558
536 59.9503 88.5527
567 60.7018 88.5464
880 61.4008 88.5405
12 62.5124 88.5312
395 64.0912 88.5179
854 65.8406 88.5032
251 67.0087 88.4934
817 68.0406 88.4848
775 69.2029 88.475
893 70.2423 88.4663
464 70.4378 88.4647
318 70.6659 88.4627
813 70.8943 88.4608
742 71.1156 88.459
297 71.3118 88.4573
845 71.5363 88.4554
481 71.7642 88.4535
145 71.9949 88.4516
159 72.2486 88.4495
465 72.4534 88.4477
620 72.6718 88.4459
725 72.9516 88.4436
353 73.158 88.4418
580 73.3791 88.44
285 73.5855 88.4382
494 73.8067 88.4364
149 74.0127 88.4347
820 74.2573 88.4326
273 74.4532 88.431
648 74.9018 88.4272
158 75.2806 88.424
666 75.6852 88.4206
135 76.1112 88.4171
544 76.4476 88.4142
622 77.0286 88.4094
864 78.2974 88.3987
983 79.7275 88.3867
928 80.848 88.3773
528 84.6931 83.015
332 85.5578 81.8091
450 85.774 81.5075
740 85.9446 81.2696
372 86.1321 81.0082
25 86.0791 80.8456
311 86.0185 80.6594
660 85.963 80.4887
889 85.9126 80.3342
322 85.8348 80.0949
473 85.678 79.6133
685 85.4452 78.8982
385 84.2845 75.3317
204 83.5982 73.2233
900 82.8049 70.7858
962 82.3095 69.2639
383 82.7756 65.586
977 83.3052 61.4062
497 83.7766 57.6857
684 83.68 56.9269
170 83.5761 56.1108
107 83.4726 55.2989
387 83.3673 54.472
838 83.263 53.6529
136 83.1585 52.8321
951 83.0548 52.0184
425 82.9518 51.2091
29 82.8527 50.4314
553 82.795 49.9781
506 82.74 49.5462
242 82.6252 48.6453
884 82.4828 47.5266
198 82.274 45.8871
323 81.6721 41.1598
232 81.734 40.8471
274 81.9715 39.6477
195 82.2124 38.4304
609 82.5329 36.8115
98 82.9344 34.7828
466 82.9344 34.7828
745 82.7713 33.9611
590 82.5757 32.9755
33 82.3735 31.9573
520 82.1637 30.9004
835 81.8944 29.5438
