0,721,260,103,979,176,959,865,819,777,504,581,751,781,295,598,24,29,6,831,828,27,553,675,232,143,670,33,195,932,609,274,102,425,583,136,926,838,466,314,323,644,70,745,606,941,798,875,186,188,286,623,293,492,85,468,762,35,396,519,377,357,577,978,485,906,842,66,117,458,63,785,421,355,594,634,43,870,716,681,930,358,45,821,164,55,217,419,209,467,289,19,555,934,379,191,160,257,834,586,250,873,111,261,337,704,26,573,653,287,883,310,363,669,518,474,702,351,254,902,64,626,643,407,8,284,963,412,629,299,588,348,812,488,722,881,211,366,674,682,133,362,646,61,187,331,898,4,86,74,794,258,514,455,741,673,836,829,228,612,46,710,402,572,958,283,641,205,65,125,246,915,268,221,709,824,307,439,822,943,899,661,869,37,11,413,787,486,354,121,414,549,811,602,529,543,278,535,384,663,841,771,476,723,78,949,758,797,32,423,700,397,10,985,505,527,166,341,652,863,352,770,212,87,328,499,218,312,116,122,849,565,373,123,731,154,222,330,542,463,972,534,47,908,990,57,616,938,148,157,936,100,805,489,128,174,336,524,858,846,182,764,677,772,422,132,708,909,214,749,956,589,879,192,717,162,445,219,303,376,338,939,784,196,131,747,279,680,739,114,130,796,234,347,760,77,517,607,734,14,966,427,531,3,925,255,703,694,686,298,97,272,665,667,381,639,224,728,433,207,554,799,615,759,153,905,860,178,991,570,546,247,321,374,556,119,240,630,482,948,400,371,503,657,277,75,551,944,886,113,578,41,950,326,339,726,479,600,487,184,560,398,500,701,275,93,346,608,526,327,443,220,635,249,454,724,502,429,901,965,21,365,404,730,924,333,552,757,266,789,574,878,171,308,954,270,697,16,662,50,124,2,253,658,256,141,638,773,859,550,60,168,360,537,888,672,825,73,418,604,76,99,490,946,431,288,933,833,13,885,441,651,36,424,409,301,325,780,199,982,244,31,699,399,892,88,953,304,557,236,711,568,444,718,803,106,316,1,916,58,628,462,469,955,457,95,364,890,547,203,300,792,90,830,436,719,815,169,263,447,401,914,868,426,736,39,585,678,827,969,405,380,988,200,213,108,386,442,115,48,17,693,495,637,446,695,753,44,593,227,138,750,712,491,521,973,435,306,611,776,15,714,871,752,120,368,610,183,456,786,768,430,28,20,877,470,139,806,428,696,271,389,129,96,22,631,761,960,808,292,392,150,707,231,918,92,146,72,919,23,613,738,265,974,305,181,53,375,713,766,746,882,874,961,165,530,259,659,245,449,763,539,105,343,320,437,156,415,239,861,896,774,866,516,856,980,5,532,309,569,541,559,536,952,40,313,754,408,416,448,807,564,511,140,814,118,280,206,548,230,795,167,172,561,189,241,782,523,563,689,294,840,350,394,940,193,82,642,614,319,406,215,895,649,226,562,296,872,252,223,571,493,225,591,291,80,596,56,134,733,929,359,809,599,501,30,104,54,903,233,382,720,705,510,34,349,507,79,451,329,788,645,756,137,587,601,735,729,970,411,361,971,897,981,927,545,691,81,496,698,679,839,324,640,688,633,438,913,891,267,778,269,151,38,403,525,142,655,783,475,748,664,388,508,876,391,59,957,147,49,912,603,302,512,862,7,566,356,619,706,687,848,989,844,692,69,194,197,935,480,790,853,461,370,264,804,127,597,621,210,262,498,471,89,843,276,923,342,472,155,452,180,917,522,945,101,282,715,216,922,410,976,683,910,558,175,237,576,390,163,743,144,855,779,533,676,732,802,513,755,540,668,810,964,968,281,793,791,617,109,112,432,632,987,161,235,459,765,453,9,248,335,800,484,921,126,636,826,94,12,986,91,894,179,947,962,173,460,315,857,369,847,737,845,984,618,880,816,575,317,801,671,229,395,832,769,582,911,42,434,624,851,367,584,690,202,344,273,62,353,158,477,854,992,887,177,904,52,544,481,622,567,297,18,159,864,931,378,823,135,464,817,251,620,318,813,185,149,580,285,494,983,145,928,820,473,889,322,666,725,742,648,893,660,685,25,311,372,450,385,332,818,740,68,417,83,51,465,975,937,775,71,837,744,727,579,942,767,440,625,393,208,509,907,605,515,84,647,654,867,290,340,595,900,538,478,656,67,238,190,650,152,967,420,852,110,334,920,387,684,201,204,497,528,383,506,107,977,884,951,198,242,170,850,592,590,835,520,98,483,627,345,243,
value : 555.135 running time : 27.510668
0 80 20
721 76.1097 15.2348
260 74.5602 13.3367
103 72.8394 11.2288
979 73.5667 11.5394
176 69.313 16.6719
959 64.8746 22.0275
865 60.86 26.8713
819 60.86 26.8713
777 60.86 26.8713
504 61.5109 27.479
581 62.1926 28.1156
751 63.0125 28.8812
781 63.8886 29.6995
295 64.8332 30.5815
598 65.8514 31.5324
24 67.0134 32.6177
29 67.9358 33.4796
6 67.9358 33.4796
831 67.9358 33.4796
828 67.9358 33.4796
27 67.9358 33.4796
553 74.947 39.189
675 74.947 39.189
232 74.9843 39.2009
143 75.0206 39.2125
670 75.632 39.4069
33 76.2767 39.612
195 75.991 41.3544
932 75.7492 42.8301
609 75.5955 43.7676
274 75.4384 44.7263
102 75.2679 45.767
425 75.2679 45.767
583 75.2679 45.767
136 75.2679 45.767
926 74.7106 46.0349
838 74.2462 46.2582
466 72.9903 46.862
314 71.6747 47.4946
323 70.8835 47.875
644 70.0643 48.2689
70 69.3484 48.6131
745 68.6953 48.9271
606 66.2957 50.0806
941 63.789 51.2855
798 58.9586 53.607
875 58.8987 53.6359
186 58.8363 53.6659
188 58.7774 53.6942
286 58.7192 53.7222
623 58.6633 53.7491
293 58.6057 53.7768
492 58.5478 53.8046
85 58.4924 53.8313
468 58.4357 53.8586
762 58.3778 53.7101
35 58.0012 52.7446
396 57.5331 51.5447
519 57.0153 50.2172
377 56.4787 48.8414
357 56.3671 48.5552
577 56.2575 48.2742
978 56.1174 47.9149
485 55.9901 47.5886
906 55.7339 46.9317
842 55.5251 46.3966
66 55.2134 45.5973
117 54.9648 44.9601
458 54.4029 43.5195
63 53.9908 42.463
785 53.5667 41.3756
421 53.388 40.9174
355 53.2971 40.6845
594 53.2086 40.4576
634 53.1139 40.2148
43 53.0201 39.974
870 52.9211 39.7205
716 52.82 39.461
681 52.7182 39.2001
930 52.6229 38.9558
358 52.5259 38.707
45 52.425 38.4485
821 52.291 38.1047
164 51.249 36.6559
55 50.7603 35.9762
217 50.3143 35.356
419 48.84 33.3062
209 48.2452 32.4789
467 47.6762 31.6877
289 47.2123 31.0425
19 46.7802 30.4417
555 46.2843 29.752
934 45.7644 29.029
379 45.2965 28.3783
191 44.9171 27.8506
160 44.5403 27.3266
257 44.1861 26.8339
834 43.7822 26.2722
586 43.3829 25.7169
250 42.955 25.1219
873 42.4501 24.4197
111 41.773 23.4782
261 41.1977 22.6781
337 40.6172 21.8708
704 40.0775 21.1202
26 39.6189 20.4825
573 39.1672 19.8543
653 38.7512 19.2759
287 38.3247 18.6826
883 37.9515 18.1636
310 37.5758 17.6411
363 37.1985 17.1164
669 36.851 16.6331
518 36.6262 16.3204
474 27.7496 15.9112
702 27.4446 15.8971
351 27.1596 15.884
254 26.8356 15.869
902 26.5416 15.8555
64 26.2703 15.843
626 25.9848 15.8298
643 25.6722 15.8154
407 25.3759 15.8017
8 22.4734 15.6679
284 20.4084 15.5727
963 13.0249 15.2323
412 12.8248 15.223
629 12.6456 15.2148
299 12.4707 15.2067
588 12.4707 15.2067
348 12.4707 15.2067
812 12.4707 15.2067
488 12.467 15.4229
722 12.4628 15.6719
881 12.4552 16.1201
211 12.4461 16.6569
366 12.4365 17.2229
674 12.4265 17.8126
682 12.4161 18.4267
133 12.4051 19.0723
362 12.3996 19.4007
646 12.3939 19.7366
61 12.3873 20.1239
187 12.3793 20.5994
331 12.3231 23.8843
898 12.2632 27.3839
4 12.3401 27.5891
86 12.418 27.7971
74 12.5022 28.0215
794 12.5873 28.2487
258 12.6755 28.484
514 12.7648 28.7224
455 12.8613 28.9797
741 12.9617 29.2477
673 13.0601 29.5101
836 13.1587 29.7733
829 13.2572 30.0359
228 13.3565 30.3007
612 13.3565 30.3007
46 13.3565 30.3008
710 13.7673 30.3187
402 14.1746 30.3364
572 14.5921 30.3546
958 15.0173 30.3731
283 16.5461 30.4394
641 17.9853 30.5015
205 19.5343 30.5685
65 21.278 30.644
125 22.9944 30.7182
246 24.6389 30.7893
915 24.6389 30.7893
268 24.6389 30.7893
221 24.6389 30.7893
709 24.6389 30.7893
824 24.6389 30.7893
307 24.6389 30.7893
439 24.6389 30.7893
822 24.6389 30.7893
943 24.5762 31.319
899 24.5116 31.8654
661 24.4401 32.4691
869 24.2582 34.0039
37 24.0797 35.5099
11 23.9373 36.7125
413 23.8076 37.8078
787 23.8076 37.8078
486 23.6454 37.9042
354 23.4813 38.0017
121 23.305 38.1065
414 23.1254 38.2132
549 22.9464 38.3196
811 22.7655 38.4272
602 22.5794 38.5378
529 22.3752 38.6592
543 22.1599 38.7872
278 21.9363 38.9201
535 20.7811 39.6076
384 19.7416 40.2264
663 19.2244 40.5339
841 18.7294 40.8283
771 18.3099 41.0776
476 17.8998 41.3215
723 17.492 41.5639
78 17.0854 41.8057
949 16.6821 42.0454
758 16.2763 42.2867
797 15.86 42.5342
32 15.4308 42.7894
423 15.012 43.0384
700 14.5864 43.2914
397 14.1598 43.5451
10 13.4214 43.9842
985 12.6744 44.4285
505 11.9238 44.8751
527 11.1719 45.3223
166 10.728 45.5863
341 10.7179 45.5923
652 10.7074 45.5985
863 10.6968 45.6048
352 10.6861 45.6112
770 10.6755 45.6175
212 10.6647 45.6239
87 10.6541 45.6302
328 10.6424 45.6371
499 10.663 46.1466
218 10.7046 47.1787
312 10.7359 47.9562
116 10.7706 48.8171
122 10.8032 49.6259
849 10.8032 49.6259
565 10.8032 49.626
373 10.8032 49.626
123 10.8032 49.626
731 10.8032 49.626
154 10.8032 49.626
222 10.8032 49.626
330 10.8032 49.626
542 10.825 49.7486
463 10.8475 49.8754
972 10.8695 49.999
534 10.8928 50.1306
47 10.9157 50.2597
908 10.9391 50.3911
990 10.9651 50.6266
57 10.9926 50.8753
616 11.0204 51.1269
938 11.0489 51.3852
148 11.0781 51.6494
157 11.1112 51.949
936 11.1447 52.2519
100 11.1785 52.5581
805 11.2125 52.8662
489 11.2469 53.1767
128 11.2819 53.4936
174 11.3979 54.5408
336 11.5139 55.5873
524 11.6292 56.6281
858 11.748 57.7005
846 11.8728 58.827
182 11.8728 58.827
764 11.8728 58.827
677 11.8728 58.827
772 11.8728 58.827
422 11.8728 58.827
132 11.8728 58.827
708 11.8728 58.827
909 11.8728 58.827
214 11.8728 58.827
749 11.8728 58.827
956 11.8482 59.4417
589 11.8231 60.0671
879 11.798 60.6945
192 11.7743 61.2855
717 11.7515 61.8555
162 11.7311 62.3658
445 11.7128 62.8236
219 11.7088 62.9252
303 11.7048 63.0251
376 11.7004 63.135
338 11.6961 63.244
939 11.6919 63.3496
784 11.6878 63.4533
196 11.6837 63.5573
131 11.6795 63.6625
747 11.6753 63.7668
279 11.6712 63.8715
680 11.6583 64.1933
739 11.6457 64.5102
114 11.633 64.8269
130 11.6204 65.1442
796 11.6077 65.4612
234 11.6012 65.6264
347 11.5945 65.7949
760 11.5874 65.973
77 11.5802 66.1537
517 11.573 66.3335
607 11.566 66.5097
734 11.5593 66.6785
14 11.5526 66.8477
966 11.5459 67.0147
427 11.5396 67.173
531 11.5335 67.3278
3 11.5267 67.4977
925 11.52 67.6665
255 11.5015 68.1277
703 11.4827 68.5999
694 11.4629 69.094
686 11.4441 69.5654
298 11.4256 70.0272
97 11.4085 70.4543
272 11.3915 70.8811
665 11.3741 71.3164
667 11.3565 71.7556
381 11.3389 72.1978
639 11.3199 72.6721
224 11.3012 73.1386
728 11.2834 73.5844
433 11.2664 74.0105
207 11.2499 74.4224
554 11.233 74.8458
799 11.2227 75.1047
615 11.195 75.7948
759 11.1694 76.434
153 11.1473 76.9884
905 11.1471 76.9921
860 11.147 76.9957
178 11.1468 76.9997
991 11.1466 77.0035
570 11.1465 77.0076
546 11.1463 77.0116
247 11.1462 77.0155
321 11.1506 76.7941
374 11.1551 76.5748
556 11.1595 76.3549
119 11.1639 76.1383
240 11.168 75.931
630 11.1724 75.7139
482 11.1765 75.5119
948 11.1803 75.3225
400 11.184 75.138
371 11.1879 74.9467
503 11.2749 74.942
657 11.3592 74.9375
277 11.4448 74.9328
75 11.5303 74.9282
551 11.6369 74.9224
944 11.7379 74.917
886 13.0057 74.8479
113 14.1337 74.7866
578 15.2013 74.7285
41 16.0008 74.685
950 16.0571 74.682
326 16.1131 74.679
339 16.1695 74.6759
726 16.226 74.6729
479 16.2822 74.6699
600 16.3387 74.6668
487 16.3936 74.6639
184 16.4486 74.6609
560 16.5033 74.6579
398 16.5587 74.655
500 16.6138 74.652
701 16.6699 74.649
275 16.7253 74.646
93 16.7793 74.6431
346 17.0409 74.6289
608 17.3077 74.6144
526 17.5638 74.6005
327 17.8194 74.5866
443 18.0714 74.573
220 18.3153 74.5598
635 18.5586 74.5466
249 18.8037 74.5333
454 23.4388 73.7219
724 26.2007 73.2385
502 26.2007 73.2385
429 26.5873 73.2099
901 27.0303 73.177
965 27.3366 73.1544
21 27.6396 73.132
365 27.9376 73.11
404 27.9376 73.11
730 27.9376 73.11
924 27.9376 73.11
333 27.9376 73.11
552 27.9376 73.11
757 27.9376 73.11
266 27.9376 73.11
789 27.9376 73.11
574 27.9376 73.11
878 27.9376 73.11
171 27.9376 73.11
308 27.6273 73.6324
954 27.208 74.3384
270 26.793 75.0371
697 26.3509 75.7815
16 25.9316 76.4875
662 25.5147 77.1894
50 25.05 77.9718
124 24.8913 78.2391
2 24.7302 78.5104
253 24.5699 78.7803
658 24.4167 79.0383
256 24.2607 79.3011
141 24.1052 79.5631
638 23.9532 79.819
773 23.8025 80.0729
859 23.6524 80.3257
550 23.5131 80.5603
60 23.3738 80.7948
168 23.2317 81.0342
360 23.0891 81.2744
537 22.9476 81.5128
888 22.8019 81.7581
672 22.6465 82.0199
825 22.4995 82.2675
73 22.3483 82.522
418 22.2088 82.7571
604 22.069 82.9925
76 21.9056 83.2678
99 21.7412 83.5446
490 21.5295 83.9011
946 21.3148 84.2627
431 21.0777 84.6619
288 20.8328 85.0744
933 20.5954 85.4742
833 20.3819 85.8337
13 20.1783 86.1765
885 20.0064 86.466
441 19.8374 86.7506
651 19.7174 86.9529
36 19.5999 87.1506
424 19.4851 87.344
409 19.3675 87.5422
301 17.685 87.5603
325 17.2079 87.5654
780 16.778 87.57
199 16.3732 87.5743
982 16.0464 87.5778
244 15.7373 87.5811
31 15.4163 87.5845
699 15.1168 87.5877
399 14.8218 87.5909
892 14.5288 87.594
88 14.2581 87.5969
953 13.9699 87.5999
304 13.7967 87.6018
557 13.6253 87.6036
236 13.4514 87.6055
711 13.2784 87.6073
568 13.1142 87.609
444 12.9514 87.6108
718 12.7963 87.6124
803 12.6445 87.614
106 12.498 87.6156
316 12.3683 87.617
1 12.2375 87.6184
916 12.1107 87.6197
58 11.9791 87.6211
628 11.8314 87.6227
462 11.6965 87.6241
469 11.5537 87.6256
955 11.3935 87.6273
457 11.2381 87.629
95 11.0918 87.6305
364 10.9399 87.6322
890 10.7914 87.6338
547 10.7141 87.6346
203 10.6387 87.6354
300 10.5617 87.6362
792 10.4896 87.637
90 10.4172 87.6377
830 10.3623 87.6383
436 10.3663 87.7646
719 10.3703 87.8933
815 10.3744 88.0218
169 10.3785 88.1517
263 10.3826 88.282
447 10.3867 88.4118
401 10.3908 88.5414
914 10.3949 88.6709
868 10.399 88.7999
426 10.403 88.9251
736 10.407 89.0536
39 10.4112 89.1836
585 10.4152 89.3108
678 10.4191 89.435
827 10.423 89.5583
969 10.4268 89.6781
405 10.4306 89.7973
380 10.4343 89.9153
988 10.4379 90.0295
200 10.4596 90.0317
213 10.4807 90.0339
108 10.7384 90.06
386 10.9845 90.085
442 11.232 90.1102
115 11.481 90.1354
48 11.7435 90.1621
17 11.9873 90.1868
693 12.2446 90.2129
495 12.4885 90.2377
637 12.7404 90.2632
446 12.984 90.288
695 13.2201 90.3119
753 13.4593 90.3362
44 13.6933 90.36
593 13.9206 90.383
227 14.1391 90.4052
138 14.3568 90.4273
750 14.5638 90.4483
712 14.7679 90.469
491 14.9681 90.4893
521 15.1517 90.5079
973 15.1517 90.5079
435 15.1517 90.5079
306 19.0815 90.6804
611 21.1003 90.7692
776 22.0244 90.8099
15 23.0602 90.8555
714 24.3149 90.9108
871 25.7034 90.9719
752 27.3787 91.0456
120 27.6377 91.057
368 27.8932 91.0683
610 28.1637 91.0803
183 28.4355 91.0923
456 28.7358 91.1055
786 29.0634 91.12
768 29.39 91.1344
430 29.7578 91.1507
28 30.1556 91.1682
20 30.5673 91.1864
877 30.9881 91.205
470 31.3826 91.2224
139 31.7678 91.2394
806 32.1114 91.2546
428 32.4501 91.2695
696 32.7997 91.285
271 33.1837 91.3019
389 33.5642 91.3187
129 33.8605 91.3318
96 34.1426 91.3443
22 34.4327 91.3571
631 34.717 91.3697
761 35.072 91.3854
960 35.5119 91.4048
808 35.9803 91.4254
292 36.4702 91.4471
392 36.9442 91.468
150 37.4254 91.4892
707 37.9473 91.5122
231 38.484 91.5359
918 39.0532 91.561
92 39.7322 91.5909
146 40.5013 91.6248
72 41.3304 91.6614
919 42.2367 91.7013
23 44.8351 91.8155
613 44.8883 91.8179
738 44.9466 91.8204
265 45.0072 91.8231
974 45.0703 91.8259
305 45.1381 91.8289
181 45.2033 91.8318
53 45.2706 91.8348
375 45.3403 91.8379
713 45.4086 91.8409
766 45.4756 91.8439
746 45.5459 91.847
882 45.6149 91.85
874 45.6787 91.8528
961 45.7449 91.8558
165 45.8075 91.8585
530 45.8708 91.8613
259 45.9369 91.8643
659 45.9952 91.8669
245 46.0573 91.8696
449 46.1161 91.8722
763 46.1772 91.8749
539 46.2381 91.8776
105 46.3021 91.8804
343 46.3628 91.8831
320 46.4245 91.8859
437 46.4842 91.8885
156 46.552 91.8915
415 46.6171 91.8944
239 46.6793 91.8971
861 46.7437 91.9
896 46.8086 91.9029
774 46.8695 91.9055
866 46.9286 91.9082
516 46.9915 91.9109
856 47.0561 91.9138
980 46.9649 91.7691
5 46.8713 91.6207
532 46.775 91.4679
309 46.6715 91.3038
569 46.5755 91.1516
541 46.4818 91.0028
559 46.3791 90.84
536 46.2723 90.6705
952 46.1671 90.5037
40 46.0563 90.328
313 45.9453 90.1518
754 45.8254 89.9617
408 45.6996 89.7622
416 45.5719 89.5596
448 45.4522 89.3698
807 45.3272 89.1716
564 45.2193 89.0003
511 45.1227 88.8472
140 44.9925 88.6406
814 44.8654 88.439
118 44.7397 88.2396
280 44.1531 87.3091
206 43.5908 86.4169
548 42.942 85.3877
230 42.1912 84.1966
795 41.344 82.8523
167 40.2486 81.1144
172 40.3373 80.8304
561 40.43 80.5336
189 40.5231 80.2356
241 40.62 79.9252
782 40.7192 79.6076
523 40.6304 79.5138
563 40.5462 79.4248
689 40.4607 79.3344
294 40.3784 79.2475
840 40.2955 79.16
350 40.2132 79.0731
394 40.1298 78.985
940 40.047 78.8975
193 39.9575 78.803
82 39.8668 78.7072
642 39.7749 78.6101
614 39.679 78.5088
319 39.5832 78.4076
406 39.485 78.3039
215 39.1181 77.9162
895 38.7378 77.5143
649 38.2063 76.9525
226 37.6644 76.3798
562 37.1013 75.7847
296 36.4778 75.1256
872 35.8603 74.473
252 35.2331 73.8101
223 34.6007 73.1417
571 33.9635 72.4682
493 33.3248 71.7931
225 33.1112 71.5675
591 32.8969 71.341
291 32.6817 71.1137
80 32.4665 70.8863
596 32.25 70.6575
56 32.0319 70.4271
134 31.8116 70.1943
733 30.9914 69.3272
929 30.2594 68.5535
359 30.0373 68.3188
809 29.8178 68.0869
599 29.5749 67.9153
501 29.3527 67.7583
30 29.1323 67.6025
104 28.8936 67.4339
54 28.6332 67.2499
903 28.0518 66.8392
233 27.4922 66.4438
382 27.1613 66.21
720 26.8453 65.9868
705 26.5274 65.7622
510 26.2548 65.5696
34 26.006 65.3938
349 25.772 65.2285
507 25.5347 65.0608
79 25.305 64.8985
451 25.0805 64.7399
329 24.8684 64.59
788 24.6685 64.4487
645 24.4612 64.3023
756 24.234 64.1418
137 24.019 63.9899
587 23.783 63.8231
601 23.5359 63.6485
735 23.2901 63.4749
729 23.0532 63.3075
970 22.8122 63.1373
411 22.8753 63.0103
361 22.9393 62.8814
971 23.1635 62.4298
897 23.3997 61.9541
981 23.6405 61.4693
927 23.8714 61.0043
545 24.1603 60.4225
691 24.3994 59.9408
81 24.6425 59.4512
496 27.4763 53.7435
698 28.6418 52.6233
679 31.006 50.3509
839 31.006 50.3509
324 31.006 50.3509
640 31.006 50.3509
688 31.006 50.3509
633 31.006 50.3509
438 31.006 50.3509
913 31.006 50.3509
891 31.006 50.3509
267 31.006 50.3509
778 31.006 50.3509
269 31.006 50.3509
151 31.006 50.3509
38 31.006 50.3509
403 31.006 50.3509
525 31.006 50.3509
142 31.006 50.3509
655 31.006 50.3509
783 31.1381 50.3031
475 31.2693 50.2557
748 31.4029 50.2074
664 31.5366 50.1591
388 31.6692 50.1112
508 31.8023 50.0631
876 31.9356 50.0149
391 32.0702 49.9663
59 32.2134 49.9145
957 32.3626 49.8606
147 32.8479 49.6854
49 33.3374 49.5086
912 33.8408 49.3268
603 34.3835 49.1308
302 34.9432 48.9287
512 35.4968 48.7288
862 36.0117 48.5429
7 36.4993 48.3667
566 36.9614 48.1998
356 37.4126 48.0369
619 37.8598 47.8754
706 38.3122 47.712
687 38.7699 47.5467
848 39.2516 47.3728
989 39.7183 47.2042
844 40.1728 47.04
692 40.1728 47.04
69 40.1728 47.04
194 40.1728 47.04
197 40.1728 47.04
935 40.1728 47.04
480 40.1728 47.04
790 40.1728 47.04
853 40.1728 47.04
461 40.4117 48.1289
370 40.6447 49.1915
264 40.8573 50.161
804 41.0245 50.9235
127 41.0801 51.1777
597 41.1351 51.4286
621 41.1887 51.6732
210 41.241 51.9116
262 41.2928 52.1481
498 41.2928 52.2294
471 41.2928 52.3105
89 41.2929 52.3906
843 41.2929 52.4698
276 41.293 52.5492
923 41.293 52.6303
342 41.293 52.7116
472 41.2931 52.7932
155 41.2931 52.876
452 41.2931 52.9597
180 41.2932 53.0464
917 41.2932 53.1332
522 41.2945 54.7269
945 41.296 56.4584
101 41.2978 58.4243
282 41.2997 60.4263
715 41.3001 60.9421
216 41.3004 61.4497
922 41.3007 61.9577
410 41.3011 62.4599
976 41.3014 62.9552
683 41.3014 62.9552
910 41.3014 62.9552
558 41.3014 62.9552
175 41.3014 62.9552
237 41.3014 62.9552
576 41.3014 62.9552
390 41.3014 62.9552
163 41.9953 63.4348
743 42.6894 63.9144
144 43.3548 64.3742
855 43.9511 64.7863
779 44.5381 65.192
533 45.1293 65.6006
676 45.7566 66.0341
732 46.4121 66.4871
802 47.1026 66.9642
513 47.671 67.357
755 48.2231 67.7386
540 48.4166 67.8723
668 48.6118 68.0073
810 48.6118 68.0073
964 48.6118 68.0073
968 48.6118 68.0073
281 48.6118 68.0073
793 48.6118 68.0073
791 48.6319 68.026
617 48.6519 68.0447
109 48.672 68.0633
112 48.6915 68.0815
432 48.7104 68.0992
632 48.7286 68.1161
987 48.7471 68.1333
161 48.7628 68.148
235 48.7794 68.1634
459 48.7959 68.1788
765 48.8139 68.1955
453 49.7553 69.0722
9 50.7209 69.9715
248 51.4071 70.6105
335 52.0049 71.1673
800 52.3367 71.4762
484 52.641 71.7597
921 52.9893 72.084
126 53.3319 72.4032
636 53.6487 72.6982
826 53.9268 72.9572
94 54.2036 73.215
12 54.4855 73.4776
986 54.7012 73.6785
91 54.934 73.8953
894 55.1735 74.1184
179 56.3336 75.1987
947 57.3586 76.1531
962 60.3574 77.0191
173 60.2789 77.6689
460 60.1912 78.3942
315 60.0988 79.1589
857 60.002 79.9598
369 59.89 80.8865
847 59.7763 81.8278
737 59.6397 82.9584
845 59.621 83.1132
984 59.604 83.2541
618 59.5874 83.3909
880 59.573 83.5095
816 59.5586 83.6287
575 59.5442 83.7472
317 59.5298 83.8661
801 59.5154 83.9852
671 59.5009 84.1053
229 59.486 84.2281
395 59.471 84.3519
832 59.456 84.4764
769 59.4403 84.6056
582 59.3919 85.0065
911 59.1355 87.1337
42 59.0087 88.1829
434 58.8887 89.1764
624 58.9234 89.1522
851 58.9603 89.1264
367 58.9964 89.1011
584 59.0327 89.0757
690 59.0705 89.0492
202 59.1076 89.0233
344 59.144 88.9977
273 59.9591 88.4275
62 60.7883 87.8474
353 62.2991 86.7906
158 63.1744 86.1783
477 63.9405 85.6423
854 64.7213 85.0961
992 64.8185 85.028
887 64.9214 84.956
177 65.0296 84.8802
904 65.1411 84.8022
52 65.8578 85.3413
544 66.3151 85.6853
481 66.663 85.947
622 67.0158 86.2125
567 67.3652 86.4753
297 67.7251 86.746
18 68.1026 87.03
159 68.549 87.3658
864 68.9451 87.6638
931 69.3266 87.9508
378 69.8051 88.3108
823 70.7226 89.0009
135 71.6693 89.7129
464 71.6693 89.7129
817 71.6693 89.7129
251 71.6693 89.7129
620 71.6693 89.7129
318 71.6693 89.7129
813 71.6693 89.7129
185 71.6693 89.7129
149 72.5307 89.5825
580 73.6127 89.4185
285 74.7703 89.2432
494 76.2169 89.024
983 77.701 88.7991
145 78.4533 88.6852
928 81.0018 88.299
820 81.229 88.075
473 81.5044 87.8037
889 81.759 87.5528
322 81.9837 87.3313
666 82.2053 87.113
725 82.5235 86.7994
742 82.8427 86.4848
648 83.192 86.1406
893 83.5289 85.8087
660 85.6275 83.741
685 85.723 83.6469
25 85.8182 83.553
311 85.9124 83.4602
372 86.0021 83.3718
450 83.9042 81.6397
385 80.9485 79.1998
332 79.1575 77.721
818 77.4443 76.3065
740 75.7641 74.9192
68 73.1949 72.7982
417 73.1949 72.7982
83 73.1949 72.7982
51 73.1949 72.7982
465 73.1949 72.7982
975 72.7265 72.3867
937 72.244 71.963
775 71.7148 71.4981
71 71.0985 70.9567
837 70.4406 70.3788
744 69.7548 69.7764
727 69.0495 69.1568
579 68.3262 68.5214
942 67.5769 67.8631
767 67.0553 67.405
440 66.6863 67.0809
625 66.345 66.7811
393 66.2785 66.7228
208 66.2115 66.6639
509 66.1468 66.6071
907 66.0816 66.5499
605 66.0171 66.4932
515 65.9535 66.4374
84 65.8903 66.3819
647 66.2716 66.2627
654 66.6618 66.1406
867 67.0535 66.018
290 67.4328 65.8993
340 67.8159 65.7794
595 68.2354 65.6481
900 68.6741 65.5109
538 69.0693 65.3872
478 69.5707 65.2303
656 70.0941 65.0665
67 70.5601 64.9207
238 71.0755 64.7594
190 71.8578 64.5147
650 72.9095 64.1856
152 74.2053 63.7801
967 75.6652 63.3233
420 76.145 63.1731
852 76.695 63.001
110 77.2666 62.8222
334 77.9156 62.6191
920 78.5875 62.4088
387 79.5756 62.78
684 80.6233 63.1735
201 81.6753 63.5687
204 82.6882 63.9491
497 84.2896 61.1533
528 84.2896 61.1533
383 84.273 60.5539
506 84.2549 59.8999
107 84.237 59.2541
977 84.2194 58.6186
884 84.2025 58.0077
951 84.1864 57.4262
198 84.1712 56.88
242 84.1564 56.3459
170 84.142 55.8266
850 84.1275 55.3014
592 84.7727 46.4385
590 85.2896 39.3385
835 85.4698 36.8649
520 85.7169 33.471
98 86.0835 28.4362
483 86.8369 18.087
627 86.4405 18.1979
345 85.9234 18.3426
243 85.2982 18.5176
