0,260,483,243,979,627,345,835,590,33,520,98,170,884,107,609,274,967,29,497,920,195,198,838,684,242,553,951,387,932,136,425,506,466,656,767,232,745,358,675,43,143,821,670,117,842,45,357,70,606,926,323,592,286,314,594,650,68,293,340,907,393,793,262,857,769,986,755,968,743,810,800,921,513,84,440,617,9,468,582,515,91,632,126,229,987,112,668,605,432,51,460,208,832,94,509,152,417,867,937,18,847,904,931,290,595,818,900,579,727,744,837,71,83,67,173,110,647,238,975,962,654,762,334,201,478,964,538,583,190,102,420,852,850,941,942,485,977,383,740,450,332,385,528,372,311,25,660,725,685,204,864,322,889,928,494,983,473,135,580,820,648,666,318,145,854,159,149,893,465,297,742,251,775,464,544,202,353,158,285,620,52,42,813,845,481,408,992,584,856,817,622,980,62,185,911,754,737,851,273,344,378,882,319,335,575,690,823,305,624,861,165,961,774,952,118,511,559,23,618,156,671,782,320,984,642,887,367,816,801,896,12,434,562,477,313,177,406,567,40,659,259,826,530,940,140,814,245,317,369,947,395,563,315,880,179,193,280,82,5,636,532,309,415,448,394,539,752,713,541,105,746,139,375,343,265,766,974,960,808,449,548,146,763,389,129,437,569,230,536,294,271,738,874,416,141,189,707,866,206,613,22,877,561,181,239,807,92,428,72,241,256,292,649,516,540,350,60,795,773,36,172,253,20,418,53,872,840,120,392,672,604,88,916,946,2,954,757,833,44,470,76,786,231,96,610,73,918,306,753,430,611,15,491,593,441,409,150,885,288,871,521,456,750,138,1,631,28,761,714,326,892,325,368,695,39,699,736,31,815,247,678,106,859,249,244,768,183,115,399,17,914,827,696,364,227,803,386,95,568,718,446,380,462,776,933,495,973,316,905,447,628,301,442,712,711,651,93,401,13,435,868,263,58,108,719,213,405,988,585,792,982,153,236,200,304,969,944,570,433,75,240,203,546,759,300,90,615,554,547,557,637,953,169,444,184,199,321,693,436,728,991,298,830,429,955,551,560,457,48,426,780,207,734,14,338,99,503,600,890,796,427,119,219,97,479,374,113,224,556,639,694,346,607,657,860,667,277,517,445,178,691,589,665,218,717,739,122,966,192,234,196,3,948,381,131,784,747,347,255,686,371,77,939,970,680,114,272,799,925,879,57,703,376,897,630,47,352,303,797,760,990,949,616,148,531,116,565,166,849,909,698,505,770,174,542,157,936,805,463,489,527,652,373,283,312,749,46,958,330,123,328,663,841,700,100,214,708,384,423,476,731,341,222,154,10,499,128,863,771,723,228,86,212,985,133,121,32,278,641,824,205,439,602,87,943,661,486,612,125,284,829,702,455,899,836,963,268,74,299,572,710,898,794,258,61,348,4,514,722,629,673,682,741,646,588,362,674,331,187,211,366,488,881,402,8,812,254,474,412,626,363,669,709,573,407,704,307,287,518,351,26,337,246,787,915,64,111,354,643,653,902,790,310,160,822,883,379,586,834,261,934,687,78,65,679,549,692,191,566,748,413,619,529,783,853,869,664,811,706,655,221,151,480,38,7,862,989,917,891,475,49,414,11,438,535,957,758,938,324,545,403,778,496,391,510,688,237,388,603,302,913,507,269,37,908,543,525,534,336,633,233,182,397,508,972,677,422,279,267,640,34,349,901,756,59,142,858,735,956,705,411,390,729,451,764,79,16,308,601,599,398,81,162,733,927,846,382,524,361,788,965,454,275,400,431,443,500,658,552,888,130,132,971,772,329,635,502,726,359,333,167,571,482,327,591,903,124,50,924,950,424,730,168,339,578,360,469,701,537,487,825,550,886,697,587,223,608,638,270,220,526,789,266,574,252,490,895,724,484,614,564,175,645,689,215,248,404,225,163,894,410,878,365,226,806,910,596,80,802,459,732,683,171,54,558,41,919,662,296,21,720,976,30,501,104,912,370,715,765,533,576,922,493,981,109,134,144,235,523,35,779,855,676,791,161,216,798,453,137,923,804,809,56,264,291,839,147,461,621,597,492,282,186,127,843,876,155,519,522,194,848,101,471,180,89,929,623,870,281,63,625,85,188,577,69,644,377,945,356,906,512,276,342,396,498,210,472,452,634,785,978,66,875,716,197,217,930,27,257,844,250,467,289,209,55,419,819,781,681,935,458,555,164,751,873,865,355,19,421,828,831,24,176,295,581,6,959,598,777,721,504,103,
value : 503.529 running time : 44.488868
0 80 20
260 86.2684 17.5916
483 86.2684 17.5916
243 86.2743 18.1636
979 86.2819 18.8962
627 86.2999 20.6441
345 86.3301 23.5796
835 86.4049 30.8727
590 86.42 32.3339
33 86.4342 33.708
520 86.4488 35.1236
98 86.4629 36.4904
170 86.541 44.1126
884 86.541 44.1126
107 86.541 44.1126
609 86.541 44.1126
274 86.541 44.1126
967 86.541 44.1126
29 86.541 44.1126
497 87.3781 49.111
920 86.8863 49.0183
195 86.442 48.9345
198 86.0708 48.8645
838 85.6849 48.7918
684 85.3018 48.7196
242 84.4809 48.5649
553 83.5883 48.3967
951 83.5048 48.3809
387 83.4061 48.3623
932 83.3087 48.3439
136 83.2163 48.3265
425 83.1054 48.3056
506 83.0059 48.2869
466 77.7385 47.294
656 74.4904 46.6817
767 71.6818 45.4483
232 70.8647 45.0894
745 70.0652 44.7382
358 69.1104 44.3189
675 68.5994 44.0945
43 68.1219 43.8848
143 67.7294 43.7124
821 67.2872 43.5182
670 67.111 43.9386
117 66.9374 44.3531
842 66.7908 44.703
45 66.6611 45.0126
357 66.5004 45.3963
70 66.339 45.7817
606 66.1977 46.119
926 66.0482 46.4758
323 65.9122 46.8005
592 65.747 47.1948
286 64.3749 50.4697
314 64.2182 50.8438
594 63.9801 51.4121
650 62.4297 55.1127
68 61.9359 56.2916
293 61.5466 57.2209
340 61.1504 58.1667
907 60.9538 58.636
393 60.751 59.12
793 60.581 59.526
262 60.3984 59.9618
857 57.2043 67.585
769 56.3682 69.5807
986 55.7295 71.1056
755 55.1781 72.4218
968 55.4913 72.4093
743 55.7975 72.397
810 56.1397 72.3833
800 56.25 72.3789
921 56.365 72.3743
513 56.493 72.3691
84 56.6485 72.3629
440 56.7955 72.357
617 56.9182 72.3521
9 57.0469 72.3469
468 57.1764 72.3417
582 57.3052 72.3366
515 57.4444 72.331
91 57.5556 72.3265
632 57.6785 72.3216
126 57.8058 72.3165
229 58.3352 72.2952
987 58.8384 72.2751
112 59.3109 72.2561
668 59.813 72.236
605 60.27 72.2177
432 60.7298 72.1992
51 61.2485 72.1784
460 61.6782 72.1612
208 62.1056 72.144
832 62.5642 72.1257
94 63.0325 72.1069
509 64.3759 72.053
152 65.8317 71.9946
417 66.854 71.9536
867 66.8564 71.9193
937 66.8585 71.89
18 66.8609 71.855
847 66.8636 71.8164
904 66.8661 71.7818
931 66.8684 71.7494
290 66.8806 71.5762
595 66.8929 71.4015
818 66.9022 71.2685
900 66.9142 71.098
579 66.9254 70.94
727 66.937 70.7752
744 66.9479 70.6191
837 66.9595 70.4545
71 66.971 70.2913
83 66.9843 70.1033
67 67.0002 69.8767
173 67.0139 69.6828
110 67.0273 69.4921
647 67.0411 69.2967
238 67.0527 69.1308
975 67.0632 68.9825
962 67.0749 68.8164
654 67.0877 68.6351
762 67.1026 68.423
334 67.1152 68.2432
201 67.1193 68.1851
478 67.1238 68.1216
964 67.1281 68.0613
538 68.0331 67.1515
583 68.8694 66.3108
190 68.8694 66.3108
102 68.8694 66.3108
420 68.8694 66.3108
852 68.8694 66.3108
850 68.8694 66.3108
941 68.8694 66.3108
942 68.8694 66.3108
485 68.8694 66.3108
977 76.2645 69.1757
383 77.9179 71.4266
740 80.3018 74.6718
450 81.5082 76.3142
332 82.0197 77.0107
385 82.6321 77.8443
528 83.9078 79.5811
372 85.9979 82.4264
311 85.8136 82.6438
25 85.6095 82.8844
660 85.4045 83.1261
725 84.8156 83.8204
685 84.3743 84.3407
204 83.8631 84.9434
864 83.0475 85.9051
322 82.4311 86.6318
889 81.8364 87.3331
928 81.0284 88.2856
494 80.1935 88.3325
983 79.4698 88.373
473 78.6896 88.4168
135 77.5944 88.4782
580 76.6215 88.5328
820 76.1072 88.5616
648 75.5679 88.5919
666 74.8685 88.6311
318 74.2284 88.667
145 73.6834 88.6975
854 73.2118 88.724
159 72.744 88.7502
149 72.2161 88.7798
893 71.7704 88.8048
465 71.157 88.8392
297 70.5696 88.8721
742 70.101 88.8984
251 69.5169 88.9312
775 68.9436 88.9633
464 68.2915 88.9999
544 67.7201 89.0319
202 67.1194 89.0656
353 66.7311 89.0874
158 66.2864 89.1124
285 65.7956 89.1399
620 65.27 89.1694
52 64.7408 89.199
42 64.215 89.2285
813 63.7164 89.2565
845 63.0572 89.2934
481 62.3392 89.3337
408 60.8618 89.4166
992 60.6132 89.4305
584 60.3391 89.4459
856 60.0884 89.4599
817 59.8542 89.4731
622 59.5844 89.4882
980 59.2502 89.5069
62 58.9629 89.523
185 58.7292 89.5361
911 58.4662 89.5509
754 58.2044 89.5656
737 57.9583 89.5794
851 57.7039 89.5936
273 57.4785 89.6063
344 57.1906 89.6224
378 56.9518 89.6358
882 56.6446 89.653
319 56.3956 89.667
335 56.3325 89.6705
575 56.2639 89.6744
690 56.1891 89.6786
823 56.1131 89.6828
305 55.5704 89.7132
624 55.1756 89.7354
861 54.79 89.757
165 54.3967 89.7791
961 54.1117 89.795
774 53.8615 89.8091
952 53.6087 89.8232
118 53.3477 89.8379
511 53.0533 89.8544
559 52.7711 89.8702
23 52.7706 89.4545
618 52.7698 88.8567
156 52.769 88.2446
671 52.768 87.467
782 52.768 87.467
320 52.768 87.467
984 52.768 87.467
642 52.768 87.467
887 52.768 87.467
367 52.768 87.467
816 52.768 87.467
801 52.768 87.467
896 52.768 87.467
12 52.768 87.467
434 52.768 87.467
562 52.7297 87.3824
477 52.7024 87.3222
313 52.6725 87.2563
177 52.6399 87.1842
406 52.6022 87.1011
567 52.5708 87.032
40 52.5348 86.9525
659 52.4959 86.8666
259 52.4618 86.7914
826 52.4242 86.7085
530 52.3912 86.6358
940 52.3588 86.5642
140 52.328 86.4962
814 52.2975 86.4291
245 52.2652 86.3577
317 52.2318 86.2842
369 52.1971 86.2076
947 52.1633 86.1329
395 52.1269 86.0527
563 52.088 85.9669
315 52.0543 85.8925
880 51.1271 86.1632
179 50.1484 86.4489
193 49.1303 86.7461
280 48.1905 87.0205
82 47.0441 87.3552
5 45.9487 87.675
636 45.4883 87.8094
532 45.0085 87.9494
309 44.4872 88.1016
415 44.0546 88.2279
448 43.4756 88.3969
394 43.0141 88.5316
539 42.5837 88.6572
752 42.1474 88.7846
713 42.1474 88.7846
541 42.1474 88.7846
105 41.5849 88.8603
746 40.8902 88.9539
139 40.4093 89.0185
375 39.9892 89.0751
343 39.5596 89.133
265 39.1961 89.1819
766 38.809 89.234
974 38.4442 89.2831
960 38.0778 89.3324
808 38.0769 89.3296
449 38.0761 89.3271
548 38.0753 89.3244
146 38.0745 89.3218
763 38.0737 89.3196
389 38.073 89.3172
129 38.0721 89.3145
437 38.0714 89.312
569 38.0707 89.3099
230 38.0699 89.3075
536 38.0692 89.3052
294 38.0684 89.3026
271 38.0678 89.3006
738 38.0671 89.2985
874 38.0664 89.2963
416 38.0655 89.2934
141 38.0646 89.2907
189 38.0639 89.2884
707 38.0633 89.2866
866 38.0627 89.2847
206 38.062 89.2825
613 38.0613 89.2803
22 38.0605 89.2778
877 38.0597 89.2753
561 38.0589 89.2728
181 38.0583 89.2708
239 38.0575 89.2683
807 38.0566 89.2653
92 38.0558 89.2629
428 38.055 89.2605
72 38.0543 89.2583
241 38.0535 89.2556
256 38.0527 89.2531
292 38.052 89.2507
649 38.0513 89.2485
516 38.0506 89.2466
540 36.9453 85.7626
350 36.8522 85.469
60 36.006 85.8124
795 35.0565 86.1979
773 34.1598 86.5619
36 33.2527 86.9301
172 32.6426 87.1779
253 32.0517 87.4177
20 31.4424 87.6651
418 31.4424 87.6651
53 31.4424 87.6651
872 30.9623 87.5709
840 30.5238 87.4847
120 29.9556 87.3731
392 29.3803 87.2601
672 28.6811 87.1228
604 27.9329 86.9759
88 26.3612 87.1475
916 25.5903 87.2316
946 25.0177 87.2942
2 24.8943 87.369
954 24.7512 87.4557
757 24.5871 87.5552
833 24.4188 87.6572
44 24.2759 87.7438
470 24.1504 87.8198
76 23.9945 87.9143
786 23.8379 88.0092
231 23.6854 88.1017
96 23.5079 88.2092
610 23.3225 88.3217
73 23.1556 88.4228
918 22.9756 88.5319
306 22.7542 88.6661
753 22.5526 88.7882
430 22.3742 88.8964
611 22.2008 89.0015
15 21.8823 89.125
491 21.6085 89.2313
593 21.3486 89.3321
441 21.1014 89.4279
409 20.8692 89.518
150 20.638 89.6077
885 20.3424 89.7224
288 20.0228 89.8463
871 19.6938 89.974
521 19.3834 90.0944
456 19.0623 90.2189
750 18.7132 90.3543
138 18.7132 90.3543
1 18.7132 90.3543
631 18.7132 90.3543
28 18.622 90.2068
761 18.3383 89.7477
714 18.0554 89.2899
326 17.4068 88.2405
892 16.8937 88.8433
325 16.3685 89.4604
368 15.817 90.1084
695 15.2909 90.7265
39 14.7812 91.3253
699 14.7812 91.3253
736 14.7812 91.3253
31 14.7812 91.3253
815 14.7812 91.3253
247 14.7812 91.3253
678 14.7812 91.3253
106 14.7812 91.3253
859 14.7812 91.3253
249 14.7812 91.3253
244 14.7812 91.3253
768 14.7812 91.3253
183 14.6786 91.3011
115 14.5676 91.2748
399 14.4524 91.2475
17 14.3487 91.223
914 14.2288 91.1946
827 14.134 91.1722
696 14.0572 91.1541
364 13.9315 91.1243
227 13.8375 91.1021
803 13.7196 91.0742
386 13.6243 91.0516
95 13.5247 91.0281
568 13.4243 91.0043
718 13.326 90.9811
446 13.2387 90.9604
380 13.1531 90.9401
462 13.0769 90.9221
776 12.9934 90.9024
933 12.9005 90.8804
495 12.7953 90.8555
973 12.6863 90.8297
316 12.5692 90.802
905 12.4556 90.7751
447 12.358 90.752
628 12.267 90.7305
301 12.1779 90.7094
442 12.0982 90.6906
712 12.0148 90.6709
711 11.9191 90.6482
651 11.8383 90.6291
93 11.7226 90.6017
401 11.5993 90.5726
13 11.5028 90.5497
435 11.3822 90.5212
868 11.2641 90.4933
263 11.1674 90.4704
58 11.088 90.4516
108 10.9631 90.422
719 10.8484 90.3949
213 10.7437 90.3701
405 10.7437 90.3701
988 10.7437 90.3701
585 10.7424 89.9903
792 10.741 89.571
982 10.7398 89.2345
153 10.7388 88.9118
236 10.7378 88.6175
200 10.7366 88.2791
304 10.7352 87.8578
969 10.7337 87.4124
944 10.7319 86.8874
570 10.7306 86.4975
433 10.7294 86.1391
75 10.7284 85.8352
240 10.7274 85.55
203 10.7265 85.2731
546 10.7256 85.0015
759 10.7247 84.7355
300 10.7238 84.4775
90 10.7229 84.2038
615 10.722 83.9509
554 10.7212 83.702
547 10.7205 83.4936
557 10.7197 83.2682
637 10.7189 83.0183
953 10.718 82.7503
169 10.7169 82.4327
444 10.7158 82.1161
184 10.7148 81.8003
199 10.7138 81.5148
321 10.7124 81.0927
693 10.7112 80.7446
436 10.7096 80.268
728 10.708 79.7817
991 10.7065 79.3403
298 10.7051 78.9192
830 10.7039 78.5538
429 10.7026 78.1814
955 10.7015 77.8439
551 10.7002 77.4784
560 10.699 77.1157
457 10.6977 76.7314
48 10.6965 76.3714
426 10.6951 75.9591
780 10.6935 75.4754
207 10.6916 74.9168
734 10.6899 74.4035
14 10.6884 73.9734
338 10.6871 73.5788
99 10.6859 73.2159
503 10.6826 73.1469
600 10.6794 73.0794
890 10.6764 73.0162
796 10.6727 72.9399
427 10.6688 72.8584
119 10.6651 72.7808
219 10.6617 72.7084
97 10.6584 72.6407
479 10.6554 72.5769
374 10.6523 72.5122
113 10.649 72.4429
224 10.6459 72.3791
556 10.6427 72.3116
639 10.6393 72.2407
694 10.6359 72.1688
346 10.6326 72.0989
607 10.6291 72.0253
657 10.6257 71.9552
860 10.6223 71.8831
667 10.6185 71.8035
277 10.6147 71.724
517 10.6111 71.6493
445 10.6077 71.5786
178 10.6043 71.507
691 10.3287 65.7294
589 10.2919 64.9594
665 10.2609 64.3093
218 10.2222 63.4979
717 10.1957 62.9426
739 10.1649 62.2967
122 10.1336 61.6423
966 10.1336 61.6423
192 10.1356 61.5994
234 10.1375 61.5557
196 10.1394 61.513
3 10.1412 61.4749
948 10.1429 61.4368
381 10.1448 61.3951
131 10.1481 61.3209
784 10.1512 61.2508
747 10.1543 61.1832
347 10.1572 61.1189
255 10.1599 61.0586
686 10.1627 60.9972
371 10.1719 60.7921
77 10.1812 60.585
939 10.1907 60.3746
970 10.2001 60.1641
680 10.2099 59.9462
114 10.2209 59.7022
272 10.2316 59.4642
799 10.2437 59.1954
925 10.2579 58.8807
879 10.2697 58.6173
57 10.2849 58.2805
703 10.2961 58.0319
376 10.3078 57.7715
897 10.3204 57.4906
630 10.3465 56.9102
47 10.3942 55.851
352 10.4347 54.9498
303 10.4702 54.1609
797 10.5063 53.3582
760 10.5293 52.8478
990 10.5639 52.0783
949 10.5736 51.8615
616 10.5826 51.6614
148 10.5902 51.4931
531 10.5964 51.3555
116 10.6062 51.1375
565 10.6152 50.9384
166 10.6249 50.7212
849 10.6356 50.4843
909 10.6473 50.2237
698 10.658 49.986
505 10.669 49.7417
770 10.6809 49.4766
174 10.6903 49.2677
542 10.6998 49.0562
157 10.7096 48.8382
936 10.7195 48.6184
805 10.7297 48.3916
463 10.7408 48.1459
489 10.7512 47.9143
527 10.7617 47.6803
652 10.7749 47.3881
373 10.7873 47.1111
283 10.8013 46.8009
312 10.8119 46.5642
749 10.8224 46.3319
46 10.8344 46.0649
958 10.8452 45.8252
330 10.855 45.6078
123 10.8643 45.4001
328 10.8739 45.1881
663 10.8739 45.1881
841 10.8739 45.1881
700 10.8739 45.1881
100 10.8739 45.1881
214 10.8739 45.1881
708 10.8739 45.1881
384 10.9298 44.9119
423 10.9783 44.6718
476 11.0248 44.4422
731 11.0713 44.2122
341 11.116 43.9914
222 11.1637 43.7554
154 11.2136 43.5089
10 11.2666 43.247
499 11.3132 43.0163
128 11.3623 42.7737
863 11.4177 42.4998
771 11.4705 42.2391
723 11.5259 41.9651
228 11.711 39.6847
86 11.9301 36.9861
212 12.9146 36.21
985 14.0792 35.2919
133 15.2927 34.3354
121 16.7096 33.2184
32 17.928 32.2579
278 19.1802 31.2707
641 18.9138 31.0508
824 18.6766 30.8549
205 18.425 30.6473
439 18.1581 30.4269
602 17.9369 30.2443
87 17.6994 30.0482
943 17.4886 29.8742
661 17.276 29.6988
486 17.0929 29.5476
612 16.8816 29.3732
125 16.6376 29.1718
284 16.3898 28.9672
829 16.0003 28.6456
702 15.5395 28.2652
455 14.9681 27.7935
899 14.5961 27.4864
836 14.1813 27.144
963 13.7114 26.756
268 13.3549 26.4618
74 12.9506 26.128
299 12.6069 25.8443
572 12.2878 25.5809
710 11.9543 25.3056
898 11.5963 25.01
794 11.6681 24.4481
258 11.7462 23.8361
61 11.8273 23.201
348 11.8368 23.1266
4 11.8444 23.0671
514 11.8533 22.998
722 12.7225 16.1901
629 12.7225 16.19
673 12.7225 16.19
682 12.7225 16.19
741 12.7225 16.19
646 12.7225 16.19
588 12.7225 16.19
362 12.7225 16.19
674 12.7225 16.19
331 12.7225 16.19
187 12.7225 16.19
211 12.7887 15.9576
366 12.8515 15.7371
488 12.9176 15.505
881 12.9724 15.3129
402 13.0219 15.1388
8 13.0836 14.9224
812 13.1397 14.7254
254 14.2772 14.6995
474 15.1172 14.6804
412 15.8903 14.6628
626 24.5104 14.4671
363 26.3921 14.4243
669 27.53 14.3983
709 28.6091 14.3738
573 29.6653 14.3497
407 30.4955 14.3308
704 31.2304 14.314
307 31.8969 14.2988
287 32.9538 14.2748
518 33.8571 14.2542
351 33.8369 15.1319
26 33.8149 16.0871
337 33.7952 16.9435
246 33.776 17.7793
787 33.7567 18.6142
915 33.7428 19.2206
64 33.7349 19.5622
111 33.7267 19.9175
354 33.718 20.2961
643 33.7116 20.5707
653 33.7047 20.8691
902 33.6977 21.1743
790 34.3998 28.6287
310 34.3998 28.6287
160 34.2727 28.9581
822 34.1555 29.2615
883 34.0329 29.5789
379 33.8769 29.983
586 33.7207 30.3875
834 33.5701 30.7776
261 33.4218 31.1617
934 33.2414 31.6291
687 31.8025 35.3559
78 30.7673 38.037
65 30.7321 38.1282
679 30.6995 38.2126
549 30.6673 38.2962
692 30.6367 38.3752
191 30.6037 38.4607
566 30.5635 38.565
748 30.5243 38.6665
413 30.4884 38.7594
619 30.4576 38.8391
529 30.4302 38.9101
783 30.3983 38.9929
853 30.3699 39.0663
869 30.3373 39.1508
664 30.3014 39.2438
811 30.2682 39.3297
706 30.2344 39.4172
655 30.2017 39.502
221 30.1735 39.575
151 30.0022 40.0186
480 29.8359 40.4495
38 29.647 40.9385
7 29.475 41.3842
862 29.293 41.8554
989 29.0652 42.4455
917 28.8239 43.0704
891 28.3105 44.4
475 28.0569 45.0569
49 27.8141 45.6858
414 27.58 46.292
11 27.3189 46.9682
438 27.0354 47.7024
535 26.734 48.4832
957 26.4007 49.3465
758 26.4007 49.3465
938 26.4007 49.3465
324 26.4007 49.3465
545 26.4007 49.3465
403 26.4007 49.3465
778 26.4007 49.3465
496 26.4007 49.3465
391 26.4007 49.3465
510 26.4006 49.3465
688 26.4006 49.3465
237 26.4006 49.3465
388 26.2163 49.5884
603 26.0025 49.8692
302 25.7978 50.1379
913 25.5778 50.4266
507 25.3419 50.7363
269 25.1568 50.9792
37 24.9603 51.2372
908 24.7433 51.522
543 24.5335 51.7974
525 24.3053 52.0969
534 24.0507 52.431
336 24.0297 52.8913
633 24.0114 53.2895
233 23.9927 53.6982
182 23.9759 54.0647
397 23.9583 54.4487
508 23.9322 55.0186
972 23.8968 55.7909
677 23.8626 56.5379
422 23.8978 56.9091
279 23.9321 57.2706
267 23.9703 57.674
640 24.0052 58.0421
34 24.0383 58.3903
349 24.0712 58.7375
901 24.1011 59.0525
756 24.1292 59.3484
59 24.1576 59.6481
142 24.1857 59.9438
858 24.221 60.3162
735 24.2788 60.9245
956 24.3335 61.5014
705 24.3949 62.149
411 24.4611 62.8468
390 24.5224 63.4932
729 24.5773 64.0713
451 24.6343 64.6722
764 24.6958 65.3203
79 24.7754 66.1592
16 24.8685 67.1403
308 24.8877 67.3428
601 24.9069 67.5457
599 24.9269 67.7565
398 24.948 67.9789
81 24.9682 68.1919
162 24.9899 68.4203
733 24.9994 68.5209
927 25.0105 68.6374
846 25.0204 68.7428
382 25.0308 68.852
524 25.0424 68.9743
361 25.0554 69.1118
788 25.0661 69.2236
965 25.0788 69.3576
454 25.0924 69.5016
275 25.1028 69.6107
400 25.1142 69.7317
431 25.1256 69.8519
443 25.1323 69.9223
500 25.1384 69.9866
658 25.1447 70.0529
552 25.1503 70.1122
888 25.1566 70.178
130 25.1619 70.2337
132 25.1679 70.2972
971 25.1742 70.3635
772 25.1803 70.428
329 25.1888 70.5174
635 25.1984 70.6192
502 25.2069 70.7085
726 25.216 70.805
359 25.2241 70.8896
333 25.2335 70.9888
167 25.2419 71.0778
571 25.2419 71.0778
482 25.2419 71.0778
327 25.456 72.1397
591 25.6805 73.2527
903 25.9187 74.4342
124 26.3013 76.331
50 26.7007 78.3117
924 26.8283 78.2674
950 26.9489 78.2255
424 27.0662 78.1848
730 27.2065 78.136
168 27.3122 78.0993
339 27.4295 78.0585
578 27.5539 78.0153
360 27.6744 77.9735
469 27.8158 77.9244
701 27.9746 77.8692
537 28.1325 77.8143
487 28.2715 77.766
825 28.4244 77.7129
550 28.6556 77.6326
886 28.883 77.5536
697 29.1506 77.4607
587 29.4283 77.3642
223 29.6632 77.2826
608 29.8788 77.2077
638 30.1324 77.1196
270 30.3918 77.0295
220 30.6044 76.9556
526 30.8876 76.8572
789 31.1822 76.7549
266 31.4855 76.6495
574 31.8116 76.5362
252 32.1328 76.4247
490 32.4277 76.3222
895 38.48 74.2201
724 38.4401 74.143
484 38.4029 74.0714
614 38.3661 74.0004
564 38.3283 73.9274
175 38.2756 73.8259
645 38.2295 73.737
689 38.2106 73.7007
215 38.1923 73.6653
248 38.171 73.6243
404 38.1434 73.571
225 38.1198 73.5255
163 38.096 73.4796
894 38.0739 73.437
410 38.0482 73.3876
878 38.0246 73.3419
365 38.002 73.2984
226 37.9825 73.2609
806 37.9612 73.2198
910 37.9372 73.1735
596 37.914 73.1287
80 37.8943 73.0908
802 37.8746 73.0528
459 37.4142 72.1652
732 37.0179 71.4011
683 36.9472 71.422
171 36.8708 71.4445
54 36.7937 71.4672
558 36.7098 71.492
41 32.9905 72.5887
919 32.9905 72.5887
662 32.8976 72.0371
296 32.8045 71.4852
21 32.6317 70.4598
720 32.4724 69.5143
976 32.3541 68.8125
30 32.1433 67.5615
501 32.0003 66.7132
104 31.8526 65.837
912 31.714 65.0144
370 31.5893 64.2749
715 31.5893 64.2749
765 31.5893 64.2749
533 31.5893 64.2749
576 31.5893 64.2749
922 31.5893 64.2749
493 31.5893 64.2749
981 31.5893 64.2749
109 45.1443 62.2905
134 45.1461 62.2788
144 45.1481 62.2659
235 45.1566 62.2105
523 45.1653 62.1535
35 45.1746 62.0926
779 45.0156 61.9015
855 44.8652 61.7208
676 44.6962 61.5178
791 44.537 61.3265
161 44.3597 61.1135
216 44.1706 60.8863
798 43.9652 60.6395
453 43.7575 60.3899
137 43.477 60.053
923 43.5946 59.5756
804 43.6824 59.2193
809 43.7761 58.8389
56 43.8705 58.4556
264 43.9893 57.9735
291 44.1016 57.5177
839 44.2423 56.9464
147 44.407 56.2781
461 44.4495 56.1055
621 44.4891 55.9447
597 44.5309 55.7751
492 44.5746 55.5974
282 44.6114 55.448
186 44.6548 55.2719
127 44.6964 55.103
843 44.7412 54.9212
876 44.7804 54.7622
155 44.7856 54.758
519 44.7908 54.7539
522 44.7952 54.7504
194 44.8001 54.7466
848 44.8052 54.7426
101 44.8099 54.7388
471 44.8144 54.7353
180 44.819 54.7316
89 44.8238 54.7279
929 45.2129 54.4201
623 46.0961 53.7216
870 46.7707 53.1881
281 46.8165 53.1519
63 46.8694 53.11
625 46.9159 53.0732
85 47.6686 51.665
188 48.3468 50.3961
577 49.0601 49.0616
69 50.2185 46.8944
644 51.3353 44.8052
377 51.3353 44.8052
945 51.3353 44.8052
356 51.3353 44.8052
906 51.3353 44.8052
512 51.3353 44.8052
276 51.3353 44.8052
342 51.3353 44.8052
396 51.3353 44.8052
498 51.3353 44.8052
210 51.3353 44.8052
472 51.3325 43.9559
452 51.3295 43.042
634 51.3266 42.146
785 51.3238 41.297
978 51.322 40.7554
66 51.32 40.1557
875 51.318 39.5699
716 51.3158 38.9095
197 51.3137 38.2525
217 51.3115 37.6127
930 51.309 36.857
27 51.3064 36.0571
257 51.304 35.3179
844 51.3016 34.6061
250 51.2989 33.7719
467 51.2963 32.998
289 51.6862 32.5499
209 52.0564 32.1243
55 52.4345 31.6897
419 52.7824 31.2898
819 53.0982 30.9268
781 53.2075 30.8011
681 53.3101 30.6832
935 53.4101 30.5683
458 53.5407 30.4181
555 53.6772 30.2613
164 53.805 30.1144
751 53.9291 29.9717
873 54.0562 29.8256
865 54.1752 29.6888
355 54.3013 29.5439
19 54.4302 29.3957
421 54.5773 29.2266
828 56.0395 27.5459
831 58.0437 25.242
24 60.0789 22.9026
176 61.417 21.3645
295 61.8764 20.8364
581 62.3373 20.3066
6 62.7632 19.817
959 63.363 19.1275
598 64.0556 18.3314
777 64.7605 17.5211
721 65.5099 16.6597
504 65.9344 16.1718
103 66.4478 15.5815
