0,483,243,345,627,745,835,520,590,274,98,33,506,932,884,198,242,838,977,684,170,387,951,107,136,497,941,383,152,900,385,744,440,987,509,595,605,538,208,51,847,173,904,727,852,867,238,290,579,110,340,334,656,668,201,837,975,67,68,650,907,647,420,393,767,117,485,577,942,190,102,293,478,962,395,632,937,465,460,229,818,775,83,654,378,992,18,984,71,297,544,417,494,725,864,845,311,332,204,450,372,473,25,660,528,685,889,813,928,742,135,820,740,983,159,823,353,648,322,893,251,580,464,285,158,854,145,149,318,481,887,177,317,911,622,666,313,42,801,620,947,931,980,52,320,690,511,369,541,817,536,961,882,367,584,477,344,567,259,408,624,856,273,896,851,952,415,618,335,185,434,713,763,239,563,746,532,880,754,319,575,737,118,12,816,23,202,774,861,406,105,375,636,305,516,814,156,165,193,564,940,245,40,140,280,659,826,62,874,389,539,470,206,974,918,562,530,766,309,559,265,181,72,241,22,752,53,292,5,129,146,614,738,231,548,449,92,343,437,866,189,139,840,230,448,613,786,707,569,416,392,428,150,877,561,724,256,806,662,755,248,540,271,394,2,808,76,167,294,141,872,215,807,252,404,225,163,894,144,350,976,484,689,921,642,582,82,895,782,94,134,986,513,126,179,649,671,558,80,779,175,832,762,410,264,625,9,112,282,216,855,453,91,743,857,802,769,315,109,810,468,798,84,498,791,968,617,964,515,235,471,432,800,35,262,286,793,186,804,161,101,461,54,683,809,210,49,512,30,732,302,876,910,621,281,237,756,715,171,365,676,291,788,765,493,533,104,576,56,127,912,922,370,137,459,645,510,878,390,596,523,34,308,501,956,640,545,929,957,566,388,811,989,633,688,180,11,603,147,619,522,269,705,89,403,908,38,151,687,37,535,413,664,438,938,397,508,78,748,839,279,913,543,735,778,691,771,972,891,729,324,59,233,79,267,587,132,422,981,760,507,552,451,524,565,81,772,784,556,361,482,789,970,680,119,739,502,503,219,220,329,927,657,551,244,550,339,272,726,578,479,326,600,701,888,526,168,537,879,429,950,946,487,400,604,733,21,124,266,16,730,903,897,411,275,398,630,720,114,130,591,971,327,500,359,382,901,184,757,886,226,349,223,99,924,601,965,599,424,113,333,360,574,469,60,571,658,919,454,954,418,431,635,270,41,73,696,859,672,172,409,608,58,296,50,490,697,253,885,960,593,13,768,491,20,611,430,36,631,15,456,44,28,183,651,795,120,610,714,521,306,441,773,462,446,638,96,761,560,288,227,868,153,933,169,753,833,719,718,776,380,399,871,695,368,138,106,750,249,17,568,892,325,435,955,115,988,827,585,401,1,637,557,263,693,436,316,93,914,916,213,300,240,759,982,364,405,39,301,442,712,711,973,199,447,678,815,969,31,736,200,699,304,236,780,547,374,90,953,386,95,495,825,88,803,247,792,796,75,203,991,444,108,628,615,554,905,860,665,546,207,443,944,426,890,830,48,570,607,162,457,178,97,433,728,321,224,846,192,298,531,122,717,639,14,589,3,948,381,338,131,677,703,764,277,517,445,346,966,255,686,371,77,939,234,694,734,376,347,427,667,799,747,505,303,936,336,182,166,616,391,849,283,100,57,214,708,47,116,196,384,925,949,499,157,128,46,496,212,749,218,758,174,527,797,476,805,352,489,123,373,958,330,731,463,423,341,228,154,858,909,542,663,770,222,652,534,841,142,655,700,121,723,990,698,863,87,312,328,836,32,148,86,943,602,641,915,829,65,10,133,455,741,211,348,588,674,682,366,4,74,710,187,514,572,794,898,985,673,299,268,331,412,362,258,963,61,722,629,402,812,488,643,881,8,646,439,899,704,626,64,284,573,822,26,363,287,351,337,669,653,407,518,709,702,869,529,787,549,307,883,486,354,278,261,310,221,612,246,934,824,254,661,474,125,111,902,7,205,475,586,194,414,525,191,692,480,853,706,421,356,783,679,379,160,467,250,790,289,917,257,834,377,555,419,6,209,55,63,844,164,862,935,785,458,865,594,978,873,843,276,842,155,623,472,906,492,848,519,396,43,188,85,923,357,217,197,452,875,69,342,945,70,597,143,45,675,553,926,920,583,670,850,425,967,29,609,195,592,821,27,751,355,930,19,870,681,781,66,232,314,323,606,644,828,634,358,716,466,959,598,176,295,24,581,504,103,831,819,721,777,260,979,
value : 486.844 running time : 58.428853
0 80 20
483 86.9057 18.1427
243 86.8579 19.1487
345 86.7599 21.2136
627 86.6567 23.3864
745 86.0633 35.8363
835 86.0399 36.3294
520 86.0177 36.7984
590 85.995 37.2769
274 85.9707 37.7891
98 85.9482 38.2629
33 85.8212 40.9373
506 85.4736 48.2417
932 85.4564 48.6048
884 85.4399 48.9532
198 85.4243 49.2828
242 85.4091 49.603
838 85.3947 49.9062
977 85.38 50.2165
684 85.3675 50.48
170 85.3571 50.7
387 85.3468 50.9165
951 85.3365 51.1344
107 85.3259 51.3583
136 85.3154 51.58
497 85.3038 51.8238
941 77.4909 57.1502
383 75.0317 58.8268
152 73.25 60.0416
900 72.0192 60.8807
385 71.1272 61.4888
744 67.2386 64.1399
440 66.6848 63.9501
987 66.2107 63.7876
509 66.2107 63.7876
595 66.2107 63.7876
605 66.2107 63.7876
538 66.2107 63.7876
208 66.2107 63.7876
51 66.2107 63.7876
847 66.2107 63.7876
173 66.2107 63.7876
904 66.2107 63.7876
727 66.2107 63.7876
852 66.2107 63.7876
867 66.2107 63.7876
238 66.2107 63.7876
290 66.2107 63.7876
579 66.2107 63.7876
110 66.1446 63.7149
340 66.0802 63.6442
334 66.0142 63.5715
656 65.9491 63.5
668 65.8867 63.4314
201 65.8237 63.3621
837 65.7605 63.2926
975 65.6732 63.1966
67 65.5813 63.0957
68 65.4887 62.994
650 65.3962 62.8923
907 65.3038 62.7907
647 65.2129 62.6908
420 65.121 62.5897
393 65.0305 62.4903
767 64.9343 62.3846
117 64.8417 62.2828
485 64.8417 62.2828
577 64.8417 62.2828
942 64.7704 62.9402
190 64.6925 63.6592
102 64.6029 64.4856
293 64.4781 65.6374
478 64.305 67.2357
962 64.0884 69.2359
395 63.8867 71.0989
632 63.7922 71.9703
937 64.9074 74.6366
465 65.4696 75.9809
460 65.8258 76.8329
229 66.213 77.7589
818 66.6402 78.7804
775 67.0204 79.6897
83 67.3685 80.5221
654 67.7247 81.3741
378 68.2415 82.6098
992 68.8372 84.0343
18 68.9608 84.0239
984 69.0755 84.0143
71 69.2063 84.0033
297 69.3217 83.9936
544 69.4344 83.9841
417 71.7692 83.7882
494 73.6051 83.6342
725 74.8609 83.5288
864 75.6329 83.4641
845 76.4248 83.3976
311 81.9938 82.9301
332 81.9938 82.9301
204 84.0903 83.1193
450 85.9989 83.2914
372 85.9989 83.2914
473 85.8742 83.4223
25 85.7597 83.5426
660 85.6454 83.6627
528 85.1989 84.1313
685 84.3301 85.0433
889 83.2898 86.135
813 82.1371 87.3447
928 81.4163 88.1012
742 80.7766 88.1283
135 80.15 88.1547
820 79.8191 88.1686
740 79.4862 88.1826
983 79.1661 88.1961
159 78.3881 88.2289
823 77.645 88.2602
353 77.0527 88.2851
648 76.4885 88.3089
322 75.9037 88.3335
893 75.0107 88.3712
251 74.0236 88.4129
580 73.1506 88.4497
464 72.0861 88.4947
285 71.2766 88.5288
158 70.4871 88.5621
854 69.6969 88.5954
145 68.8944 88.6292
149 68.0862 88.6633
318 67.2429 88.6989
481 66.3174 88.7379
887 65.3976 88.7767
177 64.7474 88.8041
317 64.1112 88.8309
911 63.4938 88.8569
622 63.1126 88.8729
666 62.7292 88.889
313 62.1767 88.9122
42 61.6902 88.9327
801 61.1906 88.9537
620 60.6926 88.9746
947 60.0795 89.0004
931 59.534 89.0234
980 58.9895 89.0463
52 58.4426 89.0693
320 57.6343 89.1033
690 56.9749 89.1311
511 56.3305 89.1582
369 55.8153 89.1799
541 55.2887 89.202
817 55.2887 89.202
536 55.0053 89.198
961 54.7432 89.1943
882 54.6091 89.1924
367 54.4796 89.1906
584 54.3487 89.1887
477 54.2156 89.1869
344 54.0689 89.1848
567 53.9338 89.1829
259 53.7824 89.1808
408 53.6283 89.1786
624 53.4781 89.1765
856 53.3382 89.1745
273 53.1964 89.1725
896 53.0008 89.1697
851 52.8112 89.1671
952 52.6218 89.1644
415 52.4342 89.1617
618 52.2432 89.159
335 52.0575 89.1564
185 51.8584 89.1536
434 51.6048 89.15
713 51.3536 89.1464
763 51.1173 89.1431
239 50.8974 89.14
563 50.6856 89.137
746 50.5598 89.1352
532 50.4345 89.1335
880 50.3103 89.1317
754 50.1836 89.1299
319 50.0542 89.1281
575 49.9327 89.1264
737 49.798 89.1245
118 49.6579 89.1226
12 49.5154 89.1206
816 49.3735 89.1186
23 49.2175 89.1164
202 49.036 89.1138
774 48.8376 89.111
861 48.6405 89.1082
406 48.439 89.1054
105 48.2344 89.1025
375 48.0342 89.0996
636 47.8494 89.097
305 47.657 89.0943
516 47.4692 89.0917
814 47.2763 89.089
156 47.0858 89.0863
165 46.8927 89.0836
193 46.7028 89.0809
564 46.5144 89.0782
940 46.3336 89.0757
245 46.1477 89.0731
40 45.9564 89.0704
140 45.7588 89.0676
280 45.5536 89.0647
659 45.2545 89.0605
826 44.9638 89.0563
62 44.656 89.052
874 44.3218 89.0473
389 43.9949 89.0426
539 43.6761 89.0381
470 43.3571 89.0336
206 43.0827 89.0297
974 42.8023 89.0257
918 42.6874 89.0241
562 42.6512 89.0236
530 42.6091 89.023
766 42.5619 89.0224
309 42.5164 89.0217
559 42.4725 89.0211
265 42.4251 89.0204
181 42.3808 89.0198
72 42.3363 89.0192
241 42.2939 89.0186
22 42.2495 89.0179
752 42.2066 89.0173
53 42.1682 89.0168
292 42.1299 89.0163
5 42.0911 89.0157
129 42.0491 89.0151
146 42.0064 89.0145
614 41.9666 89.014
738 41.9264 89.0134
231 41.8862 89.0128
548 41.8499 89.0123
449 41.8129 89.0118
92 41.7738 89.0112
343 41.7385 89.0107
437 41.6988 89.0102
866 41.6601 89.0096
189 41.6206 89.0091
139 41.5805 89.0085
840 41.1394 88.4954
230 40.7478 88.0397
448 40.3637 87.5928
613 39.9244 87.0816
786 39.2992 86.3544
707 39.2217 86.2588
569 39.1439 86.163
416 39.0627 86.0631
392 38.9775 85.9581
428 38.8929 85.854
150 38.8118 85.7541
877 38.7297 85.6529
561 38.6473 85.5515
724 38.5629 85.4475
256 38.5531 85.4611
806 38.5441 85.4736
662 38.5352 85.4861
755 38.5256 85.4995
248 38.5162 85.5127
540 38.5059 85.5271
271 38.4934 85.5445
394 38.4842 85.5574
2 38.4749 85.5703
808 38.4652 85.5839
76 38.4652 85.5839
167 38.8317 85.0511
294 39.3267 84.3315
141 39.7559 83.7076
872 40.2722 82.957
215 40.8142 82.169
807 41.3471 81.3943
252 41.8835 80.6146
404 42.4245 79.828
225 42.747 79.3591
163 43.0177 78.9658
894 43.168 78.7473
144 43.3116 78.5385
350 43.4535 78.3323
976 43.5953 78.1263
484 43.7391 77.9172
689 43.8698 77.7273
921 44.1067 77.3831
642 44.3286 77.0605
582 44.5599 76.7244
82 44.7574 76.4372
895 44.9628 76.1387
782 45.1696 75.8382
94 45.3701 75.5467
134 45.5631 75.2662
986 45.7508 74.9935
513 45.9316 74.7306
126 46.1107 74.4704
179 46.2979 74.1983
649 46.506 73.8958
671 46.8675 73.3704
558 46.9793 73.2079
80 47.0797 73.0619
779 47.1877 72.905
175 47.2932 72.7517
832 47.3942 72.6048
762 47.4378 70.5187
410 47.4505 69.9054
264 47.4619 69.3483
625 47.4707 68.9183
9 47.4721 68.8485
112 47.4737 68.7721
282 47.4755 68.6843
216 47.4771 68.605
855 47.4786 68.5309
453 47.4802 68.4555
91 47.4816 68.3826
743 47.4833 68.3023
857 47.4847 68.2306
802 47.4863 68.1554
769 47.4879 68.0743
315 47.4896 67.9913
109 47.4929 67.8314
810 47.4964 67.662
468 47.4964 67.662
798 47.4964 67.662
84 47.4964 67.662
498 47.4964 67.662
791 47.4964 67.662
968 47.4964 67.662
617 47.4964 67.662
964 47.4964 67.662
515 47.4964 67.662
235 47.4964 67.662
471 47.4964 67.662
432 47.4964 67.662
800 47.4964 67.662
35 46.3347 63.4276
262 45.3742 59.9253
286 45.0955 59.891
793 44.7702 59.8511
186 44.4304 59.8093
804 44.0503 59.7626
161 43.6765 59.7167
101 43.291 59.6693
461 42.8912 59.6202
54 42.4808 59.5698
683 42.0859 59.5212
809 41.7046 59.4744
210 41.3287 59.4282
49 40.9585 59.3827
512 40.6663 59.3468
30 38.9547 59.136
732 37.292 58.9312
302 36.063 58.7797
876 36.063 58.7797
910 36.063 58.7797
621 36.063 58.7797
281 36.063 58.7797
237 36.063 58.7797
756 36.063 58.7797
715 36.063 58.7797
171 36.063 58.7797
365 36.063 58.7797
676 36.063 58.7797
291 36.063 58.7797
788 36.063 58.7797
765 36.063 58.7797
493 36.063 58.7797
533 36.063 58.7797
104 36.063 58.7797
576 36.063 58.7797
56 36.063 58.7797
127 36.063 58.7797
912 36.063 58.7797
922 36.063 58.7797
370 36.063 58.7797
137 36.063 58.7797
459 36.063 58.7797
645 36.063 58.7797
510 36.063 58.7797
878 36.063 58.7797
390 36.0374 58.7539
596 36.0142 58.7305
523 35.9899 58.7059
34 34.5138 57.2168
308 34.5138 57.2168
501 34.5138 57.2168
956 32.0032 53.4388
640 31.8241 53.1692
545 31.6321 52.8804
929 31.4457 52.5999
957 31.244 52.2964
566 31.0134 51.9494
388 29.7919 51.1009
811 28.8361 50.4371
989 28.8361 50.4371
633 28.766 50.4578
688 28.7066 50.4754
180 28.6507 50.4919
11 28.5808 50.5126
603 28.5149 50.532
147 28.4517 50.5507
619 28.3876 50.5697
522 28.3226 50.5889
269 28.2369 50.6142
705 28.145 50.6414
89 28.0707 50.6633
403 27.987 50.688
908 27.9075 50.7115
38 27.8404 50.7313
151 27.7676 50.7529
687 27.6883 50.7763
37 27.5992 50.8026
535 27.5174 50.8268
413 27.4379 50.8503
664 27.352 50.8757
438 27.2648 50.9014
938 27.1763 50.9276
397 27.1006 50.95
508 27.0243 50.9725
78 26.9397 50.9975
748 26.7252 51.3903
839 26.4476 51.8986
279 26.2151 52.3245
913 26.0257 52.6712
543 25.817 53.0534
735 25.5804 53.4868
778 25.3742 53.8644
691 25.1099 54.3484
771 24.8947 54.7426
972 24.2912 55.8478
891 24.043 56.3024
729 23.6801 56.9671
324 23.3406 57.5887
59 22.9634 58.2795
233 22.5595 59.0192
79 22.1496 59.77
267 21.7337 60.5317
587 21.1518 61.5972
132 20.6531 62.5105
422 20.2293 63.2868
981 19.6527 64.3428
760 18.8499 65.813
507 18.7416 66.0605
552 18.6142 66.3517
451 18.4972 66.6189
524 18.3614 66.9292
565 18.23 67.2295
81 17.9364 67.9003
772 17.6492 68.5567
784 17.2903 69.3768
556 16.6584 70.8206
361 16.7906 70.855
482 16.9097 70.8859
789 17.0374 70.9191
970 17.136 70.9448
680 17.2475 70.9738
119 17.359 71.0028
739 17.4761 71.0332
502 17.5919 71.0633
503 17.7047 71.0926
219 17.8229 71.1233
220 17.9654 71.1604
329 18.0906 71.1929
927 18.214 71.225
657 18.316 71.2515
551 18.485 71.2955
244 18.6624 71.3416
550 18.8345 71.3863
339 18.9832 71.4249
272 19.1294 71.4629
726 19.2911 71.505
578 19.4518 71.5468
479 19.5913 71.583
326 19.7374 71.621
600 19.8887 71.6603
701 20.0354 71.6985
888 20.1897 71.7386
526 20.334 71.7761
168 20.4736 71.8124
537 20.6256 71.8519
879 20.7525 71.8849
429 20.9799 71.944
950 21.2158 72.0053
946 21.4392 72.0634
487 21.655 72.1195
400 21.8795 72.1779
604 22.1464 72.2472
733 22.3671 72.3046
21 22.5985 72.3648
124 22.5985 72.3648
266 22.5985 72.3648
16 22.5985 72.3648
730 22.5985 72.3648
903 22.5985 72.3648
897 22.5985 72.3648
411 22.5985 72.3648
275 22.5985 72.3648
398 22.5985 72.3648
630 22.5985 72.3648
720 22.5985 72.3648
114 22.5985 72.3648
130 22.6358 72.4045
591 22.6774 72.449
971 22.7129 72.4868
327 22.7488 72.5252
500 22.7841 72.5628
359 22.8194 72.6005
382 22.8515 72.6348
901 22.8918 72.6778
184 23.3185 73.1335
757 23.741 73.5847
886 24.1448 74.0159
226 24.5602 74.4595
349 24.5602 74.4595
223 24.5602 74.4595
99 24.5602 74.4595
924 24.5602 74.4595
601 24.5602 74.4595
965 24.5602 74.4595
599 24.5602 74.4595
424 24.5875 75.3029
113 24.6005 75.7048
333 24.6146 76.1406
360 24.6283 76.565
574 24.64 76.9263
469 24.6533 77.3361
60 24.6644 77.6795
571 24.6752 78.0126
658 24.6886 78.4275
919 24.7024 78.8547
454 24.7128 79.1757
954 24.7242 79.5256
418 24.7361 79.8933
431 24.746 80.2004
635 24.7557 80.5001
270 24.7667 80.8411
41 24.818 82.4253
73 24.8714 84.0743
696 24.9061 85.1466
859 24.9323 85.9572
672 24.9572 86.7275
172 24.981 87.4606
409 24.9123 87.7258
608 24.8605 87.926
58 24.8017 88.1532
296 24.7446 88.3739
50 24.6799 88.6238
490 24.6192 88.8586
697 24.5568 89.0996
253 24.4859 89.3735
885 24.4114 89.6614
960 24.3339 89.9608
593 24.2024 89.9601
13 24.0696 89.9594
768 23.9642 89.9589
491 23.8553 89.9583
20 23.7515 89.9578
611 23.6382 89.9572
430 23.5186 89.9565
36 23.3992 89.9559
631 23.2787 89.9553
15 23.1474 89.9546
456 23.0346 89.954
44 22.9232 89.9534
28 22.8135 89.9528
183 22.6931 89.9522
651 22.5831 89.9516
795 22.482 89.9511
120 22.3638 89.9505
610 22.2324 89.9498
714 22.1003 89.9491
521 21.9773 89.9484
306 21.8577 89.9478
441 21.7322 89.9471
773 21.6157 89.9465
462 21.4513 89.9457
446 21.3067 89.9449
638 21.2319 89.9445
96 20.6266 89.9413
761 19.3525 89.9346
560 17.6349 89.9255
288 16.5053 89.9196
227 15.1697 89.9126
868 13.287 89.9027
153 13.1598 89.902
933 13.0502 89.9014
169 12.9171 89.9007
753 12.8221 89.9002
833 12.7124 89.8997
719 12.5846 89.899
718 12.4752 89.8984
776 12.3689 89.8978
380 12.2488 89.8972
399 12.1441 89.8967
871 12.0431 89.8961
695 11.9239 89.8955
368 11.806 89.8949
138 11.6681 89.8942
106 11.5317 89.8934
750 11.4238 89.8929
249 11.3218 89.8923
17 11.1957 89.8917
568 11.0574 89.891
892 10.9278 89.8903
325 10.8053 89.8896
435 10.6786 89.889
955 10.564 89.8884
115 10.4472 89.8877
988 10.3027 89.887
827 10.303 89.8799
585 10.3032 89.8722
401 10.3035 89.8638
1 10.3037 89.8559
637 10.304 89.8481
557 10.3042 89.8403
263 10.3044 89.8328
693 10.3047 89.825
436 10.305 89.8167
316 10.3052 89.8091
93 10.3054 89.8016
914 10.3057 89.7945
916 10.3059 89.7869
213 10.3061 89.7803
300 10.313 89.5602
240 10.319 89.3676
759 10.3247 89.1859
982 10.3298 89.0233
364 10.3349 88.8609
405 10.3399 88.7015
39 10.345 88.5378
301 10.3506 88.3568
442 10.3561 88.1836
712 10.3614 88.0123
711 10.3668 87.8405
973 10.3726 87.6535
199 10.3788 87.4568
447 10.385 87.2597
678 10.391 87.0667
815 10.3975 86.8611
969 10.4035 86.6664
31 10.4101 86.458
736 10.4161 86.2646
200 10.4219 86.0789
699 10.4298 85.8287
304 10.4373 85.5882
236 10.4451 85.3385
780 10.4546 85.0365
547 10.463 84.7664
374 10.4721 84.4751
90 10.4801 84.2203
953 10.4875 83.9836
386 10.4958 83.7183
95 10.5046 83.4379
495 10.5135 83.1527
825 10.5228 82.856
88 10.5315 82.5782
803 10.5399 82.309
247 10.5492 82.0116
792 10.5594 81.687
796 10.5698 81.3543
75 10.5792 81.0541
203 10.5886 80.7524
991 10.5983 80.4429
444 10.6073 80.1562
108 10.6167 79.8544
628 10.6271 79.5231
615 10.6381 79.171
554 10.6491 78.8189
905 10.6603 78.4622
860 10.6723 78.0781
665 10.6841 77.7032
546 10.6936 77.3995
207 10.704 77.0668
443 10.7124 76.7997
944 10.7208 76.531
426 10.73 76.2366
890 10.7402 75.9105
830 10.7505 75.5796
48 10.7616 75.2272
570 10.7735 74.8475
607 10.787 74.415
162 10.7997 74.0112
457 10.8119 73.6209
178 10.8244 73.222
97 10.8432 72.6235
433 10.8612 72.0487
728 10.8817 71.3945
321 10.9062 70.6158
224 10.9356 69.6782
846 11.0075 67.4015
192 10.5934 66.7487
298 10.2028 66.1327
531 9.21632 64.5774
122 8.57038 63.5589
717 8.57038 63.5589
639 8.57038 63.5589
14 8.57038 63.5589
589 8.57038 63.5589
3 8.57038 63.5589
948 8.57038 63.5589
381 8.57038 63.5589
338 8.57038 63.5589
131 8.57038 63.5589
677 8.57038 63.5589
703 8.57038 63.5589
764 8.57038 63.5589
277 8.57038 63.5589
517 8.57038 63.5589
445 8.57038 63.5589
346 8.57038 63.5589
966 8.59421 63.4168
255 8.61877 63.2703
686 8.64298 63.1258
371 8.66858 62.9731
77 8.69431 62.8196
939 8.7203 62.6645
234 8.74677 62.5066
694 8.77185 62.357
734 8.80206 62.1767
376 8.83301 61.992
347 8.86269 61.815
427 8.89247 61.6373
667 8.92398 61.4494
799 9.08288 60.4997
747 9.28886 59.2681
505 9.49765 58.0194
303 9.68706 56.8873
936 9.8676 55.8084
336 10.0394 54.7817
182 10.2076 53.777
166 10.3708 52.8018
616 10.5357 51.816
391 10.6607 51.0695
849 10.7563 50.4992
283 10.8695 49.8228
100 10.894 49.6766
57 10.9193 49.5257
214 10.9443 49.3766
708 10.9694 49.2268
47 10.996 49.0681
116 11.0226 48.9095
196 11.0502 48.745
384 11.0919 48.496
925 11.1294 48.2723
949 11.3982 46.6639
499 11.6687 45.0465
157 11.6744 45.0344
128 11.6805 45.0217
46 11.687 45.0082
496 11.6931 44.9955
212 11.6988 44.9836
749 11.7044 44.9718
218 11.7102 44.9598
758 11.7169 44.9457
174 11.7231 44.9329
527 11.729 44.9205
797 11.7999 44.7724
476 11.8673 44.6316
805 11.9314 44.4976
352 11.999 44.3564
489 12.068 44.2123
123 12.1403 44.0613
373 12.2106 43.9143
958 12.2828 43.7635
330 12.3528 43.6172
731 12.4244 43.4677
463 12.4955 43.3193
423 12.5698 43.1639
341 12.6416 43.0139
228 12.7162 42.8581
154 12.7883 42.7075
858 12.8616 42.5544
909 12.9354 42.4003
542 13.0119 42.2403
663 13.0924 42.0721
770 13.1702 41.9096
222 13.2483 41.7465
652 13.3284 41.5791
534 13.4105 41.4077
841 13.4945 41.2322
142 13.5836 41.046
655 13.7197 40.7616
700 13.8507 40.4876
121 13.9818 40.2138
723 13.9818 40.2138
990 13.9818 40.2138
698 13.9818 40.2138
863 13.4407 39.4399
87 12.8864 38.647
312 12.3059 37.8169
328 11.7346 36.9998
836 11.8564 35.9851
32 11.9583 35.1372
148 12.0631 34.2644
86 12.2504 32.7023
943 12.4387 31.1326
602 12.6044 29.7511
641 12.7196 28.7916
915 12.8311 27.8629
829 12.7224 27.613
65 12.5913 27.3119
10 12.4352 26.9531
133 12.197 26.4054
455 11.946 25.8285
741 11.7015 25.2663
211 11.4702 24.7347
348 11.4394 24.664
588 11.4093 24.5948
674 11.3792 24.5257
682 11.3494 24.4572
366 11.3211 24.3924
4 11.2937 24.3295
74 11.2655 24.2647
710 11.238 24.2016
187 11.209 24.135
514 11.209 24.135
572 11.209 24.135
794 11.209 24.135
898 11.209 24.135
985 11.2987 23.7502
673 11.4309 23.1831
299 11.5583 22.6366
268 11.6946 22.0521
331 11.8448 21.4077
412 12.0036 20.7268
362 12.1523 20.0886
258 12.2928 19.4861
963 12.4939 18.6234
61 12.8237 17.2089
722 13.3282 15.0451
629 13.3715 14.8595
402 13.4107 14.6912
812 13.4632 14.4663
488 13.7843 14.4523
643 14.0815 14.4393
881 14.294 14.43
8 14.5311 14.4196
646 14.743 14.4103
439 19.3278 14.2103
899 21.8524 14.1
704 25.855 13.9253
626 26.9572 13.8771
64 27.8908 13.8363
284 28.82 13.7957
573 29.9743 13.7452
822 30.8898 13.7051
26 31.3198 13.6863
363 31.6561 13.6716
287 31.9921 13.6569
351 32.305 13.6432
337 32.6302 13.6289
669 32.9238 13.6161
653 33.2515 13.6017
407 33.2515 13.6017
518 33.2515 13.6017
709 32.6106 16.3246
702 31.8028 19.7609
869 31.0782 22.8434
529 30.8568 23.786
787 30.8153 23.9628
549 30.7732 24.1423
307 30.741 24.2795
883 30.7072 24.4233
486 30.671 24.5777
354 30.6377 24.7195
278 30.6041 24.8625
261 30.5726 24.997
310 30.5405 25.1338
221 30.503 25.2935
612 30.4661 25.4506
246 30.4661 25.4506
934 30.4661 25.4506
824 29.8964 25.9957
254 29.3349 26.5329
661 28.6309 27.2065
474 28.795 27.9893
125 29.3874 30.8189
111 29.3874 30.8189
902 29.3874 30.8189
7 30.2366 32.8039
205 30.9452 34.4608
475 31.709 36.2466
586 33.4966 36.7741
194 35.0916 37.2445
414 35.0916 37.2445
525 35.0916 37.2445
191 35.6411 37.1344
692 36.1664 37.0291
480 36.6795 36.9263
853 37.1848 36.825
706 37.6759 36.7266
421 38.2028 36.6209
356 38.6865 36.524
783 39.1657 36.4279
679 39.7172 36.3174
379 40.3867 36.1832
160 41.1024 36.0398
467 41.8612 35.8878
250 42.6245 35.7349
790 43.309 35.5977
289 44.0212 35.455
917 44.6594 35.3271
257 45.3719 35.1843
834 46.1363 35.0311
377 47.4548 34.7671
555 47.9754 34.6628
419 48.4588 34.5659
6 49.7009 35.3362
209 49.7722 35.5504
55 49.8456 35.7707
63 49.9294 36.0223
844 49.9959 36.222
164 50.0585 36.41
862 50.1365 36.6442
935 50.2063 36.8538
785 50.276 37.0632
458 50.3494 37.2834
865 50.421 37.4983
594 50.5011 37.739
978 50.5743 37.9589
873 50.6409 38.1587
843 51.513 40.7747
276 52.4583 43.6118
842 53.3485 46.2831
155 53.3581 46.312
623 53.3693 46.3457
472 53.3798 46.3772
906 53.3905 46.4093
492 53.4019 46.4437
848 53.4128 46.4763
519 53.4247 46.5122
396 53.4358 46.5453
43 53.4454 46.5742
188 53.4566 46.608
85 53.4673 46.6401
923 53.4775 46.6706
357 53.4873 46.7
217 53.4971 46.7295
197 53.5069 46.759
452 53.5181 46.7926
875 53.5293 46.8261
69 53.5408 46.8608
342 53.5529 46.8972
945 53.566 46.9364
70 53.5799 46.9781
597 53.5799 46.9781
143 57.4702 46.6571
45 60.2952 46.4246
675 62.492 46.2439
553 64.7111 46.0614
926 66.3123 45.9297
920 67.8419 45.804
583 67.8329 45.7932
670 67.8228 45.7813
850 67.8134 45.7701
425 67.8033 45.7582
967 67.7926 45.7454
29 67.4524 45.3419
609 67.1028 44.9271
195 66.7429 44.5001
592 66.0318 43.6562
821 64.6427 42.0066
27 63.3798 40.5077
751 62.7072 39.7095
355 62.4036 39.3493
930 62.1166 39.0088
19 61.8377 38.678
870 61.8195 38.6563
681 61.8012 38.6347
781 61.7833 38.6134
66 61.7658 38.5927
232 61.7513 38.5755
314 61.7337 38.5546
323 61.7167 38.5345
606 61.699 38.5135
644 61.6804 38.4913
828 61.6596 38.4667
634 61.6412 38.4449
358 61.6234 38.4238
716 61.6049 38.4018
466 61.6049 38.4018
959 62.4116 33.5964
598 63.4805 27.2207
176 64.2667 22.53
295 64.4838 21.2336
24 64.7015 19.9337
581 64.9254 18.5969
504 65.1506 17.2524
103 65.3899 15.8232
831 65.8452 16.6098
819 67.494 16.5698
721 69.6561 16.5174
777 71.5331 16.4719
260 77.878 16.3201
979 78.6376 17.6378
