0,176,831,103,819,295,598,581,504,24,721,777,959,55,6,419,787,284,246,307,351,310,704,64,822,883,439,653,111,626,573,518,26,287,669,363,709,407,902,641,702,474,337,486,643,943,549,125,65,829,836,915,824,602,254,221,412,646,299,963,710,74,899,258,187,61,366,488,8,211,812,402,661,722,881,331,362,674,588,741,629,673,572,348,898,133,514,4,682,455,86,794,46,121,87,985,990,268,612,354,205,475,811,278,403,397,700,78,869,388,698,972,771,11,438,535,476,633,148,283,212,958,330,10,616,328,32,770,797,758,505,542,157,936,805,534,463,909,489,116,218,527,652,47,123,863,128,499,312,154,222,341,496,228,731,423,384,749,938,182,841,373,192,100,760,784,234,949,858,352,303,849,677,531,925,122,589,57,336,214,708,166,747,3,680,361,81,970,255,162,665,734,482,371,398,739,939,381,879,77,131,503,400,347,703,196,14,799,691,764,132,168,272,565,717,114,338,376,524,772,630,500,220,411,667,924,726,796,657,517,374,207,888,860,966,944,905,759,219,339,431,892,224,184,277,694,130,948,427,487,169,300,830,736,890,119,433,701,443,93,445,298,991,639,686,570,615,554,97,546,178,75,557,203,321,607,247,551,346,429,825,457,728,556,719,90,560,637,240,436,213,199,914,444,628,360,973,364,695,718,585,982,13,380,138,442,236,969,678,750,227,435,263,988,712,868,447,106,426,200,568,401,886,803,304,953,693,386,115,955,95,88,31,815,108,792,1,244,446,699,39,399,711,827,405,301,547,325,780,153,316,183,418,651,28,491,672,36,631,368,611,761,786,20,2,593,521,430,495,776,871,696,17,288,424,58,960,462,15,249,768,296,833,490,757,50,933,795,753,859,885,916,610,441,714,773,306,44,456,409,72,92,808,150,919,638,139,129,752,167,231,73,146,918,392,223,292,806,241,738,613,470,271,707,120,394,96,53,874,437,22,569,265,974,866,807,239,649,82,536,156,181,755,882,877,947,415,343,309,826,319,961,532,548,763,389,215,416,230,559,746,408,539,530,172,541,305,448,516,5,766,375,449,856,896,434,737,816,23,477,567,317,313,887,851,367,584,713,406,895,259,320,245,126,40,814,952,105,118,636,206,62,911,618,774,344,690,659,165,511,620,177,992,273,185,984,845,297,52,754,622,251,817,464,18,624,931,980,42,202,378,823,987,575,395,861,847,179,940,642,193,315,582,769,335,229,671,801,880,9,460,857,280,12,140,91,369,562,921,968,208,282,802,617,173,440,832,732,248,109,800,468,798,281,762,577,84,471,964,779,216,235,410,264,855,35,291,715,894,910,453,605,558,80,56,134,513,683,144,791,662,976,540,676,782,112,432,632,104,365,804,459,523,484,986,94,564,563,350,840,294,689,270,252,872,724,225,41,189,561,730,454,428,878,614,266,537,954,16,526,789,697,608,60,333,326,479,124,141,76,578,550,469,253,256,226,604,48,99,956,901,502,382,720,34,451,788,658,635,601,113,327,927,946,275,587,600,950,846,545,591,733,965,640,957,493,705,552,329,971,279,233,349,370,645,21,404,171,163,596,574,571,308,756,510,839,501,101,175,599,903,359,127,778,912,576,54,597,452,862,533,237,390,79,137,809,89,461,765,267,748,664,151,38,391,876,180,30,891,522,929,706,422,687,49,603,723,507,688,302,981,897,729,525,913,413,174,414,142,735,37,324,663,59,543,655,922,508,619,269,147,908,783,566,692,7,679,529,421,790,250,191,934,586,467,160,164,785,873,379,834,257,853,844,261,458,209,865,289,751,555,512,935,848,194,356,480,472,197,63,716,917,989,155,27,681,828,19,781,355,358,66,875,842,634,342,276,117,821,69,594,396,843,978,217,43,930,377,45,810,675,623,793,906,870,625,519,621,945,262,293,161,85,210,743,492,186,538,498,923,188,942,656,767,286,907,850,583,485,190,102,420,478,647,904,201,152,668,290,238,242,838,941,977,852,975,68,334,110,393,900,515,962,650,595,67,340,51,867,727,509,383,744,775,937,332,864,742,654,893,854,71,820,725,149,494,145,544,983,285,580,353,740,318,135,666,158,481,473,813,159,685,818,322,889,928,372,204,311,660,648,25,465,579,417,528,385,83,837,450,198,884,136,387,107,170,497,932,951,684,506,29,425,553,920,592,967,926,606,323,644,357,195,670,70,143,466,314,232,274,835,609,745,33,98,520,590,483,979,260,627,345,243,
value : 487.984 running time : 56.489514
0 80 20
176 68.8245 17.4361
831 64.4285 16.4277
103 62.5421 15.9948
819 62.5101 15.9983
295 62.4795 16.0016
598 62.4496 16.0048
581 62.4186 16.0082
504 62.3902 16.0112
24 62.3602 16.0145
721 62.3316 16.0176
777 60.201 16.2476
959 58.0985 16.4745
55 54.4067 16.8729
6 54.3982 16.873
419 46.5747 16.9064
787 35.5947 16.954
284 35.5947 16.954
246 35.5947 16.954
307 35.5947 16.954
351 35.5947 16.954
310 35.5947 16.954
704 35.5947 16.954
64 35.5947 16.954
822 35.5947 16.954
883 35.5947 16.954
439 35.5947 16.954
653 35.6161 16.7285
111 35.6368 16.5106
626 35.6582 16.2862
573 35.682 16.0355
518 35.7075 15.7681
26 34.9098 16.1974
287 34.1514 16.6057
669 33.2078 17.1135
363 32.3237 17.5893
709 31.3085 18.1357
407 30.4842 18.5794
902 29.1442 19.3006
641 28.221 19.7974
702 27.8128 20.0172
474 27.4243 20.2263
337 27.1421 20.3781
486 24.4226 21.8418
643 23.2296 22.4839
943 21.8724 23.2144
549 20.8365 23.7719
125 19.821 24.3185
65 19.582 24.1245
829 19.2933 23.8901
836 18.9583 23.6182
915 18.6519 23.3695
824 18.3274 23.1062
602 17.9422 22.7935
254 17.5257 22.4555
221 17.1555 22.155
412 14.9085 20.3313
646 13.7194 19.3662
299 13.4216 19.1245
963 13.1132 18.8742
710 12.8268 18.6417
74 12.526 18.3976
899 12.2822 18.0617
258 11.9594 17.6169
187 11.6268 17.1587
61 11.3549 16.7842
366 11.1212 16.4622
488 10.8654 16.1098
8 10.8654 16.1098
211 10.8654 16.1098
812 10.8654 16.1098
402 10.9024 16.4564
661 10.9345 16.7578
722 10.9615 17.0111
881 10.9988 17.3609
331 11.0472 17.8147
362 11.089 18.2065
674 11.1314 18.6048
588 11.1766 19.0282
741 11.2235 19.4685
629 11.2636 19.8448
673 11.432 21.4242
572 11.5805 22.8171
348 11.71 24.0315
898 11.9096 25.9032
133 11.9552 25.9888
514 11.9984 26.0698
4 12.0401 26.1482
682 12.0812 26.2252
455 12.2461 26.5345
86 12.4159 26.8532
794 13.045 28.0337
46 15.0475 31.7912
121 15.5924 32.1267
87 16.0163 32.3876
985 16.4721 32.6682
990 16.9496 32.9622
268 17.4258 33.2553
612 17.9451 33.575
354 18.4161 33.8649
205 18.8574 34.1366
475 19.2897 34.4027
811 19.4607 34.508
278 19.6127 34.6016
403 18.8103 36.1431
397 18.4918 36.755
700 18.2139 37.2887
78 17.9562 37.7838
869 17.7251 38.2278
388 17.1792 39.2764
698 15.7035 42.1115
972 15.0815 43.3064
771 15.0815 43.3064
11 15.0815 43.3064
438 15.0049 43.348
535 14.9278 43.3899
476 14.8393 43.4379
633 14.7561 43.4831
148 14.2158 43.7766
283 13.6398 44.0896
212 13.0582 44.4055
958 12.5172 44.6994
330 11.9901 44.9858
10 11.5712 45.2133
616 11.0921 45.4736
328 10.5791 45.7523
32 10.5833 45.8245
770 10.5878 45.9029
797 10.5925 45.986
758 10.5971 46.065
505 10.6014 46.1404
542 10.6056 46.2135
157 10.6096 46.2828
936 10.6137 46.354
805 10.6176 46.4234
534 10.6215 46.4906
463 10.6253 46.5569
909 10.6292 46.625
489 10.6331 46.693
116 10.637 46.7606
218 10.6409 46.8289
527 10.6445 46.8918
652 10.6481 46.9537
47 10.6518 47.0184
123 10.6552 47.0777
863 10.6587 47.1391
128 10.6624 47.2046
499 10.6661 47.268
312 10.684 47.5804
154 10.7029 47.9112
222 10.7217 48.2378
341 10.74 48.5577
496 10.7576 48.8657
228 10.7753 49.1743
731 10.7935 49.4914
423 10.8122 49.8171
384 10.8335 50.1895
749 10.8612 50.6738
938 10.8885 51.149
182 10.9126 51.5702
841 10.9364 51.9852
373 10.9623 52.4375
192 10.9916 52.9491
100 11.0105 53.2788
760 11.0312 53.6393
784 11.0502 53.9721
234 11.0676 54.2755
949 11.0817 54.5201
858 11.101 54.8576
352 11.1204 55.196
303 11.1411 55.5569
849 11.1616 55.9144
677 11.1832 56.2929
531 11.2045 56.6647
925 11.2245 57.0131
122 11.244 57.353
589 11.2687 57.7849
57 11.2916 58.1844
336 11.3181 58.6463
214 11.3446 59.1094
708 11.3738 59.6183
166 11.4062 60.184
747 11.4473 60.9006
3 11.4878 61.6082
680 11.5275 62.3007
361 11.5625 62.9112
81 11.5731 63.0968
970 11.5841 63.2879
255 11.5954 63.4864
162 11.6071 63.6903
665 11.6175 63.8716
734 11.6275 64.0457
482 11.6379 64.2274
371 11.6481 64.406
398 11.6585 64.5876
739 11.6686 64.7626
939 11.6785 64.9363
381 11.6891 65.1208
879 11.6987 65.289
77 11.7082 65.4537
131 11.7177 65.6206
503 11.7277 65.794
400 11.7373 65.9615
347 11.7455 66.1059
703 11.7548 66.2678
196 11.7647 66.4408
14 11.7766 66.6487
799 11.7876 66.8395
691 11.7967 66.9996
764 11.8094 67.2206
132 11.8237 67.47
168 11.8385 67.7278
272 11.8464 67.8663
565 11.8542 68.0025
717 11.8656 68.2003
114 11.8756 68.3762
338 11.8864 68.565
376 11.8972 68.7521
524 11.9084 68.9483
772 11.9198 69.1472
630 11.9328 69.3746
500 11.9458 69.6004
220 11.9579 69.812
411 11.9685 69.9972
667 11.9801 70.1991
924 11.992 70.4068
726 12.0048 70.6304
796 12.0165 70.8351
657 12.0273 71.0223
517 12.0378 71.207
374 12.0503 71.424
207 12.0613 71.6165
888 12.069 71.6557
860 11.8885 71.9445
966 11.7138 72.224
944 11.5515 74.5631
905 11.5418 74.7031
759 11.5327 74.8344
219 11.5244 74.9545
339 11.5146 75.0963
431 11.5057 75.2245
892 11.4971 75.3485
224 11.4892 75.4633
184 11.4805 75.5899
277 11.4724 75.7066
694 11.464 75.8288
130 11.4549 75.9596
948 11.4124 76.5676
427 11.3556 77.3803
487 11.3092 78.0461
169 11.2627 78.7123
300 11.2184 79.3453
830 11.2182 79.3482
736 11.218 79.3513
890 11.2178 79.354
119 11.2176 79.3568
433 11.2174 79.36
701 11.2172 79.3629
443 11.217 79.3661
93 11.2168 79.3695
445 11.2166 79.3721
298 11.2164 79.3752
991 11.2161 79.3784
639 11.2159 79.3815
686 11.2157 79.3847
570 11.2155 79.3882
615 11.2152 79.3914
554 11.215 79.3945
97 11.2148 79.3974
546 11.2146 79.4009
178 11.2144 79.4041
75 11.2142 79.4072
557 11.2139 79.4104
203 11.2137 79.4133
321 11.2135 79.4161
607 11.2133 79.4191
247 11.1786 79.9219
551 11.1468 80.383
346 11.114 80.857
429 11.0806 81.3409
825 11.042 81.9004
457 11.0017 82.4837
728 10.9593 83.098
556 10.9144 83.7476
719 10.8644 84.4729
90 10.813 85.2165
560 10.7488 86.1472
637 10.6917 86.9746
240 10.626 87.9277
436 10.5632 88.8377
213 10.4823 90.0101
199 10.4821 90.013
914 10.4819 90.0161
444 10.4817 90.0189
628 10.4815 90.0218
360 10.4813 90.0245
973 10.4811 90.0279
364 10.4809 90.031
695 10.4807 90.0338
718 10.4804 90.0376
585 10.4802 90.0415
982 10.48 90.0442
13 10.4798 90.0473
380 10.4795 90.0507
138 10.4793 90.0537
442 10.4791 90.0568
236 10.4789 90.0601
969 10.4786 90.0635
678 10.4784 90.0667
750 10.4782 90.0697
227 10.478 90.0727
435 10.478 90.0727
263 10.478 90.0727
988 10.478 90.0727
712 10.6764 90.0724
868 10.8224 90.0721
447 10.99 90.0718
106 11.1616 90.0714
426 11.3401 90.0711
200 11.5408 90.0707
568 11.7215 90.0704
401 11.8964 90.07
886 12.1103 90.0696
803 12.191 90.0695
304 12.2805 90.0693
953 12.3629 90.0691
693 12.4538 90.069
386 12.5434 90.0688
115 12.6308 90.0686
955 12.7146 90.0685
95 12.8003 90.0683
88 12.8861 90.0681
31 12.9623 90.068
815 13.0397 90.0678
108 13.1151 90.0677
792 13.193 90.0675
1 13.2892 90.0673
244 13.3843 90.0672
446 13.4679 90.067
699 13.5545 90.0668
39 13.6378 90.0667
399 13.7418 90.0665
711 13.8304 90.0663
827 13.9194 90.0661
405 14.0095 90.0659
301 14.1054 90.0658
547 14.2018 90.0656
325 14.7677 90.0645
780 15.3277 90.0634
153 15.8196 90.0624
316 16.5922 90.0609
183 17.4897 90.0592
418 18.3386 90.0576
651 19.0544 90.0562
28 19.766 90.0548
491 20.2243 90.0539
672 20.719 90.053
36 21.0763 90.0523
631 21.433 90.0516
368 21.7457 90.051
611 22.085 90.0503
761 22.3703 90.0498
786 22.6649 90.0492
20 22.9233 90.0487
2 23.1725 90.0482
593 23.3008 90.048
521 23.4402 90.0477
430 23.5851 90.0474
495 23.7192 90.0472
776 23.8618 90.0469
871 24.0184 90.0466
696 24.1792 90.0463
17 24.3246 90.046
288 24.478 90.0457
424 24.6311 90.0454
58 24.7827 90.0451
960 24.9407 90.0448
462 25.069 90.0445
15 25.2201 90.0442
249 25.3796 90.0439
768 25.5377 90.0436
296 25.7005 90.0433
833 25.8383 90.043
490 25.9886 90.0428
757 26.1362 90.0425
50 26.277 90.0422
933 26.4273 90.0419
795 26.6062 90.0416
753 26.7368 90.0413
859 26.8919 90.041
885 27.0444 90.0407
916 27.192 90.0404
610 27.4651 90.0399
441 27.7258 90.0394
714 28.0053 90.0389
773 28.3369 90.0382
306 28.637 90.0376
44 28.9494 90.037
456 29.271 90.0364
409 29.644 90.0357
72 30.0662 90.0349
92 30.4093 90.0342
808 30.7478 90.0336
150 31.0822 90.0329
919 31.4291 90.0322
638 31.7637 90.0316
139 32.1122 90.0309
129 32.4327 90.0303
752 32.7136 90.0298
167 32.9978 90.0292
231 33.3033 90.0286
73 33.5951 90.028
146 33.9115 90.0274
918 34.1972 90.0269
392 34.5016 90.0263
223 34.7883 90.0257
292 35.1261 90.0251
806 35.452 90.0245
241 35.8032 90.0238
738 36.1464 90.0231
613 36.4813 90.0225
470 36.8072 90.0218
271 37.1382 90.0212
707 37.4807 90.0205
120 37.8112 90.0199
394 38.1945 90.0192
96 38.5416 90.0185
53 38.9624 90.0177
874 39.3556 90.0169
437 39.7175 90.0162
22 40.0737 90.0155
569 40.4472 90.0148
265 40.8104 90.0141
974 41.2017 90.0133
866 41.6506 90.0125
807 42.0521 90.0117
239 42.4818 90.0109
649 42.8668 90.0101
82 43.327 90.0092
536 43.7938 90.0083
156 44.208 90.0075
181 44.6027 90.0068
755 45.0472 90.0059
882 45.4875 90.0051
877 45.575 90.0049
947 45.6737 90.0047
415 45.7705 90.0045
343 45.8593 90.0043
309 45.9532 90.0042
826 46.0604 90.004
319 46.1613 90.0038
961 46.262 90.0036
532 46.3566 90.0034
548 46.4449 90.0032
763 46.553 90.003
389 46.6525 90.0028
215 46.7491 90.0026
416 46.8516 90.0024
230 46.9559 90.0022
559 47.0714 90.002
746 47.1852 90.0018
408 47.2946 90.0016
539 47.3995 90.0014
530 47.5112 90.0012
172 47.6182 90.001
541 47.7382 90.0008
305 47.8475 90.0005
448 47.9524 90.0003
516 48.2345 89.9998
5 48.4905 89.9993
766 48.7464 89.9988
375 49.0932 89.9982
449 49.4494 89.9975
856 49.8904 89.9967
896 50.2069 89.9961
434 50.5224 89.9955
737 50.8392 89.9949
816 51.1294 89.9943
23 51.4057 89.9938
477 51.6893 89.9932
567 51.855 89.9929
317 52.0027 89.9926
313 52.0939 89.9925
887 52.1936 89.9923
851 52.2908 89.9921
367 52.3886 89.9919
584 52.4921 89.9917
713 52.5784 89.9915
406 52.6747 89.9914
895 52.7673 89.9912
259 52.8708 89.991
320 52.9706 89.9908
245 53.0763 89.9906
126 53.1788 89.9904
40 53.2873 89.9902
814 53.3879 89.99
952 53.5001 89.9898
105 53.6046 89.9896
118 53.7166 89.9894
636 53.8212 89.9892
206 53.9277 89.989
62 54.1032 89.9886
911 54.276 89.9883
618 54.4468 89.988
774 54.6177 89.9876
344 54.7943 89.9873
690 54.9669 89.987
659 55.1303 89.9867
165 55.3512 89.9862
511 56.3934 89.9842
620 57.8079 89.9815
177 58.0179 89.9811
992 58.224 89.9807
273 58.4197 89.9804
185 58.6059 89.98
984 58.7925 89.9797
845 58.985 89.9793
297 59.1542 89.979
52 59.3195 89.9786
754 59.4639 89.9784
622 59.6454 89.978
251 59.8106 89.9777
817 59.7016 89.7425
464 59.5788 89.4775
18 59.4356 89.1684
624 59.3256 88.9309
931 59.1005 88.445
980 58.8939 87.9991
42 58.6842 87.5465
202 58.4113 86.9575
378 58.1279 86.3458
823 57.8811 85.8131
987 57.2689 84.4919
575 57.0564 84.0332
395 56.8368 83.5592
861 56.608 83.0653
847 56.3807 82.5746
179 56.2123 82.2112
940 56.0436 81.8471
642 55.8791 81.4922
193 55.7168 81.1417
315 55.5694 80.8237
582 55.4196 80.5004
769 55.2809 80.2009
335 55.156 79.9315
229 55.0231 79.6445
671 54.8847 79.3459
801 54.7571 79.0704
880 54.6178 78.7698
9 54.4672 78.4446
460 54.3228 78.133
857 54.1712 77.8058
280 54.0386 77.5195
12 53.9006 77.2218
140 53.7576 76.9131
91 53.5994 76.5716
369 53.4597 76.2702
562 53.2885 75.9005
921 53.1227 75.5428
968 52.9495 75.1688
208 52.811 74.87
282 52.6656 74.5562
802 52.6656 74.5562
617 52.6656 74.5562
173 52.6656 74.5562
440 51.7249 72.9109
832 50.8873 71.4459
732 49.5885 69.1746
248 49.5268 69.0667
109 49.4417 68.9177
800 49.356 68.768
468 49.2568 68.5945
798 49.1609 68.4267
281 49.0672 68.2628
762 49.0279 68.194
577 48.9822 68.1141
84 48.9411 68.0421
471 48.8956 67.9627
964 48.8956 67.9627
779 48.8956 67.9627
216 48.8956 67.9627
235 48.8956 67.9627
410 48.8956 67.9627
264 48.8956 67.9627
855 48.8956 67.9627
35 48.8956 67.9627
291 48.4207 68.1486
715 48.1492 68.2549
894 47.889 68.3567
910 47.623 68.4608
453 47.3969 68.5493
605 47.1608 68.6417
558 46.8357 68.769
80 46.5219 68.8918
56 46.2228 69.0089
134 45.9543 69.114
513 45.6843 69.2197
683 45.4036 69.3295
144 45.1374 69.4337
791 44.8742 69.5367
662 44.5587 69.6602
976 44.5587 69.6602
540 44.5587 69.6602
676 44.5587 69.6602
782 44.5587 69.6602
112 44.5587 69.6602
432 44.5587 69.6602
632 44.2458 69.76
104 43.8967 69.8713
365 43.5997 69.966
804 43.289 70.0651
459 42.9689 70.1672
523 42.6572 70.2666
484 42.3436 70.3666
986 42.0259 70.4679
94 41.6929 70.5741
564 40.9993 70.7952
563 40.3305 71.0085
350 39.5426 71.2597
840 38.7474 71.5133
294 38.047 71.7366
689 37.2598 71.9876
270 36.581 72.2041
252 35.9157 72.4162
872 35.2661 72.6233
724 34.6981 72.8044
225 34.0972 72.996
41 33.3523 73.2335
189 33.2515 73.2656
561 33.147 73.2989
730 31.1753 73.9278
454 29.2513 74.5413
428 27.2738 75.1719
878 27.2726 75.1718
614 27.2714 75.1718
266 27.27 75.1718
537 27.2687 75.1717
954 27.2674 75.1717
16 27.2662 75.1716
526 27.2648 75.1716
789 27.2636 75.1716
697 27.2624 75.1715
608 27.2612 75.1715
60 27.26 75.1715
333 27.2588 75.1714
326 27.2575 75.1714
479 27.2563 75.1714
124 27.2553 75.1713
141 27.2542 75.1713
76 27.253 75.1713
578 27.2519 75.1712
550 27.2508 75.1712
469 27.2497 75.1712
253 27.2487 75.1712
256 27.2478 75.1711
226 25.9843 75.138
604 24.0373 75.0872
48 22.0929 75.0365
99 22.953 71.1464
956 23.876 66.9713
901 23.9109 66.8137
502 23.9449 66.66
382 23.9813 66.495
720 24.0151 66.3424
34 24.0489 66.1892
451 24.0801 66.0484
788 24.1087 65.919
658 24.1339 65.8048
635 24.1652 65.6631
601 24.1989 65.5109
113 24.2292 65.3737
327 24.264 65.2163
927 24.2962 65.0706
946 24.3267 64.9327
275 24.3738 64.7196
587 24.4192 64.5141
600 24.4614 64.3234
950 24.5055 64.124
846 24.558 63.8865
545 24.6088 63.6564
591 24.6455 63.4904
733 24.6901 63.2886
965 24.7319 63.0995
640 24.7793 62.8852
957 24.822 62.6919
493 24.8649 62.498
705 24.9056 62.3138
552 24.9462 62.1301
329 24.9895 61.9343
971 25.0308 61.7472
279 25.0769 61.5389
233 26.4087 61.2299
349 27.8894 60.8864
370 29.6474 60.4785
645 29.987 60.3997
21 30.3372 60.3184
404 30.7043 60.2332
171 30.7307 60.2271
163 30.7495 60.2228
596 30.7495 60.2228
574 30.7495 60.2228
571 31.1711 59.9317
308 31.7119 59.5583
756 32.2392 59.1941
510 32.7734 58.8253
839 33.3407 58.4335
501 33.8875 58.056
101 36.0464 56.5649
175 36.0464 56.5649
599 36.0464 56.5649
903 36.0464 56.5649
359 36.0335 56.2543
127 36.0144 55.7945
778 35.9977 55.3937
912 35.9819 55.0125
576 35.9654 54.6158
54 35.9461 54.1514
597 35.9237 53.6141
452 35.8963 52.9532
862 35.5107 52.9932
533 34.5465 53.0931
237 33.4501 53.2067
390 32.2372 53.3324
79 32.0881 53.2375
137 31.953 53.1514
809 31.8108 53.0608
89 31.6503 52.9586
461 31.5022 52.8643
765 31.3488 52.7665
267 30.7605 52.3919
748 30.1822 52.0235
664 29.6587 51.6901
151 29.3726 51.5079
38 29.3113 51.5333
391 29.2459 51.5604
876 29.1914 51.583
180 29.135 51.6064
30 29.0689 51.6339
891 29.0077 51.6592
522 28.9489 51.6836
929 28.8833 51.7109
706 28.8232 51.7358
422 28.7453 51.7681
687 28.6826 51.7941
49 28.6106 51.824
603 28.5381 51.8541
723 28.4668 51.8837
507 28.3942 51.9138
688 28.3286 51.941
302 28.2593 51.9697
981 28.1935 51.9971
897 28.1327 52.0223
729 28.1417 51.7463
525 28.1535 51.3872
913 28.1628 51.1013
413 28.172 50.8192
174 28.1815 50.5293
414 28.191 50.2396
142 28.1988 50.0015
735 28.2068 49.7562
37 28.2167 49.4528
324 28.2247 49.209
663 28.2337 48.9327
59 28.6569 48.5777
543 29.1632 48.153
655 29.6547 47.7406
922 30.1461 47.3283
508 30.6548 46.9016
619 31.1614 46.4766
269 31.6449 46.071
147 32.1654 45.6343
908 32.6855 45.198
783 33.8148 44.2506
566 34.8879 43.3503
692 35.8346 42.5561
7 36.7088 41.8227
679 37.5791 41.0926
529 38.6233 40.2166
421 39.7781 39.2479
790 40.6392 38.5254
250 41.5667 37.7473
191 42.1362 37.2696
934 42.8103 36.7041
586 42.9894 36.5538
467 43.1779 36.3957
160 43.3656 36.2382
164 43.5658 36.0703
785 43.6578 35.9931
873 43.7497 35.916
379 43.7497 35.916
834 43.7497 35.916
257 43.7497 35.916
853 43.7497 35.916
844 43.7497 35.916
261 43.7497 35.916
458 44.1952 36.1438
209 44.502 36.3007
865 44.821 36.4638
289 45.1356 36.6246
751 45.4997 36.8108
555 45.8102 36.9696
512 46.1075 37.1216
935 46.3859 37.264
848 46.6747 37.4116
194 46.945 37.5499
356 47.2147 37.6877
480 47.4964 37.8318
472 47.8176 37.9961
197 48.1135 38.1474
63 48.4141 38.3011
716 48.6835 38.4388
917 48.9416 38.5708
989 49.2482 38.7276
155 49.8568 39.0388
27 50.5034 39.3694
681 51.1101 39.6797
828 51.7154 39.9892
19 52.2603 40.2678
781 52.8925 40.5911
355 53.4434 40.8728
358 54.0013 41.158
66 54.5169 41.4217
875 55.0981 41.7189
842 55.714 42.0339
634 55.714 42.0339
342 55.714 42.0339
276 55.714 42.0339
117 55.714 42.0339
821 55.714 42.0339
69 55.6113 42.4233
594 55.5171 42.7809
396 55.4185 43.1546
843 55.3404 43.451
978 55.2712 43.7133
217 55.1998 43.9841
43 55.1279 44.257
930 55.0568 44.5266
377 54.9854 44.7976
45 54.9098 45.0843
810 53.9044 48.9012
675 53.9023 48.909
623 53.872 49.0239
793 53.8432 49.1331
906 53.8214 49.216
870 53.7947 49.3173
625 53.7647 49.4313
519 53.7431 49.5132
621 53.7199 49.6011
945 53.7012 49.6719
262 53.6811 49.7483
293 53.6589 49.8326
161 53.6368 49.9163
85 53.6368 49.9163
210 53.6368 49.9163
743 58.0439 54.9117
492 58.2942 55.0671
186 58.6055 55.2604
538 58.9331 55.4638
498 59.2073 55.6341
923 59.605 55.881
188 60.3063 56.3165
942 61.0941 56.8056
656 61.7765 57.2293
767 62.3016 57.5554
286 62.7905 57.8589
907 63.4254 58.2532
850 64.0503 58.6411
583 64.5722 58.9652
485 65.0128 59.2387
190 65.5008 59.5418
102 66.0094 59.8575
420 66.5197 60.1744
478 66.9974 60.4711
647 67.4724 60.766
904 68.0184 61.105
201 68.4875 61.0547
152 68.871 61.0137
668 69.2201 60.9763
290 69.7532 60.9191
238 70.867 60.7998
242 73.2469 60.5449
838 73.4701 60.521
941 73.2416 61.0263
977 73.0254 61.5043
852 72.7511 62.1108
975 72.4868 62.6952
68 72.2443 63.2314
334 72.0191 63.7292
110 71.7651 64.291
393 71.5069 64.8617
900 71.2814 65.3603
515 71.0514 65.8688
962 71.223 66.5887
650 71.3727 67.217
595 71.532 67.8856
67 71.7124 68.6426
340 71.8986 69.4238
51 72.1043 70.2868
867 72.279 71.0201
727 72.4655 71.8029
509 72.6535 72.5915
383 72.8599 73.4579
744 73.1442 74.651
775 73.424 75.825
937 73.6534 76.7878
332 73.8555 77.6359
864 74.1691 78.9518
742 74.4232 80.018
654 74.6232 80.8574
893 75.7871 85.7415
854 75.9261 86.3247
71 76.0435 86.8173
820 76.2272 87.5885
725 76.3313 88.025
149 76.4399 88.481
494 76.6875 88.4612
145 76.9216 88.4425
544 77.1661 88.423
983 77.8703 88.3668
285 77.8884 88.3654
580 77.9087 88.3638
353 77.9319 88.3619
740 77.9559 88.36
318 77.9766 88.3584
135 77.9996 88.3565
666 78.0204 88.3549
158 78.0419 88.3532
481 78.0636 88.3514
473 78.9534 88.2804
813 79.6893 88.2216
159 80.4626 88.1599
685 81.2633 88.0959
818 81.3134 88.0919
322 81.3674 88.0876
889 81.4188 88.0835
928 81.4635 88.08
372 86.0223 83.7175
204 85.6416 83.4468
311 85.3165 83.2158
660 84.9721 82.971
648 84.4875 82.6265
25 84.0548 82.3189
465 80.2291 79.5993
579 80.4493 78.4428
417 80.6343 77.4717
528 80.8434 76.3735
385 81.0255 75.4176
83 81.1804 74.604
837 81.4937 72.9591
450 82.1678 69.4193
198 83.223 63.8772
884 83.4923 62.4632
136 83.6353 61.7124
387 83.7294 61.2179
107 83.8219 60.7324
170 83.9039 60.3021
497 83.9819 59.8923
932 82.8003 58.0021
951 82.0665 56.8282
684 81.4457 55.835
506 80.6695 54.5933
29 79.2106 52.2595
425 78.6517 51.3654
553 78.1213 50.5169
920 77.6263 49.7251
592 77.0975 48.8791
967 76.6225 48.1193
926 76.0804 47.2519
606 75.5827 46.4557
323 75.3842 46.1382
644 75.2009 45.845
357 75.2009 45.845
195 75.2009 45.845
670 75.2009 45.845
70 75.2009 45.845
143 75.2143 44.9944
466 75.2289 44.0736
314 75.2439 43.1304
232 75.9187 41.6576
274 76.7559 39.8305
835 77.5402 38.119
609 78.2317 36.61
745 79.172 34.5579
33 81.0749 30.4052
98 83.0652 26.0616
520 83.1725 25.7625
590 83.5771 24.6337
483 86.1436 17.4741
979 85.9714 17.5449
260 85.809 17.6117
627 85.4656 17.7528
345 85.0323 17.931
243 84.5327 18.1364
