0,483,979,243,345,627,260,98,520,590,33,835,606,143,29,323,190,274,656,592,932,102,466,745,850,967,387,198,609,941,195,942,670,767,334,497,583,425,838,136,242,951,977,920,884,170,107,506,684,110,201,152,852,975,579,332,383,685,159,740,25,311,450,528,204,473,385,889,660,372,983,864,322,893,725,648,417,285,820,494,928,854,666,353,813,742,135,580,823,817,149,845,465,185,544,145,318,251,52,567,620,273,297,158,408,622,880,477,177,851,42,992,464,984,690,62,896,434,866,375,774,165,344,23,367,511,156,541,624,816,618,584,118,202,536,659,245,319,911,737,179,961,882,5,980,313,754,539,642,947,320,952,239,389,416,561,206,856,559,713,448,470,814,516,259,172,215,636,532,181,22,548,343,129,940,437,256,569,874,193,530,746,53,72,309,795,146,271,406,766,265,974,141,305,449,105,763,139,167,954,292,333,786,578,490,885,833,441,757,50,124,649,773,241,918,253,92,672,73,96,806,394,392,550,296,752,610,638,430,409,20,631,697,738,859,44,613,761,428,150,76,223,230,877,960,707,808,456,611,306,557,442,36,13,16,608,714,695,41,231,120,593,28,418,368,696,2,1,399,386,424,871,227,15,521,491,776,753,712,288,651,768,469,115,933,551,153,169,178,301,444,718,953,868,678,213,200,982,249,792,969,447,138,568,628,401,203,699,637,892,247,973,711,719,380,750,462,435,405,236,955,93,316,17,108,304,495,58,988,736,615,39,183,916,547,585,827,905,944,263,364,803,693,106,199,914,360,446,325,890,95,48,90,168,88,825,560,860,830,556,759,433,554,300,326,346,991,607,31,570,457,796,361,726,429,207,75,815,321,240,244,500,948,131,970,879,886,546,780,431,728,130,694,924,665,686,635,487,502,436,266,888,479,272,374,426,184,526,443,99,162,950,339,587,220,799,639,966,784,398,224,381,503,630,400,234,298,552,132,255,445,81,196,589,517,14,667,717,376,734,747,97,657,277,119,482,338,427,3,77,972,451,114,219,925,981,680,849,371,531,565,760,218,772,691,677,939,347,128,990,336,936,527,770,731,312,373,505,542,708,303,122,166,116,805,57,100,352,214,703,157,123,142,723,228,46,10,384,616,212,841,909,958,771,47,283,489,534,863,749,423,154,279,652,403,663,496,222,698,174,463,499,328,341,86,514,572,330,949,87,700,985,898,943,794,74,4,710,133,258,673,836,268,254,348,211,682,588,641,661,474,902,299,187,629,646,61,331,722,643,488,741,362,674,812,402,412,8,455,366,881,963,915,653,518,704,337,669,287,363,111,284,439,573,626,354,899,702,883,351,407,261,824,379,26,834,221,64,934,307,602,191,160,278,822,310,467,246,917,421,787,709,480,486,535,7,692,205,913,829,529,121,65,811,125,869,989,269,148,476,78,797,32,438,679,612,475,543,664,525,549,414,783,758,151,706,687,508,413,688,619,908,391,38,302,545,778,11,182,37,633,324,938,59,397,89,858,748,603,388,655,891,510,599,34,501,267,765,308,957,327,591,56,733,137,382,493,720,645,233,600,422,705,903,571,927,971,846,275,956,640,735,897,701,411,739,192,524,329,901,507,601,79,764,349,60,946,113,658,788,729,756,839,537,730,359,175,878,789,574,80,662,910,163,291,454,689,21,604,390,965,365,189,484,614,596,134,540,252,144,840,226,976,270,404,225,724,563,779,894,248,171,872,294,350,807,919,40,229,800,857,82,562,826,140,632,986,625,782,94,280,564,216,410,802,671,378,335,369,126,513,895,12,9,415,931,395,582,109,575,832,861,755,887,775,937,71,18,317,987,509,112,818,900,420,67,762,478,393,617,173,238,727,605,440,968,468,867,837,769,904,668,208,315,51,515,654,847,801,432,460,962,290,595,340,744,83,481,91,647,650,538,293,68,964,577,921,676,907,461,576,54,683,188,282,923,791,281,597,810,855,558,523,471,342,235,84,453,533,104,715,459,621,30,732,912,798,264,210,472,286,276,49,804,945,101,843,492,922,155,519,161,929,522,370,809,237,180,147,127,623,906,498,452,566,848,876,743,63,644,675,634,926,232,357,70,842,553,396,117,262,85,186,35,485,793,217,197,289,194,356,257,935,790,586,250,555,930,870,377,512,69,716,19,164,314,358,681,27,66,355,781,844,209,862,865,785,594,828,55,45,831,875,458,978,6,873,43,751,853,419,777,819,821,176,598,504,959,103,721,581,295,24,
value : 452.744 running time : 72.326283
0 80 20
483 86.1632 17.4928
979 86.1577 17.5086
243 86.1515 17.5264
345 86.1442 17.5472
627 86.1373 17.5671
260 86.1301 17.5876
98 82.951 26.6915
520 81.5547 30.6895
590 80.8322 32.7583
33 80.0016 35.1368
835 78.5117 39.4028
606 76.3909 45.4754
143 76.4956 46.4906
29 76.602 47.5219
323 76.7134 48.6007
190 76.9846 51.2308
274 77.0126 51.2628
656 77.0399 51.294
592 77.0666 51.3247
932 77.0938 51.3557
102 77.1178 51.3831
466 77.1424 51.4112
745 77.1703 51.4431
850 77.2556 51.5406
967 77.3437 51.6413
387 77.4286 51.7383
198 77.5076 51.8286
609 77.5747 51.9053
941 77.6506 51.9921
195 77.7272 52.0796
942 77.8011 52.164
670 77.8802 52.2544
767 77.9604 52.346
334 80.8994 55.705
497 83.8592 59.0878
583 83.8592 59.0878
425 83.8592 59.0878
838 83.8861 59.3153
136 83.913 59.5435
242 83.9413 59.7833
951 83.9689 60.017
977 84 60.2807
920 84.0284 60.5213
884 84.0828 60.9821
170 84.1428 61.491
107 84.2077 62.0411
506 84.2879 62.7202
684 84.3712 63.4262
110 84.4568 64.152
201 84.5287 64.7616
152 84.6021 65.3835
852 84.7466 66.6109
975 84.9704 68.5121
579 85.2788 71.1318
332 85.3999 72.1601
383 85.5292 73.2585
685 86.0365 77.568
159 86.0735 77.882
740 86.0916 78.0354
25 86.1092 78.1852
311 86.1222 78.2958
450 86.1359 78.4121
528 86.151 78.5401
204 86.1683 78.6876
473 86.1876 78.8509
385 86.2004 78.9601
889 86.2986 79.7943
660 86.3102 79.8922
372 86.3261 80.0276
983 80.9281 88.068
864 80.898 88.1128
322 80.8648 88.1622
893 80.8323 88.2107
725 80.8048 88.2517
648 80.7772 88.2928
417 80.7459 88.3394
285 80.7082 88.3956
820 80.6878 88.4259
494 80.6688 88.4543
928 80.6498 88.4825
854 79.4859 88.5
666 78.5391 88.5142
353 77.6994 88.5268
813 76.9753 88.5377
742 76.3078 88.5477
135 75.6515 88.5576
580 74.2014 88.5793
823 72.7473 88.6011
817 71.5125 88.6197
149 70.6741 88.6323
845 69.8786 88.6442
465 69.1074 88.6558
185 68.3401 88.6673
544 67.7989 88.6755
145 67.2446 88.6838
318 66.6961 88.692
251 66.0915 88.7011
52 65.4124 88.7113
567 64.7185 88.7217
620 64.0815 88.7313
273 63.3707 88.742
297 62.6674 88.7526
158 61.9439 88.7634
408 60.4333 88.7861
622 60.0508 88.7919
880 59.5854 88.7988
477 59.2134 88.8044
177 58.8049 88.8106
851 58.3647 88.8172
42 58.0007 88.8227
992 57.562 88.8292
464 57.0858 88.8364
984 56.4446 88.846
690 55.7374 88.8566
62 55.0574 88.8668
896 54.4401 88.8761
434 53.8061 88.8856
866 53.1862 88.8949
375 52.869 88.8997
774 52.7905 88.9008
165 52.7052 88.9021
344 52.6331 88.9032
23 52.5538 88.9044
367 52.4713 88.9057
511 52.3821 88.907
156 52.2955 88.9083
541 52.2156 88.9095
624 52.1444 88.9106
816 52.0754 88.9116
618 51.9925 88.9129
584 51.9139 88.914
118 51.8294 88.9153
202 51.7404 88.9166
536 51.6397 88.9182
659 51.5475 88.9195
245 51.4647 88.9208
319 51.3775 88.9221
911 51.3045 88.9232
737 51.2076 88.9247
179 51.0965 88.9263
961 50.9901 88.9279
882 50.8909 88.9294
5 50.7865 88.931
980 50.7218 88.932
313 50.6502 88.933
754 50.5739 88.9342
539 50.4875 88.9355
642 50.4175 88.9365
947 50.347 88.9376
320 50.2713 88.9387
952 50.1974 88.9399
239 50.111 88.9412
389 50.0287 88.9424
416 49.9527 88.9435
561 49.8835 88.9446
206 49.8201 88.9455
856 49.7614 88.9464
559 48.1446 88.9707
713 47.0076 88.9878
448 45.867 89.0049
470 45.3119 89.0133
814 45.1842 89.0152
516 45.0485 89.0172
259 44.906 89.0194
172 44.7026 89.0224
215 44.5349 89.025
636 44.3743 89.0274
532 44.1911 89.0301
181 43.9802 89.0333
22 43.7978 89.0361
548 43.6336 89.0385
343 43.486 89.0408
129 43.3262 89.0432
940 43.1759 89.0454
437 42.9872 89.0483
256 42.8049 89.051
569 42.6476 89.0534
874 42.499 89.0556
193 42.3538 89.0578
530 42.1924 89.0602
746 42.0159 89.0629
53 41.8142 89.0659
72 41.6255 89.0688
309 41.4538 89.0713
795 41.2778 89.074
146 41.1213 89.0763
271 40.9683 89.0787
406 40.8365 89.0806
766 40.6676 89.0832
265 40.4981 89.0857
974 40.3439 89.0881
141 40.2059 89.0901
305 40.0799 89.092
449 39.9344 89.0942
105 39.7914 89.0964
763 38.0732 89.1222
139 36.203 89.1503
167 34.1226 89.1815
954 32.3044 89.2088
292 31.0549 89.2276
333 29.5718 89.2499
786 29.5718 89.2499
578 29.5718 89.2499
490 29.5717 89.2499
885 29.5717 89.2499
833 29.5717 89.2499
441 29.5717 89.2499
757 29.5716 89.2499
50 29.5716 89.2499
124 29.5716 89.2499
649 29.5716 89.2499
773 29.5387 89.2508
241 29.5071 89.2517
918 29.4711 89.2527
253 29.4354 89.2537
92 29.402 89.2547
672 29.3664 89.2557
73 29.3308 89.2567
96 29.2963 89.2577
806 29.2613 89.2587
394 29.2282 89.2596
392 29.1907 89.2607
550 29.1468 89.2619
296 29.1147 89.2629
752 29.0865 89.2637
610 29.0111 89.2658
638 28.9428 89.2678
430 28.8723 89.2698
409 28.8043 89.2717
20 28.7399 89.2736
631 28.6731 89.2755
697 28.6083 89.2773
738 28.5532 89.2789
859 28.3761 89.284
44 28.2145 89.2886
613 28.077 89.2925
761 27.8999 89.2976
428 27.7419 89.3021
150 27.5812 89.3067
76 27.4171 89.3114
223 27.2668 89.3156
230 27.1066 89.3202
877 26.9244 89.3254
960 26.6906 89.3321
707 26.4184 89.3399
808 26.0876 89.3493
456 25.7224 89.3598
611 25.4148 89.3686
306 25.0859 89.378
557 24.7499 89.3876
442 24.613 89.3915
36 24.4986 89.3948
13 24.373 89.3983
16 24.271 89.4012
608 24.1392 89.405
714 24.0132 89.4086
695 23.8928 89.412
41 23.7856 89.4151
231 23.6764 89.4182
120 23.5405 89.4221
593 23.3901 89.4264
28 23.2592 89.4301
418 23.1238 89.434
368 22.9807 89.4381
696 22.8462 89.4419
2 22.7092 89.4458
1 20.4385 89.5112
399 20.1874 89.5184
386 19.9696 89.5246
424 19.7783 89.5301
871 19.5718 89.5359
227 19.3565 89.5421
15 19.1449 89.5481
521 18.9421 89.5539
491 18.7142 89.5604
776 18.4719 89.5673
753 18.2417 89.5738
712 18.0106 89.5804
288 17.7871 89.5868
651 17.5522 89.5935
768 17.304 89.6006
469 16.6733 89.6186
115 15.9812 89.6384
933 15.3053 89.6577
551 14.6116 89.6776
153 13.2541 89.7549
169 12.1032 89.8205
178 11.2039 89.8717
301 11.0884 89.8783
444 10.9699 89.885
718 10.8541 89.8916
953 10.7361 89.8983
868 10.6238 89.9047
678 10.5151 89.9109
213 10.4096 89.9169
200 10.4077 89.917
982 10.4059 89.9171
249 10.404 89.9172
792 10.4014 89.9174
969 10.399 89.9175
447 10.3968 89.9176
138 10.3947 89.9178
568 10.3925 89.9179
628 10.3904 89.918
401 10.3881 89.9181
203 10.386 89.9183
699 10.3839 89.9184
637 10.3816 89.9185
892 10.3794 89.9186
247 10.3771 89.9188
973 10.3748 89.9189
711 10.3722 89.9191
719 10.3698 89.9192
380 10.3675 89.9193
750 10.3653 89.9195
462 10.3633 89.9196
435 10.3608 89.9197
405 10.3585 89.9199
236 10.3565 89.92
955 10.3546 89.9201
93 10.3525 89.9202
316 10.3502 89.9203
17 10.3479 89.9205
108 10.3454 89.9206
304 10.3431 89.9207
495 10.341 89.9209
58 10.3387 89.921
988 10.3356 89.9212
736 10.3643 89.6385
615 10.392 89.3664
39 10.4131 89.1583
183 10.4376 88.9171
916 10.4629 88.668
547 10.4855 88.4456
585 10.5078 88.2261
827 10.5337 87.9708
905 10.5676 87.6369
944 10.5975 87.3432
263 10.6207 87.1149
364 10.6443 86.8825
803 10.6683 86.6457
693 10.6926 86.4067
106 10.7169 86.1671
199 10.7474 85.8663
914 10.7799 85.5473
360 10.814 85.2112
446 10.8458 84.8981
325 10.8805 84.5572
890 10.914 84.2273
95 10.9432 83.94
48 10.9749 83.6283
90 11.0066 83.3165
168 11.0367 83.0201
88 11.0645 82.7462
825 11.0933 82.4628
560 11.1205 82.1955
860 11.1474 81.9306
830 11.1729 81.6792
556 11.199 81.4222
759 11.2233 81.183
433 11.2491 80.9283
554 11.2743 80.6806
300 11.2995 80.432
326 11.3501 79.9352
346 11.3993 79.4514
991 11.4464 78.988
607 11.4929 78.5306
31 11.5181 78.2823
570 11.5458 78.01
457 11.5753 77.7196
796 11.6042 77.4348
361 11.6335 77.1469
726 11.6616 76.8706
429 11.6899 76.5917
207 11.7166 76.329
75 11.7649 76.2266
815 11.8216 76.1068
321 11.8921 75.9574
240 11.9611 75.8115
244 12.0416 75.6409
500 12.1201 75.4748
948 12.193 75.3205
131 12.2674 75.1628
970 12.2809 75.1342
879 12.2931 75.1085
886 12.304 75.0855
546 12.3154 75.0614
780 12.3293 75.0319
431 12.3442 75.0004
728 12.3587 74.9697
130 12.377 74.9308
694 12.3906 74.902
924 12.406 74.8695
665 12.4191 74.8418
686 12.4323 74.8137
635 12.446 74.7848
487 12.4589 74.7574
502 12.4727 74.7283
436 12.4849 74.7024
266 12.5014 74.6674
888 12.5083 74.653
479 12.5144 74.6399
272 12.5206 74.6269
374 12.5261 74.6153
426 12.5322 74.6024
184 12.8273 73.9775
526 13.1426 73.3095
443 13.3756 72.816
99 13.6154 72.3084
162 13.8336 71.8463
950 14.0565 71.3744
339 14.2717 70.9186
587 14.512 70.4098
220 13.8077 69.9656
799 13.018 69.4673
639 12.4657 69.119
966 11.9978 68.824
784 11.8424 68.7261
398 11.6893 68.6297
224 11.5131 68.5187
381 11.5129 68.3331
503 11.5128 68.1414
630 11.5126 67.9475
400 11.5124 67.7648
234 11.5122 67.5787
298 11.512 67.4043
552 11.5118 67.1835
132 11.5116 66.9736
255 11.5114 66.7756
445 11.5112 66.5737
81 11.5109 66.3523
196 11.5107 66.1385
589 11.5105 65.9391
517 11.5103 65.7477
14 11.5102 65.5488
667 11.51 65.347
717 11.5097 65.119
376 11.5095 64.8865
734 11.5092 64.6614
747 11.509 64.4306
97 11.5088 64.2075
657 11.5086 63.9855
277 11.5083 63.7199
119 11.508 63.4476
482 11.5077 63.1729
338 11.5074 62.9011
427 11.5071 62.623
3 11.5067 62.3262
77 11.5063 62.0305
972 11.5059 61.7051
451 11.5056 61.3998
114 11.5052 61.1085
219 11.5049 60.8152
925 11.5045 60.5095
981 11.5042 60.201
680 11.5039 59.9092
849 11.5035 59.5949
371 11.5035 59.5948
531 11.5035 59.5948
565 11.5035 59.5948
760 11.5035 59.5948
218 11.5035 59.5948
772 11.5035 59.5948
691 11.5035 59.5948
677 11.5035 59.5948
939 11.5035 59.5948
347 11.5417 58.3372
128 11.7123 52.7191
990 11.718 52.5332
336 11.7187 52.5073
936 11.7197 52.4773
527 11.7206 52.447
770 11.7216 52.4126
731 11.7225 52.3825
312 11.7234 52.355
373 11.7241 52.3305
505 11.7249 52.3055
542 11.7256 52.2798
708 11.7264 52.2544
303 11.7272 52.2276
122 11.7281 52.2003
166 11.7361 51.9352
116 11.7446 51.6524
805 11.7521 51.4069
57 11.7599 51.1472
100 11.7675 50.8969
352 11.7751 50.6441
214 11.7827 50.3942
703 11.7905 50.1381
157 11.8201 49.1594
123 11.8479 48.2418
142 11.8747 47.3543
723 11.9051 46.3506
228 11.9108 46.1609
46 11.9164 45.9773
10 11.9217 45.7999
384 11.9266 45.6408
616 11.9312 45.4861
212 11.9358 45.3349
841 11.9401 45.1916
909 11.9448 45.0363
958 11.9501 44.8611
771 11.9546 44.7142
47 11.959 44.5681
283 11.9646 44.382
489 11.9691 44.2324
534 11.9743 44.0626
863 11.9798 43.8803
749 11.9846 43.7206
423 11.9899 43.5459
154 11.9946 43.3897
279 11.9994 43.2326
652 12.0053 43.0349
403 12.0112 42.8405
663 12.0175 42.6329
496 12.0233 42.4393
222 12.0291 42.2477
698 12.0353 42.0449
174 12.0461 41.686
463 12.0574 41.3124
499 12.0695 40.9129
328 12.0881 40.2954
341 12.1315 38.9705
86 12.2271 36.0619
514 12.2322 35.9071
572 12.2365 35.7755
330 12.24 35.6661
949 12.244 35.5456
87 12.2855 34.2766
700 12.327 33.0099
985 12.3767 31.4926
898 12.4311 29.8331
943 12.4522 29.2244
794 12.4737 28.6057
74 12.4946 28.0054
4 12.5149 27.4202
710 12.5354 26.8297
133 12.5561 26.2339
258 12.5777 25.6124
673 12.5991 24.9989
836 12.6202 24.3894
268 12.6425 23.7487
254 12.6663 23.0666
348 12.6857 22.508
211 12.7036 21.9929
682 12.7187 21.5567
588 12.7327 21.1532
641 12.7459 20.7701
661 12.7601 20.3607
474 12.7748 19.9365
902 12.7899 19.5009
299 12.8054 19.0514
187 12.8237 18.5257
629 12.8477 17.8378
646 12.8665 17.2977
61 12.8844 16.7839
331 12.9021 16.2739
722 12.9228 15.6827
643 12.9269 15.5608
488 12.932 15.4151
741 12.9363 15.2891
362 12.9411 15.1509
674 12.9459 15.01
812 12.9508 14.8684
402 12.9508 14.8684
412 12.9508 14.8684
8 12.9508 14.8684
455 12.9508 14.8684
366 12.9508 14.8684
881 12.9508 14.8684
963 12.9508 14.8684
915 24.0799 14.3707
653 33.3729 13.955
518 33.5605 13.9467
704 33.48 14.6383
337 33.4036 15.2942
669 33.3358 15.8769
287 33.2571 16.5525
363 33.1685 17.313
111 33.072 18.1417
284 32.983 18.9059
439 32.9015 19.6052
573 32.824 20.2715
626 32.7377 21.0122
354 32.652 21.7475
899 32.5823 22.3469
702 32.5823 22.3469
883 32.5823 22.3469
351 32.5823 22.3469
407 32.5823 22.3469
261 32.5736 22.7518
824 32.5657 23.1216
379 32.5585 23.4583
26 32.5519 23.7684
834 32.5443 24.1231
221 32.5376 24.4357
64 32.5315 24.7217
934 32.5247 25.0368
307 32.5179 25.3574
602 32.5107 25.6912
191 32.5039 26.0095
160 32.4978 26.2929
278 32.4919 26.5709
822 32.4865 26.8212
310 32.4809 27.0837
467 32.4638 27.884
246 32.4478 28.631
917 32.369 32.348
421 32.3655 32.5151
787 32.1883 33.1009
709 32.0017 33.7178
480 31.7733 34.4723
486 31.5624 35.1694
535 31.3443 35.89
7 31.1866 36.4114
692 31.033 36.9193
205 30.8826 37.4167
913 30.7282 37.927
829 30.6533 38.1751
529 30.5725 38.4425
121 30.4909 38.7124
65 30.3978 39.0204
811 30.3001 39.3435
125 30.2043 39.6605
869 30.0054 40.3518
989 29.7548 41.2227
269 29.5017 42.1021
148 29.3262 42.7118
476 29.2089 43.1193
78 29.1508 43.3214
797 29.0914 43.5275
32 29.0424 43.6978
438 28.9892 43.8826
679 28.9387 44.0579
612 28.8813 44.2575
475 28.8125 44.4964
543 28.7507 44.7113
664 28.6944 44.9068
525 28.6329 45.1204
549 28.5776 45.3126
414 28.4815 45.6464
783 28.3831 45.9882
758 28.2771 46.3566
151 28.2006 46.6221
706 28.112 46.9302
687 28.0144 47.2691
508 27.9031 47.6557
413 27.7935 48.0367
688 27.6837 48.4179
619 27.5864 48.7561
908 27.4785 49.1308
391 27.3766 49.4851
38 27.2827 49.8111
302 27.1712 50.1984
545 27.0545 50.6039
778 26.9541 50.9528
11 26.8517 51.3084
182 26.7223 51.758
37 26.7251 51.8362
633 26.7283 51.9267
324 26.7314 52.0144
938 26.7342 52.0957
59 26.737 52.1751
397 26.7395 52.244
89 26.7425 52.3277
858 26.7451 52.4017
748 26.7477 52.476
603 26.7507 52.5617
388 26.7535 52.6382
655 26.7566 52.7272
891 26.8022 54.0237
510 26.8474 55.3098
599 26.892 56.5757
34 26.9289 57.6231
501 26.9643 58.6306
267 26.9884 59.313
765 27.0139 60.0346
308 27.0263 60.3876
957 27.0374 60.7005
327 27.0493 61.0375
591 27.0603 61.3492
56 27.0692 61.6003
733 26.9338 61.7159
137 26.8074 61.8237
382 26.6742 61.9374
493 26.548 62.0451
720 26.4066 62.1658
645 26.2733 62.2795
233 26.1266 62.4047
600 25.9808 62.5291
422 25.8621 62.6304
705 25.7434 62.7317
903 25.6227 62.8347
571 25.4973 62.9418
927 25.3644 63.0552
971 25.2398 63.1615
846 25.1167 63.2665
275 24.9937 63.3715
956 24.8824 63.4664
640 24.7693 63.5629
735 24.639 63.6741
897 24.5005 63.7924
701 24.3599 63.9124
411 24.2368 64.0174
739 24.1134 64.1227
192 23.9999 64.2196
524 24.2529 64.4562
329 24.5148 64.7012
901 24.7851 64.9541
507 25.0447 65.197
601 25.3071 65.4424
79 25.5686 65.687
764 25.8323 65.9336
349 26.6933 66.7396
60 27.5917 67.5805
946 27.5917 67.5805
113 27.5917 67.5805
658 27.8102 67.7005
788 28.0033 67.8066
729 28.2024 67.9159
756 28.4261 68.0388
839 28.7724 68.229
537 29.1028 68.4105
730 29.4415 68.5965
359 29.7627 68.7729
175 30.0914 68.9535
878 30.3801 69.112
789 30.6553 69.2632
574 30.9631 69.4323
80 31.2991 69.6168
662 31.5788 69.7704
910 31.8426 69.9153
163 32.0928 70.0528
291 32.3245 70.18
454 32.555 70.3067
689 32.7928 70.4373
21 33.021 70.5627
604 33.2517 70.6894
390 33.4844 70.8172
965 33.7469 70.9614
365 34.0682 71.1379
189 34.3952 71.3174
484 34.6838 71.4759
614 34.884 71.5859
596 35.0724 71.6894
134 35.2892 71.8084
540 35.4839 71.9154
252 35.6663 72.0156
144 35.8641 72.1242
840 36.0456 72.2239
226 36.2116 72.3151
976 36.3855 72.4106
270 36.5504 72.5012
404 36.7172 72.5929
225 36.8975 72.6919
724 37.0795 72.7918
563 37.2755 72.8995
779 37.4008 72.9683
894 37.532 73.0404
248 37.6612 73.1113
171 37.7659 73.1688
872 37.8794 73.2312
294 38.018 73.3073
350 38.1415 73.3751
807 38.2691 73.4452
919 38.3974 73.5157
40 49.5797 76.9594
229 49.8509 76.5069
800 50.1058 76.0816
857 50.3379 75.6944
82 50.5448 75.3492
562 50.7861 74.9466
826 51.0537 74.5001
140 51.3455 74.0133
632 51.7221 73.3849
986 52.0794 72.7888
625 52.4385 72.1896
782 52.4385 72.1896
94 52.4385 72.1896
280 52.4385 72.1896
564 52.4385 72.1896
216 52.4385 72.1896
410 52.4385 72.1896
802 52.9121 72.447
671 53.4121 72.7188
378 53.8427 72.9528
335 54.0285 73.0538
369 54.209 73.1519
126 54.3677 73.2381
513 54.5351 73.3291
895 54.7363 73.4385
12 54.9562 73.558
9 55.1439 73.66
415 55.3374 73.7652
931 55.4069 73.7598
395 55.4668 73.7552
582 55.5205 73.751
109 55.5779 73.7466
575 55.6367 73.742
832 55.6941 73.7376
861 55.7462 73.7336
755 55.804 73.7291
887 58.0192 73.5569
775 63.5226 73.1286
937 63.5926 73.1232
71 63.6571 73.1182
18 63.717 73.1136
317 63.7773 73.1089
987 63.8361 73.1043
509 63.9002 73.0994
112 63.966 73.0943
818 64.048 73.0879
900 63.3925 71.7462
420 62.6983 70.3249
67 62.6983 70.3249
762 62.6983 70.3249
478 62.6983 70.3249
393 62.6983 70.3249
617 62.6983 70.3249
173 62.6983 70.3249
238 62.6983 70.3249
727 62.6983 70.3249
605 62.6983 70.3249
440 62.6983 70.3249
968 62.6983 70.3249
468 62.6983 70.3249
867 62.6983 70.3249
837 62.6983 70.3249
769 62.6983 70.3249
904 62.6983 70.3249
668 62.6983 70.3249
208 62.6983 70.3249
315 62.6983 70.3249
51 62.6983 70.3249
515 62.6983 70.3249
654 62.6983 70.3249
847 62.6983 70.3249
801 62.6983 70.3249
432 62.6983 70.3249
460 62.6983 70.3249
962 62.6983 70.3249
290 62.6983 70.3249
595 62.6983 70.3249
340 62.6983 70.3249
744 62.6983 70.3249
83 62.6983 70.3249
481 62.6983 70.3249
91 61.6489 69.4772
647 61.1354 69.0621
650 60.6538 68.6728
538 60.1344 68.2531
293 59.6964 67.8991
68 59.3384 67.6096
964 58.9643 67.3072
577 58.6079 67.0191
921 58.3603 66.8189
676 54.7428 63.8494
907 52.8049 62.2595
461 50.0953 60.0357
576 50.0219 59.9756
54 49.9535 59.9196
683 49.8939 59.8707
188 49.8377 59.8246
282 49.7763 59.7744
923 49.7079 59.7183
791 49.6454 59.6671
281 49.5748 59.6092
597 49.512 59.5577
810 49.4555 59.5114
855 49.3909 59.4585
558 49.3185 59.3991
523 49.2472 59.3407
471 49.1384 59.2515
342 49.0373 59.1686
235 48.9473 59.0949
84 48.8522 59.0169
453 48.742 58.9266
533 48.6186 58.8254
104 48.5115 58.7376
715 48.5115 58.7376
459 48.002 57.8575
621 47.4018 56.8207
30 46.8207 55.8169
732 46.383 55.061
912 45.9203 54.2618
798 45.8974 54.2222
264 45.8718 54.1782
210 45.846 54.1336
472 45.8217 54.0919
286 45.7981 54.0511
276 45.77 54.0028
49 45.7433 53.9567
804 45.7167 53.9109
945 45.6881 53.8616
101 45.6601 53.8132
843 45.6304 53.7621
492 45.6005 53.7106
922 45.5699 53.6578
155 45.5407 53.6076
519 45.5148 53.5628
161 45.4864 53.5139
929 45.4509 53.4528
522 45.4293 53.4156
370 45.4086 53.3798
809 45.388 53.3443
237 45.3679 53.3096
180 45.3484 53.2761
147 45.3291 53.2428
127 45.4907 53.0922
623 45.6537 52.9403
906 45.7976 52.8063
498 45.7976 52.8063
452 45.7976 52.8063
566 45.7976 52.8063
848 45.7976 52.8063
876 45.7976 52.8063
743 47.0377 52.5268
63 51.9886 50.8402
644 55.7672 49.5529
675 57.4249 48.9883
634 58.3217 48.6829
926 59.0538 48.4336
232 59.6874 48.2179
357 59.8487 48.163
70 60.0075 48.1089
842 60.1716 48.053
553 60.3344 47.9976
396 60.2509 47.911
117 60.165 47.8219
262 60.0787 47.7325
85 59.9985 47.6493
186 59.9151 47.5628
35 59.834 47.4787
485 59.5732 47.2082
793 59.2601 46.8835
217 56.2019 43.7127
197 52.9134 40.303
289 50.4721 37.7719
194 50.4551 38.1026
356 50.4574 38.1023
257 50.46 38.102
935 50.4626 38.1017
790 50.4651 38.1014
586 50.4679 38.1011
250 50.5098 38.096
555 50.5491 38.0913
930 50.5818 38.0874
870 50.6126 38.0837
377 50.6454 38.0798
512 50.6717 38.0766
69 50.9 38.0493
716 51.1177 38.0232
19 51.3318 37.9975
164 51.5531 37.971
314 51.8121 37.94
358 51.7954 37.9298
681 51.7763 37.9182
27 51.7585 37.9074
66 51.7401 37.8963
355 51.7232 37.886
781 51.7056 37.8753
844 51.685 37.8628
209 51.6657 37.8511
862 51.647 37.8398
865 51.6692 37.7461
785 51.6887 37.6641
594 51.7061 37.5902
828 51.7277 37.499
55 51.7486 37.4109
45 51.7662 37.3368
831 51.3506 35.4188
875 51.3506 35.4188
458 51.3506 35.4188
978 51.3506 35.4188
6 51.3506 35.4188
873 51.3506 35.4188
43 51.3506 35.4188
751 51.3506 35.4188
853 51.3506 35.4188
419 55.3049 30.2981
777 59.2007 25.2514
819 60.1416 24.0317
821 61.0516 22.852
176 62.8131 20.5693
598 63.7 19.4194
504 64.5899 18.2658
959 65.4831 17.1078
103 66.7218 15.5022
721 68.2039 16.0045
581 69.5588 16.4637
295 71.3807 17.081
24 73.9456 17.9499
