0,103,24,176,598,959,295,581,504,721,777,209,819,19,644,43,358,978,458,355,831,930,45,821,828,377,6,27,55,634,555,785,844,781,716,623,472,323,870,675,143,606,926,357,232,466,625,102,217,396,519,906,262,594,810,512,237,848,945,276,843,63,197,492,66,875,155,69,180,522,935,264,676,342,410,922,732,281,471,175,324,194,756,778,127,876,210,891,510,603,30,459,461,163,576,688,929,104,689,901,493,365,359,957,765,597,54,533,404,291,308,101,558,286,791,484,596,804,683,235,225,56,715,84,968,370,186,188,134,621,498,923,282,809,85,769,453,857,173,112,894,907,762,468,109,743,855,161,986,798,216,577,515,904,900,340,485,440,68,668,393,238,35,793,293,975,650,942,595,538,152,837,656,579,962,964,478,647,420,987,867,383,432,832,67,727,654,315,51,937,317,481,332,83,159,775,744,509,18,290,110,385,605,208,71,259,369,460,931,9,847,802,513,561,406,530,636,280,179,395,895,800,575,62,614,632,82,582,826,782,861,562,564,193,671,921,523,617,248,976,779,294,649,350,94,2,171,80,910,144,563,126,91,172,795,76,840,167,918,253,806,241,807,965,189,296,99,730,540,872,252,878,724,789,270,574,454,226,662,950,757,223,60,333,382,479,635,924,552,339,526,21,927,571,390,846,701,897,501,733,839,591,788,912,645,903,735,507,34,545,233,79,89,137,349,729,705,758,279,956,59,772,640,267,403,37,566,49,783,302,413,147,508,619,269,525,125,913,543,205,655,535,38,388,391,475,985,633,771,602,121,549,65,397,438,354,748,151,679,664,11,723,899,869,829,529,414,687,706,824,612,989,160,811,692,853,191,709,278,379,902,915,310,337,7,486,221,787,865,883,790,421,480,356,862,452,586,257,917,681,873,751,419,467,164,289,934,250,518,287,653,363,26,111,669,702,407,626,246,643,439,284,822,261,64,307,834,351,704,573,488,8,474,661,943,348,211,588,682,641,362,299,254,646,812,187,366,881,963,722,629,741,412,268,455,331,61,836,402,674,74,898,710,133,258,673,86,514,572,794,4,328,123,499,663,858,698,496,330,731,87,958,212,616,384,10,46,228,908,423,749,863,949,990,534,972,78,148,182,32,476,142,797,283,700,312,373,128,770,505,174,222,841,936,47,100,542,157,451,708,652,341,463,166,218,116,376,57,422,691,925,489,154,703,352,234,81,784,531,805,849,122,336,909,214,527,677,97,764,938,601,196,132,429,303,482,502,131,630,192,589,565,747,939,717,371,347,327,720,665,739,587,114,658,600,184,119,537,326,524,971,3,946,599,277,860,400,970,556,113,411,503,338,680,948,48,825,329,272,639,130,879,275,760,361,77,981,517,255,381,734,546,966,667,694,14,298,398,607,219,686,162,203,799,487,88,95,759,944,892,728,31,570,427,457,657,445,207,224,90,58,726,888,551,443,815,266,578,360,220,792,199,693,364,568,108,346,374,780,426,500,615,301,50,178,75,914,796,433,830,719,969,554,547,300,431,695,240,560,436,905,699,316,736,263,628,890,444,168,991,321,325,401,718,678,557,637,982,803,169,868,39,435,93,236,711,405,153,17,988,973,200,827,399,304,138,953,446,247,386,585,380,750,213,442,833,447,886,916,933,227,424,249,712,183,469,288,1,15,955,244,495,106,768,409,430,115,13,462,871,491,776,456,593,44,753,490,41,885,441,550,714,521,697,548,960,611,696,808,610,36,20,761,368,28,631,73,150,256,470,306,638,651,919,859,707,124,418,954,604,608,428,392,230,16,773,72,516,165,375,239,53,22,305,139,752,672,96,786,738,120,389,877,319,814,437,559,448,569,181,766,974,866,874,940,713,309,146,129,539,156,511,92,763,961,141,271,265,613,416,394,754,343,231,292,215,755,12,206,774,690,5,434,23,320,737,449,177,624,618,746,541,105,532,642,229,140,659,851,911,584,992,896,882,344,202,378,297,477,816,567,145,980,185,335,118,273,984,856,313,367,952,40,536,408,42,880,947,801,415,245,887,580,52,823,465,813,149,854,893,464,285,845,817,158,864,494,622,544,620,251,135,740,473,742,983,818,889,666,820,353,318,928,322,648,417,372,204,685,660,25,528,450,311,725,497,838,170,977,884,107,506,684,198,117,136,334,583,201,670,842,387,425,932,967,242,592,920,29,190,951,941,850,553,70,852,314,767,745,274,609,195,590,520,33,835,98,243,260,627,979,345,483,
value : 510.035 running time : 45.237905
0 80 20
103 67.8823 15.0852
24 67.6376 15.676
176 67.4326 16.171
598 67.1996 16.7334
959 66.9873 17.246
295 66.8108 17.6721
581 66.6417 18.0803
504 66.4737 18.486
721 66.3131 18.8737
777 64.9692 22.1183
209 60.319 33.3446
819 60.2172 33.7879
19 60.0474 34.5271
644 59.9024 35.1588
43 59.8709 35.2959
358 59.8413 35.4248
978 59.8105 35.559
458 59.7818 35.6836
355 59.753 35.8092
831 59.7242 35.9345
930 59.6905 36.0815
45 59.6609 36.2103
821 59.6322 36.3354
828 59.6015 36.4692
377 59.5703 36.6047
6 59.5417 36.7293
27 59.5095 36.8697
55 59.4773 37.0097
634 59.442 37.1635
555 59.411 37.2986
785 59.2455 38.0191
844 59.0119 39.0365
781 58.8172 39.8842
716 58.5461 41.065
623 58.3056 42.112
472 58.129 42.8811
323 58.7815 43.2227
870 59.1112 43.3952
675 59.5252 43.612
143 59.9213 43.8193
606 60.2678 44.0007
926 60.6098 44.1797
357 60.9131 44.3384
232 61.2231 44.5007
466 61.5026 44.6471
625 58.547 49.0166
102 58.547 49.0166
217 58.0567 48.9631
396 57.6184 48.9152
519 57.1544 48.8645
906 56.6868 48.8134
262 56.2777 48.7687
594 55.8639 48.7234
810 55.4672 48.6801
512 52.2887 48.333
237 48.0683 47.8719
848 48.0683 47.8719
945 48.0683 47.8719
276 48.0683 47.8719
843 48.0683 47.8719
63 48.0683 47.8719
197 48.0683 47.8719
492 48.0683 47.8719
66 48.0683 47.8719
875 48.0683 47.8719
155 48.0683 47.8719
69 48.0683 47.8719
180 48.0683 47.8719
522 48.0683 47.8719
935 48.0683 47.8719
264 44.3518 50.7932
676 41.4394 53.0822
342 40.7147 53.6517
410 39.8688 54.3165
922 39.2561 54.798
732 38.6725 55.2566
281 38.0974 55.7085
471 37.4541 56.2141
175 36.7777 56.7457
324 36.1809 57.2146
194 36.1809 57.2146
756 36.2249 57.4173
778 36.2688 57.62
127 36.316 57.8374
876 36.3607 58.0436
210 36.4145 58.2918
891 36.4657 58.5282
510 36.519 58.774
603 36.5767 59.0399
30 36.6427 59.3442
459 36.7068 59.6401
461 36.7605 59.8878
163 36.8248 60.1842
576 36.8763 60.4218
688 36.9249 60.6458
929 37.1864 61.8522
104 37.4998 63.2973
689 37.8269 64.806
901 37.8269 64.806
493 38.1658 64.815
365 38.528 64.8246
359 38.871 64.8336
957 39.2309 64.8432
765 39.9146 64.8612
597 40.5931 64.8792
54 41.1541 64.894
533 41.7282 64.9092
404 42.3316 64.9251
291 42.9601 64.9418
308 43.6358 64.9596
101 44.5076 64.9827
558 45.2965 65.0035
286 46.0771 65.0241
791 46.1613 65.0264
484 46.2376 65.0284
596 46.3127 65.0304
804 46.3995 65.0327
683 46.4875 65.035
235 46.5779 65.0374
225 46.6599 65.0396
56 46.7434 65.0418
715 46.837 65.0443
84 46.9401 65.047
968 47.026 65.0493
370 47.1062 65.0514
186 47.8302 65.0705
188 48.0353 65.0759
134 48.0353 65.0759
621 48.0353 65.0759
498 48.0353 65.0759
923 48.0353 65.0759
282 48.0353 65.0759
809 48.0353 65.0759
85 51.717 65.3251
769 52.0934 65.3506
453 52.4647 65.3757
857 52.8396 65.401
173 53.2368 65.4278
112 53.517 65.4468
894 53.794 65.4655
907 54.2666 65.4974
762 54.6562 65.5238
468 55.0354 65.5494
109 55.4208 65.5754
743 55.8137 65.602
855 56.2271 65.6299
161 56.6748 65.6602
986 57.1226 65.6905
798 57.6554 65.7265
216 58.2841 65.769
577 59.0205 65.8187
515 59.8723 65.8763
904 60.7349 65.9347
900 61.5105 65.9871
340 61.5105 65.9871
485 61.5105 65.9871
440 61.5105 65.9871
68 61.5105 65.9871
668 61.5105 65.9871
393 61.5105 65.9871
238 61.5105 65.9871
35 61.5105 65.9871
793 61.5105 65.9871
293 61.9339 66.3122
975 62.4484 66.7071
650 62.5164 66.7593
942 62.5816 66.8093
595 62.6493 66.8613
538 62.7151 66.9118
152 62.7943 66.9726
837 62.8635 67.0257
656 62.9235 67.0718
579 63.8075 67.999
962 64.1283 68.3355
964 64.4124 68.6336
478 64.8171 69.0581
647 65.253 69.5153
420 65.7676 70.0551
987 66.388 70.7058
867 67.0702 71.4214
383 67.7317 72.1153
432 67.762 72.147
832 67.9032 72.2952
67 68.0555 72.4549
727 68.2144 72.6216
654 68.37 72.7848
315 68.5184 72.9405
51 68.7795 73.2144
937 69.0302 73.4773
317 69.2478 73.7056
481 69.5915 73.9607
332 69.9316 74.2131
83 69.479 75.3465
159 69.045 76.433
775 69.0317 76.4368
744 69.0183 76.4408
509 69.0045 76.4448
18 68.9918 76.4485
290 68.9798 76.452
110 68.9678 76.4555
385 68.955 76.4592
605 64.689 77.7043
208 63.1455 78.1548
71 62.3026 78.4009
259 60.9336 78.8004
369 60.0366 79.0623
460 59.2546 79.2905
931 58.3885 79.5433
9 57.4673 79.8121
847 56.5373 80.0836
802 55.1276 80.4951
513 54.006 80.8224
561 53.1049 81.0854
406 53.1049 81.0854
530 53.1049 81.0854
636 53.1049 81.0854
280 53.1049 81.0854
179 53.1049 81.0854
395 53.1049 81.0854
895 53.1049 81.0854
800 53.1049 81.0854
575 53.1049 81.0854
62 53.1049 81.0854
614 50.0441 78.8784
632 49.9624 78.8194
82 49.8777 78.7584
582 49.7977 78.7007
826 49.7141 78.6404
782 49.632 78.5812
861 49.5484 78.521
562 49.458 78.4557
564 49.3713 78.3932
193 49.2862 78.3318
671 49.2052 78.2734
921 49.1147 78.2082
523 49.0208 78.1405
617 48.9516 78.0906
248 47.9774 78.0829
976 47.0282 78.0754
779 46.2506 78.0692
294 45.5466 78.0637
649 44.8481 78.0581
350 44.2575 78.0535
94 43.7022 78.0491
2 42.8572 78.0424
171 42.5237 78.0397
80 42.1976 78.0372
910 41.8734 78.0346
144 41.5786 78.0323
563 41.286 78.0299
126 40.9683 78.0274
91 40.5906 78.0244
172 37.6706 78.0013
795 35.489 77.9841
76 33.9778 77.1114
840 33.9778 77.1114
167 33.9778 77.1114
918 33.9778 77.1113
253 33.8139 76.9361
806 33.6394 76.7497
241 33.469 76.5675
807 33.2683 76.3528
965 33.0249 76.0926
189 32.8779 75.9356
296 32.712 75.7582
99 32.5351 75.569
730 32.3957 75.42
540 32.2606 75.2755
872 32.1044 75.1086
252 31.9503 74.9439
878 31.7899 74.7724
724 31.6384 74.6104
789 31.4751 74.4358
270 31.328 74.2786
574 31.1632 74.1024
454 31.014 73.9429
226 30.8652 73.7839
662 30.702 73.6094
950 30.5274 73.4227
757 30.3771 73.2621
223 30.2241 73.0985
60 30.0559 72.9187
333 29.879 72.7296
382 29.6986 72.5366
479 29.6978 72.5358
635 29.697 72.5349
924 29.6961 72.534
552 29.6953 72.5331
339 29.6945 72.5323
526 29.6146 71.8053
21 29.536 71.0899
927 29.4617 70.4129
571 29.3891 69.7527
390 29.3142 69.0706
846 29.245 68.4414
701 29.1838 67.8845
897 29.1002 67.1229
501 29.0339 66.5195
733 28.9621 65.8663
839 28.8955 65.2606
591 28.8386 64.7424
788 28.7717 64.1336
912 28.708 63.5536
645 28.648 63.0077
903 28.5868 62.4511
735 28.5214 61.8551
507 28.4605 61.3014
34 28.4006 60.7565
545 28.3407 60.2109
233 28.2867 59.7194
79 28.2344 59.2433
89 28.181 58.7579
137 28.1319 58.3109
349 28.078 57.8205
729 28.0186 57.2796
705 27.9565 56.7142
758 27.8935 56.1406
279 27.8935 56.1406
956 27.8935 56.1406
59 27.8935 56.1406
772 27.8935 56.1406
640 27.9527 54.7539
267 28.0253 53.057
403 28.1249 50.7282
37 28.2012 48.9439
566 28.2619 47.522
49 28.0125 47.2358
783 27.7341 46.9166
302 27.456 46.5976
413 27.1774 46.278
147 26.8981 45.9577
508 26.5691 45.5803
619 26.2373 45.1997
269 25.8926 44.8044
525 25.4672 44.3165
125 25.0212 43.8048
913 24.735 43.4766
543 24.3924 43.0836
205 24.0177 42.6539
655 23.7093 42.3001
535 23.4048 41.9509
38 23.0866 41.586
388 22.7209 41.1664
391 22.341 40.7307
475 21.8983 40.223
985 21.4069 39.6594
633 21.4069 39.6594
771 21.8515 39.1881
602 22.4108 38.5951
121 22.6813 38.3085
549 22.9313 38.0434
65 23.1667 37.7938
397 23.4023 37.5441
438 23.6642 37.2664
354 23.961 36.9518
748 24.1832 36.7163
151 24.4212 36.4639
679 24.6533 36.2179
664 24.8749 35.9829
11 25.0973 35.7472
723 25.332 35.4984
899 25.6139 35.1995
869 26.179 35.1863
829 26.7115 35.1739
529 27.3003 35.1601
414 27.8398 35.1475
687 28.3699 35.1351
706 28.8623 35.1236
824 29.2705 35.1141
612 29.7408 35.1031
989 30.3124 35.0898
160 30.335 34.5202
811 30.3542 34.0367
692 30.3745 33.5256
853 30.3998 32.889
191 30.4263 32.2195
709 30.4541 31.52
278 30.477 30.9434
379 30.5012 30.335
902 30.5249 29.7374
915 32.2885 29.5245
310 35.9845 29.0784
337 36.1944 29.2031
7 36.4122 29.3324
486 36.5962 29.4417
221 36.9656 29.661
787 37.5645 30.0167
865 38.2924 30.4489
883 38.6463 30.6591
790 39.2252 31.0028
421 39.714 31.2931
480 40.1645 31.5607
356 40.601 31.8199
862 40.898 31.9962
452 41.1677 32.1564
586 41.3991 31.8196
257 41.6066 31.5175
917 41.8146 31.2148
681 42.1013 30.7973
873 42.115 30.7774
751 42.1282 30.7583
419 41.5637 28.9975
467 41.2566 28.0398
164 40.9435 27.063
289 40.5887 25.9563
934 40.2068 24.7653
250 39.8138 23.5392
518 37.6587 16.8177
287 37.3462 16.9719
653 37.0219 17.1319
363 36.6808 17.3002
26 36.3407 17.4681
111 36.0097 17.6314
669 35.6904 17.789
702 35.3599 17.9521
407 35.2935 17.9848
626 35.2216 18.0203
246 35.1517 18.0548
643 35.0842 18.0882
439 35.0203 18.1197
284 34.9626 18.1482
822 34.9091 18.1745
261 34.8542 18.2017
64 34.7964 18.2301
307 34.7397 18.2582
834 34.6879 18.2837
351 32.6633 18.1648
704 30.7018 18.0496
573 28.3204 17.9098
488 22.3761 17.5606
8 21.9235 17.5341
474 21.4998 17.5092
661 21.0867 17.485
943 20.6925 17.4618
348 18.9647 16.9879
211 17.598 16.6131
588 16.4446 16.2967
682 15.424 16.0168
641 14.6259 15.7978
362 13.4132 15.4652
299 12.4707 15.2067
254 12.4707 15.2067
646 12.4707 15.2067
812 12.4707 15.2067
187 12.464 15.5389
366 12.4601 15.7284
881 12.4565 15.9084
963 12.4522 16.119
722 12.4488 16.2872
629 12.4354 16.9481
741 12.4172 17.8438
412 12.4011 18.638
268 12.3838 19.4921
455 12.3713 20.1092
331 12.3596 20.6878
61 12.3483 21.2439
836 12.3234 22.4713
402 12.3042 23.4193
674 12.2847 24.3815
74 12.2442 26.3795
898 12.2061 28.2589
710 12.1963 28.7436
133 12.1862 29.2415
258 12.1763 29.7273
673 12.1649 30.2924
86 12.1517 30.942
514 12.1397 31.5339
572 12.1277 32.1267
794 12.1141 32.7972
4 12.0928 33.8461
328 11.9822 39.3041
123 11.9688 39.9642
499 11.9558 40.6064
663 11.9462 41.0788
858 11.9361 41.5805
698 11.93 41.8823
496 11.9258 42.0881
330 11.9216 42.2924
731 11.9173 42.5053
87 11.9132 42.7103
958 11.9085 42.9408
212 11.9037 43.1762
616 11.8991 43.4067
384 11.8945 43.6341
10 11.8898 43.8628
46 11.8848 44.1113
228 11.8797 44.3634
908 11.8745 44.6198
423 11.8706 44.8098
749 11.8664 45.017
863 11.8626 45.2052
949 11.8585 45.4072
990 11.8545 45.6046
534 11.8501 45.8209
972 11.8457 46.0371
78 11.8423 46.2086
148 11.8383 46.4033
182 11.8341 46.6093
32 11.8305 46.7897
476 11.8253 47.0465
142 11.8197 47.3201
797 11.8149 47.5593
283 11.8103 47.784
700 11.8049 48.0515
312 11.7982 48.3813
373 11.7911 48.7336
128 11.7845 49.0574
770 11.7777 49.3922
505 11.7699 49.7777
174 11.7627 50.1347
222 11.7556 50.4861
841 11.7482 50.8507
936 11.7405 51.2306
47 11.7329 51.6032
100 11.7255 51.9716
542 11.7181 52.3327
157 11.7106 52.7044
451 11.7012 53.1691
708 11.7012 53.1691
652 11.7012 53.1691
341 11.7012 53.1691
463 11.7012 53.1691
166 11.7012 53.1691
218 11.7012 53.1691
116 11.7012 53.1691
376 11.723 53.4702
57 11.7374 53.6696
422 11.7536 53.8938
691 11.7693 54.1097
925 11.784 54.313
489 11.7978 54.504
154 11.813 54.7142
703 11.8314 54.9674
352 11.8467 55.1796
234 11.8643 55.4227
81 11.8801 55.6406
784 11.8915 55.7982
531 11.9025 55.9507
805 11.9131 56.0961
849 11.9245 56.2545
122 11.9368 56.4244
336 11.9616 56.7671
909 11.9875 57.1243
214 12.0177 57.5412
527 12.0485 57.9674
677 12.0819 58.4276
97 12.1171 58.9144
764 12.1437 59.2822
938 12.1704 59.6507
601 12.2051 60.129
196 12.2316 60.4952
132 12.259 60.8737
429 12.2843 61.2233
303 12.2871 61.2619
482 12.2905 61.3095
502 12.2938 61.3551
131 12.2968 61.3961
630 12.2999 61.4391
192 12.3029 61.4803
589 12.3058 61.5212
565 12.3089 61.5633
747 12.3121 61.6081
939 12.3154 61.6533
717 12.5307 62.0527
371 12.7387 62.4386
347 12.9585 62.8465
327 14.2946 65.3253
720 14.7744 66.2154
665 14.9266 66.4978
739 15.0885 66.7981
587 15.2619 67.1199
114 15.4069 67.3888
658 15.5812 67.7121
600 15.7003 67.9332
184 15.8136 68.1433
119 15.8874 68.2803
537 15.9738 68.4405
326 15.9738 68.4405
524 15.9738 68.4405
971 15.9738 68.4405
3 15.9738 68.4405
946 15.9738 68.4405
599 15.9738 68.4405
277 15.8311 68.696
860 15.6949 68.9399
400 15.58 69.1456
970 15.468 69.3461
556 15.3476 69.5617
113 15.2694 69.7018
411 15.1919 69.8405
503 15.1037 69.9984
338 15.0201 70.1482
680 14.9358 70.2991
948 14.8485 70.4554
48 14.7591 70.6156
825 14.7557 70.5936
329 14.7518 70.5686
272 14.7487 70.5487
639 14.7457 70.5297
130 14.6964 70.2117
879 14.6487 69.9046
275 14.6021 69.6046
760 14.5508 69.2743
361 14.5135 69.0339
77 14.4693 68.7492
981 14.4693 68.7492
517 13.3938 70.1247
255 12.8433 70.8288
381 12.349 71.461
734 12.0902 71.792
546 11.8212 72.136
966 11.6858 72.3092
667 11.6893 72.4756
694 11.6929 72.6459
14 11.6965 72.8183
298 11.7003 73.0022
398 11.7039 73.1722
607 11.7075 73.3452
219 11.7112 73.5208
686 11.7152 73.7125
162 11.7192 73.903
203 11.7233 74.0987
799 11.7267 74.26
487 11.732 74.5121
88 11.7372 74.7597
95 11.7419 74.9844
759 11.7434 75.0561
944 11.7449 75.1254
892 11.7462 75.1863
728 11.7474 75.2426
31 11.7486 75.3014
570 11.7498 75.3591
427 11.7509 75.4136
457 11.7522 75.473
657 11.7534 75.5307
445 11.7546 75.5889
207 11.7559 75.6514
224 11.7576 75.7293
90 11.7592 75.808
58 12.7081 76.6622
726 12.759 76.708
888 12.8101 76.754
551 12.8554 76.7948
443 12.9042 76.8387
815 12.9496 76.8796
266 12.9977 76.9229
578 12.8348 77.7663
360 12.6762 78.587
220 12.5334 79.3261
792 12.3408 80.3227
199 12.1866 81.1212
693 12.1529 81.2956
364 12.1221 81.4549
568 12.0925 81.6081
108 12.0689 81.7304
346 12.0456 81.8508
374 12.0205 81.9805
780 11.9932 82.1218
426 11.9663 82.2611
500 11.941 82.3923
615 11.9113 82.5461
301 11.8805 82.7052
50 11.8539 82.8429
178 11.83 82.9665
75 11.8043 83.0999
914 11.7771 83.2404
796 11.7536 83.3619
433 11.7281 83.4939
830 11.7018 83.6302
719 11.6729 83.7795
969 11.6456 83.9209
554 11.6231 84.0377
547 11.5968 84.1738
300 11.5724 84.2998
431 11.5503 84.4143
695 11.5244 84.5484
240 11.5003 84.6732
560 11.476 84.7988
436 11.4503 84.9321
905 11.4241 85.0672
699 11.3979 85.2033
316 11.3722 85.336
736 11.3469 85.4669
263 11.3222 85.595
628 11.2989 85.7154
890 11.2762 85.8331
444 11.2508 85.9646
168 11.2279 86.0829
991 11.1988 86.2336
321 11.158 86.4445
325 11.1128 86.6786
401 11.0664 86.919
718 11.0228 87.1447
678 10.9786 87.3734
557 10.94 87.5728
637 10.9007 87.7762
982 10.8619 87.9774
803 10.8213 88.1872
169 10.7822 88.3898
868 10.7377 88.6202
39 10.6984 88.8233
435 10.6619 89.0123
93 10.6356 89.1485
236 10.6047 89.3082
711 10.575 89.4619
405 10.547 89.6071
153 10.5208 89.7428
17 10.492 89.8919
988 10.4606 90.054
973 10.4645 90.0535
200 10.468 90.0531
827 10.4716 90.0527
399 10.4754 90.0523
304 10.4788 90.0519
138 10.4822 90.0515
953 10.4857 90.0511
446 10.4893 90.0506
247 10.4929 90.0502
386 10.4963 90.0498
585 10.4995 90.0495
380 10.5029 90.0491
750 10.5064 90.0486
213 10.5099 90.0482
442 11.0233 89.9885
833 11.4936 89.9338
447 11.8405 89.8935
886 12.2717 89.8433
916 12.4967 89.8172
933 12.7161 89.7916
227 12.9302 89.7667
424 13.1407 89.7423
249 13.3235 89.721
712 13.4971 89.7008
183 13.6754 89.6801
469 13.8494 89.6598
288 14.0132 89.6408
1 14.1624 89.6234
15 14.3341 89.6035
955 14.5002 89.5841
244 14.6818 89.563
495 14.8434 89.5442
106 14.9977 89.5263
768 18.4468 89.1251
409 19.1687 89.0412
430 19.6757 88.9822
115 19.9243 88.9533
13 20.1838 88.9231
462 20.4533 88.8918
871 20.7444 88.8579
491 21.0317 88.8245
776 21.3122 88.7919
456 21.6268 88.7553
593 21.9363 88.7193
44 22.2509 88.6827
753 22.5573 88.6471
490 22.8863 88.6088
41 23.1975 88.5726
885 23.4976 88.5377
441 23.7965 88.5029
550 24.1104 88.4664
714 24.4124 88.4313
521 25.1124 88.3499
697 26.1673 88.2272
548 27.2811 88.0976
960 28.1265 87.9993
611 28.1824 87.9701
696 28.2543 87.9326
808 28.3264 87.895
610 28.3959 87.8587
36 28.4666 87.8218
20 28.538 87.7845
761 28.6164 87.7436
368 28.6947 87.7027
28 28.7743 87.6611
631 28.8579 87.6175
73 28.9579 87.5653
150 29.0557 87.5142
256 29.1543 87.4628
470 29.2408 87.4177
306 29.3265 87.3729
638 29.4442 87.3115
651 29.5497 87.2564
919 29.6729 87.1921
859 29.7848 87.1337
707 29.9061 87.0704
124 30.0232 87.0092
418 30.1295 86.9538
954 30.249 86.8914
604 30.3621 86.8323
608 30.7806 86.8998
428 31.5692 87.027
392 32.39 87.1594
230 33.1395 87.2804
16 33.8218 87.3904
773 35.2481 87.6205
72 36.8558 87.8799
516 38.537 88.1511
165 38.6478 88.169
375 38.7538 88.1861
239 38.8538 88.2022
53 38.9473 88.2173
22 39.0431 88.2327
305 39.1473 88.2495
139 39.2364 88.2639
752 39.3447 88.2814
672 39.4522 88.2987
96 39.5702 88.3178
786 39.6987 88.3385
738 39.8493 88.3628
120 39.9908 88.3856
389 40.1599 88.4129
877 40.31 88.4371
319 40.4706 88.463
814 40.62 88.4871
437 40.7591 88.5096
559 40.91 88.5339
448 41.0432 88.5554
569 41.1854 88.5783
181 41.3298 88.6016
766 41.4719 88.6245
974 41.6093 88.6467
866 41.7723 88.673
874 41.9286 88.6982
940 42.0738 88.7216
713 42.2072 88.7432
309 42.3334 88.7635
146 42.4616 88.7842
129 42.6052 88.8074
539 42.7511 88.8309
156 42.902 88.8553
511 43.0435 88.8781
92 43.0717 88.8826
763 43.1072 88.8883
961 43.1408 88.8938
141 43.1408 88.8938
271 43.1408 88.8938
265 43.1408 88.8938
613 43.3895 88.8931
416 43.7212 88.8923
394 44.0525 88.8914
754 44.4309 88.8904
343 44.7091 88.8897
231 44.9725 88.889
292 45.4051 88.8879
215 45.9285 88.8865
755 46.5207 88.8849
12 47.1321 88.8834
206 47.5358 88.8823
774 48.0331 88.881
690 48.4983 88.8798
5 48.8782 88.8788
434 49.3629 88.8775
23 49.7682 88.8765
320 50.039 88.8758
737 50.3293 88.875
449 50.5852 88.8743
177 50.9954 88.8733
624 51.2193 88.8727
618 51.4477 88.8721
746 51.668 88.8715
541 51.8972 88.8709
105 52.145 88.8703
532 52.4182 88.8696
642 52.6975 88.8688
229 53.0141 88.868
140 53.2758 88.8673
659 53.538 88.8666
851 53.8524 88.8658
911 54.1666 88.865
584 54.4569 88.8642
992 54.7357 88.8635
896 54.9759 88.8629
882 55.2224 88.8622
344 55.5193 88.8615
202 55.8356 88.8606
378 56.1544 88.8598
297 56.4487 88.859
477 56.6984 88.8584
816 56.9343 88.8578
567 57.1815 88.8571
145 57.424 88.8565
980 57.6094 88.856
185 57.8225 88.8554
335 58.0206 88.8549
118 58.2334 88.8544
273 58.4563 88.8538
984 58.6598 88.8533
856 58.8553 88.8527
313 59.0532 88.8522
367 59.2566 88.8517
952 59.4637 88.8512
40 59.678 88.8506
536 59.8922 88.85
408 60.1768 88.8493
42 60.5877 88.8482
880 60.9038 88.8474
947 61.2745 88.8464
801 61.7522 88.8452
415 62.1849 88.8441
245 62.7482 88.8426
887 64.2928 88.8386
580 70.1397 88.8233
52 70.377 88.8227
823 70.6196 88.822
465 70.865 88.8214
813 71.1166 88.8207
149 71.3577 88.8201
854 71.6084 88.8195
893 71.8537 88.8188
464 72.0604 88.8183
285 72.2988 88.8177
845 72.5351 88.817
817 72.7779 88.8164
158 73.0663 88.8156
864 73.3545 88.8149
494 73.6377 88.8142
622 73.8885 88.8135
544 74.1765 88.8127
620 74.4851 88.8119
251 75.2162 88.81
135 76.0998 88.8077
740 76.7891 88.8059
473 77.4254 88.8043
742 77.8587 88.8031
983 78.3252 88.8019
818 78.6908 88.801
889 79.1837 88.7997
666 79.1837 88.7997
820 79.1837 88.7997
353 79.1837 88.7997
318 79.1837 88.7997
928 80.2772 88.6935
322 81.5886 86.7837
648 82.9998 84.7286
417 84.3513 82.7604
372 86.383 79.8018
204 86.3612 79.5578
685 86.3426 79.3488
660 86.3201 79.0963
25 86.3002 78.8735
528 86.2735 78.5736
450 86.2491 78.2997
311 86.2263 78.0434
725 86.2031 77.7839
497 84.8547 62.6532
838 84.0644 61.8305
170 83.4341 61.1744
977 82.7829 60.4965
884 82.1342 59.8212
107 81.4947 59.1555
506 80.5584 58.1808
684 79.349 56.9217
198 77.6361 55.1387
117 75.3479 52.7568
136 75.3479 52.7568
334 75.3479 52.7568
583 75.3479 52.7568
201 75.3479 52.7568
670 75.3479 52.7568
842 75.3479 52.7568
387 75.3479 52.7568
425 75.3479 52.7568
932 75.3479 52.7568
967 75.3479 52.7568
242 75.3479 52.7568
592 75.3479 52.7568
920 75.3479 52.7568
29 75.3479 52.7568
190 75.3479 52.7568
951 75.3479 52.7568
941 75.3479 52.7568
850 75.3479 52.7568
553 75.3479 52.7568
70 75.3479 52.7568
852 75.3479 52.7568
314 73.8936 46.5463
767 73.8936 46.5463
745 74.9914 44.095
274 75.8268 42.2296
609 76.5258 40.6686
195 77.2951 38.9508
590 78.8673 35.4401
520 79.5975 33.8096
33 80.282 32.2812
835 80.9159 30.8657
98 83.0461 26.1088
243 85.7266 18.6349
260 86.0996 17.5951
627 86.1107 17.564
979 86.1222 17.532
345 86.1323 17.5038
483 86.1431 17.4736
