0,176,777,103,24,721,504,581,295,959,598,209,821,45,930,873,197,716,217,819,6,844,785,555,634,55,27,831,314,875,828,43,19,862,751,681,566,917,257,586,935,414,356,748,989,706,687,790,250,421,160,191,853,692,811,467,787,419,865,934,289,164,626,246,379,26,834,307,64,261,822,284,439,643,573,653,363,310,709,915,278,518,337,883,351,407,704,488,287,669,943,254,474,902,702,8,348,812,682,588,187,366,881,963,722,629,646,61,331,455,402,412,211,641,661,299,362,674,741,74,898,710,133,258,673,86,514,572,794,4,824,125,836,268,869,111,221,486,7,602,121,899,529,829,480,783,549,612,525,723,11,664,679,151,37,438,354,205,655,49,476,32,182,148,228,972,142,797,65,543,913,475,633,10,663,858,698,496,330,731,87,958,212,616,384,283,985,700,312,373,128,770,505,174,222,841,936,47,100,542,990,423,749,863,949,328,123,499,46,78,116,534,157,376,57,925,489,154,352,909,214,527,677,760,122,531,805,849,708,652,341,463,166,218,739,691,336,502,81,517,303,234,694,14,298,398,607,219,686,255,667,482,131,630,279,701,565,981,422,784,970,703,411,879,772,747,552,888,132,589,196,897,77,114,347,799,546,966,381,374,717,371,734,939,130,207,95,431,445,657,457,728,815,892,240,436,944,570,203,3,339,97,326,860,400,119,277,113,503,346,338,680,948,48,825,556,361,429,272,695,162,665,427,224,759,88,31,639,560,487,90,426,615,554,916,75,178,719,500,796,953,914,792,300,169,1,364,803,301,982,637,557,678,718,108,780,401,325,153,955,321,991,168,444,890,628,693,263,830,547,905,736,988,39,213,138,446,435,776,973,380,15,115,386,399,442,199,827,447,106,699,316,93,304,368,244,833,247,13,568,405,585,200,868,236,969,750,521,44,753,50,871,495,711,712,183,288,456,17,651,714,593,608,462,249,578,757,886,120,41,672,96,491,490,885,933,28,768,409,430,470,306,227,611,696,808,610,36,773,256,441,631,172,20,859,613,124,428,550,73,919,141,918,253,16,58,424,469,761,418,638,954,76,2,189,241,167,72,636,562,292,561,806,92,541,766,265,139,53,974,569,548,271,866,448,877,375,181,752,559,5,408,659,389,814,874,239,763,206,786,150,738,707,230,795,960,851,449,165,22,129,961,896,980,746,146,392,245,305,952,367,179,40,309,140,320,539,921,343,231,394,416,105,774,861,319,62,530,12,802,344,369,280,126,642,156,536,782,23,532,177,880,816,434,516,713,511,618,856,882,624,931,259,887,313,415,118,984,185,477,911,584,464,544,145,690,202,817,737,823,992,42,845,620,71,52,273,318,159,149,580,854,285,494,742,775,353,158,725,820,893,135,251,983,417,322,25,928,473,889,372,685,311,648,660,450,204,383,385,740,332,528,465,813,460,864,622,666,297,867,744,481,152,579,727,837,975,290,201,51,83,18,962,937,67,420,110,818,852,900,293,647,478,650,654,393,617,668,173,238,208,595,485,509,340,68,964,440,286,793,577,468,605,35,810,91,791,743,671,847,968,907,567,904,378,112,769,632,315,575,582,9,832,826,895,248,406,513,987,395,801,229,754,335,317,800,94,432,662,193,82,649,855,540,252,144,755,80,840,564,294,226,976,270,404,171,350,134,563,857,940,947,215,484,437,807,724,291,910,163,454,596,614,537,359,296,927,903,571,872,689,365,697,333,223,21,604,56,574,327,591,175,493,720,645,382,971,587,950,846,789,878,600,360,266,551,433,730,924,390,726,99,635,526,443,60,946,501,220,184,658,192,735,479,524,329,901,507,601,79,764,275,640,34,403,771,59,965,451,938,956,324,891,535,599,729,397,758,388,510,603,778,508,413,688,619,908,391,38,302,705,545,233,269,349,89,788,756,957,733,137,683,54,576,410,30,621,765,104,267,839,308,109,912,798,264,558,922,804,715,370,809,459,732,986,523,225,216,894,262,85,161,625,282,923,188,186,84,235,779,101,276,194,69,492,127,519,147,281,237,210,533,472,929,342,471,512,945,63,452,155,848,676,906,843,180,522,461,876,762,538,597,515,498,453,377,623,644,355,458,978,358,66,553,70,767,396,232,357,926,606,143,675,870,102,466,842,323,781,594,190,425,838,136,656,274,195,745,941,117,684,609,942,670,29,920,850,592,497,977,583,967,932,198,334,951,170,242,506,387,107,884,520,835,590,33,98,979,483,345,627,260,243,
value : 505.795 running time : 46.588344
0 80 20
176 72.733 17.4662
777 69.1632 16.221
103 66.9232 15.4394
24 66.3035 16.3209
721 65.6959 17.1853
504 64.6899 18.6159
581 63.6568 20.0851
295 62.6062 21.5793
959 61.5277 23.113
598 60.4389 24.6614
209 59.0657 26.614
821 58.286 27.7229
45 57.5467 28.7746
930 56.946 29.629
873 56.4679 30.3092
197 56.011 30.9593
716 55.8184 31.2334
217 55.7132 31.3832
819 55.7132 31.3832
6 55.7132 31.3832
844 55.7132 31.3832
785 55.7132 31.3832
555 55.7132 31.3832
634 55.7132 31.3832
55 55.7132 31.3832
27 55.7132 31.3832
831 55.7132 31.3832
314 55.7132 31.3832
875 50.7961 33.5434
828 50.7961 33.5434
43 50.7961 33.5434
19 48.9347 33.7702
862 46.93 34.0144
751 46.2558 34.0966
681 45.2919 34.214
566 43.509 34.4312
917 42.5054 34.5535
257 41.6436 34.6585
586 40.7928 34.7622
935 39.9388 34.8662
414 38.8915 34.9938
356 38.7058 35.0165
748 38.507 35.0407
989 38.5232 34.7766
706 38.5412 34.4849
687 38.5618 34.1486
790 38.5859 33.757
250 38.611 33.3472
421 38.634 32.9728
160 38.6572 32.5957
191 38.6798 32.2279
853 38.7025 31.8576
692 38.7258 31.4786
811 38.7514 31.0607
467 38.8519 29.4162
787 38.9513 27.79
419 39.0569 26.0612
865 38.9558 25.9194
934 38.7976 25.6977
289 38.635 25.4696
164 38.4728 25.2421
626 38.1154 24.7405
246 37.7703 24.2561
379 37.5384 23.9309
26 37.319 23.6232
834 37.095 23.309
307 36.8779 23.0043
64 36.6644 22.7048
261 36.4482 22.4017
822 36.2338 22.101
284 36.0238 21.8064
439 35.8273 21.5307
643 35.7381 21.4057
573 35.7381 21.4057
653 35.7381 21.4057
363 35.738 21.4057
310 35.738 21.4056
709 35.738 21.4056
915 35.738 21.4056
278 35.6023 20.6074
518 34.647 14.9767
337 33.7659 14.9852
883 32.7431 14.9951
351 31.5917 15.0063
407 30.4337 15.0175
704 28.9572 15.0319
488 26.7459 15.0535
287 26.7459 15.0535
669 23.9174 15.8615
943 18.8702 17.3031
254 18.1417 17.0781
474 17.386 16.8448
902 16.5908 16.5992
702 15.7058 16.326
8 14.6537 16.0012
348 13.4851 15.6405
812 12.346 15.2889
682 12.3218 15.4936
588 12.2984 15.6922
187 12.2757 15.8836
366 12.2581 16.0329
881 12.2409 16.1789
963 12.2213 16.3448
722 12.2052 16.4807
629 12.1547 16.9079
646 12.0919 17.4399
61 12.027 17.9888
331 11.9601 18.5547
455 11.9006 19.0585
402 11.848 19.5033
412 11.7975 19.9309
211 11.746 20.3671
641 11.6844 20.8885
661 11.6285 21.3615
299 11.5739 21.8239
362 11.5243 22.2439
674 11.47 22.7031
741 11.4045 23.2572
74 11.335 23.845
898 11.2724 24.3749
710 11.2688 24.4059
133 11.265 24.4377
258 11.2613 24.4688
673 11.2577 24.4997
86 11.2537 24.5336
514 11.7213 24.6534
572 12.3733 24.8204
794 13.0433 24.9921
4 14.1597 25.2782
824 17.2841 26.0796
125 19.0725 26.538
836 20.6316 26.9376
268 22.2806 27.3603
869 24.4651 27.9204
111 26.5291 28.4496
221 26.5771 29.642
486 26.6247 30.8236
7 26.6711 31.9737
602 26.6963 32.6017
121 26.7218 33.2361
899 26.7479 33.8863
529 26.8084 35.3843
829 26.8703 36.9168
480 26.9364 38.5526
783 26.9307 38.5821
549 26.9257 38.6078
612 26.9202 38.6361
525 26.9143 38.6665
723 26.9091 38.6933
11 26.9041 38.7195
664 26.8991 38.7451
679 26.8941 38.771
151 26.8889 38.7976
37 26.8836 38.8248
438 26.8787 38.8505
354 26.874 38.8743
205 26.7194 39.6724
655 26.5457 40.5682
49 26.3785 41.4308
476 24.0546 42.2113
32 22.3737 42.7757
182 20.8161 43.2987
148 19.8134 43.6353
228 18.8576 43.9563
972 18.01 44.2408
142 17.9748 44.2527
797 17.9388 44.2647
65 17.9036 44.2765
543 17.8681 44.2885
913 17.8313 44.3008
475 17.3887 44.4495
633 16.9142 44.6088
10 16.4008 44.7812
663 15.8789 44.9565
858 15.3438 45.1362
698 14.8081 45.3161
496 14.2675 45.4977
330 13.7069 45.6859
731 13.6818 45.6943
87 13.6575 45.7025
958 13.6319 45.7111
212 13.6073 45.7194
616 13.5836 45.7273
384 13.5584 45.7358
283 13.5341 45.744
985 13.5099 45.7521
700 13.2661 45.8339
312 13.0184 45.917
373 12.7775 45.9979
128 12.5454 46.0758
770 12.3526 46.1405
505 12.1607 46.2049
174 11.9724 46.2681
222 11.7848 46.3311
841 11.5983 46.3936
936 11.4132 46.4558
47 11.2293 46.5175
100 11.0501 46.5776
542 10.8707 46.6378
990 10.689 46.6988
423 10.5089 46.7593
749 10.3274 46.8202
863 10.1455 46.8812
949 9.96569 46.9416
328 9.77601 47.0052
123 9.77217 47.2315
499 9.76831 47.4585
46 9.76341 47.7466
78 9.75794 48.0684
116 9.73812 49.2305
534 9.72021 50.2808
157 9.70123 51.3939
376 9.67871 52.7117
57 9.67493 52.9353
925 9.67083 53.1768
489 9.66699 53.403
154 9.66296 53.6403
352 9.65856 53.8991
909 9.65412 54.1606
214 9.64942 54.4369
527 9.64482 54.7075
677 9.64018 54.981
760 9.63561 55.2496
122 9.63134 55.5015
531 9.62697 55.7585
805 9.62299 55.9937
849 9.61869 56.2466
708 9.61436 56.5016
652 9.61009 56.7537
341 9.60404 57.11
463 9.59677 57.5375
166 9.58666 58.1319
218 9.57596 58.7609
739 9.56422 59.4508
691 9.55429 60.0354
336 9.54323 60.6855
502 9.52927 61.5049
81 9.521 61.9911
517 9.51325 62.4475
303 9.50679 62.8285
234 9.49782 63.355
694 9.48848 63.9033
14 9.4819 64.2905
298 9.47557 64.6623
398 9.64263 64.6001
607 9.79142 64.5447
219 9.95775 64.4828
686 10.1169 64.4236
255 10.2937 64.3578
667 10.4769 64.2896
482 10.7247 64.1974
131 10.9552 64.1116
630 11.1798 64.028
279 11.4099 63.9424
701 11.4609 64.0913
565 11.4966 64.1954
981 11.534 64.3045
422 11.5728 64.4177
784 11.7233 64.8573
970 11.878 65.3093
703 12.0334 65.7631
411 12.1953 66.2358
879 12.3527 66.6957
772 12.5128 67.1631
747 12.677 67.6428
552 12.8594 68.1756
888 13.0327 68.682
132 12.8368 68.7541
589 12.6255 68.8319
196 12.4201 68.9075
897 12.2101 68.9848
77 11.7942 69.1381
114 11.4033 69.282
347 11.0028 69.4296
799 10.97 70.327
546 10.9371 71.2278
966 10.9365 71.2452
381 10.9358 71.2644
374 10.935 71.2848
717 10.9344 71.3023
371 10.9337 71.3208
734 10.933 71.3403
939 10.9323 71.3605
130 10.8994 72.2544
207 10.8489 73.6314
95 10.7967 75.0534
431 10.7928 75.1611
445 10.7889 75.2658
657 10.7846 75.3835
457 10.7802 75.5048
728 10.7757 75.6251
815 10.7712 75.7494
892 10.7677 75.8445
240 10.7643 75.9356
436 10.761 76.0259
944 10.7577 76.1148
570 10.7546 76.201
203 10.7514 76.2876
3 10.7485 76.3676
339 10.7447 76.4706
97 10.7412 76.5658
326 10.7373 76.6702
860 10.7336 76.7721
400 10.73 76.871
119 10.7263 76.9708
277 10.7224 77.0766
113 10.7182 77.1903
503 10.7141 77.3039
346 10.7098 77.4199
338 10.7057 77.5305
680 10.7014 77.6497
948 10.6967 77.7774
48 10.6916 77.9148
825 10.6871 78.0365
556 10.6827 78.1566
361 10.6784 78.2753
429 10.6738 78.3983
272 10.6692 78.525
695 10.6629 78.6971
162 10.6586 78.814
665 10.6539 78.9414
427 10.6482 79.0957
224 10.6416 79.2751
759 10.6344 79.472
88 10.6277 79.6549
31 10.6213 79.8286
639 10.6152 79.9935
560 10.6083 80.1814
487 10.6015 80.3666
90 10.5944 80.5593
426 10.5875 80.7481
615 10.5808 80.9313
554 10.574 81.1164
916 10.567 81.3074
75 10.5603 81.488
178 10.5535 81.6726
719 10.5466 81.8611
500 10.5402 82.0367
796 10.5328 82.2365
953 10.5245 82.4638
914 10.5179 82.6421
792 10.512 82.8042
300 10.5059 82.9692
169 10.4999 83.1335
1 10.4937 83.302
364 10.4879 83.4597
803 10.4823 83.6114
301 10.4769 83.7585
982 10.4716 83.9016
637 10.4663 84.046
557 10.4611 84.1881
678 10.4559 84.3294
718 10.4515 84.4502
108 10.447 84.5725
780 10.4426 84.6923
401 10.4379 84.8194
325 10.4334 84.9417
153 10.4287 85.0692
955 10.4243 85.1889
321 10.4199 85.3111
991 10.4151 85.4411
168 10.4097 85.5868
444 10.4019 85.7986
890 10.3945 86.0016
628 10.3854 86.2499
693 10.3763 86.498
263 10.3679 86.7262
830 10.3598 86.9468
547 10.3352 87.6155
905 10.3114 88.264
736 10.2836 89.0201
988 10.2537 89.8364
39 10.2753 89.8361
213 10.2977 89.8359
138 10.407 89.8347
446 10.5092 89.8336
435 10.6068 89.8325
776 10.7146 89.8314
973 10.8074 89.8304
380 10.8972 89.8294
15 10.9988 89.8283
115 11.0891 89.8273
386 11.176 89.8264
399 11.2635 89.8254
442 11.3494 89.8245
199 11.431 89.8236
827 11.5157 89.8227
447 11.6037 89.8218
106 11.693 89.8208
699 11.7948 89.8197
316 11.89 89.8187
93 11.9867 89.8176
304 12.0787 89.8166
368 12.1768 89.8155
244 12.2665 89.8146
833 12.352 89.8136
247 12.4335 89.8128
13 12.5188 89.8118
568 12.6004 89.811
405 12.6832 89.8101
585 12.7685 89.8091
200 12.9105 89.8076
868 13.0532 89.8061
236 13.5399 89.8007
969 14.0349 89.7953
750 14.9715 89.7849
521 16.527 89.7675
44 16.7419 89.7652
753 16.9414 89.763
50 17.139 89.7609
871 17.3319 89.7588
495 17.5157 89.7568
711 17.7026 89.7548
712 18.0278 89.7512
183 18.3495 89.7477
288 18.6654 89.7443
456 18.9748 89.7409
17 19.2689 89.7377
651 19.5753 89.7343
714 19.8731 89.7311
593 20.1557 89.728
608 20.4349 89.725
462 20.7075 89.722
249 20.9932 89.7189
578 21.2818 89.7158
757 21.5601 89.7128
886 21.8236 89.7099
120 22.1136 89.7067
41 22.3679 89.704
672 22.6205 89.7012
96 22.8508 89.6987
491 23.064 89.6964
490 23.2809 89.694
885 23.4979 89.6917
933 23.7156 89.6893
28 23.9487 89.6868
768 24.1676 89.6844
409 24.3893 89.682
430 24.6099 89.6796
470 24.8322 89.6772
306 25.0253 89.6751
227 25.218 89.673
611 25.5175 89.6697
696 25.7997 89.6666
808 26.0911 89.6635
610 26.3587 89.6606
36 26.6294 89.6576
773 26.9046 89.6546
256 27.172 89.6517
441 27.4201 89.649
631 27.6962 89.646
172 27.9752 89.6429
20 28.2252 89.6402
859 28.474 89.6375
613 28.7405 89.6346
124 28.9745 89.6321
428 28.9745 89.6321
550 28.9745 89.6321
73 29.0271 89.6329
919 29.0801 89.6338
141 29.1332 89.6346
918 29.1866 89.6355
253 29.2405 89.6363
16 29.2947 89.6372
58 29.3492 89.6381
424 29.4039 89.6389
469 29.4589 89.6398
761 30.215 89.6525
418 31.0267 89.666
638 31.8264 89.6794
954 32.677 89.6936
76 33.6521 89.71
2 34.6475 89.7268
189 35.6703 89.744
241 36.7323 89.7618
167 37.8617 89.7808
72 39.0695 89.8018
636 39.9506 89.8171
562 39.9291 89.9375
292 39.9066 90.0634
561 39.8841 90.1894
806 39.8612 90.3174
92 39.8312 90.4859
541 39.8007 90.6569
766 39.8007 90.6569
265 39.8007 90.6569
139 39.8007 90.6569
53 39.8007 90.6569
974 39.8007 90.6569
569 39.8007 90.6569
548 39.8007 90.6569
271 39.8007 90.657
866 39.8007 90.657
448 39.8007 90.657
877 39.8007 90.657
375 39.8007 90.657
181 39.8007 90.657
752 39.8007 90.657
559 39.8007 90.657
5 39.8007 90.657
408 39.8007 90.657
659 39.8007 90.657
389 39.8007 90.657
814 39.8007 90.657
874 39.8007 90.657
239 39.8007 90.657
763 39.8007 90.657
206 39.8007 90.657
786 39.8007 90.657
150 39.8007 90.657
738 39.8007 90.657
707 39.8007 90.657
230 39.8007 90.657
795 39.8007 90.657
960 39.8007 90.657
851 41.3 89.967
449 41.9065 89.6882
165 42.4876 89.4211
22 43.1036 89.1379
129 43.6991 88.8641
961 44.3149 88.581
896 44.9316 88.297
980 44.9572 88.2022
746 44.9845 88.1013
146 45.0129 87.9961
392 45.0397 87.8969
245 45.0639 87.8073
305 45.09 87.7109
952 45.1154 87.6169
367 45.1414 87.5204
179 45.1686 87.42
40 45.196 87.3186
309 45.2253 87.21
140 45.2515 87.113
320 45.2786 87.013
539 45.3061 86.9112
921 45.3321 86.8149
343 45.3321 86.8149
231 45.3321 86.8149
394 46.0065 86.9042
416 46.7518 87.0029
105 47.5463 87.1082
774 48.2904 87.2068
861 49.0122 87.3024
319 49.7159 87.3956
62 50.4073 87.4872
530 51.1141 87.5809
12 51.837 87.6766
802 52.5656 87.7731
344 53.6108 87.9117
369 53.6108 87.9117
280 53.6108 87.9117
126 53.6108 87.9117
642 53.6108 87.9117
156 53.6108 87.9117
536 53.6108 87.9117
782 53.6108 87.9117
23 53.6108 87.9117
532 53.6108 87.9117
177 53.6109 87.9117
880 53.6109 87.9117
816 53.6109 87.9117
434 53.6109 87.9117
516 53.6109 87.9117
713 53.6109 87.9117
511 53.6109 87.9117
618 53.6109 87.9117
856 53.6109 87.9117
882 53.6109 87.9117
624 54.2204 87.9144
931 54.8802 87.9172
259 55.4498 87.9197
887 56.0121 87.9222
313 56.58 87.9247
415 57.1488 87.9271
118 57.7439 87.9297
984 58.3523 87.9323
185 58.9485 87.9349
477 59.5178 87.9374
911 60.0765 87.9398
584 60.7075 87.9426
464 61.38 87.9454
544 62.003 87.9481
145 62.5423 87.9505
690 63.0721 87.9528
202 63.6311 87.9553
817 64.1972 87.9577
737 64.7733 87.9602
823 65.4289 87.9631
992 66.0906 87.9659
42 66.7658 87.9688
845 67.4516 87.9717
620 68.13 87.9747
71 68.8374 87.9777
52 69.5456 87.9807
273 70.2629 87.9838
318 71.0661 87.9872
159 71.8818 87.9906
149 72.6946 87.9941
580 73.6936 87.9983
854 74.0459 87.9999
285 74.4038 88.0015
494 74.7696 88.0031
742 75.1373 88.0047
775 75.5092 88.0064
353 75.9039 88.0082
158 76.2886 88.0099
725 76.6719 88.0116
820 77.0598 88.0133
893 77.4325 88.0149
135 77.8057 88.0166
251 78.1848 88.0183
983 79.9091 88.025
417 80.8338 87.8768
322 81.9016 87.7057
25 82.8818 87.5486
928 82.8818 87.5486
473 83.9249 86.2727
889 84.9803 84.9816
372 86.0216 83.7077
685 85.7773 83.484
311 85.4997 83.2297
648 85.2262 82.9793
660 84.9714 82.7459
450 84.6971 82.4946
204 81.1298 80.6192
383 76.8585 78.3739
385 76.3531 78.5001
740 75.8105 78.6357
332 75.2688 78.771
528 74.6435 78.9272
465 73.7248 79.1565
813 72.8208 79.3822
460 72.0196 79.5822
864 72.0196 79.5822
622 72.0196 79.5822
666 72.0196 79.5822
297 71.5076 78.8202
867 70.9785 78.0327
744 70.5491 77.3934
481 70.129 76.7679
152 69.6934 76.1195
579 69.3257 75.5721
727 68.964 75.0335
837 68.6083 74.504
975 68.2527 73.9745
290 67.9014 73.4514
201 67.5497 72.9278
51 67.3022 72.761
83 67.0562 72.5952
18 66.8085 72.4282
962 66.556 72.2579
937 66.298 72.084
67 66.0101 71.8898
420 65.7199 71.6942
110 65.5825 71.6016
818 65.4412 71.5064
852 65.109 71.2824
900 63.9507 70.5004
293 62.5478 69.553
647 62.2873 69.3774
478 62.0349 69.2072
650 61.7816 69.0364
654 61.5207 68.8606
393 61.2522 68.6795
617 60.9829 68.498
668 60.7273 68.3257
173 60.4723 68.1538
238 60.219 67.983
208 59.9647 67.8115
595 59.7096 67.6395
485 59.4561 67.4687
509 59.4561 67.4687
340 59.4561 67.4687
68 59.4561 67.4687
964 59.4561 67.4687
440 59.4561 67.4687
286 59.4561 67.4687
793 59.4561 67.4687
577 59.3847 67.7083
468 59.2851 68.0422
605 59.1831 68.384
35 59.0799 68.7299
810 58.9603 69.131
91 58.8337 69.5551
791 58.713 69.9598
743 58.5842 70.3914
671 58.4427 70.8658
847 58.3079 71.3176
968 58.1755 71.7613
907 58.0338 72.2362
567 56.275 78.1149
904 56.1317 78.0831
378 55.9849 78.0504
112 55.8328 78.0166
769 55.6844 77.9836
632 55.5366 77.9507
315 55.3883 77.9177
575 55.2417 77.8851
582 55.0909 77.8516
9 54.9407 77.8182
832 54.793 77.7853
826 54.6454 77.7525
895 54.4967 77.7195
248 54.3504 77.6869
406 54.2056 77.6547
513 54.0577 77.6218
987 53.9089 77.5887
395 53.7645 77.5566
801 53.6196 77.5244
229 53.4735 77.4919
754 53.3285 77.4596
335 52.4888 77.2732
317 51.617 77.0796
800 50.3505 76.7986
94 49.0344 76.5066
432 47.6532 76.2002
662 46.2915 75.8983
193 46.284 75.8966
82 46.2762 75.8949
649 46.2681 75.8931
855 46.2608 75.8915
540 46.2529 75.8897
252 46.2452 75.888
144 46.2385 75.8865
755 46.2318 75.885
80 46.2243 75.8834
840 46.2175 75.8819
564 46.2109 75.8804
294 46.2038 75.8788
226 46.1963 75.8771
976 46.1894 75.8756
270 46.1823 75.874
404 46.1753 75.8725
171 46.1688 75.871
350 46.1626 75.8697
134 46.1563 75.8682
563 46.1502 75.8669
857 46.1437 75.8654
940 46.137 75.864
947 46.1301 75.8624
215 45.0137 75.6148
484 43.7101 75.3255
437 42.4798 75.0525
807 41.6565 74.8243
724 40.8306 74.5953
291 40.0351 74.3748
910 39.3288 74.179
163 38.6501 73.9909
454 37.9842 73.8063
596 37.35 73.6305
614 36.727 73.4579
537 36.1215 73.2901
359 35.6567 73.1613
296 35.2022 73.0355
927 34.7942 72.9224
903 34.549 72.8546
571 34.323 72.792
872 34.0987 72.73
689 33.8796 72.6694
365 33.6625 72.6093
697 33.4378 72.5471
333 33.2582 72.4974
223 33.0871 72.4501
21 32.9162 72.4029
604 32.7462 72.3558
56 32.577 72.309
574 32.4044 72.2613
327 32.2338 72.2141
591 32.0693 72.1686
175 31.9054 72.1233
493 31.7363 72.0765
720 30.3139 72.2871
645 29.2484 72.4449
382 27.7645 72.6647
971 27.0145 72.7758
587 26.2947 72.8825
950 25.5642 72.9907
846 24.8939 73.09
789 24.2487 73.1857
878 23.5963 73.2824
600 21.9568 73.5251
360 20.2802 73.7734
266 19.0707 73.9526
551 17.5899 74.1719
433 16.3409 74.3569
730 18.2428 73.2153
924 19.1488 72.6717
390 20.0116 72.154
726 20.0653 72.1218
99 20.1238 72.0867
635 20.1818 72.0519
526 20.2396 72.0173
443 20.2964 71.9832
60 20.3564 71.9473
946 20.5241 71.4151
501 20.7051 70.8407
220 20.8578 70.356
184 21.0172 69.8501
658 21.2649 69.0641
192 21.5629 68.1185
735 21.8279 67.2778
479 22.0183 66.6733
524 22.2947 65.7964
329 22.5769 64.9009
901 22.8554 64.0173
507 23.1087 63.2132
601 23.3414 62.4748
79 23.5939 61.6735
764 23.8353 60.9076
275 24.09 60.0993
640 24.5246 58.7207
34 24.9607 57.337
403 25.4541 55.772
771 25.712 54.9536
59 25.712 54.9536
965 25.712 54.9536
451 25.9075 54.8761
938 26.1119 54.795
956 26.3216 54.7118
324 26.5414 54.6246
891 26.7632 54.5366
535 26.9721 54.4538
599 27.1729 54.3741
729 27.3816 54.2913
397 27.6001 54.2046
758 27.8055 54.1232
388 28.0591 54.0226
510 28.2722 54.1082
603 28.4831 54.1929
778 28.6884 54.2754
508 28.8822 54.3532
413 29.0796 54.4325
688 29.2771 54.5119
619 29.4758 54.5917
908 29.6712 54.6702
391 29.8899 54.758
38 30.1441 54.8602
302 30.4233 54.9723
705 30.7071 55.0863
545 31.021 55.2125
233 31.3405 55.3408
269 31.732 55.4981
349 32.1183 55.6533
89 32.5922 55.8437
788 33.053 56.0288
756 33.5239 56.218
957 34.0383 56.4246
733 34.5851 56.6443
137 35.5302 57.024
683 36.5339 57.4272
54 37.1591 57.6784
576 37.7457 57.914
410 38.2854 58.1309
30 38.7277 58.3085
621 39.1908 58.4946
765 39.6082 58.6622
104 40.0191 58.8273
267 40.4301 58.9924
839 41.2566 59.3244
308 42.4161 59.7903
109 46.2401 61.3268
912 46.2293 61.2462
798 46.2204 61.179
264 46.211 61.1087
558 46.2019 61.04
922 46.192 60.9657
804 46.1836 60.9031
715 46.175 60.8385
370 46.1652 60.7648
809 46.1566 60.6999
459 46.1481 60.6363
732 46.1391 60.5689
986 46.1307 60.5062
523 46.1142 60.382
225 46.0968 60.2514
216 46.0763 60.0977
894 46.0556 59.9421
262 45.9948 59.4858
85 45.9594 59.2201
161 45.931 59.0073
625 45.9009 58.7811
282 45.869 58.5422
923 45.834 58.279
188 45.8014 58.0349
186 45.7699 57.7979
84 45.7401 57.5747
235 45.7033 57.2983
779 45.6551 56.937
101 45.5681 56.2839
276 45.4822 55.6391
194 45.4285 55.2361
69 45.3822 54.889
492 45.3441 54.603
127 45.3082 54.3331
519 45.2716 54.0588
147 45.2353 53.7866
281 45.2596 53.7442
237 45.2836 53.7024
210 45.3084 53.6592
533 45.3328 53.6166
472 45.3593 53.5705
929 45.3834 53.5284
342 45.4289 53.449
471 45.4714 53.375
512 45.5169 53.2956
945 45.5614 53.218
63 45.6054 53.1414
452 45.6438 53.0744
155 45.6815 53.0086
848 45.7188 52.9436
676 45.7546 52.8812
906 45.7976 52.8063
843 45.7976 52.8063
180 45.7976 52.8063
522 45.7976 52.8063
461 45.7976 52.8063
876 45.7976 52.8063
762 51.8097 55.1394
538 51.8265 55.146
597 51.8425 55.1522
515 51.8616 55.1596
498 51.8616 55.1596
453 51.8616 55.1596
377 58.6812 48.5556
623 59.1366 48.1145
644 59.6527 47.6147
355 60.1262 47.1561
458 60.2683 47.0185
978 60.4026 46.8884
358 60.5426 46.7528
66 60.6701 46.6293
553 60.8017 46.5018
70 60.8017 46.5018
767 60.8017 46.5018
396 60.8017 46.5018
232 60.8017 46.5018
357 60.8017 46.5018
926 60.8017 46.5018
606 60.8017 46.5018
143 60.8017 46.5018
675 60.8017 46.5018
870 60.8017 46.5018
102 60.8017 46.5018
466 61.9408 44.7218
842 62.198 44.3204
323 62.4534 43.9216
781 62.6965 43.542
594 64.9201 44.6416
190 68.6875 46.505
425 71.5335 47.9126
838 73.5917 48.9304
136 74.319 49.2899
656 74.4804 49.3696
274 74.6454 49.4511
195 74.8112 49.533
745 74.9749 49.6139
941 75.149 49.6999
117 75.3204 49.7846
684 77.7913 51.0066
609 77.7913 51.0066
942 77.7913 51.0066
670 78.3016 51.0974
29 78.957 51.214
920 79.7857 51.3615
850 80.6087 51.5079
592 82.0833 51.7703
497 85.052 52.2986
977 84.6611 51.931
583 84.2372 51.5323
967 84.2372 51.5323
932 84.2372 51.5323
198 84.2372 51.5323
334 84.2372 51.5323
951 84.2673 51.0314
170 84.2968 50.5424
242 84.3283 50.0179
506 84.3625 49.4481
387 84.4185 48.5166
107 84.4869 47.3764
884 84.6138 45.2574
520 84.886 40.7048
835 85.0779 37.4987
590 85.2978 33.8249
33 85.5111 30.2608
98 85.758 26.132
979 86.1755 19.1416
483 86.2684 17.5916
345 86.2684 17.5916
627 86.2684 17.5916
260 86.2684 17.5916
243 84.9309 18.1053
