0,483,979,243,345,627,260,98,590,33,835,520,745,656,274,195,136,190,425,838,951,583,967,932,198,334,842,102,466,396,553,70,767,926,232,357,29,609,942,670,684,941,117,592,920,850,884,170,242,506,387,107,977,497,450,110,201,852,864,648,975,962,818,83,900,290,332,152,837,71,383,660,579,204,528,740,385,311,889,372,685,473,322,25,928,820,893,983,135,742,823,158,494,854,725,149,544,622,813,775,845,159,465,666,251,580,318,353,285,185,477,464,42,816,817,52,690,584,202,145,856,620,417,273,516,259,887,313,415,118,984,737,624,319,861,774,618,367,896,344,434,992,320,305,239,814,408,980,911,882,23,738,129,181,766,974,874,511,961,866,449,375,406,530,561,752,448,265,72,795,559,5,713,536,746,62,763,231,12,245,532,541,2,389,877,569,53,92,292,562,636,613,150,40,179,392,22,165,206,952,851,146,105,309,156,659,230,707,343,139,416,394,960,491,36,808,141,124,806,773,430,611,631,28,368,761,919,696,859,20,753,44,50,241,73,441,16,41,593,96,697,550,954,256,271,548,120,428,786,418,918,253,306,672,610,470,651,172,825,469,886,638,490,757,714,916,399,768,409,13,462,495,521,750,955,693,364,568,456,76,58,17,115,833,386,780,885,973,557,447,759,15,424,249,712,183,288,325,1,138,953,263,628,637,200,827,227,776,871,905,178,678,868,39,585,792,547,446,695,560,570,31,316,892,240,969,48,380,213,933,435,988,982,991,203,736,554,321,106,247,815,615,75,401,719,199,718,90,300,890,830,169,442,236,711,405,153,803,93,444,108,88,699,304,95,546,914,301,436,433,939,799,381,445,347,717,665,694,728,277,119,482,338,427,3,657,948,77,970,879,860,500,966,298,398,686,14,784,517,734,196,552,234,747,589,888,339,701,132,502,244,431,97,556,503,667,429,426,457,607,224,374,726,207,639,630,346,400,796,487,578,600,81,168,944,361,272,608,689,872,571,903,927,360,551,266,730,189,658,184,220,924,946,60,443,526,635,99,326,390,965,365,604,21,223,333,167,56,591,327,574,296,192,956,705,422,34,640,275,764,79,601,507,901,329,524,479,957,137,113,878,789,846,950,587,971,382,645,720,493,839,765,308,267,454,596,614,359,537,291,163,910,662,724,807,437,484,215,947,940,857,563,134,350,171,404,270,976,226,294,564,840,80,755,144,252,540,855,649,82,193,140,921,539,802,782,642,126,280,335,177,297,460,931,880,754,432,94,800,317,369,727,378,801,248,229,395,987,513,567,895,826,832,9,582,575,315,632,769,112,904,481,18,51,867,937,67,420,91,605,468,440,340,509,595,453,238,173,668,617,393,654,650,478,109,762,744,577,68,907,485,793,964,286,743,810,35,894,986,523,225,216,779,84,235,791,968,847,671,208,281,293,647,538,597,515,498,906,342,471,512,945,63,452,155,848,676,804,276,194,929,533,472,186,262,85,161,625,282,923,188,621,410,30,732,912,798,264,558,210,715,175,370,809,459,147,101,104,922,69,492,127,519,876,843,180,522,461,89,49,576,54,683,237,729,324,891,599,349,633,510,938,788,756,733,735,501,739,897,162,411,451,371,972,680,114,219,925,116,463,255,376,130,166,531,565,760,218,772,691,677,990,849,122,805,57,100,352,214,703,981,336,936,527,770,797,731,312,373,505,542,708,303,128,341,841,131,283,328,499,858,174,909,157,182,489,534,863,749,423,154,279,652,403,663,496,222,698,958,47,949,87,700,985,330,228,46,10,384,616,212,59,748,723,771,913,78,476,148,11,123,142,535,603,388,758,783,233,269,778,545,302,38,391,908,619,688,413,508,687,706,151,205,480,655,829,529,354,549,525,664,543,475,612,679,438,32,65,37,811,989,356,414,397,421,160,191,853,692,7,824,702,221,486,899,602,121,337,626,246,379,26,834,307,64,261,822,284,439,278,363,310,709,915,125,869,4,641,661,299,362,674,741,74,898,710,133,258,673,86,514,572,794,268,836,812,348,211,682,588,187,366,881,963,722,629,646,61,331,455,402,412,8,943,254,474,902,111,488,883,351,407,704,643,518,669,287,653,573,419,467,787,250,790,935,917,257,586,164,865,289,555,566,19,862,751,681,934,781,844,785,217,644,355,458,978,6,623,377,870,675,594,27,66,143,606,43,314,875,828,831,634,55,323,819,209,821,45,930,873,197,716,358,777,24,721,504,581,295,959,103,176,598,
value : 495.266 running time : 55.699040
0 80 20
483 86.1417 17.4723
979 86.1325 17.4979
243 86.1239 17.5217
345 86.1145 17.5479
627 86.1062 17.571
260 86.0984 17.5926
98 82.9149 26.4495
590 81.6465 29.8266
33 80.6724 32.4198
835 79.622 35.2164
520 78.8371 37.3061
745 77.1677 41.7505
656 75.1208 47.2
274 75.063 47.354
195 74.9917 47.5438
136 74.9196 47.7357
190 74.8457 47.9325
425 74.8457 47.9325
838 74.8457 47.9325
951 74.8457 47.9325
583 74.5071 48.2832
967 74.2276 48.5728
932 73.9437 48.8669
198 73.6491 49.1721
334 72.8383 50.012
842 72.2491 50.6224
102 71.6885 51.2032
466 71.2102 51.6987
396 70.4282 52.5089
553 70.5939 52.6166
70 70.7421 52.713
767 70.9014 52.8166
926 71.0461 52.9107
232 71.1916 53.0053
357 71.3396 53.1016
29 71.609 53.2767
609 71.8679 53.4451
942 72.5888 53.9139
670 73.365 54.4185
684 74.4668 55.135
941 74.4951 55.1534
117 74.5233 55.1718
592 75.3286 55.6954
920 76.5433 56.4853
850 77.7589 57.2757
884 79.4318 58.3636
170 80.4514 59.0266
242 81.0736 59.4311
506 81.7338 59.8604
387 82.3341 60.2508
107 83.0909 60.7429
977 83.7241 61.1546
497 84.4415 61.6212
450 82.878 66.2586
110 82.3572 67.8025
201 81.8647 69.2624
852 81.2752 71.0101
864 80.2995 73.9031
648 80.2995 73.9031
975 80.2995 73.9031
962 80.2995 73.9031
818 80.2995 73.9031
83 80.2995 73.9031
900 80.2995 73.9031
290 80.2995 73.9031
332 80.4933 74.1863
152 80.6651 74.4373
837 80.941 74.8406
71 81.2573 75.3027
383 81.6177 75.8294
660 82.1529 76.6115
579 82.4352 77.0241
204 82.8263 77.5956
528 83.1815 78.1146
740 83.5639 78.6736
385 83.9051 79.1721
311 84.7546 80.4135
889 85.592 81.6373
372 86.0058 82.242
685 85.3783 82.9859
473 84.7146 83.7726
322 84.1234 84.4734
25 83.6217 85.0683
928 80.8166 88.3937
820 80.1189 88.4587
893 79.4956 88.5168
983 78.9137 88.571
135 78.2731 88.6308
742 77.6946 88.6847
823 77.0807 88.7419
158 76.6161 88.7852
494 76.1865 88.8252
854 75.7244 88.8683
725 75.2934 88.9085
149 74.7342 88.9606
544 74.2959 89.0015
622 73.9076 89.0377
813 73.562 89.0699
775 73.1973 89.1039
845 72.817 89.1393
159 72.4839 89.1704
465 72.0895 89.2072
666 71.7291 89.2408
251 71.3535 89.2758
580 71.0043 89.3083
318 70.5889 89.347
353 70.191 89.3841
285 69.7736 89.423
185 69.3243 89.4649
477 68.9778 89.4972
464 68.6362 89.5291
42 68.2977 89.5606
816 67.9528 89.5928
817 67.6521 89.6208
52 67.3374 89.6502
690 66.9911 89.6824
584 66.7186 89.7078
202 66.5492 89.7236
145 66.3936 89.7381
856 66.2072 89.7555
620 66.2876 89.2645
417 66.3812 88.6935
273 63.4693 88.926
516 60.374 89.173
259 59.8098 89.2181
887 59.2634 89.2617
313 58.7184 89.3052
415 58.1921 89.3472
118 57.7138 89.3854
984 57.2393 89.4233
737 56.6915 89.467
624 56.11 89.5134
319 55.5716 89.5564
861 55.2244 89.5841
774 54.8815 89.6115
618 54.5358 89.6391
367 54.1889 89.6668
896 53.8376 89.6948
344 53.4854 89.7229
434 53.1375 89.7507
992 52.8172 89.7763
320 52.3108 89.8167
305 51.8608 89.8526
239 51.4404 89.8862
814 51.0574 89.9168
408 50.7043 89.9449
980 50.3656 89.972
911 50.0066 90.0006
882 49.186 90.0662
23 48.3051 90.1365
738 46.4544 90.2842
129 46.0576 90.3159
181 45.6664 90.3472
766 45.3122 90.3754
974 44.9568 90.4038
874 44.8978 90.4085
511 44.8398 90.4132
961 44.7734 90.4185
866 44.704 90.424
449 44.6364 90.4294
375 44.5752 90.4343
406 44.518 90.4389
530 44.4505 90.4443
561 44.3772 90.4502
752 44.3035 90.4561
448 44.3035 90.4561
265 44.3035 90.4561
72 44.3035 90.4561
795 44.3035 90.4561
559 44.4081 90.3129
5 44.5143 90.1677
713 44.6278 90.0125
536 44.7419 89.8563
746 44.8451 89.7152
62 44.9525 89.5683
763 45.052 89.4321
231 45.16 89.2845
12 45.3125 89.0759
245 44.8672 89.0794
532 44.3768 89.0833
541 43.8366 89.0875
2 43.1369 89.0931
389 43.0325 89.0939
877 42.9155 89.0948
569 42.8064 89.0957
53 42.6947 89.0965
92 42.5766 89.0975
292 42.4742 89.0983
562 42.3767 89.099
636 42.275 89.0998
613 42.1505 89.1008
150 42.0381 89.1017
40 42.012 89.1019
179 41.9648 89.1023
392 41.909 89.1027
22 41.8632 89.1031
165 41.822 89.1034
206 41.7778 89.1038
952 41.7379 89.1041
851 41.574 89.1054
146 41.0629 89.1094
105 40.675 89.1125
309 40.053 89.1174
156 39.5004 89.1218
659 38.6934 89.1282
230 37.7461 89.1357
707 36.8932 89.1425
343 36.1283 89.1485
139 35.0154 89.1574
416 33.8377 89.1667
394 32.372 89.1783
960 30.5843 89.1925
491 28.6336 89.208
36 28.5663 89.2085
808 28.5029 89.209
141 28.4395 89.2095
124 28.3728 89.2101
806 28.3057 89.2106
773 28.2355 89.2112
430 28.1631 89.2118
611 28.0961 89.2123
631 28.0285 89.2128
28 27.9615 89.2134
368 27.8932 89.2139
761 27.8313 89.2144
919 27.7728 89.2149
696 27.6988 89.2155
859 27.6297 89.216
20 27.5631 89.2166
753 27.4881 89.2172
44 27.4224 89.2177
50 27.3577 89.2182
241 27.3017 89.2187
73 27.2039 89.2195
441 27.1026 89.2203
16 27.0185 89.2209
41 26.9255 89.2217
593 26.8315 89.2224
96 26.7481 89.2231
697 26.6545 89.2239
550 26.5637 89.2246
954 26.4815 89.2252
256 26.3996 89.2259
271 26.3109 89.2266
548 26.2199 89.2273
120 26.1134 89.2282
428 26.0128 89.229
786 25.915 89.2298
418 25.8152 89.2306
918 25.7238 89.2313
253 25.6269 89.2321
306 25.528 89.2329
672 25.4372 89.2336
610 25.3389 89.2344
470 25.2498 89.2351
651 25.1407 89.236
172 25.0509 89.2367
825 20.8368 89.2701
469 20.8368 89.2701
886 20.8368 89.2701
638 20.8368 89.2701
490 20.546 89.2758
757 20.2526 89.2816
714 19.9633 89.2873
916 19.6333 89.2938
399 19.3357 89.2996
768 19.1025 89.3042
409 18.8093 89.31
13 18.4325 89.3174
462 18.0773 89.3244
495 17.7412 89.331
521 17.4313 89.3371
750 16.7042 89.3514
955 16.4869 89.3557
693 16.2645 89.3601
364 16.0617 89.3641
568 15.8812 89.3676
456 15.7173 89.3709
76 15.5422 89.3743
58 15.2689 89.3797
17 14.9912 89.3852
115 14.729 89.3904
833 14.4773 89.3953
386 14.1881 89.401
780 13.9276 89.4062
885 13.6772 89.4111
973 13.3559 89.4175
557 13.0507 89.4235
447 12.7346 89.4297
759 12.4562 89.4352
15 12.4091 89.4361
424 12.3561 89.4372
249 12.2967 89.4383
712 12.2355 89.4395
183 12.1758 89.4407
288 12.1132 89.4419
325 12.0408 89.4434
1 11.9747 89.4447
138 11.9119 89.4459
953 11.845 89.4472
263 11.7833 89.4484
628 11.7256 89.4496
637 11.667 89.4507
200 11.6091 89.4518
827 11.5501 89.453
227 11.4979 89.454
776 11.434 89.4553
871 11.366 89.4566
905 11.283 89.4583
178 11.2041 89.4598
678 11.1321 89.4612
868 11.0626 89.4626
39 10.9952 89.4639
585 10.9285 89.4652
792 10.865 89.4665
547 10.8013 89.4677
446 10.74 89.469
695 10.6791 89.4702
560 10.6131 89.4715
570 10.5378 89.4729
31 10.4747 89.4742
316 10.4085 89.4755
892 10.3404 89.4768
240 10.2714 89.4782
969 10.2051 89.4795
48 10.1465 89.4806
380 10.0764 89.482
213 10.0085 89.4834
933 9.97764 89.484
435 9.93649 89.4848
988 9.89697 89.4856
982 9.85148 88.3086
991 9.80821 87.1889
203 9.80261 87.0441
736 9.79727 86.9058
554 9.79117 86.7481
321 9.78621 86.6197
106 9.78201 86.5113
247 9.7767 86.3737
815 9.77115 86.2304
615 9.7654 86.0817
75 9.76029 85.9495
401 9.75556 85.8272
719 9.75058 85.6983
199 9.74571 85.5723
718 9.74014 85.4283
90 9.73433 85.2781
300 9.72924 85.1464
890 9.7237 85.0031
830 9.71883 84.8771
169 9.71435 84.7613
442 9.71004 84.6499
236 9.70554 84.5333
711 9.70048 84.4026
405 9.69206 84.185
153 9.67779 83.8159
803 9.66478 83.4793
93 9.65129 83.1306
444 9.63782 82.7823
108 9.62494 82.4492
88 9.61143 82.1
699 9.59936 81.7878
304 9.58681 81.4634
95 9.56974 81.0219
546 9.55255 80.5773
914 9.53717 80.1799
301 9.50355 79.3104
436 9.43219 77.4654
433 9.35137 75.3758
939 9.25834 72.9704
799 9.24256 72.5623
381 9.22815 72.1899
445 9.2138 71.8189
347 9.19805 71.4119
717 9.20693 71.4134
665 9.21566 71.4149
694 9.22396 71.4163
728 9.23283 71.4179
277 9.24153 71.4193
119 9.25074 71.4209
482 9.25942 71.4224
338 9.26728 71.4237
427 9.27519 71.4251
3 9.28373 71.4266
657 9.29203 71.428
948 9.30041 71.4294
77 9.30837 71.4308
970 9.31776 71.4324
879 9.32651 71.4339
860 9.33517 71.4354
500 9.34398 71.4369
966 9.35117 71.4381
298 9.36021 71.4397
398 9.37024 71.4414
686 9.37776 71.4427
14 9.38593 71.4441
784 9.39475 71.4456
517 9.40292 71.447
734 9.41201 71.4486
196 9.42229 71.4503
552 9.72191 71.6018
234 9.72191 71.6018
747 9.72191 71.6018
589 9.72191 71.6018
888 11.9511 75.2328
339 11.9519 75.234
701 11.9525 75.235
132 11.9531 75.236
502 11.9538 75.2371
244 11.9546 75.2384
431 11.9552 75.2394
97 11.9557 75.2403
556 11.9564 75.2413
503 11.957 75.2423
667 11.9576 75.2433
429 11.9583 75.2445
426 11.959 75.2455
457 11.9595 75.2465
607 11.9601 75.2473
224 11.9607 75.2484
374 11.9614 75.2495
726 11.9621 75.2505
207 11.9626 75.2514
639 12.0445 75.385
630 12.1268 75.5195
346 12.1807 75.6074
400 12.2434 75.7098
796 12.2943 75.7929
487 12.351 75.8855
578 12.4107 75.983
600 12.4107 75.983
81 12.4107 75.983
168 12.4107 75.983
944 12.4107 75.983
361 14.769 75.4298
272 16.807 74.9518
608 19.0392 74.4282
689 21.2763 73.9035
872 21.8407 73.7712
571 22.268 73.6709
903 22.6603 73.5789
927 23.0185 73.4949
360 23.3626 73.4142
551 23.8872 73.2911
266 24.927 73.0472
730 25.9189 72.8146
189 26.836 72.5994
658 26.8375 72.5089
184 26.8389 72.4219
220 26.8405 72.3234
924 26.8421 72.2282
946 26.8435 72.1462
60 26.8448 72.0626
443 26.8464 71.9668
526 26.848 71.8681
635 26.8495 71.7768
99 26.8511 71.6848
326 26.8526 71.5923
390 26.8543 71.4892
965 26.8558 71.3964
365 26.8573 71.3073
604 26.8584 71.238
21 26.8597 71.1597
223 26.8608 71.0918
333 26.8621 71.0162
167 26.8634 70.9377
56 26.8661 70.7756
591 26.765 70.6686
327 26.6612 70.5588
574 26.5719 70.4642
296 26.4785 70.3654
192 23.5384 67.2532
956 23.5384 67.2532
705 23.6658 67.3081
422 23.7915 67.3623
34 23.9618 67.4356
640 24.1326 67.5092
275 24.2838 67.5744
764 24.425 67.6353
79 24.6187 67.7187
601 24.8056 67.7992
507 24.9912 67.8792
901 25.1793 67.9603
329 25.3496 68.0337
524 25.5346 68.1134
479 25.7428 68.2031
957 25.949 68.292
137 26.1566 68.3815
113 26.3406 68.4608
878 26.5751 68.5618
789 26.7661 68.6441
846 26.9484 68.7227
950 27.1548 68.8116
587 27.3597 68.9
971 27.5627 68.9875
382 27.7662 69.0751
645 27.987 69.1703
720 28.1857 69.2559
493 28.3972 69.3471
839 28.6053 69.4368
765 29.9521 70.0628
308 30.2889 70.2193
267 30.6188 70.3726
454 31.4979 70.7812
596 32.4094 71.2049
614 33.2718 71.6057
359 33.963 71.927
537 34.7045 72.2716
291 35.756 72.7603
163 36.8301 73.2596
910 37.8333 73.7258
662 38.8314 74.1897
724 39.9752 74.7213
807 41.1569 75.2705
437 42.2566 75.7817
484 42.9939 76.1243
215 43.7426 76.4723
947 44.5882 76.8654
940 44.6533 76.8956
857 44.7152 76.9244
563 44.7763 76.9528
134 44.8356 76.9804
350 44.8992 77.0099
171 44.9613 77.0388
404 45.0271 77.0694
270 45.0969 77.1018
976 45.1681 77.1349
226 45.2363 77.1666
294 45.3116 77.2016
564 45.3821 77.2344
840 45.4462 77.2642
80 45.5115 77.2945
755 45.5839 77.3282
144 45.6473 77.3577
252 45.7098 77.3867
540 45.7881 77.4231
855 45.8673 77.4599
649 45.9402 77.4938
82 46.0215 77.5316
193 46.101 77.5686
140 46.1824 77.6064
921 46.2537 77.6396
539 46.3241 77.6723
802 47.8365 78.076
782 49.3351 78.476
642 50.716 78.8446
126 52.1833 79.2362
280 53.772 79.6603
335 55.3714 80.0872
177 57.0195 80.527
297 57.0838 80.3929
460 57.1459 80.2634
931 57.1979 80.155
880 57.2497 80.0469
754 57.3039 79.9339
432 57.375 79.7857
94 57.4351 79.6604
800 57.4924 79.5409
317 57.5473 79.4266
369 57.6062 79.3037
727 57.6722 79.166
378 57.7183 79.07
801 57.7668 78.9689
248 57.8152 78.868
229 57.8763 78.7406
395 57.9368 78.6143
987 57.9998 78.4831
513 58.054 78.37
567 58.1057 78.2624
895 58.1722 78.1236
826 58.2387 77.985
832 58.314 77.8281
9 58.3847 77.6807
582 58.4518 77.5406
575 58.5154 77.408
315 58.5884 77.2559
632 58.6575 77.1118
769 58.7265 76.9679
112 58.7965 76.822
904 58.8649 76.6795
481 58.928 76.5479
18 58.9932 76.4118
51 59.0661 76.26
867 59.138 76.1101
937 59.138 76.1101
67 59.6873 71.4363
420 60.1149 67.7967
91 60.1149 67.7967
605 60.1149 67.7967
468 60.1149 67.7967
440 60.1149 67.7967
340 60.1149 67.7967
509 60.1149 67.7967
595 60.1149 67.7967
453 60.1149 67.7967
238 60.1149 67.7967
173 60.1149 67.7967
668 60.1149 67.7967
617 60.1149 67.7967
393 60.1149 67.7967
654 60.1149 67.7967
650 60.1149 67.7967
478 60.1149 67.7967
109 60.1149 67.7967
762 60.1149 67.7967
744 60.1149 67.7967
577 59.8131 67.6618
68 59.6256 67.5781
907 59.423 67.4877
485 59.2208 67.3974
793 57.9116 67.1475
964 57.2232 67.016
286 56.5185 66.8814
743 55.8489 66.7536
810 55.2559 66.6403
35 54.6133 66.5176
894 53.9289 66.387
986 53.4751 66.3003
523 52.9845 66.2066
225 52.6505 66.1429
216 52.6505 66.1429
779 52.6505 66.1429
84 52.6505 66.1429
235 52.6505 66.1429
791 52.6505 66.1429
968 52.6505 66.1429
847 52.6505 66.1429
671 52.6505 66.1429
208 52.2461 65.1454
281 51.7642 63.9566
293 51.4939 63.2899
647 51.2355 62.6523
538 50.8539 61.7111
597 50.3843 60.5526
515 50.0125 59.6353
498 48.7597 56.5447
906 47.5257 53.5008
342 47.3866 53.5912
471 47.2447 53.6836
512 47.1337 53.7558
945 47.02 53.8298
63 46.9089 53.9021
452 46.7734 53.9902
155 46.6382 54.0782
848 46.5031 54.1661
676 46.3511 54.265
804 46.2206 54.3499
276 46.1138 54.4194
194 45.9776 54.5081
929 45.8265 54.6064
533 45.8265 54.6064
472 45.8265 54.6064
186 45.8265 54.6064
262 45.8265 54.6064
85 45.8265 54.6064
161 45.8265 54.6064
625 45.8265 54.6064
282 45.6043 54.6616
923 45.3698 54.72
188 45.1471 54.7754
621 44.8854 54.8405
410 44.6314 54.9037
30 44.3815 54.9659
732 44.1624 55.0204
912 43.937 55.0765
798 43.7494 55.1231
264 43.5323 55.1771
558 43.318 55.2304
210 43.0958 55.2857
715 42.8717 55.3414
175 42.8717 55.3414
370 42.8717 55.3414
809 42.8717 55.3414
459 42.8717 55.3414
147 42.8717 55.3414
101 42.8717 55.3414
104 42.8717 55.3414
922 42.8717 55.3414
69 42.8717 55.3414
492 42.8717 55.3414
127 42.8717 55.3414
519 42.8717 55.3414
876 42.0253 55.4571
843 41.4663 55.5335
180 40.6483 55.6453
522 39.8778 55.7507
461 39.102 55.8567
89 38.2578 55.9721
49 37.5368 56.0707
576 36.8624 56.1629
54 36.132 56.2627
683 35.3841 56.3649
237 34.0941 56.5413
729 32.57 56.7496
324 31.5481 56.8893
891 30.7151 57.0032
599 29.7369 57.1369
349 28.8467 57.2586
633 28.0573 57.3665
510 27.3141 57.4681
938 26.5309 57.5751
788 25.8746 57.6648
756 25.1671 57.7616
733 24.4014 57.8662
735 23.6393 57.9704
501 22.8893 58.0729
739 19.3343 58.5586
897 17.2259 58.8468
162 14.5517 59.2122
411 13.7409 58.9274
451 12.6714 58.5517
371 10.8176 57.9006
972 10.7893 57.8318
680 10.7665 57.7765
114 10.6532 57.5012
219 10.5383 57.2219
925 10.3978 56.8807
116 10.2601 56.546
463 10.2601 56.546
255 10.2601 56.546
376 10.289 56.287
130 10.3198 56.0102
166 10.3622 55.6298
531 10.4001 55.2889
565 10.4416 54.9164
760 10.4806 54.5665
218 10.5236 54.1798
772 10.5636 53.8213
691 10.6118 53.388
677 10.661 52.9463
990 10.7163 52.4503
849 10.7163 52.4503
122 10.7163 52.4503
805 10.7163 52.4503
57 10.7163 52.4503
100 10.7163 52.4503
352 10.7163 52.4503
214 10.7163 52.4503
703 10.7163 52.4503
981 10.7163 52.4503
336 10.7076 52.3765
936 10.6988 52.3019
527 10.6904 52.2305
770 10.681 52.1504
797 10.6732 52.0846
731 10.6652 52.0161
312 10.6577 51.9523
373 10.6506 51.8926
505 10.6434 51.8311
542 10.636 51.7682
708 10.6289 51.7077
303 10.621 51.6404
128 10.6123 51.567
341 10.6047 51.502
841 10.5972 51.4382
131 10.5901 51.3782
283 10.2095 48.1446
328 10.0326 46.6408
499 10.1436 46.6109
858 10.2705 46.5766
174 10.3737 46.5487
909 10.4637 46.5244
157 10.555 46.4998
182 10.6758 46.4671
489 10.7771 46.4398
534 10.8879 46.4098
863 10.9896 46.3824
749 11.0937 46.3543
423 11.2083 46.3233
154 11.3113 46.2955
279 11.4207 46.2659
652 11.5229 46.2384
403 11.6467 46.2049
663 11.7445 46.1785
496 11.8396 46.1528
222 11.9301 46.1284
698 12.0312 46.1011
958 12.119 46.0774
47 12.2167 46.051
949 12.3366 46.0186
87 12.4316 45.9929
700 12.5302 45.9663
985 12.6206 45.9419
330 12.9187 45.9287
228 13.5998 45.8987
46 14.1998 45.8723
10 14.9851 45.8376
384 15.735 45.8046
616 16.7234 45.761
212 17.7572 45.7154
59 20.936 45.5753
748 21.001 45.5724
723 21.0538 45.5701
771 21.1075 45.5678
913 21.1683 45.5651
78 21.2189 45.5629
476 21.2724 45.5605
148 21.3295 45.558
11 21.3896 45.5554
123 21.439 45.5532
142 21.6258 45.545
535 21.8145 45.5367
603 21.9946 45.5288
388 22.1264 45.523
758 22.2545 45.5174
783 22.412 45.5105
233 22.412 45.5105
269 23.7224 44.2319
778 24.8817 43.1008
545 24.9796 43.0053
302 25.2596 42.7322
38 25.5265 42.4718
391 25.7609 42.2432
908 26.0382 41.9727
619 26.3482 41.6703
688 26.6188 41.4064
413 26.9696 41.0643
508 27.3239 40.7187
687 27.692 40.3596
706 28.0481 40.0122
151 28.3842 39.6844
205 28.7149 39.3619
480 29.0902 38.9958
655 29.3761 38.717
829 29.7184 38.3831
529 30.0954 38.0153
354 30.4287 37.6903
549 30.4895 37.6309
525 30.5488 37.5731
664 30.6158 37.5077
543 30.6778 37.4472
475 30.7458 37.3809
612 30.8203 37.3082
679 30.8901 37.2401
438 30.9537 37.178
32 31.0214 37.1121
65 31.0963 37.039
37 31.1807 36.9567
811 31.2764 36.8633
989 31.3674 36.7745
356 31.4545 36.6895
414 31.6369 36.1688
397 31.8422 35.5831
421 32.2174 34.5122
160 31.9838 33.8842
191 31.778 33.3308
853 31.5751 32.7855
692 31.3576 32.2007
7 31.043 31.355
824 30.5754 30.0978
702 30.1874 29.0548
221 30.0579 28.7067
486 29.923 28.344
899 29.7669 27.9242
602 29.6371 27.5752
121 29.5082 27.2288
337 29.3725 26.8641
626 29.2626 26.5685
246 29.1574 26.2856
379 29.0668 26.0421
26 28.9621 25.7607
834 28.8698 25.5124
307 28.758 25.212
64 28.6489 24.9186
261 28.5532 24.6613
822 28.4424 24.3635
284 28.3259 24.0503
439 28.2143 23.7502
278 28.1153 23.4841
363 27.9866 23.1381
310 27.976 23.1395
709 25.5692 23.4655
915 22.6454 23.8614
125 19.4747 24.2909
869 19.4747 24.2909
4 14.3839 24.03
641 13.9962 24.0101
661 13.5431 23.9869
299 13.0195 23.9601
362 12.5772 23.9374
674 12.1938 23.9178
741 11.8098 23.8981
74 11.3832 23.8762
898 10.9976 23.8565
710 10.9512 23.8541
133 10.9007 23.8515
258 10.8485 23.8489
673 10.7997 23.8464
86 10.7437 23.8435
514 10.8407 23.2955
572 10.9844 22.4835
794 11.1251 21.6883
268 11.3275 20.5447
836 11.5775 19.1317
812 12.2461 15.3533
348 12.2974 15.367
211 12.3462 15.3801
682 12.3927 15.3926
588 12.4422 15.4058
187 12.4876 15.418
366 12.6059 15.4497
881 12.7049 15.4762
963 12.8094 15.5042
722 12.9122 15.5318
629 13.1172 15.5867
646 13.312 15.639
61 13.5208 15.6949
331 13.8078 15.7719
455 14.0945 15.8487
402 15.0598 16.1075
412 15.9293 16.3405
8 17.7325 16.8239
943 19.6442 17.3363
254 20.7933 17.2077
474 21.8717 17.087
902 23.1527 16.9437
111 24.5898 16.7829
488 24.5898 16.7829
883 27.8877 16.6537
351 29.6198 16.5857
407 31.224 16.5228
704 32.548 16.4708
643 33.7706 16.4227
518 36.6097 16.3115
669 36.918 16.8315
287 37.6145 18.0063
653 38.4623 19.4361
573 39.1945 20.6711
419 40.1693 22.3152
467 40.6914 23.1957
787 41.155 23.9776
250 42.9346 26.979
790 44.2306 29.1647
935 44.875 30.2516
917 45.4546 31.2291
257 45.6867 31.6206
586 45.9222 32.0179
164 46.1716 32.4384
865 46.4413 32.8933
289 46.7009 33.3311
555 46.9989 33.8337
566 47.3222 34.379
19 47.5991 34.485
862 47.847 34.5798
751 48.1422 34.6928
681 48.4073 34.7942
934 48.6398 34.8832
781 50.7547 35.6925
844 51.9267 36.1409
785 53.2053 36.6302
217 54.7029 37.2032
644 55.9958 37.698
355 56.3939 37.8503
458 56.8261 38.0157
978 57.296 38.1955
6 57.73 38.3615
623 58.2111 38.5456
377 58.3132 38.5495
870 58.4106 38.5532
675 58.5264 38.5577
594 58.625 38.5614
27 58.7239 38.5652
66 58.8271 38.5691
143 58.9506 38.5739
606 58.9939 38.2622
43 59.0388 37.9388
314 59.0841 37.6119
875 59.1278 37.2976
828 59.1834 36.8965
831 59.2354 36.5222
634 59.2758 36.2315
55 59.3227 35.8931
323 59.3624 35.6074
819 59.4232 35.1695
209 59.4269 35.1429
821 59.4305 35.1164
45 59.4341 35.0908
930 59.4378 35.0643
873 59.442 35.034
197 59.442 35.034
716 59.5896 34.684
358 61.0866 31.1362
777 64.4119 23.2564
24 65.4051 20.9023
721 66.4297 18.474
504 66.6568 17.9355
581 66.9024 17.3535
295 67.1514 16.7634
959 67.4284 16.1067
103 67.8545 15.0968
176 70.2615 16.0688
598 74.2733 17.6886
