0,483,979,243,345,627,260,98,520,590,33,835,143,29,323,606,623,821,45,930,870,377,634,831,594,828,875,458,978,6,43,751,396,926,232,357,70,842,553,675,745,466,117,852,650,538,293,647,425,195,838,387,850,941,592,102,583,967,932,198,334,767,609,942,670,136,242,656,274,190,684,506,107,170,884,497,977,951,920,290,311,450,900,152,837,818,975,110,201,579,385,383,332,372,660,889,685,473,204,528,740,928,25,775,580,820,353,983,742,813,494,417,648,725,854,893,322,465,52,135,149,318,159,620,845,145,464,864,622,666,273,984,285,801,83,158,817,251,42,823,544,477,931,51,847,937,904,481,18,71,340,595,962,744,867,335,216,468,112,509,968,440,605,420,986,161,238,173,668,617,393,654,478,109,762,91,67,855,484,558,782,378,727,208,921,690,754,317,800,453,248,769,415,395,895,832,9,582,575,315,632,857,563,562,807,179,193,513,280,987,561,292,861,416,343,826,814,432,140,460,94,229,297,567,840,118,185,671,992,319,105,882,896,12,659,947,851,40,774,980,309,532,202,305,239,259,539,880,516,961,511,856,369,887,245,636,816,126,584,313,177,367,911,156,737,541,618,624,344,320,23,434,952,707,559,5,713,536,746,62,763,146,548,795,874,448,181,766,974,265,189,394,165,392,877,613,569,53,738,22,389,406,866,449,375,437,940,408,150,530,642,430,241,872,296,697,92,124,470,271,230,418,954,608,428,141,167,918,253,806,76,2,672,96,786,456,752,761,368,28,631,172,20,206,651,919,859,231,223,16,441,73,139,129,490,773,41,13,72,960,611,696,808,610,36,256,638,50,120,44,753,491,768,871,409,593,462,495,521,776,306,227,714,955,693,364,568,885,58,17,115,833,386,780,726,374,825,431,886,757,759,435,380,15,424,249,712,183,288,325,1,138,953,263,628,637,200,827,750,973,557,447,213,933,244,178,678,868,39,585,792,547,446,695,560,570,31,316,892,240,969,48,905,982,988,556,736,321,106,247,815,615,75,401,719,199,718,90,300,890,830,169,442,236,711,405,153,803,93,444,108,88,699,304,95,546,914,301,436,433,399,916,426,600,81,168,578,361,272,944,429,207,203,991,639,630,346,400,796,487,966,946,360,326,339,950,665,694,728,277,119,482,338,427,3,657,948,77,970,879,860,500,224,457,607,298,799,381,445,554,667,739,939,131,686,14,784,517,734,196,888,184,97,503,166,805,122,347,234,747,589,924,717,255,130,376,502,132,162,531,371,925,219,114,680,451,849,677,691,772,218,760,565,57,527,936,336,981,703,214,352,100,708,303,398,116,463,990,128,841,341,489,949,47,958,698,222,496,663,403,652,279,154,423,749,863,534,182,78,476,148,11,87,655,858,909,174,123,157,212,616,384,10,46,228,330,985,700,770,542,505,373,312,731,328,283,499,898,86,836,794,572,514,133,710,682,299,366,187,588,268,641,362,881,673,258,4,74,741,674,402,455,331,61,963,629,661,646,211,412,722,812,669,488,348,8,702,902,474,254,709,943,834,704,354,284,307,824,26,337,287,246,407,363,643,64,351,310,626,379,822,573,439,111,518,419,467,261,653,421,191,289,566,586,934,480,935,917,257,989,529,692,853,883,811,160,915,787,278,829,899,221,121,602,7,486,543,706,679,438,397,32,525,869,664,125,475,758,545,37,508,783,413,151,269,549,748,535,388,205,723,65,612,619,38,687,414,913,34,233,771,640,79,510,729,507,633,59,89,522,778,324,603,733,908,142,302,267,688,797,391,938,788,599,720,903,756,972,422,329,705,965,552,479,897,764,956,735,846,526,971,411,601,524,192,658,689,957,550,574,469,99,927,501,730,113,266,701,275,635,443,551,333,604,252,163,60,878,724,789,537,270,220,912,901,327,349,359,390,587,382,493,365,662,454,540,404,571,910,21,591,596,649,564,226,755,294,779,976,523,171,82,614,215,802,235,715,134,84,894,225,144,80,350,676,804,175,891,683,929,839,308,137,461,54,264,180,576,370,923,645,410,765,56,30,459,188,732,533,809,85,625,282,798,621,519,104,49,291,791,210,237,194,147,127,492,69,922,843,101,356,498,452,281,597,876,906,63,945,512,471,342,155,848,743,276,286,35,810,515,907,485,793,68,964,577,217,644,472,262,186,862,555,250,716,197,19,790,164,865,785,314,873,358,681,27,66,355,781,844,209,777,819,55,176,598,504,959,103,721,581,295,24,
value : 481.314 running time : 58.717301
0 80 20
483 86.2099 17.5369
979 86.2065 17.5472
243 86.2028 17.5587
345 86.1986 17.5714
627 86.1947 17.5833
260 86.1908 17.5952
98 84.0374 24.1737
520 80.8475 27.1991
590 79.9379 28.0617
33 78.8255 29.1166
835 77.4907 30.3825
143 67.0805 36.9609
29 66.1844 37.5272
323 64.9004 38.3385
606 63.4451 39.2582
623 62.118 40.0968
821 62.1389 39.8902
45 62.1556 39.7251
930 62.1709 39.5732
870 62.1868 39.4163
377 62.2056 39.2308
634 62.2237 39.0516
831 62.2429 38.8613
594 62.285 38.9421
828 62.3216 39.0122
875 62.3637 39.093
458 62.4005 39.1635
978 62.4414 39.242
6 62.4769 39.3101
43 62.6623 39.6655
751 62.8289 39.985
396 65.1598 44.4545
926 65.4259 44.9648
232 65.6587 45.4112
357 65.8997 45.8734
70 66.1624 46.3771
842 66.3962 46.8256
553 66.6216 47.2578
675 66.8165 47.6316
745 67.0497 48.0788
466 67.7462 49.4143
117 68.7432 51.3263
852 70.0146 53.7642
650 70.0146 53.7642
538 70.0146 53.7642
293 70.0146 53.7642
647 70.0146 53.7642
425 70.7549 53.5385
195 71.3443 53.3588
838 71.8071 53.2177
387 72.0563 53.1417
850 72.281 53.0732
941 72.5278 52.9979
592 72.8072 52.9128
102 73.0311 52.8445
583 73.2978 52.7632
967 73.5836 52.6761
932 73.8478 52.5955
198 74.0944 52.5203
334 74.2913 52.4603
767 74.4977 52.3974
609 74.7568 52.3184
942 74.9708 52.2531
670 75.2567 52.166
136 75.544 52.0784
242 75.7623 52.0119
656 75.9519 51.954
274 76.2052 51.8768
190 76.817 52.5307
684 79.5394 55.4401
506 80.9163 56.9116
107 81.9175 57.9815
170 82.6688 58.7844
884 83.3399 59.5016
497 84.059 60.2702
977 83.9746 60.5272
951 83.898 60.7601
920 83.7968 61.0681
290 80.3281 71.6259
311 80.7185 72.3712
450 80.8027 72.532
900 80.8694 72.6594
152 80.9456 72.8048
837 81.0375 72.9802
818 81.1352 73.1667
975 81.218 73.3248
110 81.3062 73.4932
201 81.4969 73.8574
579 81.8395 74.5113
385 82.1996 75.1989
383 82.5987 75.9609
332 83.7525 78.1638
372 85.9971 82.4497
660 85.8346 82.7157
889 85.5886 83.1183
685 85.3793 83.461
473 85.1657 83.8105
204 84.9841 84.1077
528 84.7564 84.4805
740 83.8538 85.9578
928 82.8818 87.5486
25 82.8818 87.5486
775 79.6842 88.0613
580 77.9897 88.3329
820 77.9897 88.3329
353 77.9897 88.3329
983 77.9897 88.3329
742 77.778 88.3061
813 77.5672 88.2793
494 77.3812 88.2558
417 77.1899 88.2315
648 77.0145 88.2093
725 76.8287 88.1857
854 76.6185 88.159
893 76.4344 88.1357
322 76.2354 88.1105
465 75.9501 88.0743
52 75.7272 88.046
135 75.7272 88.046
149 74.802 87.7592
318 74.2592 87.5909
159 73.7419 87.4306
620 73.1558 87.2489
845 72.976 87.0671
145 72.8031 86.8923
464 72.6414 86.7287
864 72.4791 86.5646
622 72.3218 86.4056
666 72.1734 86.2554
273 72.0123 86.0926
984 71.8527 85.9311
285 71.7359 85.8131
801 71.5968 85.6724
83 71.5968 85.6724
158 71.5968 85.6724
817 71.5968 85.6724
251 71.467 85.4656
42 71.2965 85.1941
823 71.1138 84.903
544 70.9325 84.6142
477 70.0821 83.2596
931 69.1504 81.7755
51 68.3879 80.5608
847 67.7195 79.4961
937 67.3297 78.8752
904 66.8527 78.1153
481 66.4599 77.4896
18 66.0045 76.7643
71 65.546 76.0339
340 64.9691 75.1149
595 64.5086 74.3814
962 64.2094 73.9048
744 63.8988 73.41
867 63.527 72.8177
335 63.1742 72.2558
216 61.0917 68.9386
468 61.0917 68.9386
112 61.0917 68.9386
509 61.0917 68.9386
968 61.0917 68.9386
440 61.0917 68.9386
605 61.0917 68.9386
420 61.0917 68.9386
986 60.5093 69.1674
161 60.2419 69.2725
238 60.01 69.3636
173 59.7568 69.4631
668 59.4818 69.5712
617 59.1993 69.6822
393 58.9708 69.772
654 58.7197 69.8707
478 58.4319 69.9837
109 57.8658 70.2062
762 57.4009 70.3889
91 56.9008 70.5854
67 56.5053 70.7408
855 55.8487 70.9988
484 55.2777 71.2232
558 54.8534 71.3899
782 54.8418 71.4459
378 54.8311 71.497
727 54.8311 71.497
208 53.5094 73.8268
921 52.0605 76.3809
690 50.6949 78.7881
754 50.6694 78.8331
317 50.6485 78.8698
800 50.6276 78.9066
453 50.606 78.9447
248 50.5704 79.0075
769 50.5401 79.0609
415 50.5055 79.1219
395 50.4771 79.1721
895 50.4456 79.2276
832 50.4156 79.2804
9 50.3839 79.3363
582 50.35 79.3961
575 50.3139 79.4598
315 50.2826 79.515
632 50.2488 79.5745
857 50.2125 79.6385
563 50.1732 79.7078
562 50.1344 79.7762
807 50.0971 79.842
179 50.0634 79.9013
193 50.0299 79.9605
513 49.9987 80.0154
280 49.9641 80.0764
987 49.9302 80.1362
561 49.8863 80.2137
292 49.8461 80.2845
861 49.8461 80.2845
416 49.8461 80.2845
343 50.2083 80.5505
826 50.5255 80.7835
814 50.8697 81.0363
432 51.1943 81.2748
140 51.5444 81.532
460 51.8836 81.7811
94 52.1829 82.0009
229 52.5413 82.2642
297 52.8932 82.5227
567 52.3442 82.8664
840 50.444 84.056
118 51.4822 85.8195
185 52.3061 87.2188
671 52.3061 87.2188
992 52.3829 88.0215
319 52.1974 88.0946
105 52.0544 88.151
882 51.9281 88.2007
896 51.8163 88.2447
12 51.7016 88.2899
659 51.5689 88.3422
947 51.4587 88.3856
851 51.3472 88.4295
40 51.2319 88.475
774 51.1101 88.523
980 50.9879 88.5711
309 50.8449 88.6275
532 50.8449 88.6275
202 50.8449 88.6275
305 50.8449 88.6275
239 50.8449 88.6275
259 50.8449 88.6275
539 50.8449 88.6275
880 50.8449 88.6275
516 50.8449 88.6275
961 50.8449 88.6275
511 50.8449 88.6275
856 50.8449 88.6275
369 50.8449 88.6275
887 50.8449 88.6275
245 50.8449 88.6275
636 50.8449 88.6275
816 50.8449 88.6275
126 50.8449 88.6275
584 50.8449 88.6275
313 50.8449 88.6275
177 50.8449 88.6275
367 50.8449 88.6275
911 50.8449 88.6275
156 50.754 88.6267
737 50.6773 88.6261
541 50.5903 88.6254
618 50.511 88.6248
624 50.4317 88.6241
344 50.3505 88.6235
320 50.09 88.6214
23 49.8636 88.6196
434 49.1578 88.614
952 47.9369 88.6043
707 46.3391 88.5916
559 46.0572 88.5894
5 45.7756 88.5871
713 45.4981 88.5849
536 45.2219 88.5827
746 44.9238 88.5804
62 44.6089 88.5779
763 44.2154 88.5748
146 43.8136 88.5716
548 43.4701 88.5688
795 43.1494 88.5663
874 42.919 88.5645
448 42.643 88.5623
181 42.3863 88.5602
766 42.1343 88.5582
974 41.8675 88.5561
265 41.7678 88.5553
189 41.6868 88.5547
394 41.6019 88.554
165 41.5179 88.5534
392 41.4194 88.5526
877 41.3296 88.5519
613 41.2394 88.5512
569 41.1564 88.5505
53 41.0719 88.5499
738 40.9859 88.5492
22 40.9058 88.5486
389 40.8322 88.548
406 40.7599 88.5474
866 40.6659 88.5467
449 40.5732 88.546
375 40.4872 88.5453
437 40.4023 88.5446
940 40.3246 88.544
408 39.9089 88.5407
150 39.3575 88.5364
530 39.0042 88.5336
642 38.5442 88.53
430 30.7035 88.468
241 30.7035 88.468
872 30.7035 88.468
296 30.7035 88.468
697 30.7035 88.468
92 30.7035 88.468
124 30.7035 88.468
470 30.7035 88.468
271 30.7035 88.468
230 30.7035 88.468
418 30.7035 88.468
954 30.7035 88.468
608 30.7035 88.468
428 30.7369 88.5399
141 30.7679 88.6067
167 30.7971 88.6697
918 30.8297 88.7399
253 30.8595 88.8041
806 30.8889 88.8674
76 30.9209 88.9363
2 30.9543 89.0082
672 30.9898 89.0848
96 31.0251 89.1608
786 31.0591 89.2339
456 31.0913 89.3035
752 31.0913 89.3035
761 31.0913 89.3035
368 31.0913 89.3035
28 31.0913 89.3035
631 31.0913 89.3035
172 31.0913 89.3035
20 31.0913 89.3035
206 31.0913 89.3035
651 31.0163 89.3204
919 30.957 89.3338
859 30.889 89.3492
231 30.8302 89.3625
223 30.7669 89.3768
16 30.6982 89.3923
441 30.6324 89.4072
73 30.6324 89.4072
139 30.6324 89.4072
129 30.0324 89.3005
490 29.1135 89.1372
773 28.3695 89.0049
41 27.5964 88.8674
13 26.9261 88.7482
72 26.8545 88.7355
960 26.7618 88.719
611 26.5748 88.6858
696 26.3815 88.6514
808 26.2105 88.621
610 26.0111 88.5856
36 25.8208 88.5518
256 25.6443 88.5204
638 25.4398 88.484
50 25.2141 88.4439
120 25.0296 88.4111
44 24.8138 88.3728
753 24.6047 88.3356
491 24.4161 88.3021
768 24.2275 88.2686
871 24.0223 88.2321
409 23.8313 88.1981
593 23.613 88.1593
462 23.3894 88.1196
495 23.1934 88.0848
521 23.0249 88.0548
776 22.8229 88.0189
306 22.6451 87.9873
227 22.4268 87.9485
714 22.2331 87.9141
955 19.1224 87.3613
693 18.3483 87.2238
364 18.1083 87.1811
568 18.1083 87.1811
885 18.1083 87.1811
58 18.1083 87.1811
17 18.1083 87.1811
115 18.1083 87.1811
833 18.1083 87.1811
386 18.1083 87.1811
780 18.1083 87.1811
726 18.1083 87.1811
374 14.4549 87.4988
825 14.4549 87.4988
431 14.4549 87.4988
886 14.4549 87.4988
757 14.4549 87.4988
759 12.2095 88.2719
435 11.3386 88.5718
380 11.2806 88.5918
15 11.2329 88.6082
424 11.1795 88.6266
249 11.1066 88.6517
712 11.026 88.6795
183 10.9493 88.7059
288 10.8703 88.7331
325 10.7786 88.7647
1 10.682 88.798
138 10.5916 88.8291
953 10.5036 88.8594
263 10.4245 88.8866
628 10.3498 88.9124
637 10.2699 88.9399
200 10.1882 88.968
827 10.1094 88.9952
750 10.0392 89.0193
973 9.97202 89.0425
557 9.90127 89.0668
447 9.82021 89.0948
213 9.74161 89.1218
933 9.73523 89.124
244 9.72823 89.1264
178 9.71829 89.1299
678 9.70805 89.1334
868 9.69887 89.1366
39 9.69075 89.1394
585 9.68315 89.142
792 9.67647 89.1443
547 9.66938 89.1467
446 9.66282 89.149
695 9.65649 89.1512
560 9.64922 89.1537
570 9.64028 89.1567
31 9.63232 89.1595
316 9.62374 89.1624
892 9.61532 89.1653
240 9.6067 89.1683
969 9.59792 89.1713
48 9.59072 89.1738
905 9.58218 89.1768
982 9.57346 89.1798
988 9.56395 89.183
556 9.97013 87.1612
736 9.99525 87.0362
321 10.0227 86.8993
106 10.0438 86.7946
247 10.0712 86.6579
815 10.0997 86.5161
615 10.1287 86.3719
75 10.1548 86.2416
401 10.1786 86.1233
719 10.2039 85.9976
199 10.2287 85.8741
718 10.2575 85.7306
90 10.2869 85.584
300 10.3133 85.4529
890 10.3413 85.3135
830 10.3657 85.1918
169 10.3873 85.0843
442 10.4082 84.9801
236 10.4303 84.87
711 10.4559 84.743
405 10.4897 84.5745
153 10.5485 84.2816
803 10.6042 84.0043
93 10.6629 83.7123
444 10.7206 83.4249
108 10.7759 83.1497
88 10.8337 82.862
699 10.8845 82.6089
304 10.9373 82.3461
95 11.002 82.0237
546 11.067 81.7004
914 11.125 81.4115
301 11.2098 80.9895
436 11.3138 80.4717
433 11.4136 79.9747
399 11.5012 79.5388
916 11.5993 79.0504
426 11.7148 78.4753
600 11.8431 77.8365
81 11.9006 77.5503
168 11.9006 77.5503
578 11.9006 77.5503
361 11.8281 77.1989
272 11.7575 76.8561
944 11.693 76.5431
429 11.6192 76.1853
207 11.5509 75.8539
203 11.5048 75.6299
991 11.454 75.3832
639 11.4018 75.1303
630 11.349 74.8738
346 11.3029 74.6504
400 11.255 74.4177
796 11.2086 74.1923
487 11.1611 73.9621
966 11.1122 73.7248
946 11.1122 73.7248
360 11.1122 73.7248
326 11.1122 73.7248
339 11.1122 73.7248
950 11.1122 73.7248
665 11.1122 73.7248
694 11.1122 73.7248
728 11.1122 73.7248
277 11.1122 73.7248
119 11.1122 73.7248
482 11.1122 73.7248
338 11.1122 73.7248
427 11.1122 73.7248
3 11.1122 73.7248
657 11.1122 73.7248
948 11.1122 73.7248
77 11.1122 73.7248
970 11.1122 73.7248
879 11.1122 73.7248
860 11.1122 73.7248
500 11.1122 73.7248
224 11.1122 73.7248
457 11.1122 73.7248
607 11.1122 73.7248
298 11.1122 73.7248
799 11.1122 73.7248
381 11.1122 73.7248
445 11.1122 73.7248
554 11.1122 73.7248
667 11.181 72.7354
739 11.2474 71.78
939 11.3172 70.7752
131 11.4719 70.6606
686 11.6061 70.5612
14 11.7497 70.4549
784 11.9024 70.3418
517 12.0444 70.2367
734 12.2037 70.1187
196 12.386 69.9837
888 12.5452 69.8658
184 12.4488 69.5016
97 11.9315 67.5473
503 11.3979 65.5313
166 10.6844 62.8355
805 10.4606 61.9898
122 10.2997 61.3821
347 10.5095 61.3392
234 10.7494 61.2902
747 11.0149 61.2359
589 11.281 61.1815
924 11.5399 61.1287
717 11.5422 61.0261
255 11.5446 60.9179
130 11.547 60.8108
376 11.5494 60.7016
502 11.5517 60.6007
132 11.5543 60.4835
162 11.5569 60.3659
531 11.5602 60.2206
371 11.563 60.0952
925 11.5662 59.9513
219 11.5689 59.8317
114 11.5719 59.6973
680 11.575 59.562
451 11.5788 59.3919
849 11.5824 59.2294
677 11.5844 59.1407
691 11.5863 59.0544
772 11.5882 58.9686
218 11.5904 58.8713
760 11.5924 58.7843
565 11.5945 58.6884
57 11.5968 58.5876
527 11.5987 58.5002
936 11.6006 58.4156
336 11.6023 58.3393
981 11.604 58.2621
703 11.6059 58.1793
214 11.6081 58.0816
352 11.6102 57.9884
100 11.6121 57.9019
708 11.6139 57.8199
303 11.6157 57.7405
398 11.6173 57.667
116 11.7198 53.095
463 12.1051 52.3259
990 12.4792 51.5791
128 12.6956 51.1471
841 12.9698 50.5997
341 13.2341 50.0721
489 13.4979 49.5455
949 13.789 48.9645
47 14.0314 48.4804
958 14.3387 47.867
698 14.4007 47.7432
222 14.4658 47.6132
496 14.5353 47.4746
663 14.6028 47.3399
403 14.6648 47.2161
652 14.7204 47.1051
279 14.7797 46.9867
154 14.8453 46.8557
423 14.9138 46.7189
749 14.9723 46.6021
863 15.0398 46.4673
534 15.1022 46.3429
182 15.1695 46.2085
78 15.2452 46.0574
476 15.3118 45.9244
148 15.3788 45.7907
11 15.4471 45.6542
87 14.8017 45.2135
655 14.4342 44.9626
858 14.0063 44.6705
909 13.4879 44.3165
174 13.0195 43.9968
123 12.4542 43.6107
157 11.9186 43.2451
212 11.9233 43.0157
616 11.9277 42.7974
384 11.932 42.5868
10 11.9364 42.3752
46 11.9403 42.1825
228 11.9443 41.986
330 11.9483 41.7913
985 11.9526 41.5813
700 11.9564 41.3974
770 11.9599 41.2281
542 11.9633 41.0607
505 11.9671 40.8741
373 11.9713 40.6695
312 11.9758 40.4528
731 11.9803 40.2342
328 11.9846 40.0204
283 11.989 39.8078
499 11.993 39.6103
898 12.1741 30.6885
86 12.189 29.9529
836 12.2056 29.1363
794 12.222 28.3327
572 12.2378 27.5552
514 12.2532 26.7984
133 12.2737 25.7875
710 12.2968 24.6517
682 12.3229 23.371
299 12.3393 22.5614
366 12.3588 21.605
187 12.3744 20.8339
588 12.3797 20.5762
268 12.3844 20.3445
641 12.3902 20.0591
362 12.3967 19.7356
881 12.4029 19.4298
673 12.4029 19.4298
258 12.4029 19.4298
4 12.4029 19.4298
74 12.4166 19.2134
741 12.4348 18.9259
674 12.4532 18.6365
402 12.469 18.3855
455 12.4863 18.1129
331 12.505 17.8176
61 12.5252 17.4982
963 12.5432 17.2141
629 12.5645 16.8774
661 12.5815 16.6081
646 12.6035 16.2617
211 12.6232 15.9494
412 12.6429 15.6387
722 12.6641 15.3037
812 12.6793 15.064
669 20.1065 17.2543
488 20.1939 17.2801
348 20.2855 17.3071
8 20.3916 17.3384
702 20.4964 17.3693
902 20.5934 17.3979
474 20.6888 17.4261
254 20.7919 17.4565
709 20.901 17.4887
943 20.9874 17.5141
834 33.3805 18.6262
704 33.3805 18.6262
354 33.3805 18.6262
284 33.4955 18.5682
307 33.6167 18.5072
824 33.7445 18.4428
26 33.9 18.3644
337 34.0327 18.2975
287 34.1547 18.236
246 34.2587 18.1836
407 34.385 18.12
363 34.494 18.065
643 34.5917 18.0158
64 34.7143 17.954
351 34.8518 17.8847
310 34.9725 17.8239
626 35.0796 17.7699
379 35.196 17.7113
822 35.322 17.6478
573 35.4536 17.5814
439 35.5679 17.5238
111 36.3866 17.1112
518 37.292 16.6549
419 38.6084 22.1528
467 38.2103 23.2932
261 37.8918 24.2058
653 37.5888 25.0741
421 36.8629 27.1541
191 36.4446 28.3527
289 36.1 29.3401
566 35.0114 32.4593
586 34.9779 32.443
934 34.9459 32.4274
480 34.9198 32.4147
935 34.8908 32.4006
917 34.8602 32.3857
257 34.8264 32.3693
989 34.7941 32.3536
529 34.5912 32.2549
692 34.4161 32.1697
853 34.2175 32.0731
883 33.9939 31.9644
811 33.2867 32.054
160 32.615 32.1391
915 31.8552 32.2354
787 31.2471 32.3124
278 30.6343 32.39
829 29.975 32.4736
899 29.3887 32.5478
221 29.3314 33.2175
121 29.2737 33.8914
602 29.2134 34.5962
7 29.1466 35.3753
486 29.0839 36.108
543 29.0238 36.8093
706 28.9715 37.4201
679 28.9229 37.9889
438 28.8749 38.5496
397 28.8283 39.094
32 28.7831 39.6215
525 28.7366 40.1652
869 28.6928 40.6764
664 28.6468 41.2144
125 28.6013 41.7462
475 28.5431 42.4253
758 28.4859 43.094
545 28.4858 43.0946
37 28.4858 43.095
508 28.4857 43.0954
783 28.4857 43.0958
413 28.4857 43.0962
151 28.4856 43.0966
269 28.4856 43.0971
549 28.4856 43.0974
748 28.4855 43.0979
535 28.4855 43.0983
388 28.4855 43.0987
205 28.4854 43.099
723 28.4854 43.0995
65 28.4854 43.0999
612 28.4154 43.9282
619 28.3414 44.8045
38 28.2606 45.7619
687 28.1775 46.7466
414 28.0972 47.6973
913 28.0325 48.4631
34 27.9731 49.1654
233 27.9731 49.1654
771 27.9731 49.1654
640 27.9731 49.1654
79 27.9731 49.1654
510 27.9731 49.1654
729 27.9731 49.1654
507 27.9731 49.1654
633 27.9731 49.1654
59 27.9731 49.1654
89 27.9731 49.1654
522 27.9731 49.1654
778 27.7583 49.778
324 27.5326 50.4211
603 27.3199 51.0276
733 27.0985 51.6589
908 26.9632 52.0446
142 26.8153 52.4663
302 26.666 52.892
267 26.4944 53.3812
688 26.3486 53.7968
797 26.1997 54.2215
391 26.0244 54.7212
938 25.8358 55.259
788 25.6423 55.8105
599 25.4649 56.3163
720 25.3012 56.7831
903 25.1534 57.2045
756 25.0224 57.578
972 24.8829 57.9757
422 24.7368 59.0411
329 24.5752 60.2206
705 24.4357 61.2382
965 24.2698 62.4486
552 24.1222 63.5252
479 23.991 64.4821
897 23.991 64.4821
764 23.991 64.4821
956 23.991 64.4821
735 23.991 64.4821
846 23.991 64.4821
526 23.991 64.4821
971 23.991 64.4821
411 23.991 64.4821
601 23.991 64.4821
524 23.991 64.4821
192 23.991 64.4821
658 24.387 67.255
689 24.6099 68.8162
957 24.7311 69.6647
550 24.9425 71.1455
574 25.0873 72.1598
469 25.2405 73.2322
99 25.2405 73.2322
927 25.2405 73.2322
501 25.2405 73.2322
730 25.2405 73.2322
113 25.2405 73.2322
266 25.2405 73.2322
701 25.2405 73.2322
275 25.2405 73.2322
635 25.2405 73.2322
443 25.2405 73.2322
551 25.2405 73.2322
333 26.2301 72.9781
604 27.2651 72.7122
252 28.2875 72.4496
163 29.1631 72.2247
60 29.4561 72.1494
878 29.797 72.0619
724 30.1174 71.9796
789 30.379 71.9124
537 30.6851 71.8337
270 31.0355 71.7437
220 31.3177 71.6713
912 31.9481 71.5093
901 31.9481 71.5093
327 31.9481 71.5093
349 31.9481 71.5093
359 31.9481 71.5093
390 31.9481 71.5093
587 31.9481 71.5093
382 31.9481 71.5093
493 32.4904 71.3989
365 32.959 71.3035
662 33.3901 71.2157
454 33.8381 71.1244
540 34.3393 71.0224
404 34.8046 70.9276
571 35.2502 70.8369
910 35.7285 70.7395
21 36.1795 70.6476
591 36.6341 70.555
596 37.1158 70.4569
649 37.5631 70.3658
564 38.0508 70.2665
226 38.2431 70.2274
755 38.4564 70.1839
294 38.6364 70.1473
779 38.8122 70.1115
976 38.9765 70.078
523 39.1472 70.0432
171 39.3135 70.0093
82 39.4868 69.974
614 39.4868 69.974
215 39.4869 69.974
802 39.4869 69.974
235 40.2935 67.9834
715 40.9057 66.4727
134 41.5072 64.9882
84 42.2208 63.2272
894 42.2516 63.1512
225 42.2844 63.0703
144 42.3185 62.9863
80 42.3561 62.8934
350 42.3966 62.7936
676 42.606 62.2769
804 42.8058 61.784
175 43.0039 61.2951
891 43.2095 60.7878
683 43.2361 60.7224
929 43.2637 60.6542
839 43.2902 60.5887
308 43.3158 60.5255
137 43.3464 60.4501
461 43.3892 60.3444
54 43.4231 60.2607
264 43.4613 60.1666
180 43.5001 60.0707
576 43.5302 59.9964
370 43.5639 59.9134
923 43.5957 59.8348
645 43.6225 59.7686
410 43.7158 59.5384
765 43.8161 59.2908
56 43.9156 59.0454
30 44.0347 58.7514
459 44.1455 58.4781
188 44.2758 58.1565
732 44.3684 57.9279
533 44.4675 57.6834
809 44.5696 57.4314
85 44.6757 57.1696
625 44.6757 57.1696
282 44.6846 57.0238
798 44.6943 56.8637
621 44.7047 56.6937
519 44.715 56.5247
104 44.7232 56.3909
49 44.7336 56.2205
291 44.7408 56.103
791 44.7502 55.9479
210 44.7618 55.7577
237 44.7723 55.5854
194 44.7832 55.4072
147 44.7924 55.2573
127 44.7972 55.1785
492 44.8022 55.0966
69 44.8073 55.0123
922 44.8119 54.9367
843 44.8167 54.858
101 44.8214 54.7804
356 44.827 54.6891
498 44.827 54.6891
452 44.827 54.6891
281 44.827 54.6891
597 44.827 54.6891
876 44.827 54.6891
906 50.4416 54.0332
63 50.4982 54.0464
945 50.5503 54.0586
512 50.6013 54.0706
471 50.6558 54.0833
342 50.7119 54.0965
155 50.7681 54.1096
848 51.2467 54.2216
743 51.8344 54.3592
276 52.36 54.4822
286 53.0796 54.6506
35 53.7413 54.8055
810 54.3613 54.9506
515 54.9561 55.0898
907 55.4237 55.1992
485 55.8267 55.2935
793 56.1925 55.3791
68 56.6221 55.4797
964 56.2826 54.3209
577 55.7848 52.6215
217 55.2163 50.6804
644 54.7887 49.2209
472 54.3558 47.7433
262 53.9599 46.3919
186 53.5083 44.8501
862 52.5419 41.5505
555 52.7497 39.9752
250 52.7497 39.9752
716 52.7497 39.9752
197 52.7497 39.9752
19 52.7497 39.9752
790 52.7497 39.9752
164 54.5575 36.908
865 54.8466 36.4175
785 55.1241 35.9466
314 55.3867 35.501
873 55.6728 35.0155
358 55.906 34.6198
681 56.1448 34.2146
27 56.3915 33.796
66 56.6222 33.4045
355 56.9199 32.8993
781 57.2272 32.3779
844 57.5011 31.913
209 58.6168 30.02
777 61.4931 25.1403
819 62.0985 24.113
55 62.6993 23.0936
176 64.0995 20.7178
598 64.7696 19.5808
504 65.468 18.3956
959 66.1806 17.1865
103 67.282 15.3177
721 68.6402 15.8178
581 69.904 16.2831
295 71.6325 16.9195
24 74.0672 17.8159
