0,979,243,483,260,627,98,590,345,967,242,170,198,920,136,884,33,195,323,553,520,274,466,745,29,592,143,932,835,951,387,850,497,838,684,107,506,201,977,332,311,372,660,450,528,204,864,648,740,685,889,473,322,25,135,928,820,983,158,854,580,666,742,494,775,159,893,318,620,690,931,856,251,464,353,149,465,317,544,575,622,177,285,911,313,774,947,887,185,992,477,42,408,737,541,896,851,624,344,449,206,569,516,165,53,5,584,511,23,874,766,559,375,961,434,532,618,389,305,814,62,707,259,659,636,713,256,755,746,866,539,763,105,245,638,548,309,437,610,172,470,181,239,146,448,428,150,409,265,36,271,230,253,343,72,877,22,672,129,73,416,392,226,394,156,840,241,561,92,404,432,484,189,724,225,649,894,270,540,319,415,563,921,134,235,530,406,40,779,453,410,676,558,179,847,335,940,857,12,800,986,564,369,861,112,280,229,968,216,101,582,286,617,791,393,282,468,668,67,290,654,340,173,440,208,782,515,161,855,762,577,743,84,478,460,964,904,18,94,509,513,671,378,632,987,91,895,395,68,727,605,769,9,315,952,754,816,562,248,980,802,880,193,82,536,109,807,367,826,215,567,882,140,320,642,126,118,51,273,984,832,297,845,817,813,52,145,202,937,725,83,481,823,818,744,801,417,837,962,975,383,110,852,152,385,71,579,485,647,425,238,334,420,941,102,656,583,190,900,867,595,650,519,396,793,623,942,810,35,293,767,907,538,625,609,875,634,870,681,232,842,594,117,930,675,606,644,357,43,670,217,978,70,926,85,19,935,356,358,63,262,197,191,421,458,257,853,844,69,917,377,716,472,906,862,783,237,843,276,566,155,790,692,66,498,492,188,597,922,281,370,264,945,732,923,186,848,342,876,778,194,180,748,512,365,619,89,49,175,459,576,756,56,804,929,104,359,461,210,171,30,621,798,765,571,523,683,912,308,533,54,689,252,965,910,80,715,788,471,291,971,809,957,901,878,21,144,163,730,390,501,292,294,60,526,919,490,918,223,124,537,424,574,454,578,76,350,296,773,885,167,614,806,976,872,635,974,696,768,96,786,28,288,521,17,430,753,714,752,613,738,631,139,808,418,183,960,611,871,441,120,306,651,593,456,695,973,776,44,115,227,13,231,795,761,20,2,16,141,333,469,491,462,95,368,859,495,50,447,833,249,712,955,443,326,637,969,435,890,905,240,433,90,678,827,263,236,446,321,386,830,711,982,568,138,200,380,557,933,815,405,304,628,15,750,301,693,547,106,199,868,39,585,916,988,442,300,213,153,792,803,364,719,247,892,914,546,718,1,736,444,48,759,615,953,169,780,503,400,556,224,860,374,346,728,991,639,570,203,207,886,108,699,401,316,399,436,325,31,360,479,244,58,184,944,680,361,113,757,487,88,658,600,431,608,429,457,162,701,657,97,502,81,482,339,601,927,946,825,266,789,41,950,93,220,888,604,132,219,846,550,662,560,451,897,591,99,329,697,327,587,398,796,954,705,59,640,645,79,552,630,510,720,729,137,382,267,839,596,735,324,903,599,218,192,275,272,703,349,130,733,411,772,981,422,376,764,14,168,551,500,726,119,739,114,445,196,879,691,178,426,554,75,298,694,77,427,924,939,371,925,234,966,347,277,734,381,338,686,799,524,255,970,717,948,607,3,667,665,131,517,677,747,784,505,589,122,760,373,303,47,708,527,463,531,116,770,222,157,128,328,652,565,166,214,384,731,341,534,849,476,352,949,542,805,174,336,182,972,841,228,909,57,749,212,123,489,312,78,863,283,797,958,10,423,663,758,154,46,990,936,616,100,391,858,655,87,507,32,956,543,438,633,891,771,698,496,34,142,279,938,233,545,664,413,493,269,811,38,679,603,522,452,475,403,11,127,302,205,529,549,148,397,908,525,37,723,147,7,829,480,388,706,989,151,535,687,688,913,508,414,700,641,354,284,943,268,915,65,486,612,902,278,125,824,474,514,121,682,836,348,572,661,330,499,362,898,187,74,794,86,258,673,61,985,963,455,331,4,133,402,299,710,412,722,629,881,646,741,588,366,812,488,674,211,8,254,407,626,573,602,702,363,221,351,643,439,899,669,518,64,287,787,246,307,261,934,160,26,337,709,310,883,379,467,869,586,834,653,164,289,111,822,704,209,355,831,555,873,865,419,250,751,785,55,828,27,6,781,45,821,314,581,504,24,103,819,295,598,959,777,176,721,
value : 570.005 running time : 28.572868
0 80 20
979 83.6105 18.6127
243 85.4404 17.9097
483 86.2684 17.5916
260 86.2684 17.5916
627 86.093 20.1027
98 85.7745 24.6622
590 85.6648 26.233
345 85.5882 27.3298
967 84.4535 43.5563
242 84.3754 44.6761
170 84.3428 45.1425
198 84.3428 45.1425
920 84.3428 45.1425
136 84.3428 45.1425
884 84.3428 45.1425
33 84.3428 45.1425
195 82.3384 45.5686
323 80.4866 45.9622
553 80.4866 45.9622
520 80.4866 45.9622
274 80.2033 46.3829
466 79.9041 46.8274
745 79.6029 47.2749
29 79.2811 47.7529
592 78.9525 48.2409
143 78.6181 48.7376
932 78.8638 49.2712
835 79.0986 49.7811
951 80.1635 52.0947
387 81.1696 54.2806
850 82.1871 56.4911
497 84.2161 60.9
838 84.281 61.4802
684 84.3609 62.1945
107 84.4416 62.9156
506 84.5854 64.1999
201 84.7566 65.7299
977 84.9582 67.5308
332 85.4041 71.5132
311 85.906 75.9958
372 86.3476 79.9401
660 86.155 80.2212
450 85.9346 80.5429
528 85.65 80.9584
204 85.3204 81.4394
864 84.9352 82.0017
648 84.6863 82.365
740 84.4401 82.7244
685 84.1939 83.0837
889 83.9217 83.4811
473 83.6614 83.8611
322 83.41 84.228
25 83.1801 84.5636
135 80.5554 88.3948
928 80.3996 88.6222
820 79.4893 88.688
983 78.6487 88.7487
158 77.3322 88.8437
854 76.3695 88.9133
580 75.5096 88.9753
666 74.8418 89.0236
742 74.2096 89.0692
494 73.539 89.1176
775 72.8276 89.169
159 72.1429 89.2185
893 71.3686 89.2744
318 69.6329 89.3997
620 67.9238 89.5231
690 66.4074 89.6326
931 65.7257 89.6818
856 65.0975 89.7272
251 64.8003 89.7486
464 64.4648 89.7729
353 64.1418 89.7962
149 63.7799 89.8223
465 63.3848 89.8508
317 62.942 89.8828
544 62.5188 89.9134
575 62.0364 89.9482
622 61.5987 89.9798
177 61.1158 90.0147
285 60.6389 90.0491
911 59.9372 90.0998
313 59.3107 90.145
774 58.7371 90.1864
947 58.2388 90.2224
887 57.8147 90.253
185 57.4017 90.2828
992 56.9514 90.3153
477 56.4694 90.3502
42 55.9119 90.3904
408 55.0053 90.4559
737 54.2928 90.5073
541 53.4794 90.566
896 52.9189 90.6065
851 52.3398 90.6483
624 51.7361 90.6919
344 51.125 90.736
449 50.3892 90.7892
206 49.9033 90.8242
569 49.4728 90.8553
516 49.2959 90.8681
165 49.1069 90.8817
53 48.9221 90.8951
5 48.7642 90.9065
584 48.6169 90.9171
511 48.4119 90.9319
23 48.2045 90.9469
874 47.965 90.9642
766 47.749 90.9798
559 47.5611 90.9934
375 47.3787 91.0065
961 47.1997 91.0195
434 47.0187 91.0325
532 46.8219 91.0467
618 46.6273 91.0608
389 46.4116 91.0764
305 46.206 91.0912
814 45.9984 91.1062
62 45.7867 91.1215
707 45.5535 91.1383
259 45.3824 91.1507
659 45.1376 91.1684
636 44.888 91.1864
713 44.6097 91.2065
256 44.3318 91.2265
755 44.3318 91.2265
746 43.927 91.2638
866 43.5211 91.3011
539 43.1118 91.3388
763 42.705 91.3762
105 42.2966 91.4138
245 41.8711 91.453
638 40.8634 91.546
548 40.0627 91.6199
309 39.2753 91.6924
437 38.5015 91.7638
610 37.7355 91.8344
172 37.5222 91.854
470 37.3092 91.8736
181 37.0975 91.893
239 36.8857 91.9124
146 36.6638 91.9328
448 36.4418 91.9532
428 36.2182 91.9738
150 36.0038 91.9935
409 35.7936 92.0128
265 35.9493 91.799
36 36.111 91.5769
271 36.3362 91.2677
230 36.5705 90.946
253 36.8028 90.627
343 37.0411 90.2999
72 37.2619 89.9967
877 37.4933 89.679
22 37.7276 89.3573
672 37.9708 89.0235
129 38.2246 88.6749
73 38.4764 88.3292
416 38.7788 87.9141
392 39.0774 87.5041
226 39.3954 87.0675
394 39.5763 86.8191
156 39.7591 86.5681
840 40.3183 85.8006
241 40.8447 85.078
561 41.3797 84.3436
92 41.8957 83.6354
404 44.8524 79.5787
432 45.4295 79.3403
484 45.4613 79.3272
189 45.4928 79.3142
724 45.5263 79.3004
225 45.5609 79.2861
649 45.5951 79.272
894 45.6309 79.2572
270 45.6651 79.2431
540 45.7039 79.2271
319 45.7431 79.2109
415 45.7823 79.1947
563 45.8171 79.1803
921 45.8525 79.1657
134 45.8868 79.1516
235 45.9233 79.1365
530 45.9517 79.1248
406 45.9809 79.1127
40 46.0103 79.1006
779 47.449 76.6641
453 48.1395 75.4949
410 48.592 74.7287
676 48.7937 74.3873
558 48.9402 74.1391
179 49.0567 73.9421
847 49.1915 73.7138
335 49.1915 73.7138
940 49.1915 73.7138
857 49.1915 73.7138
12 49.1915 73.7138
800 49.2827 73.5035
986 49.3739 73.2934
564 49.4643 73.0849
369 49.5608 72.8625
861 49.7596 72.4041
112 50.0103 71.8258
280 50.2645 71.2396
229 50.5693 70.5366
968 51.1273 69.2491
216 51.6442 68.0564
101 52.1236 66.9504
582 52.611 67.1933
286 53.0566 67.4154
617 53.5459 67.6593
791 54.0472 67.9092
393 54.5829 68.1762
282 55.0135 68.3908
468 55.4817 68.6242
668 55.9748 68.87
67 56.4434 69.1036
290 56.836 69.2993
654 56.836 69.2993
340 56.836 69.2993
173 56.836 69.2993
440 56.836 69.2993
208 56.836 69.2993
782 56.836 69.2993
515 56.836 69.2993
161 56.836 69.2993
855 56.836 69.2993
762 56.836 69.2993
577 56.836 69.2993
743 56.836 69.2993
84 56.836 69.2993
478 56.836 69.2993
460 56.765 69.5034
964 56.6959 69.7022
904 56.6263 69.9022
18 56.5551 70.1068
94 56.5012 70.2618
509 56.4507 70.4071
513 56.3985 70.557
671 56.3517 70.6918
378 56.3052 70.8252
632 56.2768 70.9069
987 56.2493 70.986
91 56.2213 71.0665
895 56.1935 71.1462
395 56.1666 71.2235
68 56.1439 71.2887
727 55.852 72.1289
605 55.3429 73.5945
769 54.7856 75.199
9 54.2243 76.8148
315 53.6321 78.5198
952 52.9841 80.3855
754 52.8982 80.6325
816 52.818 80.863
562 52.7392 81.0896
248 52.6619 81.3119
980 52.5842 81.5355
802 52.5842 81.5355
880 52.5842 81.5355
193 52.5842 81.5355
82 52.5842 81.5355
536 52.5842 81.5355
109 52.5842 81.5355
807 52.5842 81.5355
367 52.5842 81.5355
826 52.5842 81.5355
215 52.5842 81.5355
567 54.8885 85.7279
882 56.4645 88.5955
140 56.7927 88.4747
320 57.1255 88.3522
642 57.5126 88.2097
126 58.1226 87.9851
118 60.2127 87.2155
51 63.3499 86.0606
273 63.6165 85.9624
984 63.9032 85.8568
832 64.2144 85.7423
297 64.5387 85.6229
845 64.8516 85.5077
817 65.1585 85.3947
813 65.5084 85.2658
52 65.8199 85.1511
145 66.1722 85.0214
202 66.5134 84.8958
937 69.4823 83.8028
725 72.1903 82.8058
83 72.0743 82.0744
481 71.9644 81.3814
823 71.8562 80.6992
818 71.6912 79.6583
744 71.5272 78.6235
801 71.368 77.6194
417 71.1799 76.4329
837 70.9729 75.1269
962 70.7744 73.8746
975 70.5907 72.7153
383 70.4206 71.6427
110 70.2777 70.7411
852 70.1458 69.909
152 70.0264 69.1561
385 69.9108 68.4269
71 69.7866 67.6435
579 69.466 65.62
485 68.9435 62.3204
647 68.6288 60.3336
425 68.2985 58.2487
238 68.2985 58.2487
334 68.2985 58.2487
420 68.2985 58.2487
941 68.2985 58.2487
102 68.2985 58.2487
656 68.2985 58.2487
583 68.2985 58.2487
190 68.2985 58.2487
900 68.2985 58.2487
867 68.138 58.0099
595 67.4974 57.0569
650 66.7216 55.9027
519 65.4868 54.0658
396 65.1471 53.5605
793 64.8312 53.0904
623 64.8264 53.0308
942 64.822 52.9764
810 64.8177 52.9226
35 64.8129 52.8634
293 64.8079 52.8015
767 64.8028 52.7381
907 64.7979 52.6763
538 64.7924 52.6089
625 64.7866 52.5371
609 64.4304 48.1179
875 62.8273 47.0418
634 61.5667 46.1958
870 60.4863 45.4707
681 59.6166 44.8871
232 59.6166 44.8871
842 59.6166 44.8871
594 59.6166 44.8871
117 59.6166 44.8871
930 59.6166 44.8871
675 59.6166 44.8871
606 59.6166 44.8871
644 59.6166 44.8871
357 59.6166 44.8871
43 59.6166 44.8871
670 59.6166 44.8871
217 59.0491 44.7129
978 58.4851 44.5398
70 57.9168 44.3654
926 57.2473 44.16
85 55.9718 43.7688
19 54.3982 43.2864
935 53.0056 42.8594
356 52.0271 42.5592
358 51.2647 42.3253
63 50.2353 42.0095
262 49.1851 41.6874
197 47.895 41.2917
191 46.6268 40.9027
421 46.6268 40.9027
458 46.6268 40.9027
257 46.6268 40.9027
853 46.6268 40.9027
844 46.6268 40.9027
69 46.6268 40.9027
917 46.6268 40.9027
377 46.6268 40.9027
716 46.5023 41.6991
472 46.3766 42.5029
906 46.2519 43.3013
862 46.1259 44.1074
783 46.0023 44.8979
237 45.9146 45.4593
843 45.8719 45.7329
276 45.8308 45.9968
566 45.7898 46.2594
155 45.7483 46.5254
790 45.7067 46.7921
692 45.6622 47.0774
66 45.6113 47.4037
498 45.5589 47.7392
492 45.5101 48.0523
188 45.4616 48.3632
597 44.9712 48.6108
922 44.5026 48.8474
281 44.1294 49.0357
370 43.7687 49.2178
264 43.4268 49.3904
945 43.1115 49.5495
732 42.7962 49.7087
923 42.5259 49.8451
186 42.2477 49.9855
848 41.8718 50.1752
342 41.4884 50.3688
876 41.0934 50.5682
778 40.7174 50.758
194 40.3547 50.9411
180 39.9895 51.1254
748 39.6239 51.31
512 39.3276 52.4482
365 38.983 53.7717
619 38.9083 54.0584
89 38.8056 54.4527
49 38.7048 54.8397
175 38.5977 55.2511
459 38.5184 55.5553
576 38.4513 55.8132
756 38.3854 56.066
56 38.3226 56.307
804 38.2697 56.51
929 38.2182 56.7076
104 38.1666 56.9055
359 38.1166 57.0975
461 38.0812 57.2335
210 38.0427 57.3812
171 38.0006 57.5429
30 37.9706 57.6579
621 37.9409 57.7721
798 37.9099 57.8911
765 37.4979 59.4761
571 37.1164 60.9436
523 36.9494 61.5865
683 36.8016 62.1556
912 36.6568 62.7134
308 36.5124 63.2691
533 36.3708 63.8143
54 36.2203 64.3938
689 36.0685 64.9782
252 35.9734 65.3446
965 35.9022 65.6191
910 35.8317 65.8907
80 35.7622 66.1583
715 35.6944 66.4196
788 35.6262 66.6823
471 35.5568 66.9497
291 35.4658 67.3001
971 35.3732 67.6569
809 35.2865 67.9908
957 35.1916 68.3564
901 35.0887 68.7529
878 34.9176 69.4116
21 34.7487 70.062
144 34.5768 70.7236
163 34.4098 71.3667
730 34.2358 72.0364
390 34.0672 72.6856
501 33.8821 73.3983
292 33.6653 74.2329
294 33.4788 74.9509
60 33.3075 75.6105
526 33.1433 76.2424
919 32.9615 76.9424
490 32.7967 77.577
918 32.6809 78.0228
223 32.5923 78.3644
124 32.5041 78.704
537 32.416 79.0435
424 32.3268 79.3869
574 32.2923 79.5202
454 32.2564 79.6586
578 32.2202 79.7981
76 32.1844 79.936
350 32.1504 80.0672
296 32.1093 80.2255
773 32.0688 80.3816
885 32.029 80.535
167 32.0002 80.6461
614 31.9714 80.7573
806 31.9419 80.8707
976 31.9128 80.9831
872 31.8768 81.1217
635 31.8399 81.2643
974 29.4168 90.5736
696 29.338 90.5837
768 29.2637 90.5933
96 29.1916 90.6025
786 29.1183 90.6119
28 29.0452 90.6213
288 28.9699 90.631
521 28.8965 90.6404
17 28.8238 90.6498
430 28.8238 90.6498
753 28.8238 90.6498
714 28.8238 90.6498
752 28.8238 90.6498
613 28.8238 90.6498
738 28.8238 90.6498
631 28.8238 90.6498
139 28.8238 90.6498
808 28.5083 90.5843
418 28.1744 90.5151
183 27.8612 90.4501
960 27.5845 90.3927
611 27.2627 90.326
871 26.9252 90.256
441 26.6188 90.1924
120 26.329 90.1323
306 26.0207 90.0683
651 25.7063 90.0031
593 25.3988 89.9394
456 25.1006 89.8775
695 24.8068 89.8166
973 24.5303 89.7592
776 24.3867 89.7294
44 24.2514 89.7014
115 24.1086 89.6718
227 23.9714 89.6433
13 23.8374 89.6155
231 23.7183 89.5908
795 23.5828 89.5628
761 23.4371 89.5325
20 23.2948 89.503
2 23.1291 89.4687
16 22.8959 89.4203
141 22.5246 89.3433
333 22.0523 89.2453
469 21.5533 89.1418
491 21.0795 89.0435
462 20.5563 88.9349
95 20.0637 88.8327
368 19.6596 88.7489
859 19.2428 88.6624
495 18.7848 88.5674
50 18.3508 88.4774
447 17.8989 88.3836
833 17.8406 88.3715
249 17.776 88.3581
712 17.7109 88.3446
955 17.6429 88.3305
443 17.5837 88.3183
326 17.056 88.2087
637 13.8796 88.1916
969 11.4838 88.1786
435 9.82026 88.1696
890 9.82026 88.1696
905 9.82025 88.1696
240 9.82025 88.1696
433 9.82024 88.1696
90 9.82024 88.1696
678 9.82024 88.1696
827 9.82023 88.1696
263 9.82023 88.1696
236 9.82023 88.1696
446 9.82022 88.1696
321 9.82022 88.1696
386 9.82022 88.1696
830 9.82021 88.1696
711 9.82818 88.2726
982 9.83631 88.3779
568 9.84444 88.483
138 9.85253 88.5878
200 9.8606 88.6923
380 9.86861 88.796
557 9.87647 88.8979
933 9.88423 88.9983
815 9.89235 89.1035
405 9.90036 89.2073
304 9.9082 89.3089
628 9.91609 89.4111
15 9.9238 89.511
750 9.9238 89.511
301 9.9238 89.511
693 9.9238 89.511
547 9.92379 89.511
106 9.92379 89.511
199 9.92379 89.511
868 9.92379 89.511
39 9.92379 89.511
585 9.92379 89.511
916 9.92379 89.511
988 9.92379 89.511
442 9.92608 89.4705
300 9.92831 89.4311
213 9.93036 89.3948
153 9.95045 89.0436
792 9.97078 88.6882
803 9.99103 88.334
364 10.0113 87.9805
719 10.0314 87.6283
247 10.0516 87.2743
892 10.0722 86.9147
914 10.0929 86.5532
546 10.1133 86.1955
718 10.1335 85.8424
1 10.1539 85.4863
736 10.1745 85.1265
444 10.1951 84.7662
48 10.2157 84.406
759 10.2367 84.0385
615 10.2573 83.6776
953 10.2781 83.3146
169 10.2996 82.9388
780 10.3217 82.5524
503 10.3435 82.1708
400 10.3627 81.8363
556 10.3809 81.5172
224 10.3985 81.2086
860 10.4117 80.9778
374 10.4248 80.7486
346 10.4378 80.5206
728 10.4508 80.2925
991 10.4636 80.0682
639 10.4763 79.8453
570 10.489 79.623
203 10.5018 79.3981
207 10.5148 79.1707
886 10.6375 79.0921
108 10.7532 79.018
699 10.877 78.9386
401 10.9997 78.86
316 11.1506 78.7634
399 11.3052 78.6643
436 11.4601 78.5651
325 11.6189 78.4633
31 11.78 78.3601
360 11.9449 78.2544
479 12.1059 78.1513
244 12.2591 78.0532
58 12.4113 77.9557
184 12.5544 77.864
944 12.6939 77.7746
680 13.0131 77.5701
361 13.311 77.3791
113 13.5973 77.1957
757 13.8755 77.0174
487 14.0388 76.9128
88 14.2007 76.8091
658 14.3638 76.7046
600 14.5177 76.606
431 14.6625 76.5133
608 14.8065 76.421
429 14.9481 76.3303
457 15.0866 76.2416
162 15.2338 76.1473
701 15.3784 76.0546
657 15.5183 75.965
97 15.6673 75.8696
502 15.8164 75.774
81 15.9647 75.679
482 16.1069 75.5879
339 16.2477 75.4977
601 16.39 75.4066
927 16.5126 75.328
946 16.6255 75.2557
825 16.7385 75.1833
266 16.8526 75.1102
789 16.9611 75.0407
41 17.0644 74.9745
950 17.1642 74.9106
93 17.2605 74.8489
220 17.5636 74.6546
888 17.8646 74.4618
604 18.1548 74.2758
132 18.4003 74.1185
219 18.633 73.9693
846 20.5099 72.7656
550 21.893 71.8787
662 23.3947 70.9157
560 23.3947 70.9157
451 23.4607 70.6604
897 23.5107 70.4671
591 23.5574 70.2864
99 23.6032 70.1093
329 23.6505 69.9261
697 23.6936 69.7593
327 23.7457 69.5578
587 23.7963 69.3623
398 23.8442 69.177
796 23.891 68.996
954 23.9581 68.7366
705 24.0757 68.2817
59 24.1488 67.9992
640 24.1904 67.8383
645 24.2295 67.687
79 24.2674 67.5404
552 24.3029 67.4033
630 24.3396 67.2614
510 24.3779 67.1134
720 24.4058 67.0053
729 24.4349 66.8926
137 24.4631 66.7836
382 24.4912 66.6752
267 24.5192 66.5667
839 24.5458 66.4637
596 24.5458 66.4637
735 23.0122 66.029
324 21.4014 65.5724
903 19.5213 65.0596
599 17.2359 64.4363
218 13.7211 63.478
192 13.7211 63.478
275 13.7211 63.478
272 13.7211 63.478
703 13.7211 63.478
349 13.7211 63.478
130 13.7211 63.478
733 13.7211 63.478
411 13.5372 63.819
772 13.3514 64.1635
981 13.1632 64.5124
422 12.9516 64.9048
376 12.6134 65.5319
764 12.2755 66.1588
14 11.9139 66.8294
168 11.5651 67.4764
551 11.5651 67.4764
500 11.5651 67.4764
726 11.5651 67.4764
119 11.5651 67.4764
739 11.5651 67.4764
114 11.5651 67.4764
445 11.5651 67.4764
196 11.5651 67.4764
879 11.5651 67.4764
691 11.5651 67.4764
178 8.72834 70.8908
426 8.28827 71.4207
554 8.30219 71.3216
75 8.31824 71.2072
298 8.40453 70.5923
694 8.49884 69.9202
77 8.59797 69.2137
427 8.692 68.5436
924 8.78985 67.8463
939 8.79643 67.5694
371 8.80295 67.295
925 8.80959 67.0157
234 8.81515 66.7819
966 8.82042 66.5601
347 8.82607 66.3226
277 8.83138 66.0993
734 8.83681 65.8711
381 8.8422 65.6445
338 8.84783 65.4077
686 8.85355 65.1671
799 8.85967 64.9096
524 8.86587 64.6487
255 8.87191 64.3946
970 8.8781 64.1345
717 8.88431 63.8732
948 8.89069 63.6049
607 8.89745 63.3207
3 8.90524 62.9929
667 8.91287 62.6718
665 8.92439 62.1867
131 8.93795 61.6153
517 8.95151 61.0441
677 8.96981 60.2725
747 8.98634 59.5763
784 9.00357 58.8501
505 9.02253 58.0509
589 9.03763 57.4148
122 9.05347 56.7475
760 9.0684 56.1186
373 9.08486 55.4248
303 9.09884 54.836
47 9.11269 54.2524
708 9.12602 53.6915
527 9.13964 53.1176
463 9.15359 52.5299
531 9.16627 51.996
116 9.18719 51.1139
770 9.2074 50.262
222 9.2233 49.5921
157 9.23877 48.9407
128 9.25439 48.2828
328 9.26942 47.6497
652 9.33618 47.6366
565 9.39908 47.6242
166 9.45552 47.6132
214 9.51969 47.6006
384 9.58493 47.5878
731 9.64989 47.5751
341 9.71363 47.5626
534 9.77796 47.55
849 9.83607 47.5386
476 9.91522 47.5231
352 9.98361 47.5097
949 10.0524 47.4962
542 10.116 47.4837
805 10.178 47.4716
174 10.2449 47.4584
336 10.3067 47.4463
182 10.3666 47.4346
972 10.4249 47.4232
841 10.482 47.412
228 10.5414 47.4003
909 10.5982 47.3892
57 10.6564 47.3778
749 10.7155 47.3662
212 10.7771 47.3541
123 10.8397 47.3419
489 10.9004 47.33
312 10.9654 47.3172
78 11.0373 47.3031
863 11.0973 47.2914
283 11.1621 47.2787
797 11.2284 47.2657
958 11.286 47.2544
10 11.351 47.2416
423 11.4154 47.229
663 11.4803 47.2163
758 11.5411 47.2044
154 11.5979 47.1932
46 11.6575 47.1815
990 11.7224 47.1688
936 11.7851 47.1565
616 11.8517 47.1435
100 11.9175 47.1306
391 11.9943 47.1155
858 12.0622 47.1022
655 12.1297 47.089
87 12.1297 47.089
507 22.8118 48.2407
32 23.0344 48.2647
956 23.2759 48.2907
543 23.5239 48.3174
438 23.7612 48.343
633 23.9943 48.3681
891 24.2294 48.3934
771 24.4096 48.4128
698 24.6012 48.4335
496 24.8055 48.4555
34 25.0199 48.4786
142 25.3221 48.5111
279 25.6415 48.5456
938 26.046 48.5891
233 26.4813 48.636
545 26.9498 48.6865
664 27.4032 48.7354
413 27.8767 48.7864
493 28.3394 48.8363
269 28.9181 48.2254
811 29.5023 47.6089
38 29.9939 47.09
679 30.4727 46.5845
603 30.917 46.1155
522 31.3742 45.6329
452 31.815 45.1676
475 31.815 45.1676
403 31.815 45.1676
11 31.815 45.1676
127 31.815 45.1676
302 31.152 44.4775
205 30.4862 43.7845
529 30.1943 43.4808
549 29.9102 43.1852
148 29.6462 42.9106
397 29.5046 42.7633
908 29.3636 42.6166
525 29.2228 42.4703
37 29.0811 42.3229
723 28.9398 42.1759
147 28.7991 42.0296
7 28.6428 41.867
829 28.4841 41.7019
480 28.3477 41.5601
388 28.2006 41.407
706 28.0527 41.2532
989 27.9018 41.0963
151 27.7158 40.9028
535 27.5278 40.7072
687 27.3411 40.513
688 27.15 40.3142
913 26.3309 39.4615
508 25.3014 38.3898
414 24.0205 37.056
700 22.7626 35.7457
641 21.398 34.3247
354 20.2781 33.1587
284 19.1958 32.032
943 19.1958 32.032
268 19.1958 32.032
915 19.1958 32.032
65 19.1958 32.032
486 19.1958 32.032
612 19.1958 32.032
902 19.1958 32.032
278 19.1958 32.032
125 18.5181 31.6845
824 17.8196 31.3264
474 15.3762 30.0737
514 13.1624 28.9387
121 12.453 28.5749
682 9.66658 27.1464
836 9.57804 27.2508
348 9.49152 27.3528
572 8.90513 28.0442
661 8.32671 28.7262
330 6.77292 30.5583
499 6.31597 31.0971
362 7.44355 28.1133
898 7.67821 27.4923
187 7.94017 26.799
74 8.07217 26.4497
794 8.20669 26.0937
86 8.34658 25.7235
258 8.51884 25.2676
673 8.68995 24.8148
61 8.85584 24.3758
985 8.98658 24.0298
963 9.16226 23.5649
455 9.34129 23.0911
331 9.52334 22.6093
4 9.704 22.1312
133 9.90963 21.587
402 10.1659 20.9087
299 10.4127 20.2557
710 10.7118 19.4642
412 11.1476 18.3107
722 11.6187 17.0639
629 11.7234 16.787
881 11.82 16.5314
646 11.9032 16.311
741 11.9884 16.0857
588 12.0844 15.8316
366 12.1799 15.5789
812 12.2712 15.3372
488 14.3113 15.4816
674 15.858 15.5912
211 17.8462 15.7319
8 20.2008 15.8986
254 22.6666 16.0731
407 25.1572 16.2494
626 25.3351 16.262
573 25.5071 16.2742
602 25.6459 16.2841
702 25.7914 16.2945
363 25.9403 16.3051
221 26.076 16.3147
351 26.6595 16.2437
643 27.1478 16.1842
439 27.6797 16.1194
899 28.2561 16.0492
669 31.3175 15.6764
518 34.9636 15.2324
64 35.1069 16.3732
287 35.2266 17.3262
787 35.3928 18.6493
246 35.469 19.2559
307 35.5501 19.9008
261 35.6203 20.46
934 35.6872 20.9927
160 35.749 21.4842
26 35.8 21.8907
337 35.8529 22.3115
709 35.9084 22.7534
310 35.9613 23.1747
883 36.0203 23.6439
379 36.0844 24.1542
467 36.1447 24.6348
869 36.2018 25.089
586 37.1841 25.2821
834 38.0115 25.4447
653 38.8544 25.6103
164 39.5673 25.7504
289 39.9604 25.8276
111 40.308 25.8959
822 40.6997 25.9729
704 41.135 26.0584
209 46.0886 27.0318
355 49.3643 27.6755
831 50.1507 27.83
555 50.6722 27.9325
873 51.2006 28.0363
865 51.737 28.1417
419 52.2872 28.2499
250 52.8667 28.3637
751 53.5092 28.49
785 54.1254 28.6111
55 54.7782 28.7393
828 55.4328 28.868
27 56.0408 28.9874
6 56.6455 29.1063
781 57.2388 29.2228
45 57.819 29.3369
821 58.2609 29.4237
314 58.6822 29.5065
581 62.0171 23.9814
504 63.8789 20.8966
24 65.4413 18.3079
103 67.2361 15.334
819 67.7902 15.5366
295 68.4024 15.7604
598 69.0202 15.9862
959 69.6209 16.2058
777 70.3486 16.4718
176 71.7141 16.971
721 74.0533 17.8261
