0,627,345,483,243,979,98,592,835,33,520,838,590,274,387,242,684,506,951,334,198,497,884,170,107,136,932,383,977,51,110,867,152,385,937,727,744,579,852,962,67,201,650,71,528,654,290,900,332,837,904,975,311,660,204,450,372,725,889,685,25,813,473,818,928,983,158,353,864,893,622,648,845,159,775,417,742,322,820,854,149,135,580,740,465,285,251,666,318,52,567,395,477,464,297,145,823,18,620,690,118,40,584,273,737,817,185,544,259,12,42,369,494,83,481,193,921,618,229,911,816,826,378,931,575,882,984,317,62,511,202,856,536,313,801,408,992,156,434,177,624,245,344,814,541,189,343,146,416,851,880,292,309,952,23,896,961,105,569,165,980,22,874,713,319,320,140,754,774,449,305,256,613,763,437,139,548,265,181,5,738,559,367,532,206,375,614,752,241,947,746,530,230,918,707,448,72,773,392,877,539,389,129,516,2,672,253,96,649,172,766,239,561,394,795,271,428,92,53,73,974,223,866,840,470,933,859,183,885,36,306,960,696,610,456,41,611,150,76,418,368,141,753,167,714,424,44,441,491,757,15,521,651,227,631,20,231,638,296,93,244,761,593,430,469,490,288,13,768,871,249,120,808,786,28,409,316,693,360,955,31,399,560,447,495,712,115,247,446,699,833,58,17,462,953,916,364,711,815,1,213,988,905,868,240,546,628,153,637,108,736,982,301,585,435,304,678,969,200,892,750,380,442,973,236,827,50,106,39,776,695,944,90,300,433,263,361,169,75,718,401,547,792,615,803,443,570,405,487,886,503,321,325,568,444,436,557,199,386,138,178,203,554,88,890,914,719,759,830,457,346,639,426,657,48,95,796,220,14,338,168,600,119,860,728,697,578,551,635,780,703,114,376,772,347,131,552,400,374,686,747,427,371,667,966,207,445,607,517,799,556,479,500,234,162,524,166,694,192,760,411,482,939,589,298,219,77,784,734,381,277,665,717,764,970,948,531,255,991,97,972,879,691,3,739,224,214,279,938,525,841,655,142,797,391,122,731,148,858,222,123,698,233,534,770,228,303,336,677,863,182,116,542,505,373,616,652,157,949,174,805,352,565,196,925,154,212,489,909,527,749,463,990,849,46,47,936,958,218,708,100,758,499,663,496,78,57,341,32,128,908,476,403,10,633,423,384,700,87,283,388,811,723,397,913,543,38,37,205,771,11,549,151,508,529,438,414,829,706,302,862,778,65,475,619,917,756,452,783,664,602,121,535,474,612,64,902,486,787,869,836,354,221,160,74,514,985,330,299,125,572,4,312,328,331,402,710,794,455,268,898,86,133,943,741,362,439,258,881,646,412,674,211,187,722,682,661,673,963,629,812,588,488,61,899,626,284,702,363,366,643,254,8,641,348,246,824,915,669,883,704,573,310,407,307,287,337,709,351,26,518,419,653,261,934,467,379,822,834,111,278,191,844,257,289,155,63,681,27,7,865,870,935,785,586,250,197,853,421,458,49,945,790,692,19,472,876,492,843,480,66,716,687,679,748,194,923,276,69,566,127,906,281,621,370,809,210,180,342,356,848,688,732,929,510,522,989,175,765,922,104,597,901,512,533,147,603,324,599,729,34,788,705,451,365,576,471,79,269,839,804,461,507,59,413,545,733,891,912,21,237,493,459,645,137,957,349,329,956,720,422,981,965,596,903,640,291,390,267,735,89,275,99,571,81,501,327,382,429,272,658,897,608,184,950,630,16,825,550,326,333,130,132,601,587,946,680,924,502,888,398,971,113,339,789,526,701,431,919,806,954,537,252,910,80,927,872,730,846,225,60,689,359,726,308,124,574,878,56,715,454,266,226,134,662,604,591,404,270,724,30,855,558,857,468,235,659,807,683,743,280,563,887,335,755,350,976,564,294,144,540,562,215,112,460,179,415,636,582,895,248,406,82,91,940,861,126,642,782,832,94,432,800,513,802,632,410,163,453,605,671,577,171,264,798,54,894,523,498,109,484,282,676,68,340,208,987,101,793,779,986,262,9,509,238,769,393,286,188,84,396,161,907,964,647,762,625,420,595,85,186,315,293,173,515,617,478,847,968,623,440,216,791,668,35,810,767,323,609,942,926,485,425,519,217,941,70,842,357,583,314,232,29,850,967,117,553,102,670,606,466,920,43,538,143,656,195,644,675,190,978,745,875,821,594,358,751,831,45,930,873,555,634,164,6,959,781,55,355,209,828,377,504,295,598,24,819,777,176,581,103,260,721,
value : 473.56 running time : 59.028188
0 80 20
627 85.2163 18.5394
345 86.1101 18.2891
483 86.8356 18.0859
243 86.7904 18.7023
979 86.7247 19.5971
98 86.0003 29.4826
592 85.366 38.1375
835 85.291 39.1598
33 85.2186 40.1462
520 85.1205 41.4843
838 84.995 43.1961
590 84.9478 43.8393
274 84.8156 45.6424
387 84.6108 48.4341
242 84.4904 50.0766
684 84.3942 51.3886
506 84.3326 52.2277
951 84.2819 52.9195
334 84.2266 53.6737
198 84.1888 54.1882
497 84.1505 54.7099
884 83.8257 55.4229
170 83.4656 56.2136
107 83.0709 57.0799
136 82.5807 58.1561
932 81.8431 59.7752
383 80.4507 62.8319
977 79.5347 64.8428
51 77.4949 69.3206
110 77.2986 69.7518
867 77.0844 70.222
152 76.8898 70.6491
385 76.6827 71.1038
937 76.4494 71.616
727 76.4494 71.616
744 76.4494 71.616
579 76.4494 71.616
852 76.4494 71.616
962 76.4494 71.616
67 76.4494 71.616
201 76.5114 71.6887
650 76.5708 71.7583
71 76.6634 71.8667
528 76.7527 71.9714
654 76.8287 72.0603
290 76.9113 72.1571
900 76.9983 72.259
332 77.0908 72.3673
837 77.1751 72.4661
904 77.2636 72.5698
975 78.9458 74.5399
311 81.9274 78.0316
660 83.2855 79.6221
204 84.0174 80.4793
450 84.7996 81.3955
372 85.9907 82.7905
725 85.4261 83.4397
889 84.9148 84.0277
685 84.4173 84.5997
25 83.8609 85.2395
813 82.8811 86.3659
473 82.4038 86.9148
818 81.9217 87.4692
928 81.3426 88.135
983 80.6573 88.1421
158 80.0151 88.1488
353 79.4603 88.1545
864 78.983 88.1594
893 78.5274 88.1642
622 78.0612 88.169
648 77.7981 88.1717
845 77.5299 88.1744
159 77.2863 88.1769
775 77.0393 88.1795
417 76.803 88.1819
742 76.5755 88.1842
322 76.3476 88.1866
820 76.089 88.1892
854 75.8193 88.192
149 75.5572 88.1947
135 75.4207 88.1961
580 74.8521 88.202
740 74.308 88.2076
465 73.6477 88.2144
285 73.0199 88.2209
251 72.4122 88.2272
666 71.8264 88.2333
318 71.236 88.2394
52 70.6548 88.2454
567 70.1056 88.2511
395 69.603 88.2562
477 69.1742 88.2607
464 68.763 88.2649
297 68.3657 88.269
145 67.9805 88.273
823 67.5935 88.2769
18 67.2021 88.281
620 66.8288 88.2848
690 66.4462 88.2888
118 66.1274 88.292
40 65.8448 88.2949
584 65.8289 88.2951
273 65.8289 88.2951
737 65.8289 88.2951
817 65.8289 88.2951
185 65.8289 88.2951
544 65.8289 88.2951
259 65.8289 88.2951
12 65.8289 88.2951
42 65.8289 88.2951
369 65.8289 88.2951
494 65.8289 88.2951
83 65.0116 88.2767
481 61.1566 88.1896
193 54.4233 88.0375
921 52.5454 87.9951
618 52.5403 87.9968
229 52.5352 87.9985
911 52.53 88.0002
816 52.5249 88.0019
826 52.5197 88.0036
378 52.5147 88.0052
931 52.5087 88.0072
575 52.5024 88.0093
882 52.4959 88.0114
984 52.4908 88.0131
317 52.4857 88.0147
62 52.4801 88.0166
511 52.4746 88.0184
202 52.4694 88.0201
856 52.464 88.0219
536 52.4586 88.0236
313 52.4533 88.0254
801 52.4481 88.0271
408 52.4424 88.029
992 52.4369 88.0308
156 52.4303 88.0329
434 52.424 88.035
177 52.4179 88.037
624 52.4112 88.0392
245 52.4047 88.0414
344 52.3977 88.0436
814 50.0141 88.0467
541 47.8558 88.0495
189 45.1917 88.0529
343 45.2309 88.3591
146 45.2687 88.6544
416 45.3047 88.9352
851 45.3416 89.2239
880 45.3773 89.5021
292 45.4159 89.8034
309 45.4686 90.2156
952 45.5179 90.6003
23 45.5675 90.9876
896 45.4721 90.9673
961 45.3687 90.9454
105 45.2638 90.9232
569 45.1573 90.9006
165 45.0592 90.8798
980 44.9633 90.8595
22 44.8489 90.8352
874 44.7464 90.8135
713 44.6422 90.7914
319 44.5352 90.7688
320 44.4325 90.747
140 44.3296 90.7252
754 44.2248 90.703
774 44.1076 90.6781
449 43.9777 90.6506
305 43.856 90.6248
256 43.7187 90.5957
613 43.6204 90.5749
763 43.5253 90.5547
437 43.4202 90.5324
139 43.3175 90.5107
548 43.2229 90.4906
265 43.1318 90.4713
181 43.0427 90.4524
5 42.9541 90.4336
738 42.8604 90.4138
559 42.7726 90.3952
367 42.6849 90.3766
532 42.185 90.2706
206 41.456 90.1161
375 40.7113 89.9582
614 39.8755 89.781
752 39.8755 89.781
241 39.8755 89.781
947 39.8755 89.781
746 39.7596 89.7832
530 39.6284 89.7857
230 39.481 89.7885
918 39.3424 89.7911
707 39.2257 89.7933
448 39.1038 89.7956
72 38.978 89.798
773 38.8491 89.8005
392 38.7372 89.8026
877 38.6253 89.8047
539 38.5139 89.8069
389 38.3981 89.8091
129 38.2749 89.8114
516 38.155 89.8137
2 37.8999 89.8185
672 37.6622 89.8231
253 37.4349 89.8274
96 37.2252 89.8314
649 37.0328 89.835
172 36.8305 89.8389
766 36.632 89.8426
239 36.428 89.8465
561 36.1864 89.8511
394 35.9331 89.8559
795 35.6735 89.8609
271 35.4294 89.8655
428 35.1827 89.8702
92 34.9538 89.8746
53 34.7315 89.8788
73 34.4756 89.8837
974 34.2453 89.888
223 34.001 89.8927
866 33.786 89.8968
840 32.9517 89.9126
470 31.4461 89.9413
933 29.7008 89.9744
859 29.4681 89.9789
183 29.2398 89.9832
885 29.0361 89.9871
36 28.8373 89.9909
306 28.6407 89.9946
960 28.4518 89.9982
696 28.2437 90.0021
610 28.0442 90.0059
456 27.8406 90.0098
41 27.661 90.0132
611 27.4828 90.0166
150 27.3031 90.02
76 27.1123 90.0237
418 26.9232 90.0273
368 26.7368 90.0308
141 26.5661 90.034
753 26.3677 90.0378
167 26.1882 90.0412
714 26.0001 90.0448
424 25.825 90.0481
44 25.6523 90.0514
441 25.4799 90.0547
491 25.3128 90.0579
757 25.1555 90.0609
15 24.9862 90.0641
521 24.8333 90.067
651 24.6786 90.0699
227 24.5226 90.0729
631 24.3864 90.0755
20 24.2452 90.0782
231 24.0999 90.0809
638 23.9467 90.0839
296 23.7779 90.0871
93 23.5888 90.0907
244 23.4166 90.0939
761 23.2609 90.0969
593 23.0987 90.1
430 22.942 90.103
469 22.775 90.1061
490 22.6159 90.1092
288 22.4513 90.1123
13 22.2871 90.1154
768 22.1349 90.1183
871 21.9769 90.1213
249 21.8215 90.1243
120 21.6746 90.1271
808 21.5165 90.1301
786 21.0771 90.1384
28 20.4951 90.1495
409 19.6195 90.1661
316 18.3232 90.1908
693 17.4787 90.2068
360 17.0072 90.2158
955 16.5043 90.2254
31 16.1706 90.2317
399 15.8829 90.2372
560 15.6002 90.2426
447 15.3046 90.2482
495 15.0546 90.2529
712 14.801 90.2578
115 14.5421 90.2627
247 14.2713 90.2678
446 14.0102 90.2728
699 13.7608 90.2776
833 13.5227 90.2821
58 13.2526 90.2872
17 12.9549 90.2929
462 12.6562 90.2986
953 12.3465 90.3044
916 12.0879 90.3094
364 11.7957 90.3149
711 11.5246 90.3201
815 11.2616 90.3251
1 10.9904 90.3302
213 10.7152 90.3355
988 10.7136 90.3355
905 10.7262 90.2564
868 10.7367 90.1901
240 10.7502 90.1048
546 10.7617 90.0324
628 10.7725 89.9638
153 10.7832 89.8968
637 10.7941 89.8276
108 10.8053 89.757
736 10.8164 89.6872
982 10.8274 89.6179
301 10.838 89.5509
585 10.8484 89.4852
435 10.8589 89.4192
304 10.871 89.3426
678 10.8828 89.2683
969 10.8947 89.1931
200 10.9061 89.1213
892 10.9189 89.0406
750 10.9295 88.9737
380 10.9424 88.8919
442 10.9564 88.8034
973 10.9695 88.7212
236 10.9827 88.6378
827 10.9963 88.5518
50 11.0111 88.4588
106 11.0241 88.3766
39 11.0379 88.2893
776 11.0524 88.1978
695 11.2491 86.9566
944 11.4271 85.8335
90 11.5222 85.2337
300 11.5755 84.8974
433 11.6336 84.5309
263 11.6855 84.2035
361 11.7478 83.8102
169 11.719 83.8386
75 11.6911 83.8659
718 11.663 83.8936
401 11.6347 83.9214
547 11.6077 83.9479
792 11.5832 83.972
615 11.5577 83.9971
803 11.5307 84.0236
443 11.5078 84.0461
570 11.3106 84.2398
405 11.1183 84.4287
487 11.1791 84.1705
886 11.2347 83.9343
503 11.2897 83.7008
321 11.3223 83.5624
325 11.3544 83.4262
568 11.3866 83.2893
444 11.4213 83.1421
436 11.4564 82.993
557 11.4908 82.847
199 11.5253 82.7003
386 11.5634 82.5387
138 11.6022 82.3739
178 11.6522 82.1616
203 11.7023 81.9486
554 11.7523 81.7361
88 11.8036 81.5183
890 11.8509 81.3176
914 11.8985 81.1154
719 11.975 80.7904
759 12.0577 80.4391
830 12.1439 80.0732
457 12.2345 79.6881
346 12.3222 79.3156
639 12.4061 78.9591
426 12.4844 78.6264
657 12.5735 78.2479
48 12.6581 77.8887
95 12.7447 77.5211
796 12.8447 77.096
220 12.9418 76.6835
14 13.032 76.3004
338 13.032 76.3004
168 13.032 76.3004
600 13.032 76.3004
119 13.032 76.3004
860 13.032 76.3004
728 13.032 76.3004
697 13.032 76.3004
578 12.9207 75.9973
551 12.6436 75.2426
635 12.361 74.4728
780 11.9852 73.4491
703 11.3872 71.8203
114 11.1447 71.1598
376 10.9349 70.5883
772 10.7476 70.078
347 10.5946 69.6614
131 10.5457 69.5282
552 10.4992 69.4015
400 10.4499 69.2671
374 10.3998 69.1308
686 10.3439 68.9785
747 10.2875 68.8249
427 10.2375 68.6887
371 10.185 68.5455
667 10.1348 68.4089
966 10.0835 68.269
207 10.0345 68.1356
445 9.98396 67.998
607 9.93304 67.8593
517 9.88124 67.7182
799 9.82853 67.5746
556 9.78154 67.4466
479 9.73241 67.3128
500 9.59891 66.9491
234 9.44758 66.5369
162 9.32565 66.2048
524 9.182 65.8135
166 9.02802 65.3941
694 9.02802 65.3941
192 9.02802 65.3941
760 9.02802 65.3941
411 9.02802 65.3941
482 9.02802 65.3941
939 9.02802 65.3941
589 9.02802 65.3941
298 9.02802 65.3941
219 9.02802 65.3941
77 9.02802 65.3941
784 9.02802 65.3941
734 9.02802 65.3941
381 9.02802 65.3941
277 9.02802 65.3941
665 9.02802 65.3941
717 9.02802 65.3941
764 9.02802 65.3941
970 9.02802 65.3941
948 9.02802 65.3941
531 9.02802 65.3941
255 9.02802 65.3941
991 9.02802 65.3941
97 9.02802 65.3941
972 9.02802 65.3941
879 9.02802 65.3941
691 9.02802 65.3941
3 9.02802 65.3941
739 9.02802 65.3941
224 9.02802 65.3941
214 11.3578 61.3145
279 13.6984 57.2165
938 15.4042 54.2301
525 16.713 51.9387
841 16.713 51.9387
655 16.713 51.9387
142 15.8736 51.8878
797 14.9133 51.8297
391 13.8071 51.7627
122 11.6025 51.6292
731 11.6025 51.6292
148 11.6025 51.6292
858 11.6025 51.6292
222 11.6025 51.6292
123 11.6025 51.6292
698 11.6025 51.6292
233 11.6025 51.6292
534 11.5721 51.5115
770 11.5423 51.3964
228 11.5162 51.2955
303 11.4915 51.2003
336 11.4651 51.0979
677 11.4363 50.9867
863 11.4053 50.8668
182 11.3812 50.7738
116 11.3559 50.6759
542 11.3318 50.5828
505 11.307 50.4869
373 11.2813 50.3877
616 11.2553 50.2871
652 11.2303 50.1902
157 11.2056 50.0949
949 11.1819 50.0033
174 11.1586 49.9131
805 11.1349 49.8216
352 11.1112 49.73
565 11.0886 49.6425
196 11.0648 49.5505
925 11.0374 49.4445
154 11.0078 49.3302
212 10.9789 49.2184
489 10.9532 49.1192
909 10.9267 49.0165
527 10.9003 48.9147
749 10.8731 48.8093
463 10.8463 48.7058
990 10.8189 48.5999
849 10.7945 48.5055
46 10.766 48.3954
47 10.7413 48.2997
936 10.7157 48.2009
958 10.6875 48.0917
218 10.6625 47.995
708 10.6351 47.8894
100 10.6071 47.7809
758 10.5791 47.6726
499 10.5483 47.5536
663 10.937 47.4552
496 11.2917 47.3655
78 11.6217 47.282
57 11.9025 47.2109
341 12.201 47.1354
32 12.5059 47.0582
128 12.7048 47.0079
908 12.997 46.934
476 13.2379 46.873
403 13.4736 46.8134
10 13.6871 46.7593
633 13.9058 46.704
423 14.079 46.6602
384 14.2523 46.6163
700 14.44 46.5688
87 14.6225 46.5226
283 16.3087 46.0962
388 19.2259 45.3585
811 20.7528 44.9723
723 21.2586 44.8444
397 21.7581 44.718
913 22.2283 44.599
543 22.677 44.4855
38 23.1197 44.3735
37 23.5251 44.271
205 23.9324 44.1679
771 24.3237 44.0689
11 24.7493 43.9612
549 25.168 43.8553
151 25.5552 43.7573
508 25.9225 43.6644
529 26.2904 43.5713
438 26.6093 43.4906
414 26.9417 43.4065
829 27.267 43.3242
706 27.7162 43.2106
302 28.1444 43.1022
862 28.5886 42.9899
778 28.5886 42.9899
65 28.5886 42.9899
475 28.8537 43.4085
619 29.1192 43.8277
917 29.3782 44.2367
756 29.6098 44.6023
452 31.8282 42.4687
783 30.7219 40.7422
664 29.32 38.5544
602 27.857 36.2713
121 27.2323 35.2964
535 26.6974 34.4617
474 25.2428 32.1917
612 25.0973 31.9647
64 24.942 31.7223
902 24.942 31.7223
486 24.942 31.7223
787 24.942 31.7223
869 24.942 31.7223
836 24.942 31.7223
354 24.942 31.7223
221 24.942 31.7223
160 24.942 31.7223
74 13.4275 32.0995
514 12.2989 32.1366
985 11.6099 32.1593
330 10.9023 32.1825
299 10.6502 32.1908
125 10.4056 32.1989
572 10.1135 32.2085
4 9.81541 32.2183
312 9.53957 32.2274
328 9.31409 32.2348
331 9.57683 31.0288
402 9.7672 30.1551
710 9.89727 29.5582
794 10.0248 28.9729
455 10.1568 28.3672
268 10.281 27.7969
898 10.4012 27.2454
86 10.5467 26.5777
133 10.808 25.3782
943 11.1106 23.9896
741 11.5165 22.1263
362 11.8954 20.3872
439 12.243 18.7919
258 12.3021 18.5207
881 12.3735 18.1928
646 12.4263 17.9505
412 12.4797 17.7054
674 12.5345 17.4541
211 12.588 17.2083
187 12.6387 16.9759
722 12.8968 15.7911
682 12.9219 15.676
661 12.9461 15.5649
673 12.973 15.4415
963 13.0027 15.3053
629 13.0682 15.0045
812 13.1269 14.7353
588 13.3786 14.7461
488 13.6345 14.7571
61 13.8574 14.7667
899 18.7047 14.9754
626 21.2276 15.084
284 21.7383 15.106
702 22.2193 15.1267
363 22.7085 15.1477
366 22.8991 15.1559
643 23.1198 15.1654
254 23.3348 15.1747
8 23.5492 15.1839
641 23.7597 15.193
348 23.9997 15.2033
246 25.0999 15.2507
824 26.0658 15.2922
915 26.8623 15.3265
669 27.929 15.3724
883 29.0064 15.4188
704 29.7976 15.4528
573 30.5003 15.4831
310 31.1293 15.5102
407 31.6708 15.5335
307 32.1782 15.5553
287 32.7856 15.5814
337 33.3273 15.6048
709 33.806 15.6254
351 34.3789 15.65
26 35.0231 15.6778
518 35.6104 15.703
419 38.9842 23.2079
653 39.2483 23.7952
261 39.542 24.4486
934 39.8412 25.1139
467 40.1288 25.7536
379 40.3984 26.3533
822 40.6721 26.962
834 40.9789 27.6443
111 41.2736 28.2998
278 41.7176 29.2875
191 42.363 30.7228
844 43.0071 32.1555
257 43.2866 32.7772
289 43.5642 33.3945
155 43.9007 34.143
63 44.0826 34.5475
681 44.0826 34.5475
27 44.0826 34.5475
7 43.9676 34.8937
865 43.8752 35.1722
870 43.772 35.4829
935 43.6815 35.7554
785 43.5939 36.0193
586 43.4951 36.3169
250 43.3965 36.6138
197 43.289 36.9376
853 43.1843 37.253
421 43.0804 37.5657
458 42.9713 37.8944
49 42.2029 40.2093
945 42.0783 40.5846
790 41.9785 40.8851
692 41.8747 41.1976
19 41.7729 41.5044
472 41.6308 41.9324
876 41.5013 42.3223
492 41.3889 42.6608
843 41.2893 42.9609
480 41.1986 43.2341
66 41.1035 43.5204
716 40.9887 43.8662
687 40.8678 44.2302
679 40.7474 44.5931
748 40.5038 45.3268
194 40.2788 46.0045
923 40.0528 46.685
276 40.0528 46.685
69 40.0528 46.685
566 40.0528 46.685
127 40.0528 46.685
906 40.0528 46.685
281 39.2646 47.8863
621 38.9345 48.3894
370 38.661 48.8063
809 38.3974 49.208
210 38.1925 49.5202
180 37.9837 49.8384
342 37.7737 50.1584
356 37.5454 50.5063
848 37.2884 50.898
688 36.909 51.4761
732 36.5732 51.9879
929 36.2839 52.4289
510 36.0156 52.8378
522 35.7885 53.1838
989 35.5416 53.56
175 35.1413 54.1701
765 35.051 54.3077
922 34.9631 54.4416
104 34.8712 54.5817
597 34.7814 54.7186
901 34.6699 54.8885
512 34.5826 55.0215
533 34.3825 55.3265
147 34.1883 55.6225
603 33.9839 55.9339
324 33.7772 56.2489
599 33.5793 56.5504
729 33.4097 56.8089
34 33.2546 57.0453
788 33.1228 57.246
705 32.996 57.4394
451 32.8718 57.6285
365 32.7879 57.7564
576 32.7067 57.8801
471 32.6243 58.0057
79 32.5377 58.1377
269 32.4542 58.2649
839 32.3632 58.4036
804 32.2759 58.5367
461 32.19 58.6675
507 32.085 58.8275
59 31.984 58.9814
413 31.8874 59.1286
545 31.7429 59.3489
733 31.5966 59.5718
891 31.4672 59.769
912 31.3247 59.9862
21 31.1797 60.2071
237 31.0482 60.4075
493 30.8928 60.6443
459 30.7386 60.8793
645 30.5735 61.1309
137 30.4092 61.3812
957 30.2447 61.632
349 30.0765 61.8882
329 29.916 62.1328
956 29.7816 62.3376
720 29.6398 62.5537
422 29.5013 62.7648
981 29.3555 62.987
965 29.2126 63.2048
596 29.0765 63.4121
903 28.9331 63.6307
640 28.7956 63.8402
291 28.6572 64.0511
390 28.5067 64.2804
267 28.3607 64.5029
735 28.2059 64.7388
89 28.0525 64.9726
275 27.6212 65.6298
99 27.2454 66.2027
571 26.9309 66.6819
81 26.6146 67.1639
501 26.3818 67.5188
327 26.1382 67.89
382 25.8994 68.2538
429 25.6364 68.6547
272 25.4422 68.9506
658 25.5898 69.3249
897 25.7293 69.6788
608 25.8796 70.06
184 25.9712 70.2921
950 25.9712 70.2921
630 25.9712 70.2921
16 25.9712 70.2921
825 25.9712 70.2921
550 25.9712 70.2921
326 25.9712 70.2921
333 25.9712 70.2921
130 25.9712 70.2921
132 25.9712 70.2921
601 25.9712 70.2921
587 25.9712 70.2921
946 25.9712 70.2921
680 25.9712 70.2921
924 26.0612 70.3401
502 26.1461 70.3853
888 26.2596 70.4457
398 26.3683 70.5035
971 26.4865 70.5665
113 26.599 70.6264
339 26.7189 70.6902
789 26.8434 70.7565
526 26.9649 70.8212
701 27.0856 70.8854
431 27.21 70.9516
919 30.8814 72.907
806 30.8814 72.907
954 30.8814 72.907
537 30.8814 72.907
252 30.8814 72.907
910 30.8814 72.907
80 30.8814 72.907
927 30.8814 72.907
872 30.8814 72.907
730 30.8814 72.907
846 30.8814 72.907
225 30.9415 72.89
60 30.9907 72.8761
689 31.0472 72.8601
359 31.103 72.8443
726 31.1561 72.8293
308 31.4892 72.7351
124 31.8053 72.6457
574 32.1325 72.5532
878 32.465 72.4592
56 32.7955 72.3657
715 33.108 72.2774
454 33.4008 72.1946
266 33.7065 72.1081
226 34.0409 72.0135
134 34.3779 71.9182
662 34.6841 71.8316
604 34.9917 71.7446
591 35.3184 71.6523
404 35.6498 71.5586
270 35.9746 71.4667
724 36.3143 71.3707
30 36.6615 71.2724
855 40.341 72.3087
558 42.5248 72.9239
857 44.6734 73.5292
468 46.3035 73.9885
235 46.5847 74.0678
659 46.8638 74.1465
807 47.1387 74.2239
683 47.4347 74.3074
743 47.8153 74.4146
280 48.1959 74.5219
563 48.5396 74.6188
887 48.8951 74.719
335 48.8978 74.6839
755 48.9008 74.6462
350 48.9038 74.6088
976 48.9066 74.5743
564 48.9092 74.5408
294 48.9121 74.5051
144 48.915 74.4679
540 48.9179 74.4313
562 48.9207 74.3967
215 48.9235 74.3607
112 48.9265 74.3228
460 48.9293 74.2884
179 48.9319 74.2561
415 48.9347 74.2205
636 48.9463 74.0737
582 48.9585 73.9203
895 48.9702 73.7737
248 48.9819 73.6267
406 48.9935 73.4809
82 49.0066 73.3156
91 49.0203 73.143
940 49.0335 72.9769
861 49.0477 72.7983
126 49.063 72.6052
642 49.079 72.4048
782 49.0969 72.1786
832 49.1149 71.953
94 49.1337 71.7159
432 49.1527 71.4765
800 49.1715 71.2401
513 49.1914 70.9906
802 49.2111 70.7422
632 49.2327 70.4709
410 49.255 70.1899
163 49.2749 69.9395
453 49.2939 69.6998
605 49.3124 69.4675
671 49.3311 69.2326
577 49.394 68.4407
171 49.4104 68.2348
264 49.4283 68.009
798 49.444 67.8121
54 49.4587 67.6266
894 49.8804 67.2931
523 50.3721 66.9042
498 51.0041 66.4043
109 51.4596 66.044
484 51.9282 65.6734
282 52.5098 65.2134
676 53.055 64.7821
68 53.7443 64.2369
340 53.939 64.0829
208 54.1126 63.9456
987 54.2938 63.8023
101 54.4841 63.6518
793 54.6775 63.4988
779 54.8645 63.3509
986 55.2336 63.059
262 55.8774 62.5498
9 57.7942 62.9845
509 57.804 62.9867
238 57.8145 62.9891
769 57.8254 62.9916
393 57.8362 62.994
286 57.847 62.9965
188 57.8576 62.9989
84 57.8688 63.0014
396 57.8791 63.0038
161 57.8899 63.0062
907 57.9007 63.0087
964 57.9116 63.0111
647 57.9223 63.0136
762 57.9331 63.016
625 57.9437 63.0184
420 57.9544 63.0209
595 57.9544 63.0209
85 57.9544 63.0209
186 57.9544 63.0209
315 57.9544 63.0209
293 58.1318 62.745
173 58.2907 62.4979
515 58.4595 62.2352
617 58.6314 61.9678
478 58.8253 61.6662
847 58.9882 61.4129
968 59.3175 60.9005
623 59.7228 60.27
440 60.0015 59.8365
216 60.3044 59.3654
791 60.741 58.6861
668 61.2949 57.8243
35 62.0731 56.6136
810 63.0016 55.1692
767 64.3392 53.088
323 65.7118 50.9523
609 66.1273 50.3058
942 66.1446 50.279
926 66.1645 50.248
485 66.1839 50.2178
425 66.2047 50.1855
519 66.222 50.1586
217 66.2684 50.0864
941 66.3121 50.0184
70 66.3573 49.9481
842 66.4035 49.8763
357 66.4504 49.8034
583 66.4955 49.7332
314 66.5433 49.6587
232 66.5896 49.5868
29 66.6331 49.5191
850 66.6725 49.4578
967 66.7157 49.3907
117 66.7543 49.3306
553 66.7978 49.263
102 66.8396 49.1979
670 66.8847 49.1278
606 66.9267 49.0625
466 66.9724 48.9914
920 67.0137 48.9271
43 66.9119 48.6228
538 66.828 48.372
143 66.7259 48.0668
656 66.6329 47.7889
195 66.4622 47.2787
644 66.2282 46.5793
675 66.0002 45.8979
190 65.8123 45.3362
978 65.3061 43.8232
745 64.8881 42.5739
875 64.4162 41.1636
821 63.7968 39.3123
594 63.4098 38.1556
358 62.97 36.8411
751 62.5115 35.4709
831 62.1832 34.4897
45 61.9466 33.7825
930 61.6746 32.9696
873 61.3319 31.9453
555 61.2388 31.667
634 61.1585 31.4271
164 61.0675 31.1551
6 61.0333 31.0529
959 60.9987 30.9493
781 60.9648 30.8481
55 60.9292 30.7416
355 60.8952 30.6401
209 60.8588 30.5312
828 61.2917 29.6632
377 61.8022 28.6395
504 63.2012 25.8346
295 63.9822 24.2685
598 64.6739 22.8816
24 65.312 21.6021
819 65.9343 20.3543
777 66.6941 18.8308
176 67.4194 17.3765
581 68.0282 16.1558
103 68.7687 14.671
260 77.3127 15.9818
721 78.0184 17.0372
