0,260,979,483,243,627,345,98,520,33,590,884,951,497,198,136,977,107,242,170,592,932,387,967,684,838,274,745,835,506,920,644,670,675,323,606,485,553,842,926,70,102,850,941,942,425,609,357,195,583,466,43,143,29,232,314,519,793,538,190,623,978,85,594,117,377,217,63,276,237,512,155,281,180,262,743,101,779,576,210,471,621,498,461,804,923,342,597,186,903,765,163,965,809,459,56,137,645,897,729,640,79,756,981,34,788,912,705,233,451,127,522,778,89,30,510,382,104,525,891,370,508,876,720,59,324,543,147,413,264,308,683,910,390,175,21,291,839,359,171,80,676,545,922,596,733,901,267,846,144,537,493,54,599,957,929,327,732,614,715,533,134,225,349,574,878,266,184,526,411,701,132,571,501,487,954,215,918,757,296,608,658,600,950,99,724,223,662,730,689,16,649,872,806,840,404,540,976,424,773,604,578,919,591,365,129,563,561,124,659,636,60,252,454,350,226,270,189,940,855,235,484,798,582,894,453,109,632,782,617,410,986,558,523,857,791,94,91,769,668,51,340,290,654,904,727,832,35,216,432,968,238,440,282,161,188,577,293,762,420,810,650,656,625,647,964,907,767,396,84,468,286,393,515,605,595,201,575,465,481,71,83,801,847,509,800,208,112,460,744,837,987,173,378,18,478,67,110,867,334,68,383,579,152,385,852,975,962,660,900,332,450,528,473,740,648,889,372,311,204,725,322,864,25,685,928,983,135,820,854,893,318,417,937,775,544,818,494,159,52,580,145,353,251,149,845,620,666,742,813,297,158,817,285,774,622,177,273,415,984,980,367,952,23,62,911,511,584,896,202,992,856,344,618,185,42,464,477,746,823,395,816,369,229,536,826,315,9,118,567,40,737,259,280,320,179,921,671,12,802,335,317,931,513,248,562,406,947,755,564,82,807,294,126,449,880,642,895,887,754,193,861,5,559,532,375,541,416,690,434,882,245,239,516,313,305,408,763,624,851,319,140,437,874,866,181,961,613,265,707,72,309,548,206,470,448,389,974,814,156,105,53,165,738,256,752,530,877,394,172,766,241,22,146,343,92,292,569,230,539,713,271,139,76,761,73,2,96,418,253,150,44,885,36,392,15,495,651,795,611,753,41,167,593,631,491,456,20,462,696,409,28,786,808,960,430,933,428,17,120,249,871,768,13,288,490,672,244,360,469,776,231,638,521,833,714,141,695,316,304,982,93,50,443,368,886,306,610,227,697,859,825,58,183,441,550,247,386,115,712,1,719,169,803,693,711,759,426,436,699,953,988,905,300,178,750,969,405,827,914,916,815,138,557,236,973,442,200,380,637,585,106,435,199,364,868,213,792,153,39,447,736,678,263,547,570,88,374,944,892,321,615,75,90,301,628,546,401,446,444,108,830,31,48,657,728,203,240,457,568,718,890,325,955,399,95,220,326,796,560,333,927,431,888,130,789,275,552,272,601,739,131,400,587,946,503,726,500,680,924,361,502,168,554,607,639,162,255,717,799,939,347,556,686,694,970,966,734,381,517,113,371,207,298,224,780,339,665,433,991,14,445,667,338,860,346,948,277,77,551,376,329,531,192,565,119,879,3,427,429,772,635,479,219,764,97,398,703,524,589,81,630,114,196,482,971,422,841,234,698,279,166,925,956,784,760,758,336,972,534,352,174,805,391,507,403,142,797,633,735,691,688,938,157,542,505,373,616,652,122,116,182,341,57,747,770,849,218,677,708,100,496,78,663,303,535,949,908,476,214,863,731,148,858,123,154,212,489,909,527,749,463,990,958,46,47,936,222,302,397,913,414,37,723,687,438,38,475,269,7,603,664,771,11,49,811,388,619,748,706,529,549,151,655,612,278,64,205,125,602,221,829,486,824,869,439,10,299,32,514,384,700,87,283,423,228,133,86,128,985,499,312,328,330,898,646,412,794,572,674,211,187,74,258,362,331,402,710,4,641,268,836,455,881,8,682,661,673,474,963,366,629,348,722,812,61,488,643,588,943,741,65,787,307,626,254,902,379,246,160,709,337,121,899,702,284,915,653,354,822,518,351,407,704,669,287,573,310,883,363,934,111,467,26,555,261,834,679,848,66,862,356,917,783,480,191,452,197,194,586,785,935,870,843,566,250,69,844,989,492,945,716,906,853,790,692,472,865,875,458,289,421,257,19,45,821,419,873,55,164,831,6,781,751,634,355,930,358,209,828,27,681,103,598,24,176,504,295,819,721,777,581,959,
value : 475.777 running time : 51.451708
0 80 20
260 86.2325 17.5993
979 86.2535 17.5982
483 86.2745 17.5972
243 86.3002 18.5118
627 86.3564 20.5143
345 86.4405 23.5125
98 86.5966 29.0836
520 86.7034 32.8898
33 86.7802 35.6278
590 86.8741 38.9752
884 87.0587 45.5642
951 87.1153 47.5829
497 87.1643 49.3259
198 86.734 49.3268
136 86.3306 49.3276
977 85.943 49.3284
107 85.5862 49.3292
242 85.1644 49.33
170 84.7628 49.3309
592 84.2686 49.3319
932 83.8746 49.3327
387 83.5092 49.3335
967 83.1531 49.3342
684 82.8327 49.3349
838 82.4304 49.3357
274 82.016 49.3366
745 81.6149 49.3374
835 81.4016 49.3379
506 81.175 49.3383
920 77.433 49.3464
644 72.954 49.356
670 72.0686 49.3579
675 71.1686 49.3598
323 70.8711 49.3604
606 70.5715 49.361
485 70.3068 49.3615
553 70.0787 49.362
842 69.8239 49.3625
926 69.5898 49.363
70 69.3593 49.3635
102 69.1465 49.3639
850 68.9339 49.3644
941 68.7071 49.3648
942 68.4677 49.3653
425 68.2514 49.3658
609 67.9956 49.3663
357 67.6907 49.3669
195 67.4396 49.3675
583 67.0713 49.3682
466 66.67 49.369
43 66.1409 49.3702
143 65.7645 49.3709
29 65.3894 49.3717
232 64.6151 49.3733
314 63.6386 49.3754
519 62.7174 49.3773
793 62.0628 49.3787
538 61.8424 49.3791
190 61.6107 49.3796
623 61.3437 49.3801
978 61.1006 49.3806
85 60.8628 49.3811
594 60.6342 49.3816
117 60.4078 49.3821
377 60.1475 49.3826
217 57.4351 50.3184
63 54.3339 51.3885
276 51.2678 52.4465
237 48.4374 53.423
512 47.7536 53.6588
155 47.097 53.8852
281 46.4651 54.103
180 45.8319 54.3213
262 45.2678 54.5158
743 44.496 54.7819
101 43.2451 55.2132
779 41.5089 55.812
576 41.4422 55.8227
210 41.3803 55.8326
471 41.3211 55.842
621 41.2633 55.8513
498 41.2042 55.8607
461 41.1384 55.8713
804 41.0786 55.8808
923 41.0214 55.89
342 40.9567 55.9003
597 40.8916 55.9108
186 40.823 55.9217
903 36.1032 56.6777
765 36.0812 56.6812
163 36.0585 56.6848
965 33.2839 57.1295
809 33.1671 57.1482
459 33.0388 57.1688
56 32.8833 57.1937
137 32.7158 57.2205
645 32.5522 57.2468
897 32.3825 57.274
729 32.3825 57.274
640 32.3825 57.274
79 32.3825 57.274
756 32.3825 57.274
981 32.3825 57.274
34 32.3825 57.274
788 32.3825 57.274
912 32.3825 57.274
705 32.3825 57.274
233 32.3825 57.274
451 32.3825 57.274
127 32.3825 57.274
522 32.3825 57.274
778 32.3825 57.274
89 32.3825 57.274
30 32.3825 57.274
510 32.3825 57.274
382 32.3825 57.274
104 32.3825 57.274
525 32.3825 57.274
891 32.3825 57.274
370 32.3825 57.274
508 32.3825 57.274
876 32.3825 57.274
720 32.3825 57.274
59 32.3825 57.274
324 32.3825 57.274
543 32.3825 57.274
147 32.424 57.7196
413 32.4688 58.2001
264 32.5432 58.9974
308 32.6082 59.6943
683 32.6642 60.2945
910 32.7101 60.7864
390 32.7438 61.1487
175 32.7766 61.5003
21 32.8082 61.8401
291 32.8373 62.1522
839 32.8656 62.4564
359 32.8966 62.7892
171 32.9264 63.1091
80 32.9539 63.4041
676 32.9757 63.6385
545 32.9171 63.9927
922 32.8436 64.4379
596 32.7563 64.9673
733 32.6662 65.5131
901 32.5778 66.0486
267 32.4876 66.5952
846 32.3898 67.1877
144 32.2917 67.7826
537 32.2917 67.7826
493 32.2917 67.7826
54 32.2917 67.7826
599 32.2917 67.7826
957 32.2917 67.7826
929 32.2917 67.7826
327 32.2917 67.7826
732 32.2917 67.7826
614 32.2111 67.9021
715 32.15 67.9927
533 32.0867 68.0866
134 32.0028 68.211
225 31.5368 68.9023
349 30.9404 69.7871
574 30.3296 70.6933
878 29.7473 71.5572
266 29.1139 72.4971
184 28.5295 73.3641
526 28.5295 73.3641
411 28.5295 73.3641
701 28.6291 73.5645
132 28.7322 73.7718
571 28.9483 74.2064
501 29.1686 74.6492
487 29.4045 75.1234
954 29.734 75.7851
215 30.0679 76.4558
918 30.1855 76.6922
757 30.1855 76.6922
296 30.1855 76.6922
608 30.1855 76.6922
658 30.1855 76.6922
600 30.1855 76.6922
950 30.1855 76.6922
99 30.1855 76.6922
724 30.1855 76.6922
223 30.1855 76.6922
662 30.1855 76.6922
730 30.1855 76.6922
689 30.1855 76.6922
16 30.1855 76.6922
649 30.1855 76.6922
872 30.1855 76.6922
806 30.1855 76.6922
840 30.1855 76.6922
404 30.1855 76.6922
540 30.1855 76.6922
976 30.1855 76.6922
424 30.1855 76.6922
773 31.1141 76.7548
604 32.046 76.8175
578 32.9943 76.8814
919 33.9436 76.9451
591 34.9935 77.0156
365 35.8715 77.0744
129 38.0015 77.2944
563 38.3699 77.1091
561 38.6863 76.9498
124 39.005 76.7894
659 39.3601 76.6108
636 39.7013 76.4391
60 39.9414 76.3182
252 40.2863 76.1447
454 40.6455 75.9639
350 41.293 75.6382
226 41.9232 75.3212
270 42.6137 74.9739
189 43.4198 74.5684
940 44.4994 74.0257
855 45.592 73.4763
235 46.5126 73.0134
484 47.3595 72.5874
798 48.2134 72.1579
582 48.6142 71.9563
894 49.0047 71.7597
453 49.4252 71.5482
109 49.823 71.348
632 50.2016 71.1576
782 50.5825 70.9659
617 50.9787 70.7665
410 51.3502 70.5796
986 51.7836 70.3615
558 52.2374 70.1332
523 52.7126 69.8941
857 53.5161 69.49
791 54.3838 69.0536
94 55.2319 68.627
91 56.1887 68.1458
769 57.2816 67.5962
668 58.4432 67.0123
51 59.6652 66.398
340 59.754 66.3533
290 59.8414 66.3093
654 59.9222 66.2686
904 59.9978 66.2306
727 60.0713 66.1936
832 60.1378 66.1601
35 60.2058 66.1259
216 60.2758 66.0907
432 60.3559 66.0504
968 60.4368 66.0097
238 60.526 65.9647
440 60.607 65.924
282 60.6846 65.885
161 60.7681 65.8429
188 60.8582 65.7976
577 60.9429 65.7549
293 61.0334 65.7094
762 61.1184 65.6666
420 61.2129 65.6191
810 61.2896 65.5805
650 61.3755 65.5372
656 61.4581 65.4957
625 61.4581 65.4957
647 61.4581 65.4957
964 61.4581 65.4957
907 61.4581 65.4957
767 61.4581 65.4957
396 61.4581 65.4957
84 61.6816 65.7356
468 61.9257 65.9977
286 62.1909 66.2822
393 62.7359 66.8674
515 63.2582 67.4281
605 63.8352 68.0476
595 64.4646 68.7234
201 65.1264 69.4341
575 65.5366 73.2436
465 65.6618 73.2194
481 65.7873 73.1952
71 65.9108 73.1713
83 66.0288 73.1485
801 66.1371 73.1275
847 66.256 73.1045
509 66.3759 73.0813
800 66.4942 73.0585
208 66.6739 73.0237
112 66.8739 72.985
460 67.1676 72.9283
744 67.4808 72.8678
837 67.7809 72.8098
987 68.0607 72.7557
173 68.3829 72.6934
378 68.7033 72.6315
18 69.1143 72.5521
478 69.5788 72.4624
67 70.4634 72.2917
110 71.3869 72.1136
867 72.2943 71.9385
334 73.2421 71.7557
68 73.4302 71.888
383 74.0995 72.3587
579 74.7596 72.8229
152 75.4074 73.2785
385 76.1567 73.8054
852 76.8928 74.3232
975 77.9961 75.099
962 79.3867 76.0767
660 81.6339 77.6555
900 81.6339 77.6555
332 82.1818 78.3008
450 82.8846 79.1284
528 83.4831 79.8333
473 84.2512 80.738
740 84.6835 81.2472
648 85.1519 81.7988
889 85.6666 82.4049
372 85.9907 82.7867
311 85.6894 83.1349
204 85.2958 83.5897
725 84.8105 84.1503
322 84.3831 84.6442
864 83.9945 85.0932
25 83.6678 85.4707
685 82.9332 86.3194
928 81.3733 88.1209
983 80.3876 88.1234
135 79.1187 88.1266
820 78.4547 88.1281
854 77.7711 88.1297
893 77.1532 88.1311
318 76.4875 88.1327
417 75.9932 88.1338
937 75.5132 88.1349
775 75.0889 88.1359
544 74.6895 88.1367
818 74.359 88.1375
494 74.0372 88.1382
159 73.6941 88.1389
52 73.3437 88.1397
580 73.0492 88.1404
145 72.2904 88.1421
353 71.611 88.1437
251 70.932 88.1452
149 70.2751 88.1467
845 69.6489 88.1481
620 69.0459 88.1495
666 68.5015 88.1507
742 67.9117 88.152
813 67.1234 88.1538
297 66.2388 88.1559
158 65.4025 88.1578
817 64.3891 88.1602
285 63.3483 88.1626
774 61.922 88.1661
622 61.387 88.1673
177 60.7854 88.1687
273 60.1723 88.1701
415 59.4956 88.1716
984 58.923 88.1729
980 58.3048 88.1743
367 57.7221 88.1756
952 57.1658 88.1769
23 56.6427 88.178
62 56.6298 88.171
911 56.6178 88.1645
511 56.605 88.1575
584 56.5931 88.151
896 56.5807 88.1443
202 56.5686 88.1377
992 56.5568 88.1313
856 56.5446 88.1246
344 56.5321 88.1178
618 56.5008 88.1008
185 56.4727 88.0855
42 56.443 88.0693
464 56.4104 88.0515
477 56.3735 88.0315
746 56.3338 88.0099
823 56.3044 87.9939
395 55.8913 87.7691
816 55.4667 87.538
369 55.0264 87.2984
229 54.5964 87.0644
536 54.1704 86.8326
826 53.7582 86.6082
315 53.4079 86.4176
9 53.3524 86.4108
118 53.2288 86.3958
567 53.1028 86.3804
40 52.9546 86.3624
737 52.8159 86.3455
259 52.6655 86.3272
280 52.5132 86.3087
320 52.3613 86.2902
179 52.2209 86.2731
921 52.083 86.2563
671 51.9537 86.2406
12 51.798 86.2216
802 51.6308 86.2013
335 51.4853 86.1836
317 51.3329 86.165
931 51.1441 86.142
513 50.8636 86.1079
248 50.7337 86.2209
562 50.6043 86.3334
406 50.4757 86.4452
947 50.3495 86.555
755 50.2285 86.6603
564 50.1031 86.7693
82 49.9767 86.8792
807 49.8494 86.9899
294 49.73 87.0938
126 49.6093 87.1988
449 49.4777 87.3132
880 49.3814 87.397
642 49.2777 87.4871
895 49.1725 87.5787
887 49.0593 87.6771
754 48.9376 87.783
193 48.815 87.8895
861 48.6899 87.9984
5 48.5498 88.1201
559 48.4559 88.2018
532 48.3763 88.2711
375 48.2991 88.3382
541 48.2276 88.4004
416 48.1616 88.4578
690 48.097 88.514
434 48.0217 88.5795
882 47.9593 88.6338
245 47.7545 88.6374
239 47.5533 88.641
516 47.3617 88.6444
313 47.1688 88.6478
305 46.9574 88.6516
408 46.7553 88.6552
763 46.5535 88.6588
624 46.3639 88.6621
851 46.0558 88.6676
319 45.7232 88.6736
140 45.4098 88.6792
437 45.0818 88.6851
874 44.7838 88.6904
866 44.4877 88.6956
181 44.1918 88.7009
961 43.926 88.7057
613 43.0152 88.7223
265 42.3608 88.7341
707 42.1779 88.7374
72 42.0075 88.7404
309 41.8459 88.7432
548 41.682 88.7461
206 41.5269 88.7489
470 41.3615 88.7518
448 41.2132 88.7544
389 41.0693 88.757
974 40.9184 88.7596
814 40.7914 88.7619
156 40.6574 88.7642
105 40.5086 88.7668
53 40.2783 88.7709
165 40.0586 88.7748
738 39.8179 88.7791
256 39.5908 88.7831
752 39.3826 88.7868
530 39.1984 88.79
877 38.9815 88.7939
394 38.7723 88.7976
172 38.5658 88.8013
766 38.3663 88.8048
241 38.1539 88.8085
22 37.9429 88.8123
146 37.7363 88.8159
343 37.5372 88.8195
92 37.3082 88.8235
292 37.0987 88.8272
569 36.8907 88.8309
230 36.6732 88.8348
539 36.4615 88.8385
713 36.2368 88.8425
271 35.4136 88.8574
139 34.5958 88.8721
76 33.6431 88.8894
761 32.7881 88.9048
73 32.0968 88.9172
2 31.4321 88.9291
96 30.7489 88.9414
418 30.0695 88.9536
253 29.439 88.9649
150 28.8073 88.9762
44 28.1618 88.9878
885 27.5679 88.9984
36 26.9983 89.0085
392 26.442 89.0185
15 25.7342 89.0312
495 25.7342 89.0312
651 25.7342 89.0312
795 25.7342 89.0312
611 25.7342 89.0312
753 25.7342 89.0312
41 25.7342 89.0312
167 25.7342 89.0312
593 25.7342 89.0312
631 25.7342 89.0312
491 25.7342 89.0312
456 25.7342 89.0312
20 25.7342 89.0312
462 25.7342 89.0312
696 25.7342 89.0312
409 25.7342 89.0312
28 25.7342 89.0312
786 25.7342 89.0312
808 25.7342 89.0312
960 25.7342 89.0312
430 25.558 89.0229
933 25.3878 89.0148
428 25.2291 89.0074
17 25.0555 88.9992
120 24.8976 88.9917
249 24.727 88.9837
871 24.5558 88.9756
768 24.3929 88.9679
13 24.2337 88.9604
288 24.0849 88.9534
490 23.9364 88.9464
672 23.7826 88.9392
244 23.6188 88.9314
360 23.4598 88.9239
469 23.3034 88.9166
776 23.1458 88.9092
231 23.0067 88.9026
638 22.8385 88.8947
521 22.643 88.8855
833 22.4617 88.8769
714 22.2793 88.8683
141 22.1044 88.86
695 21.9056 88.8505
316 21.7048 88.841
304 21.6708 88.8394
982 21.642 88.8381
93 21.6174 88.8369
50 21.5931 88.8358
443 21.5685 88.8347
368 21.2845 88.8732
886 21.003 88.9114
306 20.721 88.9497
610 20.4151 88.9912
227 20.0909 89.0352
697 19.8029 89.0743
859 19.4504 89.1221
825 19.084 89.1718
58 18.7404 89.2184
183 18.3893 89.266
441 18.0385 89.3136
550 17.6837 89.3618
247 16.8767 89.4711
386 16.152 89.5693
115 15.4779 89.6607
712 14.7889 89.7541
1 14.0631 89.8524
719 13.3962 89.9428
169 12.8847 90.0122
803 12.4723 90.0681
693 12.088 90.1203
711 11.7176 90.1705
759 11.3586 90.2192
426 11.2168 90.2385
436 11.0926 90.2554
699 10.9659 90.2725
953 10.8233 90.2919
988 10.6912 90.3098
905 10.6913 90.3094
300 10.6914 90.3091
178 10.6915 90.3088
750 10.6916 90.3085
969 10.6917 90.3081
405 10.6918 90.3078
827 10.6919 90.3074
914 10.692 90.307
916 10.6922 90.3066
815 10.6923 90.3062
138 10.6924 90.3059
557 10.6925 90.3055
236 10.6926 90.3052
973 10.6927 90.3048
442 10.6928 90.3044
200 10.6929 90.3041
380 10.693 90.3037
637 10.6931 90.3033
585 10.6932 90.3029
106 10.6933 90.3025
435 10.6934 90.3021
199 10.6936 90.3016
364 10.6937 90.3012
868 10.6938 90.3008
213 10.6939 90.3003
792 10.7899 89.9481
153 10.8839 89.6033
39 10.9789 89.2545
447 11.0806 88.8814
736 11.1841 88.5015
678 11.289 88.1169
263 11.4002 87.7089
547 11.5142 87.291
570 11.6301 86.8665
88 11.7423 86.455
374 11.8519 86.0531
944 11.9504 85.6915
892 12.0295 85.401
321 12.1081 85.1123
615 12.1859 84.8267
75 12.2626 84.5453
90 12.3386 84.2659
301 12.3828 84.1322
628 12.4334 83.9791
546 12.485 83.8229
401 12.5333 83.6769
446 12.5863 83.5166
444 12.6445 83.3407
108 12.703 83.1637
830 12.7675 82.9686
31 12.8289 82.7828
48 12.8901 82.5974
657 12.9535 82.4057
728 13.0061 82.2465
203 13.0559 82.0959
240 13.1081 81.9381
457 13.1616 81.7763
568 13.2077 81.6367
718 13.3251 81.2816
890 13.4636 80.8624
325 13.5982 80.4553
955 13.7411 80.023
399 13.8841 79.5904
95 14.0466 79.0987
220 14.2551 78.4682
326 14.426 77.9509
796 14.5885 77.4595
560 14.7461 76.9826
333 14.9133 76.4768
927 15.0799 75.9727
431 15.1641 75.718
888 15.2645 75.4144
130 15.3591 75.128
789 15.4349 74.8988
275 15.5098 74.6723
552 15.5792 74.4623
272 15.6434 74.2681
601 15.7096 74.0678
739 15.7652 73.8996
131 15.8173 73.742
400 15.8573 73.6208
587 15.9024 73.4845
946 15.4434 73.4293
503 14.9485 73.3698
726 14.493 73.315
500 14.0038 73.2561
680 13.5207 73.198
924 13.0456 73.1409
361 12.4862 73.0736
502 11.893 73.0022
168 11.2823 72.9287
554 10.5362 72.8389
607 10.6428 72.3392
639 10.7517 71.828
162 10.8691 71.2773
255 10.9772 70.77
717 11.0842 70.268
799 11.1906 69.769
939 11.2954 69.2773
347 11.3813 68.8748
556 11.3813 68.8748
686 11.3813 68.8748
694 11.3813 68.8748
970 11.3813 68.8748
966 11.3813 68.8748
734 11.3813 68.8748
381 11.3813 68.8748
517 11.3813 68.8748
113 11.3813 68.8748
371 11.3813 68.8748
207 11.3813 68.8748
298 11.4007 68.8513
224 11.4213 68.8267
780 11.4454 68.7977
339 11.4737 68.7636
665 11.4974 68.7352
433 11.5216 68.706
991 11.5508 68.6709
14 11.5815 68.634
445 11.6118 68.5976
667 11.6431 68.5599
338 11.677 68.5192
860 11.708 68.4819
346 11.7406 68.4427
948 11.7734 68.4033
277 11.8054 68.3648
77 11.8381 68.3254
551 11.873 68.2835
376 11.9087 68.2406
329 11.9452 68.1966
531 11.9749 68.1609
192 12.0077 68.1215
565 12.0401 68.0825
119 12.067 68.0502
879 12.0954 68.0161
3 12.1249 67.9806
427 12.1539 67.9457
429 12.1866 67.9064
772 12.2207 67.8654
635 12.2502 67.83
479 12.3078 67.6001
219 12.3733 67.3391
764 12.4415 67.0674
97 12.4981 66.8418
398 12.5589 66.5991
703 12.6229 66.3442
524 12.6831 66.1043
589 12.7428 65.866
81 12.7979 65.6463
630 12.8548 65.4196
114 12.9141 65.1834
196 12.9735 64.9466
482 13.0293 64.7242
971 13.0892 64.4851
422 13.8448 61.4781
841 14.4405 59.1073
234 14.4405 59.1073
698 14.4405 59.1073
279 14.4405 59.1073
166 14.4405 59.1073
925 14.602 58.8833
956 14.7891 58.6236
784 14.947 58.4046
760 15.1305 58.1501
758 15.3427 57.8557
336 15.5132 57.6191
972 15.6815 57.3857
534 15.8556 57.1441
352 16.0175 56.9194
174 16.1808 56.6929
805 16.3313 56.4841
391 16.4964 56.2551
507 16.6403 56.0555
403 16.7905 55.8471
142 16.8904 55.7086
797 16.988 55.5732
633 17.079 55.4469
735 17.1637 55.3296
691 17.2488 55.2114
688 17.3408 55.0838
938 14.4701 53.7661
157 12.4113 52.821
542 12.3167 52.7776
505 12.2195 52.7331
373 12.1215 52.6882
616 12.0272 52.645
652 11.9329 52.6018
122 11.8396 52.559
116 11.8397 52.5589
182 11.9162 52.4719
341 11.9838 52.3951
57 12.0483 52.3219
747 12.1126 52.2487
770 12.191 52.1597
849 12.2561 52.0857
218 12.4844 51.8264
677 12.7349 51.5418
708 12.9965 51.2444
100 13.3488 50.8442
496 13.7301 50.4111
78 14.0797 50.0139
663 14.343 49.7148
303 14.5816 49.4437
535 14.8667 49.1198
949 14.7257 49.0997
908 14.5851 49.0797
476 14.4158 49.0556
214 14.2313 49.0293
863 14.2586 48.9704
731 14.2834 48.917
148 14.3077 48.8647
858 14.3295 48.8177
123 14.3518 48.7697
154 14.3735 48.723
212 14.3957 48.6752
489 14.4158 48.6319
909 14.4378 48.5844
527 14.4597 48.5374
749 14.5798 48.2787
463 14.7014 48.0169
990 14.8285 47.743
958 14.9425 47.4975
46 15.1707 47.4049
47 15.5241 47.2615
936 16.5894 46.8291
222 17.9267 46.2861
302 19.5118 45.6422
397 20.1995 45.3631
913 20.8284 45.1079
414 21.3696 44.8883
37 21.8165 44.707
723 22.2598 44.5271
687 22.7127 44.3433
438 23.0586 44.203
38 23.4089 44.0609
475 23.7274 43.9316
269 24.0694 43.7929
7 24.3791 43.6672
603 24.4898 43.6223
664 24.5958 43.5794
771 24.7001 43.537
11 24.8293 43.4846
49 24.9607 43.4313
811 24.8485 42.7203
388 24.7529 42.1145
619 24.6582 41.5149
748 24.5428 40.7835
706 24.413 39.9605
529 24.2138 38.6985
549 24.0466 37.6385
151 23.9013 36.718
655 23.7287 35.6241
612 23.4892 34.1059
278 23.2321 32.4767
64 22.9747 30.8457
205 22.7368 30.9453
125 22.5146 31.0383
602 22.3274 31.1166
221 22.1258 31.2009
829 21.9026 31.2943
486 21.6929 31.382
824 21.4848 31.4691
869 21.2392 31.5719
439 20.9929 31.6749
10 16.1222 33.7129
299 13.7207 34.7177
32 13.1112 34.9727
514 12.3516 35.2905
384 11.9566 35.4558
700 11.6037 35.6035
87 11.2246 35.7621
283 10.8418 35.9222
423 10.4755 36.0755
228 10.09 36.2368
133 9.70647 36.3973
86 9.27557 36.5775
128 8.90602 36.7322
985 8.95482 36.2341
499 8.9993 35.78
312 9.0616 35.1443
328 9.1395 34.3495
330 9.29423 32.7721
898 9.7104 28.5378
646 10.1232 24.342
412 10.1585 23.9814
794 10.19 23.6606
572 10.2243 23.3096
674 10.2631 22.9141
211 10.2966 22.5724
187 10.3238 22.294
74 10.3488 22.0394
258 10.3763 21.7579
362 10.4052 21.4633
331 10.4319 21.1909
402 10.4587 20.9171
710 10.4863 20.6348
4 10.5158 20.3336
641 10.5488 19.9969
268 10.5862 19.6151
836 10.6302 19.1668
455 10.7289 18.1593
881 10.8403 17.0234
8 10.9204 16.2063
682 10.9215 16.1954
661 10.9225 16.185
673 10.9236 16.1734
474 10.9249 16.1605
963 10.9262 16.1475
366 10.9277 16.1317
629 10.9292 16.1172
348 10.9304 16.1046
722 10.9317 16.091
812 10.933 16.0781
61 11.3419 16.3512
488 11.8255 16.6742
643 14.7497 18.6272
588 16.1082 19.5345
943 17.9318 20.7523
741 19.1953 21.5962
65 21.5027 23.1372
787 22.8164 22.7625
307 23.8387 22.4708
626 24.7682 22.2055
254 25.5535 21.9814
902 26.3722 21.7477
379 27.2888 21.4862
246 27.8041 21.3391
160 28.3116 21.1943
709 28.3116 21.1943
337 28.3116 21.1943
121 28.3116 21.1943
899 28.8506 20.9275
702 29.573 20.57
284 30.3863 20.1676
915 31.3095 19.7108
653 32.9158 18.9162
354 33.0982 18.8259
822 35.0023 17.884
518 37.3933 16.7014
351 37.4358 16.8608
407 37.4825 17.0356
704 37.5323 17.2222
669 37.58 17.4012
287 37.7469 18.0265
573 37.9464 18.7738
310 38.1583 19.5676
883 38.3789 20.394
363 38.5991 21.219
934 39.0209 22.7988
111 39.3924 24.1904
467 39.8323 25.8382
26 40.2194 27.2879
555 40.8039 29.4767
261 41.1077 30.615
834 41.5129 32.1329
679 41.9946 33.937
848 42.3415 34.5837
66 42.4621 34.8086
862 42.5624 34.9957
356 42.6594 35.1767
917 42.7501 35.3457
783 42.8391 35.5118
480 43.2463 35.7355
191 43.662 35.9639
452 44.117 36.2139
197 44.55 36.4518
194 44.9545 36.674
586 45.3211 36.8754
785 45.7292 37.0997
935 46.1169 37.3127
870 46.5163 37.5321
843 46.8754 37.7294
566 46.8754 37.7294
250 46.8754 37.7294
69 46.8754 37.7294
844 46.8754 37.7294
989 46.8754 37.7294
492 46.8754 37.7294
945 46.8754 37.7294
716 47.0759 37.5203
906 47.2673 37.3207
853 47.4557 37.1243
790 47.6457 36.9263
692 47.8438 36.7198
472 48.0611 36.4932
865 48.6363 35.8938
875 49.1468 35.3617
458 49.8505 34.6284
289 50.5415 33.9084
421 51.1603 33.2634
257 51.8587 32.5355
19 53.457 30.8712
45 54.8429 29.4282
821 54.9737 29.2729
419 55.0896 29.1353
873 55.2015 29.0024
55 55.3129 28.87
164 55.4245 28.7376
831 55.5378 28.6029
6 55.6427 28.4784
781 55.7419 28.3605
751 55.8407 28.2432
634 55.9427 28.122
355 56.0604 27.9823
930 56.184 27.8355
358 56.4245 27.5499
209 56.8009 27.1029
828 57.2732 26.542
27 57.811 25.9032
681 58.4725 25.1177
103 66.5231 15.5605
598 66.968 15.707
24 67.3752 15.8412
176 67.7625 15.9688
504 68.1876 16.1088
295 68.5953 16.2431
819 69.0122 16.3804
721 69.4863 16.5366
777 69.9534 16.6905
581 70.6294 16.9132
959 71.5242 17.208
