0,483,345,98,243,627,884,520,107,590,506,136,497,170,242,609,745,29,592,920,835,951,838,357,926,232,117,195,314,358,675,323,425,606,644,387,334,102,143,842,656,466,875,43,623,625,538,647,293,485,964,70,577,907,767,85,396,519,793,342,941,84,468,286,393,161,605,595,650,188,190,762,810,420,201,850,110,67,515,962,383,68,900,553,684,867,977,478,579,975,852,942,967,583,932,385,152,332,198,740,311,660,528,648,322,685,204,25,372,450,889,725,159,928,251,580,135,893,473,494,983,820,864,145,353,149,318,817,42,185,285,854,544,23,851,477,980,746,911,620,202,618,690,464,823,992,52,584,814,344,105,624,882,856,516,245,313,62,713,22,613,309,367,541,752,230,416,539,961,559,165,434,569,896,874,156,974,766,265,5,271,866,763,470,239,511,738,774,306,139,181,53,375,761,960,521,707,72,430,92,343,448,389,172,73,859,919,36,189,490,714,41,141,638,253,631,695,249,2,954,608,167,296,120,886,495,672,833,244,304,227,462,973,933,236,557,651,20,610,288,418,392,491,96,696,409,28,786,808,753,795,138,13,712,115,776,871,456,442,15,768,611,815,916,380,364,108,301,914,827,988,153,405,969,585,868,213,750,200,435,106,199,90,628,546,401,386,39,300,905,178,547,263,678,736,982,637,441,44,593,446,444,76,424,487,773,150,604,578,825,58,183,918,885,428,162,368,443,316,93,50,17,757,326,796,220,247,550,890,169,803,693,1,991,433,759,426,436,699,953,711,718,568,325,955,399,95,447,694,255,717,799,939,347,374,792,686,719,570,113,970,966,734,381,517,892,321,615,75,554,371,944,298,224,207,31,48,657,728,203,240,457,830,339,665,780,445,667,338,860,346,948,277,77,551,469,360,376,14,88,275,764,739,131,400,587,946,503,726,500,680,924,361,502,168,888,479,219,697,574,349,333,927,431,560,526,411,701,132,571,501,184,266,789,878,976,658,600,950,99,724,223,662,730,689,16,649,241,872,806,840,404,540,548,394,659,437,206,563,561,124,129,636,146,60,252,231,454,350,226,270,256,940,94,248,562,406,947,292,755,564,82,807,294,126,449,880,642,895,887,877,532,215,408,319,305,530,754,193,952,536,9,317,140,335,931,802,12,671,769,921,861,826,179,320,280,259,737,40,567,118,83,666,742,158,813,297,984,622,177,273,415,937,845,816,395,801,18,378,481,369,229,465,818,837,775,417,668,832,727,904,654,290,340,51,744,71,987,855,513,91,315,173,575,460,112,208,800,509,847,857,235,523,558,986,80,216,410,134,743,617,782,632,109,453,894,676,582,432,968,798,238,440,484,35,276,597,262,282,210,512,217,63,186,377,870,843,566,250,555,586,785,865,945,716,906,853,790,692,472,679,778,194,66,862,356,917,783,480,191,452,492,844,989,69,101,621,923,155,848,30,498,522,180,912,163,804,461,264,281,732,791,910,901,175,733,765,809,104,779,171,144,225,537,720,903,599,683,614,715,591,359,21,510,291,365,382,390,56,308,965,596,876,127,471,49,370,839,459,922,147,137,533,929,645,576,59,698,324,543,34,756,54,233,493,908,981,788,89,130,677,858,279,688,302,267,451,79,705,691,957,630,635,398,703,524,589,97,735,552,81,640,545,327,729,507,846,114,601,196,482,422,897,272,329,956,505,182,534,971,772,556,607,639,427,192,429,565,531,119,879,3,100,373,972,57,542,336,747,909,341,218,47,234,166,708,936,463,849,758,863,122,760,784,157,925,214,527,116,174,154,312,841,985,797,616,771,805,700,303,123,423,958,384,652,283,222,770,489,10,32,663,78,148,228,749,397,938,476,269,633,403,603,949,496,811,391,142,352,438,475,535,723,525,38,664,237,7,388,891,413,748,655,913,508,619,414,307,915,612,354,549,221,37,709,706,834,151,687,278,205,529,121,787,160,11,990,943,661,402,869,125,486,65,602,474,829,741,299,710,572,268,455,212,499,731,328,128,330,46,514,673,87,794,74,86,898,187,258,4,133,412,331,963,812,646,61,629,881,722,588,348,211,682,674,836,902,362,8,254,366,899,641,351,669,488,310,363,822,518,653,407,626,261,702,467,883,246,439,284,64,824,287,337,704,573,111,26,379,643,935,421,355,289,197,681,828,55,209,458,27,751,873,419,164,19,934,257,821,978,634,781,594,930,670,274,33,777,45,819,6,831,959,24,176,581,598,504,295,721,979,103,260,
value : 602.304 running time : 27.482484
0 80 20
483 87.0921 18.2898
345 87.1176 19.7073
98 87.1427 21.1088
243 87.1449 21.23
627 87.1797 23.1658
884 87.5307 42.74
520 87.5459 43.5858
107 87.5656 44.6847
590 87.5735 45.1256
506 87.626 48.0472
136 87.6333 48.454
497 87.6406 48.8614
170 86.1414 48.7128
242 84.2107 48.5215
609 82.2122 48.3235
745 81.062 48.2095
29 80.2944 48.1334
592 79.6218 48.0667
920 78.9744 48.0025
835 78.3199 47.9376
951 77.4248 47.8488
838 75.9717 47.7048
357 73.3867 47.4488
926 72.5085 47.3618
232 71.71 47.2826
117 70.9326 47.2055
195 70.2744 47.1402
314 69.4486 47.0584
358 68.7611 46.9902
675 68.7282 47.4634
323 68.692 47.9847
425 68.6498 48.5917
606 68.6115 49.1435
644 68.5682 49.7663
387 68.5208 50.4487
334 68.5208 50.4487
102 68.0448 50.5276
143 67.5842 50.6039
842 67.1322 50.6788
656 66.7087 50.749
466 66.2526 50.8246
875 63.198 51.331
43 62.5919 51.4314
623 62.0229 51.5257
625 61.5112 51.6105
538 61.1108 51.6768
647 60.6984 51.7452
293 60.2953 51.8119
485 59.9014 51.8772
964 59.4894 51.9455
70 59.2626 51.9831
577 59.0009 52.0264
907 58.7774 52.0635
767 58.5473 52.1016
85 58.2719 52.1472
396 58.0115 52.1904
519 57.7469 52.2342
793 57.4915 52.2765
342 57.2479 52.3169
941 60.9561 55.8765
84 61.409 56.3114
468 61.871 56.7548
286 62.3215 57.1873
393 62.8559 57.7003
161 63.2573 58.0856
605 64.5314 59.3087
595 64.8269 59.4151
650 65.1032 59.5145
188 65.3555 59.6053
190 65.7698 59.7544
762 66.1647 59.8965
810 66.6274 60.0631
420 67.227 60.2788
201 67.7948 60.4832
850 68.2361 60.642
110 68.6675 60.7973
67 69.0586 60.938
515 69.4623 61.0833
962 70.2103 61.3525
383 70.8736 61.5913
68 71.3807 61.7738
900 71.9573 61.9813
553 72.4819 62.1701
684 73.6093 62.5759
867 73.779 62.637
977 73.9676 62.7048
478 74.1226 62.7606
579 74.313 62.8291
975 74.4887 62.8924
852 74.6581 62.9533
942 74.8203 63.0117
967 75.017 63.0825
583 75.2085 63.1514
932 75.4115 63.2245
385 75.6243 63.3011
152 75.836 63.3772
332 76.0721 63.4622
198 76.2952 63.5425
740 81.5098 73.2871
311 82.7219 75.5518
660 83.4486 76.9097
528 83.9984 77.937
648 84.6619 79.1767
322 85.3103 80.3882
685 85.5116 80.7643
204 85.6763 81.0721
25 85.8754 81.4441
372 86.0405 81.7525
450 85.732 82.1388
889 84.2293 84.0209
725 82.909 85.6744
159 81.7689 87.1023
928 80.6798 88.4663
251 78.4142 88.6749
580 78.0262 88.7106
135 77.8063 88.7308
893 77.5931 88.7504
473 77.3815 88.7699
494 77.1298 88.7931
983 76.8928 88.8149
820 75.6714 88.9273
864 74.2056 89.0622
145 72.6652 89.204
353 71.4175 89.3189
149 70.1858 89.4323
318 69.0659 89.5354
817 67.9166 89.6411
42 66.9022 89.7345
185 65.9485 89.8223
285 65.1657 89.8944
854 64.2721 89.9766
544 62.6595 90.125
23 60.3206 90.3403
851 59.9811 90.3716
477 59.6812 90.3992
980 59.3388 90.4307
746 59.016 90.4604
911 58.8072 90.4796
620 58.6054 90.4982
202 58.3274 90.5238
618 58.0564 90.5488
690 57.8123 90.5712
464 57.5841 90.5922
823 57.3305 90.6156
992 56.9879 90.6471
52 56.6381 90.6793
584 55.63 90.7721
814 54.5451 90.872
344 53.8218 90.9385
105 53.0718 91.0076
624 52.487 91.0614
882 51.8983 91.1156
856 51.3267 91.1682
516 50.619 91.2333
245 49.9551 91.2945
313 49.2409 91.3602
62 48.4216 91.4356
713 47.5 91.5204
22 46.5911 91.6041
613 45.9832 91.6601
309 45.7736 91.6794
367 45.574 91.6977
541 45.3135 91.7217
752 45.0282 91.748
230 44.8819 91.7614
416 44.7476 91.7738
539 44.6143 91.7861
961 44.4825 91.7982
559 44.338 91.8115
165 44.1975 91.8244
434 44.0588 91.8372
569 43.8626 91.8553
896 43.6906 91.8711
874 43.4348 91.8946
156 43.1939 91.9168
974 42.9244 91.9416
766 42.6934 91.9629
265 42.4597 91.9844
5 42.2464 92.004
271 42.0138 92.0255
866 41.8157 92.0437
763 41.6052 92.0631
470 41.3787 92.0839
239 41.1868 92.1016
511 40.9821 92.1204
738 40.6481 92.1512
774 40.3535 92.1783
306 35.7789 92.5995
139 35.4836 92.6266
181 35.1935 92.6533
53 34.8971 92.6806
375 34.5815 92.7097
761 34.0938 92.7546
960 33.6843 92.7923
521 33.2874 92.8288
707 33.3008 92.8047
72 33.313 92.7829
430 33.324 92.7631
92 33.3373 92.7392
343 33.3505 92.7155
448 33.1495 92.5507
389 32.9351 92.3749
172 32.674 92.1609
73 32.4186 91.9515
859 32.167 91.7452
919 31.9283 91.5495
36 31.7008 91.363
189 31.4577 91.1636
490 30.6757 91.0679
714 30.0386 90.99
41 29.8986 90.9728
141 29.7668 90.9567
638 29.6256 90.9394
253 29.4795 90.9216
631 29.3319 90.9035
695 29.1753 90.8843
249 29.0523 90.8693
2 28.9471 90.8564
954 28.8282 90.8419
608 26.8454 91.0089
167 26.2629 91.0578
296 25.6422 91.11
120 24.8939 91.173
886 24.0631 91.2429
495 23.7124 91.2723
672 23.4074 91.298
833 23.0597 91.3272
244 22.7052 91.357
304 22.3913 91.3834
227 22.3913 91.3834
462 22.3913 91.3834
973 22.3913 91.3834
933 22.3913 91.3834
236 22.3913 91.3834
557 22.5524 91.3588
651 22.7391 91.3303
20 22.9191 91.3028
610 23.0812 91.278
288 23.2362 91.2543
418 23.3995 91.2294
392 23.5641 91.2043
491 23.3789 91.1869
96 23.2046 91.1706
696 23.0135 91.1527
409 22.83 91.1354
28 22.6459 91.1182
786 22.4564 91.1004
808 22.251 91.0812
753 21.9944 91.0571
795 21.7619 91.0353
138 21.4521 91.0062
13 21.2769 90.9898
712 21.1021 90.9734
115 20.9291 90.9572
776 20.7603 90.9414
871 20.5938 90.9258
456 20.4227 90.9097
442 20.239 90.8925
15 20.0748 90.8771
768 19.9127 90.8619
611 19.7377 90.8455
815 17.1005 90.5979
916 15.5187 90.4495
380 13.8373 90.2917
364 13.1407 90.2264
108 12.5172 90.1679
301 11.9409 90.1138
914 11.3894 90.0621
827 10.871 90.0135
988 10.3795 89.9674
153 10.3789 89.9533
405 10.3785 89.9403
969 10.3779 89.927
585 10.3774 89.9142
868 10.377 89.9013
213 10.3765 89.8884
750 10.3689 89.691
200 10.3601 89.4629
435 10.3511 89.2266
106 10.3385 88.8995
199 10.3252 88.5536
90 10.311 88.1843
628 10.5021 88.144
546 10.6848 88.1055
401 10.8629 88.068
386 11.057 88.0271
39 11.2319 87.9902
300 11.4253 87.9495
905 11.6987 87.8919
178 11.9651 87.8357
547 12.2825 87.7688
263 12.6441 87.6926
678 13.064 87.6041
736 13.8261 87.4435
982 14.7961 87.2391
637 15.8364 87.0198
441 17.7268 86.6214
44 17.7268 86.6214
593 17.7268 86.6214
446 17.7268 86.6214
444 17.7268 86.6214
76 18.326 86.4188
424 18.8712 86.2344
487 19.4004 86.0555
773 19.9343 85.8749
150 20.2817 85.7575
604 19.9875 83.5014
578 19.9825 83.5007
825 19.9775 83.5001
58 19.9731 83.4996
183 19.9688 83.4991
918 19.9647 83.4986
885 19.2456 83.4099
428 18.4924 83.3171
162 15.5241 82.951
368 15.3943 83.02
443 15.2737 83.0841
316 15.1363 83.1572
93 15.0172 83.2204
50 14.9 83.2827
17 14.7822 83.3453
757 14.6729 83.4034
326 14.5532 83.467
796 14.4239 83.5358
220 14.2902 83.6068
247 14.0562 83.7312
550 13.857 83.8371
890 13.6049 83.9711
169 13.4699 84.0428
803 13.3456 84.1089
693 13.2317 84.1694
1 13.1246 84.2264
991 13.021 84.2814
433 12.9154 84.3375
759 12.8087 84.3942
426 12.7082 84.4477
436 12.6119 84.4988
699 12.5112 84.5524
953 12.4044 84.6091
711 12.3097 84.6595
718 12.0773 84.1187
568 11.8538 83.5984
325 11.5749 82.9496
955 11.3065 82.3251
399 11.0568 81.7439
95 10.7844 81.11
447 10.4669 80.3713
694 8.88353 76.6868
255 8.25223 75.2177
717 7.91346 74.4294
799 7.63238 73.7754
939 7.3931 73.2186
347 7.22177 72.8199
374 7.70229 73.4795
792 8.11386 74.0444
686 8.25575 74.2392
719 8.42069 74.4656
570 8.51666 74.4343
113 8.62272 74.3998
970 8.70956 74.3714
966 8.78653 74.3464
734 8.87249 74.3183
381 8.95734 74.2907
517 9.04645 74.2616
892 9.13245 74.2336
321 9.22247 74.2043
615 9.30659 74.1769
75 9.39386 74.1484
554 9.48598 74.1184
371 9.58593 74.0858
944 9.67953 74.0553
298 9.78442 74.0211
224 9.88817 73.9873
207 9.99612 73.9521
31 10.1106 73.9148
48 10.2225 73.8783
657 10.3292 73.8436
728 10.4314 73.8103
203 10.5378 73.7756
240 10.6495 73.7392
457 10.7694 73.7001
830 10.8858 73.6622
339 11.029 73.6155
665 11.14 73.5793
780 11.2566 73.5413
445 11.3713 73.5039
667 11.4936 73.4641
338 11.6303 73.4195
860 11.7548 73.3789
346 11.8837 73.3369
948 12.0125 73.2949
277 12.1391 73.2537
77 12.2687 73.2114
551 13.686 72.7496
469 15.1676 72.2669
360 15.2065 72.252
376 15.2433 72.238
14 15.2812 72.2235
88 15.473 72.1502
275 15.6765 72.0725
764 15.8547 72.0044
739 16.0337 72.0803
131 16.2186 72.1587
400 16.4396 72.2524
587 16.6643 72.3476
946 16.847 72.4251
503 17.0127 72.4953
726 17.1975 72.5737
500 17.3704 72.647
680 17.5474 72.7221
924 17.741 72.8041
361 17.926 72.8826
502 18.1103 72.9607
168 18.3099 73.0453
888 18.5055 73.1282
479 18.6834 73.2037
219 18.8609 73.2789
697 19.5021 73.5508
574 20.0185 73.7697
349 20.4628 73.9581
333 20.9067 74.1463
927 21.3119 74.3181
431 21.7204 74.4913
560 22.1116 74.6572
526 22.5354 74.8368
411 22.9433 75.0098
701 23.46 75.2289
132 24.0061 75.4604
571 24.762 75.7809
501 25.4238 76.0615
184 26.0598 76.3311
266 26.8533 76.6675
789 27.7201 77.035
878 28.6745 77.4397
976 29.5475 77.8098
658 29.7825 77.9095
600 30.0448 78.0207
950 30.3628 78.1555
99 30.7566 78.3225
724 31.2856 78.5468
223 31.7144 78.7286
662 32.1405 78.9092
730 32.5473 79.0817
689 32.9962 79.272
16 33.4486 79.4638
649 33.9799 79.6891
241 34.4573 79.8915
872 34.8797 80.0706
806 35.3377 80.2647
840 35.8259 80.4718
404 36.2742 80.6618
540 36.8089 80.8885
548 37.3164 81.1037
394 37.7172 81.2736
659 38.1175 81.4433
437 38.4677 81.5918
206 38.822 81.742
563 38.9506 81.7965
561 39.0766 81.85
124 39.2009 81.9027
129 39.3523 81.9669
636 39.496 82.0278
146 39.6155 82.0784
60 39.7328 82.1282
252 39.8688 82.1859
231 40.0143 82.2475
454 40.1482 82.3043
350 40.7192 82.5464
226 41.2901 82.7884
270 41.9644 83.0743
256 42.8021 83.4295
940 43.9285 83.907
94 44.8421 84.2943
248 45.0076 84.3645
562 45.1749 84.4354
406 45.3506 84.5099
947 45.5163 84.5802
292 45.6656 84.6435
755 45.8351 84.7154
564 46.0034 84.7867
82 46.1725 84.8584
807 46.3412 84.9299
294 46.5201 85.0057
126 46.7102 85.0864
449 46.89 85.1626
880 47.0846 85.2451
642 47.2593 85.3191
895 47.4382 85.395
887 47.6196 85.4719
877 47.7765 85.5384
532 49.8645 86.4236
215 50.1387 86.3602
408 50.4895 86.279
319 50.8308 86.2001
305 51.183 86.1186
530 51.5628 86.0307
754 51.9589 85.9391
193 52.3241 85.8546
952 52.7451 85.7572
536 53.1614 85.6609
9 53.6303 85.5524
317 53.9801 85.4715
140 54.2799 85.4022
335 54.6057 85.3268
931 54.9265 85.2526
802 55.2141 85.186
12 55.5401 85.1106
671 55.8648 85.0355
769 56.1596 84.9673
921 56.4483 84.9005
861 56.7641 84.8275
826 57.095 84.7509
179 57.5007 84.6571
320 57.9217 84.5597
280 58.5231 84.4206
259 59.1274 84.2808
737 59.7489 84.137
40 60.5449 83.9529
567 61.5476 83.7209
118 62.5275 83.4943
83 64.0214 83.1487
666 64.9789 82.9272
742 65.2468 82.8652
158 65.1802 82.7907
813 65.0471 82.6418
297 64.8954 82.472
984 64.7595 82.32
622 64.6197 82.1636
177 64.4728 81.9992
273 64.3183 81.8263
415 64.1045 81.587
937 64.0553 81.532
845 64.0013 81.4716
816 63.9389 81.4017
395 63.8807 81.3366
801 63.824 81.2732
18 63.7699 81.2127
378 63.7163 81.1527
481 63.6645 81.0948
369 63.6057 81.0289
229 63.5505 80.9672
465 63.5036 80.9147
818 63.4525 80.8576
837 63.3982 80.7968
775 63.3459 80.7383
417 63.289 80.6747
668 61.6176 78.8044
832 61.3734 78.5312
727 61.1403 78.2704
904 60.9067 78.009
654 60.6765 77.7515
290 60.4409 77.4878
340 60.1954 77.2131
51 59.9792 76.9712
744 59.7466 76.7109
71 59.4867 76.4201
987 58.599 75.4269
855 57.7432 74.4693
513 57.4092 74.0956
91 57.1282 73.7811
315 56.8659 73.4877
173 56.5943 73.1838
575 56.3251 72.8826
460 55.9477 72.4603
112 55.5322 71.9954
208 55.1306 71.546
800 54.7554 71.1262
509 54.3458 70.6679
847 53.8438 70.1061
857 53.2218 69.4102
235 52.5387 68.6458
523 51.9473 67.9841
558 51.4891 67.4714
986 51.1105 67.0478
80 50.6879 66.5749
216 50.6678 66.4068
410 50.6494 66.2527
134 50.6319 66.1066
743 50.6134 65.9519
617 50.5955 65.8015
782 50.5783 65.6575
632 50.5527 65.4434
109 50.5257 65.2176
453 50.4981 64.9865
894 50.4716 64.7651
676 50.4435 64.5293
582 50.4177 64.3135
432 50.3837 64.0292
968 50.3325 63.601
798 50.2812 63.1712
238 50.2341 62.7776
440 50.1434 62.0187
484 50.0223 61.0059
35 49.721 58.4867
276 49.3917 55.7341
597 49.2905 54.8874
262 49.1849 54.0037
282 49.0877 53.1899
210 48.8652 51.3295
512 48.6432 49.4734
217 48.4421 47.7916
63 48.2982 46.5877
186 48.1643 45.4675
377 47.8478 42.8217
870 47.7689 42.1615
843 47.6899 41.5
566 47.5916 40.6779
250 47.4833 39.7718
555 47.4013 39.0859
586 47.0287 39.3789
785 46.6774 39.6552
865 46.2211 40.0141
945 45.5851 40.5144
716 45.1003 40.8957
906 44.5803 41.3047
853 44 41.7611
790 43.4035 42.2302
692 42.8041 42.7017
472 42.2148 43.1652
679 41.6068 43.6434
778 41.6061 43.7213
194 41.6055 43.7892
66 41.605 43.8536
862 41.6044 43.9208
356 41.6038 43.9891
917 41.6032 44.0564
783 41.6026 44.1251
480 41.602 44.1919
191 41.6015 44.2595
452 41.5953 44.9599
492 41.5892 45.6577
844 41.5839 46.2731
989 41.5762 47.1511
69 41.5678 48.1153
101 41.5588 49.1431
621 41.5517 49.9535
923 41.5455 50.6593
155 41.54 51.297
848 41.5336 52.0259
30 41.5262 52.8752
498 41.5197 53.6153
522 41.5137 54.2986
180 41.5072 55.0497
912 41.4998 55.8931
163 41.4929 56.6842
804 41.4906 56.949
461 41.4884 57.1976
264 41.486 57.4754
281 41.4837 57.7451
732 41.4813 58.0222
791 41.4788 58.3016
910 38.8148 61.2244
901 37.4849 62.6833
175 37.0484 63.1622
733 36.6051 63.6486
765 36.3234 63.9575
809 36.0173 64.2933
104 35.682 64.6612
779 35.3414 65.0349
171 34.9462 65.4684
144 34.5543 65.8983
225 34.1861 66.3023
537 33.7851 66.7421
720 33.7851 66.7421
903 33.7851 66.7421
599 33.7851 66.7421
683 33.7851 66.7421
614 33.7851 66.7421
715 33.5492 66.247
591 33.3048 65.7342
359 33.0465 65.1922
21 32.7907 64.6553
510 32.512 64.0706
291 32.312 63.6508
365 32.0967 63.199
382 31.8621 62.7068
390 31.6603 62.2833
56 31.4546 61.8516
308 31.2113 61.3412
965 30.9443 60.7808
596 30.666 60.197
876 30.3064 59.4423
127 30.3064 59.4423
471 30.3064 59.4423
49 30.3064 59.4423
370 30.3064 59.4423
839 30.3064 59.4423
459 30.3064 59.4423
922 30.176 59.4124
147 30.042 59.3815
137 29.9099 59.3512
533 29.7826 59.3219
929 29.6458 59.2905
645 29.5084 59.2588
576 29.3733 59.2278
59 28.4096 59.0059
698 27.4889 58.794
324 27.4006 58.7737
543 27.3136 58.7537
34 27.3136 58.7537
756 27.3136 58.7537
54 27.3136 58.7537
233 26.8403 58.714
493 26.4027 58.6773
908 25.9191 58.6367
981 25.4989 58.6015
788 25.0992 58.568
89 24.6742 58.5323
130 24.1804 58.4909
677 23.7556 58.4553
858 23.7556 58.4553
279 23.7556 58.4553
688 23.7556 58.4553
302 23.7556 58.4553
267 23.352 58.8265
451 22.9324 59.2125
79 22.5296 59.583
705 22.123 59.957
691 21.7003 60.3458
957 21.2777 60.7345
630 20.8096 61.165
635 20.4128 61.53
398 20.2154 61.4652
703 20.0158 61.3997
524 19.8459 61.3439
589 19.6688 61.2858
97 19.5132 61.2346
735 19.3668 61.1866
552 19.2162 61.1371
81 19.0556 61.0843
640 18.9039 61.0345
545 18.7377 60.98
327 18.5687 60.9245
729 18.3832 60.8635
507 18.1939 60.8014
846 18.001 60.738
114 17.7973 60.6711
601 17.6052 60.6081
196 17.3963 60.5395
482 17.2069 60.4773
422 17.0181 60.4153
897 16.8311 60.3539
272 16.6347 60.2894
329 16.4391 60.2251
956 16.2337 60.1577
505 16.0216 60.088
182 15.8465 60.0305
534 15.6808 59.9761
971 15.2673 60.4077
772 13.2334 62.5305
556 10.7638 65.1079
607 10.7734 64.9839
639 10.7831 64.859
427 10.8181 64.4076
192 10.8559 63.9197
429 10.8911 63.4659
565 10.9429 62.7982
531 10.9853 62.2518
119 11.0256 61.7318
879 11.0736 61.1138
3 11.1315 60.367
100 11.1985 59.5021
373 11.2519 58.8143
972 11.2867 58.3658
57 11.3214 57.9185
542 11.3521 57.522
336 11.3802 57.1599
747 11.4078 56.8042
909 11.4396 56.3937
341 11.4677 56.0314
218 11.492 55.7188
47 11.5169 55.397
234 11.5404 55.0945
166 11.5719 54.688
708 11.6038 54.2777
936 11.6365 53.8558
463 11.6681 53.4477
849 11.6973 53.071
758 11.7309 52.6377
863 11.7631 52.2233
122 11.7631 52.2233
760 11.7837 52.188
784 11.8046 52.1522
157 11.8263 52.1151
925 11.848 52.078
214 11.8704 52.0396
527 11.8931 52.0007
116 11.9165 51.9606
174 12.8021 50.4442
154 13.6037 49.0717
312 14.3839 47.7359
841 15.179 46.3744
985 16.0647 44.8578
797 16.0647 44.8578
616 16.0647 44.8578
771 16.0647 44.8578
805 16.0647 44.8578
700 16.0647 44.8578
303 16.0647 44.8578
123 16.1682 44.8651
423 16.2751 44.8726
958 16.3748 44.8796
384 16.498 44.8882
652 16.6276 44.8973
283 16.7586 44.9065
222 16.8945 44.916
770 17.0312 44.9256
489 17.1712 44.9354
10 17.3453 44.9476
32 17.5248 44.9602
663 17.6964 44.9723
78 17.8663 44.9842
148 18.0336 44.9959
228 18.1984 45.0075
749 18.3708 45.0196
397 19.1892 45.0768
938 19.9185 45.1278
476 20.6246 45.1773
269 21.381 45.2302
633 21.5906 45.2449
403 21.7979 45.2594
603 22.008 45.2741
949 22.1156 45.2817
496 22.2316 45.2898
811 22.3579 45.2987
391 22.47 45.3066
142 22.5818 45.3144
352 22.6924 45.3221
438 23.4349 45.3741
475 24.1707 45.4256
535 24.9108 45.4773
723 25.6433 45.5286
525 26.3984 45.5814
38 27.1393 45.6332
664 27.8618 45.6838
237 28.6091 45.736
7 28.5126 45.2295
388 28.4278 44.7846
891 28.35 44.3765
413 28.2121 43.6525
748 28.0667 42.8894
655 27.9206 42.1223
913 27.7849 41.4101
508 27.6192 40.5404
619 27.4214 39.5022
414 27.1681 38.1719
307 26.8743 36.6292
915 26.8631 36.5706
612 26.8533 36.5195
354 26.8429 36.4646
549 26.8333 36.4141
221 26.8234 36.3621
37 26.8146 36.316
709 26.8032 36.2563
706 26.8032 36.2563
834 26.8032 36.2563
151 26.7917 36.2529
687 26.7806 36.2497
278 26.7695 36.2464
205 26.7576 36.2429
529 26.7468 36.2397
121 26.7353 36.2363
787 26.7249 36.2332
160 26.7142 36.23
11 24.4092 35.5491
990 21.5313 34.6992
943 20.0361 34.2574
661 18.6382 33.8443
402 17.5865 33.5335
869 17.2469 33.4332
125 16.8092 33.3038
486 16.3575 33.1703
65 15.8302 33.0145
602 15.2702 32.849
474 14.6068 32.6529
829 13.9211 32.4503
741 13.0799 32.2017
299 12.5958 32.585
710 12.1369 32.9485
572 11.6754 33.314
268 11.204 33.6874
455 10.6687 34.1113
212 9.82545 34.7791
499 9.12399 35.3347
731 8.75179 35.6295
328 8.38866 35.9171
128 8.07154 36.1682
330 8.26215 35.2453
46 8.48905 34.1468
514 8.76253 32.8226
673 9.02419 31.5557
87 9.21325 30.6404
794 9.42407 29.6197
74 9.62916 28.6267
86 9.8244 27.6815
898 10.0886 26.4024
187 10.6061 23.8963
258 10.7462 23.218
4 10.8918 22.5132
133 11.0745 21.6287
412 11.3293 20.395
331 11.5627 19.2648
963 11.8396 17.9242
812 12.3898 15.2603
646 12.5051 15.2843
61 12.624 15.309
629 12.7514 15.3354
881 12.8799 15.3621
722 13.01 15.3892
588 13.686 15.5296
348 14.3393 15.6653
211 14.9742 15.7972
682 15.6272 15.9328
674 16.4655 16.107
836 17.5941 16.3414
902 17.6155 16.34
362 17.6342 16.3388
8 18.6019 16.2747
254 19.4939 16.2157
366 20.3391 16.1597
899 21.2978 16.0963
641 22.2972 16.0301
351 23.5806 15.9452
669 24.3272 15.8958
488 24.9837 15.8523
310 29.5015 15.554
363 31.4616 15.4244
822 33.2442 15.3065
518 34.917 15.1958
653 34.9515 15.397
407 34.9839 15.5859
626 35.0199 15.7954
261 35.0541 15.9944
702 35.0844 16.1711
467 35.7681 17.6013
883 35.7681 17.6013
246 35.7681 17.6013
439 35.7681 17.6013
284 35.8043 17.6255
64 35.8417 17.6506
824 35.88 17.6762
287 35.9216 17.7041
337 35.9625 17.7314
704 36.0004 17.7568
573 36.0394 17.783
111 36.0789 17.8094
26 36.1187 17.8361
379 36.1566 17.8615
643 36.1931 17.8859
935 47.318 25.3393
421 48.5286 26.1502
355 49.6883 26.927
289 50.0655 27.1796
197 50.497 27.4686
681 50.497 27.4686
828 50.497 27.4686
55 50.497 27.4686
209 50.497 27.4686
458 50.497 27.4686
27 50.497 27.4686
751 50.497 27.4686
873 50.497 27.4686
419 50.497 27.4686
164 50.497 27.4686
19 50.497 27.4686
934 50.497 27.4686
257 50.497 27.4686
821 56.366 30.2047
978 60.5076 32.1357
634 61.128 32.1949
781 61.7705 32.2563
594 62.4353 32.3199
930 63.4882 32.4205
670 70.1992 33.0616
274 73.136 32.0491
33 74.6439 31.5292
777 66.3867 25.4482
45 66.401 25.7453
819 66.7861 25.0255
6 67.1645 24.3182
831 67.6315 23.4451
959 68.2156 22.353
24 68.8621 21.1444
176 69.5175 19.919
581 69.998 19.0208
598 70.5128 18.0583
504 71.0847 16.9892
295 71.7222 15.7974
721 72.7913 13.7984
979 73.7108 12.0793
103 72.6445 11.4808
260 74.7383 13.7761
