0,345,979,260,627,483,243,98,520,33,590,497,201,852,383,941,977,506,884,387,198,107,170,242,274,850,670,951,835,932,136,656,425,195,553,609,466,323,745,29,357,767,70,232,190,842,485,606,675,920,967,684,592,942,838,334,975,583,110,420,867,238,262,117,35,282,102,515,468,625,68,538,293,286,964,668,340,112,393,605,91,987,810,743,84,762,453,617,791,769,907,163,216,782,676,134,252,513,248,659,880,126,755,540,642,484,408,144,315,636,235,109,857,921,671,369,319,895,225,855,208,802,523,582,320,40,395,335,18,259,12,280,887,575,516,536,952,690,851,140,861,530,632,618,584,817,464,62,544,992,367,816,177,813,567,317,42,832,931,986,432,9,800,654,229,801,968,440,478,67,647,904,595,51,847,509,94,378,937,460,152,962,71,837,727,744,385,290,173,650,818,528,900,742,579,648,332,204,311,660,450,25,685,889,372,820,145,322,725,775,928,285,893,740,473,494,135,580,481,297,353,417,620,149,83,864,159,465,845,984,737,983,251,185,854,52,318,666,158,622,273,823,814,477,856,826,947,940,165,539,896,181,961,305,874,375,239,105,882,559,156,624,713,866,766,532,434,754,511,202,541,911,746,344,980,118,774,23,5,613,752,406,230,343,22,974,96,548,313,564,392,415,193,179,82,449,763,2,561,437,172,206,563,294,649,215,919,389,807,245,562,256,150,795,808,707,73,271,394,614,167,296,241,189,60,129,92,840,416,806,292,689,20,877,418,638,141,610,146,672,231,448,696,786,139,309,960,265,738,569,53,72,611,227,521,631,28,306,827,304,247,183,15,761,364,651,871,456,17,380,776,973,712,695,753,446,236,593,491,750,13,115,462,441,495,699,859,833,93,933,608,249,490,918,120,886,44,409,768,714,36,430,253,223,442,288,885,368,730,454,872,662,757,431,76,470,773,428,954,327,41,350,80,308,56,591,21,894,574,789,270,124,976,724,54,645,226,903,596,965,971,729,927,451,493,640,510,233,349,137,910,601,411,339,113,888,359,266,733,571,604,924,599,551,502,600,220,946,658,429,846,130,552,537,469,443,50,860,168,701,680,526,398,99,635,726,950,487,333,578,697,16,479,556,825,796,550,321,500,346,457,657,916,905,815,48,400,316,892,325,326,424,570,639,830,58,693,360,955,31,399,560,433,759,719,914,628,890,615,88,263,405,546,203,108,178,803,153,138,386,199,557,547,436,969,736,678,444,982,568,988,447,792,1,953,200,711,585,435,106,39,213,300,301,868,95,184,244,240,401,780,718,75,90,637,169,554,426,944,207,694,224,122,939,805,119,3,255,234,114,703,338,272,630,97,879,162,966,445,728,991,948,970,925,747,717,347,277,381,734,686,799,517,784,77,131,607,427,667,219,361,371,503,14,298,665,374,772,329,720,735,196,132,376,524,192,279,336,482,275,542,34,972,565,756,603,391,81,422,633,764,758,897,956,691,778,545,535,324,182,507,37,783,990,463,749,527,909,489,218,212,154,677,142,303,78,739,222,841,698,938,589,936,47,958,214,46,849,116,157,652,616,373,505,708,166,531,760,100,352,128,228,423,283,87,700,384,514,133,330,328,312,499,341,57,985,86,770,125,797,496,949,663,403,174,858,148,534,731,863,123,268,641,836,439,899,10,673,661,943,741,474,588,722,682,629,211,674,572,794,412,646,187,881,348,963,61,299,258,362,331,402,710,898,74,455,4,812,8,643,366,488,337,883,310,573,287,518,704,407,351,363,669,709,702,869,824,486,64,626,307,221,602,612,829,379,254,902,787,65,278,354,822,111,160,246,261,284,915,121,476,549,664,413,388,619,748,543,679,32,151,529,908,205,11,723,687,438,38,475,269,811,302,771,7,397,913,655,525,512,89,267,705,30,957,180,862,917,621,508,414,706,587,79,382,390,981,901,688,501,59,878,171,175,683,459,365,922,127,839,576,264,471,788,912,404,765,147,533,809,291,237,461,49,929,522,891,101,793,715,798,410,779,804,732,498,923,472,519,85,396,188,558,623,161,186,104,63,989,342,356,281,452,210,876,844,194,945,155,875,577,597,492,69,370,790,906,848,843,566,19,934,164,26,458,480,692,257,834,191,467,586,289,250,421,197,853,27,653,555,873,419,865,828,55,935,785,209,978,831,781,751,358,45,276,66,870,634,355,926,314,716,681,594,43,217,930,143,644,377,581,504,295,819,176,6,821,959,598,721,24,777,103,
value : 560.164 running time : 29.840400
0 80 20
345 83.2537 18.7496
979 84.852 18.1356
260 86.2684 17.5916
627 86.2684 17.5916
483 86.2684 17.5916
243 86.2111 19.5533
98 85.984 27.2957
520 85.8268 32.6621
33 85.6903 37.3234
590 85.542 42.3868
497 85.2626 51.8982
201 81.4888 54.4496
852 81.0879 54.7208
383 81.0121 54.7721
941 80.8776 54.5364
977 80.7395 54.2945
506 80.599 54.0484
884 80.4521 53.7911
387 80.3009 53.5261
198 80.1458 53.2543
107 79.9859 52.9742
170 79.7534 52.5671
242 79.4146 51.9739
274 79.0605 51.3538
850 78.8278 50.9463
670 78.6018 50.5504
951 78.3954 50.1889
835 78.1898 49.8288
932 77.7923 49.7776
136 77.3811 49.7247
656 76.897 49.6623
425 76.4843 49.6092
195 76.0716 49.556
553 75.6589 49.5029
609 75.2547 49.4508
466 74.8637 49.4005
323 74.4919 49.3526
745 74.155 49.3092
29 73.8229 49.2664
357 73.4941 49.224
767 73.2771 49.1961
70 73.0776 49.1703
232 72.8929 49.1465
190 72.7122 49.1232
842 72.5439 49.1015
485 72.3841 49.0809
606 72.3084 49.0711
675 72.234 49.0615
920 72.8961 51.3588
967 73.5259 53.5436
684 74.1495 55.7073
592 73.8538 55.8584
942 73.3072 56.1376
838 72.8083 56.3924
334 71.3262 57.1499
975 69.6219 58.0209
583 68.5413 58.3412
110 67.329 58.7006
420 65.8746 59.1317
867 64.2529 59.6124
238 61.8661 60.3197
262 59.6615 60.9731
117 59.5799 61.065
35 59.433 61.2304
282 59.288 61.3936
102 59.1529 61.5457
515 58.909 61.8203
468 58.673 62.0859
625 58.4554 62.3308
68 58.2388 62.5746
538 58.0075 62.835
293 57.7553 63.1189
286 57.4796 63.4293
964 57.1868 63.7588
668 56.8946 64.0878
340 56.6033 64.4157
112 56.3018 64.7551
393 56.0365 65.0537
605 55.748 65.3786
91 55.4665 65.6954
987 55.2412 65.949
810 55.0296 66.1872
743 54.7993 66.4464
84 54.5739 66.7001
762 54.3428 66.9602
453 54.0994 67.2343
617 53.8636 67.4998
791 53.6286 67.7643
769 53.3811 68.0428
907 53.1512 68.3017
163 50.6497 71.1184
216 50.1678 71.6611
782 49.5124 72.3989
676 48.8843 73.106
134 47.9306 74.1797
252 46.9881 75.2409
513 47.3081 75.4918
248 47.6252 75.7404
659 47.9382 75.9858
880 48.2393 76.2219
126 48.4942 76.4218
755 48.7406 76.615
540 48.9917 76.8119
642 49.2805 77.0383
484 49.5576 77.2556
408 49.8677 77.4987
144 49.8854 77.5126
315 49.9049 77.5279
636 49.924 77.5429
235 49.9424 77.5572
109 49.9633 77.5737
857 49.9839 77.5898
921 50.0044 77.6059
671 50.025 77.622
369 50.0447 77.6375
319 50.0637 77.6524
895 50.0826 77.6672
225 50.1009 77.6815
855 50.123 77.6989
208 50.1467 77.7175
802 50.1693 77.7352
523 50.1906 77.7519
582 51.188 78.5338
320 52.2121 79.3367
40 52.9948 79.9504
395 53.5873 80.415
335 54.0357 80.7666
18 54.4743 81.1105
259 54.8241 81.3847
12 55.1593 81.6476
280 55.4869 81.9044
887 55.8275 82.1714
575 56.1613 82.4331
516 56.4838 82.686
536 56.6924 82.8162
952 56.9046 82.9486
690 57.1158 83.0804
851 57.3309 83.2146
140 57.5437 83.3474
861 57.7594 83.482
530 57.9874 83.6243
632 58.2597 83.7943
618 59.8299 84.7754
584 61.507 85.8233
817 61.507 85.8233
464 61.507 85.8233
62 61.507 85.8233
544 61.507 85.8233
992 61.5022 85.6973
367 61.4972 85.5629
816 61.492 85.4238
177 61.4868 85.2841
813 61.4814 85.1396
567 61.459 84.5447
317 61.4352 83.9148
42 61.4115 83.2843
832 61.2944 80.1961
931 61.1984 77.6619
986 61.0794 74.5221
432 61.0794 74.5221
9 61.0794 74.5221
800 61.0794 74.5221
654 61.0794 74.5221
229 61.0794 74.5221
801 61.0794 74.5221
968 61.0794 74.5221
440 62.6211 73.8784
478 64.1199 73.2525
67 64.1199 73.2525
647 64.1199 73.2525
904 64.1199 73.2525
595 64.1199 73.2525
51 64.1199 73.2525
847 64.1199 73.2525
509 64.12 73.2525
94 64.12 73.2525
378 64.6226 73.482
937 65.1367 73.7167
460 65.6346 73.9441
152 66.1243 74.1677
962 66.5819 74.3766
71 67.031 74.5816
837 67.4639 74.7793
727 67.8931 74.9753
744 68.3132 75.1671
385 68.729 75.357
290 68.9704 75.4673
173 69.2117 75.5775
650 69.4586 75.6903
818 71.5867 76.661
528 73.5869 77.5734
900 74.7144 78.088
742 76.085 78.7133
579 77.3771 79.303
648 78.8747 79.9862
332 80.3301 80.6503
204 82.0122 81.4178
311 83.5988 82.1417
660 84.8184 82.6982
450 85.475 82.9979
25 85.6165 83.1042
685 85.7491 83.2039
889 85.8782 83.3009
372 86.0032 83.3949
820 81.6822 87.305
145 79.8718 88.9435
322 79.8718 88.9435
725 79.8718 88.9435
775 79.8718 88.9435
928 79.8718 88.9435
285 79.332 89.0023
893 78.8032 89.0597
740 78.2668 89.118
473 77.7439 89.1748
494 77.1807 89.2361
135 76.6052 89.2987
580 76.0278 89.3615
481 75.4448 89.4248
297 74.9662 89.4769
353 74.9662 89.4769
417 74.9662 89.4769
620 74.9662 89.4769
149 74.9662 89.4769
83 74.9662 89.4769
864 74.2255 90.2261
159 73.4292 91.0315
465 72.581 91.8896
845 71.6787 92.8023
984 70.7855 93.7059
737 70.0052 94.4952
983 70.1196 94.605
251 69.1971 94.4515
185 68.2721 94.2976
854 67.3804 94.1492
52 66.4523 93.9948
318 65.5107 93.8381
666 64.5126 93.6721
158 63.2996 93.4703
622 61.8607 93.231
273 60.2885 92.9695
823 58.6096 92.6904
814 56.0051 92.2575
477 54.7175 92.0433
856 53.1056 91.7753
826 51.3091 91.4766
947 50.9441 91.4157
940 50.5821 91.3554
165 50.2269 91.2962
539 49.8862 91.2395
896 49.5558 91.1844
181 49.2269 91.1296
961 49.1838 91.1224
305 49.1408 91.1152
874 49.0978 91.108
375 49.0556 91.1009
239 49.0136 91.0939
105 48.9718 91.0869
882 48.93 91.0799
559 48.8877 91.0728
156 48.8457 91.0658
624 48.8037 91.0588
713 48.7613 91.0517
866 48.719 91.0446
766 48.6769 91.0376
532 48.6357 91.0307
434 48.5944 91.0238
754 48.5525 91.0168
511 48.5105 91.0097
202 48.4682 91.0026
541 48.4249 90.9954
911 48.3816 90.9882
746 48.1459 90.9489
344 47.8978 90.9075
980 47.5903 90.8562
118 47.2641 90.8019
774 46.8986 90.7409
23 46.5083 90.6759
5 45.5214 90.5117
613 44.5071 90.3429
752 43.7716 90.2204
406 43.5212 90.1786
230 43.2703 90.1368
343 43.0169 90.0945
22 42.7706 90.0534
974 42.5315 90.0135
96 42.3064 89.976
548 42.3164 89.97
313 42.3275 89.9634
564 42.2301 89.833
392 42.1384 89.7102
415 42.0446 89.5846
193 41.941 89.4459
179 41.8392 89.3095
82 41.7357 89.171
449 41.6341 89.0349
763 41.5315 88.8974
2 41.4276 88.7583
561 41.3305 88.6283
437 41.2364 88.5023
172 41.1433 88.3776
206 41.0504 88.2531
563 40.9553 88.1258
294 40.8798 88.1139
649 40.8033 88.102
215 40.7295 88.0904
919 40.6553 88.0788
389 40.584 88.0677
807 40.5113 88.0563
245 40.4401 88.0452
562 39.9915 87.9751
256 39.4861 87.8961
150 39.0346 87.8255
795 38.6887 87.7714
808 38.373 87.7221
707 38.1042 87.6801
73 37.8398 87.6387
271 37.6113 87.603
394 37.3883 87.5681
614 37.1628 87.5329
167 36.9384 87.4978
296 36.7496 87.4683
241 36.5803 87.4418
189 36.4056 87.4145
60 36.2342 87.3877
129 36.0866 87.3646
92 35.9295 87.34
840 35.7762 87.316
416 35.6221 87.2919
806 35.4627 87.267
292 35.3089 87.243
689 35.1517 87.2184
20 33.4607 88.4021
877 33.4346 88.4204
418 33.4074 88.4394
638 33.3811 88.4578
141 33.3537 88.4771
610 33.3254 88.4969
146 33.2995 88.515
672 33.2728 88.5337
231 33.2462 88.5524
448 33.2192 88.5713
696 33.1918 88.5905
786 33.166 88.6086
139 33.1402 88.6266
309 33.116 88.6436
960 33.09 88.6618
265 33.0654 88.6791
738 32.4189 88.8192
569 31.7234 88.97
53 30.8701 89.1549
72 29.1081 89.5365
611 26.6928 90.0595
227 24.5434 90.525
521 23.1698 90.8225
631 21.8727 91.1036
28 20.4928 91.4025
306 18.7815 91.7731
827 16.5933 92.2469
304 16.5999 92.2413
247 16.6067 92.2357
183 16.6135 92.23
15 16.6199 92.2246
761 16.6266 92.219
364 16.6325 92.2141
651 16.6397 92.208
871 16.6463 92.2025
456 16.6531 92.1969
17 16.6596 92.1914
380 16.6658 92.1862
776 16.8049 92.0695
973 16.9453 91.9516
712 17.0843 91.8349
695 17.2233 91.7182
753 17.3692 91.5958
446 17.5156 91.473
236 17.6621 91.35
593 17.8089 91.2268
491 17.9571 91.1024
750 18.1091 90.9748
13 18.2776 90.8334
115 18.4493 90.6892
462 18.6235 90.5429
441 18.7975 90.3969
495 18.9739 90.2488
699 19.1511 90.1001
859 19.3265 89.9528
833 19.5063 89.8018
93 19.6864 89.6506
933 19.8679 89.4983
608 20.0416 89.3525
249 20.2128 89.2087
490 20.3808 89.0677
918 20.5502 88.9255
120 20.7148 88.7874
886 20.87 88.657
44 21.0268 88.5254
409 21.1823 88.395
768 21.3367 88.2654
714 21.503 88.1257
36 21.7248 87.9395
430 21.9538 87.7472
253 22.5206 87.2709
223 23.0979 86.7857
442 23.4668 86.4759
288 23.8722 86.1353
885 24.2828 85.7903
368 24.7034 85.437
730 25.1131 85.0928
454 25.3815 84.8674
872 25.6425 84.6482
662 25.8835 84.4458
757 25.8835 84.4458
431 25.8835 84.4458
76 25.8835 84.4458
470 25.8835 84.4458
773 26.6317 83.045
428 27.4038 81.5992
954 28.1851 80.1362
327 28.9702 78.6661
41 29.6334 77.4245
350 30.3278 76.1244
80 30.7072 75.4143
308 31.0539 74.7656
56 31.3757 74.1633
591 31.658 73.6352
21 31.93 73.1263
894 32.2 72.621
574 31.9684 72.3443
789 31.7349 72.0653
270 31.5048 71.7903
124 31.2641 71.5027
976 31.0156 71.2058
724 30.7167 70.8486
54 30.4069 70.4783
645 30.1386 70.2557
226 29.8753 70.0372
903 29.5709 69.7846
596 29.2817 69.5447
965 28.98 69.2944
971 28.6893 69.0533
729 28.4126 68.8238
927 28.1718 68.6239
451 27.9402 68.4318
493 27.7614 68.2834
640 27.5887 68.1401
510 27.4244 68.0037
233 27.3391 68.0817
349 27.216 68.1944
137 27.092 68.3079
910 26.9616 68.4272
601 26.4285 68.915
411 25.9235 69.3771
339 25.4713 69.7909
113 25.2118 70.0284
888 24.9925 70.229
359 24.7836 70.4202
266 24.5296 70.6526
733 24.2887 70.8731
571 24.0072 71.1306
604 23.694 71.4172
924 23.3771 71.7072
599 23.0641 71.9935
551 22.5227 72.4889
502 22.2183 72.7675
600 21.9404 73.0218
220 21.6571 73.2811
946 21.3791 73.5354
658 21.1095 73.7821
429 20.8395 74.0291
846 20.5872 74.2601
130 20.2024 74.6121
552 19.7258 75.0482
537 19.135 75.5888
469 18.396 76.2651
443 17.8108 76.8006
50 17.1675 77.3892
860 17.0995 77.4515
168 17.0339 77.5115
701 16.968 77.5718
680 16.8999 77.634
526 16.8311 77.697
398 16.7569 77.7649
99 16.6802 77.8351
635 16.5999 77.9086
726 16.5148 77.9864
950 16.4294 78.0646
487 16.3395 78.1469
333 16.2513 78.2276
578 16.1575 78.3134
697 16.0621 78.4007
16 15.9621 78.4922
479 15.7773 78.6613
556 15.583 78.8391
825 15.4166 78.9913
796 15.2473 79.1463
550 15.0748 79.3041
321 14.885 79.4778
500 14.7061 79.6415
346 14.5131 79.8181
457 14.3226 79.9924
657 14.1376 80.1617
916 13.955 80.3287
905 13.7769 80.4917
815 13.6166 80.6384
48 13.4697 80.7728
400 13.3242 80.9059
316 13.1631 81.0534
892 13.0149 81.1889
325 12.8765 81.3156
326 12.7418 81.4389
424 12.5936 81.5745
570 12.4203 81.733
639 12.2643 81.8758
830 12.0999 82.1098
58 11.9505 82.3225
693 11.8006 82.5358
360 11.6647 82.7293
955 11.5256 82.9273
31 11.3861 83.126
399 11.2458 83.3257
560 11.1054 83.5256
433 10.9603 83.7321
759 10.8136 83.941
719 10.6714 84.1433
914 10.5346 84.3381
628 10.4084 84.5178
890 10.2841 84.6947
615 10.1588 84.8731
88 10.0323 85.0532
263 9.90048 85.2408
405 9.77362 85.4214
546 9.66967 85.5694
203 9.5658 85.7173
108 9.46098 85.8666
178 9.3574 86.014
803 9.25314 86.1624
153 9.15161 86.307
138 9.05146 86.4496
386 8.95501 86.5869
199 8.85949 86.7229
557 8.76631 86.8556
547 8.67282 86.9887
436 8.58138 87.1189
969 8.48797 87.2519
736 8.3979 87.3801
678 8.30835 87.5076
444 8.22233 87.6301
982 8.13539 87.7539
568 8.04792 87.8784
988 7.96184 88.001
447 7.96184 88.001
792 7.96184 88.001
1 7.96184 88.001
953 7.96184 88.001
200 7.96184 88.001
711 7.96184 88.001
585 7.96184 88.001
435 7.96184 88.001
106 7.96223 87.9145
39 7.96263 87.8266
213 7.96305 87.7359
300 7.96548 87.2028
301 7.9677 86.7146
868 7.97003 86.2027
95 7.97479 85.1628
184 7.97987 84.0523
244 7.98212 83.5588
240 7.98424 83.0919
401 7.9863 82.6396
780 7.98857 82.1406
718 7.99075 81.6612
75 7.9932 81.1243
90 7.99563 80.5915
637 7.99805 80.0592
169 8.00154 79.2954
554 8.00595 78.333
426 8.01071 77.2938
944 8.01708 75.909
207 8.02785 73.5791
694 8.03798 71.3886
224 8.04784 69.2519
122 8.0723 64.0275
939 8.0723 64.0275
805 8.0723 64.0275
119 8.0775 64.166
3 8.08287 64.309
255 8.08812 64.4492
234 8.09337 64.5892
114 8.09863 64.7293
703 8.10391 64.8701
338 8.10921 65.0114
272 8.11444 65.1508
630 8.11966 65.2898
97 8.12488 65.429
879 8.13009 65.5678
162 8.13525 65.7055
966 8.14049 65.8452
445 8.14552 65.9794
728 8.15045 66.1109
991 8.19848 66.0629
948 8.24837 66.013
970 8.29883 65.9626
925 8.34985 65.9115
747 8.39928 65.8621
717 8.4488 65.8126
347 8.49857 65.7628
277 8.54787 65.7135
381 8.59773 65.6637
734 8.64788 65.6136
686 8.6981 65.5633
799 8.74894 65.5125
517 8.79992 65.4615
784 8.85125 65.4102
77 8.90243 65.3591
131 8.95361 65.3079
607 9.00507 65.2564
427 9.05691 65.2046
667 9.10914 65.1524
219 9.16234 65.0992
361 9.21547 65.0461
371 9.26948 64.9921
503 9.32271 64.9389
14 9.37724 64.8844
298 9.43134 64.8303
665 9.51012 64.7515
374 9.58986 64.6719
772 10.3664 63.8975
329 12.8716 61.3991
720 15.7266 58.5518
735 15.7267 58.5518
196 15.7267 58.5517
132 15.7267 58.5517
376 15.7267 58.5517
524 15.7267 58.5517
192 15.7267 58.5517
279 15.7267 58.5517
336 15.7267 58.5517
482 15.7267 58.5517
275 15.7267 58.5517
542 16.3693 57.8651
34 16.9756 57.2172
972 17.5609 56.5918
565 18.1591 55.9527
756 18.7884 55.2802
603 19.308 54.7251
391 19.308 54.7251
81 19.308 54.7251
422 19.6669 54.3373
633 20.029 53.946
764 20.3999 53.5453
758 20.7667 53.149
897 21.1581 52.7261
956 21.5556 52.2965
691 21.9672 51.8517
778 22.3872 51.3979
545 22.5972 51.171
535 22.8044 50.9473
324 23.0112 50.724
182 23.2174 50.5012
507 23.425 50.277
37 23.6295 50.0561
783 23.8445 49.8239
990 19.5423 50.6868
463 18.0583 50.9848
749 16.6383 51.2701
527 15.4437 51.5101
909 15.0709 51.5851
489 14.7119 51.6573
218 14.3628 51.7275
212 14.0381 51.7929
154 13.9862 51.8523
677 13.9337 51.9123
142 13.8824 51.9711
303 13.8302 52.0309
78 13.7786 52.09
739 13.1879 52.7669
222 12.8258 52.4868
841 12.4619 52.2054
698 12.0955 51.922
938 11.7211 51.6325
589 11.3126 51.3165
936 10.8843 50.9852
47 10.4503 50.6495
958 10.0309 50.3251
214 10.0309 50.3251
46 10.0309 50.3251
849 10.0309 50.3251
116 10.0309 50.3251
157 10.0309 50.3251
652 10.0309 50.3251
616 10.0309 50.3251
373 10.0309 50.3251
505 10.0309 50.3251
708 10.0309 50.3251
166 10.0309 50.3251
531 10.0309 50.3251
760 9.98451 49.6567
100 9.91935 48.7161
352 9.84892 47.6994
128 9.77666 46.6562
228 9.70448 45.6142
423 9.63484 44.6089
283 9.56792 43.643
87 9.50396 42.7202
700 9.4466 41.8928
384 9.39056 41.0846
514 9.3374 40.3178
133 9.33708 40.3132
330 9.33678 40.3089
328 9.33646 40.3045
312 9.33616 40.3002
499 9.33585 40.2958
341 9.33557 40.2918
57 9.33525 40.2873
985 9.3349 40.2823
86 9.33458 40.2777
770 9.80973 40.3667
125 10.2794 40.4547
797 10.7131 40.536
496 11.0681 40.6025
949 11.4042 40.6655
663 11.721 40.7249
403 12.0245 40.7818
174 12.0245 40.7818
858 12.0245 40.7818
148 12.1393 39.7416
534 12.2658 38.5959
731 12.4192 37.2055
863 12.5871 35.6827
123 12.7779 33.9528
268 13.0132 31.8169
641 13.23 29.8491
836 13.4368 27.9739
439 13.6269 26.2497
899 13.6269 26.2497
10 13.6269 26.2497
673 12.9881 25.5028
661 12.3279 24.7309
943 11.6345 23.9203
741 10.8182 22.9659
474 9.98152 21.9876
588 9.07521 20.9278
722 8.19603 19.8998
682 8.19603 19.8998
629 8.19603 19.8998
211 8.19603 19.8998
674 8.19603 19.8998
572 8.19603 19.8998
794 8.19602 19.8998
412 8.19602 19.8998
646 8.19602 19.8998
187 8.19602 19.8998
881 8.19602 19.8998
348 8.17782 19.9218
963 8.15947 19.944
61 8.14123 19.966
299 8.12293 19.9881
258 8.1047 20.0101
362 8.08653 20.0321
331 8.0684 20.054
402 8.05024 20.076
710 8.03227 20.0977
898 8.01432 20.1194
74 8.52627 19.4821
455 9.10853 18.7574
4 9.76554 17.9397
812 11.4867 15.7985
8 15.8088 15.3939
643 18.6119 15.1317
366 20.7465 14.9321
488 23.551 14.6697
337 28.8791 14.1709
883 30.2141 14.0462
310 31.2025 13.9539
573 32.014 13.8781
287 32.7397 13.8103
518 33.3817 13.7504
704 33.2018 14.5995
407 33.0135 15.4881
351 32.8118 16.4397
363 32.5905 17.4836
669 32.3593 18.5746
709 32.0894 19.8469
702 31.8272 21.0835
869 31.5757 22.2696
824 31.47 22.7685
486 31.368 23.2505
64 31.2818 23.6575
626 31.195 24.0678
307 31.1064 24.486
221 31.0177 24.9048
602 30.9311 25.314
612 30.8474 25.7096
829 30.8474 25.7096
379 30.8474 25.7096
254 30.8474 25.7096
902 30.7633 26.644
787 30.613 28.314
65 30.4593 30.0228
278 30.4531 30.0909
354 30.447 30.1589
822 30.4409 30.2266
111 30.4346 30.2971
160 30.4274 30.3766
246 30.4204 30.4545
261 30.3898 30.7951
284 30.3435 31.3098
915 30.2281 32.5921
121 29.9781 35.3702
476 29.3755 42.0687
549 29.4015 42.1407
664 29.4287 42.216
413 29.456 42.2918
388 29.4817 42.3629
619 29.508 42.4356
748 29.5335 42.5064
543 29.5587 42.5763
679 29.5837 42.6454
32 29.6088 42.7149
151 29.6362 42.791
529 29.6636 42.8668
908 29.6916 42.9442
205 29.7187 43.0194
11 29.7494 43.1045
723 29.7799 43.1891
687 29.8109 43.275
438 29.8417 43.3601
38 29.8728 43.4464
475 29.9037 43.532
269 29.9353 43.6195
811 29.9647 43.701
302 29.9956 43.7865
771 30.0254 43.869
7 30.2511 44.4944
397 30.5015 45.1883
913 30.769 45.9296
655 31.0238 46.6356
525 31.4477 47.8103
512 31.9472 49.1944
89 32.0443 49.4634
267 32.1354 49.7158
705 32.2127 49.93
30 32.269 50.0859
957 32.3166 50.2179
180 32.3484 50.3059
862 32.3804 50.3944
917 32.4188 50.5008
621 33.4995 53.4965
508 33.4995 53.4965
414 33.4995 53.4965
706 33.3634 54.3231
587 32.8897 57.2041
79 32.8897 57.2041
382 32.8897 57.2041
390 32.8897 57.2041
981 32.8897 57.2041
901 33.2691 57.4526
688 33.6701 57.7153
501 34.1119 58.0046
59 34.5372 58.2832
878 35.0324 58.6076
171 35.109 58.581
175 35.1833 58.5552
683 35.2574 58.5295
459 35.3321 58.5035
365 35.4069 58.4775
922 35.4817 58.4516
127 35.555 58.4261
839 35.6276 58.4009
576 35.6992 58.3761
264 35.7709 58.3511
471 35.8429 58.3262
788 35.9154 58.301
912 35.9867 58.2762
404 36.0582 58.2514
765 36.5001 58.0976
147 36.9477 57.9418
533 37.394 57.7865
809 37.8407 57.6311
291 38.2916 57.4742
237 38.7427 57.3172
461 39.191 57.1612
49 39.6424 57.0041
929 40.1018 56.8442
522 40.565 56.683
891 41.0479 56.515
101 41.537 56.3447
793 42.0121 56.1794
715 42.2779 56.0869
798 42.5724 55.9845
410 42.8718 55.8804
779 43.1718 55.776
804 43.6112 55.6231
732 44.0574 55.4678
498 44.4985 55.3143
923 44.9419 55.16
472 45.3749 55.0093
519 45.797 54.8624
85 46.1843 54.7276
396 46.5281 54.608
188 46.4971 54.6014
558 46.465 54.5946
623 46.4349 54.5881
161 46.4027 54.5812
186 46.3699 54.5742
104 46.3347 54.5667
63 46.3399 52.5593
989 46.342 51.7485
342 46.3428 51.3934
356 46.3436 51.0497
281 46.3443 50.7618
452 46.3451 50.4466
210 46.3458 50.1598
876 46.3465 49.8659
844 46.347 49.6546
194 46.3474 49.4833
945 46.3478 49.3146
155 46.3482 49.144
875 46.3486 48.98
577 46.349 48.824
597 46.35 48.3829
492 46.3514 47.8495
69 46.3527 47.302
370 46.354 46.7653
790 46.3587 44.9631
906 46.3617 43.7878
848 46.3645 42.6818
843 46.3675 41.4633
566 46.3731 39.3226
19 46.382 35.9317
934 46.3905 32.6977
164 46.3943 31.2362
26 46.3973 30.0839
458 46.3973 30.0839
480 46.3973 30.0839
692 46.4107 30.062
257 46.4282 30.0338
834 46.4458 30.0053
191 46.4632 29.9773
467 46.4811 29.9482
586 46.4987 29.9197
289 46.5167 29.8906
250 46.5339 29.8628
421 46.5509 29.8354
197 46.5681 29.8076
853 46.5867 29.7775
27 46.6061 29.7461
653 46.6254 29.7148
555 47.2583 30.198
873 47.8501 30.6499
419 48.4414 31.1014
865 49.1296 31.6268
828 49.8183 32.1526
55 50.3191 32.5349
935 50.8018 32.9035
785 51.3159 33.2961
209 51.8459 33.7007
978 52.4405 34.1547
831 52.7336 34.3785
781 53.0095 34.5892
751 53.2699 34.788
358 53.5328 34.9888
45 53.7622 35.1639
276 53.9366 35.2971
66 55.3433 35.9783
870 56.8137 36.6902
634 58.3908 37.4539
355 59.9543 38.2109
926 61.7384 39.0748
314 61.7384 39.0748
716 61.7384 39.0748
681 61.8412 38.6999
594 61.9445 38.3234
43 62.0486 37.944
217 62.1574 37.5474
930 62.2703 37.136
143 62.3901 36.6993
644 62.7765 35.2929
377 63.5326 32.5417
581 64.4701 29.1323
504 64.9387 27.4268
295 65.3415 25.9603
819 65.7208 24.5796
176 66.0862 23.2494
6 66.2594 22.6183
821 66.442 21.9531
959 66.7728 20.7488
598 67.1395 19.4138
721 67.5311 17.9879
24 67.8128 16.9622
777 68.0925 15.9438
103 68.3905 14.8585
