0,243,345,979,483,627,260,98,274,590,33,835,520,195,136,932,745,334,920,170,506,951,450,198,884,497,977,528,838,387,684,201,242,107,385,660,311,332,648,417,837,975,25,889,204,372,685,820,854,864,740,322,473,928,158,353,285,465,813,983,893,145,666,775,620,742,135,159,580,494,725,823,481,818,149,83,962,67,579,900,852,383,152,51,847,867,110,290,595,650,117,941,420,656,907,942,675,926,767,43,553,102,485,606,592,670,323,583,314,232,29,850,967,143,538,70,842,357,425,190,644,466,609,396,85,355,762,186,904,173,393,84,743,857,647,161,293,68,112,282,188,509,625,793,577,286,340,515,668,238,769,35,453,964,617,468,791,654,478,605,315,513,94,91,460,727,810,229,208,410,440,987,968,676,632,855,235,986,216,894,109,683,226,779,134,558,802,800,755,225,782,582,280,861,564,12,940,335,179,40,406,530,921,563,415,319,540,270,649,189,724,807,350,185,671,536,82,193,880,980,248,562,952,895,259,567,746,737,896,273,367,71,378,42,992,369,744,18,801,432,9,937,832,911,52,177,464,477,317,297,118,251,318,816,344,817,931,622,434,851,584,856,624,845,245,544,774,23,754,511,408,887,947,313,690,575,984,395,826,202,126,642,320,140,882,613,92,561,241,840,156,392,618,437,309,548,638,105,763,539,866,256,713,636,659,707,62,814,305,389,961,532,541,375,559,766,874,5,53,165,516,569,206,773,960,150,428,448,146,239,181,470,172,610,394,449,73,129,672,22,877,72,343,253,230,271,36,265,974,738,795,139,752,20,231,416,409,223,76,859,761,593,249,712,776,954,96,933,871,15,521,611,430,456,768,696,44,441,651,786,491,631,808,757,227,120,550,490,918,424,885,833,360,695,714,167,41,753,462,141,306,28,368,183,17,13,50,418,658,333,304,169,58,138,199,973,106,435,380,750,827,969,288,546,699,325,678,693,316,557,115,495,780,815,95,153,637,447,213,711,988,892,560,585,321,457,300,615,719,90,628,718,240,944,830,868,200,982,108,405,301,444,446,247,568,236,556,39,914,500,346,796,203,825,905,916,759,178,890,639,803,426,48,93,792,364,736,570,263,547,657,1,401,953,442,386,436,3,339,132,487,272,551,726,31,88,469,244,955,374,789,886,946,399,168,600,479,184,431,443,326,680,739,433,728,75,554,966,371,607,686,799,772,482,411,255,760,970,97,192,427,948,503,860,717,665,298,991,277,694,14,119,224,400,338,219,381,329,347,784,879,207,234,939,667,517,734,131,445,925,77,196,524,59,897,324,218,703,733,981,422,376,114,747,531,663,423,328,677,505,589,122,373,303,47,708,527,463,116,770,222,157,128,849,652,565,166,214,384,731,341,534,863,691,913,388,125,990,936,616,100,391,858,972,476,352,542,805,174,336,182,496,771,698,797,841,228,909,57,749,212,123,489,312,78,283,86,499,330,10,958,46,154,87,74,794,187,362,898,824,700,514,474,985,258,673,915,254,682,836,348,572,710,963,455,331,4,133,402,299,268,661,722,629,881,646,741,588,366,812,488,641,61,354,8,674,211,643,412,626,602,702,822,709,221,287,111,704,573,669,407,787,284,518,351,250,934,467,883,586,160,363,653,310,191,379,834,278,26,902,337,439,64,246,307,261,687,829,397,748,32,438,899,121,869,65,943,486,529,7,549,205,508,356,917,862,664,811,612,414,655,679,758,989,11,535,38,525,949,151,269,148,475,403,633,956,543,147,908,37,723,233,938,876,778,971,901,957,89,279,34,142,839,267,510,705,79,645,137,735,604,502,361,382,764,630,130,220,81,950,429,888,113,162,599,507,729,552,398,266,846,451,903,493,662,124,720,976,574,596,689,919,701,591,924,327,927,608,99,697,872,454,601,635,296,16,2,275,578,587,537,806,349,404,215,878,526,60,294,292,501,390,730,163,144,21,171,291,788,715,80,910,965,252,614,640,809,308,912,523,571,765,621,30,484,533,54,688,264,370,281,922,498,180,365,512,732,459,804,798,522,545,413,603,619,210,359,104,929,56,756,576,175,237,480,923,302,49,891,597,566,127,155,692,471,452,194,848,461,843,945,870,492,197,783,706,519,101,342,623,844,66,63,875,906,262,69,472,217,257,978,751,421,935,458,27,276,828,594,358,930,289,865,873,164,555,716,853,790,19,377,55,209,785,821,819,831,6,419,45,634,681,781,721,103,959,598,504,777,24,581,176,295,
value : 499.906 running time : 38.725997
0 80 20
243 84.8328 18.1431
345 85.3736 17.9353
979 85.8248 17.762
483 86.2684 17.5916
627 86.2684 17.5916
260 86.2684 17.5916
98 86.0049 26.2448
274 85.8005 32.9344
590 85.7522 34.5108
33 85.7015 36.1684
835 85.6418 38.1209
520 85.5855 39.9597
195 85.5164 42.2201
136 85.4755 43.5567
932 85.4487 44.4329
745 85.433 44.9448
334 85.1548 54.0737
920 85.1221 55.1432
170 85.0801 56.5172
506 85.035 57.9901
951 84.9905 59.4429
450 84.89 62.7301
198 84.89 62.7301
884 84.89 62.7301
497 84.89 62.7301
977 84.8414 62.958
528 84.7915 63.1921
838 84.7577 63.3508
387 84.7161 63.5462
684 84.6662 63.7804
201 84.6149 64.021
242 84.5704 64.2299
107 84.5189 64.4716
385 83.834 67.6864
660 83.3351 70.0274
311 83.1435 70.927
332 82.999 71.6049
648 82.8491 72.3085
417 82.7763 72.6503
837 82.7292 72.8713
975 83.2043 74.0667
25 85.585 80.0567
889 85.8579 80.7432
204 85.9633 81.0085
372 86.0877 81.3215
685 84.6346 83.3026
820 82.1424 86.7001
854 81.8453 87.1052
864 81.685 87.3237
740 81.5247 87.5423
322 81.3399 87.7942
473 81.1554 88.0458
928 80.9509 88.3246
158 80.304 88.3245
353 79.7946 88.3243
285 79.3723 88.3242
465 79.0575 88.3241
813 78.8189 88.3241
983 78.5882 88.324
893 77.652 88.3238
145 76.7255 88.3236
666 75.995 88.3234
775 75.2995 88.3232
620 74.6522 88.323
742 74.6522 88.323
135 74.6522 88.323
159 74.6329 88.2344
580 74.6163 88.1586
494 74.5921 88.0476
725 74.5658 87.927
823 74.5398 87.8077
481 74.5102 87.6721
818 74.4847 87.5551
149 74.4629 87.4552
83 73.0545 81.0003
962 72.0354 76.3285
67 71.5162 73.9481
579 71.3024 72.9677
900 71.0827 71.9606
852 70.8773 71.0188
383 70.7096 70.2498
152 70.5548 69.5398
51 70.4082 68.8678
847 70.2328 68.0632
867 70.0109 67.0459
110 69.7723 65.952
290 69.5305 64.8429
595 69.1251 62.9845
650 68.7073 61.0688
117 68.2163 58.8177
941 68.0329 57.9769
420 67.8455 57.1173
656 67.6337 56.1462
907 67.402 55.0836
942 67.0944 53.6734
675 66.7437 52.0655
926 66.6868 51.8044
767 66.6317 51.5519
43 66.568 51.2596
553 66.5453 51.1558
102 66.5217 51.0476
485 66.4954 50.9269
606 66.4656 50.7902
592 66.4407 50.6761
670 66.4407 50.6761
323 66.4407 50.6761
583 66.4407 50.6761
314 66.4407 50.6761
232 66.4407 50.6761
29 66.4407 50.6761
850 66.4407 50.6761
967 66.4407 50.6761
143 66.4407 50.6761
538 66.4407 50.6761
70 66.4407 50.6761
842 66.4407 50.6761
357 66.4407 50.6761
425 66.4407 50.6761
190 66.4407 50.6761
644 66.4407 50.6761
466 66.4407 50.6761
609 66.4407 50.6761
396 64.3261 49.3319
85 62.4912 48.1655
355 60.8772 47.1393
762 58.9535 56.8406
186 58.4185 59.5396
904 57.554 63.9006
173 57.5338 64.0022
393 57.5143 64.1006
84 57.4953 64.1967
743 57.4752 64.2983
857 57.4535 64.4078
647 57.435 64.501
161 57.4155 64.5994
293 57.3953 64.7013
68 57.3725 64.8162
112 57.3494 64.9327
282 57.3304 65.0287
188 57.3106 65.1287
509 57.2852 65.2567
625 57.2665 65.3508
793 57.2469 65.4499
577 57.225 65.5605
286 57.201 65.6813
340 57.1736 65.8195
515 57.1498 65.9396
668 57.1258 66.0606
238 57.1029 66.1762
769 57.079 66.2969
35 57.0592 66.3968
453 57.0354 66.517
964 57.013 66.6301
617 56.9893 66.7492
468 56.9664 66.8648
791 56.9429 66.9835
654 56.9174 67.1119
478 56.7661 67.2583
605 56.5524 67.4649
315 56.341 67.6695
513 56.1429 67.8611
94 56.0128 67.9869
91 55.8903 68.1053
460 55.7782 68.2137
727 55.6657 68.3226
810 55.006 68.9606
229 54.1742 69.7651
208 53.5414 70.3772
410 52.902 70.9955
440 52.7066 71.1845
987 52.4823 71.4015
968 52.26 71.6165
676 52.0238 71.8449
632 51.7861 72.0749
855 51.5617 72.2919
235 51.3308 72.5152
986 51.0965 72.7418
216 50.8698 72.9611
894 50.5997 73.2223
109 50.3557 73.4583
683 50.0921 73.7132
226 48.4151 75.3348
779 48.4151 75.3348
134 48.4151 75.3348
558 48.4151 75.3348
802 48.3785 75.5187
800 48.3441 75.6912
755 48.3081 75.8719
225 48.2761 76.0326
782 48.2426 76.2007
582 48.2085 76.372
280 48.1712 76.5592
861 48.1346 76.743
564 48.1 76.9169
12 48.0671 77.082
940 48.0347 77.2446
335 48.0031 77.4032
179 47.9698 77.5707
40 47.9368 77.7365
406 47.9368 77.7365
530 47.9368 77.7365
921 47.9368 77.7365
563 47.9368 77.7365
415 47.9368 77.7365
319 47.9368 77.7365
540 47.9368 77.7365
270 47.9368 77.7365
649 47.9368 77.7365
189 47.9368 77.7365
724 48.228 78.0097
807 49.1165 78.8434
350 50.305 79.9585
185 55.4598 84.7941
671 55.4598 84.7941
536 55.4598 84.7941
82 55.4598 84.7941
193 55.4598 84.7941
880 55.4598 84.7941
980 55.4598 84.7941
248 55.4598 84.7941
562 55.4598 84.7941
952 55.4735 84.7937
895 55.4874 84.7933
259 55.5014 84.7929
567 55.5149 84.7925
746 55.5261 84.7922
737 56.0754 84.7769
896 56.5983 84.7623
273 58.035 84.722
367 59.1446 84.691
71 60.2908 84.659
378 60.3319 84.6578
42 60.3728 84.6567
992 60.4114 84.6556
369 60.4497 84.6545
744 60.4954 84.6533
18 60.4954 84.6533
801 60.4954 84.6533
432 60.4954 84.6533
9 60.5421 85.0503
937 60.615 85.6712
832 60.6935 86.339
911 60.813 87.3572
52 60.8353 87.5469
177 60.8543 87.7087
464 60.8735 87.8717
477 60.8908 88.0192
317 60.908 88.1655
297 60.927 88.3275
118 60.9472 88.4997
251 60.9685 88.6805
318 60.9802 88.7801
816 59.9599 88.8131
344 58.8153 88.85
817 58.7043 88.8536
931 58.5813 88.8576
622 58.4656 88.8613
434 58.3378 88.8654
851 58.3378 88.8654
584 58.3378 88.8654
856 58.3378 88.8654
624 58.3378 88.8654
845 58.3378 88.8654
245 58.3378 88.8654
544 58.3378 88.8654
774 57.7768 88.8537
23 57.1993 88.8416
754 56.7786 88.8328
511 56.3685 88.8242
408 56.0073 88.8167
887 55.6565 88.8093
947 55.3145 88.8021
313 54.9754 88.795
690 54.6349 88.7879
575 54.293 88.7807
984 53.9532 88.7735
395 53.5989 88.7661
826 52.7907 88.7493
202 52.0041 88.7329
126 51.2497 88.7172
642 50.5093 88.7018
320 49.7725 88.6864
140 49.0275 88.6709
882 48.2986 88.6557
613 44.0709 88.5671
92 44.0455 88.5666
561 44.0212 88.5661
241 43.9964 88.5655
840 43.9732 88.565
156 43.9521 88.5646
392 43.926 88.564
618 43.9049 88.5636
437 43.8765 88.563
309 43.8509 88.5625
548 43.8258 88.5619
638 43.8023 88.5614
105 43.8022 88.5614
763 43.8022 88.5614
539 43.8021 88.5614
866 43.8021 88.5614
256 43.802 88.5614
713 43.8019 88.5614
636 43.8019 88.5614
659 43.8018 88.5614
707 43.8018 88.5614
62 43.8017 88.5614
814 43.8017 88.5614
305 43.8016 88.5614
389 43.8016 88.5614
961 43.8015 88.5614
532 43.5895 88.5569
541 43.3473 88.5517
375 42.9797 88.5438
559 42.6091 88.5359
766 42.223 88.5276
874 41.8487 88.5196
5 41.4231 88.5105
53 40.8265 88.4976
165 40.2379 88.485
516 39.612 88.4716
569 38.7656 88.4533
206 37.8677 88.4339
773 37.0216 88.4156
960 36.1228 88.3962
150 36.0424 88.3945
428 35.9655 88.3929
448 35.8914 88.3913
146 35.8152 88.3897
239 35.7398 88.3881
181 35.6544 88.3862
470 35.5661 88.3843
172 35.4795 88.3825
610 35.3891 88.3806
394 35.3134 88.379
449 35.2341 88.3773
73 35.1473 88.3754
129 35.0699 88.3738
672 34.985 88.3719
22 34.905 88.3702
877 34.8241 88.3685
72 34.7416 88.3667
343 34.6618 88.365
253 34.5671 88.363
230 34.4818 88.3612
271 34.3931 88.3593
36 34.3044 88.3574
265 34.2273 88.3558
974 34.0944 88.3529
738 33.9287 88.3494
795 33.7576 88.3457
139 33.5869 88.3421
752 32.8592 88.3264
20 32.0545 88.3089
231 31.3449 88.2936
416 30.6353 88.2783
409 29.9762 88.264
223 29.2582 88.2485
76 28.5709 88.2337
859 27.8613 88.2183
761 27.1407 88.2028
593 26.4374 88.1876
249 25.8319 88.1746
712 25.2205 88.1614
776 24.6177 88.1484
954 24.5996 88.148
96 24.5785 88.1476
933 24.5541 88.1471
871 24.532 88.1466
15 24.5108 88.1461
521 24.5108 88.1461
611 24.5108 88.1461
430 24.424 88.1297
456 24.3328 88.1124
768 24.2457 88.0959
696 24.1565 88.079
44 24.0666 88.062
441 23.9778 88.0452
651 23.8915 88.0289
786 23.8091 88.0133
491 23.7175 87.9959
631 23.6304 87.9794
808 23.5331 87.961
757 23.4128 87.9382
227 23.299 87.9166
120 23.2855 87.9141
550 23.27 87.9111
490 23.255 87.9083
918 23.24 87.9055
424 23.2226 87.9022
885 23.2063 87.8991
833 23.1894 87.8959
360 23.1727 87.8927
695 23.1575 87.8899
714 23.1434 87.8872
167 23.125 87.8837
41 23.1038 87.8797
753 23.0816 87.8755
462 23.0607 87.8715
141 23.0435 87.8683
306 23.0237 87.8645
28 23.0035 87.8607
368 22.9787 87.856
183 22.9539 87.8513
17 22.9293 87.8467
13 22.9065 87.8423
50 22.8854 87.8383
418 22.8641 87.8343
658 22.841 87.8299
333 21.6142 88.0371
304 16.9273 88.8285
169 14.9387 89.1643
58 14.6307 89.2163
138 14.2578 89.2793
199 13.9051 89.3388
973 13.598 89.3907
106 13.2615 89.4475
435 13.0149 89.4892
380 12.8795 89.512
750 12.7593 89.5323
827 12.6338 89.5535
969 12.5215 89.5725
288 12.4246 89.5888
546 12.291 89.6114
699 12.171 89.6316
325 12.0465 89.6527
678 11.9096 89.6758
693 11.7957 89.695
316 11.6869 89.7134
557 11.5766 89.732
115 11.4637 89.7511
495 11.3462 89.7709
780 11.2198 89.7923
815 11.0807 89.8158
95 10.9458 89.8385
153 10.8036 89.8626
637 10.6692 89.8852
447 10.534 89.9081
213 10.3985 89.9309
711 10.376 89.9347
988 10.3523 89.9387
892 10.4659 89.4215
560 10.5685 88.9541
585 10.6414 88.6219
321 10.7361 88.1908
457 10.8099 87.8545
300 10.8517 87.6641
615 10.8973 87.4565
719 10.9394 87.2646
90 10.9833 87.0649
628 10.9996 86.9904
718 11.0161 86.9155
240 11.0332 86.8375
944 11.0496 86.7626
830 11.0652 86.6918
868 11.074 86.6518
200 11.0885 86.5857
982 11.1056 86.5078
108 11.1212 86.4364
405 11.136 86.3692
301 11.1533 86.2903
444 11.1709 86.2104
446 11.1872 86.1359
247 11.2037 86.0607
568 11.2199 85.9869
236 11.2375 85.9067
556 11.2582 85.8128
39 11.2727 85.7464
914 11.4075 85.1328
500 11.5828 84.3343
346 11.6417 84.0659
796 11.6937 83.8291
203 11.7404 83.6163
825 11.7911 83.3851
905 11.8344 83.1881
916 11.8807 82.9772
759 11.9283 82.7604
178 11.9776 82.5358
890 12.0281 82.3059
639 12.0768 82.0841
803 12.0768 82.0841
426 12.0768 82.0841
48 12.0768 82.0841
93 12.0768 82.0841
792 12.0768 82.0841
364 12.0768 82.0841
736 12.0768 82.0841
570 12.0768 82.0841
263 12.0768 82.0841
547 12.0768 82.0841
657 12.0768 82.0841
1 12.0768 82.0841
401 12.0768 82.0841
953 12.0768 82.0841
442 12.2436 81.5
386 12.5102 80.5666
436 13.0756 78.5871
3 13.6618 76.5351
339 13.6618 76.5351
132 13.6618 76.5351
487 13.6618 76.5351
272 13.6618 76.5351
551 13.6618 76.5351
726 13.6618 76.5351
31 13.6618 76.5351
88 13.6618 76.5351
469 13.6618 76.5351
244 13.6618 76.5351
955 13.6618 76.5351
374 13.6618 76.5351
789 13.6618 76.5351
886 13.5523 76.4364
946 13.4355 76.3312
399 13.32 76.2271
168 13.2023 76.1211
600 13.0832 76.0138
479 12.9633 75.9058
184 12.8476 75.8015
431 12.7264 75.6923
443 12.5912 75.5705
326 12.4431 75.4371
680 12.2801 75.2902
739 12.1314 75.1562
433 12.0077 75.0448
728 11.8788 74.9286
75 11.7529 74.8152
554 11.6301 74.7046
966 11.5274 72.2991
371 11.521 72.1484
607 11.5154 72.0177
686 11.5097 71.884
799 11.5037 71.7424
772 11.498 71.6088
482 11.4931 71.4955
411 11.4883 71.3813
255 11.4834 71.2676
760 11.4784 71.1509
970 11.4744 71.0568
97 11.4704 70.962
192 11.4661 70.8622
427 11.4623 70.7732
948 11.4583 70.6804
503 11.4544 70.5882
860 11.4504 70.4942
717 11.4457 70.3847
665 11.4415 70.286
298 11.4375 70.1924
991 11.4332 70.0919
277 11.4283 69.9773
694 11.4238 69.8713
14 11.4192 69.7636
119 11.4149 69.6622
224 11.4107 69.5639
400 11.406 69.4546
338 11.401 69.3368
219 11.396 69.2192
381 11.3911 69.1053
329 11.386 68.9866
347 11.3813 68.8747
784 11.3813 68.8747
879 11.3813 68.8747
207 11.3813 68.8747
234 11.5155 68.3916
939 11.6285 67.9844
667 11.7506 67.5449
517 11.9 67.0068
734 12.0579 66.4385
131 12.2186 65.8598
445 12.3864 65.2557
925 12.6645 64.2543
77 12.9223 63.3263
196 13.2734 62.0624
524 13.6518 60.7006
59 14.0002 59.4469
897 14.0002 59.4469
324 14.0002 59.4469
218 14.0002 59.4469
703 14.0002 59.4469
733 14.0002 59.4469
981 13.6909 58.6751
422 13.366 57.8645
376 13.031 57.0286
114 12.6455 56.0669
747 12.1566 54.847
531 11.5693 53.382
663 10.5487 50.8367
423 9.82248 49.025
328 9.27065 47.6482
677 9.38913 47.6736
505 9.49513 47.6962
589 9.59692 47.718
122 9.59692 47.718
373 9.6657 47.6964
303 9.72902 47.6764
47 9.79041 47.6571
708 9.85261 47.6375
527 9.91913 47.6165
463 9.99005 47.5942
116 10.0537 47.5742
770 10.1275 47.5509
222 10.1904 47.5311
157 10.2496 47.5125
128 10.3151 47.4918
849 10.3825 47.4706
652 10.6597 47.3833
565 10.9235 47.3002
166 11.169 47.2229
214 11.536 47.1073
384 12.1658 46.9089
731 12.8219 46.7022
341 13.5087 46.4859
534 14.2325 46.2579
863 14.9694 46.0258
691 15.8382 45.7521
913 17.3373 45.2797
388 17.2543 45.1642
125 17.16 45.0331
990 17.0812 44.9235
936 17.0104 44.825
616 16.9333 44.7178
100 16.864 44.6213
391 16.7932 44.5228
858 16.7155 44.4148
972 16.6343 44.3019
476 16.5357 44.1647
352 16.4433 44.0361
542 16.35 43.9063
805 16.2572 43.7773
174 16.1649 43.6489
336 16.0708 43.5179
182 15.9304 43.3226
496 15.7878 43.1242
771 15.6433 42.9233
698 15.4982 42.7215
797 15.3372 42.4975
841 15.1639 42.2564
228 14.9948 42.0211
909 14.8293 41.7909
57 14.6611 41.5569
749 14.4449 41.2563
212 14.2257 40.9513
123 14.0123 40.6545
489 13.7969 40.3548
312 13.2346 39.5725
78 12.6735 38.7919
283 12.0809 37.9674
86 11.482 37.1342
499 11.361 36.9659
330 11.3187 36.6664
10 11.2741 36.3506
958 11.2281 36.025
46 11.1811 35.6924
154 11.1322 35.346
87 10.7893 32.9186
74 10.4003 30.1647
794 10.0987 28.0296
187 9.81787 26.0412
362 10.346 26.0556
898 10.9578 26.0724
824 15.2697 26.19
700 15.2697 26.19
514 13.0059 24.6225
474 12.9997 24.4963
985 12.9943 24.3875
258 12.9877 24.2562
673 12.9815 24.1315
915 12.9755 24.01
254 12.9567 23.6305
682 12.9413 23.3212
836 12.9274 23.0405
348 12.9121 22.7329
572 12.8988 22.4644
710 12.8846 22.1794
963 12.8696 21.8776
455 12.8545 21.5729
331 12.8392 21.2656
4 12.8242 20.9634
133 12.8024 20.5236
402 12.7736 19.9432
299 12.7448 19.3642
268 12.7097 18.6566
661 12.6544 17.5436
722 12.5824 16.0964
629 12.5747 15.9416
881 12.5679 15.8038
646 12.5619 15.6835
741 12.5561 15.567
588 12.5496 15.435
366 12.543 15.3019
812 12.5361 15.1627
488 12.9479 15.3509
641 13.3354 15.528
61 13.5728 15.6365
354 17.665 17.5068
8 17.665 17.5068
674 17.665 17.5068
211 17.665 17.5068
643 17.665 17.5068
412 17.665 17.5068
626 21.682 17.0492
602 23.233 16.8725
702 24.8776 16.6852
822 26.5057 16.4998
709 26.7365 16.4735
221 26.9662 16.4473
287 28.5863 16.2628
111 29.0463 16.2104
704 29.4546 16.1639
573 29.8335 16.1207
669 30.1734 16.082
407 30.5372 16.0405
787 30.8644 16.0033
284 32.5584 15.8103
518 35.3151 15.4963
351 35.7431 17.5456
250 37.1866 24.4575
934 37.1866 24.4575
467 37.1866 24.4575
883 37.1866 24.4575
586 37.1866 24.4575
160 37.1866 24.4575
363 37.1866 24.4575
653 36.7403 24.7976
310 36.1023 25.2837
191 35.3933 25.8239
379 34.6687 26.3761
834 33.9355 26.9348
278 33.1744 27.5147
26 32.3817 28.1187
902 31.0391 29.142
337 31.0391 29.142
439 30.9365 29.3514
64 30.8153 29.5989
246 30.6835 29.8679
307 30.4619 30.3202
261 30.2287 30.7962
687 29.9156 31.4349
829 29.6266 32.0247
397 29.3515 32.586
748 29.3514 32.5863
32 29.3512 32.5866
438 29.3511 32.5869
899 29.3511 32.5869
121 29.36 32.9106
869 29.369 33.2387
65 29.3779 33.5643
943 29.3864 33.8776
486 29.4148 34.9112
529 29.4448 36.0051
7 29.4749 37.1031
549 29.5046 38.1847
205 29.5367 39.3563
508 29.5779 40.8557
356 29.6139 42.1663
917 29.5623 42.4347
862 29.5065 42.7247
664 29.4448 43.0455
811 29.3819 43.373
612 29.3159 43.7164
414 29.2346 44.1388
655 29.1547 44.5546
679 29.0738 44.9756
758 28.981 45.4578
989 28.9312 45.7169
11 28.8764 46.0019
535 28.8195 46.298
38 28.7632 46.5907
525 28.705 46.8936
949 28.648 47.1898
151 28.5938 47.4721
269 28.5283 47.8128
148 28.4696 48.1177
475 28.376 48.6049
403 28.2776 49.1168
633 28.1745 49.6527
956 28.0771 50.1594
543 28.0014 50.5532
147 27.9188 50.9825
908 27.8356 51.4153
37 27.7512 51.8542
723 27.6505 52.3783
233 27.5037 53.1415
938 27.382 53.7745
876 27.2636 54.3905
778 27.0813 55.3388
971 26.8252 56.6709
901 26.7577 57.0217
957 26.6944 57.351
89 26.6351 57.6598
279 26.5703 57.9965
34 26.4891 58.4189
142 26.4136 58.8115
839 26.308 59.3607
267 26.1967 59.9395
510 26.083 60.531
705 25.9578 61.1823
79 25.8247 61.8746
645 25.6881 62.5852
137 25.5494 63.3064
735 25.4027 64.0694
604 25.2307 64.964
502 25.1393 65.4396
361 25.1045 65.6207
382 25.0762 65.7678
764 25.0445 65.9326
630 25.0077 66.1243
130 24.9732 66.3038
220 24.9375 66.4893
81 24.9054 66.6566
950 24.8722 66.8288
429 24.8402 66.9955
888 24.8109 67.148
113 24.7815 67.3006
162 24.7544 67.4419
599 24.9869 67.6595
507 25.2099 67.8682
729 25.4425 68.0859
552 25.6842 68.3121
398 25.9294 68.5416
266 26.2078 68.802
846 26.4783 69.0552
451 26.7632 69.3218
903 27.1812 69.713
493 27.6122 70.1165
662 28.1957 70.6626
124 28.7255 71.1585
720 29.2188 71.6201
976 29.7497 72.1171
574 29.9746 72.3275
596 30.2079 72.5459
689 30.4345 72.7579
919 30.6552 72.9644
701 30.6552 72.9644
591 30.6552 72.9644
924 30.6552 72.9644
327 30.6552 72.9644
927 30.6552 72.9644
608 30.6552 72.9644
99 30.7513 72.9275
697 30.8494 72.8898
872 30.9582 72.848
454 31.0557 72.8105
601 31.1469 72.7755
635 31.2709 72.7278
296 31.403 72.677
16 31.5374 72.6254
2 31.6756 72.5723
275 31.8042 72.5229
578 31.9464 72.4682
587 32.2129 72.3658
537 32.4669 72.2682
806 32.7502 72.1593
349 33.0383 72.0486
404 33.4108 71.9054
215 33.7271 71.7839
878 33.8338 71.7428
526 33.9386 71.7026
60 34.0694 71.6523
294 34.2167 71.5957
292 34.2717 71.3919
501 34.367 71.0389
390 34.4543 70.7157
730 34.5289 70.4394
163 34.6135 70.126
144 34.6913 69.8379
21 34.7752 69.5275
171 34.8576 69.2224
291 34.9397 68.918
788 35.0162 68.6348
715 35.0837 68.3849
80 35.1493 68.1418
910 35.2188 67.8847
965 35.2872 67.6312
252 35.354 67.3838
614 35.4368 67.0773
640 35.6026 66.4633
809 35.7317 65.9854
308 35.8368 65.5962
912 35.9484 65.183
523 36.0463 64.8204
571 36.1528 64.4257
765 36.2871 63.9286
621 36.4152 63.4543
30 36.4966 63.1528
484 36.5752 62.8617
533 36.8429 61.8705
54 37.0804 60.9907
688 37.323 60.0923
264 37.3925 59.835
370 37.4647 59.5678
281 37.5333 59.3138
922 37.5989 59.0707
498 37.6646 58.8274
180 37.7182 58.629
365 37.7623 58.4657
512 37.8201 58.2514
732 37.8201 58.2514
459 37.8201 58.2514
804 37.8201 58.2514
798 37.8201 58.2514
522 37.8174 57.5379
545 37.8154 57.0017
413 37.8135 56.5084
603 37.8125 56.2544
619 37.8116 55.9955
210 37.8116 55.9955
359 37.8116 55.9955
104 37.9609 55.7872
929 38.1122 55.5762
56 38.2649 55.3633
756 38.4808 55.0623
576 38.7588 54.6746
175 39.0371 54.2865
237 40.2122 52.6478
480 41.4381 50.9381
923 41.5457 50.7881
302 41.6464 50.6477
49 41.8113 50.4176
891 41.9781 50.1852
597 42.1699 49.9177
566 42.3657 49.6447
127 42.5496 49.3882
155 42.7465 49.1136
692 42.934 48.8523
471 43.0923 48.6315
452 43.2804 48.3692
194 43.4572 48.1227
848 43.6345 47.8755
461 43.8049 47.6379
843 43.9911 47.3782
945 44.1723 47.1255
870 44.3571 46.8679
492 44.5199 46.6409
197 44.684 46.412
783 44.8329 46.2044
706 45.002 45.9686
519 45.2199 45.6647
101 45.4357 45.3639
342 45.715 44.9744
623 46.006 44.5686
844 46.2833 44.1819
66 46.5469 43.8145
63 46.7973 43.4653
875 47.043 43.1227
906 47.2817 42.7898
262 47.5157 42.4635
69 47.7731 42.1046
472 48.0375 41.736
217 48.3215 41.34
257 48.5791 40.9807
978 48.8478 40.606
751 49.0988 40.2561
421 49.3127 39.9578
935 49.5288 39.6566
458 49.7544 39.3419
27 49.968 39.0441
276 50.1565 38.7812
828 50.3696 38.4841
594 50.5552 38.2253
358 50.7406 37.9668
930 50.9038 37.7392
289 51.0665 37.5124
865 51.0729 37.5034
873 51.0795 37.4942
164 51.0856 37.4857
555 51.0913 37.4778
716 51.0966 37.4704
853 51.1025 37.4622
790 51.4599 36.9636
19 52.1695 35.9739
377 52.8771 34.9868
55 53.5817 34.004
209 54.226 33.1054
785 54.846 32.2405
821 55.453 31.3939
819 56.0209 30.6017
831 56.4384 30.0194
6 56.8361 29.4647
419 57.2212 28.9275
45 57.5907 28.4122
634 58.0927 27.712
681 59.2602 26.0835
781 61.9453 22.3381
721 65.3893 17.5348
103 66.882 15.4526
959 67.4392 15.6458
598 68.0313 15.851
504 68.6089 16.0513
777 69.1814 16.2498
24 69.9509 16.5166
581 70.7557 16.7956
176 71.8849 17.1871
295 73.7825 17.845
