0,345,627,260,979,483,243,98,590,33,520,107,136,497,201,884,977,242,926,334,838,942,684,920,767,425,670,592,656,387,198,506,951,932,170,835,70,609,274,606,190,466,117,29,850,967,420,553,102,745,232,323,583,842,357,195,314,675,900,173,650,378,832,432,9,654,968,440,478,67,647,904,595,51,847,509,290,152,962,727,744,385,852,941,383,975,238,867,110,204,648,837,579,332,71,159,740,528,311,660,372,25,685,889,450,864,465,158,854,52,318,666,928,820,145,322,725,775,473,285,893,818,622,983,251,83,494,135,580,481,297,353,417,620,149,742,813,823,544,690,992,584,62,937,817,177,567,229,464,369,42,317,931,18,801,395,816,273,782,887,582,460,575,952,636,335,618,536,642,851,320,408,530,118,980,737,185,845,984,541,532,434,754,511,202,344,911,746,856,814,477,367,259,319,248,880,280,40,12,126,895,140,659,671,540,921,230,919,313,564,392,415,193,179,82,449,763,561,437,172,206,563,294,649,215,256,389,807,245,562,624,156,752,774,23,5,613,882,165,539,896,181,961,305,874,375,239,105,707,795,808,766,713,866,974,406,516,940,826,947,60,806,416,840,129,350,638,223,614,428,773,470,343,954,292,265,53,146,448,72,92,139,309,231,559,296,241,22,738,569,394,768,418,610,611,548,491,786,651,441,44,115,253,960,73,2,877,672,490,288,409,183,631,430,871,593,761,141,306,150,28,918,96,249,696,120,271,20,714,167,442,776,712,227,456,859,521,462,753,15,36,695,833,885,368,13,750,380,699,169,933,17,447,364,868,435,988,982,944,547,374,678,973,138,199,213,827,736,803,153,300,792,58,969,304,585,301,953,557,39,236,568,247,446,444,401,93,780,495,90,436,178,108,203,546,405,263,88,615,890,628,914,719,759,433,560,399,31,955,360,693,106,386,1,200,711,554,244,240,718,75,637,184,95,224,426,207,694,570,830,639,50,424,326,325,892,316,400,48,815,905,916,657,457,346,500,321,550,796,825,556,479,16,697,578,333,487,950,726,635,99,398,526,680,701,168,860,846,443,469,537,552,130,551,429,658,946,220,600,502,327,76,689,80,976,724,608,501,41,886,574,124,270,789,897,431,757,662,872,454,730,132,524,927,910,599,924,604,571,733,266,359,888,113,339,411,601,587,275,137,729,965,596,903,226,645,971,451,493,484,252,308,894,21,591,56,878,225,715,410,163,459,189,134,513,235,779,94,558,855,676,986,144,216,802,800,755,861,769,987,515,632,485,68,538,293,286,964,668,340,112,393,605,91,857,315,109,907,810,743,84,762,453,282,791,208,468,523,471,35,621,617,104,452,783,101,891,522,929,49,793,472,923,498,732,804,798,89,957,390,291,404,640,922,127,576,683,365,264,839,778,237,809,533,147,765,720,688,171,175,901,30,267,510,54,349,233,34,788,912,705,525,461,382,655,7,397,913,414,37,723,687,438,38,475,269,811,302,981,79,756,698,279,534,758,972,336,391,496,603,663,949,535,545,324,771,11,125,549,476,154,749,527,57,212,78,938,403,691,507,956,841,352,589,329,797,142,422,633,735,59,174,119,630,162,686,517,531,565,196,3,77,338,717,784,272,166,347,234,97,703,970,764,219,131,739,772,503,371,255,482,361,81,939,445,760,799,381,966,667,734,728,192,427,665,298,991,948,14,376,607,879,114,849,747,277,805,122,925,218,677,708,100,303,46,116,863,423,384,652,990,214,182,312,505,123,489,148,228,373,222,341,770,909,463,542,47,616,157,330,128,985,87,908,936,858,10,283,731,268,514,133,86,499,328,700,836,958,439,899,258,898,331,402,710,362,299,641,61,348,963,474,673,661,943,741,881,682,629,211,674,572,794,412,646,187,4,74,455,722,366,812,488,8,643,588,518,337,883,310,573,287,669,704,407,351,363,261,278,354,822,111,160,246,65,709,702,869,824,486,64,626,307,221,602,612,829,379,254,902,787,32,679,121,284,915,205,706,529,151,543,664,413,388,619,748,508,180,862,917,512,853,906,66,194,63,790,843,848,876,370,69,492,597,577,875,155,945,844,989,210,281,356,566,161,186,519,623,188,396,85,625,644,143,217,43,594,716,262,197,978,828,342,831,355,634,276,45,358,781,377,930,870,27,6,692,467,934,480,653,257,458,19,935,209,419,785,164,873,555,751,681,289,26,865,250,834,191,586,421,581,819,295,504,176,598,959,821,55,721,777,24,103,
value : 507.21 running time : 33.717117
0 80 20
345 84.3381 18.3333
627 85.5965 17.8497
260 86.2684 17.5916
979 86.2684 17.5916
483 86.2684 17.5916
243 86.267 18.9591
98 86.2579 27.0709
590 86.253 31.5699
33 86.249 35.4025
520 86.2439 40.0735
107 86.2366 46.7124
136 86.2346 48.6442
497 86.2327 50.4079
201 78.1578 52.6379
884 78.1578 52.6379
977 78.1578 52.6379
242 78.1578 52.6379
926 78.1578 52.6379
334 78.1578 52.6379
838 78.1578 52.6379
942 78.1578 52.6379
684 78.1578 52.6379
920 78.1578 52.6379
767 78.1578 52.6379
425 78.2461 52.5728
670 78.3273 52.5129
592 78.4109 52.4511
656 78.4877 52.3944
387 78.5801 52.3262
198 78.6706 52.2594
506 78.7569 52.1957
951 78.8408 52.1337
932 78.9186 52.0763
170 79.0066 52.0113
835 78.1984 49.8346
70 75.9374 49.9212
609 75.5094 49.9376
274 75.055 49.955
606 74.4541 49.978
190 74.2055 49.9875
466 73.9882 49.9958
117 73.7422 50.0052
29 73.5444 50.0128
850 73.3302 50.021
967 73.1171 50.0292
420 72.8815 50.0382
553 72.6727 50.0462
102 72.4567 50.0544
745 72.2597 50.062
232 72.03 50.0708
323 71.8064 50.0793
583 71.5875 50.0877
842 71.3448 50.097
357 71.1247 50.1054
195 70.9324 50.1128
314 70.6823 50.1224
675 70.5933 50.3788
900 66.6534 61.7295
173 65.6861 64.5156
650 64.9687 66.582
378 64.089 69.116
832 64.089 69.116
432 64.089 69.116
9 64.089 69.116
654 64.089 69.116
968 64.089 69.116
440 64.3187 69.1196
478 64.5596 69.1234
67 64.7822 69.1269
647 65.0039 69.1304
904 65.2301 69.1339
595 65.4607 69.1376
51 65.6819 69.141
847 65.8989 69.1444
509 66.1274 69.148
290 66.3723 69.1519
152 66.615 69.1557
962 66.8323 69.1591
727 67.0448 69.1625
744 67.2718 69.166
385 67.5202 69.17
852 67.6972 69.1727
941 67.8684 69.1754
383 68.8325 69.9255
975 69.5342 70.4714
238 70.1735 70.9687
867 71.6651 72.129
110 73.3879 73.4693
204 76.0244 75.5202
648 76.7719 76.1018
837 77.3399 76.5437
579 78.0359 77.0851
332 78.8343 77.7063
71 79.6402 78.3332
159 80.7867 79.2252
740 81.868 80.0663
528 82.9011 80.8701
311 84.1639 81.8525
660 85.208 82.6648
372 85.9984 83.2797
25 85.997 83.281
685 85.9955 83.2823
889 85.9941 83.2836
450 85.9929 83.2847
864 82.9152 86.0589
465 79.6198 89.0291
158 78.8506 89.7223
854 78.185 90.3221
52 77.5633 90.8824
318 77.5633 90.8824
666 77.5633 90.8824
928 77.5633 90.8824
820 77.3188 90.8271
145 77.0546 90.7672
322 76.8632 90.7238
725 76.6271 90.6704
775 76.3688 90.6119
473 76.17 90.5668
285 75.7892 90.4806
893 75.466 90.4074
818 75.0942 90.3232
622 74.7798 90.2519
983 74.5257 90.1944
251 73.695 90.0062
83 72.9257 89.832
494 72.6872 89.778
135 72.4305 89.7198
580 71.8698 89.5928
481 71.1767 89.4358
297 70.5771 89.3
353 70.078 89.187
417 69.5425 89.0657
620 68.9454 88.9305
149 68.3743 88.8011
742 67.7872 88.6681
813 67.0256 88.4956
823 66.1954 88.3076
544 65.3677 88.1201
690 64.3755 87.8954
992 63.6337 87.7274
584 62.8554 87.5511
62 62.2175 87.4066
937 61.989 87.3548
817 61.712 87.2921
177 61.4098 87.2236
567 61.1136 87.1565
229 60.8125 87.0883
464 60.5411 87.0269
369 60.2334 86.9572
42 59.9567 86.8945
317 59.6496 86.8249
931 59.346 86.7562
18 59.0445 86.6879
801 58.73 86.6167
395 58.4224 86.547
816 58.1068 86.4755
273 57.7995 86.4059
782 57.4323 86.3227
887 57.1349 86.2554
582 56.8394 86.1884
460 56.8394 86.1884
575 56.8394 86.1884
952 56.8394 86.1884
636 56.8394 86.1884
335 56.8394 86.1884
618 56.8394 86.1884
536 56.8394 86.1884
642 56.8394 86.1884
851 56.8394 86.1884
320 56.8394 86.1885
408 56.8394 86.1885
530 56.8394 86.1885
118 56.8394 86.1885
980 56.8394 86.1885
737 56.8394 86.1885
185 56.8394 86.1885
845 56.8394 86.1885
984 55.0987 86.9985
541 53.0349 87.9588
532 53.0349 87.9588
434 53.0349 87.9588
754 53.0349 87.9588
511 53.0349 87.9588
202 53.0349 87.9588
344 53.0349 87.9588
911 52.9985 87.9226
746 52.9556 87.88
856 52.9164 87.8411
814 52.8704 87.7954
477 52.8299 87.7552
367 52.7861 87.7117
259 52.739 87.6649
319 52.6915 87.6176
248 52.6468 87.5733
880 52.6069 87.5336
280 52.5658 87.4928
40 52.5264 87.4536
12 52.4827 87.4103
126 52.4374 87.3653
895 52.3942 87.3223
140 52.3538 87.2822
659 52.3114 87.2401
671 52.2685 87.1975
540 46.2357 85.6253
921 46.029 86.0643
230 45.6623 86.843
919 45.3592 87.4867
313 45.3544 87.5799
564 45.3503 87.6581
392 45.3456 87.7497
415 45.3413 87.8332
193 45.3371 87.9146
179 45.3326 88.0024
82 45.328 88.0904
449 45.3229 88.1893
763 45.3184 88.278
561 45.3143 88.3566
437 45.3098 88.444
172 45.3052 88.5326
206 45.3008 88.6192
563 45.2969 88.6938
294 45.2924 88.782
649 45.2877 88.8735
215 45.2827 88.9697
256 45.2777 89.0671
389 45.2609 89.3927
807 45.2478 89.6466
245 45.2321 89.951
562 45.216 90.2631
624 45.193 90.7091
156 45.1754 91.0508
752 45.1582 91.3831
774 45.1582 91.3831
23 45.1582 91.3831
5 45.0182 91.2678
613 44.8754 91.1503
882 44.7514 91.0481
165 44.5585 90.8894
539 44.368 90.7325
896 44.2033 90.597
181 43.9725 90.4069
961 43.7508 90.2244
305 43.4805 90.0018
874 43.2306 89.7961
375 42.9544 89.5687
239 42.6657 89.331
105 42.3786 89.0946
707 42.0193 88.7988
795 41.6808 88.5202
808 41.3797 88.2722
766 41.3797 88.2722
713 41.3797 88.2722
866 41.3797 88.2722
974 41.3797 88.2722
406 41.1462 88.0379
516 40.9177 87.8085
940 40.6384 87.5281
826 40.3447 87.2332
947 40.0631 86.9505
60 39.5003 86.3855
806 39.4924 86.3775
416 39.4853 86.3704
840 39.4771 86.3622
129 39.4694 86.3544
350 39.4605 86.3455
638 39.2495 86.427
223 39.0448 86.5061
614 38.8543 86.5797
428 38.6518 86.6579
773 38.4662 86.7296
470 38.2864 86.7991
343 38.1079 86.868
954 37.9081 86.9452
292 37.7803 87.3897
265 37.636 87.8912
53 37.5979 88.0236
146 37.5623 88.1474
448 37.5246 88.2786
72 37.4884 88.4043
92 37.4527 88.5285
139 37.4125 88.6684
309 37.3806 88.7795
231 37.3484 88.8911
559 37.3147 89.0083
296 36.1322 89.0084
241 35.2861 89.0084
22 34.3886 89.0085
738 33.4613 89.0086
569 32.4215 89.0086
394 30.9513 89.0087
768 29.2078 89.0088
418 28.9634 89.0088
610 28.7323 89.0089
611 28.5096 89.0089
548 28.294 89.0089
491 28.0235 89.0089
786 27.8867 89.0089
651 27.7337 89.0089
441 27.5901 89.009
44 27.4527 89.009
115 27.3119 89.009
253 27.2014 89.009
960 27.0842 89.009
73 26.9491 89.009
2 26.8187 89.009
877 26.6878 89.009
672 26.5212 89.009
490 26.3473 89.0091
288 26.1823 89.0091
409 26.031 89.0091
183 25.8713 89.0091
631 25.7284 89.0091
430 25.5728 89.0091
871 25.411 89.0091
593 25.2594 89.0091
761 25.1152 89.0092
141 24.9722 89.0092
306 24.8148 89.0092
150 24.6653 89.0092
28 24.5084 89.0092
918 24.3569 89.0092
96 24.1971 89.0092
249 24.0239 89.0093
696 23.8771 89.0093
120 23.7337 89.0093
271 23.5833 89.0093
20 23.2827 89.0093
714 22.7931 89.0094
167 22.3572 89.0094
442 21.8331 89.0094
776 21.4057 89.0095
712 20.9973 89.0095
227 20.5971 89.0096
456 20.2219 89.0096
859 19.8421 89.0096
521 19.4178 89.0097
462 18.8973 89.0097
753 18.422 89.0098
15 17.9408 89.0098
36 17.4862 89.0098
695 16.9054 89.0099
833 16.3332 89.0099
885 15.7402 89.01
368 15.0553 89.0101
13 14.2796 89.0101
750 13.454 89.0102
380 12.7672 89.0103
699 12.4131 89.0103
169 12.033 89.0103
933 11.7053 89.0104
17 11.3199 89.0104
447 10.8797 89.0104
364 10.4733 89.0105
868 10.0677 89.0105
435 9.71244 89.0105
988 9.36233 89.0106
982 9.3432 88.9039
944 9.32581 88.8069
547 9.31069 88.7226
374 9.29475 88.6337
678 9.29475 88.6337
973 9.29475 88.6337
138 9.29475 88.6337
199 9.29475 88.6337
213 9.29475 88.6337
827 9.30142 88.5573
736 9.3087 88.474
803 9.31528 88.3987
153 9.32195 88.3224
300 9.32859 88.2465
792 9.33508 88.1722
58 9.3414 88.0999
969 9.34736 88.0316
304 9.35363 87.9599
585 9.35997 87.8874
301 9.3667 87.8104
953 9.37316 87.7364
557 9.37956 87.6633
39 9.38552 87.5951
236 9.39181 87.5231
568 9.39852 87.4464
247 9.40537 87.3679
446 9.41201 87.2919
444 9.41879 87.2144
401 9.42518 87.1412
93 9.4318 87.0656
780 9.43864 86.9872
495 9.44479 86.9169
90 9.45139 86.8414
436 9.45775 86.7686
178 9.46409 86.6961
108 9.4701 86.6273
203 9.47666 86.5523
546 9.48286 86.4813
405 9.48857 86.416
263 9.49525 86.3395
88 9.50232 86.2587
615 9.50892 86.1832
890 9.51543 86.1087
628 9.52118 86.0428
914 9.52707 85.9755
719 9.5338 85.8985
759 9.54062 85.8204
433 9.5475 85.7417
560 9.55379 85.6698
399 9.55985 85.6004
31 9.56637 85.5258
955 9.57278 85.4525
360 9.57899 85.3814
693 9.5848 85.3149
106 9.59085 85.2457
386 9.59736 85.1713
1 9.60378 85.0978
200 9.60991 85.0276
711 9.63621 84.7267
554 9.68247 84.1975
244 9.72156 83.7503
240 9.7587 83.3253
718 9.79393 82.9223
75 9.83234 82.4828
637 9.86756 82.0797
184 9.90916 81.6038
95 9.94589 81.1835
224 9.98873 80.6934
426 10.0216 80.3173
207 10.0589 79.8905
694 10.0589 79.8905
570 10.9222 79.5778
830 11.8793 79.2311
639 13.1759 78.7615
50 15.8014 77.8106
424 15.8642 77.7878
326 15.9208 77.7674
325 15.976 77.7474
892 16.0342 77.7263
316 16.0971 77.7035
400 16.1654 77.6788
48 16.2278 77.6562
815 16.2887 77.6341
905 16.355 77.6101
916 16.4746 77.5668
657 16.5793 77.5289
457 16.694 77.4873
346 16.8123 77.4445
500 16.9342 77.4004
321 17.0465 77.3597
550 17.1796 77.3115
796 17.2916 77.271
825 17.4064 77.2294
556 17.5165 77.1895
479 17.7227 77.1148
16 17.9277 77.0406
697 18.112 76.9739
578 18.2929 76.9083
333 18.4732 76.843
487 18.6418 76.782
950 18.8267 76.7151
726 19.0067 76.6499
635 19.195 76.5817
99 19.3741 76.5168
398 19.544 76.4553
526 19.7285 76.3885
680 19.8917 76.3294
701 20.0701 76.2648
168 20.2409 76.2029
860 20.4027 76.1444
846 21.0439 75.9122
443 21.2402 75.841
469 21.4355 75.7703
537 21.6541 75.6912
552 21.8552 75.6183
130 22.0444 75.5498
551 22.2419 75.4783
429 22.4665 75.397
658 22.7016 75.3118
946 22.9255 75.2308
220 23.1505 75.1493
600 23.3787 75.0667
502 23.5976 74.9874
327 23.8548 74.8943
76 24.0852 74.8108
689 26.4106 73.9687
80 28.465 73.2247
976 28.9184 73.0605
724 28.7833 72.9551
608 28.6368 72.8408
501 28.5054 72.7383
41 28.3812 72.6414
886 28.2466 72.5363
574 28.1507 72.3796
124 28.0521 72.2184
270 27.9529 72.0564
789 27.8501 71.8883
897 27.7488 71.7227
431 27.6863 71.6207
757 27.6062 71.4898
662 27.5254 71.3577
872 27.4415 71.2205
454 27.3558 71.0805
730 27.2692 70.939
132 27.1813 70.7952
524 27.096 70.6558
927 27.096 70.6558
910 27.096 70.6558
599 27.096 70.6558
924 27.096 70.6558
604 27.096 70.6558
571 27.096 70.6558
733 27.096 70.6558
266 27.096 70.6558
359 27.096 70.6558
888 27.096 70.6558
113 27.096 70.6558
339 27.096 70.6558
411 27.096 70.6558
601 27.096 70.6558
587 27.096 70.6558
275 27.096 70.6558
137 27.0961 70.6558
729 27.0961 70.6558
965 27.0961 70.6558
596 27.0961 70.6558
903 27.0961 70.6558
226 27.0961 70.6558
645 27.0961 70.6558
971 27.0961 70.6558
451 27.0961 70.6558
493 30.7496 70.8667
484 34.0874 71.0595
252 34.5917 71.0886
308 35.1076 71.1183
894 35.6416 71.1491
21 36.0995 71.1755
591 36.5777 71.2031
56 37.087 71.2324
878 37.5756 71.2606
225 38.1016 71.2909
715 38.6053 71.3199
410 39.1098 71.349
163 39.5812 71.3762
459 40.064 71.404
189 40.533 71.431
134 41.055 71.4611
513 41.5653 71.4905
235 42.0469 71.5183
779 42.5002 71.5444
94 42.9673 71.5713
558 43.3493 71.5934
855 43.7391 71.6158
676 44.108 71.6371
986 44.4884 71.659
144 44.8459 71.6796
216 45.2336 71.702
802 45.5876 71.7224
800 45.9425 71.7428
755 46.1986 71.7576
861 46.4764 71.7736
769 48.3482 69.5789
987 50.162 67.4522
515 51.3141 66.1014
632 52.1187 65.158
485 53.5112 63.5253
68 53.5112 63.5253
538 53.5112 63.5253
293 53.5112 63.5253
286 53.5112 63.5253
964 53.5112 63.5253
668 53.5112 63.5253
340 53.5112 63.5253
112 53.5112 63.5253
393 53.5112 63.5253
605 53.5112 63.5253
91 53.5112 63.5253
857 53.5112 63.5253
315 53.5112 63.5253
109 53.1909 63.2592
907 52.8724 62.9944
810 52.5296 62.7096
743 52.1937 62.4305
84 51.8804 62.1701
762 51.5645 61.9076
453 51.2123 61.6149
282 50.8597 61.3219
791 50.5157 61.0361
208 50.1835 60.7601
468 49.6456 60.313
523 49.0465 59.8152
471 48.3976 59.2759
35 47.8768 58.8432
621 47.2101 58.2891
617 46.6022 57.784
104 44.276 55.8509
452 42.4358 54.3216
783 41.511 53.5532
101 41.5722 53.6939
891 41.6204 53.805
522 41.6692 53.9172
929 41.7197 54.0334
49 41.7688 54.1466
793 41.8269 54.2804
472 41.4965 54.5561
923 41.1043 54.8833
498 40.6764 55.2403
732 40.2078 55.6313
804 39.778 55.9898
798 39.3857 56.3171
89 38.8015 56.8045
957 38.2114 57.2968
390 37.7687 57.6662
291 37.4868 57.9014
404 37.1907 58.1484
640 37.1082 58.0851
922 37.036 58.0297
127 36.9674 57.977
576 36.9024 57.9271
683 36.8369 57.8768
365 36.7648 57.8215
264 36.6905 57.7644
839 36.6108 57.7033
778 36.5336 57.644
237 36.4663 57.5924
809 36.4005 57.5419
533 36.3315 57.4889
147 36.2564 57.4312
765 36.1924 57.3821
720 36.1179 57.325
688 36.0607 57.281
171 36.0159 57.2467
175 35.664 56.9766
901 35.2515 56.66
30 34.9192 56.4049
267 34.5492 56.1209
510 34.1948 55.8488
54 33.8905 55.6153
349 33.498 55.314
233 32.7963 54.4796
34 32.3904 53.997
788 32.0442 53.5853
912 31.6548 53.1223
705 31.1775 52.5548
525 30.7273 52.0194
461 30.3599 51.5826
382 29.8329 50.9559
655 28.9213 49.872
7 28.4305 49.2884
397 28.1643 49.1997
913 27.9164 49.1171
414 27.6556 49.0302
37 27.3856 48.9402
723 27.1303 48.8551
687 26.901 48.7787
438 26.6442 48.6932
38 26.3996 48.6117
475 26.1392 48.5249
269 25.9069 48.4475
811 25.6386 48.3581
302 25.3817 48.2725
981 25.1111 48.1823
79 24.8581 48.0981
756 24.4181 47.9514
698 23.8881 47.7748
279 23.4059 47.6142
534 22.9525 47.4631
758 22.5867 47.3412
972 22.2112 47.2161
336 22.1891 47.1059
391 22.1649 46.9854
496 22.1414 46.8681
603 22.1194 46.7587
663 22.0947 46.6351
949 22.0716 46.5199
535 22.0484 46.4047
545 22.0269 46.2972
324 22.0027 46.1766
771 21.9757 46.042
11 21.9489 45.9084
125 21.9227 45.7774
549 21.8988 45.6585
476 19.9436 47.2272
154 17.9532 48.8243
749 16.4007 50.07
527 15.4498 50.833
57 15.4498 50.833
212 15.4498 50.833
78 15.1949 51.4256
938 14.8905 52.1336
403 14.5627 52.8958
691 14.198 53.744
507 13.8107 54.6449
956 13.8105 54.6451
841 13.8104 54.6454
352 13.8103 54.6456
589 13.8101 54.6459
329 13.81 54.6461
797 13.8099 54.6463
142 13.8098 54.6465
422 13.8096 54.6468
633 13.8095 54.647
735 13.8094 54.6472
59 13.8093 54.6475
174 12.9169 56.2946
119 11.615 58.698
630 11.0394 59.7605
162 10.5192 60.7208
686 10.2068 61.2974
517 10.1152 61.4664
531 10.0311 61.6216
565 9.94742 61.7761
196 9.85082 61.9544
3 9.74966 62.1411
77 9.6495 62.326
338 9.55713 62.4965
717 9.46706 62.6628
784 9.38233 62.8192
272 9.29285 62.9843
166 9.20606 63.1445
347 9.10853 63.3245
234 9.01709 63.4933
97 8.9251 63.6631
703 8.83876 63.8225
970 8.7469 63.992
764 8.66095 64.1507
219 8.55917 64.3386
131 8.46775 64.5073
739 8.37422 64.6799
772 8.28002 64.8538
503 8.17118 65.0547
371 8.0718 65.2382
255 7.97546 65.416
482 7.88447 65.5839
361 7.78611 65.7655
81 7.77727 65.7818
939 7.7678 65.7993
445 7.75818 65.8171
760 7.74981 65.8325
799 7.73967 65.8512
381 7.72967 65.8697
966 7.72004 65.8875
667 7.71039 65.9053
734 7.70108 65.9225
728 7.69091 65.9413
192 7.72258 65.7568
427 7.74989 65.5976
665 7.77754 65.4365
298 7.80437 65.2802
991 7.83301 65.1134
948 7.9305 64.5454
14 8.02865 63.9735
376 8.13184 63.3723
607 8.22781 62.8132
879 8.35406 62.0777
114 8.49217 61.2731
849 8.6271 60.487
747 8.73646 59.8499
277 8.84764 59.2022
805 9.02579 58.1642
122 9.1722 57.3113
925 9.31521 56.4782
218 9.46574 55.6012
677 9.61361 54.7397
708 9.76459 53.8601
100 9.9234 52.9349
303 10.0796 52.025
46 10.2488 51.039
116 10.2838 50.8349
863 10.3245 50.5978
423 10.3609 50.3859
384 10.3946 50.1896
652 10.4255 50.0099
990 10.4578 49.8215
214 10.4855 49.6603
182 10.5187 49.4666
312 10.5522 49.2714
505 10.5823 49.0964
123 10.6155 48.903
489 10.6456 48.7277
148 10.6788 48.5341
228 10.7093 48.3565
373 10.7365 48.1976
222 10.7661 48.0257
341 10.7961 47.8506
770 10.8273 47.6687
909 10.8551 47.5068
463 10.8839 47.3393
542 10.9123 47.1738
47 10.9415 47.0038
616 10.9749 46.8092
157 11.0037 46.6411
330 11.0368 46.4484
128 11.0667 46.2744
985 11.1001 46.0795
87 11.1001 46.0795
908 11.1001 46.0795
936 11.1546 45.1319
858 11.2165 44.0564
10 11.2974 42.6484
283 11.3756 41.2878
731 11.4519 39.9596
268 11.5304 38.5942
514 11.5681 37.9388
133 11.5787 37.7538
86 11.5887 37.5813
499 11.5887 37.5813
328 11.6254 37.3056
700 11.8971 35.2678
836 12.2056 32.9539
958 12.4492 31.1265
439 13.2087 25.4315
899 12.5748 25.0255
258 11.8408 24.5554
898 11.2203 24.158
331 11.2494 23.8438
402 11.2777 23.5377
710 11.3036 23.2584
362 11.3321 22.9504
299 11.3578 22.6726
641 11.3863 22.3652
61 11.4144 22.0619
348 11.4394 21.7918
963 11.4621 21.5461
474 11.4872 21.2757
673 11.5114 21.0144
661 11.5366 20.7413
943 11.5616 20.4715
741 11.5995 20.062
881 11.6396 19.6293
682 11.6396 19.6293
629 11.6396 19.6293
211 11.6396 19.6293
674 11.6396 19.6293
572 11.6396 19.6293
794 11.6396 19.6293
412 11.6866 19.4811
646 11.7305 19.3427
187 11.7711 19.2147
4 11.8105 19.0903
74 11.9442 18.6687
455 12.349 17.3924
722 12.9299 15.5607
366 13.0652 15.1341
812 13.2129 14.6684
488 15.6717 14.5016
8 17.5388 14.375
643 19.1605 14.2651
588 20.4771 14.1758
518 33.02 13.3247
337 32.82 14.0294
883 32.6421 14.6563
310 32.484 15.2134
573 32.3286 15.761
287 32.1756 16.3
669 32.0046 16.9026
704 31.8152 17.5701
407 31.6323 18.2145
351 31.4115 18.9924
363 31.1334 19.9724
261 30.7852 21.1993
278 30.4549 22.3627
354 30.2208 23.1876
822 30.0064 23.9433
111 29.786 24.72
160 29.5306 25.6197
246 29.2969 26.4431
65 29.0019 27.4824
709 29.0019 27.4824
702 29.0019 27.4824
869 29.0019 27.4824
824 29.0019 27.4824
486 29.0019 27.4824
64 29.0019 27.4824
626 29.0019 27.4824
307 29.0019 27.4824
221 29.0019 27.4824
602 29.0019 27.4824
612 29.0019 27.4824
829 29.0019 27.4824
379 29.0019 27.4824
254 29.0019 27.4824
902 29.2646 28.5188
787 29.8119 30.6777
32 30.4066 33.0241
679 30.4226 33.0425
121 30.4361 33.058
284 30.4501 33.074
915 30.9205 33.6144
205 31.6535 34.4564
706 32.5225 35.4548
529 33.2305 36.268
151 33.9567 37.1022
543 34.6849 37.9388
664 35.2117 38.3239
413 35.7863 38.744
388 36.2988 39.1187
619 36.8929 39.553
748 37.4722 39.9766
508 38.121 40.4509
180 38.8682 40.9971
862 39.4602 41.4299
917 40.0537 41.8639
512 40.6765 42.3192
853 41.2137 42.7119
906 41.8887 43.2053
66 42.4212 43.5947
194 42.8893 43.9369
63 43.38 44.2957
790 43.7945 44.5986
843 44.3141 44.9785
848 44.7307 45.2831
876 45.1393 45.5818
370 45.7883 46.0563
69 46.3453 46.4635
492 46.9128 46.8784
597 47.4542 47.2742
577 47.9608 47.6445
875 48.1261 47.7654
155 48.2933 47.8876
945 48.484 48.0271
844 48.6624 48.1575
989 48.8438 48.2901
210 49.0927 48.4721
281 49.3377 48.6511
356 49.5457 48.8032
566 49.8069 48.9942
161 51.1288 49.9606
186 51.1449 49.9413
519 51.1611 49.9218
623 51.1769 49.9028
188 51.192 49.8847
396 51.2076 49.866
85 51.2229 49.8477
625 51.2383 49.8291
644 53.564 47.0388
143 54.8825 45.4568
217 54.6746 44.7998
43 54.4788 44.1813
594 54.2837 43.5648
716 54.0898 42.9524
262 53.9113 42.3884
197 53.6895 41.6874
978 53.4981 41.0827
828 53.2867 40.4148
342 53.0974 39.8169
831 51.864 35.919
355 51.864 35.919
634 51.864 35.919
276 51.864 35.919
45 51.864 35.919
358 51.6186 35.694
781 51.3496 35.4473
377 51.0835 35.2034
930 50.8056 34.9486
870 50.5151 34.6822
27 50.2107 34.4032
6 49.8954 34.1141
692 49.5234 33.773
467 49.4864 33.7391
934 49.4525 33.708
480 49.4204 33.6786
653 48.6042 29.0849
257 48.5933 29.0235
458 48.5822 28.9607
19 48.5692 28.8879
935 48.5563 28.815
209 48.5425 28.7376
419 48.5291 28.6619
785 48.5173 28.5953
164 48.5043 28.5226
873 48.492 28.453
555 48.4802 28.387
751 48.4688 28.3226
681 48.4564 28.253
289 48.4421 28.1723
26 48.4286 28.0962
865 48.4286 28.0962
250 48.4286 28.0962
834 48.4286 28.0962
191 48.4286 28.0962
586 49.3755 27.4405
421 50.8617 26.4115
581 54.2017 24.0997
819 55.5614 23.1582
295 56.7309 22.3485
504 57.6548 21.7088
176 58.2909 21.2683
598 58.2909 21.2683
959 58.291 21.2683
821 58.291 21.2683
55 59.6854 20.2065
721 64.0927 16.8506
777 64.5085 16.5341
24 64.9593 16.1908
103 65.4588 15.8105
