0,483,345,627,243,260,979,745,835,98,884,951,520,590,33,684,274,838,497,967,387,932,592,170,242,107,977,136,198,466,43,314,232,29,143,920,670,644,675,583,195,357,609,425,942,941,850,102,70,926,842,553,485,606,323,519,117,594,377,85,978,623,217,190,716,538,743,793,264,101,276,69,370,410,732,498,923,876,262,492,472,281,508,929,522,891,525,989,175,471,765,576,683,922,104,597,382,461,901,510,267,30,89,390,957,778,809,237,839,804,459,163,365,54,451,493,233,705,912,788,34,981,756,79,291,640,729,903,596,965,226,733,846,897,645,501,327,635,537,658,950,600,726,487,99,272,630,954,296,608,454,757,662,137,359,266,571,604,599,910,927,730,806,349,574,872,350,878,56,591,21,308,689,919,80,724,715,940,540,976,404,270,124,894,189,252,60,636,561,563,193,109,968,632,826,861,769,582,406,614,126,294,807,82,755,791,562,248,225,134,144,315,91,94,855,857,523,558,802,468,668,782,171,779,216,676,621,35,235,484,798,453,513,671,317,832,904,867,986,173,68,656,293,650,605,478,186,810,577,432,515,282,440,238,617,334,393,286,188,84,396,161,907,964,647,762,625,767,837,420,201,67,800,595,152,847,509,369,931,335,110,852,208,112,460,987,340,654,727,290,18,51,71,83,481,742,465,383,385,962,975,900,528,579,332,506,450,725,25,685,864,889,660,311,204,372,928,983,322,740,648,494,135,893,353,158,473,52,417,775,159,42,149,580,820,813,620,318,666,251,285,622,818,744,845,9,12,854,823,145,297,464,477,937,395,378,567,690,544,185,817,737,575,816,273,584,40,980,887,118,984,895,434,344,882,245,952,177,62,239,156,516,511,202,856,536,259,229,659,313,305,814,801,179,408,992,105,763,624,911,642,618,564,851,280,921,319,840,320,415,140,754,437,874,713,866,449,309,774,265,181,5,738,559,367,532,206,375,139,541,896,961,23,470,165,880,746,530,230,918,707,448,72,773,392,877,539,389,129,215,947,2,672,253,96,649,394,172,766,241,22,146,343,92,292,569,974,73,752,256,53,416,548,613,933,960,306,36,885,183,859,776,462,696,409,28,786,808,120,249,871,768,13,288,490,469,223,430,443,795,368,886,428,651,271,231,638,521,833,714,141,695,17,20,761,418,76,150,44,611,753,41,167,593,631,491,456,610,316,424,699,446,247,115,712,227,15,495,441,447,560,399,31,955,360,693,750,39,106,50,827,236,973,442,380,364,304,93,435,585,711,200,953,1,792,213,988,58,570,868,905,916,815,301,300,48,321,892,325,568,982,444,678,736,969,436,547,557,199,386,138,153,803,178,108,203,546,405,263,88,615,890,628,914,719,759,830,457,346,639,426,554,169,637,90,75,718,780,401,240,244,184,95,944,657,500,220,796,825,550,326,556,333,329,130,132,552,601,587,946,680,924,502,168,888,398,971,113,339,860,789,526,411,701,431,479,16,697,578,551,374,433,192,207,429,728,400,298,14,503,371,361,219,667,427,607,131,77,784,517,799,686,734,381,277,665,717,764,347,970,948,991,97,445,966,162,879,524,376,224,772,739,531,166,338,703,114,234,255,3,119,925,939,694,59,805,482,275,196,735,81,633,422,142,797,589,352,698,391,336,972,758,534,938,565,760,720,841,174,688,956,507,691,403,543,279,324,545,535,949,849,303,100,708,677,218,747,770,958,222,936,47,46,214,990,463,749,527,909,489,212,154,123,858,148,731,863,157,122,652,616,373,505,542,116,182,985,330,328,312,499,341,57,78,496,663,32,128,86,133,228,423,283,87,700,384,514,908,476,439,299,10,4,455,836,268,641,898,710,402,331,362,258,74,187,211,674,572,794,412,646,881,722,348,629,366,963,474,673,661,682,8,943,741,812,588,643,488,61,518,337,883,310,573,287,669,704,407,351,915,653,254,709,160,246,379,902,363,65,626,307,787,934,467,111,354,822,121,284,702,899,612,278,64,869,824,486,829,221,602,125,205,706,655,151,549,917,529,302,862,269,475,38,438,687,723,37,414,913,397,7,11,771,664,603,49,748,619,388,811,127,783,452,533,147,512,566,356,342,180,210,413,194,843,848,66,480,191,197,250,586,785,935,945,865,875,870,844,906,155,790,692,63,19,679,257,421,289,458,555,853,26,261,834,45,681,27,828,209,358,930,355,634,751,781,6,831,164,55,873,419,821,721,959,581,777,103,819,295,504,176,24,598,
value : 491.297 running time : 51.139066
0 80 20
483 86.2684 17.5916
345 86.2684 17.5916
627 86.2684 17.5916
243 86.2684 17.5916
260 86.2684 17.5916
979 86.3037 18.8547
745 86.8286 37.6581
835 86.8452 38.2495
98 86.8607 38.8051
884 86.9664 42.5927
951 86.9786 43.0281
520 86.9881 43.3706
590 86.9993 43.7692
33 87.0145 44.314
684 87.1403 48.8198
274 87.1436 48.9388
838 87.1494 49.1455
497 87.1547 49.3358
967 86.079 49.3407
387 85.367 49.344
932 84.7627 49.3467
592 84.2096 49.3492
170 83.7606 49.3513
242 83.1681 49.354
107 82.5923 49.3566
977 81.4529 49.3618
136 79.9301 49.3688
198 77.8454 49.3783
466 73.0944 49.4
43 68.5609 49.4207
314 68.3942 49.4215
232 68.258 49.4221
29 68.1181 49.4227
143 67.9643 49.4234
920 67.8251 49.4241
670 67.6322 49.425
644 67.4404 49.4258
675 67.2654 49.4266
583 67.1077 49.4274
195 66.9388 49.4281
357 66.7063 49.4292
609 66.5118 49.4301
425 66.2685 49.4312
942 65.967 49.4326
941 65.6806 49.4339
850 65.3641 49.4353
102 65.0126 49.4369
70 64.6436 49.4386
926 64.2957 49.4402
842 63.9418 49.4418
553 63.6028 49.4434
485 63.19 49.4453
606 62.8034 49.447
323 62.4233 49.4488
519 61.6185 49.4524
117 60.9683 49.4554
594 60.2697 49.4586
377 59.6044 49.4616
85 59.0242 49.6028
978 58.4636 49.7391
623 57.8993 49.8763
217 57.3514 50.0096
190 56.7646 50.1523
716 54.9918 50.5835
538 53.6896 50.9002
743 47.5045 52.4052
793 47.029 52.5171
264 46.501 52.6414
101 46.032 52.7518
276 45.5608 52.8627
69 45.0502 52.9829
370 44.4854 53.1158
410 43.9608 53.2393
732 43.6417 53.3144
498 43.3336 53.3869
923 43.0081 53.4635
876 42.6639 53.5445
262 42.3671 53.6144
492 41.7097 53.7691
472 40.7718 53.9898
281 39.5486 54.2776
508 38.1819 54.5991
929 37.5224 54.7543
522 36.8963 54.9017
891 36.2158 55.0619
525 35.556 55.2171
989 35.556 55.2171
175 35.3975 55.4805
471 35.2713 55.6903
765 35.1383 55.9112
576 35.0149 56.1162
683 34.8902 56.3234
922 34.7817 56.5038
104 34.6683 56.6922
597 34.5647 56.8644
382 34.3851 57.1628
461 34.235 57.4121
901 34.0514 57.7172
510 33.8916 57.9828
267 33.7338 58.2449
30 33.5815 58.498
89 33.4281 58.7529
390 33.2566 59.0378
957 33.1069 59.2865
778 32.9693 59.5152
809 32.8089 59.7818
237 32.6479 60.0493
839 32.4691 60.3462
804 32.2922 60.6403
459 32.1016 60.9569
163 31.9105 61.2745
365 31.7324 61.5704
54 31.5564 61.8629
451 31.3707 62.1714
493 31.1979 62.4585
233 31.0209 62.7526
705 30.8478 63.0403
912 30.6745 63.3282
788 30.4861 63.6412
34 30.3007 63.9493
981 30.1184 64.2523
756 29.9441 64.5418
79 29.7484 64.867
291 29.5564 65.1861
640 29.3521 65.5254
729 29.1362 65.8841
903 28.9171 66.2483
596 28.706 66.5991
965 28.4647 66.9999
226 28.2312 67.3879
733 28.0133 67.5008
846 27.7988 67.612
897 27.5985 67.7158
645 27.4154 67.8107
501 27.2032 67.9207
327 26.9851 68.0337
635 26.7747 68.1427
537 26.5764 68.2455
658 26.3747 68.35
950 26.1813 68.4502
600 25.9945 68.547
726 25.8054 68.645
487 25.6291 68.7364
99 25.5443 68.7803
272 25.4543 68.827
630 25.7327 69.0442
954 26.5471 69.6795
296 27.0987 70.1098
608 27.1422 70.1437
454 27.569 70.2817
757 27.9686 70.411
662 28.3721 70.5414
137 28.7148 70.6523
359 29.0687 70.7667
266 29.4088 70.8767
571 29.782 70.9974
604 30.15 71.1164
599 30.5102 71.2329
910 30.9447 71.3734
927 31.2897 71.485
730 31.6985 71.6172
806 32.1143 71.7517
349 32.4626 71.8643
574 32.9995 72.0379
872 33.5833 72.2267
350 34.1664 72.4153
878 34.6312 72.5656
56 35.1164 72.7226
591 35.5798 72.8724
21 36.082 73.0348
308 36.6053 73.2041
689 37.1564 73.3823
919 37.7472 73.5734
80 38.469 73.8068
724 39.1877 74.0392
715 39.9305 74.2794
940 40.7621 74.5484
540 40.7621 74.5484
976 40.7621 74.5484
404 40.7621 74.5484
270 40.7621 74.5484
124 40.7621 74.5484
894 40.7621 74.5484
189 40.7621 74.5484
252 40.7621 74.5484
60 40.7621 74.5484
636 41.3467 74.4011
561 41.7689 74.2948
563 42.2104 74.1837
193 42.6346 74.0768
109 43.0654 73.9684
968 43.364 73.8932
632 43.4124 73.881
826 43.4589 73.8693
861 43.5074 73.8571
769 43.5535 73.8455
582 43.5974 73.8344
406 43.638 73.8242
614 43.8679 73.5745
126 44.1171 73.3039
294 44.3645 73.0352
807 44.6226 72.7549
82 44.9226 72.4291
755 45.2528 72.0707
791 45.6169 71.6752
562 45.7929 71.4842
248 45.9926 71.2672
225 46.2083 71.033
134 46.4233 70.7995
144 46.6362 70.5684
315 46.8685 70.3161
91 47.0649 70.1028
94 47.2598 69.8912
855 47.4581 69.6758
857 47.647 69.4706
523 47.8356 69.2658
558 48.0374 69.0467
802 48.2227 68.8454
468 48.4418 68.6076
668 48.637 68.3955
782 48.637 68.3955
171 48.637 68.3955
779 48.637 68.3955
216 48.637 68.3955
676 48.637 68.3955
621 48.637 68.3955
35 51.6688 69.6066
235 52.1388 69.7944
484 52.6349 69.9926
798 53.1851 70.2124
453 53.95 70.5179
513 54.768 70.8447
671 55.7979 71.2562
317 56.6958 71.6149
832 57.1598 70.5271
904 57.6819 69.3031
867 58.2052 68.0761
986 58.5439 67.2819
173 59.0874 66.0076
68 59.6538 64.6797
656 60.1789 63.4485
293 60.1789 63.4485
650 60.1789 63.4485
605 60.1789 63.4485
478 60.1789 63.4485
186 60.1789 63.4485
810 60.4656 63.4382
577 60.7534 63.428
432 61.0579 63.4171
515 61.4516 63.403
282 61.84 63.3892
440 62.274 63.3737
238 62.7173 63.3579
617 63.1588 63.3421
334 64.214 63.3046
393 64.214 63.3046
286 64.214 63.3046
188 64.214 63.3046
84 64.2275 63.454
396 64.2399 63.5909
161 64.2572 63.7823
907 64.2881 64.1244
964 64.3203 64.4804
647 64.3526 64.837
762 64.3861 65.2074
625 64.4174 65.5539
767 64.4515 65.9309
837 64.4967 66.431
420 64.5316 66.8175
201 64.5706 67.2491
67 64.7042 68.7267
800 64.8482 70.3202
595 64.8991 70.8829
152 64.9585 71.5405
847 65.0266 72.2932
509 65.0943 73.0421
369 65.1622 73.7938
931 65.1987 73.7973
335 65.2354 73.8009
110 66.51 73.9259
852 67.2963 74.003
208 67.3461 74.0079
112 67.4063 74.0138
460 67.8149 74.0539
987 68.2386 74.0954
340 68.7478 74.1453
654 69.2847 74.198
727 69.8297 74.2514
290 70.385 74.3059
18 70.934 74.3597
51 71.5919 74.4242
71 72.2788 74.4915
83 72.9645 74.5588
481 73.6681 74.6278
742 74.4453 74.704
465 74.8056 74.5194
383 75.7837 74.0185
385 76.5467 73.6278
962 77.2223 73.2819
975 78.0137 72.8765
900 78.829 72.459
528 79.7492 71.9878
579 80.5625 71.5713
332 81.6436 71.0176
506 82.7334 70.4596
450 84.0924 74.7112
725 85.422 78.8711
25 85.6146 79.4737
685 85.7238 79.8151
864 85.8127 80.0933
889 85.903 80.376
660 85.9544 80.5366
311 86.0073 80.7021
204 86.0621 80.8738
372 86.1233 81.0653
928 81.1486 88.2267
983 80.6796 88.1973
322 80.2516 88.1704
740 79.7755 88.1406
648 79.3085 88.1113
494 78.8492 88.0825
135 78.4021 88.0545
893 77.9232 88.0244
353 77.4076 87.9921
158 76.965 87.9643
473 76.5802 87.9402
52 75.4707 87.8706
417 75.4257 87.8678
775 75.3789 87.8649
159 75.3342 87.862
42 75.2854 87.859
149 75.2854 87.859
580 75.2854 87.859
820 74.7366 87.7012
813 73.1792 87.2533
620 71.6588 86.8161
318 71.0871 86.6517
666 70.474 86.4754
251 69.8015 86.282
285 69.0174 86.0565
622 68.1822 85.8164
818 67.4117 85.5948
744 66.2811 85.2697
845 65.2009 84.9591
9 63.9016 84.5855
12 63.8903 85.2322
854 63.8777 85.9458
823 63.6254 85.9934
145 63.3714 86.0414
297 63.1119 86.0905
464 62.8602 86.138
477 62.6035 86.1865
937 62.3519 86.234
395 62.074 86.2865
378 61.8062 86.3371
567 61.5459 86.3863
690 61.2809 86.4364
544 61.0431 86.4813
185 60.5318 86.5779
817 60.0451 86.6698
737 59.4842 86.7758
575 58.9586 86.8751
816 58.4453 86.9721
273 57.9403 87.0675
584 57.3629 87.1766
40 56.8129 87.2805
980 56.2921 87.3789
887 55.7858 87.4746
118 55.2813 87.5699
984 54.7731 87.6659
895 54.2122 87.7719
434 53.7162 87.8656
344 53.3966 87.926
882 53.3804 87.9254
245 53.3686 87.925
952 53.3575 87.9246
177 53.3466 87.9242
62 53.3343 87.9237
239 53.3221 87.9233
156 53.3106 87.9229
516 53.299 87.9224
511 53.2876 87.922
202 53.2762 87.9216
856 53.2644 87.9212
536 53.2518 87.9207
259 53.24 87.9203
229 53.228 87.9199
659 53.2153 87.9194
313 53.2041 87.919
305 53.1922 87.9186
814 53.1809 87.9182
801 53.1703 87.9178
179 53.1586 87.9174
408 53.1475 87.917
992 53.1369 87.9166
105 53.1258 87.9162
763 53.1152 87.9158
624 53.1053 87.9154
911 53.095 87.9151
642 53.0839 87.9147
618 53.0735 87.9143
564 53.0626 87.9139
851 53.0527 87.9135
280 53.0424 87.9132
921 53.0315 87.9128
319 49.0131 89.6725
840 45.2387 91.3254
320 45.2309 91.3323
415 45.2232 91.3391
140 45.2152 91.3461
754 45.2067 91.3537
437 45.1979 91.3614
874 45.189 91.3692
713 45.1811 91.3762
866 45.1732 91.3832
449 45.1654 91.3901
309 45.1577 91.3969
774 45.1501 91.4036
265 45.1417 91.411
181 45.1331 91.4186
5 45.1247 91.426
738 45.1164 91.4333
559 45.1081 91.4406
367 45.1002 91.4476
532 45.0913 91.4554
206 45.0827 91.4629
375 45.0741 91.4706
139 45.0654 91.4783
541 45.0654 91.4783
896 45.0654 91.4783
961 45.0654 91.4783
23 45.0654 91.4783
470 44.9188 91.4589
165 44.7995 91.4431
880 44.6823 91.4276
746 44.0858 91.3486
530 43.4351 91.2625
230 42.7013 91.1654
918 42.0565 91.08
707 41.8299 91.05
448 41.6066 91.0205
72 41.3762 90.99
773 41.141 90.9589
392 41.0365 90.945
877 40.9321 90.9312
539 40.8293 90.9176
389 40.7224 90.9035
129 40.6097 90.8885
215 40.4988 90.8739
947 40.3933 90.8599
2 39.6372 90.7598
672 39.1059 90.6895
253 38.6262 90.626
96 38.2905 90.5816
649 37.9768 90.5401
394 37.6626 90.4985
172 37.344 90.4563
766 37.0354 90.4154
241 36.6881 90.3695
22 36.352 90.325
146 36.0082 90.2795
343 35.6774 90.2357
92 35.2599 90.1804
292 34.8798 90.1301
569 34.5039 90.0804
974 34.0843 90.0248
73 33.6108 89.9621
752 33.1859 89.9059
256 32.7126 89.8433
53 32.2611 89.7835
416 31.6683 89.705
548 30.9216 89.6062
613 30.0869 89.4957
933 28.8398 89.3307
960 28.4151 89.2744
306 27.8845 89.2042
36 27.3711 89.1362
885 26.8604 89.0687
183 26.3671 89.0034
859 25.9368 88.9464
776 25.4902 88.8873
462 25.418 88.8777
696 25.3506 88.8688
409 25.2803 88.8595
28 25.2109 88.8503
786 25.1413 88.8411
808 25.0682 88.8314
120 24.9908 88.8212
249 24.9073 88.8101
871 24.8291 88.7998
768 24.7536 88.7898
13 24.677 88.7797
288 24.6055 88.7702
490 24.5369 88.7611
469 24.4647 88.7516
223 24.3991 88.7429
430 23.9454 88.6828
443 23.4075 88.6116
795 23.4075 88.6116
368 23.4075 88.6116
886 23.4075 88.6116
428 23.4075 88.6116
651 23.4075 88.6116
271 23.4075 88.6116
231 23.3975 88.6129
638 23.387 88.6142
521 23.3765 88.6155
833 23.3659 88.6168
714 23.356 88.618
141 23.3463 88.6192
695 23.3352 88.6206
17 23.3253 88.6218
20 23.3162 88.6229
761 23.2672 88.629
418 23.2185 88.6351
76 23.1709 88.641
150 23.1232 88.6469
44 23.0714 88.6533
611 23.0218 88.6594
753 22.7265 88.6961
41 22.4646 88.7285
167 22.1857 88.7631
593 21.869 88.8024
631 21.5734 88.839
491 21.1379 88.893
456 20.7145 88.9455
610 20.2945 88.9975
316 19.8168 89.0568
424 19.4458 89.1028
699 19.026 89.1548
446 18.6385 89.2028
247 18.3008 89.2447
115 17.9878 89.2835
712 17.6706 89.3228
227 17.3439 89.3633
15 17.0194 89.4036
495 16.6993 89.4432
441 16.3715 89.4839
447 16.0049 89.5293
560 15.7068 89.5663
399 15.3787 89.607
31 15.055 89.6471
955 14.7451 89.6855
360 14.4514 89.7219
693 14.1252 89.7624
750 13.8264 89.7994
39 13.5348 89.8356
106 13.3567 89.8576
50 13.2038 89.8766
827 13.0084 89.9008
236 12.8412 89.9215
973 12.676 89.942
442 12.5042 89.9633
380 12.3155 89.9867
364 12.1519 90.007
304 11.9914 90.0269
93 11.8305 90.0468
435 11.6519 90.069
585 11.4856 90.0896
711 11.3403 90.1076
200 11.1923 90.1259
953 11.0438 90.1444
1 10.9031 90.1618
792 10.7547 90.1802
213 10.6054 90.1987
988 10.594 90.2001
58 10.6511 89.9576
570 10.6946 89.7729
868 10.732 89.6145
905 10.7796 89.4124
916 10.8235 89.226
815 10.8627 89.0594
301 10.9016 88.8945
300 10.9428 88.7196
48 10.9848 88.5415
321 11.0239 88.3754
892 11.0568 88.2356
325 11.0899 88.0951
568 11.1206 87.9648
982 11.1554 87.8172
444 11.1895 87.6727
678 11.2215 87.5368
736 11.2579 87.3821
969 11.2929 87.2335
436 11.3315 87.0699
547 11.3656 86.9251
557 11.4008 86.7757
199 11.4358 86.6274
386 11.4722 86.4728
138 11.5084 86.3192
153 11.5474 86.1537
803 11.5864 85.9879
178 11.628 85.8114
108 11.6661 85.6497
203 11.7058 85.4813
546 11.7431 85.3229
405 11.7772 85.1783
263 11.8537 84.8537
88 11.9382 84.4949
615 12.0103 84.1887
890 12.0803 83.8918
628 12.1429 83.6261
914 12.2063 83.3572
719 12.2832 83.0305
759 12.3641 82.6872
830 12.446 82.3396
457 12.5256 82.0017
346 12.6009 81.6823
639 12.67 81.3891
426 12.67 81.3891
554 12.67 81.3891
169 12.6962 81.3369
637 12.7232 81.2829
90 12.7527 81.2242
75 12.8041 81.1217
718 12.8562 81.018
780 12.9143 80.902
401 12.9676 80.7959
240 13.0323 80.6668
244 13.0977 80.5366
184 13.1624 80.4076
95 13.2216 80.2895
944 13.2861 80.161
657 13.616 79.5035
500 13.9252 78.8874
220 14.2121 78.3156
796 14.4712 77.799
825 14.7281 77.2872
550 14.9854 76.7744
326 15.2419 76.263
556 15.4961 75.7565
333 15.7813 75.188
329 16.0728 74.607
130 16.1274 74.4983
132 16.1789 74.3957
552 16.2284 74.2969
601 16.2779 74.1983
587 16.3245 74.1054
946 16.3245 74.1054
680 16.3245 74.1054
924 16.3245 74.1054
502 16.3245 74.1054
168 16.3245 74.1054
888 16.3245 74.1054
398 16.3245 74.1054
971 16.3245 74.1054
113 16.3245 74.1054
339 16.3245 74.1054
860 16.3245 74.1054
789 16.3245 74.1054
526 16.3245 74.1054
411 16.3245 74.1054
701 16.3245 74.1054
431 16.3245 74.1054
479 16.3245 74.1054
16 16.3245 74.1054
697 15.9832 73.7374
578 15.5107 73.228
551 14.6838 72.3365
374 13.8094 71.3937
433 12.9073 70.4211
192 12.0751 69.5237
207 11.3156 68.7049
429 11.3156 68.6898
728 11.3155 68.6759
400 11.3154 68.6607
298 11.3154 68.6464
14 11.3153 68.6312
503 11.3152 68.6162
371 11.3152 68.6012
361 11.3151 68.5863
219 11.315 68.5717
667 11.3149 68.5579
427 11.3149 68.5434
607 11.3148 68.5288
131 11.3147 68.5132
77 11.3147 68.499
784 11.3146 68.4844
517 11.3145 68.471
799 11.3145 68.457
686 11.3144 68.4431
734 11.3143 68.4284
381 11.3143 68.4144
277 11.3142 68.3998
665 11.3141 68.3852
717 11.314 68.37
764 11.314 68.3539
347 11.3139 68.3406
970 11.3138 68.3274
948 11.3138 68.3145
991 11.3137 68.3015
97 11.3137 68.2873
445 11.3136 68.2741
966 11.3135 68.2601
162 11.3135 68.2458
879 11.3134 68.2311
524 11.3133 68.2163
376 11.3133 68.2029
224 11.3132 68.1901
772 11.3072 66.9315
739 11.3019 65.8235
531 11.2965 64.7006
166 11.292 63.7657
338 11.292 63.7657
703 11.292 63.7657
114 11.292 63.7657
234 11.292 63.7657
255 11.292 63.7657
3 11.292 63.7657
119 11.292 63.7657
925 11.292 63.7657
939 11.292 63.7657
694 11.292 63.7657
59 14.522 59.9675
805 14.6373 59.8319
482 14.7434 59.7071
275 14.8601 59.5699
196 14.9937 59.4128
735 15.1356 59.246
81 15.2617 59.0977
633 15.4076 58.9261
422 15.5172 58.7972
142 15.6274 58.6676
797 15.7276 58.5498
589 15.7276 58.5498
352 15.7276 58.5498
698 15.7276 58.5498
391 15.7276 58.5498
336 15.7276 58.5498
972 15.7276 58.5498
758 15.7276 58.5498
534 15.7276 58.5498
938 15.7276 58.5498
565 15.7276 58.5498
760 15.7276 58.5498
720 15.7276 58.5498
841 16.3174 55.7639
174 16.6547 54.1709
688 16.963 52.7152
956 16.963 52.7152
507 16.963 52.7152
691 16.963 52.7152
403 16.963 52.7152
543 16.963 52.7152
279 16.963 52.7152
324 16.963 52.7152
545 16.963 52.7152
535 16.963 52.7152
949 14.6021 51.5991
849 12.0465 50.391
303 12.0465 50.391
100 12.0465 50.391
708 12.0465 50.391
677 12.0465 50.391
218 12.0465 50.391
747 12.0465 50.391
770 11.6795 50.11
958 11.2893 49.8113
222 11.257 49.7866
936 11.2244 49.7616
47 11.1898 49.7351
46 11.1561 49.7093
214 11.1242 49.6848
990 11.0938 49.6616
463 11.061 49.6365
749 11.0279 49.6111
527 10.9954 49.5863
909 10.9642 49.5623
489 10.9321 49.5378
212 10.9003 49.5135
154 10.8703 49.4904
123 10.8395 49.4669
858 10.8101 49.4444
148 10.7773 49.4192
731 10.7404 49.391
863 10.7049 49.3638
157 10.6706 49.3376
122 10.6386 49.3131
652 10.5954 48.7798
616 10.5532 48.2588
373 10.5147 47.7829
505 10.4754 47.298
542 10.434 46.7872
116 10.3907 46.252
182 10.3365 45.5828
985 10.2747 44.8204
330 10.2373 44.3577
328 10.2021 43.9233
312 10.1726 43.56
499 10.1428 43.1913
341 10.1151 42.8492
57 10.0854 42.4825
78 10.0528 42.0805
496 10.02 41.6763
663 9.98389 41.2299
32 9.94558 40.7569
128 9.90966 40.3135
86 9.86602 39.7746
133 9.8858 39.7761
228 9.90709 39.7777
423 9.92719 39.7792
283 9.94658 39.7806
87 9.96677 39.7821
700 9.98804 39.7837
384 10.0077 39.7852
514 10.0287 39.7867
908 14.4082 40.1137
476 14.2394 37.1199
439 13.6269 26.2497
299 13.6269 26.2497
10 13.6269 26.2497
4 13.1772 25.8621
455 12.7895 25.5279
836 12.4429 25.2292
268 12.0684 24.9065
641 11.6808 24.5724
898 11.235 24.1882
710 11.2174 23.7862
402 11.1987 23.3616
331 11.1814 22.9666
362 11.1638 22.5642
258 11.1483 22.2119
74 11.1319 21.8374
187 11.1128 21.4024
211 11.0967 21.0336
674 11.0829 20.7196
572 11.0707 20.4402
794 11.0556 20.0972
412 11.0304 19.5219
646 11.0059 18.9642
881 10.9832 18.4462
722 10.9676 18.0895
348 11.2565 18.1423
629 11.5175 18.1899
366 11.8126 18.2439
963 12.0832 18.2933
474 12.3929 18.3499
673 12.6513 18.3971
661 12.9181 18.4458
682 13.1545 18.489
8 13.435 18.5402
943 13.435 18.5402
741 13.6617 16.493
812 13.9315 14.0569
588 13.9491 14.0564
643 13.9678 14.0559
488 13.9837 14.0554
61 13.9993 14.055
518 33.1764 13.5137
337 33.1071 13.8627
883 33.0402 14.1991
310 32.9781 14.5116
573 32.916 14.824
287 32.854 15.1361
669 32.7869 15.4733
704 32.7166 15.8272
407 32.6459 16.183
351 32.5696 16.5669
915 32.4858 16.9885
653 32.4858 16.9885
254 32.1634 18.4695
709 31.8973 19.6917
160 31.6654 20.7572
246 31.5196 21.4272
379 31.3659 22.1331
902 31.2276 22.7687
363 31.0947 23.3791
65 29.9161 28.7915
626 30.2339 28.8796
307 30.5394 28.9643
787 30.8562 29.0521
934 31.1902 29.1446
467 31.1902 29.1446
111 31.1902 29.1446
354 31.1902 29.1446
822 31.1902 29.1446
121 31.1902 29.1446
284 31.1902 29.1446
702 31.1902 29.1446
899 31.1426 29.4483
612 31.0632 29.9549
278 31.0008 30.3531
64 30.9398 30.742
869 30.8449 31.3477
824 30.7573 31.9065
486 30.6593 32.5318
829 30.5637 33.1413
221 30.4733 33.7184
602 30.3723 34.3625
125 30.2373 35.224
205 30.1596 35.72
706 30.0815 36.218
655 30.0103 36.6723
151 29.9465 37.0795
549 29.8821 37.4907
917 29.8168 37.9071
529 29.7537 38.3094
302 29.6855 38.7448
862 29.6301 39.0981
269 29.5793 39.4222
475 29.5571 39.5639
38 29.5359 39.6996
438 29.5143 39.8372
687 29.4935 39.97
723 29.4711 40.1127
37 29.4495 40.2503
414 29.4284 40.3851
913 29.4062 40.5268
397 29.3862 40.6546
7 29.3664 40.7805
11 29.3451 40.9169
771 29.3233 41.056
664 30.3944 41.8557
603 31.5883 42.747
49 32.2571 43.2462
748 32.821 43.6672
619 33.4179 44.1127
388 34.003 44.5496
811 34.6905 45.0628
127 35.6407 45.7722
783 36.2012 46.1905
452 36.8213 46.6535
533 37.4036 47.0882
147 37.6899 46.7211
512 38.0043 46.3178
566 38.3014 45.9368
356 38.584 45.5742
342 38.8482 45.2354
180 39.1079 44.9023
210 39.3815 44.5513
413 39.6767 44.1727
194 40.1124 43.6139
843 40.5511 43.0512
848 40.976 42.5061
66 41.4107 41.9486
480 41.7166 41.5562
191 42.0456 41.1343
197 42.3587 40.7327
250 42.6623 40.3432
586 42.8435 40.1109
785 43.0223 39.8815
935 43.0223 39.8815
945 43.0223 39.8815
865 43.0223 39.8815
875 43.0223 39.8815
870 43.0002 39.8026
844 42.9772 39.7204
906 42.9548 39.6401
155 42.9312 39.5558
790 42.9062 39.4666
692 42.8831 39.3839
63 42.8619 39.308
19 42.8366 39.2176
679 42.8113 39.1271
257 43.5484 37.3931
421 44.2517 35.7386
289 44.9316 34.1394
458 45.4072 33.0205
555 45.8861 31.8937
853 46.2809 30.965
26 46.7894 29.7688
261 47.3417 29.6414
834 47.9959 29.4904
45 57.2997 27.3433
681 57.2997 27.3433
27 57.2997 27.3433
828 57.2997 27.3433
209 57.2997 27.3433
358 57.2997 27.3433
930 57.2997 27.3433
355 57.4363 27.1707
634 57.5839 26.9843
751 57.9073 26.5759
781 58.2586 26.1323
6 58.6231 25.672
831 58.9861 25.2137
164 59.3411 24.7654
55 59.7676 24.2268
873 60.2404 23.6297
419 60.8889 22.8108
821 61.9191 21.5099
721 64.7999 17.8727
959 65.2033 17.3632
581 65.6729 16.7703
777 66.1601 16.1549
103 66.6631 15.5198
819 67.5932 15.8323
295 68.6588 16.1903
504 69.7731 16.5646
176 70.9017 16.9438
24 72.4511 17.4643
598 74.5829 18.1804
