0,721,243,260,979,483,345,627,98,195,592,520,835,33,590,274,838,884,920,497,383,332,334,951,506,977,684,387,198,932,201,107,242,136,450,385,170,143,767,900,852,904,837,238,110,67,975,595,727,229,847,378,395,832,744,51,650,290,152,775,204,867,962,528,818,417,864,579,372,311,25,660,740,322,889,473,685,648,820,983,928,251,567,158,465,145,622,580,159,725,893,135,149,742,666,823,353,285,813,817,854,494,620,185,856,584,318,992,544,845,177,71,83,937,801,273,297,481,42,477,618,896,408,851,52,464,911,415,814,434,746,511,541,984,532,317,737,118,690,259,774,880,367,344,23,624,755,313,40,887,754,202,245,980,530,126,816,369,319,800,12,952,802,861,315,931,18,416,343,921,248,724,225,513,144,350,193,140,432,335,671,215,636,9,280,940,575,94,516,5,961,882,707,62,179,562,563,642,826,309,91,172,947,406,82,564,270,540,305,559,448,181,795,713,614,807,189,840,449,437,292,649,72,536,392,105,752,394,206,766,320,165,738,156,874,960,866,375,763,20,631,265,239,659,271,231,241,919,129,22,877,539,613,569,696,974,786,389,139,53,253,96,92,146,611,227,28,120,470,548,456,73,712,610,761,36,768,430,441,230,256,954,808,859,714,50,115,409,306,933,593,150,368,651,141,918,521,17,753,776,672,886,88,41,418,424,638,76,44,491,428,658,773,167,757,333,885,982,58,871,557,183,695,973,916,833,244,360,301,442,304,462,868,827,364,678,815,711,138,15,615,905,325,568,178,792,693,401,399,169,914,718,95,803,200,13,750,405,199,953,39,585,435,213,380,780,236,106,546,108,153,892,1,547,93,637,955,988,554,31,321,736,249,288,247,48,628,203,386,719,495,446,436,699,240,426,316,728,556,90,830,639,657,479,168,500,469,339,796,431,550,374,560,969,447,263,444,75,445,300,944,457,890,433,570,759,551,726,346,680,398,266,600,825,946,326,371,119,14,694,277,991,298,665,717,860,503,948,427,192,97,970,760,255,411,482,747,799,686,607,966,77,224,734,517,667,939,234,207,879,784,347,329,381,219,338,400,487,113,552,443,888,429,950,81,220,130,971,630,3,531,764,772,524,336,677,233,114,936,758,196,565,376,972,925,131,703,739,122,463,749,849,157,57,423,218,228,489,505,116,214,312,47,154,384,128,708,527,166,352,514,898,499,10,476,283,87,330,46,710,125,958,133,700,86,328,698,542,909,182,990,652,373,616,148,534,863,770,212,985,100,805,123,341,731,222,589,303,279,981,841,956,475,938,508,78,496,174,388,397,748,34,691,403,619,413,858,771,391,655,438,989,269,151,949,663,38,535,11,664,633,612,525,32,414,899,221,723,486,943,65,869,602,284,661,268,474,354,915,836,641,455,673,741,588,646,794,366,348,412,682,362,674,258,74,572,963,4,299,331,881,187,812,629,722,61,488,211,402,246,8,307,439,824,121,278,702,254,643,834,337,822,626,64,379,709,902,829,205,679,549,261,191,706,687,862,917,257,692,811,783,529,566,7,452,194,853,912,281,848,155,356,705,756,37,543,876,324,545,510,797,59,804,645,788,422,688,846,603,735,79,142,908,451,903,965,957,720,733,162,361,308,382,252,502,701,526,591,924,327,897,608,99,272,604,537,689,60,697,872,223,730,454,806,601,635,296,16,501,2,490,275,578,587,927,184,124,132,599,349,359,894,175,765,80,493,226,662,574,878,571,56,976,789,294,855,857,134,895,561,743,782,769,986,404,715,163,676,84,235,558,683,459,779,393,173,109,460,647,654,798,968,286,668,216,515,632,340,478,582,605,186,577,793,625,509,282,112,68,987,942,907,293,810,440,621,519,597,791,208,468,617,762,964,127,453,342,461,843,237,922,54,596,365,471,291,945,523,161,498,484,30,910,410,21,533,370,576,104,302,729,929,507,901,101,891,390,147,210,913,640,180,267,512,732,522,809,137,839,778,171,264,49,89,66,906,875,63,262,85,69,923,35,623,844,926,870,188,492,472,656,420,396,609,466,644,190,425,357,842,70,538,745,606,43,941,485,102,553,117,967,850,29,232,314,583,323,670,751,6,781,681,634,45,930,217,458,355,978,197,675,289,358,594,828,377,27,421,419,935,480,276,209,55,716,19,865,790,787,785,164,873,555,26,250,310,160,586,883,467,363,653,934,287,407,111,573,669,704,518,351,176,295,103,581,24,777,504,598,959,831,821,819,
value : 554.698 running time : 30.378006
0 80 20
721 80.3188 17.976
243 84.5182 17.6339
260 85.0582 17.5899
979 85.6176 17.5443
483 86.17 17.4993
345 86.1044 19.7378
627 86.0442 21.7915
98 85.7964 30.2459
195 85.546 38.7884
592 85.5184 39.7322
520 85.4995 40.3774
835 85.4777 41.1196
33 85.4567 41.8362
590 85.4268 42.8549
274 85.361 45.1017
838 85.2499 48.8914
884 85.1772 51.3732
920 85.1141 53.5259
497 85.0273 56.4854
383 84.9637 58.6553
332 84.9329 59.7055
334 84.9275 59.8905
951 84.9221 60.0744
506 84.916 60.2832
977 84.91 60.4864
684 84.9043 60.6811
387 84.8988 60.8708
198 84.8928 61.0752
932 84.8865 61.2909
201 84.8784 61.5643
107 84.8715 61.8005
242 84.8639 62.0608
136 84.8556 62.3422
450 84.8434 62.7617
385 83.2958 62.2049
170 82.0089 61.7419
143 72.4263 58.2944
767 71.9985 60.1858
900 71.4624 62.5562
852 71.1152 64.0916
904 70.7532 65.6922
837 70.5269 66.6926
238 70.3381 67.5272
110 70.1368 68.4172
67 69.9175 69.3868
975 69.6911 70.3882
595 69.4551 71.4314
727 69.1248 72.892
229 68.7889 74.3771
847 68.9913 74.4911
378 69.1949 74.6057
395 69.3928 74.7171
832 69.5854 74.8256
744 69.836 74.9667
51 70.0765 75.1021
650 70.309 75.233
290 71.2893 75.785
152 72.3598 76.3878
775 73.9301 77.2719
204 75.4526 78.1292
867 75.7135 78.2761
962 76.2226 78.5628
528 77.111 79.063
818 77.8167 79.4604
417 78.5802 79.8903
864 79.3746 80.3375
579 80.1893 80.7963
372 86.0563 84.0999
311 86.0226 84.1296
25 85.9872 84.1608
660 85.9509 84.1928
740 85.439 84.6438
322 84.9451 85.079
889 84.484 85.4853
473 83.9907 85.9199
685 83.5143 86.3397
648 82.8346 86.9386
820 82.0881 87.5964
983 81.615 88.0133
928 81.615 88.0133
251 76.2272 88.3148
567 74.3525 88.4196
158 74.3525 88.4196
465 74.3525 88.4196
145 74.3525 88.4196
622 74.3525 88.4196
580 74.3525 88.4196
159 74.3525 88.4196
725 74.3525 88.4196
893 74.3525 88.4196
135 74.3525 88.4196
149 73.5936 88.4432
742 72.9692 88.4626
666 72.2991 88.4835
823 71.6235 88.5045
353 70.9766 88.5246
285 70.3288 88.5448
813 69.6903 88.5646
817 69.0177 88.5856
854 68.4044 88.6047
494 67.7493 88.625
620 66.8343 88.6535
185 65.9214 88.6818
856 65.084 88.7079
584 65.078 88.7081
318 65.072 88.7083
992 65.0657 88.7085
544 65.0598 88.7086
845 65.0538 88.7088
177 65.0477 88.709
71 65.0421 88.7092
83 65.036 88.7094
937 64.5672 88.724
801 64.0191 88.741
273 63.5398 88.756
297 63.0617 88.7708
481 62.5775 88.7859
42 61.9482 88.8055
477 61.3046 88.8255
618 60.6158 88.847
896 59.9886 88.8665
408 59.4274 88.884
851 59.0454 88.8959
52 58.7061 88.9064
464 58.216 88.9217
911 57.6095 88.9406
415 57.0179 88.959
814 56.4607 88.9763
434 56.0574 88.9889
746 55.6759 89.0008
511 55.3367 89.0113
541 55.0232 89.0211
984 54.988 88.9303
532 54.9553 88.846
317 54.9186 88.7514
737 54.8884 88.6736
118 54.8553 88.5883
690 54.8232 88.5055
259 54.7913 88.4235
774 54.7614 88.3463
880 54.7291 88.2631
367 54.7022 88.1937
344 54.6756 88.1252
23 54.6349 88.0205
624 54.4955 87.6611
755 54.2975 87.1509
313 54.2835 87.1149
40 54.2681 87.0752
887 54.2528 87.0358
754 54.2386 86.9992
202 54.2242 86.9619
245 54.2087 86.922
980 54.194 86.8843
530 54.1762 86.8384
126 54.1604 86.7976
816 54.1465 86.7617
369 54.1312 86.7225
319 54.1161 86.6836
800 54.101 86.6445
12 54.0871 86.6087
952 54.073 86.5724
802 54.0568 86.5307
861 54.0426 86.494
315 54.0278 86.4558
931 54.0172 86.4285
18 54.0059 86.3995
416 50.5798 83.6578
343 49.7314 82.979
921 48.7924 82.2277
248 47.9104 81.5219
724 47.0682 80.848
225 46.8725 80.6914
513 46.8725 80.6914
144 46.8725 80.6914
350 46.8725 80.6914
193 46.8725 80.6914
140 46.8725 80.6914
432 46.8725 80.6914
335 46.8725 80.6914
671 46.8725 80.6914
215 46.8847 80.913
636 46.8969 81.135
9 46.9087 81.348
280 46.9518 82.1296
940 46.9948 82.9089
575 47.0389 83.7098
94 47.0869 84.5804
516 47.164 85.984
5 47.2761 88.0229
961 47.3042 88.5329
882 47.3244 88.8988
707 46.4688 88.0563
62 46.4275 87.5594
179 46.3819 87.0097
562 46.3408 86.5152
563 46.3028 86.0568
642 46.2671 85.627
826 46.2317 85.2008
309 46.2008 84.8287
91 46.1564 84.2941
172 45.7357 84.5973
947 45.4317 84.8164
406 45.0984 85.0566
82 44.7454 85.3111
564 44.3791 85.5751
270 44.0037 85.8456
540 43.7265 86.0454
305 43.2141 86.4147
559 42.6607 86.8137
448 42.5751 86.8753
181 42.5007 86.929
795 42.43 86.9799
713 42.3683 87.0244
614 42.3053 87.0698
807 42.2402 87.1168
189 42.1729 87.1653
840 42.1051 87.2141
449 42.034 87.2654
437 41.9684 87.3127
292 41.9022 87.3604
649 41.8337 87.4098
72 41.7614 87.4618
536 41.6971 87.5082
392 41.6251 87.5601
105 41.5572 87.6091
752 40.3583 88.0832
394 40.205 88.1438
206 40.0503 88.205
766 39.8894 88.2686
320 39.7426 88.3266
165 39.5611 88.3984
738 39.3818 88.4693
156 39.2232 88.532
874 39.0343 88.6067
960 37.345 89.2742
866 36.9563 89.4279
375 36.5362 89.594
763 36.0128 89.8009
20 35.4434 90.026
631 35.1392 90.1463
265 35.1392 90.1463
239 35.1392 90.1463
659 35.1392 90.1463
271 34.9504 90.1238
231 34.7719 90.1025
241 34.6016 90.0822
919 34.4294 90.0616
129 34.2784 90.0436
22 34.118 90.0245
877 33.9564 90.0052
539 33.7965 89.9861
613 33.6264 89.9658
569 33.4522 89.9451
696 33.2547 89.9215
974 33.0968 89.9027
786 32.9185 89.8814
389 32.7567 89.8621
139 32.2501 89.8017
53 31.5997 89.7241
253 30.5893 89.6037
96 29.6782 89.4951
92 28.7669 89.3864
146 27.8161 89.273
611 26.6141 89.1298
227 25.2533 88.9677
28 25.2533 88.9677
120 25.2533 88.9677
470 25.2533 88.9677
548 25.2533 88.9677
456 25.188 88.9446
73 25.1299 88.9241
712 25.0684 88.9023
610 25.015 88.8835
761 24.9608 88.8644
36 24.9075 88.8455
768 24.8545 88.8268
430 24.8021 88.8083
441 24.7489 88.7895
230 24.7002 88.7723
256 24.6142 88.7419
954 24.5232 88.7098
808 24.4455 88.6823
859 24.3498 88.6485
714 24.26 88.6168
50 24.1651 88.5833
115 24.0793 88.553
409 24.0047 88.5266
306 23.9185 88.4962
933 23.8219 88.4621
593 23.7376 88.4323
150 23.6559 88.4034
368 23.5644 88.3711
651 23.4834 88.3425
141 23.4065 88.3153
918 23.3164 88.2835
521 23.2177 88.2487
17 23.1168 88.213
753 23.0247 88.1805
776 22.936 88.1491
672 22.8553 88.1206
886 22.755 88.0852
88 22.6647 88.0533
41 22.5885 88.0264
418 22.5073 87.9977
424 22.4249 87.9686
638 22.3514 87.9426
76 22.2619 87.911
44 22.1728 87.8796
491 22.0862 87.849
428 21.9983 87.8179
658 21.9018 87.7838
773 21.599 87.8337
167 21.2318 87.8941
757 20.8296 87.9604
333 20.4118 88.0292
885 19.8921 88.1147
982 19.3137 88.2099
58 18.894 88.279
871 18.4639 88.3498
557 18.0229 88.4225
183 17.621 88.4886
695 17.2086 88.5565
973 16.7743 88.628
916 16.3868 88.6918
833 15.9997 88.7556
244 15.5733 88.8258
360 15.1181 88.9007
301 14.5899 88.9877
442 14.1808 89.055
304 13.7447 89.1268
462 13.3292 89.1952
868 12.8573 89.2729
827 12.7418 89.2919
364 12.6356 89.3094
678 12.5289 89.327
815 12.4302 89.3432
711 12.3262 89.3603
138 12.2263 89.3768
15 12.1274 89.3931
615 12.0188 89.411
905 11.9233 89.4267
325 11.8316 89.4418
568 11.7293 89.4586
178 11.6274 89.4754
792 11.5533 89.4876
693 11.4842 89.499
401 11.4146 89.5104
399 11.3507 89.5209
169 11.2727 89.5338
914 11.2001 89.5457
718 11.1311 89.5571
95 11.0624 89.5684
803 10.9865 89.5809
200 10.9158 89.5925
13 10.8482 89.6037
750 10.7665 89.6171
405 10.6834 89.6308
199 10.6067 89.6434
953 10.5277 89.6564
39 10.45 89.6692
585 10.3757 89.6814
435 10.308 89.6926
213 10.2371 89.7043
380 10.2304 89.7054
780 10.224 89.7064
236 10.2171 89.7076
106 10.2101 89.7087
546 10.2035 89.7098
108 10.1966 89.7109
153 10.1898 89.7121
892 10.1831 89.7132
1 10.176 89.7143
547 10.1688 89.7155
93 10.1624 89.7166
637 10.1547 89.7178
955 10.1473 89.7191
988 10.139 89.7204
554 10.6689 86.4577
31 10.6942 86.302
321 10.7185 86.1524
736 10.7413 86.012
249 10.7643 85.8705
288 10.7882 85.723
247 10.8127 85.5724
48 10.8385 85.4137
628 10.8622 85.2678
203 10.8863 85.1191
386 10.9093 84.9778
719 10.9346 84.8218
495 10.9598 84.6663
446 10.9854 84.5086
436 11.0131 84.3381
699 11.0389 84.1794
240 11.0676 84.0026
426 11.0951 83.8335
316 11.1223 83.6654
728 11.1529 83.4773
556 11.1808 83.3055
90 11.2064 83.1477
830 11.2333 82.9823
639 11.2612 82.8103
657 11.2712 82.7485
479 11.2811 82.6879
168 11.291 82.627
500 11.3011 82.5644
469 11.3103 82.5077
339 11.3202 82.4468
796 11.33 82.3866
431 11.3397 82.3271
550 11.3498 82.2644
374 11.3498 82.2644
560 11.3498 82.2644
969 11.3498 82.2644
447 11.336 81.8813
263 11.3186 81.3964
444 11.296 80.7678
75 11.2715 80.0885
445 11.2466 79.3951
300 11.2466 79.3951
944 11.3215 78.984
457 11.4048 78.5269
890 11.4843 78.0913
433 11.5658 77.6438
570 11.6478 77.1943
759 11.7372 76.7039
551 11.8475 76.0984
726 11.9581 75.492
346 12.0672 74.8933
680 12.1796 74.2767
398 12.2825 73.7123
266 12.3757 73.2015
600 12.3572 73.1085
825 12.3393 73.0182
946 12.3198 72.9201
326 12.2994 72.8173
371 12.2771 72.7049
119 12.2572 72.6044
14 12.2377 72.5063
694 12.2192 72.413
277 12.2008 72.3206
991 12.1833 72.2326
298 12.1649 72.1396
665 12.1457 72.0431
717 12.127 71.9487
860 12.1092 71.8592
503 12.0899 71.762
948 12.0697 71.66
427 12.0491 71.5564
192 12.0283 71.4515
97 12.0092 71.3552
970 11.9891 71.2541
760 11.969 71.1525
255 11.9517 71.0656
411 11.9347 70.9798
482 11.9166 70.8887
747 11.897 70.7901
799 11.8808 70.7082
686 11.8648 70.6278
607 11.8477 70.5414
966 11.8298 70.4511
77 11.8133 70.3682
224 11.798 70.2913
734 11.7803 70.2022
517 11.7637 70.1186
667 11.7472 70.0352
939 11.7299 69.948
234 11.7299 69.948
207 11.7299 69.948
879 11.6671 69.4985
784 11.6045 69.0493
347 11.5437 68.6144
329 11.75 68.5411
381 11.9006 68.4875
219 12.0964 68.4179
338 12.2967 68.3467
400 12.5037 68.2731
487 12.7092 68.2001
113 12.9022 68.1315
552 13.0953 68.0628
443 13.2681 68.0014
888 13.4122 67.9502
429 13.3545 67.671
950 13.2958 67.387
81 13.2251 67.0449
220 13.1593 66.7264
130 13.0777 66.3319
971 13.0041 65.9757
630 12.8462 65.2116
3 12.6815 64.4147
531 12.5146 63.6071
764 12.3832 62.9712
772 12.2568 62.3596
524 12.1288 61.7402
336 11.9818 61.0291
677 11.855 60.4157
233 11.7355 59.8371
114 11.6178 59.2676
936 11.4833 58.6171
758 11.3665 58.0518
196 11.2991 57.7257
565 11.2243 57.3637
376 11.152 57.0143
972 11.0659 56.5973
925 10.9838 56.2002
131 10.902 55.8043
703 10.8143 55.3801
739 10.7204 54.9259
122 10.569 54.193
463 10.4285 53.5132
749 10.3061 52.9209
849 10.1938 52.3779
157 10.0746 51.8008
57 9.97113 51.3003
423 9.86455 50.7846
218 9.78678 50.4083
228 9.69543 49.9663
489 9.62318 49.6167
505 9.54898 49.2577
116 9.47034 48.8772
214 9.39276 48.5019
312 9.30441 48.0743
47 9.22954 47.7121
154 9.14429 47.2996
384 9.05791 46.8817
128 8.98136 46.5113
708 8.90908 46.1615
527 8.82021 45.7315
166 8.71342 45.2148
352 8.3584 43.497
514 7.62318 39.9393
898 7.46121 39.1555
499 7.46121 39.1555
10 7.46121 39.1555
476 7.46121 39.1555
283 7.46121 39.1555
87 7.46121 39.1555
330 7.46121 39.1555
46 7.46121 39.1555
710 7.46121 39.1555
125 7.69779 39.4298
958 7.87085 39.6305
133 8.04395 39.8312
700 8.27021 40.0935
86 8.46714 40.3218
328 9.23137 41.2078
698 10.5571 42.7448
542 10.7633 42.9839
909 10.9501 43.2005
182 11.1355 43.4155
990 11.2967 43.6023
652 11.4673 43.8001
373 11.6388 43.9991
616 11.8017 44.1878
148 11.9734 44.3869
534 12.1418 44.5821
863 12.2969 44.762
770 12.4634 44.955
212 12.6327 45.1513
985 12.8145 45.3621
100 13.2172 45.829
805 13.5856 46.2561
123 13.9269 46.6518
341 14.3107 47.0968
731 14.6953 47.5427
222 15.1601 48.0815
589 15.6662 48.6684
303 16.0395 48.6569
279 16.5039 48.6426
981 16.9423 48.6291
841 17.2923 48.6184
956 17.7291 48.6049
475 18.1336 48.5925
938 18.5037 48.5811
508 18.8801 48.5695
78 18.9423 48.5676
496 19.0067 48.5657
174 19.0745 48.5636
388 19.1475 48.5613
397 19.2111 48.5594
748 19.2746 48.5574
34 19.2746 48.5574
691 19.9127 48.0079
403 20.9876 47.0822
619 22.0068 46.2046
413 22.6015 45.6924
858 23.0978 45.2651
771 23.7249 44.725
391 24.4202 44.1263
655 25.2261 43.4322
438 26.014 42.7537
989 26.835 42.0468
269 26.7076 41.8578
151 26.5396 41.6083
949 26.3805 41.3722
663 26.2289 41.147
38 26.0949 40.9481
535 25.9473 40.7291
11 25.7948 40.5027
664 25.6415 40.2751
633 25.4903 40.0507
612 24.9429 39.238
525 24.4767 38.546
32 23.7921 37.5297
414 23.1779 36.618
899 22.1505 35.0927
221 21.8181 34.5993
723 21.4999 34.127
486 21.0176 33.411
943 20.5141 32.6636
65 20.0792 32.0179
869 19.6203 31.3368
602 19.0306 30.4613
284 18.4512 29.6012
661 17.9874 28.9127
268 17.5779 28.3048
474 17.1684 27.697
354 16.7894 27.1343
915 16.3647 26.5039
836 15.8795 25.7837
641 15.3519 25.0004
455 14.7986 24.1791
673 14.3598 23.5277
741 13.9203 22.8753
588 13.4994 22.2504
646 13.1235 21.6925
794 13.1235 21.6925
366 13.1006 21.5398
348 13.0808 21.4081
412 13.0619 21.2819
682 13.0425 21.1523
362 13.0241 21.0296
674 13.0057 20.907
258 12.9896 20.7996
74 12.9726 20.6863
572 12.9539 20.5619
963 12.9335 20.4261
4 12.9134 20.2917
299 12.7836 19.4267
331 12.6221 18.3501
881 12.4337 17.0942
187 12.32 16.3364
812 12.1789 15.3957
629 12.3421 15.5072
722 12.5068 15.6196
61 12.9765 15.9402
488 13.8205 16.5164
211 14.8817 17.2408
402 16.1323 18.0946
246 17.3542 18.9287
8 18.0438 19.3995
307 20.6268 21.1627
439 21.7749 21.9465
824 22.9487 22.7478
121 23.9296 23.4174
278 24.8403 24.0391
702 25.3809 24.4082
254 25.9977 24.8292
643 26.8345 25.4005
834 28.0163 26.2073
337 28.6122 26.614
822 28.7137 26.988
626 28.8131 27.3542
64 28.9206 27.7499
379 29.0421 28.1977
709 29.1527 28.6048
902 29.2673 29.0272
829 29.4431 29.6745
205 29.6032 30.2643
679 29.7524 30.8138
549 29.8836 31.297
261 30.0105 31.7645
191 30.5547 33.7689
706 31.0484 35.5874
687 31.3608 36.7382
862 31.6459 37.7885
917 31.8252 38.4489
257 31.9815 39.0245
692 32.154 39.66
811 32.3207 40.2741
783 32.4964 40.9212
529 32.6546 41.5039
566 32.849 42.2198
7 33.0204 42.8513
452 33.2123 43.5582
194 33.3662 44.1249
853 33.4937 44.5946
912 34.8556 49.6109
281 35.1781 50.7987
848 35.1781 50.7987
155 34.7292 50.964
356 34.1243 51.1867
705 32.9404 51.6227
756 32.4888 51.789
37 32.0584 51.9474
543 31.6705 52.0903
876 31.2996 52.2268
324 30.8747 52.3833
545 30.4898 52.525
510 30.1065 52.6661
797 29.7125 52.8112
59 30.2423 55.205
804 30.7799 57.6336
645 30.6603 57.7003
788 30.5365 57.7693
422 30.4115 57.8391
688 30.3023 57.9
846 30.1834 57.9663
603 30.0802 58.0239
735 29.9588 58.0916
79 29.8434 58.156
142 29.7299 58.2193
908 29.6768 58.3517
451 28.9117 60.2582
903 28.2751 61.8446
965 27.7051 63.2649
957 27.2179 64.479
720 26.6438 65.9097
733 26.0396 67.4152
162 25.2214 69.4542
361 25.2307 69.466
308 25.2401 69.478
382 25.2479 69.4879
252 25.2564 69.4987
502 25.2641 69.5085
701 25.2727 69.5196
526 25.2817 69.5309
591 25.2907 69.5424
924 25.2987 69.5527
327 25.3075 69.5638
897 25.316 69.5747
608 25.3259 69.5872
99 25.3348 69.5986
272 25.3434 69.6096
604 25.6464 69.9956
537 25.9117 70.3336
689 26.1733 70.6669
60 26.4069 70.9644
697 26.6111 71.2245
872 26.8142 71.4832
223 27.0033 71.7242
730 27.1717 71.9386
454 27.3471 72.1622
806 27.5172 72.3789
601 27.6516 72.5501
635 27.8127 72.7553
296 27.9911 72.9826
16 28.1429 73.176
501 28.2881 73.361
2 28.4615 73.5818
490 28.5948 73.7516
275 28.6134 73.7462
578 28.6323 73.7406
587 28.6527 73.7346
927 28.6722 73.7288
184 28.6913 73.7232
124 28.9578 73.6447
132 29.1756 73.5806
599 30.0064 73.336
349 30.9178 73.0677
359 32.2693 72.6698
894 33.5705 72.2867
175 34.2285 72.093
765 34.826 71.9171
80 35.2928 71.7796
493 35.7374 71.6488
226 35.863 71.6148
662 35.9923 71.5798
574 36.1208 71.545
878 36.2612 71.5071
571 36.4008 71.4693
56 36.5518 71.4284
976 36.6905 71.3909
789 36.8264 71.3541
294 38.5945 70.876
855 40.0002 70.4959
857 40.8963 70.2535
134 41.0894 70.2013
895 41.2809 70.1495
561 41.3237 70.1379
743 43.2539 69.6158
782 44.413 69.3023
769 44.9898 69.1462
986 45.4417 69.024
404 45.8574 68.9116
715 46.3867 68.7684
163 46.9431 68.6179
676 47.5747 68.447
84 48.2244 68.2713
235 48.7758 68.1221
558 49.3373 67.9702
683 49.9262 67.8109
459 50.6413 67.6175
779 51.9627 67.2601
393 53.9737 66.7161
173 54.938 66.4553
109 55.6241 66.2697
460 56.429 66.0519
647 57.1842 65.8477
654 57.8428 65.6695
798 57.8408 65.5826
968 57.839 65.5067
286 57.8371 65.4231
668 57.8356 65.3565
216 57.8339 65.2839
515 57.8324 65.2145
632 57.8308 65.1476
340 57.829 65.0693
478 57.8272 64.9879
582 57.8256 64.9173
605 57.8235 64.829
186 57.8213 64.7309
577 57.8197 64.6641
793 57.8183 64.5988
625 57.817 64.5423
509 57.8158 64.4896
282 57.8143 64.426
112 57.8129 64.3664
68 57.8114 64.3007
987 57.81 64.2376
942 57.8083 64.1625
907 56.9857 63.9341
293 56.1296 63.6963
810 55.2455 63.4508
440 54.3595 63.2047
621 53.3058 62.912
519 52.6834 62.7391
597 52.086 62.5732
791 51.5904 62.4356
208 51.1099 62.3021
468 50.4926 62.1307
617 49.8522 61.9528
762 49.1958 61.7705
964 48.2577 61.51
127 47.0097 61.1633
453 46.3331 60.9754
342 45.4836 60.7395
461 45.4599 60.7329
843 45.4376 60.7267
237 44.9751 60.5983
922 44.6064 60.4959
54 44.2844 60.4065
596 43.965 60.3178
365 43.6697 60.2358
471 43.3899 60.1581
291 43.1129 60.0812
945 42.8542 60.0094
523 42.5948 59.9373
161 42.3232 59.8619
498 41.9572 59.7603
484 41.5884 59.6579
30 40.9883 59.4913
910 40.4654 59.3461
410 39.9267 59.1965
21 39.3276 59.0301
533 38.8343 58.8932
370 38.3361 58.7548
576 37.8302 58.6144
104 37.2712 58.4591
302 36.689 58.2975
729 36.6094 58.2754
929 36.5384 58.2557
507 36.4666 58.2357
901 36.4666 58.2357
101 36.4666 58.2357
891 36.4666 58.2357
390 36.4666 58.2357
147 36.4666 58.2357
210 36.4666 58.2357
913 36.4666 58.2357
640 36.7759 58.1092
180 37.144 57.9587
267 37.451 57.8331
512 37.8763 57.6591
732 38.1113 57.563
522 38.3561 57.4629
809 38.5636 57.378
137 38.7789 57.29
839 39.0282 57.188
778 39.2966 57.0782
171 39.5587 56.971
264 40.6007 56.5448
49 41.5503 56.1564
89 42.6784 55.695
66 51.4473 52.1084
906 51.6261 52.0353
875 51.7895 51.9684
63 51.9454 51.9047
262 52.096 51.8431
85 52.2459 51.7818
69 52.3911 51.7224
923 52.5333 51.6642
35 52.695 51.5981
623 52.8639 51.529
844 53.027 51.4623
926 55.9812 51.0056
870 56.4222 50.9374
188 56.9237 50.8599
492 57.4398 50.7801
472 58.0449 50.6865
656 63.9341 49.7762
420 64.7585 49.6488
396 65.0801 49.38
609 65.4742 49.0506
466 65.6025 48.9434
644 65.7162 48.8484
190 65.8338 48.7501
425 65.9703 48.636
357 66.08 48.5443
842 66.1914 48.4512
70 66.305 48.3563
538 66.4203 48.2599
745 66.5895 48.1185
606 66.5895 48.1185
43 66.5895 48.1185
941 66.5895 48.1185
485 66.5895 48.1185
102 66.5895 48.1185
553 66.5895 48.1185
117 66.5895 48.1185
967 66.5895 48.1185
850 66.3195 47.8911
29 66.0111 47.6315
232 65.6812 47.3537
314 65.3548 47.0788
583 65.076 46.8441
323 63.7597 45.7358
670 62.3649 44.5613
751 57.6851 40.6209
6 55.8787 39.0999
781 55.6132 38.8763
681 55.3576 38.6612
634 55.1259 38.4661
45 54.8859 38.2639
930 54.6188 38.039
217 54.3594 37.8206
458 54.0712 37.5779
355 53.7982 37.348
978 53.5347 37.1262
197 53.2401 36.8782
675 52.9755 36.6554
289 52.3207 36.104
358 52.0684 35.8915
594 51.7773 35.6464
828 51.4321 35.3558
377 51.0886 35.0665
27 50.6895 34.7305
421 50.2778 34.3838
419 49.8943 34.0609
935 49.6499 33.8552
480 49.4032 33.6474
276 49.4032 33.6474
209 48.9267 33.0399
55 48.4822 32.4731
716 48.0389 31.9081
19 47.3526 31.0331
865 46.5505 30.0105
790 45.7232 28.9557
787 41.676 23.7961
785 41.676 23.7961
164 41.6109 23.6079
873 41.5447 23.4167
555 41.4752 23.2155
26 41.3481 22.8481
250 41.2362 22.5246
310 41.0897 22.1008
160 40.9655 21.7416
586 40.8221 21.3271
883 40.6242 20.7547
467 40.4505 20.2525
363 40.2206 19.5876
653 40.0591 19.1206
934 39.894 18.6432
287 39.6884 18.0486
407 39.5226 17.5693
111 39.3862 17.1748
573 39.2275 16.7158
669 39.0752 16.2754
704 40.0142 16.2362
518 41.0762 16.1919
351 41.911 16.157
176 56.3616 15.554
295 58.2165 15.4766
103 59.5218 15.4221
581 60.612 16.292
24 61.6071 17.086
777 62.3959 17.7153
504 63.3184 18.4514
598 64.1439 19.11
959 64.9053 19.7174
831 65.6536 20.3145
821 66.4137 20.921
819 69.6515 20.7015
