0,260,979,243,483,345,627,590,520,33,98,274,835,951,497,387,932,170,334,242,107,977,136,198,884,838,684,528,900,506,332,579,18,975,837,110,201,420,383,385,852,51,311,685,372,450,660,889,928,983,473,648,740,322,25,204,864,725,149,820,580,42,818,318,285,251,666,135,494,158,353,893,52,159,775,417,737,817,185,620,845,854,273,816,575,742,464,297,145,823,71,481,83,744,465,622,813,727,290,477,690,567,378,395,937,987,832,654,369,509,9,173,460,317,931,415,193,895,343,259,319,140,94,921,12,315,861,582,408,179,801,800,802,814,305,313,659,229,564,280,851,437,984,118,887,980,40,763,202,511,516,156,239,62,177,952,245,992,618,856,774,961,23,911,896,541,584,344,434,544,536,181,375,309,449,866,713,105,206,532,367,559,738,5,139,320,882,754,624,470,880,165,918,947,146,766,530,215,129,416,271,389,539,22,877,746,392,773,72,448,707,265,409,20,613,611,548,960,631,120,53,28,808,752,874,974,73,230,172,231,569,13,714,761,593,15,288,462,442,786,491,17,76,44,150,833,610,306,441,456,36,183,768,138,651,933,115,430,521,227,776,304,557,405,106,914,213,988,678,711,380,750,973,827,236,1,247,969,200,435,368,753,244,696,885,712,386,693,399,199,871,184,446,780,364,719,48,792,203,444,108,886,953,556,657,39,95,615,178,830,759,316,560,890,718,426,815,169,982,892,736,401,547,75,436,554,585,868,263,153,90,570,803,31,300,628,699,905,447,346,374,728,944,361,339,431,546,433,400,502,220,321,81,326,398,796,500,219,162,680,333,240,639,457,948,325,429,249,338,418,578,113,637,568,955,301,424,551,88,872,495,58,695,93,167,916,946,50,697,394,92,124,649,428,96,253,241,141,638,672,689,2,919,859,266,550,795,252,757,41,168,454,360,490,469,825,99,487,888,479,726,608,600,526,950,658,60,16,806,574,493,132,587,443,390,349,79,599,21,645,601,971,537,897,604,954,927,571,34,365,275,924,501,404,635,912,640,910,683,171,732,163,370,264,929,809,576,308,291,54,743,175,894,804,724,563,614,296,789,730,878,807,359,350,562,225,484,226,292,270,755,189,840,540,976,294,591,223,256,857,671,632,940,769,642,406,335,636,82,561,782,248,144,826,126,91,109,662,715,410,779,986,855,617,453,558,56,134,596,471,523,80,459,597,293,577,282,235,621,127,396,492,188,875,964,342,843,623,262,798,676,281,810,84,605,186,286,112,625,440,238,538,968,762,468,668,847,432,208,498,791,515,216,647,513,161,478,904,962,68,393,152,650,67,867,656,340,767,595,232,592,583,195,357,967,644,553,670,920,143,29,323,466,745,842,926,70,102,850,941,942,425,609,594,85,485,793,35,117,907,519,43,675,314,606,945,66,978,217,930,190,19,716,101,458,461,923,69,906,566,603,778,210,147,89,508,522,49,180,876,891,194,11,862,692,989,748,438,414,397,687,472,421,848,257,811,160,917,197,679,276,155,512,356,790,452,278,475,32,908,65,723,391,797,388,543,37,151,619,549,480,486,7,913,869,706,612,125,38,476,655,302,525,664,510,758,735,137,903,788,765,413,858,756,545,698,729,507,633,691,846,269,30,533,267,901,733,720,839,957,552,965,451,382,237,922,705,104,535,565,403,148,534,233,949,771,352,142,688,196,182,589,373,652,228,114,938,956,422,303,59,677,336,324,524,3,329,981,279,747,703,234,327,376,630,411,739,131,701,130,482,764,97,207,925,531,347,799,784,879,192,77,966,607,427,224,686,445,503,860,717,665,298,991,277,694,14,119,381,272,970,371,939,667,517,734,255,972,505,749,849,218,760,542,805,157,936,772,330,154,47,312,214,116,100,174,909,222,731,341,123,616,328,990,122,166,489,384,841,527,708,128,283,898,958,46,86,57,463,133,10,700,87,985,212,770,863,663,499,205,121,943,836,78,496,423,829,602,673,402,899,824,661,268,641,439,354,709,915,307,741,221,488,643,254,702,588,474,4,299,514,963,572,74,455,331,794,682,412,258,348,187,646,362,674,722,211,366,710,61,629,881,812,287,669,111,363,351,8,573,518,337,261,834,902,407,246,64,822,310,467,883,284,289,586,934,704,379,626,209,935,783,865,853,529,164,787,26,191,250,870,555,355,55,785,873,844,63,828,358,751,377,821,295,959,45,634,681,781,6,831,819,27,653,419,176,24,598,103,504,777,581,721,
value : 527.543 running time : 31.974463
0 80 20
260 86.2684 17.5916
979 86.2684 17.5916
243 86.2684 17.5916
483 86.2684 17.5916
345 86.167 19.4951
627 86.0756 21.211
590 85.7031 28.2046
520 85.5612 30.868
33 85.4691 32.5985
98 85.3778 34.3125
274 85.1236 39.0837
835 84.9292 42.7336
951 84.5857 49.1841
497 84.3238 54.0998
387 83.9665 54.6785
932 83.6447 55.1997
170 83.3376 55.6969
334 82.987 56.2648
242 82.7057 56.7203
107 82.4222 57.1793
977 82.0802 57.7331
136 81.7683 58.2382
198 81.3998 58.835
884 81.0094 59.4672
838 80.3915 60.4678
684 79.5594 61.8155
528 78.5804 63.4014
900 78.189 64.035
506 77.8764 64.5413
332 76.2206 67.2238
579 74.5944 69.8581
18 73.2419 72.0489
975 73.2419 72.0489
837 73.2419 72.0489
110 73.2419 72.0489
201 73.2419 72.0489
420 73.2419 72.0489
383 74.0953 72.8007
385 74.9633 73.5655
852 75.8081 74.3097
51 77.4251 75.7344
311 83.0664 80.7076
685 85.0055 82.4163
372 85.9989 83.2914
450 85.9989 83.2914
660 85.8385 83.552
889 84.4716 85.7745
928 83.1655 87.8978
983 82.9906 88.182
473 82.9906 88.182
648 82.9906 88.182
740 82.9906 88.182
322 82.9906 88.182
25 82.9906 88.182
204 81.9904 86.2533
864 79.7339 86.8927
725 77.9104 87.4093
149 75.6541 88.0486
820 75.5809 88.0693
580 75.5031 88.0914
42 75.4313 88.1117
818 75.4313 88.1117
318 75.4313 88.1117
285 75.4313 88.1117
251 75.4313 88.1117
666 75.4313 88.1117
135 75.4313 88.1117
494 74.7622 87.9334
158 74.0299 87.7383
353 73.3477 87.5565
893 72.6972 87.3831
52 71.3633 87.0276
159 70.3188 86.7493
775 69.0059 86.3994
417 67.6773 86.0454
737 65.8379 85.5552
817 65.8379 85.5552
185 65.8379 85.5552
620 65.8379 85.5552
845 65.7451 85.4552
854 65.6542 85.3573
273 65.5379 85.232
816 65.4156 85.1002
575 65.3095 84.9859
742 65.2303 84.9005
464 65.108 84.7687
297 64.9649 84.6145
145 64.841 84.481
823 64.7103 84.3401
71 64.5657 84.1843
481 64.4294 84.0374
83 64.2918 83.8891
744 64.1566 83.7435
465 64.0409 83.6188
622 63.919 83.4875
813 63.7858 83.3439
727 63.6012 83.145
290 63.4716 83.0053
477 63.3714 82.8973
690 63.2529 82.7697
567 63.1305 82.6377
378 62.9933 82.4899
395 62.8625 82.3489
937 62.7343 82.2108
987 62.5817 82.0464
832 62.4552 81.91
654 62.3337 81.7791
369 62.2142 81.6503
509 62.0845 81.5105
9 61.9599 81.3764
173 61.842 81.2492
460 60.8094 81.88
317 59.6754 82.5726
931 58.5559 83.2563
415 57.335 84.002
193 56.2746 84.6497
895 55.9088 84.8732
343 55.5365 85.1006
259 55.397 85.1858
319 55.2459 85.2781
140 55.113 85.3592
94 54.9837 85.4382
921 54.8409 85.5255
12 54.7007 85.6111
315 54.5601 85.697
861 54.3843 85.8043
582 54.2247 85.9018
408 54.029 86.0214
179 53.8598 86.1247
801 53.699 86.2229
800 53.5007 86.3441
802 53.2794 86.4792
814 53.052 86.6181
305 52.858 86.7366
313 52.6838 86.843
659 52.5012 86.9545
229 52.3414 87.0522
564 52.1429 87.1734
280 51.9609 87.2845
851 51.7581 87.4084
437 51.5468 87.5374
984 51.8175 87.7602
118 52.0105 87.9191
887 52.1969 88.0725
980 52.3873 88.2293
40 52.5623 88.3733
763 52.7336 88.5144
202 52.9448 88.6882
511 53.1308 88.8413
516 53.3062 88.9857
156 53.4899 89.1369
239 53.6794 89.2929
62 53.8884 89.465
177 54.1007 89.6397
952 54.284 89.7906
245 54.4742 89.9472
992 54.6896 90.1245
618 54.866 90.2697
856 55.058 90.4277
774 55.2243 90.5646
961 55.4074 90.7153
23 55.6041 90.8772
911 55.7891 91.0296
896 55.9522 91.1638
541 56.1154 91.2981
584 56.2998 91.45
344 56.4658 91.5866
434 56.6235 91.7164
544 56.7813 91.8463
536 52.2579 91.8795
181 49.1867 91.902
375 48.8741 91.9043
309 48.5589 91.9066
449 48.2697 91.9087
866 47.9981 91.9107
713 47.7312 91.9127
105 47.4576 91.9147
206 47.1774 91.9168
532 46.9215 91.9186
367 46.6524 91.9206
559 46.303 91.9232
738 45.9645 91.9257
5 45.6973 91.9276
139 45.4111 91.9297
320 45.3682 91.93
882 45.3187 91.9304
754 45.2681 91.9308
624 45.2077 91.9312
470 45.1422 91.9317
880 45.0964 91.932
165 43.613 91.9429
918 42.0446 91.9544
947 41.8203 91.9561
146 41.5101 91.9583
766 41.2335 91.9604
530 40.9534 91.9624
215 40.6333 91.9648
129 40.3302 91.967
416 40.0281 91.9692
271 39.7264 91.9714
389 39.4601 91.9734
539 39.153 91.9756
22 38.8378 91.9779
877 38.5377 91.9801
746 38.2522 91.9822
392 37.8343 91.9853
773 37.4264 91.9883
72 37.1014 91.9907
448 36.7652 91.9931
707 36.4047 91.9958
265 36.0507 91.9984
409 35.6414 92.0014
20 35.5399 92.0021
613 35.4441 92.0028
611 35.3361 92.0036
548 35.2451 92.0043
960 35.1428 92.005
631 35.0408 92.0058
120 34.9481 92.0065
53 34.8616 92.0071
28 34.7584 92.0079
808 34.6746 92.0085
752 34.5942 92.0091
874 34.5119 92.0097
974 33.7764 92.0151
73 32.9992 92.0208
230 32.3345 92.0256
172 31.5969 92.0311
231 30.7505 92.0373
569 29.8576 92.0438
13 27.8353 92.0587
714 27.2273 92.0631
761 26.7 92.067
593 26.1454 92.0711
15 25.6271 92.0749
288 25.1978 92.078
462 24.7399 92.0814
442 24.3517 92.0843
786 24.0647 92.0864
491 23.6926 92.0891
17 23.3354 92.0917
76 23.0322 92.0939
44 22.6881 92.0965
150 22.3562 92.0989
833 21.97 92.1017
610 21.6138 92.1044
306 21.2322 92.1072
441 20.8246 92.1101
456 20.4299 92.113
36 20.0448 92.1159
183 19.6139 92.119
768 19.2 92.1221
138 18.734 92.1255
651 18.3724 92.1282
933 17.9647 92.1311
115 17.5626 92.1341
430 17.1848 92.1369
521 16.6722 92.1406
227 16.0509 92.1452
776 15.412 92.1499
304 14.7299 92.1549
557 14.0936 92.1596
405 13.3893 92.1647
106 12.7926 92.1691
914 12.2738 92.1729
213 11.7647 92.1767
988 11.8084 92.1271
678 11.8829 92.0426
711 11.9568 91.9588
380 12.0286 91.8773
750 12.1047 91.791
973 12.1811 91.7043
827 12.2468 91.6298
236 12.3239 91.5423
1 12.3973 91.4591
247 12.4682 91.3786
969 12.5321 91.3061
200 12.6005 91.2285
435 12.6752 91.1437
368 12.7717 91.0342
753 12.8485 90.9472
244 12.9241 90.8613
696 12.9943 90.7818
885 12.8724 90.5617
712 12.7398 90.3221
386 12.5958 90.0619
693 12.4517 89.8018
399 12.3159 89.5565
199 12.1939 89.336
871 12.0769 89.1247
184 11.8735 88.7573
446 11.7257 88.4903
780 11.5658 88.2016
364 11.4304 87.957
719 11.2819 87.6887
48 11.14 87.4323
792 10.9976 87.1751
203 10.8594 86.9256
444 10.7335 86.6981
108 10.6082 86.4719
886 10.4788 86.2381
953 10.3457 85.9977
556 10.1936 85.7229
657 10.0758 85.5101
39 10.0758 85.5101
95 10.0758 85.5101
615 10.0758 85.5101
178 10.0758 85.5101
830 10.0758 85.5101
759 10.0758 85.5101
316 10.0758 85.5101
560 10.0758 85.5101
890 10.0758 85.5101
718 10.0758 85.5101
426 10.0758 85.5101
815 10.0758 85.5101
169 10.0758 85.5101
982 10.0758 85.5101
892 10.0758 85.5101
736 10.0758 85.5101
401 10.0758 85.5101
547 10.0758 85.5101
75 10.0758 85.5101
436 10.0758 85.5101
554 10.0758 85.5101
585 10.0758 85.5101
868 10.0758 85.5101
263 10.2157 85.2397
153 10.3587 84.9633
90 10.5028 84.6849
570 10.6396 84.4205
803 10.7684 84.1716
31 10.9168 83.8846
300 11.0437 83.6395
628 11.1896 83.3575
699 11.3371 83.0723
905 11.486 82.7847
447 11.6344 82.4977
346 11.832 82.1159
374 11.9941 81.8025
728 12.1414 81.5179
944 12.293 81.2249
361 12.4865 80.8508
339 12.6435 80.5474
431 12.7887 80.2667
546 12.9288 79.9961
433 13.1026 79.6601
400 13.2933 79.2916
502 13.4661 78.9576
220 13.6201 78.66
321 13.7602 78.3891
81 13.9348 78.0516
326 13.9348 78.0516
398 13.9348 78.0516
796 13.9348 78.0516
500 13.9348 78.0516
219 13.9348 78.0516
162 13.9748 78.169
680 14.0161 78.2905
333 14.0633 78.429
240 14.1008 78.5392
639 14.1353 78.6403
457 14.2014 78.8345
948 14.2657 79.0233
325 14.3422 79.2481
429 14.4075 79.4398
249 14.4842 79.6651
338 14.5431 79.8382
418 14.7445 80.4294
578 14.8771 80.8191
113 15.0088 81.2058
637 15.1774 81.7011
568 15.3202 82.1203
955 15.5597 82.0891
301 15.7925 82.0588
424 17.1732 81.879
551 18.3512 81.7256
88 19.6046 81.5625
872 20.9338 81.3894
495 21.373 81.3322
58 21.898 81.2638
695 22.4242 81.1953
93 22.9826 81.1225
167 23.7271 81.0256
916 24.3382 80.946
946 25.1652 80.8383
50 25.9654 80.7341
697 27.0216 80.5965
394 28.0886 80.4576
92 28.0886 80.4576
124 28.0886 80.4576
649 28.0886 80.4576
428 28.0886 80.4576
96 28.0886 80.4576
253 28.1193 80.3375
241 28.1516 80.2113
141 28.1814 80.0949
638 28.2123 79.974
672 28.2438 79.851
689 28.2809 79.7061
2 28.3097 79.5936
919 28.3387 79.4802
859 28.3671 79.3692
266 28.4035 79.2268
550 28.4339 79.1081
795 28.4641 78.9901
252 28.5023 78.8411
757 28.5345 78.7152
41 28.5684 78.5826
168 28.6028 78.4483
454 28.6377 78.3117
360 28.6685 78.1916
490 28.711 78.0254
469 28.756 77.8494
825 28.81 77.6386
99 28.9086 77.2533
487 28.9931 76.9229
888 29.0908 76.5411
479 29.1798 76.1936
726 29.2732 75.8282
608 29.3662 75.465
600 29.4776 75.0298
526 29.5847 74.6109
950 29.6817 74.232
658 29.7782 73.8549
60 29.8778 73.4659
16 29.9859 73.0433
806 30.1029 72.5861
574 30.2433 72.0376
493 30.3859 71.48
132 30.451 71.2256
587 30.5098 70.9959
443 30.5653 70.7788
390 30.646 70.4636
349 30.7197 70.1755
79 30.7896 69.9024
599 30.8281 69.7521
21 30.8643 69.6107
645 30.9039 69.456
601 30.9393 69.3174
971 30.975 69.1778
537 31.01 69.0412
897 31.0526 68.8746
604 31.0584 68.8522
954 31.0648 68.827
927 31.0729 68.7955
571 31.0804 68.7659
34 31.0887 68.7337
365 31.3871 68.675
275 31.6082 68.6314
924 31.8723 68.5794
501 32.2946 68.4962
404 32.7216 68.4121
635 33.0613 68.3452
912 33.7069 68.218
640 34.2764 68.1058
910 34.9918 67.9649
683 35.6543 67.8344
171 36.2339 67.7202
732 36.8121 67.6063
163 37.3171 67.5068
370 37.8223 67.4073
264 37.9513 67.4839
929 38.0701 67.5545
809 38.2155 67.6409
576 38.3656 67.73
308 38.5065 67.8137
291 38.6601 67.9049
54 38.8194 67.9995
743 38.9924 68.1023
175 38.7512 68.7621
894 38.5141 69.4107
804 38.2847 70.0379
724 37.999 70.8196
563 37.7406 71.5264
614 37.5219 72.1247
296 37.3195 72.6782
789 37.3195 72.6782
730 37.3735 72.7368
878 37.4296 72.7977
807 37.491 72.8644
359 37.5416 72.9194
350 37.6058 72.9891
562 37.6677 73.0563
225 37.7179 73.1107
484 37.7741 73.1718
226 37.8317 73.2344
292 37.893 73.3009
270 37.9483 73.3609
755 38.0074 73.4251
189 38.0609 73.4832
840 38.1152 73.5422
540 38.1669 73.5984
976 38.2218 73.658
294 38.2798 73.7209
591 38.331 73.7765
223 38.3913 73.842
256 38.4552 73.9114
857 44.0597 73.5085
671 46.7242 73.317
632 46.7111 73.3069
940 46.6984 73.2971
769 46.6854 73.2871
642 46.672 73.2768
406 46.6589 73.2667
335 46.646 73.2568
636 46.5673 73.1962
82 46.4873 73.1345
561 46.4129 73.0773
782 46.3491 73.0281
248 46.2765 72.9722
144 46.2056 72.9176
826 46.1421 72.8687
126 46.0777 72.8191
91 46.0122 72.7687
109 45.9428 72.7152
662 45.8614 72.6525
715 46.0923 72.0503
410 46.3125 71.4762
779 46.5054 70.9728
986 46.6931 70.4835
855 46.8914 69.9663
617 47.0815 69.4704
453 47.2541 69.0202
558 47.4217 68.5832
56 47.5762 68.1802
134 47.7436 67.7436
596 47.9289 67.2604
471 48.2028 66.546
523 48.3975 66.0381
80 48.6166 65.4668
459 49.044 64.3521
597 49.5447 63.0461
293 49.9387 62.0185
577 50.1888 61.3663
282 50.4148 60.7767
235 50.6511 60.1605
621 50.9559 59.3656
127 51.26 58.5724
396 51.486 58.1418
492 51.6948 57.7443
188 51.876 57.3992
875 52.0665 57.0362
964 52.1284 57.3512
342 52.1709 57.5674
843 52.2262 57.8486
623 52.2885 58.1652
262 52.3562 58.5098
798 52.4356 58.9136
676 52.5067 59.2758
281 52.567 59.5825
810 52.6315 59.9105
84 52.6988 60.2527
605 52.762 60.5742
186 52.8111 60.8241
286 52.8687 61.1173
112 52.9355 61.457
625 52.9808 61.6875
440 53.0312 61.9439
238 53.0779 62.1814
538 53.1229 62.4102
968 53.1761 62.6812
762 53.2268 62.939
468 53.2771 63.1949
668 53.3288 63.4581
847 53.3808 63.7224
432 53.3958 63.7987
208 53.409 63.8658
498 53.4209 63.9266
791 53.436 64.0034
515 53.4516 64.0828
216 53.4669 64.1604
647 53.4829 64.2419
513 53.5004 64.3312
161 55.9922 63.5599
478 58.8427 62.6774
904 60.8697 62.05
962 62.1358 61.6581
68 62.2502 61.3543
393 62.3581 61.0679
152 62.4651 60.7838
650 62.5927 60.445
67 62.7165 60.116
867 62.8456 59.7735
656 63.1663 58.9219
340 63.4386 58.1987
767 64.083 56.4879
595 64.6808 54.9008
232 65.9105 51.6374
592 66.4507 50.2032
583 66.5327 49.9854
195 66.6276 49.7333
357 66.6975 49.5478
967 66.7689 49.3582
644 66.8373 49.1766
553 66.9112 48.9804
670 66.9897 48.7719
920 67.0624 48.5789
143 67.0624 48.5789
29 67.0624 48.5789
323 67.0624 48.5789
466 67.0624 48.5789
745 67.0624 48.5789
842 66.8198 48.5945
926 66.6103 48.608
70 66.4061 48.6212
102 66.2173 48.6334
850 66.0322 48.6454
941 65.8332 48.6582
942 65.6224 48.6718
425 65.4362 48.6838
609 65.1722 48.7008
594 64.2001 48.7635
85 63.4826 48.8098
485 62.9142 48.8465
793 62.2986 48.8863
35 62.2986 48.8863
117 62.2986 48.8863
907 62.2986 48.8863
519 61.6649 48.7557
43 61.1273 48.6449
675 60.6144 48.5392
314 60.0776 48.4286
606 59.5037 48.3103
945 58.8025 48.1658
66 58.5051 48.1045
978 58.264 48.0548
217 58.0121 48.0029
930 57.7517 47.9492
190 57.515 47.9004
19 51.2071 46.5996
716 50.3259 46.418
101 49.5127 46.2505
458 48.6554 46.0738
461 47.3015 45.7948
923 46.3172 45.592
69 44.9859 45.3176
906 43.5246 45.0165
566 41.3508 44.5684
603 39.397 44.1658
778 39.2142 44.1281
210 39.0428 44.0928
147 38.8451 44.052
89 38.6598 44.0138
508 38.5574 43.9062
522 38.4663 43.8105
49 38.3676 43.7067
180 38.2696 43.6037
876 38.1642 43.4929
891 38.0625 43.386
194 37.9486 43.2663
11 37.818 43.129
862 37.7187 43.0246
692 37.6098 42.9101
989 37.506 42.801
748 37.394 42.6833
438 37.2847 42.5684
414 37.1991 42.4784
397 37.1171 42.3922
687 37.0489 42.3205
472 36.9858 42.2542
421 36.8814 42.1444
848 36.7845 42.0425
257 36.6681 41.9203
811 36.5591 41.8056
160 36.4596 41.7011
917 36.4596 41.7011
197 36.4596 41.7011
679 36.3911 41.712
276 36.3396 41.7202
155 35.8859 41.7924
512 35.3988 41.8699
356 34.8137 41.9631
790 34.181 42.0638
452 33.4619 42.1782
278 32.197 42.3796
475 30.7946 42.6028
32 29.7367 42.7712
908 29.1538 42.864
65 28.6258 42.9481
723 28.6256 42.9516
391 28.6255 42.9552
797 28.6254 42.9584
388 28.6253 42.9618
543 28.6251 42.9652
37 28.625 42.9684
151 28.6249 42.9717
619 28.6248 42.975
549 28.6247 42.9779
480 28.6246 42.9813
486 28.6245 42.9843
7 28.6244 42.9874
913 28.6243 42.9902
869 28.6242 42.9926
706 28.6241 42.9952
612 28.624 42.9975
125 28.6239 42.9998
38 28.5921 43.8609
476 28.56 44.7274
655 28.5248 45.6819
302 28.4865 46.7169
525 28.4488 47.7351
664 28.4105 48.7721
510 28.3588 50.1709
758 28.3129 51.4127
735 28.261 52.8158
137 28.2169 54.009
903 28.1841 54.8972
788 28.1612 55.5163
765 28.1404 56.0773
413 28.0796 56.1161
858 28.0035 56.1648
756 27.9401 56.2054
545 27.8728 56.2484
698 27.8011 56.2943
729 27.7385 56.3344
507 27.6747 56.3752
633 27.6116 56.4155
691 27.5444 56.4585
846 27.4877 56.4947
269 27.4372 56.5271
30 27.3823 56.5622
533 27.3193 56.6025
267 27.1403 56.7169
901 26.9636 56.83
733 26.7987 56.9354
720 26.6422 57.0355
839 26.4989 57.1272
957 26.3284 57.2363
552 26.1487 57.3512
965 26.1487 57.3512
451 26.1487 57.3512
382 26.1487 57.3512
237 26.1487 57.3512
922 26.1145 57.3347
705 26.0751 57.3157
104 26.0429 57.3002
535 23.5894 56.1173
565 22.425 55.5558
403 21.526 55.1223
148 20.6813 54.715
534 20.4617 54.6091
233 20.2699 54.5166
949 20.0422 54.4068
771 19.8351 54.3069
352 19.6352 54.2105
142 19.4479 54.1202
688 19.2585 54.0289
196 19.0295 53.9184
182 18.7897 53.8028
589 18.5682 53.696
373 18.3347 53.5834
652 18.1335 53.4864
228 17.9967 53.4204
114 17.7567 54.076
938 17.6 54.5041
956 17.4365 54.9507
422 17.2735 55.3958
303 17.1132 55.8335
59 16.9539 56.2686
677 16.7879 56.7221
336 16.6257 57.165
324 16.4565 57.6274
524 16.2604 58.1626
3 16.0889 58.6311
329 15.9416 59.0334
981 15.8014 59.4166
279 15.6555 59.815
747 15.4813 60.2907
703 15.3172 60.739
234 15.1546 61.1828
327 15.1546 61.1828
376 14.6823 61.4449
630 14.2848 61.6655
411 13.897 61.8806
739 13.4675 62.1189
131 13.0424 62.3548
701 12.6369 62.5798
130 11.9786 62.945
482 11.2566 63.3456
764 10.536 63.7453
97 9.64124 64.2418
207 8.71669 64.7548
925 8.6975 64.7654
531 8.6762 64.7773
347 8.65415 64.7895
799 8.63315 64.8011
784 8.6134 64.8121
879 8.59165 64.8242
192 8.56972 64.8363
77 8.54301 64.8512
966 8.51751 64.8653
607 8.49409 64.8783
427 8.47149 64.8909
224 8.44688 64.9045
686 8.44688 64.9045
445 8.44688 64.9045
503 8.44688 64.9045
860 8.44688 64.9045
717 8.44688 64.9045
665 8.44688 64.9045
298 8.44688 64.9045
991 8.44688 64.9045
277 8.44617 64.5673
694 8.44552 64.2565
14 8.44482 63.9262
119 8.44415 63.6046
381 8.44347 63.2842
272 8.44276 62.9459
970 8.44205 62.6095
371 8.44138 62.29
939 8.44068 61.962
667 8.44002 61.6491
517 8.43893 61.1309
734 8.43766 60.5302
255 8.43626 59.8677
972 8.43454 59.0514
505 8.43297 58.3076
749 8.43169 57.701
849 8.43075 57.2584
218 8.42982 56.8186
760 8.42889 56.3811
542 8.4278 55.8619
805 8.42682 55.3968
157 8.42584 54.9344
936 8.42501 54.5405
772 8.42419 54.1573
330 8.41726 50.8807
154 8.41674 50.633
47 8.41625 50.4011
312 8.4157 50.1426
214 8.41524 49.922
116 8.41469 49.663
100 8.41416 49.4103
174 8.41358 49.1382
909 8.413 48.8595
222 8.4124 48.5776
731 8.4118 48.2913
341 8.41126 48.0371
123 8.41068 47.7619
616 8.41013 47.4973
328 8.40961 47.2548
990 8.40919 47.0552
122 8.40882 46.8792
166 8.40808 46.5289
489 8.40719 46.1079
384 8.40625 45.6634
841 8.40549 45.3034
527 8.4047 44.9298
708 8.40367 44.4438
128 8.39994 42.6786
283 8.39527 40.4632
898 8.39093 38.4116
958 8.39093 38.4116
46 8.39093 38.4116
86 8.39093 38.4116
57 8.39093 38.4116
463 8.62141 38.2648
133 8.86191 38.1116
10 9.09442 37.9634
700 9.31699 37.8217
87 9.52148 37.6914
985 9.72353 37.5627
212 9.91674 37.4397
770 10.1279 37.3052
863 10.3463 37.1661
663 10.5852 37.0138
499 10.7859 36.886
205 11.2881 36.566
121 11.3857 36.5039
943 11.3857 36.5039
836 11.3857 36.5039
78 11.3857 36.5039
496 11.3857 36.5039
423 12.2336 34.8283
829 13.3939 32.5353
602 14.3011 30.7427
673 14.784 29.7885
402 15.2807 28.8071
899 15.7221 27.935
824 16.1196 27.1495
661 16.3464 26.7015
268 16.5737 26.2524
641 16.8365 25.7332
439 17.1077 25.1972
354 17.336 24.7462
709 17.5695 24.2848
915 17.4257 23.9619
307 17.2735 23.6201
741 17.0124 23.0339
221 16.7988 22.5542
488 14.83 18.1339
643 14.44 18.3899
254 13.9691 18.6989
702 13.4476 19.0412
588 12.7669 19.4879
474 12.0446 19.9619
4 11.2178 20.5045
299 10.6755 20.8605
514 10.1578 21.2002
963 10.2501 20.9758
572 10.3401 20.7569
74 10.4326 20.5321
455 10.5325 20.2891
331 10.633 20.0448
794 10.7313 19.8057
682 10.8832 19.4363
412 11.0114 19.1247
258 11.1336 18.8274
348 11.2793 18.4732
187 11.4013 18.1764
646 11.5414 17.8358
362 11.6766 17.5069
674 11.8185 17.1618
722 11.9591 16.8201
211 12.0425 16.6172
366 12.1219 16.424
710 12.1963 16.2431
61 12.3167 15.9503
629 12.446 15.636
881 12.5661 15.3438
812 12.6819 15.0622
287 27.3726 14.4645
669 28.0131 14.4384
111 28.6275 14.4134
363 29.1217 14.3933
351 29.5692 14.3751
8 29.9852 14.3582
573 32.091 14.2725
518 33.8059 14.2027
337 33.7037 16.1276
261 33.61 17.8917
834 33.541 19.1894
902 33.5234 19.5192
407 33.7132 19.9662
246 33.9596 20.5465
64 34.2284 21.1798
822 34.5139 21.8524
310 34.777 22.4721
467 35.0787 23.1829
883 35.3082 23.7235
284 35.5577 24.3113
289 35.8939 25.1032
586 36.1472 25.6999
934 36.3498 26.1771
704 36.5474 26.6426
379 36.9566 27.6066
626 37.3424 28.5155
209 38.2995 30.7702
935 38.8443 32.0536
783 39.2543 33.0192
865 39.6178 32.8987
853 39.8945 32.8069
529 40.1891 32.7093
164 40.5618 32.5858
787 40.7542 32.5219
26 41.1326 32.3965
191 42.6183 32.3611
250 44.6187 32.3134
870 46.3679 32.2717
555 46.7519 32.2625
355 47.1401 32.2532
55 47.4684 32.2454
785 47.7709 32.2382
873 48.0819 32.2308
844 48.3992 32.2232
63 48.7439 32.215
828 50.9607 31.0995
358 52.5025 30.3237
751 53.1764 29.9846
377 53.9204 29.6102
821 54.6971 29.2194
295 55.3648 28.8834
959 55.3648 28.8834
45 55.3648 28.8834
634 55.3528 28.4288
681 55.3351 27.7555
781 55.3163 27.0426
6 55.2962 26.2763
831 55.2768 25.5407
819 55.2575 24.8085
27 55.2397 24.1336
653 55.2156 23.2149
419 57.1463 21.8082
176 61.2667 18.8063
24 62.6453 17.8019
598 63.9792 16.83
103 65.3517 15.8301
504 66.7719 16.2346
777 68.0687 16.604
581 70.0118 17.1573
721 73.0329 18.0174
