0,581,24,598,176,504,777,721,103,959,295,819,289,27,419,164,43,828,681,781,6,45,355,55,785,873,358,751,377,821,831,935,458,865,250,261,209,257,555,844,191,197,934,467,692,19,853,210,194,778,512,566,356,342,480,180,989,452,862,472,945,276,69,492,790,63,848,843,370,798,923,101,498,891,522,533,876,597,621,783,155,281,269,743,515,286,293,468,791,907,870,644,978,262,793,716,217,519,186,623,85,314,594,396,485,188,66,930,875,842,906,634,675,357,102,656,767,962,67,942,290,852,71,579,867,152,68,904,647,847,900,383,654,595,727,51,625,238,109,769,460,987,509,161,478,968,975,110,440,173,605,393,112,340,668,964,94,216,484,632,855,453,91,264,857,617,315,577,35,208,810,84,762,282,538,558,986,562,350,880,415,832,235,530,189,638,806,919,252,689,144,954,223,614,82,807,294,292,256,561,241,167,215,649,802,840,826,308,540,563,2,872,894,291,513,839,124,134,54,788,349,779,523,724,976,226,591,789,270,950,697,635,662,60,454,927,730,132,361,912,501,34,981,756,971,526,910,903,596,965,729,137,275,587,601,411,888,359,266,571,604,924,599,600,658,574,80,171,715,676,640,645,404,21,56,878,225,603,49,410,127,471,765,576,163,929,705,922,104,175,683,237,809,957,390,89,30,267,510,901,461,382,732,733,846,365,804,459,147,475,148,949,525,858,688,956,507,403,543,279,324,545,535,720,79,451,493,233,703,936,496,78,463,841,59,735,633,698,391,336,972,758,534,938,797,422,142,589,228,32,811,302,529,917,7,655,151,38,706,913,414,37,723,687,438,748,869,508,413,388,619,11,397,354,486,65,205,829,586,549,379,421,664,612,111,278,221,602,121,679,822,834,899,439,943,307,26,824,643,626,64,902,787,254,337,883,310,573,287,669,704,407,351,363,702,709,160,246,915,284,653,518,588,348,488,722,674,412,211,646,366,8,682,812,881,629,187,74,474,4,331,661,673,641,268,572,710,299,133,794,258,61,455,362,963,985,898,86,836,514,87,402,741,700,328,352,154,125,476,499,330,805,303,100,708,677,218,925,849,174,691,47,373,749,46,128,771,212,10,57,616,157,542,958,909,770,341,222,527,663,489,123,505,312,182,214,990,652,384,423,863,116,908,731,283,166,970,764,219,131,739,772,517,81,329,3,196,565,531,122,760,97,347,234,734,667,799,680,398,381,694,966,371,255,482,686,747,277,503,192,427,665,728,338,717,784,272,77,948,14,376,607,879,114,162,939,991,119,298,946,552,339,445,500,639,220,400,502,796,524,130,99,113,897,490,630,757,701,327,550,321,457,325,429,333,443,537,16,249,825,726,479,487,578,224,860,240,759,316,560,890,718,426,815,169,982,892,736,95,547,75,554,436,207,17,326,431,556,657,830,608,168,557,88,780,886,374,346,90,792,905,944,203,546,916,628,399,153,447,637,108,955,199,386,444,446,247,953,433,1,803,719,495,570,699,868,184,405,914,585,106,263,988,827,462,304,301,435,236,213,39,178,615,401,776,364,300,693,695,568,138,678,711,93,933,973,750,200,380,31,969,48,551,41,696,418,442,253,918,428,761,441,306,610,491,631,593,753,244,36,15,368,521,714,795,96,76,13,768,456,115,871,227,833,712,183,288,360,651,20,44,773,150,141,672,885,58,296,424,469,50,120,430,808,409,28,786,73,231,392,611,271,548,960,92,859,139,416,536,408,193,146,659,707,72,309,613,265,449,470,448,389,53,877,738,437,206,394,752,230,516,952,181,305,624,754,532,980,539,974,129,105,165,874,343,319,511,375,766,541,5,961,763,866,559,239,172,22,569,882,911,992,245,856,434,737,800,713,564,774,921,567,895,575,690,313,947,887,755,814,320,202,12,248,782,367,335,344,584,746,23,280,317,18,378,801,185,851,896,62,259,40,618,156,273,816,845,42,369,622,931,126,140,817,9,179,861,406,940,229,481,744,582,671,636,642,775,837,432,395,158,813,118,544,725,297,149,494,417,83,318,893,465,145,823,818,353,285,620,854,984,177,937,477,464,159,52,820,251,135,580,983,473,928,742,666,648,322,25,311,740,864,889,528,660,685,372,450,204,385,332,684,650,334,323,232,195,583,926,553,967,850,29,117,466,190,606,609,70,592,670,425,745,201,932,941,420,143,497,835,884,136,107,951,920,170,838,242,387,977,506,198,274,33,520,590,98,345,979,260,627,243,483,
value : 471.776 running time : 66.563372
0 80 20
581 72.9047 17.6486
24 71.8145 17.2873
598 70.8336 16.9622
176 69.8668 16.6418
504 69.0279 16.3637
777 68.131 16.0664
721 67.4066 15.8264
103 66.5667 15.548
959 63.5372 19.2141
295 61.7228 21.4098
819 59.5448 24.0455
289 56.7624 27.4126
27 55.8999 28.4564
419 55.1015 29.4226
164 54.1757 30.5429
43 53.2631 31.6473
828 53.2631 31.6473
681 53.2631 31.6473
781 53.2631 31.6473
6 53.2631 31.6473
45 53.2631 31.6473
355 53.0264 31.7135
55 52.7928 31.7787
785 52.5566 31.8447
873 52.33 31.908
358 52.1164 31.9677
751 51.8606 32.0392
377 51.6197 32.1065
821 51.3786 32.1738
831 50.9207 32.3018
935 50.2441 32.4908
458 49.7015 32.6424
865 49.0969 32.8113
250 48.4836 32.9827
261 47.8588 33.1572
209 47.7674 33.5219
257 47.6747 33.8921
555 47.5898 34.231
844 47.4909 34.6257
191 47.4073 34.9594
197 47.3203 35.3068
934 47.2459 35.6038
467 46.9985 36.5914
692 46.5925 38.212
19 46.2711 39.495
853 45.8861 41.0321
210 45.3459 43.1885
194 45.0635 44.3158
778 44.7858 45.4242
512 44.7325 45.6369
566 44.6783 45.8535
356 44.6222 46.0771
342 44.5637 46.3106
480 44.5074 46.5357
180 44.4438 46.7894
989 44.3851 47.0238
452 44.3259 47.26
862 44.2643 47.506
472 44.2011 47.7581
945 44.1382 48.0095
276 44.0778 48.2505
69 44.016 48.4971
492 43.9536 48.7463
790 43.8942 48.9834
63 43.8257 49.2567
848 43.748 49.567
843 43.6708 49.8752
370 43.5881 50.205
798 43.5137 50.5023
923 43.5137 50.5023
101 43.5137 50.5023
498 43.5137 50.5023
891 43.5137 50.5023
522 43.5137 50.5023
533 43.5137 50.5023
876 43.5137 50.5023
597 43.5137 50.5023
621 43.5137 50.5023
783 43.5137 50.5023
155 43.5137 50.5023
281 43.5137 50.5023
269 43.5137 50.5023
743 52.4912 52.7411
515 55.1386 53.401
286 55.1933 53.3295
293 55.2451 53.2617
468 55.2922 53.2003
791 55.5301 52.8893
907 55.8374 52.4875
870 56.1632 52.0615
644 56.4397 51.7001
978 56.6847 51.3798
262 56.9022 51.0956
793 57.1291 50.799
716 57.4009 50.4437
217 57.4009 50.4437
519 57.4009 50.4437
186 57.4009 50.4437
623 57.4009 50.4437
85 57.4009 50.4437
314 57.4009 50.4437
594 57.4009 50.4437
396 57.4009 50.4437
485 57.4009 50.4437
188 57.4009 50.4437
66 57.4009 50.4437
930 57.4009 50.4437
875 57.4009 50.4437
842 57.4009 50.4437
906 57.4009 50.4437
634 57.4009 50.4437
675 57.7515 51.1111
357 58.6764 52.8716
102 60.577 56.489
656 61.9226 59.0502
767 62.8214 60.761
962 63.8842 62.784
67 64.3531 63.6766
942 64.8019 64.5309
290 65.4033 65.6755
852 65.8778 66.5787
71 66.3332 67.4455
579 66.3332 67.4455
867 66.3332 67.4455
152 66.3332 67.4455
68 66.3332 67.4455
904 66.3332 67.4455
647 66.3332 67.4455
847 66.3332 67.4455
900 66.3332 67.4455
383 66.3332 67.4455
654 65.9266 67.4302
595 65.5417 67.4156
727 65.1878 67.4023
51 64.8193 67.3884
625 64.4003 67.3726
238 64.0745 67.3604
109 63.7344 67.3476
769 63.4581 67.3372
460 63.2996 67.3312
987 63.1309 67.3248
509 62.9623 67.3185
161 62.7834 67.3117
478 62.657 67.307
968 62.5122 67.3015
975 62.3931 67.297
110 61.9672 67.281
440 61.3026 67.256
173 60.7218 67.2341
605 60.1044 67.2108
393 59.5352 67.1894
112 58.9124 67.1659
340 58.354 67.1449
668 57.7137 67.1208
964 57.0398 67.0954
94 56.3768 67.0704
216 55.7662 67.0474
484 55.1814 67.0254
632 54.7264 67.0082
855 54.2584 66.9906
453 53.8082 66.9736
91 53.3589 66.9567
264 52.9001 66.9394
857 52.9001 66.9394
617 52.9001 66.9394
315 52.9001 66.9394
577 52.9001 66.9394
35 52.9001 66.9394
208 52.9001 66.9394
810 52.9001 66.9394
84 52.9001 66.9394
762 52.9001 66.9394
282 52.9001 66.9394
538 52.9001 66.9394
558 51.6824 68.6693
986 50.3986 70.4932
562 49.1989 72.1977
350 48.4926 73.2011
880 47.856 74.1057
415 47.3466 74.8295
832 47.1457 74.8279
235 45.0583 74.8121
530 42.9135 74.7959
189 40.0731 74.7744
638 37.6416 74.756
806 37.6252 74.7559
919 37.609 74.7557
252 37.5935 74.7556
689 37.5773 74.7555
144 37.5616 74.7554
954 37.5431 74.7553
223 37.526 74.7551
614 37.5098 74.755
82 37.4932 74.7549
807 37.4759 74.7548
294 37.4588 74.7546
292 37.4404 74.7545
256 37.4222 74.7544
561 37.4055 74.7542
241 37.3876 74.7541
167 37.3697 74.754
215 37.3697 74.754
649 37.3697 74.754
802 37.3697 74.754
840 37.3332 74.7196
826 37.2989 74.6873
308 37.099 74.4993
540 36.9369 74.3468
563 36.7731 74.1927
2 36.5627 73.9947
872 36.3496 73.7942
894 36.1561 73.6122
291 35.938 73.4069
513 35.7474 73.2276
839 32.8101 70.4638
124 32.8101 70.4638
134 32.8101 70.4638
54 32.8101 70.4638
788 32.8101 70.4638
349 32.8101 70.4638
779 32.8101 70.4638
523 32.5932 70.3924
724 32.3562 70.3144
976 32.1187 70.2362
226 31.8548 70.1493
591 31.5767 70.0578
789 31.301 69.967
270 31.0578 69.887
950 30.7638 69.7902
697 30.5113 69.7071
635 30.2758 69.6296
662 30.059 69.5582
60 29.8178 69.4788
454 29.5669 69.3962
927 29.304 69.3097
730 29.0528 69.227
132 28.778 69.1365
361 28.5258 69.0535
912 29.0601 68.1957
501 29.4629 67.5492
34 29.863 66.9071
981 30.2444 66.295
756 30.2444 66.295
971 30.2444 66.295
526 30.2444 66.295
910 30.2444 66.295
903 30.2444 66.295
596 30.2444 66.295
965 30.2444 66.295
729 30.2444 66.295
137 30.2444 66.295
275 30.2444 66.295
587 30.2444 66.295
601 30.2444 66.295
411 30.2444 66.295
888 30.2444 66.295
359 30.2444 66.295
266 30.2444 66.295
571 30.2444 66.295
604 30.2444 66.295
924 30.2444 66.295
599 30.2444 66.295
600 30.2444 66.295
658 30.2444 66.295
574 30.7847 65.6039
80 31.3713 64.8535
171 31.9476 64.1163
715 32.504 63.4047
676 33.0437 62.7143
640 32.9884 62.5965
645 32.9398 62.4931
404 32.8937 62.395
21 32.8431 62.2872
56 32.7936 62.182
878 32.7432 62.0747
225 32.6915 61.9647
603 32.4142 61.3746
49 32.183 60.8824
410 32.1789 60.8737
127 32.1738 60.8629
471 32.1692 60.8532
765 32.1647 60.8435
576 32.16 60.8335
163 32.1554 60.8238
929 32.1501 60.8124
705 32.145 60.8016
922 32.1402 60.7915
104 32.1357 60.7819
175 32.1311 60.772
683 32.1261 60.7614
237 32.1208 60.75
809 32.116 60.7399
957 32.1113 60.7298
390 32.1066 60.7198
89 32.1013 60.7086
30 32.0965 60.6983
267 32.0915 60.6877
510 32.0864 60.6769
901 32.0817 60.6668
461 32.0766 60.656
382 31.8499 60.5241
732 31.6566 60.4117
733 31.4061 60.266
846 31.1851 60.1375
365 30.998 60.0287
804 30.7968 59.9117
459 30.5094 59.7445
147 27.4716 57.9777
475 23.2495 55.5221
148 21.7794 54.6671
949 21.7794 54.6671
525 21.7794 54.6671
858 21.7794 54.6671
688 21.7794 54.6671
956 21.7794 54.6671
507 21.7794 54.6671
403 21.7794 54.6671
543 21.7794 54.6671
279 21.7794 54.6671
324 21.7794 54.6671
545 21.7794 54.6671
535 21.7794 54.6671
720 21.7794 54.6671
79 21.7794 54.6671
451 21.7794 54.6671
493 21.7794 54.6671
233 20.9355 54.4473
703 20.0663 54.2208
936 20.0544 53.5659
496 20.0427 52.9235
78 20.0321 52.3413
463 20.0248 51.9346
841 20.0248 51.9346
59 20.0248 51.9346
735 20.0248 51.9346
633 20.0248 51.9346
698 20.0248 51.9346
391 20.0248 51.9346
336 20.0248 51.9346
972 20.0248 51.9346
758 20.0248 51.9346
534 20.0248 51.9346
938 20.0248 51.9346
797 20.0248 51.9346
422 20.0248 51.9346
142 20.0248 51.9346
589 20.0248 51.9346
228 22.1076 48.7154
32 24.0003 45.7902
811 25.3054 43.7731
302 26.2123 42.3714
529 27.3285 40.6463
917 28.1508 39.3754
7 28.2445 39.2305
655 28.3335 39.0931
151 28.4366 38.9337
38 28.5379 38.7771
706 28.6433 38.6142
913 28.7416 38.4623
414 28.8583 38.282
37 28.9691 38.1108
723 29.0861 37.9299
687 29.2143 37.7317
438 29.3307 37.5519
748 29.458 37.3551
869 29.5872 37.1554
508 29.7024 36.9774
413 29.8294 36.7812
388 29.9806 36.5475
619 30.1333 36.3114
11 30.292 36.0661
397 30.4569 35.8113
354 30.6483 35.5156
486 30.8146 35.2586
65 30.9717 35.0158
205 31.1848 34.6864
829 31.4124 34.3346
586 31.6658 33.9429
549 31.8741 33.621
379 32.1047 33.2646
421 32.3037 32.9572
664 32.1431 32.4939
612 31.9587 31.9618
111 31.7749 31.4316
278 31.6652 31.115
221 31.5472 30.7745
602 31.4324 30.4433
121 31.3296 30.1467
679 31.2314 29.8633
822 31.1128 29.521
834 31.0016 29.2001
899 30.8766 28.8394
439 30.7816 28.5652
943 30.7047 28.3434
307 30.8482 27.5248
26 30.9907 26.7123
824 31.0947 26.1189
643 31.21 25.4617
626 31.3028 24.9325
64 31.3932 24.4168
902 31.4793 23.9257
787 31.5654 23.435
254 31.6641 22.872
337 31.7447 22.4124
883 31.8241 21.9594
310 31.9047 21.5
573 31.9827 21.0548
287 32.059 20.6196
669 32.1104 20.3268
704 32.1499 20.1017
407 32.1925 19.8587
351 32.2312 19.6381
363 32.2669 19.4344
702 32.2997 19.2469
709 32.3341 19.0508
160 32.3713 18.8386
246 32.4599 18.3335
915 32.5416 17.8676
284 32.7368 16.7546
653 32.979 15.3729
518 33.2832 13.6383
588 19.9721 14.0779
348 17.7762 14.1504
488 16.0755 14.2066
722 13.8559 14.2799
674 13.8344 14.2806
412 13.8124 14.2813
211 13.791 14.282
646 13.768 14.2828
366 13.7479 14.2834
8 13.7261 14.2841
682 13.7002 14.285
812 13.6757 14.2858
881 13.4877 15.3666
629 13.2446 16.7639
187 12.7993 19.3241
74 12.782 19.747
474 12.7712 20.0121
4 12.7609 20.2643
331 12.7552 20.4038
661 12.7493 20.5481
673 12.7435 20.6898
641 12.7376 20.8344
268 12.7319 20.975
572 12.7262 21.1126
710 12.7206 21.2507
299 12.7151 21.3862
133 12.7094 21.5255
794 12.7041 21.6555
258 12.6998 21.7611
61 12.6956 21.863
455 12.6441 23.1245
362 12.5951 24.324
963 12.5245 26.0514
985 12.4473 27.9418
898 12.3854 29.457
86 12.3676 29.8914
836 12.3521 30.2722
514 12.3356 30.6745
87 12.3193 31.073
402 12.3046 31.4332
741 12.2883 31.8317
700 12.1113 36.1632
328 11.963 39.7915
352 11.9289 40.6245
154 11.9042 41.2291
125 11.8819 41.7756
476 11.8544 42.4494
499 11.8282 43.0899
330 11.791 44.0007
805 11.7456 45.11
303 11.7081 46.0282
100 11.677 46.7884
708 11.6473 47.5154
677 11.6254 48.0509
218 11.6057 48.5338
925 11.5867 48.999
849 11.5759 49.264
174 11.5752 49.2805
691 11.5744 49.2995
47 11.5736 49.318
373 11.5729 49.3361
749 11.5722 49.3543
46 11.5714 49.372
128 11.5706 49.3918
771 11.5699 49.4096
212 11.5692 49.4274
10 11.5684 49.4456
57 11.5676 49.4665
616 11.5668 49.4847
157 11.566 49.5049
542 11.5652 49.523
958 11.5645 49.54
909 11.5637 49.5609
770 11.5629 49.58
341 11.562 49.6009
222 11.5612 49.6212
527 11.5604 49.6418
663 11.5596 49.6596
489 11.5588 49.6802
123 11.558 49.6996
505 11.5572 49.7202
312 11.5564 49.7393
182 11.5555 49.7596
214 11.5547 49.7799
990 11.554 49.7967
652 11.5532 49.8159
384 11.5525 49.834
423 11.5517 49.8527
863 11.5509 49.8722
116 11.5501 49.8927
908 11.5494 49.9101
731 11.5487 49.9267
283 11.548 49.9439
166 11.4315 52.7841
970 11.3296 55.2675
764 11.288 56.2827
219 11.2488 57.2371
131 11.2211 57.9124
739 11.1949 58.5524
772 11.1703 59.1518
517 11.1456 59.7517
81 11.1456 59.7517
329 11.1456 59.7517
3 11.1456 59.7517
196 11.1456 59.7517
565 11.1456 59.7517
531 11.1456 59.7517
122 11.1456 59.7517
760 11.2456 60.6055
97 11.347 61.472
347 11.4246 62.1353
234 11.5092 62.8579
734 11.6025 63.6559
667 11.6923 64.4231
799 11.728 64.7282
680 11.7647 65.0416
398 11.8001 65.344
381 11.8342 65.6352
694 11.8674 65.919
966 11.8964 66.1668
371 11.9225 66.3894
255 11.9493 66.6192
482 11.9767 66.8528
686 12.0045 67.0903
747 12.0294 67.3033
277 12.0582 67.5496
503 12.0861 67.7879
192 12.1115 68.0045
427 12.1405 68.2523
665 12.1688 68.4941
728 12.1979 68.7429
338 12.1979 68.7429
717 12.1979 68.7429
784 12.1979 68.7429
272 12.1979 68.7429
77 12.1979 68.7429
948 12.1979 68.7429
14 12.1979 68.7429
376 12.1979 68.7429
607 12.1979 68.7429
879 12.1979 68.7429
114 12.1979 68.7429
162 12.1979 68.7429
939 12.1979 68.7429
991 12.243 68.8497
119 12.2828 68.944
298 12.3258 69.046
946 12.3651 69.139
552 12.402 69.2265
339 12.444 69.3258
445 12.4815 69.4146
500 12.5195 69.5047
639 12.5579 69.5956
220 12.5951 69.6838
400 12.6328 69.7732
502 12.67 69.8612
796 12.7079 69.9511
524 12.7422 70.0323
130 12.7791 70.1198
99 12.8184 70.2127
113 12.8555 70.3006
897 12.8905 70.3837
490 15.8372 77.3617
630 15.8372 77.3617
757 15.8372 77.3617
701 15.8372 77.3617
327 15.8372 77.3617
550 15.8041 77.3757
321 15.7666 77.3915
457 15.7341 77.4052
325 15.7045 77.4176
429 15.6762 77.4296
333 15.6485 77.4413
443 15.618 77.4541
537 15.5892 77.4662
16 15.559 77.4789
249 15.0831 77.6795
825 14.6385 77.8668
726 14.2142 78.0456
479 13.7666 78.2342
487 13.2948 78.433
578 12.8033 78.6401
224 11.9652 78.9933
860 11.866 79.0351
240 11.7633 79.0783
759 11.665 79.1198
316 11.5758 79.1574
560 11.4847 79.1958
890 11.3759 79.2416
718 11.2772 79.2832
426 11.1783 79.3249
815 11.0859 79.3638
169 10.9873 79.4054
982 10.8959 79.4438
892 10.7997 79.4844
736 10.7015 79.5258
95 10.6093 79.5646
547 10.505 79.6086
75 10.4132 79.6472
554 10.3222 79.6856
436 10.2373 79.7214
207 10.1475 79.7592
17 10.1442 81.6435
326 10.144 81.773
431 10.1437 81.9172
556 10.1435 82.0532
657 10.1433 82.1915
830 10.143 82.3453
608 10.1427 82.4929
168 10.1425 82.643
557 10.1422 82.8063
88 10.142 82.9527
780 10.1417 83.1005
886 10.1415 83.2508
374 10.1412 83.3966
346 10.1409 83.5468
90 10.1407 83.7102
792 10.1404 83.8728
905 10.1401 84.0267
944 10.1399 84.1771
203 10.1396 84.3321
546 10.1393 84.4884
916 10.1391 84.6511
628 10.1388 84.8059
399 10.1385 84.9631
153 10.1383 85.1229
447 10.138 85.2843
637 10.1377 85.4357
108 10.1375 85.5842
955 10.1372 85.7322
199 10.1369 85.9028
386 10.1367 86.0599
444 10.1364 86.2058
446 10.1361 86.3699
247 10.1359 86.5284
953 10.1356 86.6818
433 10.1354 86.8253
1 10.1351 86.9953
803 10.1348 87.1551
719 10.1345 87.3069
495 10.1343 87.4617
570 10.134 87.6124
699 10.1337 87.7845
868 10.1334 87.9547
184 10.1332 88.0937
405 10.1327 88.3889
914 10.1323 88.6528
585 10.1318 88.9236
106 10.1313 89.185
263 10.1309 89.429
988 10.1305 89.7119
827 10.1452 89.7118
462 10.1608 89.7117
304 10.1741 89.7116
301 10.1871 89.7115
435 10.2003 89.7114
236 10.2139 89.7114
213 10.2265 89.7113
39 10.3468 89.7106
178 10.4681 89.7099
615 10.5962 89.7091
401 10.73 89.7083
776 10.8764 89.7075
364 10.9983 89.7068
300 11.1236 89.706
693 11.3177 89.7049
695 11.5112 89.7037
568 11.6773 89.7028
138 11.851 89.7018
678 12.0159 89.7008
711 12.2076 89.6997
93 12.4045 89.6985
933 12.5874 89.6974
973 12.7578 89.6964
750 12.9251 89.6955
200 13.0945 89.6945
380 13.272 89.6934
31 13.474 89.6922
969 13.6716 89.6911
48 13.8899 89.6898
551 14.1081 89.6885
41 16.9992 89.7008
696 17.5212 89.703
418 18.0081 89.705
442 18.4397 89.7068
253 18.9931 89.7092
918 19.4145 89.7109
428 19.6707 89.712
761 19.9059 89.713
441 20.1384 89.714
306 20.3877 89.715
610 20.6248 89.716
491 20.8436 89.717
631 21.075 89.7179
593 21.2747 89.7188
753 21.4783 89.7196
244 21.6899 89.7205
36 21.908 89.7215
15 22.1019 89.7223
368 22.3186 89.7232
521 22.5316 89.7241
714 22.7454 89.725
795 22.9761 89.726
96 23.1855 89.7268
76 23.3765 89.7276
13 23.5572 89.7284
768 23.7712 89.7293
456 23.9759 89.7302
115 24.1762 89.731
871 24.3877 89.7319
227 24.5956 89.7328
833 24.8269 89.7338
712 25.0503 89.7347
183 25.2841 89.7357
288 25.5208 89.7367
360 25.7542 89.7377
651 26.0085 89.7388
20 26.272 89.7399
44 26.5082 89.7409
773 26.7708 89.742
150 27.0201 89.743
141 27.2644 89.7441
672 27.4943 89.745
885 27.7089 89.7459
58 27.9378 89.7469
296 28.1991 89.748
424 28.4283 89.749
469 28.6684 89.75
50 29.001 89.7514
120 29.3708 89.7529
430 29.7107 89.7544
808 30.0903 89.756
409 30.4329 89.7574
28 30.8106 89.759
786 31.2091 89.7607
73 31.6016 89.7623
231 32.0166 89.7641
392 32.4098 89.7657
611 32.7697 89.7673
271 33.284 89.7694
548 33.7867 89.7715
960 34.2447 89.7735
92 34.7319 89.7755
859 35.2133 89.7775
139 36.008 89.7809
416 36.7732 89.7841
536 37.5543 89.7874
408 37.8962 89.7889
193 38.1282 89.7898
146 38.343 89.7907
659 38.5987 89.7918
707 38.8078 89.7927
72 39.0393 89.7937
309 39.2832 89.7947
613 39.5164 89.7957
265 39.7592 89.7967
449 40.0078 89.7978
470 40.2388 89.7987
448 40.4946 89.7998
389 40.7537 89.8009
53 40.9937 89.8019
877 41.2318 89.8029
738 41.4767 89.804
437 41.7352 89.8051
206 41.9919 89.8061
394 42.2302 89.8071
752 42.4722 89.8082
230 42.7914 89.8095
516 43.1503 89.811
952 43.4769 89.8124
181 43.7289 89.8135
305 44.0268 89.8147
624 44.3331 89.816
754 44.3331 89.816
532 44.3331 89.816
980 44.3331 89.816
539 44.3331 89.816
974 44.3331 89.816
129 44.5255 89.7731
105 44.7221 89.7291
165 44.9062 89.688
874 45.0887 89.6473
343 45.2822 89.6041
319 45.4759 89.5608
511 45.6583 89.5201
375 45.828 89.4822
766 46.0048 89.4427
541 46.2067 89.3976
5 46.3961 89.3553
961 46.5941 89.3111
763 46.7796 89.2697
866 46.9696 89.2272
559 47.1627 89.1841
239 47.3626 89.1395
172 47.5501 89.0976
22 47.7632 89.05
569 48.2257 88.9467
882 50.077 88.5333
911 51.9626 88.1122
992 52.3852 88.0178
245 52.3852 88.0178
856 52.3852 88.0178
434 52.3852 88.0178
737 52.3852 88.0178
800 52.3852 88.0178
713 52.3852 88.0178
564 52.3852 88.0178
774 52.3852 88.0178
921 52.3852 88.0178
567 52.3944 88.0182
895 52.4022 88.0185
575 52.4111 88.0188
690 52.4196 88.0192
313 52.4278 88.0195
947 52.4359 88.0198
887 52.4442 88.0202
755 52.452 88.0205
814 52.4606 88.0208
320 52.4693 88.0212
202 52.4784 88.0215
12 52.4863 88.0219
248 52.4939 88.0222
782 52.5022 88.0225
367 52.5109 88.0228
335 52.5191 88.0232
344 52.5276 88.0235
584 52.6507 87.9806
746 52.7654 87.9406
23 52.8927 87.8961
280 53.5734 87.6586
317 54.2671 87.4164
18 54.8577 87.2103
378 54.999 87.161
801 55.1342 87.1138
185 55.2675 87.0673
851 55.3956 87.0226
896 55.5327 86.9747
62 55.6698 86.9269
259 55.8138 86.8766
40 55.9523 86.8283
618 56.0887 86.7807
156 56.227 86.7324
273 56.5781 86.6099
816 56.8858 86.5025
845 57.2071 86.3903
42 57.4086 86.32
369 57.5986 86.2537
622 57.8089 86.1803
931 57.9884 86.1177
126 58.1605 86.0576
140 58.3473 85.9924
817 58.5562 85.9195
9 58.7659 85.6802
179 58.9285 85.4947
861 59.0994 85.2997
406 59.272 85.1028
940 59.465 84.8825
229 59.6732 84.6449
481 59.8762 84.4133
744 60.0574 84.2065
582 60.0574 84.2065
671 60.0574 84.2065
636 60.0574 84.2065
642 60.0574 84.2065
775 62.1437 83.4848
837 63.1391 83.1404
432 63.1391 83.1404
395 64.2087 83.5606
158 65.3608 84.0132
813 66.0023 84.2652
118 66.5284 84.4718
544 69.2858 85.5552
725 71.0622 86.253
297 71.2387 86.3224
149 71.4496 86.4052
494 71.5357 86.439
417 71.6105 86.4684
83 71.687 86.4985
318 71.7709 86.5314
893 71.8583 86.5658
465 71.8583 86.5658
145 71.8583 86.5658
823 71.8583 86.5658
818 71.8583 86.5658
353 71.8583 86.5658
285 71.8583 86.5658
620 71.8583 86.5658
854 72.0065 86.6108
984 72.1414 86.6519
177 72.3378 86.7116
937 72.5811 86.7856
477 72.8163 86.8571
464 73.0793 86.9371
159 73.6191 87.1012
52 74.152 87.2633
820 75.0424 87.534
251 75.7039 87.7351
135 76.4902 87.9742
580 76.6146 88.012
983 79.7943 88.1572
473 80.496 88.1893
928 81.163 88.2197
742 81.5649 87.6647
666 81.9606 87.1184
648 82.5989 86.237
322 83.1693 85.4493
25 83.8361 84.5286
311 84.2532 83.9526
740 84.4873 83.6294
864 84.7225 83.3046
889 85.0207 82.8927
528 85.3445 82.4457
660 85.6314 82.0495
685 85.8443 81.7556
372 86.0732 81.4394
450 84.4527 77.5189
204 83.2121 74.5177
385 81.6985 70.856
332 80.5102 67.9812
684 78.7976 63.8382
650 77.3211 60.2663
334 75.9138 56.8617
323 73.886 51.956
232 73.8766 51.9331
195 73.8677 51.9116
583 73.8589 51.8902
926 73.8488 51.8658
553 73.8395 51.8433
967 73.8302 51.8208
850 73.8203 51.7969
29 73.8092 51.7701
117 73.799 51.7455
466 73.7885 51.7199
190 73.7788 51.6964
606 73.7674 51.6688
609 73.7674 51.6688
70 73.7674 51.6688
592 73.7674 51.6688
670 73.7674 51.6688
425 73.7674 51.6688
745 73.7674 51.6688
201 76.433 52.4564
932 76.6789 52.4008
941 76.8947 52.3521
420 77.126 52.2998
143 77.4109 52.2355
497 86.3892 50.2072
835 86.3884 50.0015
884 86.3878 49.8458
136 86.3872 49.6758
107 86.3866 49.5064
951 86.3859 49.3262
920 86.3853 49.1522
170 86.3847 48.9865
838 86.384 48.813
242 86.3834 48.6424
387 86.3827 48.4675
977 86.3821 48.2996
506 86.3808 47.9375
198 86.3739 46.0935
274 86.3562 41.3069
33 86.3418 37.4024
520 86.3322 34.8239
590 86.3216 31.9499
98 86.3087 28.4912
345 86.2871 22.6525
979 86.2729 18.8074
260 86.2684 17.5916
627 86.2684 17.5916
243 86.2684 17.5916
483 86.2684 17.5916
