0,483,345,627,979,243,260,98,745,33,274,590,195,520,198,977,932,387,838,835,951,136,920,884,425,506,242,170,107,497,357,850,644,670,143,117,232,609,29,592,466,420,45,606,675,323,842,70,396,85,594,314,43,553,101,286,623,186,281,188,793,576,485,798,810,558,968,625,791,264,282,923,471,732,577,453,468,538,293,84,161,208,109,91,762,35,484,440,280,582,229,515,855,986,964,800,235,769,671,216,743,67,907,647,975,867,460,727,847,9,837,962,579,51,818,931,477,378,575,317,801,816,83,417,297,775,937,71,18,201,654,650,668,385,393,340,904,290,744,68,926,173,190,852,595,941,942,238,767,583,334,656,967,478,102,684,648,311,450,332,900,152,110,383,204,685,528,372,740,889,473,660,25,928,322,813,159,893,742,318,845,481,864,725,52,820,666,353,983,285,149,158,251,177,145,544,854,465,135,823,580,622,817,464,273,992,620,494,856,947,12,185,23,911,367,202,851,118,259,245,415,952,961,305,896,536,179,511,319,887,40,690,320,105,5,866,389,584,618,980,62,624,532,746,434,737,882,344,984,567,343,42,530,563,617,605,140,509,987,82,369,395,832,754,857,921,802,315,432,335,112,940,215,94,976,144,632,755,895,313,642,562,561,406,513,782,193,774,189,807,880,636,861,564,126,226,724,252,540,350,294,270,171,804,410,826,248,779,676,894,104,137,30,621,134,127,370,597,291,912,910,80,891,929,493,989,957,533,645,522,922,54,809,422,601,411,267,147,705,839,603,89,688,756,302,404,599,981,772,507,788,365,683,459,765,56,878,163,715,523,333,726,658,443,266,720,327,132,501,308,175,359,571,296,225,806,649,550,614,392,773,919,92,954,428,292,230,124,167,165,448,738,408,416,231,181,659,814,539,874,375,548,206,449,129,541,265,974,613,713,146,72,53,437,763,569,752,877,239,516,139,559,156,840,766,394,611,470,36,172,2,960,271,28,241,22,256,631,309,96,707,786,808,638,491,20,456,150,714,885,409,859,761,253,918,795,306,418,120,430,73,833,672,768,574,872,60,220,551,604,886,888,16,184,487,593,973,871,753,651,227,695,247,1,495,88,288,933,249,41,58,76,424,521,50,380,115,696,469,712,183,490,15,610,44,441,368,431,827,969,750,776,462,13,442,944,457,792,585,39,203,386,17,236,446,435,304,106,447,95,213,711,547,568,803,300,988,678,405,298,916,316,374,657,546,637,108,325,399,780,153,982,699,815,364,48,199,557,178,200,401,693,75,868,914,718,991,759,321,830,263,719,500,426,138,953,301,628,879,686,860,560,892,433,90,890,31,169,444,207,14,219,113,825,736,554,517,361,240,615,224,734,680,728,3,570,479,556,436,630,346,168,339,905,608,360,93,955,697,600,400,99,244,141,701,757,223,454,946,689,578,965,950,587,21,971,924,596,349,640,662,730,482,733,635,79,901,81,114,729,275,390,903,382,552,326,789,796,130,591,537,233,691,34,502,927,503,196,429,162,131,97,352,760,805,376,846,897,192,739,398,526,527,303,565,381,703,948,677,589,665,639,607,694,667,445,166,708,214,925,966,255,427,347,747,77,277,234,799,939,531,717,371,122,524,970,182,341,119,338,100,272,47,218,784,764,849,545,908,496,758,475,735,972,841,949,329,269,324,279,336,391,142,938,451,525,633,174,698,985,157,128,154,312,463,212,936,749,384,770,990,330,123,700,228,10,534,499,46,116,858,65,616,423,87,663,476,863,542,57,505,489,652,222,943,958,121,909,829,78,373,514,125,731,963,898,86,794,4,74,328,133,299,283,268,366,474,348,258,187,812,61,402,488,646,881,412,362,682,254,211,722,674,899,331,572,741,661,455,673,710,588,8,629,549,836,641,221,354,787,307,246,915,643,486,902,702,883,439,278,160,834,626,771,205,869,956,403,543,510,876,535,148,797,37,11,612,748,655,783,723,59,388,32,679,7,49,237,687,664,438,38,356,508,413,913,778,706,151,619,811,397,257,848,790,414,566,529,191,66,197,498,452,276,180,917,461,69,519,512,862,843,472,875,492,342,210,870,978,262,945,155,194,844,853,785,377,355,681,906,63,209,19,421,716,828,930,358,634,217,458,164,865,751,555,55,27,873,419,831,337,310,289,467,480,250,379,692,261,935,586,111,363,64,653,284,602,824,407,709,822,934,287,518,669,351,26,573,704,103,777,821,781,6,959,721,176,598,504,581,24,819,295,
value : 540.64 running time : 40.866782
80 20
86.2684 17.5916
86.2684 17.5916
86.2684 17.5916
86.2684 17.5916
86.2684 17.5916
86.2684 17.5916
86.6471 29.5857
86.931 38.5697
86.9555 39.3431
86.9874 40.3523
87.0198 41.375
87.079 43.2455
87.1145 44.3687
87.2011 47.1048
87.2401 48.3392
87.2422 48.4064
87.2443 48.4731
87.2463 48.535
87.2481 48.5908
87.2503 48.6607
87.2524 48.7275
87.2544 48.7916
87.2565 48.8576
87.2584 48.919
87.2606 48.9884
87.2625 49.0487
87.2644 49.108
87.2662 49.1655
87.2679 49.2204
74.5435 48.8974
73.91 48.8808
73.2923 48.8646
72.7781 48.8512
72.2873 48.8383
71.8063 48.8257
71.331 48.8132
70.8672 48.801
70.4041 48.7888
69.9335 48.7765
69.4463 48.7637
68.936 48.7504
67.8854 48.723
67.5415 49.0289
67.194 49.3382
66.834 49.6585
66.4253 50.0222
66.0255 50.3779
65.6399 50.721
65.2832 51.0384
64.977 51.3109
64.6436 51.6076
63.9739 52.2035
62.5999 53.4259
58.7617 56.8395
57.9657 57.5478
57.1763 58.2502
56.2043 59.1149
55.2131 59.9968
54.5436 60.5926
53.816 61.24
53.0464 61.9248
53.0711 61.9575
53.0919 61.9851
53.1141 62.0145
53.1346 62.0416
53.1572 62.0716
53.1789 62.1003
53.1999 62.1282
53.2202 62.1551
53.2423 62.1844
53.2627 62.2113
53.2837 62.2392
53.3676 62.3504
53.6505 62.7255
53.9261 63.0909
54.2131 63.4713
54.5079 63.8622
54.792 64.2388
55.079 64.6193
55.3694 65.0043
55.6536 65.3811
55.945 65.7674
56.2373 66.1548
56.5374 66.5527
56.8358 66.9483
57.124 67.3303
58.3031 68.8949
59.491 70.4711
59.491 70.4711
59.491 70.4711
59.491 70.4711
59.491 70.4711
59.491 70.4711
59.491 70.4711
59.491 70.4711
59.491 70.4711
59.5586 70.5445
59.6244 70.6162
59.6879 70.6852
59.8293 70.8389
60.4494 71.5125
61.121 72.242
62.2417 73.4591
63.4914 74.8157
63.5401 75.0182
63.5907 75.2286
63.638 75.4252
63.6863 75.6261
63.7356 75.8311
63.7835 76.0303
63.8317 76.2308
63.884 76.4481
63.9381 76.673
63.9938 76.9048
64.0444 77.1149
64.0933 77.3186
64.148 77.1751
64.2019 77.0336
64.2556 76.8927
64.3098 76.7505
64.3638 76.6087
64.5744 76.0566
64.7999 75.4654
65.0629 74.7761
65.3339 74.0659
65.6404 73.2628
65.9767 72.3819
66.3357 71.4415
66.691 70.5111
66.9724 69.7736
67.2387 69.0758
67.5164 68.3477
67.7837 67.6471
68.0312 66.9986
68.2762 66.3562
68.5249 65.7044
68.7826 65.0288
69.0525 64.3215
69.6054 62.8744
70.1648 61.4106
70.1648 61.4106
70.1648 61.4106
70.1648 61.4106
70.1648 61.4106
70.1649 61.4106
70.1649 61.4106
70.1649 61.4106
70.1649 61.4106
70.1649 61.4107
70.1649 61.4107
70.1649 61.4107
70.1649 61.4107
71.7236 63.2265
73.6273 65.4443
75.7109 67.8728
78.8335 72.2563
80.2026 74.1772
80.2668 74.2673
80.3223 74.345
80.3778 74.4228
80.4363 74.5048
80.5035 74.599
81.4349 75.9057
82.9096 77.9751
84.4285 80.1066
85.1945 81.1812
86.0023 82.3144
85.82 82.5279
85.6445 82.7335
85.4802 82.9259
85.3238 83.1091
84.2794 84.3317
80.8017 88.4015
80.3237 88.4503
79.8562 88.498
79.3685 88.5478
78.8919 88.5965
78.4101 88.6457
77.9572 88.6919
77.5647 88.732
77.1744 88.7718
76.8952 88.8002
76.6234 88.8278
76.3706 88.8536
76.3705 88.8536
76.3705 88.8536
76.3705 88.8536
76.3705 88.8536
75.6215 88.9064
74.9393 88.9546
74.4445 88.9896
73.9746 89.0228
73.5335 89.0539
73.416 89.0623
73.3002 89.0705
73.1878 89.0785
73.0711 89.0868
72.9587 89.0947
72.166 89.1507
71.3929 89.2052
70.4413 89.2723
69.5259 89.3368
68.7019 89.3949
67.9452 89.4483
67.2299 89.4988
66.5558 89.5464
65.8906 89.5934
63.3654 89.7705
61.7351 89.8851
60.9614 89.9397
60.2256 89.9916
59.5121 90.042
59.1075 90.0706
58.7144 90.0984
58.3296 90.1256
57.9475 90.1526
57.5755 90.1789
57.2075 90.2049
56.8421 90.2308
56.4846 90.2561
56.1283 90.2813
55.7795 90.3059
55.559 90.3216
55.3531 90.3361
55.1481 90.3507
54.9492 90.3648
54.7439 90.3793
54.5509 90.393
54.3836 90.4049
54.2095 90.4172
54.0327 90.4297
53.8469 90.4429
53.6624 90.456
53.4914 90.4681
53.4914 90.4681
53.4914 90.4681
53.4914 90.4681
53.4914 90.4681
53.4914 90.4681
53.4914 90.4681
53.4914 90.4681
53.4914 90.468
53.4914 90.468
53.4914 90.468
53.4914 90.468
53.4914 90.468
53.4914 90.468
53.4914 90.468
53.4914 90.468
53.4914 90.468
53.4914 90.468
52.9289 86.241
52.4233 82.4424
51.9201 78.6616
51.9045 78.7207
51.8854 78.7925
51.869 78.8542
51.8511 78.9216
51.8313 78.9963
51.8118 79.0694
51.7933 79.1394
51.7751 79.2077
51.7553 79.2824
51.7391 79.3432
51.7213 79.4104
51.7029 79.4795
51.6847 79.548
51.6661 79.6181
51.646 79.694
51.6278 79.7622
51.6075 79.8388
51.5886 79.9097
51.5713 79.9751
51.5534 80.0425
51.5274 80.1402
51.4996 80.245
51.469 80.3601
51.4391 80.4727
51.4074 80.5923
51.4074 80.5923
51.4074 80.5923
51.4074 80.5923
51.4074 80.5923
51.4074 80.5923
51.4074 80.5923
51.4074 80.5923
51.4074 80.5923
46.2756 73.6473
46.2466 73.5948
46.2189 73.5446
46.1299 73.3837
46.0335 73.2094
45.8983 72.965
45.758 72.7114
45.5947 72.4162
45.4415 72.1392
45.2953 71.8751
45.1584 71.6275
45.0203 71.3779
44.8809 71.126
44.7245 70.8433
44.5572 70.5408
44.3979 70.2529
44.2553 69.9951
44.1191 69.749
43.8481 69.2591
43.375 68.4036
42.8971 67.5393
42.4329 66.6999
41.9244 65.7804
41.4787 64.9743
41.1588 64.3959
40.87 63.8739
40.6036 63.3924
40.3088 62.8594
40.0714 62.4302
39.8512 62.0322
39.6341 61.6397
39.4175 61.2483
39.2056 60.8653
38.9717 60.4425
38.1211 58.9037
37.444 57.6793
36.8071 56.5274
36.1656 55.3672
35.4631 55.8858
34.96 56.2573
34.4407 56.6407
33.9898 56.9737
33.2583 57.5137
32.4357 58.1211
31.495 58.8155
30.3377 59.6698
29.8183 60.0533
29.4841 60.3001
29.4841 60.3001
29.4841 60.3001
29.4841 60.3001
29.4841 60.3001
29.4841 60.3001
29.4841 60.3001
29.4841 60.3001
29.4841 60.3001
29.4841 60.3001
29.2981 61.4313
29.2841 61.517
29.2703 61.6007
29.256 61.688
29.4619 62.9299
29.6777 64.2314
29.9001 65.5721
30.1175 66.8829
30.1913 67.3417
30.2662 67.8074
30.3423 68.2813
30.4195 68.7615
30.5013 69.2702
30.5858 69.7955
30.6714 70.3284
30.7637 70.9026
30.8515 71.4479
30.8515 71.4479
30.8515 71.448
30.8515 71.448
30.8515 71.448
30.8515 71.448
30.8515 71.448
31.0359 71.9025
31.2337 72.39
31.4485 72.9194
31.719 73.5862
32.0377 74.3718
32.398 75.2601
32.7063 76.0201
33.089 76.9636
33.4391 77.8267
33.7531 78.6006
34.2413 79.8044
34.7341 81.0193
34.9868 81.6423
35.2303 82.2423
35.4671 82.826
35.6739 83.3356
35.9155 83.9312
36.156 84.524
36.4023 85.1311
36.6278 85.6868
36.9569 86.4982
37.4399 87.6892
37.6094 88.1069
37.7574 88.4716
37.8833 88.7819
37.978 89.0153
38.0756 89.2559
38.1781 89.5086
38.2671 89.7278
38.3649 89.9687
38.4612 90.2063
38.5614 90.4531
38.6404 90.6479
38.7112 90.8224
38.7855 91.0055
38.8589 91.1863
38.9302 91.362
39.0089 91.556
38.9195 91.5418
38.8334 91.5281
38.7499 91.5148
38.6717 91.5024
38.5813 91.488
38.4974 91.4747
38.4176 91.462
38.3359 91.449
38.2572 91.4365
38.1724 91.423
38.0871 91.4094
38.0073 91.3967
37.9319 91.3847
37.851 91.3719
37.6412 91.3385
37.4392 91.3064
37.2113 91.2701
36.6715 91.1842
36.1427 91.1
35.5412 91.0043
34.9273 90.9065
34.6109 90.8562
34.2912 90.8053
34.0108 90.7607
33.7228 90.7149
33.438 90.6696
33.1568 90.6249
32.8714 90.5795
32.6047 90.5371
32.3241 90.4925
32.0338 90.4463
31.7384 90.3994
31.4657 90.356
31.156 90.3067
30.8519 90.2584
30.5314 90.2074
30.2141 90.1569
29.8896 90.1053
29.5491 90.0511
29.4154 90.0299
29.2782 90.008
29.1547 89.9884
29.0205 89.9671
28.9604 89.862
28.9066 89.768
28.8475 89.6648
28.7915 89.567
28.7341 89.4666
28.6786 89.3697
28.6241 89.2744
28.57 89.1799
28.5098 89.0748
28.4566 88.9819
28.4021 88.8866
28.3402 88.7785
28.2784 88.6704
28.218 88.565
28.157 88.4584
25.3845 83.6144
24.9972 83.8694
24.5974 84.1327
24.1936 84.3984
23.5455 84.8251
23.3707 84.9402
23.1293 85.0992
22.8926 85.2551
22.4527 85.5446
21.9636 85.8666
21.4621 86.1967
20.924 86.5509
20.5555 86.7935
20.2543 86.9919
19.9776 87.1741
19.7092 87.3508
19.4416 87.5271
19.2596 87.647
19.0707 87.7713
18.8929 87.8885
18.7347 87.9927
18.5766 88.0968
18.4131 88.2046
18.2471 88.3139
18.0875 88.419
17.9275 88.5245
17.7498 88.6415
17.5721 88.7586
17.3778 88.8866
17.1725 89.0218
16.102 89.5748
15.0063 90.1408
15.0063 90.1408
15.0063 90.1408
15.0063 90.1408
15.0063 90.1408
15.0063 90.1408
15.0063 90.1408
15.0063 90.1408
15.0063 90.1408
14.6656 90.0608
14.3174 89.979
13.9059 89.8822
13.5017 89.7872
13.0122 89.672
12.5753 89.5693
12.0611 89.4484
11.5521 89.3287
11.0124 89.2018
10.4684 89.0738
9.95383 88.9527
9.4681 88.8383
9.01715 88.7323
9.01714 88.7323
9.01713 88.7323
9.01712 88.7323
9.01712 88.7323
9.01711 88.7323
9.0171 88.7323
9.01709 88.7323
9.01708 88.7323
9.01707 88.7323
9.01706 88.7323
9.01705 88.7323
9.01704 88.7323
9.01703 88.7323
9.01702 88.7323
9.01701 88.7323
9.017 88.7323
9.01699 88.7323
9.01698 88.7323
9.01696 88.7323
9.01695 88.7323
8.86509 87.4264
8.70561 86.0551
8.56408 84.8395
8.56408 84.8395
8.56408 84.8395
8.56408 84.8395
8.56408 84.8395
8.56408 84.8395
8.56408 84.8395
8.56408 84.8395
8.56408 84.8395
8.56408 84.8395
8.56408 84.8395
8.56408 84.8395
8.56408 84.8395
8.56408 84.8395
8.56408 84.8395
8.56408 84.8395
8.56408 84.8395
8.56408 84.8395
8.56408 84.8395
8.56408 84.8395
8.56408 84.8395
8.57699 84.7823
8.58956 84.7266
8.60273 84.6683
8.61414 84.6177
8.66639 84.3862
8.72327 84.1342
8.78287 83.8702
8.83397 83.6438
8.88571 83.4145
8.93394 83.2007
8.98007 82.9963
9.03079 82.7715
9.08476 82.5324
9.12518 82.3532
9.16529 82.1754
9.26056 81.7532
9.39584 81.154
9.56043 80.4252
9.74317 79.6161
9.78152 79.4462
9.81632 79.292
9.85038 79.141
9.88445 78.99
9.92067 78.8295
9.95614 78.6723
9.99299 78.509
10.0292 78.3483
10.0661 78.1849
10.1078 78.0004
10.154 77.7958
10.1974 77.6034
10.2332 77.4447
10.2631 77.3123
10.292 77.184
10.3216 77.0531
10.3609 76.8788
10.4042 76.6871
10.4367 76.5427
10.4685 76.402
10.5033 76.248
10.5413 76.0794
10.5792 75.9116
10.9021 75.9287
11.2389 75.9466
11.5727 75.9642
11.937 75.9835
12.3139 76.0035
12.7063 76.0242
13.0941 76.0448
13.4857 76.0655
13.8893 76.0868
14.2881 76.1079
14.6903 76.1292
15.1028 76.151
15.879 76.1919
16.6843 76.2344
17.4913 76.2769
18.3385 76.3216
19.2787 76.3711
20.2591 76.4227
21.2669 76.4758
22.2558 76.5278
23.3298 76.5843
24.3711 76.6391
24.4395 76.2082
24.5026 75.8108
24.5711 75.3791
24.6433 74.9248
24.716 74.4664
24.7902 73.9992
24.8647 73.5298
24.9535 72.9704
25.0298 72.49
25.1098 71.9858
25.1832 71.5237
25.2488 71.1106
25.3119 70.7132
25.375 70.3153
25.1817 70.1653
24.9967 70.0217
24.8296 69.8919
24.574 69.6935
24.302 69.4824
24.0867 69.3153
23.8762 69.1519
23.6602 68.9843
23.4566 68.8262
23.2542 68.6691
23.0638 68.5213
22.8964 68.3913
22.7318 68.2635
22.5673 68.1357
22.3978 68.0042
22.2259 67.8707
22.0548 67.7379
21.8849 67.606
21.7142 67.4735
21.5336 67.3332
21.3494 67.1903
21.1741 67.0542
20.7822 66.75
20.2599 66.3447
19.7792 65.9717
19.3442 65.6341
18.9039 65.2923
18.4718 64.957
18.0216 64.6076
17.5847 64.2685
17.1543 63.9345
16.7019 63.5834
16.2387 63.2239
15.7869 62.8733
15.3363 62.5236
15.3345 62.5283
15.3329 62.5323
15.3313 62.5367
15.33 62.5401
15.3284 62.5443
15.3262 62.5496
15.3244 62.5544
15.3225 62.5592
15.3208 62.5637
10.1657 64.1435
10.1657 64.1435
10.1657 64.1436
10.1657 64.1436
10.1657 64.1436
10.1656 64.1436
10.1656 64.1436
10.1656 64.1436
10.1656 64.1436
10.1656 64.1436
10.1872 64.0206
10.2101 63.8899
10.2358 63.744
10.2658 63.5728
10.3019 63.3675
10.3297 63.2096
10.352 63.0826
10.3714 62.9717
10.39 62.8662
10.4163 62.7164
10.4432 62.5632
10.4735 62.3905
10.5027 62.2243
10.5307 62.065
10.5601 61.8975
10.5926 61.7125
10.6232 61.5383
10.6565 61.3487
10.6928 61.1418
10.7269 60.9477
10.7656 60.7272
10.8103 60.473
10.9504 60.3265
11.0829 60.188
11.2017 60.0638
11.3383 59.921
11.3383 59.921
11.3384 59.921
11.3384 59.9209
11.3384 59.9209
11.3385 59.9209
11.3385 59.9209
11.3385 59.9208
11.3385 59.9208
11.3386 59.9208
15.138 56.1275
15.74 55.5261
16.2783 54.9883
16.7682 54.4987
17.2405 54.0268
17.6046 53.6631
17.9689 53.299
18.3246 52.9435
18.6828 52.5857
19.0575 52.2113
19.5486 51.7205
19.2472 51.4935
18.9344 51.2579
18.6243 51.0243
18.3178 50.7934
18.0049 50.5577
17.6854 50.3171
17.3579 50.0703
16.8396 49.6798
15.7996 48.8961
14.5549 47.958
13.2269 46.9571
11.9165 45.9694
11.8667 45.9319
11.8173 45.8947
11.7725 45.8609
11.7237 45.8241
11.6797 45.791
11.6337 45.7563
11.5912 45.7243
11.5438 45.6885
11.4968 45.6531
11.4531 45.6202
11.4089 45.5869
11.3613 45.551
11.3211 45.5208
11.2802 45.4899
11.238 45.4581
11.1938 45.4248
11.152 45.3933
11.1021 45.3557
11.0624 45.3258
11.0253 45.2978
11.1058 44.3312
11.2158 43.0089
11.2363 42.7621
11.257 42.5146
11.2777 42.2669
11.2966 42.0393
11.316 41.8068
11.3359 41.5694
11.3551 41.3391
11.3769 41.0771
11.4039 40.7535
11.4393 40.3287
11.4931 39.6834
11.5543 38.9472
11.6364 37.9602
11.6695 37.5639
11.7032 37.1593
11.7032 37.1593
11.7032 37.1593
11.7032 37.1593
11.7032 37.1593
11.4061 36.3072
11.1836 35.6691
10.9541 35.0111
10.7197 34.3389
10.7197 34.3389
10.7197 34.3389
10.7197 34.3389
10.7197 34.3389
10.7197 34.3389
10.7197 34.3389
10.7684 32.3574
10.8165 30.3946
10.8658 28.3826
10.9159 26.3523
10.9667 24.2913
11.0057 22.7006
11.045 21.0942
11.0864 19.4045
11.1291 17.6639
11.1708 15.9624
11.2541 16.0217
11.3444 16.0859
11.4208 16.1402
11.4937 16.1921
11.5743 16.2495
11.6602 16.3106
11.7481 16.3731
11.8403 16.4387
11.9414 16.5106
12.0183 16.5653
12.0959 16.6205
12.3941 16.8326
12.7175 17.0627
12.9156 17.2036
13.1292 17.3557
13.3269 17.4963
13.5337 17.6434
13.7128 17.7708
13.9178 17.9167
14.1196 18.0602
14.308 18.1943
14.5157 18.342
14.7378 18.5
22.1865 23.7989
22.4648 23.9969
22.7592 24.2064
23.0761 24.4318
23.3593 24.6333
23.6339 24.8287
23.8793 25.0033
24.1111 25.1682
24.3493 25.3377
24.5828 25.5038
24.8424 25.6885
25.0751 25.854
25.3324 26.0371
25.6218 26.243
25.7219 27.0886
25.8565 28.2262
25.9694 29.18
26.0571 29.9214
26.1301 30.5384
27.1731 39.3604
27.2893 40.3421
27.4504 41.7032
27.9861 46.2329
28.0438 46.2264
28.1043 46.2196
28.1633 46.2129
28.2259 46.2058
28.2778 46.2
28.3289 46.1942
28.3898 46.1873
28.456 46.1798
28.5217 46.1724
28.584 46.1654
28.6515 46.1578
28.7138 46.1507
28.784 46.1428
28.8424 46.1362
28.9061 46.129
28.9692 46.1219
29.0295 46.1151
29.5405 46.0573
30.0219 46.0028
30.4494 45.9544
30.8546 45.9086
31.1945 45.8701
31.527 45.8325
31.8688 45.7938
32.2403 45.7518
32.621 45.7087
32.929 45.6738
33.2466 45.6379
33.5728 45.601
33.9253 45.5611
34.2789 45.5211
34.6264 45.4817
34.9876 45.4409
35.3622 45.3985
35.7678 45.3526
36.3641 45.2852
36.691 45.2482
36.968 45.2168
37.2257 45.1877
37.5176 45.1546
37.8028 45.1223
38.3127 45.0647
41.5253 45
43.1729 44.9665
44.6906 44.9356
44.7384 44.8991
44.7853 44.8632
44.8298 44.8291
44.8787 44.7917
44.9247 44.7566
44.9771 44.7165
45.0268 44.6784
45.1281 44.4528
45.2327 44.2201
45.3341 43.9942
45.4402 43.758
45.5496 43.5144
45.6522 43.2858
45.7585 43.0492
45.8701 42.8007
46.0231 42.46
46.164 42.1463
46.2736 41.902
46.442 41.5271
46.6392 41.0879
46.8495 40.6196
47.1074 40.0451
47.3541 39.4958
47.601 38.9458
47.7931 38.518
47.9482 38.1725
48.0909 37.8548
48.2228 37.5611
48.3615 37.2523
48.5162 36.9077
48.652 36.6055
48.7852 36.3088
48.9212 36.006
49.0705 35.6735
49.2009 35.3832
49.335 35.0845
49.3397 34.9639
49.3445 34.8408
49.353 34.6234
49.3619 34.3948
49.3699 34.1888
49.3779 33.9825
49.3861 33.7726
49.3939 33.5703
49.4016 33.3733
49.4096 33.1684
49.4174 32.9683
49.4243 32.7902
44.3137 29.7227
42.3006 28.5157
42.0808 28.3841
41.8607 28.2523
41.6402 28.1202
41.319 27.9278
40.9954 27.734
40.6637 27.5353
40.0182 27.1485
39.3324 26.7376
38.1239 26.0131
36.8855 25.2706
35.6504 24.5302
35.4587 24.4154
35.2728 24.304
35.0612 24.1774
34.8617 24.0579
35.4662 22.8871
36.2818 21.307
36.6742 20.5473
37.1043 19.7144
37.5556 18.8405
38.0205 17.9401
38.4445 17.1189
38.4445 17.1189
39.4026 17.0288
41.0531 16.8737
42.8595 16.704
45.3479 16.4703
58.9007 15.2001
61.6829 18.2718
63.8127 20.623
64.0462 20.881
65.3154 20.8107
67.1473 20.7095
69.2903 20.5911
69.8001 20.5627
70.3544 20.532
70.9312 20.5
71.541 20.4661
72.259 20.4263
73.0538 20.3822
75.6224 20.2405
