0,345,260,243,483,979,98,627,590,195,466,920,745,274,835,520,33,583,553,425,932,967,497,334,506,684,977,107,242,383,170,198,838,136,951,201,884,387,190,850,656,420,332,385,650,110,941,767,867,852,962,71,904,393,51,775,975,900,204,528,152,372,889,322,159,740,648,473,725,25,311,685,660,450,622,149,983,820,135,742,52,666,893,353,813,580,928,817,464,494,992,318,285,145,544,854,42,177,158,251,654,297,83,18,837,744,579,818,290,937,864,801,317,800,417,832,465,395,481,845,313,567,9,984,536,202,620,477,335,12,624,378,737,823,584,541,82,880,713,659,866,947,814,415,408,156,259,273,861,952,882,774,636,887,434,763,980,690,754,406,369,319,782,826,179,931,62,816,320,911,856,367,618,185,118,896,961,511,344,129,851,766,532,206,40,516,563,530,309,389,172,23,265,874,139,181,5,746,105,165,974,375,253,22,877,437,559,231,752,569,343,305,738,239,53,548,193,840,649,394,806,638,449,786,441,271,808,448,73,470,707,146,96,672,230,256,539,610,428,409,72,92,292,954,2,773,919,613,795,392,150,871,859,120,768,430,456,761,960,491,28,15,521,714,20,431,249,611,776,651,227,115,631,306,593,13,200,58,442,17,95,236,288,750,304,435,380,386,827,711,213,153,892,405,736,693,263,868,628,444,364,988,678,547,570,830,753,916,695,462,360,699,469,905,108,914,316,495,300,301,90,401,426,982,953,585,169,247,240,447,557,719,138,933,973,637,446,399,568,325,969,106,436,39,199,803,890,31,955,178,718,728,546,556,759,991,75,554,792,517,607,944,734,81,114,119,799,703,686,371,277,939,966,717,764,726,132,361,255,272,924,376,657,503,97,879,411,162,381,445,298,224,77,639,433,615,203,14,694,207,971,552,701,825,88,427,321,551,346,780,326,244,457,400,608,888,550,500,482,113,339,266,860,1,374,796,948,48,635,368,167,76,50,885,443,886,41,696,44,184,946,418,429,815,502,560,93,697,36,424,833,712,490,183,918,578,296,220,757,275,479,99,333,487,604,600,927,60,591,454,537,587,733,789,950,772,130,965,730,574,571,526,382,398,658,599,640,729,957,720,223,16,327,524,171,903,956,910,175,809,233,79,501,390,163,715,596,929,308,645,461,267,30,291,765,127,54,137,788,756,688,533,908,621,735,522,603,891,493,545,276,269,413,194,748,397,155,778,619,525,302,370,7,706,655,38,356,612,876,535,147,687,237,388,508,11,529,664,32,148,869,543,65,723,403,486,938,438,422,510,324,49,913,89,705,601,451,34,589,196,677,698,329,507,897,846,565,981,349,630,168,739,665,680,970,925,667,747,691,3,131,303,534,192,219,784,214,708,347,234,531,338,142,174,122,760,59,616,222,228,901,949,858,771,731,749,663,496,37,758,797,475,283,633,341,391,336,78,423,849,384,123,330,46,499,212,47,166,100,972,527,157,116,489,805,770,218,328,542,128,909,279,352,57,700,936,863,985,133,652,841,312,958,990,87,154,182,505,476,373,463,549,125,829,121,602,348,402,641,673,836,366,412,899,474,661,254,331,943,10,514,455,710,898,963,794,86,4,646,61,299,572,74,362,258,741,268,722,211,8,488,682,187,588,674,881,629,812,221,824,307,915,439,354,902,702,64,669,787,284,351,363,573,407,626,643,246,518,111,310,934,287,709,834,337,26,883,379,822,164,653,704,289,257,160,586,419,191,865,467,935,250,261,278,480,205,811,679,151,566,421,917,790,989,414,69,853,785,342,594,848,783,906,843,492,512,197,281,945,472,862,452,692,870,716,922,63,186,210,161,101,188,471,798,85,180,498,597,793,839,912,484,104,264,743,804,84,576,732,558,855,350,895,453,216,676,614,144,404,755,540,226,235,365,459,225,632,410,779,683,21,270,241,189,689,976,724,562,56,252,124,872,894,359,134,561,523,141,662,248,986,807,564,857,878,416,215,987,229,80,109,140,94,126,968,769,802,513,575,294,940,245,671,582,642,921,280,605,847,315,964,625,460,509,727,208,238,68,762,35,617,810,791,432,91,112,440,668,468,262,907,67,595,647,485,515,340,173,478,282,577,923,396,519,942,217,66,355,844,117,43,102,978,538,286,293,623,70,232,670,842,377,45,606,644,875,19,634,926,323,675,609,592,29,143,357,598,27,828,781,959,831,6,821,458,358,930,504,55,873,681,314,751,209,555,176,24,581,819,777,295,103,721,
value : 512.868 running time : 41.920400
80 20
84.7563 18.1724
86.2684 17.5916
86.2684 17.5916
86.2684 17.5916
86.1977 18.6249
85.9018 22.9543
85.8708 23.4074
85.2443 32.5734
84.7516 39.7811
84.6686 40.9947
84.6223 41.6706
84.5939 42.087
84.563 42.5384
84.5314 42.9997
84.4993 43.469
84.4612 44.026
83.9975 50.8102
83.9975 50.8102
84.0911 51.4973
84.1939 52.2511
84.2986 53.0189
84.4099 53.8355
83.8677 54.3747
83.535 54.7057
83.1914 55.0473
82.86 55.377
82.5485 55.6868
82.1683 56.0649
81.7761 56.455
81.5385 56.6913
81.2487 56.9795
80.9491 57.2775
80.6431 57.5818
80.284 57.939
79.7634 58.4568
79.3689 58.8491
78.2009 60.0109
76.6127 61.5907
76.5862 61.739
76.5571 61.9013
76.5268 62.0708
76.4959 62.2434
76.4681 62.3984
76.4437 62.5349
76.4185 62.6754
76.3948 62.8078
76.369 62.9523
76.0908 64.5058
75.9035 65.5518
75.6986 66.6962
75.5187 67.7012
75.5187 67.7012
75.5187 67.7012
76.8509 69.5226
78.6244 71.9473
78.9236 72.3565
79.2643 72.8223
79.6766 73.386
80.0212 73.8572
80.3534 74.3114
86.0167 82.0537
85.9539 82.1193
85.892 82.1839
85.8336 82.2449
85.7825 82.2983
85.7284 82.3548
85.6752 82.4104
85.6229 82.465
85.5779 82.5119
85.5288 82.5632
85.4692 82.6255
85.4139 82.6833
85.3433 82.757
78.1662 90.2527
77.9943 90.4322
77.9102 90.5201
77.825 90.609
77.7395 90.6984
77.6607 90.7807
77.5633 90.8824
77.5633 90.8824
77.5633 90.8824
77.5633 90.8824
77.5633 90.8824
77.5633 90.8824
77.5633 90.8824
73.6408 87.7628
72.5191 86.8704
71.7453 86.2547
70.6556 85.3879
70.5903 85.3209
70.5167 85.2455
70.4425 85.1695
70.3725 85.0979
70.2973 85.0208
70.2189 84.9405
70.139 84.8587
70.0619 84.7797
69.9802 84.696
69.8492 84.5618
69.8236 84.5356
69.7979 84.5093
69.7723 84.4831
69.7477 84.4579
69.724 84.4336
69.7009 84.4099
69.3752 84.4449
69.024 84.4827
68.1852 84.5729
67.3157 84.6664
66.0053 84.8073
64.9858 84.917
64.0655 85.016
64.0655 85.016
63.8727 85.0688
63.695 85.1175
63.5084 85.1686
63.3275 85.2182
63.1404 85.2694
62.9426 85.3237
62.7845 85.367
62.6211 85.4117
61.5592 86.4032
60.5667 87.3299
60.5667 87.3299
60.5667 87.3299
59.7329 87.444
58.8807 87.5606
58.0913 87.6687
57.3159 87.7748
57.0736 87.8079
56.8201 87.8425
56.566 87.8772
55.0788 88.0811
53.5625 88.289
53.4907 88.2988
53.4362 88.3063
53.3773 88.3143
53.3222 88.3218
53.2701 88.3289
53.2268 88.3349
53.1794 88.3413
53.1364 88.3472
53.0898 88.3536
53.0447 88.3597
53.0039 88.3653
52.9616 88.3711
52.8934 88.3804
52.8296 88.3891
52.7654 88.3979
52.7031 88.4064
52.6415 88.4148
52.583 88.4228
52.5178 88.4317
52.4525 88.4406
52.3981 88.448
52.3413 88.4558
52.2796 88.4642
52.2164 88.4728
52.1582 88.4808
52.091 88.49
52.0343 88.4977
51.9725 88.5061
51.917 88.5137
51.8641 88.5209
51.7984 88.5299
51.7351 88.5385
51.6658 88.548
51.6051 88.5563
51.5388 88.5654
51.4672 88.5751
51.3968 88.5848
51.3295 88.5939
51.0908 88.6265
50.8446 88.6602
50.5926 88.6946
50.3659 88.7256
50.142 88.7562
49.5433 88.838
49.0664 88.9032
48.5472 88.9742
48.5472 88.9742
48.5472 88.9742
48.5472 88.9742
48.5472 88.9742
48.5472 88.9742
48.5472 88.9742
48.5472 88.9742
48.5472 88.9742
48.5471 88.9742
48.5471 88.9742
42.6492 89.0952
42.0404 89.1079
41.3682 89.1218
41.1985 89.1253
41.0349 89.1287
40.8525 89.1325
40.6459 89.1368
40.3827 89.1423
40.0985 89.1482
39.8516 89.1533
39.5678 89.1592
39.366 89.1634
39.1653 89.1676
38.9682 89.1716
38.7703 89.1758
38.5209 89.1809
38.2963 89.1856
38.0928 89.1898
37.8922 89.194
37.668 89.1987
37.4085 89.2041
37.1776 89.2088
36.9073 89.2145
36.6355 89.2201
36.3852 89.2253
35.8121 89.2372
35.2068 89.2498
34.5553 89.2633
33.8525 89.2778
33.182 89.2917
32.545 89.305
31.5136 89.3263
30.5295 89.3467
30.51 89.3471
30.4891 89.3475
30.4687 89.348
30.4459 89.3484
30.4255 89.3489
30.4046 89.3493
30.3828 89.3498
30.3598 89.3502
30.3383 89.3507
30.3179 89.3511
30.2963 89.3516
30.2747 89.352
30.069 89.3563
29.8967 89.3598
29.7274 89.3634
29.5795 89.3664
29.4182 89.3698
29.2603 89.3731
29.0585 89.3773
28.8659 89.3813
28.6684 89.3854
28.4745 89.3894
28.2752 89.3935
28.0402 89.3984
27.8035 89.4033
27.5404 89.4088
27.2679 89.4145
27.0412 89.4192
26.8219 89.4237
26.5861 89.4286
26.3672 89.4332
26.1504 89.4377
25.9458 89.4419
25.7428 89.4462
25.3361 89.4546
24.9734 89.4621
24.5852 89.4702
24.2893 89.4763
23.9968 89.4824
23.7197 89.4881
23.3788 89.4952
23.0481 89.5021
22.7251 89.5088
22.2727 89.5182
21.87 89.5265
21.4563 89.5351
21.074 89.543
20.7082 89.5506
19.996 89.5654
19.0056 89.5858
17.9407 89.6078
16.8862 89.6296
16.4059 89.6395
15.8837 89.6503
15.373 89.6609
14.8519 89.6717
14.3324 89.6825
13.8443 89.6926
13.2716 89.7044
12.7432 89.7154
12.2067 89.7265
11.7881 89.7352
11.4176 89.7429
11.0205 89.7511
10.656 89.7586
10.2915 89.7662
10.283 89.7664
10.2741 89.7666
10.2641 89.7668
10.2547 89.767
10.2451 89.7672
10.235 89.7674
10.2252 89.7676
10.2166 89.7678
10.2071 89.768
10.1971 89.7682
10.1868 89.7684
10.2022 89.2488
10.2187 88.69
10.2353 88.1282
10.2492 87.6545
10.2509 87.5994
10.2529 87.5311
10.2548 87.4667
10.2566 87.4051
10.2588 87.3294
10.2608 87.2617
10.2629 87.1909
10.2648 87.1248
10.2667 87.0629
10.2685 86.9999
10.2706 86.9303
10.2726 86.8612
10.2746 86.7932
10.2766 86.7266
10.2787 86.6535
10.2806 86.5905
10.2825 86.5246
10.2843 86.4654
10.286 86.4055
10.2879 86.3433
10.2901 86.2689
10.292 86.2022
10.2941 86.1321
10.2959 86.0696
10.2979 86.003
10.2999 85.9352
10.3017 85.8749
10.3036 85.8102
10.3058 85.7346
10.3082 85.6527
10.3105 85.5736
10.3129 85.4945
10.315 85.4207
10.3174 85.3394
10.3195 85.2697
10.3217 85.195
10.3243 85.1048
10.3265 85.0297
10.3405 84.5554
10.3565 84.0138
10.3743 83.4115
10.3895 82.8966
10.4044 82.3917
10.4191 81.8925
10.4334 81.4064
10.4496 80.8577
10.4643 80.3579
10.4797 79.8369
10.4941 79.3489
10.5095 78.8244
10.5243 78.3247
10.5403 77.7813
10.5577 77.1896
10.5882 76.1601
10.6033 75.6474
10.6171 75.1798
10.6375 74.4895
10.6504 74.0505
10.6621 73.6546
10.6717 73.3289
10.6816 72.9912
10.6908 72.6815
10.6974 72.4552
10.7047 72.2088
10.7112 71.9859
10.7181 71.7542
11.0225 71.6232
11.4302 71.4477
11.8845 71.2522
11.8948 71.2733
11.9029 71.2901
11.9111 71.307
11.9181 71.3214
11.9264 71.3386
11.9348 71.3558
11.9422 71.3711
11.9508 71.3887
11.9588 71.4053
11.9663 71.4208
11.974 71.4366
11.9819 71.4529
11.9896 71.4688
11.9968 71.4835
12.0048 71.5001
12.0132 71.5173
12.0212 71.5338
12.0289 71.5497
12.038 71.5685
12.0472 71.5875
12.0556 71.6048
12.0613 71.6166
12.0613 71.6166
12.0613 71.6166
12.0613 71.6166
14.3723 73.7544
14.4338 73.9899
14.5 74.2434
14.5671 74.5008
14.6307 74.7442
14.684 74.9484
14.7497 75.2001
14.8132 75.4435
14.8745 75.6784
14.9397 75.9282
14.9998 76.1586
15.0611 76.3936
15.1161 76.6041
15.1727 76.8212
15.2358 77.0629
15.291 77.2744
15.3489 77.4962
15.4002 77.6926
15.4538 77.8982
15.5655 78.3261
15.6847 78.7827
15.7981 79.2173
15.9302 79.7238
16.0873 80.3257
16.0873 80.3257
16.0873 80.3257
16.0873 80.3257
16.459 80.5808
16.8395 80.842
17.2189 81.1023
17.5165 81.3066
17.7314 81.4541
17.9101 81.5767
18.0864 81.6977
18.2392 81.8026
18.4094 81.9193
18.5954 82.047
18.7733 82.1691
18.8731 82.2376
18.9046 82.113
18.932 82.0045
18.9553 81.9124
18.9819 81.8074
19.0044 81.7182
19.0317 81.6104
19.621 81.9733
20.2919 82.3865
21.0102 82.8288
21.717 83.2642
21.8241 82.9817
21.9297 82.7032
22.0417 82.4078
22.1965 81.9993
22.3505 81.5931
22.5342 81.1083
22.7907 80.4312
23.0495 79.7481
23.3093 79.0623
23.5557 78.4122
23.8015 77.7635
24.0187 77.1903
24.238 76.6117
24.4537 76.0425
24.6717 75.4673
24.9067 74.8469
25.1357 74.2426
25.3673 73.6315
25.5968 73.0259
25.8375 72.3909
26.0681 71.7822
26.3131 71.1356
26.5693 70.4594
26.8187 69.8012
27.0507 69.1891
27.2934 68.5487
27.5601 67.8447
27.5601 67.8447
27.5601 67.8447
27.5601 67.8446
27.5601 67.8446
27.5601 67.8446
27.5601 67.8446
27.5601 67.8446
27.5601 67.8446
27.5601 67.8446
27.5601 67.8446
27.5601 67.8446
27.5601 67.8446
27.5601 67.8446
27.5601 67.8446
27.5601 67.8446
27.7035 67.5148
27.9287 66.9968
28.1589 66.4671
28.6442 65.3515
29.0781 64.3539
29.5109 63.3586
29.628 63.0892
29.7568 62.793
29.8886 62.4897
30.0119 62.2058
30.1301 61.9339
30.2455 61.6682
30.3684 61.3855
30.4924 61.1001
30.6649 60.7032
30.8555 60.2648
31.0545 59.8069
31.2453 59.368
31.4501 58.8969
31.6623 58.4088
31.8088 58.0716
31.9586 57.727
32.1073 57.3846
32.2677 57.0156
32.4324 56.6366
32.5829 56.2903
32.7395 55.93
32.9065 55.5459
33.0877 55.129
33.2739 54.7006
33.4592 54.2742
33.6488 53.838
33.8265 53.496
33.9521 53.2543
34.2705 52.6415
34.5261 52.1496
34.7904 51.6408
35.0605 51.121
35.4627 50.3469
36.1648 48.9955
35.8001 48.7943
35.4646 48.6092
35.16 48.4411
34.7995 48.2422
34.482 48.0671
34.235 47.9308
33.9272 47.761
33.6088 47.5853
33.3019 47.416
33.0268 47.2642
32.763 47.1186
32.3016 46.8641
31.8533 46.6167
31.3883 46.3602
31.0659 46.1823
30.7504 46.0082
30.0187 45.6046
29.9188 45.5494
29.8014 45.4847
29.6942 45.4255
29.5764 45.3605
29.4667 45.3
29.222 45.165
29.0001 45.0426
28.7618 44.9111
28.533 44.7849
28.3074 44.6604
28.0742 44.5318
27.885 44.4274
27.7171 44.3347
27.5665 44.2516
27.3911 44.1549
27.3911 44.1549
27.3911 44.1549
27.3911 44.1549
26.2849 46.0857
25.777 46.9723
25.195 47.9883
24.8767 48.5439
24.5968 49.0325
24.3439 49.4741
23.7348 50.5373
23.009 51.8042
21.7888 53.934
20.7307 55.7809
20.3297 56.4809
19.9434 57.1554
19.5581 57.828
19.2463 58.3723
18.9655 58.8624
18.6996 59.3266
18.3593 59.9207
18.0495 60.4615
17.703 61.0663
17.352 61.6791
17.0045 62.2857
16.6228 62.952
16.1608 63.7584
15.5529 64.8195
14.9861 65.8089
14.3551 65.4948
13.7487 65.1929
13.297 64.968
12.7892 64.7152
12.2717 64.4576
11.9102 64.2776
11.8797 63.4456
11.8511 62.6653
11.8284 62.0469
11.8025 61.3415
11.7742 60.5712
11.752 59.9659
11.7466 59.8166
11.7406 59.6542
11.7339 59.4704
11.7266 59.2725
11.7202 59.0972
11.7145 58.9436
11.7082 58.7723
11.7017 58.5954
11.6954 58.4236
11.6868 58.1871
11.6868 58.1871
11.6868 58.1871
13.0902 56.5934
14.9543 54.4767
15.7512 53.5719
15.974 53.6332
16.2188 53.7007
16.8892 53.8853
16.6543 53.4738
16.4472 53.1111
16.2314 52.7331
16.025 52.3715
15.9762 52.2861
15.9308 52.2066
15.8861 52.1283
15.8409 52.049
15.1605 51.5548
14.4934 51.0703
13.8221 50.5826
12.4891 49.614
12.3821 49.5363
12.2174 49.4167
12.0685 49.3086
11.8993 49.1857
11.7221 49.0571
11.5358 48.9218
11.3543 48.7899
11.3414 48.1206
11.3299 47.5215
11.319 46.9529
11.31 46.4865
11.3017 46.0512
11.3017 46.0512
11.3017 46.0512
11.3017 46.0512
11.3029 46.043
11.3041 46.035
11.3053 46.0271
11.3066 46.0184
11.3078 46.0099
11.3445 45.7622
11.3809 45.5162
11.4203 45.2505
11.4545 45.019
11.8618 42.2659
11.8709 42.23
11.8803 42.1928
11.8896 42.1558
11.8989 42.1191
11.9543 41.8998
12.0156 41.657
12.0922 41.3536
12.1536 41.1108
12.238 40.7765
12.3231 40.4394
12.3954 40.1535
12.4183 40.0625
12.4433 39.9635
12.472 39.85
12.5018 39.7322
12.5296 39.6222
12.5569 39.514
12.5805 39.4203
12.6057 39.3205
12.6352 39.2039
12.7174 38.8784
12.7955 38.5692
12.9506 37.9551
14.0107 33.7584
13.8725 32.8051
13.7151 31.7183
13.5337 30.4663
13.3119 28.9357
13.0924 27.4205
13.0608 27.2027
13.0309 26.9959
13.0004 26.7859
12.9704 26.579
12.9361 26.3422
12.9323 26.3159
12.9287 26.2911
12.9249 26.265
12.9212 26.2392
12.9174 26.2129
12.9174 26.2129
12.9174 26.2129
12.9174 26.2129
12.52 25.8812
12.2234 25.6336
11.9414 25.3983
11.6538 25.1581
11.6538 25.1581
11.6538 25.1581
11.6538 25.1581
11.8236 23.7312
11.9734 22.4712
12.0542 21.7941
12.1128 21.3027
12.1736 20.794
12.2372 20.2612
12.3182 19.5822
12.3984 18.9101
12.4948 18.1025
12.595 17.2622
12.7225 16.19
12.7225 16.19
12.7225 16.19
12.7225 16.19
12.7225 16.19
12.7225 16.19
12.7739 15.9136
12.8262 15.632
12.879 15.3475
12.9264 15.0923
12.9708 14.8536
26.6686 16.3144
26.9596 16.2974
27.2376 16.2812
27.4986 16.266
27.7808 16.2495
28.0695 16.2327
28.4451 16.2108
28.8753 16.1857
29.3461 16.1583
29.8116 16.1311
30.2696 16.1044
30.7737 16.075
31.3532 16.0413
31.9262 16.0079
32.4692 15.9762
32.9674 15.9471
33.4254 15.9204
33.907 15.8923
34.6804 15.8473
35.7343 15.7859
36.0855 16.7597
36.3845 17.589
36.6894 18.4346
36.9013 19.0221
37.1834 19.8043
37.4448 20.5293
37.6186 21.0112
37.8025 21.5211
37.9915 22.0453
38.1975 22.6165
38.3799 23.1224
38.5654 23.6366
38.5756 23.6651
38.5866 23.6954
38.5994 23.731
38.6112 23.7638
38.6217 23.7929
38.6327 23.8232
38.6432 23.8525
38.3815 25.4405
38.1533 26.826
37.6565 27.7346
37.1702 28.6238
36.8201 29.2638
36.3384 30.1446
35.8055 31.1193
35.3108 32.0239
34.8644 32.8402
35.5086 33.3851
36.1503 33.928
36.7972 34.4752
37.4687 35.0433
38.0526 35.5372
38.5833 35.9861
39.0864 36.4117
39.5695 36.8203
40.0291 37.209
41.1222 38.134
41.67 38.5974
42.2308 39.0717
44.4609 42.4371
45.8308 44.504
45.7774 44.8319
45.7245 45.1577
45.6744 45.4656
45.6221 45.7871
45.5699 46.1083
45.5171 46.4329
45.4656 46.7494
45.4108 47.0866
45.3622 47.3856
45.3133 47.6858
45.2638 47.9901
45.2146 48.293
45.1649 48.5984
45.0815 49.1118
44.9882 49.6864
44.8781 50.3648
44.7745 51.0025
44.6653 51.6753
44.5509 52.3802
44.4395 53.0668
44.4395 53.0669
44.4395 53.0669
44.4395 53.0669
44.4395 53.0669
44.4395 53.0669
44.264 54.0059
44.0602 55.096
43.8619 56.1567
43.6652 57.2094
43.4354 58.4385
43.2388 59.4903
43.0584 60.4557
42.9558 61.0047
42.858 61.5278
42.7542 62.083
42.6508 62.6364
42.5495 63.1787
42.3762 64.1055
42.187 65.1177
41.9663 66.2985
41.7144 67.6462
41.4354 69.1383
41.2198 70.2919
41.1995 70.4008
41.1772 70.52
41.146 70.6868
41.1107 70.8758
41.0803 71.0382
41.0509 71.1958
41.0188 71.3672
40.9912 71.5148
40.9643 71.6589
40.9394 71.7923
40.9128 71.9345
40.8832 72.0929
40.8505 72.2676
40.8186 72.4384
40.7894 72.5945
40.7563 72.7719
40.7218 72.9561
40.6834 73.1618
40.6409 73.3889
40.6012 73.6017
40.5744 73.7446
40.549 73.8808
40.5234 74.0175
40.4976 74.1557
40.4712 74.2967
40.4479 74.4214
40.4188 74.5772
40.3911 74.7253
40.3656 74.8617
40.3428 74.984
40.318 75.1166
40.235 75.5604
40.1395 76.0716
40.0596 76.4991
39.9566 77.0499
40.3121 76.9441
40.7032 76.8278
41.0687 76.719
41.3476 76.636
41.654 76.5448
41.9689 76.4511
42.2016 76.3819
42.4739 76.3008
44.533 75.6883
47.6933 74.7483
47.9845 74.6617
48.2065 74.5956
48.4849 74.5128
48.7317 74.4393
48.9839 74.3642
49.2256 74.2923
49.4807 74.2164
49.7133 74.1472
49.9356 74.081
50.1678 74.0119
50.4136 73.9388
50.4136 73.9388
50.4136 73.9388
50.4136 73.9388
50.7535 73.5242
51.0554 73.1559
51.3345 72.8154
51.7565 72.3006
52.2031 71.7559
52.8229 70.9998
53.3344 70.3757
53.7868 69.8239
54.2887 69.2116
54.7143 68.6924
55.0564 68.2751
55.4422 67.8045
55.8517 67.3049
55.9053 66.9561
55.9599 66.6009
56.012 66.2615
56.0597 65.9509
56.1081 65.636
56.1504 65.36
56.1957 65.0655
56.2383 64.7879
56.2783 64.5276
56.3247 64.2251
56.3879 63.8139
56.4605 63.3409
56.5339 62.8632
56.6127 62.3502
56.6953 61.8126
56.7298 61.5878
56.7636 61.368
56.8012 61.123
56.8399 60.8707
56.879 60.6161
56.9132 60.3938
56.9485 60.1633
56.9914 59.884
57.1424 58.9016
57.2982 57.8876
57.482 56.6919
57.6723 55.4532
57.8677 54.182
58.059 52.9376
58.2495 51.698
58.5432 49.7872
58.7591 48.3827
58.8484 47.8012
58.8484 47.8012
59.1073 47.7576
59.3431 47.7179
59.5879 47.6768
59.5977 47.5091
59.6065 47.3586
59.6188 47.1485
59.6364 46.8469
59.6654 46.353
59.6947 45.8533
59.7257 45.3256
59.7535 44.8504
59.772 44.535
59.7919 44.194
59.8099 43.8865
59.8268 43.5978
59.8438 43.306
59.8615 43.0042
59.8791 42.7036
61.0523 42.3038
62.308 41.8758
63.4115 41.4998
64.3662 41.1744
65.364 40.8344
66.0872 40.588
65.5785 39.519
64.8149 37.9145
63.2408 34.606
62.131 32.2724
62.0345 32.0696
61.9425 31.8764
61.8495 31.681
61.7556 31.4838
61.6684 31.3005
61.585 31.1254
61.5066 30.9607
61.4249 30.789
61.34 30.6107
61.2462 30.4138
61.1402 30.191
61.0981 30.1026
61.0565 30.0151
61.0206 29.9397
60.9843 29.8635
60.9361 29.7622
60.8881 29.6613
61.7213 27.885
64.6278 21.6894
65.06 20.7681
65.4984 19.8334
65.9243 18.9254
66.4712 17.7594
66.9913 16.6504
67.6884 15.1644
72.0732 16.8867
