0,590,520,33,98,466,242,553,232,951,932,592,967,29,745,323,425,195,835,274,920,609,314,357,190,670,143,606,930,63,217,959,865,209,45,681,43,831,819,675,27,828,821,785,6,377,358,452,781,355,875,634,164,751,66,555,55,289,419,261,873,934,586,257,421,853,790,7,250,310,787,626,486,160,822,191,221,824,111,26,246,337,205,121,643,354,902,829,602,915,679,899,307,811,834,869,379,549,64,709,529,467,388,664,65,125,655,413,545,748,687,619,688,756,438,496,49,603,633,422,37,891,391,771,423,32,475,908,151,508,706,612,913,414,11,535,397,723,78,373,565,846,524,729,324,382,599,897,451,901,79,510,279,691,981,927,640,733,735,390,233,677,571,361,689,266,957,720,587,552,764,21,635,730,604,537,124,34,272,701,726,339,487,965,411,507,275,888,168,946,137,501,872,256,270,226,167,296,574,600,223,591,189,662,175,327,252,724,840,80,171,596,878,163,99,359,903,806,437,773,172,638,561,877,649,319,562,659,193,564,755,636,406,248,350,513,82,880,12,530,540,614,126,940,335,782,715,225,241,144,857,56,563,294,855,632,91,582,459,453,523,109,404,894,976,798,161,440,558,134,509,94,625,471,216,282,410,779,968,617,743,826,762,112,484,791,84,468,843,577,793,264,54,922,576,101,910,804,519,765,788,267,365,676,291,30,533,732,683,308,493,705,142,543,59,349,645,104,809,210,269,525,89,783,302,237,876,912,839,929,147,38,989,180,778,512,127,522,276,458,19,935,566,917,69,862,692,480,262,844,870,194,906,945,197,155,461,498,621,356,848,342,370,472,923,492,716,485,286,597,623,281,594,186,396,188,85,978,208,650,538,647,850,941,117,238,595,852,644,842,942,102,387,334,420,964,668,605,904,67,926,656,293,583,70,767,340,68,35,110,837,907,173,478,393,921,317,515,832,432,727,802,986,460,810,235,40,754,895,9,769,369,818,847,800,987,229,867,801,18,395,280,744,654,290,962,71,671,83,579,51,937,481,775,315,931,975,152,107,198,497,136,170,838,684,884,977,506,385,383,900,660,201,332,322,25,685,889,648,528,204,450,372,311,159,864,725,494,473,740,854,893,417,928,983,158,580,135,52,622,813,666,742,251,285,820,620,42,145,318,149,911,353,477,544,378,567,690,823,992,313,816,415,887,861,584,575,62,817,177,118,465,774,464,845,185,297,320,618,416,763,947,984,814,882,165,434,245,851,259,23,367,952,273,856,202,980,344,179,156,448,569,532,541,140,624,375,305,642,343,707,961,516,539,146,389,896,72,737,449,511,766,239,408,206,713,53,105,866,392,738,230,215,752,292,795,129,394,231,309,265,808,548,559,536,746,613,874,5,611,120,28,960,139,96,786,974,181,409,418,2,631,253,428,41,490,76,807,441,249,306,22,470,36,456,593,424,885,768,271,761,92,20,430,491,227,550,578,150,88,919,73,141,113,753,672,31,443,658,859,560,950,825,886,184,469,333,954,918,789,526,329,132,220,971,757,454,601,16,321,924,60,697,244,58,551,879,892,500,316,695,871,714,521,288,386,969,973,138,833,153,711,776,115,610,955,247,50,236,462,916,183,982,442,44,13,712,696,360,608,368,815,651,15,585,213,868,827,380,405,699,495,17,988,546,446,304,637,568,736,557,628,426,570,399,95,803,364,200,792,106,678,750,447,39,263,401,914,719,953,693,1,444,435,933,436,169,199,554,162,90,108,905,301,547,427,300,639,517,966,665,680,445,607,381,694,429,81,119,503,780,431,479,298,948,374,48,728,615,657,944,991,400,433,759,240,326,178,346,277,482,93,556,224,371,457,203,830,75,718,325,970,890,207,739,130,630,3,796,77,703,398,131,196,667,255,860,531,799,717,734,747,219,939,234,686,14,760,502,376,338,114,772,97,849,972,347,336,925,166,214,192,589,527,489,784,956,663,222,352,698,116,303,542,182,749,758,708,936,57,157,47,122,938,128,212,797,148,990,909,403,218,100,154,731,463,174,10,652,805,841,505,958,384,858,985,283,330,328,949,534,700,228,616,476,341,312,770,74,836,863,46,499,268,123,86,641,299,402,943,514,4,572,588,741,646,87,710,348,331,673,963,794,133,258,412,455,674,61,362,187,898,812,682,629,881,722,702,366,8,488,661,211,669,254,439,474,284,573,278,883,351,407,287,704,518,363,653,103,581,295,598,777,24,504,176,721,483,979,627,260,345,243,
value : 545.219 running time : 38.808943
80 20
81.4139 26.5006
81.8016 28.2821
82.0037 29.2108
82.1896 30.0649
79.1077 39.9674
77.3358 45.6603
77.0922 45.6338
76.8806 45.6108
76.7106 45.5924
76.4744 45.5667
76.232 45.5404
75.9964 45.5148
75.7458 45.4876
75.5046 45.4614
75.2544 45.4342
75.0464 45.4116
74.8245 45.3875
74.6005 45.3632
73.9716 45.2949
73.313 45.2234
72.521 45.1373
71.6563 45.0434
71.0512 44.9777
70.5419 44.9224
69.0359 43.7263
67.2339 42.295
64.8717 40.4188
62.0319 38.1633
60.2692 36.7633
59.4156 36.0853
58.4278 35.3008
58.2933 35.194
58.1698 35.0959
58.0648 35.0125
57.9305 34.9058
57.8099 34.81
57.6782 34.7054
57.5599 34.6114
57.0141 34.5464
56.3186 34.4636
55.6794 34.3875
55.0344 34.3107
54.2108 34.2126
53.5125 34.1295
52.7332 34.0367
51.8471 33.9311
50.1515 33.7293
50.1515 33.7293
50.1515 33.7293
50.1515 33.7293
49.7386 33.5944
49.1603 33.4055
48.6339 33.2336
48.0682 33.0488
47.4546 32.8484
46.8258 32.643
46.0378 32.3856
45.3376 32.1569
44.477 31.8758
43.8283 31.664
43.0109 31.397
42.2567 31.1506
41.5407 30.9168
40.8214 30.6818
40.0397 30.4265
39.2767 30.1773
38.3715 29.8816
37.5591 29.6163
35.7619 29.0292
35.3283 28.9691
34.9505 28.9166
34.5755 28.8646
34.2885 28.8248
33.9651 28.7799
33.6381 28.7345
33.2686 28.6832
32.9312 28.6364
32.6297 28.5945
32.3056 28.5495
31.8966 28.4928
31.5758 28.4482
31.1233 28.3855
30.7412 28.3324
30.3983 28.2848
30.3117 28.5191
30.2275 28.7468
30.127 29.0184
30.045 29.2404
29.959 29.4727
29.8652 29.7266
29.7888 29.933
29.7045 30.1609
29.6104 30.4155
29.5292 30.6351
29.4396 30.8774
29.3594 31.0943
29.2675 31.3429
29.1879 31.558
29.0885 31.8269
28.98 32.1203
28.8836 32.3809
28.0086 34.7475
27.416 36.35
26.8828 37.7919
26.339 39.2626
25.7849 40.761
25.2582 42.1854
24.7945 43.4394
24.6789 43.7519
24.5582 44.0783
24.4176 44.4586
24.2698 44.8584
24.1342 45.2249
24.1319 45.2311
24.1293 45.2382
24.1268 45.2449
23.9317 45.7677
23.7543 46.2432
23.5826 46.7031
23.4447 47.0726
23.2896 47.4882
23.2896 47.4882
23.2896 47.4882
23.2896 47.4882
23.2896 47.4882
23.2896 47.4882
23.2896 47.4882
23.2896 47.4882
23.2896 47.4882
23.2896 47.4882
23.2896 47.4882
23.0393 47.8263
22.7987 48.1513
22.5148 48.5346
22.2108 48.9451
21.8958 49.3707
21.5575 49.8275
21.1821 50.3345
20.7276 50.9483
21.1781 52.4997
21.5934 53.93
21.7923 54.6147
21.8857 54.9364
21.9723 55.2348
22.0706 55.5732
22.161 55.8847
22.2445 56.172
22.326 56.453
22.409 56.7388
22.4882 57.0112
22.5649 57.2756
22.6405 57.5359
22.7227 57.819
22.8109 58.1227
22.9022 58.4372
22.9703 58.6715
23.04 58.9115
23.1065 59.1408
23.1783 59.3879
23.2409 59.6035
23.3062 59.8285
24.3755 63.5112
24.9204 65.388
25.1548 66.1953
25.181 66.2853
25.2047 66.367
25.2331 66.4646
25.2616 66.563
25.2888 66.6566
25.3141 66.7436
25.3498 66.8666
25.382 66.9776
25.4127 67.0834
25.4428 67.187
25.472 67.2877
25.5005 67.3856
25.5005 67.3856
25.5005 67.3856
25.9368 68.0481
26.3625 68.6944
26.7736 69.3187
27.0818 69.7867
27.2618 69.935
27.4353 70.0781
27.6383 70.2454
27.8706 70.4369
28.1096 70.634
28.3392 70.8232
28.8941 71.2806
29.4812 71.7646
30.1313 72.3006
30.8496 72.8927
31.5247 73.4492
31.611 73.5204
31.695 73.5896
31.7759 73.6563
31.8555 73.7219
31.9275 73.7813
32.006 73.846
32.0955 73.9197
32.1734 73.984
32.2605 74.0558
32.3388 74.1203
32.4117 74.1804
32.4866 74.2422
32.5833 74.3219
32.67 74.3934
32.7561 74.4643
32.8331 74.5278
32.9103 74.5914
32.988 74.6555
33.071 74.724
33.1556 74.7937
33.229 74.8541
33.3177 74.9273
33.409 75.0025
34.8372 76.1799
36.1809 77.2876
36.8424 77.833
37.564 78.4278
38.0598 78.8366
38.5903 79.2739
39.1048 79.698
39.6672 79.4291
40.2338 79.1582
40.7843 78.895
41.3041 78.6464
41.8259 78.3969
42.3454 78.1485
42.8606 77.9022
43.364 77.6615
43.8473 77.4304
44.3193 77.2047
44.7852 76.9819
45.2578 76.7559
45.7058 76.5417
46.1788 76.3155
46.6217 76.1037
46.6217 76.1037
46.6217 76.1037
46.6217 76.1037
46.6217 76.1037
46.6217 76.1037
46.6217 76.1037
46.6217 76.1037
46.6217 76.1037
46.6217 76.1037
46.6217 76.1037
47.0405 75.1658
47.4511 74.2462
47.838 73.3797
47.9383 73.2852
48.0377 73.1914
48.156 73.0798
48.2602 72.9815
48.3607 72.8867
48.4601 72.793
48.555 72.7035
48.6589 72.6055
48.7548 72.5151
48.8583 72.4174
48.951 72.33
49.081 72.2074
49.2147 72.0813
49.3769 71.9284
49.5049 71.8076
49.6174 71.7015
49.7104 71.6138
49.8069 71.5228
49.9265 71.41
49.4876 70.2909
49.0164 69.0896
48.6411 68.1325
48.6411 68.1325
48.6411 68.1325
48.6411 68.1325
48.6411 68.1325
48.6411 68.1324
48.6411 68.1324
48.6411 68.1324
48.6411 68.1324
48.3456 67.3544
48.0344 66.5349
47.6323 65.476
47.2146 64.376
46.7939 63.2679
46.346 62.0885
45.86 60.8082
45.8425 60.7622
45.8242 60.714
45.806 60.6661
45.7877 60.6179
45.7687 60.5679
45.752 60.524
45.7349 60.4789
45.7188 60.4366
45.7004 60.3882
45.6817 60.3388
42.3985 58.8457
39.4268 57.4942
39.027 57.3123
38.7037 57.1653
38.3595 57.0087
37.9269 56.8119
37.4828 56.6099
37.0536 56.4147
36.6211 56.218
36.1436 56.0008
35.3211 55.6267
34.1224 55.0815
32.8774 54.5152
32.0835 54.1541
32.0835 54.1541
32.0835 54.1541
32.0835 54.1541
32.5116 53.9605
32.965 53.7554
33.4111 53.5536
33.8452 53.3572
34.1961 53.1986
34.5667 53.0309
34.9889 52.84
35.4194 52.6453
35.8125 52.4675
36.238 52.275
36.6356 52.0952
37.0272 51.918
37.4389 51.7318
37.8884 51.5285
38.3612 51.3147
38.8541 51.0917
39.8377 50.6468
40.7208 50.2474
41.588 49.8552
42.6907 49.3564
43.7065 48.8969
44.9051 48.3548
46.3557 47.6986
47.7163 47.0832
47.7163 47.0832
47.7163 47.0832
47.7163 47.0832
47.7163 47.0832
47.7163 47.0832
47.7163 47.0832
47.7163 47.0832
47.7864 47.1402
47.9187 47.2477
48.0265 47.3354
48.1397 47.4274
48.2478 47.5153
48.3619 47.608
48.4739 47.699
48.5785 47.7841
48.6887 47.8736
48.8053 47.9684
48.927 48.0673
49.0315 48.1523
49.1278 48.2306
49.244 48.325
49.3606 48.4198
49.4736 48.5116
50.0741 48.9998
50.726 49.5297
51.3168 50.01
51.9255 50.5048
52.7719 51.1929
53.1411 51.493
53.4929 51.779
53.8708 52.0862
54.2414 52.3875
54.6328 52.7056
55.2093 53.1743
55.791 53.6471
56.3388 54.0925
56.886 54.5373
57.4361 54.9845
61.3043 58.1287
61.7798 58.1659
62.1621 58.1959
62.554 58.2266
62.9772 58.2598
63.3293 58.2874
63.6353 58.3113
63.9561 58.3365
64.303 58.3637
64.6711 58.3925
64.6711 58.3925
65.7685 58.5315
66.8004 58.6623
67.8242 58.792
68.7665 58.9114
68.3054 59.4985
67.8114 60.1274
67.3056 60.7714
67.0411 61.1082
66.8026 61.4118
66.7341 61.4991
66.6741 61.5754
66.619 61.6455
66.4001 61.9242
66.17 62.2171
65.9634 62.4802
65.709 62.804
65.2629 63.372
64.7805 63.9861
64.3056 64.5908
63.8262 65.2012
63.3512 65.8058
62.809 66.4963
62.2552 67.2012
61.697 67.912
61.1362 68.626
60.4757 69.467
59.7973 70.3308
59.3883 70.8514
59.3872 70.8529
59.3857 70.8548
59.3843 70.8565
59.3831 70.8581
59.3815 70.8601
59.3812 70.8605
59.3809 70.8609
59.3806 70.8613
59.3803 70.8616
59.9806 78.2724
60.0114 78.6523
60.4072 78.4185
60.9889 78.0748
61.542 77.7481
62.1259 77.4031
62.8625 76.9679
62.9987 76.8875
63.1347 76.8072
63.2942 76.7129
63.4543 76.6184
63.6466 76.5048
63.779 76.4266
63.9302 76.3372
64.0797 76.2489
64.2347 76.1573
64.6161 75.932
64.9499 75.7348
65.2662 75.5479
65.5692 75.3689
65.8469 75.2049
66.1209 75.043
66.4476 74.85
66.7651 74.6624
67.046 74.4965
67.3326 74.3271
67.6258 74.1539
67.9223 73.9787
68.1963 73.8169
68.6598 73.5431
73.4279 70.7262
77.3364 68.4172
84.4095 64.2387
84.9104 63.9428
85.376 63.6677
85.376 63.6677
85.3624 63.8882
85.348 64.1196
85.3303 64.406
85.3144 64.6636
85.2684 65.4063
85.2188 66.2068
85.1578 67.1929
85.1051 68.0433
85.0494 68.9434
85.1625 69.9176
85.2465 70.6402
85.6924 74.4807
86.281 79.5499
86.2886 79.6156
86.2956 79.6763
86.3038 79.7466
86.3089 79.7901
86.3139 79.8332
86.3199 79.8852
86.3261 79.9383
86.3331 79.9988
85.5844 81.1061
84.6432 82.4982
83.8504 83.6706
83.1809 84.661
82.5571 85.5835
82.1784 86.1438
81.7995 86.7042
81.3761 87.3304
81.1001 87.7387
80.8652 88.0862
80.5663 88.5283
79.3197 88.5708
77.8685 88.6204
76.6201 88.663
75.8595 88.6889
74.9124 88.7212
74.3931 88.7389
73.9395 88.7544
73.4785 88.7701
73.0155 88.7859
72.5253 88.8026
72.0583 88.8185
71.6097 88.8337
70.2499 88.8802
69.0572 88.9209
67.9663 88.9581
66.8837 88.995
65.7116 89.0349
64.3574 89.0812
64.0823 89.0905
63.7621 89.1014
63.4564 89.1119
63.1287 89.123
62.8056 89.134
62.4818 89.1451
62.2005 89.1546
61.875 89.1657
61.5383 89.1772
61.2382 89.1874
60.9274 89.198
60.6443 89.2077
60.3606 89.2173
60.1391 89.2249
59.9108 89.2327
59.6765 89.2406
59.4771 89.2474
59.2516 89.2551
59.0182 89.2631
58.8016 89.2704
58.3292 89.2865
57.9455 89.2996
57.5265 89.3139
56.8976 89.3353
56.2388 89.3578
54.857 89.4049
53.6515 89.446
52.4474 89.4871
52.4445 89.4872
52.442 89.4873
52.4395 89.4874
52.436 89.4875
52.4333 89.4876
52.4304 89.4877
52.4278 89.4878
52.425 89.4879
52.4223 89.488
52.4196 89.4881
52.4168 89.4882
52.414 89.4882
52.4112 89.4883
52.4087 89.4884
51.9199 89.5051
51.3722 89.5237
50.7869 89.5437
50.1945 89.5639
49.413 89.5905
48.6233 89.6174
47.8452 89.6439
47.7666 89.6466
47.6973 89.649
47.624 89.6515
47.5539 89.6538
47.4797 89.6564
47.3966 89.6592
47.3224 89.6617
47.2495 89.6642
47.1694 89.667
47.0872 89.6698
47.0872 89.6698
47.0872 89.6698
47.0872 89.6698
47.0872 89.6698
47.0872 89.6698
47.0872 89.6698
47.0872 89.6698
47.0872 89.6698
46.7258 89.6586
46.4132 89.649
46.0586 89.6381
45.7389 89.6282
45.4188 89.6183
45.0818 89.6079
44.7625 89.5981
44.4236 89.5877
44.1174 89.5782
43.7681 89.5675
43.3989 89.5561
43.0667 89.5458
42.756 89.5362
42.466 89.5273
42.1636 89.518
41.9276 89.5107
41.677 89.503
41.464 89.4964
41.2341 89.4893
41.001 89.4822
40.792 89.4757
40.5696 89.4689
40.3484 89.4621
40.1578 89.4562
39.9798 89.4507
39.7878 89.4448
39.5697 89.4381
39.3055 89.4299
39.0862 89.4232
38.8256 89.4151
33.1706 89.2405
33.0966 89.2382
33.022 89.2359
32.9554 89.2338
32.889 89.2318
32.8162 89.2295
32.7445 89.2273
32.6763 89.2252
32.6055 89.2231
32.5221 89.2205
32.4458 89.2181
32.3721 89.2159
32.2904 89.2134
32.2202 89.2112
32.1474 89.209
32.073 89.2067
32.0018 89.2045
31.9343 89.2024
31.8725 89.2005
29.9963 89.1425
29.666 89.1323
29.379 89.1235
29.1121 89.1152
28.8147 89.1061
28.4984 89.0963
28.1952 89.087
27.9131 89.0783
27.6588 89.0705
27.401 89.0625
27.1407 89.0545
26.8999 89.0471
26.6363 89.039
26.3862 89.0313
26.1231 89.0232
25.8449 89.0146
25.5699 89.0061
25.298 88.9978
24.9343 88.1639
24.6338 87.4748
24.3585 86.8433
24.0541 86.1454
23.7734 85.5016
23.4603 84.7835
23.1077 83.975
22.7272 83.1025
22.6839 83.0032
22.4172 82.3916
22.0509 81.5517
22.0248 81.492
22.0005 81.4362
21.9782 81.385
21.9502 81.3209
21.9237 81.2601
21.8993 81.204
21.8757 81.15
21.8509 81.0931
21.8273 81.039
21.8025 80.9822
21.7785 80.9272
21.7542 80.8714
20.8515 78.8014
20.0436 76.9489
19.3429 75.3422
19.3429 75.3422
19.3429 75.3422
19.3429 75.3422
19.3429 75.3422
19.3429 75.3422
19.3429 75.3422
19.3429 75.3422
19.3429 75.3422
19.3429 75.3422
19.3429 75.3422
19.3429 75.3422
19.3429 75.3422
19.3429 75.3422
19.3429 75.3422
19.3429 75.3422
18.4093 79.28
17.9726 81.1209
17.3381 83.7968
16.7977 86.0754
16.2684 88.307
15.9235 89.7616
15.8943 89.8844
15.7447 89.8811
15.5779 89.8775
15.416 89.8739
15.3862 89.8733
15.3543 89.8726
15.3248 89.8719
15.2866 89.8711
15.2546 89.8704
15.2246 89.8697
15.1932 89.869
15.1639 89.8684
15.0603 89.8661
14.97 89.8641
14.89 89.8623
14.799 89.8603
14.7156 89.8585
14.6323 89.8567
14.5508 89.8549
14.4543 89.8528
14.3678 89.8509
14.2848 89.8491
14.1916 89.847
14.1042 89.8451
14.0189 89.8432
13.9249 89.8411
13.8348 89.8392
13.4133 89.8299
12.9385 89.8194
12.5256 89.8104
11.854 89.7956
10.9463 89.7756
10.2803 89.761
10.2669 89.7607
10.2538 89.7604
10.2409 89.7601
10.2288 89.7598
10.2171 89.7596
10.2054 89.7593
10.1919 89.759
10.1772 89.7587
10.1764 89.7021
10.1757 89.6539
10.1749 89.606
10.1742 89.5569
10.1735 89.509
10.1727 89.4572
10.1719 89.407
10.1712 89.3563
10.1704 89.3065
10.1697 89.2566
10.169 89.2116
10.1683 89.1673
10.1677 89.1231
10.167 89.078
10.1663 89.0343
10.1656 88.9835
10.1649 88.9402
10.1642 88.8913
10.1634 88.8435
10.1627 88.7936
10.162 88.7466
10.1612 88.6925
10.1604 88.641
10.1597 88.5929
10.1589 88.542
10.1582 88.4935
10.1574 88.4428
10.1566 88.392
10.1559 88.3416
10.1553 88.2994
10.1421 87.4309
10.1276 86.4689
10.1106 85.3423
10.0932 84.1957
10.0763 83.0733
10.0607 82.0436
10.0535 81.5667
10.0464 81.0906
10.0389 80.5956
10.0314 80.0968
10.0228 79.5275
10.0123 78.8295
10.0029 78.2076
9.98822 77.2385
9.97447 76.3306
9.96395 75.6334
9.96395 75.6334
9.96395 75.6334
9.96395 75.6334
9.96395 75.6334
9.96395 75.6334
9.96395 75.6334
9.96395 75.6334
9.96395 75.6334
9.96395 75.6334
9.96395 75.6334
9.96395 75.6334
9.96395 75.6334
9.96395 75.6334
9.96395 75.6334
9.96395 75.6334
9.96395 75.6333
9.96395 75.6333
9.96395 75.6333
9.96395 75.6333
9.96395 75.6333
9.96395 75.6333
9.96395 75.6333
9.96395 75.6333
9.96395 75.6333
9.96395 75.6333
9.96395 75.6333
9.96395 75.6333
9.96395 75.6333
9.96395 75.6333
9.96395 75.6333
9.96395 75.6333
9.96395 75.6333
9.9646 75.6069
9.96525 75.5804
9.96589 75.5543
9.96648 75.5303
9.96707 75.5063
9.96773 75.4797
9.96837 75.4536
9.969 75.4283
9.9825 74.8785
9.99826 74.2373
10.0113 73.7054
10.026 73.1087
10.0409 72.4995
10.0538 71.9757
10.0651 71.5136
10.0761 71.0679
10.0861 70.6599
10.0982 70.166
10.1095 69.7055
10.1193 69.3087
10.1297 68.8834
10.1398 68.4718
10.1484 68.1218
10.1575 67.7503
10.166 67.4036
10.1771 66.9536
10.1863 66.5787
10.1955 66.203
10.2049 65.8173
10.2145 65.4279
10.2236 65.0577
10.2331 64.6692
10.2427 64.2796
10.2513 63.927
10.2616 63.5089
10.2725 63.0656
10.2826 62.654
10.2943 62.1751
10.3057 61.7097
10.3182 61.201
10.3309 60.6861
10.3434 60.1763
10.3589 59.5461
10.3704 59.0756
10.3814 58.6284
10.3936 58.1312
10.4055 57.6491
10.4175 57.1585
10.4291 56.6867
10.4403 56.2312
10.453 55.7112
10.4665 55.1636
10.4793 54.6411
10.4908 54.1728
10.5046 53.6122
10.5194 53.0104
10.5249 52.7865
10.5301 52.5735
10.5355 52.3528
10.541 52.1303
10.5463 51.9146
10.5517 51.691
10.5572 51.4693
10.5627 51.246
10.5679 51.0309
10.5731 50.8189
10.5786 50.5971
10.584 50.3752
10.5895 50.1536
10.5947 49.9407
10.6 49.7236
10.6115 49.2552
10.6246 48.725
10.6366 48.2354
10.6477 47.7814
10.6592 47.3146
10.6702 46.866
10.6804 46.4492
10.691 46.0201
10.6951 45.809
10.6997 45.5779
10.7046 45.3291
10.7094 45.0843
10.7141 44.8474
10.7191 44.5956
10.7245 44.3231
10.7289 44.0981
10.7335 43.8684
10.7385 43.6139
10.7436 43.3561
10.7492 43.0726
10.7544 42.8072
10.7594 42.5557
10.7679 42.1228
10.7756 41.7338
10.783 41.3576
10.7908 40.965
10.7983 40.5821
10.8061 40.1861
10.8147 39.7508
10.8229 39.3379
10.8312 38.9174
10.8396 38.4911
10.8481 38.0571
10.859 37.5055
10.8709 36.904
10.8833 36.2727
10.8846 36.2063
10.8858 36.1472
10.887 36.0868
10.8882 36.0221
10.9108 34.8742
10.929 33.9511
10.9557 32.5971
10.9817 31.2734
11.0006 30.3143
11.0186 29.4023
11.0334 28.6503
11.0484 27.8894
11.065 27.0464
11.0821 26.1808
11.0998 25.2799
11.1131 24.6072
11.1257 23.9687
11.1257 23.9687
11.1257 23.9687
11.1257 23.9687
11.1257 23.9687
11.1257 23.9687
11.1257 23.9687
11.1257 23.9687
11.1257 23.9687
11.1257 23.9687
11.1257 23.9687
11.1257 23.9687
11.1257 23.9687
11.1257 23.9687
11.1257 23.9687
11.1257 23.9687
11.1257 23.9687
12.5398 15.1601
12.6741 15.19
12.806 15.2194
12.9442 15.2502
13.0901 15.2827
15.0059 15.7094
16.0921 15.9514
17.2054 16.1994
18.2707 16.4367
19.4609 16.7019
20.653 16.9674
22.6055 17.4023
23.8032 17.6691
25.0495 17.9467
26.2936 18.2239
28.145 18.6363
30.0924 19.07
31.6421 19.4153
33.4437 19.1579
35.0845 18.9235
37.0421 18.6439
39.0191 18.3615
40.9184 18.0902
43.694 17.6937
44.1955 17.6517
48.7141 17.2727
63.958 15.9947
64.9509 15.9603
65.987 15.9244
67.0553 15.8874
68.105 15.851
69.5369 15.8013
71.1778 15.7445
73.1519 15.676
77.4794 15.5262
84.3401 15.2891
84.3401 15.2891
84.3401 15.2891
84.0712 15.581
83.7949 15.881
83.443 16.263
