0,176,598,504,581,721,777,103,55,27,555,781,6,959,821,419,873,831,865,751,164,819,295,24,323,675,930,358,634,217,458,828,45,186,606,553,262,594,286,314,293,188,43,85,923,621,989,917,180,452,498,522,461,342,276,492,519,978,848,875,870,66,945,472,843,862,210,785,377,512,69,355,681,906,63,209,19,421,716,844,250,379,853,692,197,480,790,529,388,566,257,811,414,586,935,111,151,191,278,679,289,467,486,310,205,915,902,246,643,702,883,337,261,160,834,626,307,709,822,934,287,518,669,351,26,573,704,407,64,439,363,653,641,221,354,787,836,646,881,488,629,8,366,474,348,258,187,268,61,402,812,362,682,254,211,722,674,899,331,572,741,661,455,673,710,588,412,898,86,794,4,74,328,133,299,283,963,125,985,514,549,32,284,824,602,909,829,78,958,121,65,616,423,87,663,476,863,373,542,858,841,731,943,303,157,57,154,312,463,212,936,749,384,770,222,652,990,330,47,123,700,228,10,182,352,499,46,391,116,128,925,760,174,376,846,897,192,805,956,691,336,603,633,34,233,972,543,89,510,876,535,148,496,545,797,758,37,11,422,908,869,748,38,655,706,7,783,612,687,771,508,475,356,194,413,269,397,525,619,778,155,735,142,891,237,949,403,723,664,147,267,688,756,49,913,438,324,137,411,533,788,302,59,493,645,308,359,971,957,839,79,171,21,922,127,350,365,459,291,54,809,56,175,134,104,894,144,404,80,163,929,910,565,705,729,630,507,349,599,772,382,965,903,552,587,970,981,275,640,901,482,81,114,733,524,361,954,578,99,41,635,950,574,296,132,571,327,701,604,720,872,390,266,220,443,658,113,726,600,927,924,326,244,252,560,886,888,537,124,591,130,16,796,689,241,339,946,789,223,697,919,92,230,76,885,424,172,662,454,730,141,333,360,428,773,50,833,183,608,292,167,60,418,189,120,430,757,672,256,638,918,73,871,651,761,249,456,58,462,44,441,696,469,712,13,490,20,825,150,487,184,88,431,168,550,526,500,734,346,686,31,680,639,224,433,240,717,436,479,860,427,255,890,97,445,207,728,667,905,178,3,298,517,196,429,162,131,503,502,338,398,329,739,601,677,698,589,703,879,534,279,505,100,708,451,938,122,381,218,784,764,489,166,341,849,527,77,939,371,219,347,234,214,665,531,272,799,119,14,747,966,991,457,203,982,48,169,657,694,426,556,615,374,277,780,736,628,400,551,955,607,948,106,969,199,699,17,988,495,554,153,405,325,803,300,90,944,830,568,815,200,213,570,75,868,446,678,444,1,693,953,719,914,401,263,39,447,585,792,546,892,399,718,247,759,547,108,95,637,364,301,557,93,442,321,695,236,304,115,491,859,610,916,435,750,711,227,380,827,386,593,368,933,288,306,753,138,973,776,15,521,768,714,409,316,253,960,271,22,36,470,611,766,392,840,309,96,707,786,808,28,631,265,974,613,713,146,72,53,437,763,569,752,877,239,516,139,559,156,541,448,738,408,416,231,181,659,814,539,874,375,548,206,449,129,165,343,394,807,880,636,861,564,193,947,12,185,23,911,367,202,851,118,259,245,415,952,961,305,896,536,179,511,319,887,40,690,320,105,5,866,389,584,618,980,62,624,532,746,434,737,882,344,774,856,285,149,158,251,177,145,544,854,42,983,823,580,622,817,464,273,135,620,494,992,318,845,481,864,725,52,820,666,893,353,322,813,159,742,928,740,889,473,660,204,372,25,685,648,311,450,332,900,152,110,383,528,201,684,654,650,83,18,71,937,775,297,417,290,904,647,867,393,460,762,509,668,727,847,595,67,515,975,671,837,962,385,335,579,465,744,51,818,395,931,369,109,895,769,782,91,984,632,477,567,406,378,575,317,801,754,802,432,940,816,294,832,800,562,530,280,229,313,140,94,126,921,987,513,826,563,248,215,82,523,724,642,614,270,649,806,561,2,976,795,878,986,755,596,912,683,540,226,235,501,30,484,715,225,410,676,765,732,264,471,743,798,84,370,281,623,597,576,793,440,779,804,101,855,453,9,810,538,558,582,112,282,216,173,968,190,907,605,577,161,315,35,964,468,791,625,857,617,208,852,420,941,238,68,340,767,850,583,334,644,670,926,143,485,117,232,609,29,592,466,357,102,478,70,942,396,842,967,656,977,932,387,838,835,951,136,920,884,497,506,242,170,107,198,425,33,274,590,195,520,745,98,345,627,483,243,260,979,
value : 541.831 running time : 39.679978
80 20
72.6098 17.1449
71.4865 16.7109
70.5026 16.3308
69.5776 15.9734
68.8818 15.7046
68.1387 15.4175
67.5868 15.2043
63.273 23.858
62.7795 24.848
62.5887 25.2308
62.4729 25.4632
62.3689 25.6719
62.2676 25.8751
62.1604 26.0901
62.0622 26.287
61.864 27.7518
61.6817 29.0988
61.496 30.4706
61.496 30.4706
61.496 30.4706
61.4905 30.6993
61.4844 30.9532
61.476 31.2985
61.3847 35.0662
61.3557 36.2638
61.3328 37.2103
61.3119 38.0772
61.2906 38.9551
61.269 39.8483
61.2503 40.623
61.2287 41.5189
61.1911 43.0712
61.1265 45.7395
61.1265 45.7395
61.1265 45.7395
60.1982 45.8644
59.4256 45.9684
58.6823 46.0684
58.6823 46.0684
58.6823 46.0684
56.925 46.0812
55.2396 46.0937
53.4727 46.1066
51.8156 46.1186
50.1494 46.1308
49.8749 45.787
49.7472 45.627
49.6485 45.5033
49.556 45.3874
49.4679 45.2771
49.3543 45.1348
49.2477 45.0012
49.1379 44.8636
49.0273 44.725
48.9181 44.5882
48.8061 44.4479
48.6765 44.2855
48.5394 44.1137
48.4041 43.9442
48.2628 43.7672
48.1204 43.5888
47.9807 43.4137
47.8337 43.2296
47.6821 43.0397
47.5175 42.8335
47.3643 42.6415
47.174 42.4031
47.174 42.4031
46.9076 42.1822
46.6404 41.9606
46.3598 41.7279
45.9092 41.3542
45.4142 40.9437
44.8538 40.479
44.1192 39.8699
43.6686 39.4963
43.1843 39.0947
42.7165 38.7067
42.142 38.2304
41.3891 37.6061
40.6107 36.9606
40.2071 36.626
39.813 36.2991
39.411 35.9657
38.8395 35.4918
38.228 34.9847
37.535 34.4102
36.9056 33.8882
36.8101 33.7518
36.696 33.589
36.5788 33.4217
36.4635 33.2571
36.3303 33.0669
36.1964 32.8757
36.0392 32.6513
35.985 32.5739
35.9274 32.4916
35.8671 32.4055
35.8116 32.3262
35.7555 32.2462
34.7249 30.7746
33.6151 29.19
32.6775 27.8512
32.6775 27.8512
32.8704 26.255
33.0635 24.6572
33.1314 24.0955
33.1935 23.5824
33.2444 23.162
33.2921 22.768
33.3379 22.3895
33.382 22.0254
33.4269 21.6543
33.4788 21.226
33.5457 20.6729
33.6135 20.1125
33.6886 19.4917
33.7742 18.7844
33.8709 17.9847
34.0905 16.1664
34.2736 14.6512
34.1431 14.6799
34.0244 14.7059
33.9089 14.7313
33.7865 14.7581
33.6609 14.7857
33.5329 14.8138
33.3961 14.8438
33.2674 14.8721
33.1666 14.8942
33.0617 14.9172
26.728 16.3061
26.6879 16.3149
26.6879 16.3149
26.6879 16.3149
17.0713 16.3165
14.6528 16.191
14.3999 16.178
14.1765 16.1665
13.9306 16.1538
13.7076 16.1423
13.4492 16.1289
13.1868 16.1154
12.9004 16.1006
12.6135 16.0858
12.6135 16.0858
12.6135 16.0858
12.24 15.9437
11.9481 15.8327
11.639 15.7151
11.5865 15.9865
11.5368 16.2433
11.4872 16.4998
11.4375 16.7567
11.3857 17.0246
11.1529 18.2282
10.887 19.6031
10.7269 20.4309
10.584 21.1697
10.4665 21.7771
10.3439 22.4109
10.2201 23.0508
10.1021 23.6609
9.9851 24.2656
9.87787 24.8199
9.70919 25.692
9.42425 27.1654
9.23124 28.1633
9.08262 28.9316
8.93279 29.7062
8.77508 30.5215
8.59609 31.4469
9.1688 31.3385
9.74469 31.2294
10.3481 31.1152
10.9815 30.9953
11.7905 30.8421
12.4103 30.7247
13.0624 30.6013
15.8395 30.0757
16.3139 29.9859
16.7717 29.8992
16.5409 30.5749
15.0755 34.8713
14.0578 37.8525
14.0128 37.9841
13.964 38.1271
13.915 38.2704
13.8681 38.4077
13.8118 38.5727
13.7526 38.746
13.6952 38.9139
13.6381 39.0809
13.581 39.2481
13.5243 39.4143
13.4673 39.581
13.4121 39.7426
13.3633 39.8856
13.3215 40.0078
13.3215 40.0078
13.3215 40.0079
13.3215 40.0079
12.1934 43.1933
12.0603 43.5692
12.0575 43.5773
12.0548 43.5846
12.0522 43.5922
12.0494 43.5999
12.0469 43.6072
12.0439 43.6155
12.0413 43.6228
12.0389 43.6296
12.0363 43.6372
12.0334 43.6451
12.0308 43.6525
12.0283 43.6596
12.0254 43.6677
12.0224 43.6762
12.0201 43.6827
12.0178 43.6894
12.015 43.6972
12.0122 43.7051
12.0091 43.7139
12.0061 43.7223
12.0034 43.73
11.9426 45.0986
11.8867 46.3606
11.8241 47.7691
12.2007 48.5428
13.4763 51.1646
13.9926 52.2257
14.3275 52.914
14.6941 53.6672
17.5903 53.3268
17.5903 53.3268
17.5903 53.3268
18.0394 52.9814
18.5637 52.5782
19.0997 52.166
19.6819 51.7183
20.3398 51.2124
20.6836 50.948
21.0191 50.69
21.3987 50.398
21.8092 50.0823
22.4814 49.5654
23.093 49.0951
23.4558 48.8161
23.8295 48.5287
24.0641 48.3482
24.2906 48.174
24.5225 47.9957
24.7655 47.8088
25.016 47.6161
25.2778 47.4147
25.5644 47.1943
25.847 46.977
26.1208 46.7664
27.0309 46.0666
28.082 45.2584
28.2079 45.335
28.329 45.4087
28.4456 45.4796
28.5752 45.5585
28.6968 45.6325
28.8141 45.7039
28.9225 45.7698
29.1228 45.8917
29.3134 46.0076
29.7061 46.2465
30.0801 46.4741
30.5313 46.7486
30.681 46.8397
30.7669 46.892
30.8556 46.9459
30.9409 46.9978
31.0338 47.0544
31.1316 47.1139
31.2289 47.1731
31.3227 47.2301
30.0228 48.937
29.9021 49.0955
29.7928 49.2391
29.6838 49.3822
29.5697 49.532
29.5671 49.8651
29.5644 50.2121
29.5614 50.604
29.5565 51.2303
29.5516 51.8508
29.5474 52.3929
29.5431 52.9331
29.5391 53.4573
29.5348 54.0079
29.5301 54.6026
29.5152 56.4497
29.4996 58.3662
29.4841 60.3
29.4841 60.3
29.4841 60.3
29.4841 60.3
29.6089 60.3778
29.7335 60.4556
29.8595 60.5341
29.9861 60.6131
30.1146 60.6932
30.2467 60.7756
30.3832 60.8608
30.5164 60.9438
30.6444 61.0236
30.7703 61.1022
30.8844 61.1733
31.0052 61.2486
31.1148 61.3169
33.1588 66.45
33.1608 66.4549
33.1627 66.4598
33.1646 66.4646
33.1665 66.4692
33.1684 66.474
33.1706 66.4794
33.1726 66.4846
33.1746 66.4897
33.1763 66.4939
33.1783 66.499
33.1783 66.499
32.7529 66.445
32.2974 66.3872
31.6829 66.3092
30.7769 66.1943
29.6871 66.056
22.6224 65.1592
22.6447 65.2787
22.6682 65.4044
22.6918 65.5306
22.7153 65.6565
22.7393 65.7851
22.7632 65.9126
22.787 66.0404
22.812 66.1742
22.8377 66.3114
22.8628 66.4458
22.888 66.5806
22.9129 66.7138
22.9374 66.8449
22.9763 67.0536
23.0192 67.2829
23.0615 67.5092
23.1085 67.761
23.1593 68.0327
23.2118 68.3138
23.2664 68.6057
23.3331 68.9629
23.4063 69.3543
23.4872 69.7873
23.5654 70.2059
23.6227 70.5124
23.6693 70.7616
23.7151 71.0069
23.7465 71.1745
23.7776 71.3414
23.8086 71.5071
23.8398 71.6741
23.8575 71.7689
23.8764 71.87
23.8954 71.9717
23.9149 72.076
23.9343 72.1798
23.953 72.2802
23.9738 72.3912
23.992 72.489
24.0122 72.5968
24.0322 72.704
24.0523 72.8113
24.0718 72.9157
24.0909 73.0183
24.1104 73.1226
24.1297 73.2255
24.149 73.3289
24.1688 73.4353
24.1901 73.549
24.2112 73.6618
24.2292 73.7583
24.2462 73.8495
24.2625 73.9364
24.2781 74.0199
24.2941 74.1056
24.3101 74.1911
24.3253 74.2726
24.3409 74.3561
24.789 76.7502
25.2748 79.3462
25.798 82.1402
26.2517 84.5624
26.2513 84.5641
26.2509 84.5658
26.2506 84.5675
26.2502 84.5693
26.2498 84.5711
26.2494 84.573
26.249 84.5749
26.2486 84.5767
26.2483 84.5781
26.248 84.5795
26.2477 84.5809
26.2475 84.5822
26.2472 84.5833
26.2469 84.5847
26.2466 84.5861
26.2463 84.5878
26.246 84.5892
26.2456 84.5909
26.2453 84.5924
26.245 84.5939
26.2446 84.5955
26.2443 84.5971
26.244 84.5985
26.2437 84.5998
26.2434 84.6011
26.1894 84.8567
26.1347 85.1159
26.0756 85.3955
26.0166 85.6748
25.8427 86.4986
25.6819 87.2599
25.6772 87.2822
25.6717 87.3085
25.6663 87.334
25.6605 87.3612
25.6544 87.3903
25.6482 87.4197
25.642 87.4492
25.6366 87.4747
25.6314 87.4991
25.6264 87.5227
25.6209 87.5489
25.6161 87.5715
25.6107 87.5972
25.6061 87.619
25.6015 87.6408
25.5976 87.6593
25.5938 87.6773
25.5891 87.6994
25.5848 87.72
25.5812 87.7371
25.5769 87.7571
23.6444 85.6121
23.1666 85.0819
21.3992 83.1202
20.3429 81.9479
19.4541 80.9614
18.6038 80.0177
17.6926 79.0065
16.8097 78.0267
15.6015 76.6857
14.1317 75.0544
12.7738 73.5473
12.7332 73.5022
12.6906 73.455
12.6545 73.4149
12.6142 73.3701
12.5747 73.3263
12.5377 73.2853
12.5065 73.2506
12.4742 73.2148
12.4399 73.1767
12.4115 73.1452
12.3804 73.1107
12.3441 73.0704
12.3075 73.0297
12.2735 72.992
12.2442 72.9595
12.2139 72.9259
12.1821 72.8906
12.1524 72.8577
12.1524 72.8577
12.1524 72.8577
12.1524 72.8577
12.1506 72.8405
12.0459 71.8513
11.967 71.1057
11.8695 70.1848
11.788 69.415
11.7362 68.9259
11.6791 68.3866
11.618 67.8087
11.5633 67.2928
11.5027 66.72
11.4356 66.0858
11.3647 65.4165
11.2854 64.667
11.2074 63.9304
11.1277 63.1773
10.9814 61.7948
10.8666 60.7101
10.8533 60.584
10.8399 60.458
10.8262 60.329
10.8097 60.1725
10.8097 60.1725
10.8097 60.1725
10.8097 60.1725
10.8097 60.1725
10.8097 60.1725
10.8097 60.1725
9.78773 60.2719
9.17959 60.331
9.17977 60.2899
9.17994 60.2529
9.18011 60.2134
9.18029 60.1737
9.18045 60.1377
9.18062 60.1012
9.17706 60.4696
9.1725 60.9402
9.16708 61.4981
9.16219 62.0033
9.15771 62.4665
9.15361 62.8909
9.14978 63.2879
9.14589 63.6898
9.14191 64.1023
9.13358 64.9566
9.12611 65.7254
9.1172 66.6387
9.10871 67.5105
9.1001 68.3943
9.09164 69.2635
9.08295 70.1561
9.0707 71.4053
9.05588 72.9099
9.04287 74.2368
9.03119 75.4285
9.02199 76.3715
9.01937 76.6429
9.01692 76.8971
9.01478 77.1202
9.01258 77.3496
9.01007 77.6093
9.00773 77.8528
9.00534 78.1006
9.00302 78.3419
9.00068 78.585
8.99767 78.8963
8.99475 79.1984
8.99218 79.4653
8.98976 79.7174
8.9871 79.9929
8.98439 80.2735
8.98172 80.5506
8.97208 81.5373
8.9408 84.6537
8.93118 85.6395
8.92304 86.4754
8.91571 87.2301
8.90852 87.97
8.90197 88.6443
8.90197 88.6443
8.90197 88.6443
8.92487 88.6507
8.94772 88.6571
8.97022 88.6635
8.99177 88.6695
9.01278 88.6754
9.03553 88.6818
9.05967 88.6886
9.08539 88.6959
9.13177 88.7089
9.17567 88.7213
9.21826 88.7333
9.25915 88.7448
9.32033 88.762
9.38375 88.7798
9.45388 88.7995
9.52593 88.8198
9.59406 88.839
9.66435 88.8587
9.73612 88.8789
9.80562 88.8985
9.87494 88.918
9.94635 88.9381
10.0189 88.9585
10.0912 88.9788
10.1657 88.9998
10.2423 89.0213
10.3205 89.0433
10.3974 89.065
10.4783 89.0877
10.5631 89.1116
10.651 89.1363
10.7395 89.1612
10.8235 89.1848
10.9101 89.2092
10.994 89.2328
11.0894 89.2596
11.1905 89.2881
11.2937 89.3171
11.3941 89.3453
11.4966 89.3742
11.6028 89.4041
11.7141 89.4354
11.8222 89.4658
11.927 89.4953
12.0287 89.5239
12.5528 89.6715
13.0645 89.8156
13.577 89.96
14.0829 90.1024
14.5638 90.2379
14.7591 90.2929
14.9311 90.3413
14.9311 90.3413
14.9311 90.3413
14.9689 90.3412
15.0075 90.3411
15.0498 90.341
15.0865 90.3409
15.1833 90.3407
15.737 90.3394
16.3184 90.3381
16.8003 90.337
17.2392 90.3359
17.6735 90.3349
18.0814 90.334
18.3327 90.3334
18.5776 90.3328
18.8718 90.3321
19.1881 90.3314
19.5098 90.3306
19.8426 90.3298
20.1434 90.3291
20.4173 90.3285
20.6812 90.3279
20.9185 90.3273
24.4514 90.3196
27.1082 90.3137
28.3859 90.3108
29.4022 90.3084
30.1469 90.3067
31.0142 90.3047
31.8051 90.3029
33.0702 90.3
33.2625 90.2996
33.4544 90.2991
33.6227 90.2987
33.7792 90.2984
33.9448 90.298
34.1057 90.2976
34.2734 90.2972
34.4421 90.2968
34.6438 90.2963
35.3359 90.2947
35.9226 90.2934
36.4698 90.2921
37.0318 90.2908
37.3755 90.29
37.7283 90.2891
38.0929 90.2883
38.4475 90.2874
38.7981 90.2866
39.1174 90.2859
39.4365 90.2851
39.7948 90.2843
40.1706 90.2834
40.5119 90.2826
40.779 90.282
41.1084 90.2812
41.4133 90.2805
41.684 90.2798
41.8767 90.2794
42.0862 90.2789
42.3127 90.2783
42.5143 90.2778
42.7193 90.2774
42.9603 90.2768
43.2144 90.2762
43.4596 90.2756
43.6947 90.2751
43.9356 90.2745
44.1756 90.2739
44.4114 90.2734
44.6822 90.2727
44.9556 90.2721
45.242 90.2714
45.5506 90.2707
45.8558 90.27
46.1602 90.2692
46.529 90.2684
47.093 90.2671
47.5229 90.2661
47.9335 90.2651
48.3093 90.2642
48.8398 90.263
49.471 90.2615
50.0764 90.2601
50.5612 90.259
50.6672 90.2587
50.7753 90.2585
50.8725 90.2582
50.9701 90.258
51.0628 90.2578
51.1571 90.2576
51.2478 90.2574
51.3362 90.2571
51.426 90.2569
51.5138 90.2567
51.5997 90.2565
51.689 90.2563
51.7856 90.2561
51.8765 90.2559
51.9699 90.2556
52.0611 90.2554
52.1541 90.2552
52.2561 90.255
52.3504 90.2547
52.4446 90.2545
52.5326 90.2543
52.6227 90.2541
52.718 90.2539
52.8662 90.2535
53.0407 90.2531
53.3903 90.2523
53.6952 90.2516
53.9999 90.2509
54.2974 90.2502
54.6026 90.2494
54.9179 90.2487
55.3225 90.2477
55.7994 90.2466
56.3434 90.2454
56.8558 90.2442
57.6709 90.2423
58.8862 90.2395
60.7483 90.2353
63.3742 90.2294
64.9982 90.2258
66.1133 90.2232
67.0311 90.2211
67.8535 90.2192
68.8771 90.2168
69.9378 90.2144
71.0848 90.2118
72.1488 90.2093
73.8951 90.2053
73.8951 90.2053
73.8951 90.2053
73.8951 90.2053
73.8951 90.2053
73.8951 90.2053
73.8951 90.2053
73.8951 90.2053
73.8951 90.2053
73.8951 90.2053
73.8951 90.2053
74.1694 90.1427
74.4615 90.0759
74.7593 90.0079
75.0933 89.9315
75.4291 89.8548
75.7779 89.7751
76.238 89.6699
76.6989 89.5646
77.1663 89.4577
77.6438 89.3486
78.1297 89.2374
78.6355 89.1218
79.1296 89.0089
79.6303 88.8944
80.1341 88.7792
81.9485 86.6339
83.1799 85.1778
84.2425 83.9213
85.5351 82.393
85.7978 82.0823
86.0362 81.8004
85.8205 81.4302
85.4894 80.8621
84.7793 79.6434
84.0184 78.3376
83.0713 76.7123
81.9559 74.7983
81.1184 73.3611
80.6997 72.6425
80.4718 72.2514
80.3199 71.9906
80.1798 71.7502
80.0259 71.4861
79.8937 71.2592
77.9993 71.5145
75.2767 71.8822
73.5981 72.109
72.1208 72.3087
71.4425 72.4004
70.788 72.489
70.1723 72.5722
69.542 72.6575
69.1784 72.7067
68.7608 72.7631
68.3418 72.8198
67.9364 72.8747
67.7748 72.8965
67.6092 72.9189
67.4458 72.941
67.2903 72.9621
67.2903 72.9621
67.2903 72.9621
67.2903 72.9621
67.2903 72.9621
67.2903 72.9621
67.2903 72.9621
67.2903 72.9621
67.2903 72.9621
67.2903 72.9621
67.2903 72.9621
67.2903 72.9621
67.2903 72.9621
65.3789 74.3513
65.0672 74.578
64.7122 74.8362
64.3773 75.0799
64.0306 75.3321
63.6688 75.5953
62.7144 76.2892
61.7828 76.9666
60.9034 77.6061
60.1316 78.1674
59.4319 78.6763
58.9196 79.049
58.4227 79.4105
57.9494 79.7547
57.4825 80.0944
57.2955 80.1041
57.1079 80.1138
56.902 80.1245
56.6883 80.1356
56.4706 80.147
56.2573 80.1581
56.0405 80.1693
55.8193 80.1808
55.6006 80.1922
55.3737 80.204
55.1543 80.2154
54.9417 80.2265
54.73 80.2375
54.5177 80.2486
54.3706 80.2562
54.2257 80.2637
54.0817 80.2712
53.9454 80.2783
53.8115 80.2852
53.6787 80.2921
53.5467 80.299
52.9815 80.3217
52.4235 80.3441
51.8695 80.3664
51.3357 80.3879
50.8053 80.4092
49.6878 80.454
48.6079 80.4974
47.5519 80.5398
46.5041 80.5818
45.473 80.6232
44.5498 80.6603
43.6285 80.6973
43.2554 80.7123
42.9143 80.726
42.5485 80.7407
42.2014 80.7547
41.8818 80.7675
41.5726 80.78
41.3077 80.7906
41.0396 80.8014
40.8011 80.811
40.5575 80.8208
40.4617 76.3741
40.4299 74.8942
40.4063 73.7991
40.3688 72.0594
40.3449 70.948
40.3449 70.948
40.3449 70.948
40.3449 70.948
40.3449 70.948
40.3449 70.948
41.352 70.0763
41.8178 69.6728
42.2751 69.2766
42.7318 68.881
43.1982 68.477
43.6551 68.0812
44.0983 67.6973
44.5357 67.3184
44.9565 66.9539
45.355 66.6087
45.726 66.2873
46.0759 65.9841
46.4013 65.7022
46.7042 65.4398
49.7961 63.7513
53.0409 61.9792
53.0409 61.9792
53.0409 61.9792
53.1528 62.0156
53.2605 62.0506
53.3561 62.0817
53.4617 62.116
53.9822 62.2852
54.6274 62.4949
55.3278 62.7226
56.0701 62.9639
56.0855 62.969
56.1015 62.9742
56.1165 62.9791
56.1347 62.985
56.1513 62.9904
56.1665 62.9953
56.1827 63.0006
56.201 63.0066
56.2159 63.0114
56.2316 63.0165
56.2316 63.0165
56.2316 63.0165
56.2316 63.0165
56.2316 63.0165
56.2316 63.0165
56.2456 63.0076
56.2581 62.9996
56.2703 62.9917
56.2833 62.9834
56.2967 62.9749
56.3086 62.9672
58.0288 61.8659
60.566 60.2415
65.7512 56.9236
65.7512 56.9236
65.7512 56.9236
65.7512 56.9236
65.7512 56.9236
65.7512 56.9236
66.1684 56.6005
66.5984 56.2675
67.0634 55.9075
67.5355 55.5421
68.0119 55.1734
68.4335 54.8471
68.7901 54.5712
69.1387 54.3015
69.499 54.0227
69.8448 53.7552
70.1792 53.4964
70.4896 53.2563
70.4896 53.2563
70.4896 53.2563
70.4896 53.2563
70.4896 53.2563
70.4896 53.2563
70.4896 53.2563
70.4896 53.2563
70.4896 53.2563
70.4896 53.2563
71.7698 53.0031
73.703 52.6208
75.2772 52.3096
77.5332 51.8633
78.8711 51.5988
80.2221 51.3316
81.6379 51.0517
83.0045 50.7815
83.7069 50.6427
84.3675 50.5121
85.0147 50.3841
85.7664 50.2355
86.48 50.0945
86.478 49.7826
86.4751 49.3455
86.4719 48.8462
86.4679 48.236
86.4625 47.4049
86.4542 46.1422
86.432 42.7243
86.4265 41.8804
86.4214 41.0924
86.4176 40.514
86.4082 39.0697
86.4003 37.8594
86.3527 30.548
86.3026 22.8431
86.282 19.678
86.2684 17.5916
86.2684 17.5916
86.2684 17.5916
84.0794 18.4324
