0,260,721,176,103,598,581,504,24,777,419,959,781,355,785,821,873,358,831,289,295,819,209,865,421,681,217,43,55,594,19,930,716,197,66,751,164,250,6,261,27,191,934,555,287,337,407,26,822,310,111,518,653,351,669,573,64,363,284,834,160,379,824,704,883,246,702,626,467,307,787,790,480,356,586,423,221,990,397,758,655,525,278,414,829,254,486,915,709,641,602,121,354,899,366,299,673,348,402,710,362,661,474,741,439,682,902,643,646,211,8,488,629,588,674,722,881,812,61,187,74,572,258,985,794,412,331,514,963,455,86,499,4,898,133,836,205,943,268,612,125,65,663,384,312,148,46,87,352,543,212,228,182,174,936,32,10,57,731,700,78,616,283,128,328,863,841,122,330,958,123,770,303,805,749,157,422,698,463,909,154,116,234,677,279,764,531,708,214,771,542,505,849,100,222,166,47,218,527,652,938,341,233,336,908,729,956,705,897,972,476,81,747,565,373,489,347,691,784,219,162,502,272,657,97,927,760,192,3,482,427,376,703,589,939,381,77,371,717,517,734,694,728,991,607,686,966,925,639,207,298,255,503,14,338,224,346,551,554,799,948,556,445,665,277,667,95,796,429,860,955,736,815,500,892,321,31,304,316,444,203,982,759,426,944,178,75,401,615,436,718,374,433,457,570,90,830,890,169,628,301,905,108,792,678,405,364,868,585,380,435,39,568,263,953,236,446,199,106,827,240,1,447,546,300,547,988,914,213,325,557,138,969,28,424,750,776,491,560,637,153,693,719,200,803,247,48,462,711,712,13,386,441,495,973,36,699,227,714,593,780,697,431,886,244,230,442,76,93,368,833,418,430,651,885,631,120,306,456,521,15,871,20,17,183,296,409,115,859,695,768,872,124,249,150,761,753,611,288,44,786,548,139,613,569,265,974,271,53,448,960,206,22,561,394,241,638,193,530,877,292,649,146,947,167,134,826,343,129,614,513,564,82,189,215,774,562,895,755,126,539,5,763,375,808,245,165,746,659,516,172,392,766,707,961,156,541,559,738,874,752,866,795,72,470,305,415,408,940,713,181,416,437,309,642,449,737,202,532,23,389,814,511,273,567,896,618,313,911,690,320,980,464,179,861,239,344,105,319,140,624,406,280,754,880,12,536,185,952,434,882,477,992,856,584,931,367,62,851,40,297,259,335,369,801,817,159,145,742,285,494,864,666,318,984,158,177,845,622,823,854,42,544,580,620,149,52,893,983,135,820,813,353,251,889,648,473,928,740,372,685,204,311,25,660,450,417,322,725,332,867,51,334,650,385,110,420,654,975,900,837,67,941,201,528,847,481,904,152,290,744,727,579,962,818,775,465,83,887,91,636,118,18,71,395,317,937,617,582,109,208,782,575,816,563,509,968,294,235,350,779,248,533,264,662,591,804,175,291,571,308,788,226,910,30,359,596,894,976,80,56,576,34,732,365,104,163,878,929,912,21,404,171,724,903,574,840,144,540,225,523,270,252,715,807,683,60,689,918,231,537,223,757,256,428,141,919,806,50,73,696,610,608,253,469,730,443,946,658,954,789,578,41,672,490,916,96,92,454,399,773,933,58,2,16,825,965,329,400,88,184,733,950,701,114,360,487,326,550,327,526,339,113,726,333,635,888,680,99,601,168,390,266,739,720,479,411,971,924,398,361,630,131,524,220,970,130,119,132,640,349,587,600,552,501,507,772,846,879,451,275,196,604,957,603,302,633,267,735,645,599,382,137,79,510,493,981,147,59,89,324,11,403,858,901,811,438,949,391,496,475,534,797,778,869,549,38,989,180,529,151,508,388,748,37,535,723,783,237,522,269,142,545,664,913,917,619,679,49,706,688,459,413,756,839,194,461,471,370,54,809,922,870,127,891,843,692,935,876,853,210,512,7,687,621,63,472,906,862,69,452,276,155,566,257,978,458,45,875,828,606,844,357,70,117,85,377,314,35,942,656,767,396,623,577,188,485,926,238,793,538,293,286,478,498,492,964,262,848,519,597,342,945,410,186,468,765,558,281,791,798,923,101,676,282,810,625,743,986,907,832,112,440,632,340,855,515,605,94,484,671,987,668,84,762,216,453,161,460,378,9,229,800,432,173,802,769,315,921,857,852,190,383,595,647,68,553,425,393,195,842,583,143,932,850,102,242,977,170,506,136,387,107,198,497,684,967,838,951,592,29,884,745,920,835,232,670,644,466,634,609,274,323,675,33,520,590,98,345,483,243,627,979,
value : 553.728 running time : 40.482573
80 20
77.4551 16.0711
73.3675 15.622
70.1621 15.2699
68.0052 15.033
66.7202 16.7361
65.6557 18.1472
64.6597 19.4673
63.6265 20.8368
62.5512 22.2622
61.1247 24.153
60.5211 24.9531
59.8566 25.834
59.2699 26.6116
58.8939 27.11
58.5681 27.542
58.2319 27.9876
57.8976 28.4308
57.6184 28.8008
57.3125 29.2064
57.1135 29.4701
56.7999 29.8859
56.4207 30.3884
56.072 30.8507
55.7281 31.3066
55.6972 31.3475
55.6648 31.3905
55.494 31.2686
55.2553 31.0982
55.0535 30.9542
54.7463 30.7349
54.4654 30.5344
54.1502 30.3095
53.6681 29.9654
53.1753 29.6136
52.4059 29.0645
51.5582 28.4594
50.7896 27.9108
50.0603 27.3903
48.9574 26.6031
48.3254 26.152
45.5235 24.1521
44.7761 23.3167
44.0521 22.5074
42.4099 20.672
41.855 20.0517
41.304 19.4358
40.9678 19.0599
40.612 18.6622
40.2368 18.2428
39.8767 17.8404
39.5103 17.4307
38.8572 17.6797
38.0908 17.9719
37.4094 18.2318
37.156 18.8013
36.8935 19.3913
36.6657 19.9035
36.3845 20.5355
36.1727 21.0117
35.9953 21.4105
35.8332 21.7748
35.6785 22.1227
35.5452 22.4221
35.3934 22.7634
35.234 23.1218
35.0738 23.4818
34.7586 25.0109
34.3904 26.7968
34.0493 28.451
33.647 30.4025
33.191 32.6142
32.9113 33.9709
32.6826 35.08
31.4513 35.463
24.8401 37.5195
24.3167 37.6823
23.6286 37.8963
23.2661 38.0091
22.8705 38.1321
22.6383 37.661
22.406 37.1895
21.9755 36.3159
21.5836 35.5206
20.1667 32.6448
18.6736 29.6143
18.6736 29.6143
18.6736 29.6143
18.6736 29.6143
18.2567 28.8934
17.8873 28.2544
17.5114 27.6043
17.0613 26.8258
16.545 25.9328
16.0112 25.0096
15.7189 24.504
15.4382 24.0187
15.1518 23.5233
14.9094 23.1041
14.6691 22.6884
14.4019 22.2263
14.2031 21.8825
13.989 21.5121
13.75 21.0988
13.5321 20.722
13.247 20.2289
13.0212 19.8383
12.754 19.3762
11.9529 17.9906
11.4175 17.0646
10.9086 16.1844
10.8655 16.1098
10.8655 16.1098
10.8655 16.1098
10.8655 16.1098
10.8655 16.1098
10.8654 16.1098
10.8654 16.1098
10.8535 17.6989
10.8408 19.3786
10.8263 21.2937
10.8167 22.5737
10.8081 23.7085
10.7993 24.8837
10.7939 25.6001
10.7889 26.2637
10.7809 27.3226
10.7719 28.5249
10.7642 29.5489
10.7543 30.8641
10.738 33.0212
10.7184 35.6153
10.7184 35.6153
10.7184 35.6153
11.0327 36.1784
11.3861 36.8114
11.8052 37.5623
12.0281 37.9615
12.3091 38.465
12.7624 39.2771
12.9837 39.6735
13.2073 40.074
13.4371 40.4857
13.6454 40.859
13.8705 41.2621
14.1086 41.6886
14.3167 42.0615
14.5483 42.4763
14.8163 42.9565
15.0565 43.3868
14.7388 43.5558
14.4628 43.7027
14.1852 43.8503
13.9067 43.9984
13.6172 44.1524
13.3533 44.2928
13.0421 44.4584
12.7266 44.6262
12.4338 44.7819
12.1582 44.9286
11.8727 45.0804
11.5446 45.2549
11.2105 45.4327
10.8664 45.6158
10.5662 45.7754
10.6403 46.9785
10.7207 48.2858
10.8032 49.626
10.8032 49.626
10.8433 49.7349
10.9219 49.9488
10.9999 50.1612
11.0833 50.3883
11.1602 50.5975
11.2324 50.7941
11.308 50.9998
11.398 51.2448
11.4695 51.4394
11.5362 51.6209
11.6085 51.8179
11.6831 52.0209
11.7587 52.2266
12.4239 54.0374
12.4523 54.0546
12.4793 54.0709
12.5043 54.0861
12.5257 54.099
12.5495 54.1134
12.5748 54.1287
12.6027 54.1455
12.6261 54.1597
12.649 54.1735
12.6715 54.1872
12.7865 54.2567
12.8996 54.3251
13.0084 54.3909
13.1261 54.4621
13.2486 54.5362
13.3733 54.6116
13.5124 54.6957
13.6638 54.7873
13.79 54.8637
13.9372 54.9527
14.0627 55.0286
14.1917 55.1066
14.314 55.1806
14.314 55.1806
14.314 55.1806
14.314 55.1806
14.314 55.1806
14.314 55.1806
14.1653 56.0736
14.0761 56.6097
13.9973 57.0828
13.9204 57.5446
13.8171 58.1647
13.147 62.1896
13.0837 62.5702
13.0091 63.018
12.9362 63.4561
12.8679 63.8661
12.8043 64.2479
12.7436 64.6124
12.6805 64.9914
12.6279 65.3073
12.5758 65.6204
12.5114 65.753
12.4425 65.8947
12.3722 66.0392
12.3015 66.1847
12.2287 66.3344
12.1644 66.4667
12.0982 66.6028
12.026 66.7512
11.9447 66.9185
11.8693 67.0736
11.8054 67.205
11.74 67.3395
11.6743 67.4747
11.6082 67.6106
11.5435 67.7437
11.4731 67.8886
11.4056 68.0273
11.4056 68.0273
11.4056 68.0273
11.4056 68.0273
11.4056 68.0273
11.4056 68.0273
11.3692 69.2587
11.3412 70.2006
11.3273 70.6709
11.315 71.0861
11.3005 71.5759
11.2867 72.0406
11.2725 72.5203
11.2572 73.038
11.2427 73.5258
11.2285 74.0062
11.215 74.4595
11.2094 74.6487
11.2011 74.9298
11.1924 75.2248
11.1843 75.4958
11.1759 75.7815
11.1666 76.0924
11.156 76.4513
11.1431 76.8868
11.1339 77.1977
11.1243 77.5215
11.1132 77.8975
11.1015 78.292
11.0902 78.6738
11.0811 78.9789
11.0733 79.2438
11.0633 79.5792
11.0544 79.8791
11.0443 80.2202
11.0338 80.5756
11.0273 80.7954
11.021 81.0084
11.0148 81.2165
11.008 81.4467
11.0018 81.6561
10.9956 81.8656
10.9895 82.071
10.9832 82.2853
10.9766 82.505
10.97 82.7291
10.9641 82.93
10.9578 83.142
10.9514 83.3558
10.9458 83.5476
10.9393 83.765
10.9327 83.9885
10.9254 84.2363
10.9182 84.4767
10.911 84.7202
10.9032 84.9848
10.8941 85.2906
10.8854 85.5837
10.8767 85.8796
10.8686 86.1524
10.8598 86.451
10.8511 86.7448
10.8415 87.0658
10.8328 87.3602
10.8252 87.6177
10.8168 87.9011
10.8094 88.1502
10.8023 88.3902
10.7963 88.5929
10.7932 88.6991
10.7901 88.8031
10.787 88.9081
10.7837 89.0182
10.7804 89.1292
10.7773 89.2335
10.774 89.3457
10.7707 89.4593
10.7675 89.5643
10.7648 89.6571
10.7615 89.7691
10.7582 89.8789
10.7552 89.9824
10.7517 90.1001
10.7478 90.2306
10.7437 90.3701
10.7437 90.3701
10.7437 90.3701
11.5882 90.5654
12.476 90.7707
13.3399 90.9705
14.2307 91.1765
17.0781 91.8347
16.9324 91.6628
16.7986 91.505
16.6639 91.3462
16.524 91.181
16.3275 90.9493
16.193 90.7907
16.0694 90.6448
15.9586 90.5141
15.848 90.3837
16.0414 90.3646
16.2377 90.3452
16.4668 90.3225
16.6945 90.3
16.9155 90.2782
17.1225 90.2577
17.383 90.232
17.6098 90.2096
17.8301 90.1878
18.0753 90.1636
18.2897 90.1424
18.5072 90.1209
18.7519 90.0967
18.9558 90.0766
19.1997 90.0525
19.4461 90.0281
19.6668 90.0063
19.875 89.9857
21.0395 89.8707
21.792 89.7963
22.5691 89.7195
23.4624 89.6313
24.6129 89.5176
24.6795 89.511
24.7701 89.502
24.849 89.4942
24.9479 89.4845
25.0437 89.475
25.1403 89.4655
25.2295 89.4566
25.3198 89.4477
25.4141 89.4384
25.5075 89.4292
25.6001 89.42
25.6833 89.4118
25.7665 89.4036
25.8527 89.3951
25.9367 89.3868
26.1382 89.3669
26.3542 89.3455
26.5364 89.3275
26.7443 89.307
26.9713 89.2845
27.1691 89.265
27.3591 89.2462
27.6253 89.2199
27.8724 89.1955
28.1593 89.1671
28.4704 89.1364
28.7283 89.1109
28.9279 89.0912
29.1744 89.0668
29.3892 89.0456
29.6072 89.0241
29.984 88.9868
30.3708 88.9486
30.821 88.9041
31.3649 88.8504
31.9125 88.7963
32.3739 88.7507
32.6067 88.7277
32.8409 88.7045
33.0558 88.6833
33.1821 88.5708
33.3468 88.4242
33.5127 88.2765
33.6745 88.1324
33.8373 87.9875
34.4615 87.4318
35.0085 86.9448
35.5999 86.4183
36.0941 85.9784
36.5885 85.5382
37.0683 85.111
37.5914 84.6453
38.0347 84.2506
38.4109 83.9157
38.8566 83.5188
39.2869 83.1358
39.6978 82.7699
40.2469 82.2811
40.2469 82.2811
40.2469 82.2811
40.3241 82.6481
40.4022 83.0196
40.4698 83.3409
40.5326 83.6396
40.5977 83.9495
40.7264 84.5611
40.8552 85.1735
40.9865 85.7977
41.1277 86.469
41.2779 87.183
41.2838 87.2111
41.2902 87.2417
41.3315 87.4379
41.3782 87.6599
41.4297 87.9048
41.4836 88.1609
41.5087 88.2798
41.534 88.4004
41.5562 88.5056
41.6892 88.5795
41.807 88.6451
41.9244 88.7103
42.0259 88.7667
42.1389 88.8295
42.2322 88.8814
42.3388 88.9407
42.4589 89.0074
42.5694 89.0689
42.7031 89.1432
42.7031 89.1432
42.7031 89.1432
42.7031 89.1432
42.7031 89.1432
42.7031 89.1432
42.7031 89.1432
43.0233 89.1347
43.3117 89.1271
43.6413 89.1183
43.9951 89.109
44.4579 89.0967
44.8889 89.0853
45.2549 89.0756
45.6153 89.066
45.9415 89.0573
46.2677 89.0487
46.7148 89.0368
47.1767 89.0246
47.6765 89.0113
48.2783 88.9954
48.7995 88.9815
49.4842 88.9634
49.988 88.95
50.4188 88.9386
50.8863 88.9262
51.269 88.916
51.7823 88.9024
52.3282 88.8879
52.9167 88.8723
53.1097 88.8672
53.2701 88.863
53.4393 88.8585
53.6187 88.8537
53.8 88.8489
53.9704 88.8444
54.1314 88.8401
54.3136 88.8353
54.499 88.8304
54.5465 88.8291
54.5982 88.8277
54.6488 88.8264
54.7092 88.8248
54.7627 88.8234
54.8986 88.8198
55.0496 88.8158
55.1916 88.812
55.3299 88.8084
55.4764 88.8045
55.618 88.8007
55.7559 88.7971
55.8962 88.7934
56.0267 88.7899
56.1872 88.7856
56.3231 88.782
56.4621 88.7784
56.609 88.7745
57.183 88.7593
57.6729 88.7463
58.1222 88.7344
58.593 88.722
59.0551 88.7097
59.4843 88.6984
59.9435 88.6862
60.471 88.6723
61.0562 88.6568
61.7244 88.6391
62.2601 88.6249
62.8534 88.6092
63.5655 88.5904
64.4548 88.5668
65.4296 88.541
66.4553 88.5138
66.9077 88.5019
67.3992 88.4889
67.7855 88.4786
68.2024 88.4676
68.5511 88.4584
68.8674 88.45
69.17 88.442
69.467 88.4341
69.8294 88.4245
70.1571 88.4159
70.5282 88.406
70.8933 88.3964
71.2713 88.3864
71.6603 88.3761
72.0118 88.3668
72.437 88.3555
72.8936 88.3434
73.2468 88.3341
73.7971 88.3195
74.5239 88.3003
76.7461 88.2415
78.6524 88.191
78.6525 88.191
78.6526 88.191
78.6526 88.191
78.6527 88.191
78.6528 88.191
79.7995 88.1544
80.3182 88.1382
80.8733 88.1209
81.4099 88.1041
83.9074 85.4143
85.9949 83.1661
85.7224 82.9025
85.4099 82.6002
85.1397 82.3386
84.8756 82.0832
84.4815 81.7018
84.0534 81.2876
83.677 80.9234
83.3761 80.6323
82.1886 79.4832
78.8729 76.2751
76.1891 73.6782
75.0035 72.5311
73.9797 71.5405
73.7831 71.3503
73.6131 71.1858
73.4142 70.9934
73.2202 70.8056
73.0686 70.659
72.9096 70.5051
72.7464 70.3472
72.5824 70.1885
72.3979 70.01
72.2327 69.8501
72.2327 69.8501
72.2327 69.8501
70.9497 70.6153
70.2813 71.0139
69.7401 71.3367
69.2454 71.6318
68.6614 71.9801
68.0839 72.3246
67.5222 72.6596
66.9861 72.9793
66.3696 73.3471
65.7091 73.7409
64.8153 74.274
63.6882 74.9462
62.526 75.6393
60.7869 76.6764
59.8177 77.2545
59.0262 77.7265
58.6377 77.9583
58.6377 77.9583
58.6377 77.9583
58.5849 77.9376
58.533 77.9173
58.4809 77.8969
56.9653 77.304
56.5636 77.1469
56.177 76.9956
55.8205 76.8562
55.4725 76.72
55.1464 76.5925
54.7752 76.4472
53.3958 75.9076
52.3463 75.497
50.2092 74.6609
48.2944 73.9119
46.6998 73.288
45.1526 72.6827
43.7315 72.1268
42.3661 71.5926
39.7582 70.5724
39.368 70.4197
38.9624 70.2611
38.5472 70.0986
38.1693 69.9508
37.7744 69.7963
37.3799 69.642
36.9862 69.4879
36.6266 69.3473
36.264 69.2054
35.9838 69.0958
35.6631 68.9703
35.3172 68.835
34.9989 68.7105
34.7077 68.5966
34.4292 68.4876
34.0777 68.3501
33.6664 68.1892
33.2223 68.0155
32.7719 67.8393
32.1468 67.5947
32.1468 67.5947
32.1671 67.8123
32.186 68.0153
32.2071 68.2412
32.2263 68.4477
32.2436 68.6332
32.2704 68.9201
32.3029 69.2688
32.334 69.6025
32.3636 69.9199
32.3936 70.2407
32.4195 70.5185
32.4528 70.8759
32.4871 71.2442
32.5008 71.3906
32.5146 71.5382
32.5276 71.6779
32.5414 71.826
32.5565 71.988
32.5701 72.1333
32.5833 72.2754
32.6 72.4539
32.6 72.4539
30.665 75.0702
28.8737 77.4922
26.9716 80.0642
25.7106 81.7691
25.6006 81.84
25.4963 81.9073
25.3863 81.9782
25.2846 82.0438
25.1754 82.1141
25.07 82.1821
24.962 82.2517
24.8476 82.3254
24.7199 82.4078
24.6129 82.4767
24.4997 82.5497
24.3872 82.6223
24.3575 82.6414
24.3264 82.6614
24.2945 82.682
24.267 82.6997
24.2346 82.7206
24.2034 82.7407
24.1726 82.7606
24.1418 82.7804
24.1094 82.8013
24.0746 82.8238
24.041 82.8454
24.0076 82.867
23.9733 82.889
23.939 82.9111
23.9084 82.9309
23.8776 82.9507
23.846 82.9711
23.8078 82.9957
23.779 83.0143
23.7442 83.0367
23.5985 81.8587
23.4426 80.5982
23.2279 78.8621
23.0144 77.1354
22.79 75.3209
22.654 74.2213
22.6244 73.982
22.5951 73.7449
22.5578 73.4439
22.5134 73.0844
22.4866 72.8683
22.4571 72.6297
22.4266 72.3831
22.4188 72.3193
22.4052 72.2099
22.3912 72.0967
22.3774 71.9853
22.362 71.8606
22.3482 71.749
22.3348 71.6407
22.32 71.5211
22.3063 71.41
22.2925 71.2981
22.277 71.1733
22.2618 71.0503
22.2459 70.9215
22.2318 70.8075
22.2168 70.6866
22.2042 70.5845
22.188 70.4533
22.1737 70.3383
22.1574 70.206
22.1432 70.0915
22.1301 69.9857
22.1151 69.8646
22.1013 69.7525
22.0874 69.6403
22.0735 69.5275
22.0599 69.4177
22.0444 69.2926
22.0294 69.1713
22.021 69.1037
22.0133 69.0413
22.0042 68.9676
21.9958 68.8997
21.9877 68.8338
21.9794 68.7668
21.9708 68.6978
21.9631 68.6352
21.9556 68.5746
21.948 68.5127
21.9394 68.4437
21.9308 68.3744
21.9212 68.2963
21.9129 68.2293
21.905 68.1653
21.8968 68.0994
22.0089 67.3572
22.1085 66.6969
22.2264 65.916
22.311 65.3558
22.8321 61.9027
23.291 58.8623
23.4885 57.553
23.5337 57.2535
23.5741 56.9858
23.6156 56.7105
23.6565 56.4397
23.7056 56.1139
23.7574 55.7707
23.8096 55.4247
23.8717 55.0133
23.9364 54.5845
23.9969 54.1831
24.0651 53.7314
24.1397 53.2367
24.2054 52.8015
24.2753 52.338
24.3458 51.8705
24.424 51.3523
24.4859 50.942
24.5437 50.5588
24.597 50.2056
24.732 49.3111
24.732 49.3111
24.732 49.3111
24.732 49.3111
24.732 49.3111
24.732 49.3111
24.732 49.3111
25.8955 48.0335
27.22 46.5791
28.4459 45.233
28.6182 45.3674
28.8685 45.5626
29.112 45.7525
29.3334 45.9252
29.4975 46.0532
29.6895 46.2029
29.8929 46.3616
30.0789 46.5067
30.2737 46.6586
30.4606 46.8044
30.6619 46.9614
30.8665 47.1209
31.1146 47.3144
31.3507 47.4985
31.5636 47.6646
31.7468 47.8075
31.9244 47.946
32.2176 48.1747
32.4811 48.3802
32.7914 48.6222
33.0943 48.8584
33.3806 49.0817
33.6721 49.3091
34.6839 50.0982
35.6586 50.8583
36.9421 51.8593
38.7311 53.2545
38.8649 53.0327
38.9814 52.8395
39.1736 52.5208
39.3942 52.155
39.5796 51.8477
39.7626 51.5443
39.9575 51.2211
40.1463 50.9081
40.535 50.2636
41.0805 49.3592
41.8128 48.1449
41.9263 47.9569
42.0549 47.7437
42.2229 47.4651
42.3756 47.212
42.52 46.9725
42.6262 46.7964
42.7598 46.5749
42.7598 46.5749
42.7598 46.5749
42.7598 46.5749
42.7598 46.5749
42.9181 46.5615
43.0639 46.5492
43.1964 46.538
43.3327 46.5265
43.454 46.5162
43.5901 46.5047
43.7175 46.4939
43.8527 46.4825
43.9797 46.4718
44.1103 46.4607
44.2567 46.4483
49.2987 46.022
52.3762 45.7618
54.9077 45.5478
54.9077 45.5478
54.9077 45.5478
55.2124 46.0367
55.4686 46.4478
55.7987 46.9774
56.1165 47.4873
56.3643 47.8849
56.5922 48.2506
56.7956 48.5769
57.3016 49.3887
58.4472 51.2269
59.2943 52.5861
59.8732 53.5148
59.6292 53.5696
59.3529 53.6317
59.0928 53.6902
58.8435 53.7462
58.6101 53.7987
58.3973 53.8465
58.1699 53.8976
57.9008 53.9581
57.6185 54.0216
57.368 54.0779
57.0993 54.1383
56.8268 54.1995
56.5774 54.2556
55.7616 54.439
55.1254 54.5819
54.5373 54.7141
53.9389 54.8486
53.2985 54.9925
52.9697 55.6344
52.6166 56.3238
52.3079 56.9265
51.9051 57.7129
51.3657 58.7659
51.0959 59.2926
50.771 59.9268
50.4634 60.5273
50.7312 60.8296
50.9957 61.128
51.3065 61.4789
51.5767 61.7838
51.8415 62.0827
52.1477 62.4283
52.4785 62.8018
52.8386 63.2081
53.1864 63.6008
53.5186 63.9757
53.8527 64.3528
54.2155 64.7623
54.5665 65.1585
54.9237 65.5617
55.1025 65.7634
55.2773 65.9607
55.4561 66.1625
55.6348 66.3643
55.7918 66.5415
55.9687 66.7411
56.1475 66.9429
56.3161 67.1332
56.4758 67.3135
56.6883 67.5533
56.8632 67.7507
57.0306 67.9397
57.1935 68.1236
57.3735 68.3268
57.5475 68.5231
57.7426 68.7433
57.9468 68.9739
58.2225 69.285
58.4681 69.5623
58.4681 69.5623
58.4681 69.5623
58.4681 69.5623
58.4681 69.5623
58.4681 69.5623
58.4681 69.5623
58.7602 69.3297
59.0547 69.0952
59.3297 68.8763
60.225 68.1634
65.3545 64.0801
66.9208 62.8331
68.2337 61.7878
68.7298 61.3928
69.2885 60.948
69.9668 60.4079
70.7638 59.7733
71.3627 59.2965
71.6281 59.0851
73.2143 57.8223
73.2143 57.8223
73.2143 57.8223
73.2143 57.8223
74.4938 57.4262
75.4647 57.1257
76.5034 56.8042
78.1215 56.3034
79.3649 55.9185
80.5237 55.5598
81.2128 55.3465
81.8532 55.1483
82.4461 54.9648
83.1223 54.7555
83.6516 54.5917
84.2307 54.4124
83.5558 53.6411
82.7716 52.745
82.0739 51.9478
81.3453 51.1151
80.5469 50.2027
79.8719 49.4313
79.3546 48.8402
78.0202 47.3152
77.101 46.2647
76.0572 45.0719
74.7534 43.5818
73.5923 42.255
72.3979 40.89
71.4847 39.8464
70.4837 38.7024
71.0802 38.0669
71.6581 37.4514
72.1564 36.9206
72.7051 36.3362
77.5815 31.1411
79.4225 29.1799
81.3886 27.0856
83.8767 24.435
85.3028 20.1793
86.1934 17.5214
85.7654 17.6927
85.2078 17.9159
83.6948 18.5213
