0,520,98,590,33,29,592,951,553,136,323,609,195,198,274,932,838,835,920,745,466,117,190,485,583,967,387,926,850,942,102,767,70,170,425,242,656,884,107,383,506,450,528,497,660,332,204,740,725,648,311,25,889,685,372,473,322,983,928,135,580,494,893,742,285,820,511,854,353,149,817,145,620,318,737,864,567,584,754,273,42,52,984,378,477,622,251,823,464,845,775,544,666,813,818,83,18,51,158,159,417,654,904,71,931,460,259,605,837,727,465,395,579,509,937,481,744,668,393,68,852,977,152,385,201,290,334,867,684,975,900,962,110,650,810,420,519,396,595,538,478,623,941,45,844,821,232,670,644,143,842,357,716,458,377,606,492,186,843,472,930,69,978,594,675,945,870,566,848,989,906,783,512,197,269,862,839,619,480,706,180,370,621,89,127,603,194,876,913,471,778,356,49,522,210,302,846,688,510,237,11,640,765,901,397,267,965,720,382,599,633,891,903,788,308,756,171,957,645,533,359,30,910,163,350,779,683,291,804,175,104,596,264,923,101,459,676,342,54,576,281,809,493,365,912,929,732,922,597,85,286,188,793,262,461,625,577,484,802,161,293,558,798,791,964,743,235,109,282,84,440,498,855,968,173,647,468,35,907,340,112,987,762,515,832,67,238,582,335,801,887,315,986,563,297,208,847,410,857,453,94,432,769,229,782,134,632,895,179,523,91,800,216,617,9,367,976,513,649,894,921,317,671,564,636,774,319,415,659,516,126,851,690,369,911,177,575,40,816,118,746,245,12,185,202,313,952,618,980,992,536,856,882,62,239,624,434,880,826,305,814,280,140,861,165,896,344,23,961,713,105,874,375,72,53,763,181,532,541,738,974,5,156,559,548,766,271,707,416,394,569,449,768,866,309,343,206,539,96,389,172,672,92,752,877,139,448,265,470,613,642,638,919,320,454,241,540,437,144,406,82,940,806,530,840,193,408,947,662,270,561,248,562,292,807,231,22,333,428,697,41,757,256,2,141,773,124,215,129,230,80,189,294,614,755,225,167,715,60,878,574,252,223,724,587,872,99,349,591,550,658,501,404,226,56,21,924,184,443,888,635,249,560,418,424,431,469,442,16,789,695,557,490,44,183,93,368,150,253,36,50,608,859,726,885,306,833,886,296,696,146,808,28,918,392,73,120,786,631,430,795,495,593,610,651,521,491,227,409,960,933,776,456,15,753,714,17,288,20,611,750,138,761,815,712,871,973,58,95,115,446,462,386,711,316,360,955,441,380,969,585,236,13,304,405,426,153,199,570,401,108,547,736,868,678,263,693,759,1,953,719,39,447,106,200,169,988,178,203,827,213,435,556,916,300,554,792,944,830,914,75,615,48,803,628,546,718,247,637,364,301,568,325,321,244,399,699,76,689,361,266,927,954,946,537,327,578,730,255,429,680,950,966,207,982,77,31,444,667,371,784,381,517,427,346,892,88,890,90,436,298,639,487,796,326,433,905,991,339,114,747,665,347,694,939,734,14,500,240,277,860,400,686,728,445,224,607,799,879,192,168,97,825,3,482,272,374,948,338,780,503,162,657,214,601,411,132,34,897,451,196,275,219,457,502,119,130,772,739,131,760,81,220,970,701,526,551,524,113,705,398,604,971,600,479,137,552,390,733,571,422,981,589,630,79,336,508,142,729,475,324,329,764,147,698,909,735,545,949,37,507,222,797,858,534,542,59,391,956,233,616,388,938,543,38,748,414,829,476,413,151,403,687,32,228,65,700,438,679,525,121,125,664,723,990,655,423,663,496,731,78,10,166,128,330,212,46,863,749,174,352,677,279,708,805,908,771,148,770,312,123,463,341,100,758,376,652,565,154,182,373,972,505,47,303,57,157,703,218,116,691,717,849,527,925,234,531,122,283,936,489,841,384,499,898,74,673,963,958,328,572,4,985,86,331,133,87,836,455,794,710,258,299,474,402,741,187,514,61,348,588,722,629,812,881,211,674,682,646,362,661,366,412,488,8,407,518,287,669,310,351,653,704,337,626,883,363,573,902,254,643,268,246,702,899,221,915,284,307,439,869,641,943,612,205,549,602,64,278,354,486,709,822,111,535,160,7,787,529,824,834,191,257,790,853,66,917,692,276,935,751,452,811,261,289,586,467,379,26,934,419,209,681,250,785,828,555,358,27,63,155,421,865,217,19,875,873,355,781,314,959,43,6,819,831,164,634,295,24,581,55,598,777,504,176,103,260,721,979,345,627,243,483,
value : 740.916 running time : 40.182049
80 20
87.8077 32.8479
87.8077 32.8479
87.8077 32.8479
87.8077 32.8479
78.4305 42.2148
78.4305 42.2148
78.4305 42.2148
78.4305 42.2148
78.4305 42.2148
78.4305 42.2148
78.4305 42.2148
78.4305 42.2148
79.4732 49.7521
79.4732 49.7521
79.4732 49.7521
79.4732 49.7521
79.4732 49.7521
79.4732 49.7521
79.4732 49.7521
79.4732 49.7521
72.4614 52.1198
72.4614 52.1198
72.4614 52.1198
72.4614 52.1198
72.4614 52.1198
72.4614 52.1198
72.4614 52.1198
72.4614 52.1198
72.4614 52.1198
72.4614 52.1198
72.4614 52.1198
72.4614 52.1198
79.7711 56.46
79.7711 56.46
79.7711 56.46
79.7711 56.46
79.7711 56.46
79.7711 56.46
79.7711 56.46
79.7711 56.46
86.531 61.8019
86.531 61.8019
86.531 61.8019
84.7974 66.3518
84.7974 66.3518
84.7974 66.3518
86.1991 85.0726
86.1991 85.0726
86.1991 85.0726
86.1991 85.0726
86.1991 85.0726
86.1991 85.0726
86.1991 85.0726
86.1991 85.0726
86.1991 85.0726
86.1991 85.0726
79.9358 92.5726
79.9358 92.5726
79.9358 92.5726
79.9358 92.5726
79.9358 92.5726
79.9358 92.5726
79.9358 92.5726
79.9358 92.5726
79.9358 92.5726
61.9873 94.0764
61.9873 94.0764
61.9873 94.0764
61.9873 94.0764
61.9873 94.0764
61.9873 94.0764
61.9873 94.0764
61.9873 94.0764
61.9873 94.0764
63.9998 88.6478
63.9998 88.6478
63.9998 88.6478
63.9998 88.6478
63.9998 88.6478
63.9998 88.6478
63.9998 88.6478
63.9998 88.6478
63.9998 88.6478
63.9998 88.6478
63.9998 88.6478
63.9998 88.6478
63.9998 88.6478
63.9998 88.6478
63.9998 88.6478
63.9998 88.6478
63.9998 88.6478
63.9998 88.6478
63.9998 88.6478
65.139 86.5941
65.139 86.5941
65.139 86.5941
65.139 86.5941
65.139 86.5941
68.2771 83.4924
68.2771 83.4924
68.2771 83.4924
68.2771 83.4924
68.2771 83.4924
68.2771 83.4924
68.2771 83.4924
63.2719 78.1042
63.2719 78.1042
63.2719 78.1042
59.8125 74.3802
64.4547 73.0099
64.4547 73.0099
64.4547 73.0099
64.4547 73.0099
64.4547 73.0099
64.4547 73.0099
64.4547 73.0099
64.4547 73.0099
64.4547 73.0099
64.4547 73.0099
75.6019 66.2606
75.6019 66.2606
75.6019 66.2606
75.6019 66.2606
75.6019 66.2606
75.6019 66.2606
75.6019 66.2606
75.6019 66.2606
75.6019 66.2606
75.6019 66.2606
75.6019 66.2606
75.6019 66.2606
75.6019 66.2606
75.6019 66.2606
68.6971 63.5236
68.6971 63.5236
65.4588 56.867
65.4588 56.867
65.4588 56.867
65.4588 56.867
65.4588 56.867
65.4588 56.867
65.4588 56.867
61.5894 42.2263
61.5894 42.2263
61.5894 42.2263
61.5894 42.2263
61.5894 42.2263
61.5894 42.2263
61.5894 42.2263
61.5894 42.2263
61.5894 42.2263
61.5894 42.2263
61.5894 42.2263
61.5894 42.2263
61.5894 42.2263
55.6735 46.5332
55.6735 46.5332
55.6735 46.5332
55.6735 46.5332
55.6735 46.5332
55.6735 46.5332
55.6735 46.5332
55.6735 46.5332
55.6735 46.5332
55.6735 46.5332
50.8532 45.364
50.8532 45.364
50.8532 45.364
44.4295 46.8743
44.4295 46.8743
44.4295 46.8743
44.4295 46.8743
44.4295 46.8743
40.3331 47.833
40.3331 47.833
39.9824 48.3803
39.9824 48.3803
39.9824 48.3803
39.9824 48.3803
39.9824 48.3803
39.9824 48.3803
39.9824 48.3803
39.9824 48.3803
39.9824 48.3803
39.9824 48.3803
39.9824 48.3803
39.9824 48.3803
39.9824 48.3803
39.9824 48.3803
39.9824 48.3803
39.9824 48.3803
39.9824 48.3803
39.9824 48.3803
39.9824 48.3803
39.9824 48.3803
27.7432 53.4048
27.7432 53.4048
27.7432 53.4048
27.7432 53.4048
27.7432 53.4048
27.7432 53.4048
29.2274 54.4873
29.2274 54.4873
29.2274 54.4873
29.2274 54.4873
29.2146 57.4613
29.2146 57.4613
29.2146 57.4613
29.2146 57.4613
29.2146 57.4613
29.2146 57.4613
29.2146 57.4613
29.2146 57.4613
29.2146 57.4613
29.2146 57.4613
38.65 64.7143
38.65 64.7143
38.65 64.7143
38.65 64.7143
38.65 64.7143
38.65 64.7143
38.65 64.7143
38.65 64.7143
38.65 64.7143
38.65 64.7143
38.65 64.7143
38.65 64.7143
38.65 64.7143
38.65 64.7143
38.65 64.7143
38.65 64.7143
38.65 64.7143
43.9212 57.4197
43.9212 57.4197
43.9212 57.4197
43.9212 57.4197
43.9212 57.4197
43.9212 57.4197
43.9212 57.4197
43.9212 57.4197
43.9212 57.4197
43.9212 57.4197
43.9212 57.4197
43.9212 57.4197
43.9212 57.4197
43.9212 57.4197
43.9212 57.4197
43.9212 57.4197
45.1659 54.1959
45.1659 54.1959
45.1659 54.1959
45.1659 54.1959
45.1659 54.1959
45.1659 54.1959
54.2135 66.245
54.2135 66.245
54.2135 66.245
54.2135 66.245
54.2135 66.245
54.2135 66.245
54.2135 66.245
54.2135 66.245
54.2135 66.245
54.2135 66.245
54.2135 66.245
54.2135 66.245
54.2135 66.245
54.2135 66.245
54.2135 66.245
54.2135 66.245
54.2135 66.245
54.2135 66.245
54.2135 66.245
54.2135 66.245
54.2135 66.245
54.2135 66.245
54.2135 66.245
54.2135 66.245
54.2135 66.245
54.2135 66.245
54.2135 66.245
54.2135 66.245
54.2135 66.245
54.2135 66.245
54.2135 66.245
54.2135 66.245
54.2135 66.245
55.3529 74.9453
55.3529 74.9453
55.3529 74.9453
55.3529 74.9453
55.3529 74.9453
55.3529 74.9453
55.2294 75.8424
55.2294 75.8424
55.2294 75.8424
48.6584 75.3975
48.6584 75.3975
48.6584 75.3975
48.6584 75.3975
48.6584 75.3975
48.6584 75.3975
48.6584 75.3975
48.6584 75.3975
48.6584 75.3975
48.6584 75.3975
48.6584 75.3975
48.6584 75.3975
48.6584 75.3975
48.6584 75.3975
48.6584 75.3975
48.6584 75.3975
48.6584 75.3975
48.6584 75.3975
49.9837 80.7845
49.9837 80.7845
49.9837 80.7845
49.9837 80.7845
49.9837 80.7845
49.9837 80.7845
49.9837 80.7845
49.9837 80.7845
49.9837 80.7845
49.9837 80.7845
49.9837 80.7845
49.9837 80.7845
49.9837 80.7845
49.9837 80.7845
49.9837 80.7845
49.9837 80.7845
49.9837 80.7845
49.9837 80.7845
49.9837 80.7845
54.342 89.7461
54.342 89.7461
54.342 89.7461
54.342 89.7461
54.342 89.7461
54.342 89.7461
54.342 89.7461
54.342 89.7461
54.342 89.7461
54.342 89.7461
54.342 89.7461
54.342 89.7461
54.342 89.7461
54.342 89.7461
54.342 89.7461
54.342 89.7461
54.342 89.7461
54.342 89.7461
54.342 89.7461
54.342 89.7461
54.342 89.7461
54.342 89.7461
54.342 89.7461
54.342 89.7461
54.342 89.7461
54.342 89.7461
54.342 89.7461
54.342 89.7461
54.342 89.7461
54.342 89.7461
54.342 89.7461
54.342 89.7461
54.342 89.7461
54.342 89.7461
54.342 89.7461
54.342 89.7461
54.342 89.7461
46.2436 91.5181
46.2436 91.5181
46.2436 91.5181
46.2436 91.5181
46.2436 91.5181
46.2436 91.5181
46.2436 91.5181
46.2436 91.5181
46.2436 91.5181
46.2436 91.5181
46.2436 91.5181
46.2436 91.5181
46.2436 91.5181
46.2436 91.5181
46.2436 91.5181
42.2523 90.6587
42.2523 90.6587
42.2523 90.6587
42.2523 90.6587
42.2523 90.6587
42.2523 90.6587
34.0227 93.3675
34.0227 93.3675
34.0227 93.3675
34.0227 93.3675
34.0227 93.3675
34.0227 93.3675
34.0227 93.3675
34.0227 93.3675
34.0227 93.3675
34.0227 93.3675
34.0227 93.3675
34.0227 93.3675
34.0227 93.3675
34.0227 93.3675
34.0227 93.3675
34.0227 93.3675
34.0227 93.3675
34.0227 93.3675
37.0462 86.7058
37.0462 86.7058
37.0462 86.7058
37.0462 86.7058
38.0699 85.4871
38.0699 85.4871
38.0699 85.4871
38.0699 85.4871
42.714 81.8234
42.714 81.8234
42.714 81.8234
42.714 81.8234
42.714 81.8234
42.714 81.8234
42.714 81.8234
42.714 81.8234
42.714 81.8234
42.714 81.8234
42.714 81.8234
43.4672 79.9427
43.4672 79.9427
43.4672 79.9427
43.4672 79.9427
43.4672 79.9427
43.4672 79.9427
34.3295 81.3347
34.3295 81.3347
34.3295 81.3347
34.3295 81.3347
34.3295 81.3347
34.3295 81.3347
34.3295 81.3347
34.3295 81.3347
34.3295 81.3347
34.3295 81.3347
34.3295 81.3347
34.3295 81.3347
34.3295 81.3347
34.3295 81.3347
34.3295 81.3347
34.3295 81.3347
34.3295 81.3347
34.3295 81.3347
34.3295 81.3347
34.3295 81.3347
30.9373 76.0975
30.9373 76.0975
30.7285 74.8509
30.7285 74.8509
30.7285 74.8509
30.7285 74.8509
30.7285 74.8509
30.7285 74.8509
30.7285 74.8509
30.7285 74.8509
30.7285 74.8509
30.7285 74.8509
30.4199 73.8149
30.4199 73.8149
30.4199 73.8149
30.4199 73.8149
30.4199 73.8149
30.4199 73.8149
30.4199 73.8149
30.4199 73.8149
30.4199 73.8149
30.4199 73.8149
28.5924 74.1789
28.5924 74.1789
28.5924 74.1789
28.5924 74.1789
25.9658 80.1253
25.9658 80.1253
25.9658 80.1253
25.9658 80.1253
25.9658 80.1253
25.9658 80.1253
22.9967 83.4519
22.9967 83.4519
22.9967 83.4519
22.9967 83.4519
22.9967 83.4519
22.9967 83.4519
22.9967 83.4519
22.9967 83.4519
22.9967 83.4519
22.9967 83.4519
22.9967 83.4519
22.9967 83.4519
22.9967 83.4519
22.9967 83.4519
22.9967 83.4519
22.9967 83.4519
22.9967 83.4519
22.9967 83.4519
24.6978 86.3729
24.6978 86.3729
24.6978 86.3729
24.6978 86.3729
24.6978 86.3729
24.4436 89.7654
24.4436 89.7654
24.4436 89.7654
24.4436 89.7654
24.4436 89.7654
24.4436 89.7654
24.4436 89.7654
24.4436 89.7654
24.4436 89.7654
24.4436 89.7654
24.4436 89.7654
24.4436 89.7654
24.4436 89.7654
24.4436 89.7654
24.4436 89.7654
24.4436 89.7654
24.4436 89.7654
24.4436 89.7654
24.4436 89.7654
22.3299 94.758
22.3299 94.758
22.3299 94.758
22.3299 94.758
22.3299 94.758
22.3299 94.758
22.3299 94.758
22.3299 94.758
22.3299 94.758
22.3299 94.758
22.3299 94.758
22.3299 94.758
20.1543 91.6278
20.1543 91.6278
20.1543 91.6278
20.1543 91.6278
20.1543 91.6278
20.1543 91.6278
20.1543 91.6278
20.1543 91.6278
20.1543 91.6278
20.1543 91.6278
20.1543 91.6278
20.1543 91.6278
13.027 89.1934
13.027 89.1934
13.027 89.1934
13.027 89.1934
11.7604 91.6607
11.7604 91.6607
11.7604 91.6607
11.7604 91.6607
11.7604 91.6607
11.7604 91.6607
11.7604 91.6607
11.7604 91.6607
6.0612 91.0957
6.0612 91.0957
6.0612 91.0957
6.0612 91.0957
6.0612 91.0957
6.0612 91.0957
6.0612 91.0957
6.0612 91.0957
6.0612 91.0957
6.0612 91.0957
6.0612 91.0957
6.0612 91.0957
6.0612 91.0957
6.0612 91.0957
6.0612 91.0957
6.0612 91.0957
6.0612 91.0957
6.0612 91.0957
6.0612 91.0957
6.0612 91.0957
6.0612 91.0957
6.0612 91.0957
6.0612 91.0957
6.0612 91.0957
6.0612 91.0957
6.0612 91.0957
6.0612 91.0957
9.83725 87.0256
9.83725 87.0256
9.83725 87.0256
9.83725 87.0256
9.83725 87.0256
9.83725 87.0256
9.83725 87.0256
9.83725 87.0256
9.83725 87.0256
9.83725 87.0256
9.83725 87.0256
9.83725 87.0256
9.83725 87.0256
9.83725 87.0256
9.83725 87.0256
9.83725 87.0256
9.83725 87.0256
9.83725 87.0256
9.83725 87.0256
9.83725 87.0256
9.83725 87.0256
9.83725 87.0256
9.83725 87.0256
9.83725 87.0256
9.83725 87.0256
20.7633 78.2969
20.7633 78.2969
20.7633 78.2969
20.7633 78.2969
20.7633 78.2969
20.7633 78.2969
20.7633 78.2969
20.7633 78.2969
20.7633 78.2969
20.7633 78.2969
20.7633 78.2969
10.6656 76.3727
10.6656 76.3727
10.6656 76.3727
10.6656 76.3727
6.28117 78.9227
6.28117 78.9227
6.28117 78.9227
7.99189 75.7754
7.99189 75.7754
7.99189 75.7754
7.99189 75.7754
7.99189 75.7754
7.45969 74.7455
7.45969 74.7455
7.45969 74.7455
7.45969 74.7455
7.45969 74.7455
7.45969 74.7455
7.45969 74.7455
7.45969 74.7455
7.45969 74.7455
7.45969 74.7455
7.45969 74.7455
7.45969 74.7455
7.45969 74.7455
7.45969 74.7455
7.45969 74.7455
7.45969 74.7455
7.45969 74.7455
7.45969 74.7455
7.45969 74.7455
8.75141 70.9673
8.75141 70.9673
8.75141 70.9673
8.75141 70.9673
8.75141 70.9673
8.75141 70.9673
8.75141 70.9673
8.75141 70.9673
8.75141 70.9673
8.75141 70.9673
8.75141 70.9673
8.75141 70.9673
8.75141 70.9673
8.75141 70.9673
8.75141 70.9673
8.75141 70.9673
8.75141 70.9673
8.75141 70.9673
8.75141 70.9673
8.75141 70.9673
8.75141 70.9673
8.75141 70.9673
8.75141 70.9673
8.75141 70.9673
8.75141 70.9673
8.75141 70.9673
8.75141 70.9673
8.75141 70.9673
8.75141 70.9673
8.75141 70.9673
8.75141 70.9673
8.75141 70.9673
8.75141 70.9673
8.75141 70.9673
11.3853 63.9566
11.3853 63.9566
11.3853 63.9566
11.3853 63.9566
13.922 66.9882
13.922 66.9882
13.922 66.9882
13.922 66.9882
13.922 66.9882
13.922 66.9882
13.922 66.9882
13.922 66.9882
13.922 66.9882
13.922 66.9882
13.922 66.9882
13.922 66.9882
13.922 66.9882
13.922 66.9882
13.922 66.9882
13.922 66.9882
13.922 66.9882
13.922 66.9882
13.922 66.9882
13.922 66.9882
13.922 66.9882
13.922 66.9882
20.3109 67.3733
20.3109 67.3733
20.3109 67.3733
20.3109 67.3733
20.3109 67.3733
20.3109 67.3733
27.2674 64.643
27.2674 64.643
27.2674 64.643
27.2674 64.643
27.2674 64.643
27.2674 64.643
27.2674 64.643
19.9488 57.6834
19.9488 57.6834
19.9488 57.6834
19.9488 57.6834
21.209 54.2126
21.209 54.2126
21.209 54.2126
21.209 54.2126
21.209 54.2126
21.209 54.2126
21.209 54.2126
21.4765 50.8425
21.4765 50.8425
20.7915 49.2008
20.7915 49.2008
20.7915 49.2008
20.7915 49.2008
20.7915 49.2008
20.7915 49.2008
20.7915 49.2008
20.7915 49.2008
20.7915 49.2008
20.7915 49.2008
20.7915 49.2008
20.7915 49.2008
20.7915 49.2008
20.7915 49.2008
20.7915 49.2008
20.7915 49.2008
20.7915 49.2008
20.7915 49.2008
20.7915 49.2008
20.7915 49.2008
20.7915 49.2008
20.7915 49.2008
22.0856 42.0468
22.0856 42.0468
22.0856 42.0468
22.0856 42.0468
22.0856 42.0468
22.0856 42.0468
22.0856 42.0468
22.0856 42.0468
22.0856 42.0468
22.0856 42.0468
22.0856 42.0468
22.0856 42.0468
22.0856 42.0468
22.0856 42.0468
22.0856 42.0468
22.0856 42.0468
22.0856 42.0468
22.0856 42.0468
22.0856 42.0468
22.0856 42.0468
22.0856 42.0468
22.0856 42.0468
14.8155 49.0033
14.8155 49.0033
14.8155 49.0033
12.6331 47.4858
12.6331 47.4858
12.6331 47.4858
12.6331 47.4858
12.6331 47.4858
12.6331 47.4858
12.6331 47.4858
12.6331 47.4858
12.6331 47.4858
12.6331 47.4858
12.6331 47.4858
12.6331 47.4858
12.6331 47.4858
12.6331 47.4858
12.6331 47.4858
12.6331 47.4858
12.6331 47.4858
12.6331 47.4858
12.6331 47.4858
12.6331 47.4858
12.6331 47.4858
12.6331 47.4858
12.6331 47.4858
6.66493 55.3312
6.66493 55.3312
6.66493 55.3312
6.66493 55.3312
6.66493 55.3312
6.66493 55.3312
6.66493 55.3312
6.66493 55.3312
6.66493 55.3312
6.66493 55.3312
6.66493 55.3312
6.66493 55.3312
6.66493 55.3312
6.66493 55.3312
6.66493 55.3312
6.66493 55.3312
4.51917 56.7596
4.51917 56.7596
4.51917 56.7596
4.51917 56.7596
4.51917 56.7596
4.51917 56.7596
4.51917 56.7596
6.37878 42.2133
6.37878 42.2133
6.37878 42.2133
6.37878 42.2133
6.37878 42.2133
6.37878 42.2133
8.61548 32.8574
8.61548 32.8574
8.61548 32.8574
8.61548 32.8574
8.61548 32.8574
8.61548 32.8574
8.61548 32.8574
8.61548 32.8574
8.61548 32.8574
8.61548 32.8574
8.61548 32.8574
8.61548 32.8574
8.61548 32.8574
8.61548 32.8574
8.61548 32.8574
8.61548 32.8574
8.61548 32.8574
8.61548 32.8574
8.61548 32.8574
10.7814 24.775
10.7814 24.775
10.7814 24.775
10.7814 24.775
10.7814 24.775
11.0574 13.9825
11.0574 13.9825
11.0574 13.9825
11.0574 13.9825
11.0574 13.9825
11.0574 13.9825
11.0574 13.9825
11.0574 13.9825
11.0574 13.9825
11.0574 13.9825
11.0574 13.9825
11.0574 13.9825
11.0574 13.9825
11.0574 13.9825
11.0574 13.9825
11.0574 13.9825
11.0574 13.9825
35.3853 13.5536
35.3853 13.5536
35.3853 13.5536
35.3853 13.5536
35.3853 13.5536
35.3853 13.5536
35.3853 13.5536
35.3853 13.5536
35.3853 13.5536
35.3853 13.5536
35.3853 13.5536
35.3853 13.5536
35.3853 13.5536
26.9455 22.788
26.9455 22.788
26.9455 22.788
26.0917 29.1567
26.0917 29.1567
26.0917 29.1567
26.0917 29.1567
26.0917 29.1567
26.0917 29.1567
26.0917 29.1567
26.0917 29.1567
26.0917 29.1567
26.0917 29.1567
26.0917 29.1567
26.0917 29.1567
26.0917 29.1567
26.0917 29.1567
26.0917 29.1567
26.0917 29.1567
26.0917 29.1567
28.7106 29.4132
28.7106 29.4132
28.7106 29.4132
28.7106 29.4132
28.7106 29.4132
28.7106 29.4132
31.3504 34.1626
31.3504 34.1626
31.3504 34.1626
31.3504 34.1626
31.3504 34.1626
31.3504 34.1626
31.3504 34.1626
31.3504 34.1626
31.3504 34.1626
31.3504 34.1626
31.3504 34.1626
43.4289 43.5341
43.4289 43.5341
43.4289 43.5341
43.4289 43.5341
43.4289 43.5341
44.4903 38.0584
44.4903 38.0584
40.8225 33.4964
40.8225 33.4964
40.8225 33.4964
40.8225 33.4964
40.8225 33.4964
40.8225 33.4964
47.1594 29.4455
47.1594 29.4455
47.1594 29.4455
47.1594 29.4455
47.1594 29.4455
47.1594 29.4455
47.1594 29.4455
53.5424 39.0642
53.5424 39.0642
53.5424 39.0642
53.5424 39.0642
53.5424 39.0642
53.5424 39.0642
53.5424 39.0642
53.5424 39.0642
53.5424 39.0642
53.5424 39.0642
53.5424 39.0642
58.0816 31.2666
58.0816 31.2666
58.0816 31.2666
58.0816 31.2666
58.0816 31.2666
58.0816 31.2666
58.0816 31.2666
58.0816 31.2666
58.0816 31.2666
58.0816 31.2666
58.0816 31.2666
58.0816 31.2666
58.1282 20.1896
58.1282 20.1896
58.1282 20.1896
58.1282 20.1896
58.1282 20.1896
58.1282 20.1896
58.1282 20.1896
71.7564 6.04093
71.7564 6.04093
71.7564 6.04093
95.3482 10.5092
95.3482 10.5092
95.3482 10.5092
95.3482 10.5092
95.3482 10.5092
