0,103,819,504,777,581,721,176,419,24,295,598,959,6,164,355,828,781,751,55,27,594,831,358,873,865,217,69,458,396,821,314,63,45,930,377,675,276,875,492,844,870,197,472,862,978,43,634,843,155,848,194,342,143,842,644,519,188,262,357,926,85,942,767,461,512,906,945,623,597,923,793,452,522,237,621,210,180,89,577,282,281,732,558,127,308,264,683,471,30,286,743,216,101,617,109,855,225,54,632,986,498,533,186,84,964,468,126,769,319,807,82,857,791,540,404,804,410,596,798,676,576,484,163,459,56,724,501,779,235,21,564,80,175,894,144,91,359,523,878,910,715,563,215,350,189,840,662,649,888,296,270,252,124,256,167,454,16,537,806,689,578,614,60,954,635,249,99,574,886,672,495,418,339,551,487,490,600,604,550,658,571,329,560,599,825,223,162,701,726,361,443,479,390,879,119,272,338,132,482,3,965,398,720,114,524,846,411,789,327,630,796,552,903,950,451,587,971,730,545,729,891,591,924,733,901,104,645,291,365,976,134,171,493,765,370,382,535,756,956,922,137,510,619,783,706,388,908,688,809,422,233,640,897,788,839,269,912,147,876,267,664,59,603,778,957,507,929,612,913,49,480,151,692,356,32,687,655,121,508,543,811,278,486,257,679,529,7,467,205,566,790,989,209,66,681,19,785,586,250,853,935,716,26,917,421,160,834,934,261,379,191,555,289,704,653,351,626,310,111,337,883,824,518,363,669,407,287,573,488,902,307,709,354,869,643,602,661,221,822,915,246,549,64,284,836,254,641,899,787,812,741,881,722,348,588,187,629,474,8,211,366,682,362,402,674,258,646,61,412,439,702,829,943,4,86,268,963,331,74,133,514,794,299,455,710,572,328,898,673,330,841,949,312,476,700,499,616,505,154,771,663,283,212,731,46,128,489,805,858,182,174,985,222,391,475,11,78,748,414,723,413,38,148,142,698,341,542,302,37,525,65,397,438,633,403,125,863,990,10,770,463,758,938,123,384,958,423,100,228,47,534,87,122,218,849,936,157,214,116,652,797,496,972,749,527,57,373,352,909,925,691,565,677,279,303,772,336,166,708,739,324,196,981,764,735,79,275,220,130,705,349,429,113,34,966,686,747,657,799,277,531,717,347,939,703,517,14,445,77,381,457,207,427,255,97,224,667,970,734,665,948,192,607,694,374,589,371,760,234,326,554,728,400,219,298,955,601,131,168,266,502,81,927,526,784,376,178,639,830,892,503,680,321,991,95,916,288,946,346,424,833,712,697,815,982,183,780,944,426,890,570,556,500,184,860,973,969,615,914,263,436,759,803,153,169,364,637,247,199,736,48,719,446,304,106,93,360,301,568,933,442,693,447,200,405,31,628,138,699,236,557,711,546,300,585,792,433,547,75,868,39,827,90,244,203,17,240,380,444,88,678,213,316,988,386,401,718,905,953,1,325,108,750,462,456,399,695,435,776,115,469,696,430,50,768,593,859,76,761,13,15,714,441,631,491,73,306,919,227,44,368,521,92,871,885,757,651,409,611,753,58,41,795,808,608,333,431,141,96,172,738,394,569,713,448,752,271,707,206,613,265,960,610,72,548,428,53,231,139,2,20,36,786,28,470,253,239,974,559,343,146,375,449,226,248,294,416,241,437,292,120,309,918,638,150,773,129,636,22,389,755,947,536,562,872,882,230,392,763,181,408,851,539,877,118,826,896,62,980,40,952,245,259,5,624,367,754,746,105,541,766,874,344,511,618,320,961,866,165,561,532,434,140,861,23,185,911,575,984,880,774,369,895,816,567,313,415,280,335,690,406,305,887,782,642,530,659,179,802,516,202,940,156,814,177,193,856,464,285,931,864,51,71,395,832,12,584,992,737,666,983,135,620,353,158,544,817,42,823,318,580,820,417,477,622,845,273,149,52,854,251,893,928,473,83,813,159,494,660,450,528,204,311,648,725,742,685,740,889,322,25,372,385,332,579,383,334,975,818,852,987,297,18,904,481,112,509,800,317,654,173,867,837,460,290,744,465,937,775,727,67,229,393,145,378,208,9,671,647,650,315,478,538,668,900,595,801,94,340,582,847,453,513,921,68,762,515,968,35,625,440,432,293,962,810,907,605,238,656,161,117,485,201,425,553,152,941,951,110,195,684,387,977,242,198,920,884,420,497,838,506,107,170,967,136,232,606,466,583,70,609,850,190,670,745,323,29,932,592,102,835,520,274,590,345,33,98,627,979,243,260,483,
value : 492.814 running time : 50.590179
0 80 20
103 67.624 15.1898
819 67.249 15.9588
504 66.9559 16.5597
777 66.6807 17.124
581 66.3942 17.7115
721 66.1255 18.2625
176 65.1767 20.2079
419 61.5829 27.5765
24 61.4348 27.9551
295 61.2718 28.372
598 61.0958 28.822
959 60.8844 29.3624
6 60.6611 29.9336
164 60.4428 30.4918
355 60.2207 31.0597
828 60.032 31.5422
781 59.8524 32.0012
751 59.6682 32.4724
55 59.4928 32.9207
27 59.3011 33.411
594 59.1076 33.9058
831 58.9597 34.2838
358 58.774 34.7586
873 58.606 35.1884
865 58.0514 36.6064
217 57.275 38.5916
69 56.6113 40.2887
458 56.2667 41.17
396 55.8814 42.1551
821 55.8814 42.1551
314 55.661 42.3288
63 55.4092 42.5273
45 55.2079 42.686
930 54.9511 42.8884
377 54.7068 43.081
675 54.447 43.2858
276 54.1191 43.5444
875 53.851 43.7557
492 53.5767 43.9719
844 53.3308 44.1658
870 53.0805 44.363
197 52.8193 44.5689
472 52.5587 44.7744
862 52.3155 44.9661
978 52.5288 45.3713
43 52.7272 45.7481
634 52.9165 46.1078
843 53.1162 46.4872
155 53.3055 46.8468
848 53.536 47.2845
194 53.7854 47.7583
342 54.3515 48.8335
143 54.9603 49.99
842 55.1071 50.2689
644 55.2369 50.5153
519 55.3637 50.7562
188 55.4964 51.0084
262 55.6218 51.2464
357 55.7567 51.5028
926 55.902 51.7787
85 56.0264 52.015
942 56.1618 52.2723
767 55.732 52.4119
461 52.4987 53.4613
512 52.1641 53.57
906 51.8753 53.6637
945 51.4696 53.7954
623 51.0929 53.9176
597 50.6438 54.0634
923 50.2386 54.195
793 49.8328 54.3267
452 49.3677 54.4776
522 48.0843 55.4765
237 47.0581 56.2753
621 46.3471 56.8287
210 45.6326 57.3848
180 44.9019 57.9535
89 44.1317 58.553
577 44.2125 58.9123
282 44.2866 59.2417
281 44.3464 59.5077
732 44.4101 59.7906
558 44.4753 60.0804
127 44.5326 60.3355
308 44.6029 60.6479
264 44.652 60.8658
683 44.7037 61.0958
471 44.7495 61.2995
30 44.7989 61.5191
286 44.8493 61.743
743 44.9073 62.0008
216 44.9602 62.2359
101 45.0107 62.4606
617 45.0741 62.7422
109 45.1317 62.9985
855 45.1698 63.1679
225 45.2071 63.3334
54 45.2437 63.4962
632 45.288 63.6931
986 45.288 63.6931
498 45.288 63.6931
533 45.288 63.6931
186 45.288 63.6931
84 45.2416 64.685
964 45.1946 65.6884
468 45.0849 68.032
126 44.968 70.5297
769 44.9358 71.2165
319 44.906 71.8527
807 44.906 71.8527
82 44.906 71.8527
857 44.906 71.8527
791 44.906 71.8527
540 44.8821 71.8602
404 44.862 71.8666
804 44.8438 71.8724
410 44.8239 71.8787
596 44.8036 71.8851
798 44.7857 71.8907
676 44.2458 72.0616
576 43.6852 72.2391
484 42.9496 72.4719
163 42.1984 72.7097
459 41.4715 72.9397
56 40.7098 73.1808
724 39.9508 73.4211
501 39.2247 73.6509
779 39.2211 73.652
235 39.217 73.6533
21 39.2121 73.6549
564 39.2081 73.6562
80 39.2036 73.6576
175 39.1993 73.6589
894 39.1953 73.6602
144 39.191 73.6616
91 39.1868 73.6629
359 38.766 73.7961
523 38.4282 73.903
878 38.0529 74.0218
910 37.727 74.1249
715 37.4018 74.2279
563 37.0819 74.3291
215 36.6595 74.4628
350 36.2373 74.5965
189 35.7806 74.741
840 35.3489 74.8777
662 34.8949 75.0214
649 34.4593 75.1593
888 33.9718 75.3136
296 33.6069 75.4291
270 33.2726 75.5349
252 32.9082 75.6502
124 32.5259 75.7712
256 32.1575 75.8878
167 31.7715 76.01
454 31.418 76.1219
16 31.0579 76.2359
537 30.7152 76.3444
806 30.3977 76.4448
689 30.062 76.5511
578 29.7016 76.6652
614 29.4022 76.7599
60 29.0191 76.8812
954 28.6375 77.002
635 28.2401 77.1278
249 27.8617 77.2476
99 27.8617 77.2476
574 27.8617 77.2476
886 27.8617 77.2476
672 27.8617 77.2476
495 22.6372 77.3943
418 22.5723 77.0992
339 22.4973 76.7584
551 22.4288 76.4475
487 22.3646 76.1558
490 22.3039 75.8796
600 22.2232 75.5129
604 22.1543 75.2001
550 22.0867 74.8929
658 22.0125 74.5555
571 21.9349 74.2031
329 21.8618 73.8707
560 21.8112 73.6409
599 21.747 73.3492
825 21.7144 73.2013
223 21.6785 73.0381
162 21.6279 72.8082
701 21.5807 72.5937
726 21.535 72.3861
361 21.4868 72.1667
443 21.4396 71.9526
479 21.3869 71.7129
390 21.3286 71.4482
879 21.2818 71.2354
119 21.2491 71.0868
272 21.2166 70.9394
338 21.1849 70.7953
132 21.1552 70.66
482 21.1239 70.518
3 21.0933 70.3791
965 21.4454 70.2203
398 21.7213 70.0958
720 22.038 69.953
114 22.2848 69.8416
524 22.5739 69.7112
846 22.8812 69.5726
411 23.1639 69.4451
789 23.4563 69.3132
327 23.7361 69.187
630 23.9869 69.0738
796 24.2797 68.9417
552 25.0315 68.6026
903 25.7952 68.2581
950 26.4423 67.9662
451 27.1975 67.6256
587 27.9994 67.2639
971 28.7873 66.9084
730 29.634 66.5265
545 30.502 66.135
729 31.4011 65.9779
891 32.3662 65.8093
591 32.3662 65.8093
924 32.3662 65.8093
733 32.422 65.8286
901 32.4823 65.8494
104 32.5505 65.873
645 32.6136 65.8948
291 32.6799 65.9177
365 32.744 65.9398
976 32.8106 65.9628
134 32.7783 65.8125
171 32.4829 64.4406
493 32.0893 62.6125
765 31.7431 61.0048
370 31.3442 59.1518
382 31.0125 57.6111
535 30.6185 55.7811
756 30.5745 55.5769
956 30.5279 55.3602
922 30.4846 55.1591
137 30.4387 54.9463
510 30.3806 54.6763
619 30.3209 54.3989
783 30.2684 54.1548
706 30.2235 53.9465
388 30.1994 53.8345
908 30.1994 53.8345
688 30.1994 53.8345
809 30.1994 53.8345
422 30.1994 53.8345
233 30.1994 53.8345
640 30.1994 53.8345
897 30.1994 53.8345
788 30.2309 53.54
839 30.2664 53.2074
269 30.3038 52.8569
912 30.3356 52.5594
147 30.3741 52.1987
876 30.41 51.8618
267 30.4409 51.5731
664 30.4798 51.2086
59 30.5025 50.9962
603 30.5291 50.7462
778 30.5557 50.4974
957 30.5793 50.2761
507 30.6119 49.9714
929 30.7719 48.4723
612 31.2006 44.4575
913 31.2556 43.9426
49 31.316 43.3762
480 31.3882 42.7001
151 31.4526 42.0974
692 31.5125 41.5364
356 31.5683 41.0134
32 31.6253 40.4794
687 31.7441 39.9216
655 31.8645 39.3566
121 32.0001 38.7202
508 32.2208 38.5965
543 32.4413 38.473
811 32.6979 38.3291
278 32.9517 38.1869
486 33.1926 38.0519
257 33.4728 37.8949
679 33.6908 37.7728
529 33.9308 37.6382
7 34.1814 37.4978
467 34.4363 37.355
205 34.6305 37.2462
566 35.9548 36.5041
790 37.3526 35.7208
989 38.6691 34.9832
209 40.5403 33.9346
66 41.5411 33.3738
681 41.5411 33.3738
19 41.5123 33.2881
785 41.4822 33.1982
586 41.4523 33.109
250 41.4252 33.0282
853 41.3987 32.9489
935 41.3733 32.8732
716 41.3467 32.7938
26 41.0715 31.9729
917 40.9862 31.7183
421 40.8773 31.3935
160 40.7586 31.0392
834 40.6486 30.7112
934 40.5402 30.3877
261 40.4354 30.0751
379 40.3387 29.7864
191 40.2459 29.5095
555 40.1485 29.2191
289 39.3134 26.7275
704 38.3614 23.8873
653 37.8126 22.2499
351 37.319 20.7775
626 37.2071 20.4436
310 37.0872 20.0859
111 36.9712 19.7397
337 36.8492 19.3759
883 36.7273 19.012
824 36.6017 18.6373
518 35.6205 15.7098
363 34.3631 15.7829
669 33.1175 15.8552
407 32.0917 15.9148
287 30.9327 15.9822
573 29.1747 16.0843
488 25.2873 16.31
902 24.7309 17.7571
307 24.262 18.9763
709 23.8401 20.0734
354 23.4279 21.1452
869 23.061 22.0993
643 23.061 22.0993
602 23.061 22.0993
661 23.061 22.0993
221 23.061 22.0993
822 23.061 22.0993
915 22.9523 22.3338
246 22.8455 22.5643
549 22.7203 22.8345
64 22.4253 22.6395
284 22.1296 22.444
836 21.834 22.2487
254 21.5434 22.0566
641 21.2761 21.8799
899 21.0073 21.7022
787 20.7284 21.5179
812 11.806 15.6204
741 11.8155 15.7748
881 11.8234 15.9032
722 11.8326 16.0539
348 11.8438 16.2363
588 11.8544 16.4075
187 11.8645 16.5732
629 11.8738 16.7246
474 11.8848 16.9021
8 11.8932 17.0402
211 11.9107 17.3251
366 11.9291 17.6246
682 11.9472 17.9191
362 11.9664 18.2315
402 11.9862 18.5536
674 12.003 18.8271
258 12.0215 19.128
646 12.0377 19.3918
61 12.0557 19.6852
412 12.0756 20.0077
439 12.0951 20.326
702 12.0276 21.2777
829 11.5779 27.614
943 11.5469 28.0502
4 11.5189 28.4449
86 11.488 28.8803
268 11.4605 29.2674
963 11.4345 29.6344
331 11.4054 30.0437
74 11.3728 30.5037
133 11.3393 30.9749
514 11.3071 31.4291
794 11.2766 31.8598
299 11.2446 32.3097
455 11.2101 32.796
710 11.1622 33.4707
572 11.111 34.1929
328 11.052 35.024
898 11.052 35.024
673 11.1233 35.4036
330 11.2626 36.1455
841 11.3859 36.8022
949 11.4593 37.1929
312 11.5168 37.4991
476 11.5737 37.8018
700 11.6263 38.0823
499 11.6836 38.387
616 11.7411 38.6931
505 11.8026 39.0206
154 11.8273 39.1525
771 11.8514 39.2805
663 11.8751 39.4067
283 11.8985 39.5316
212 11.9249 39.672
731 11.9518 39.815
46 11.9785 39.9572
128 12.0082 40.1155
489 12.9033 40.8061
805 13.7986 41.4969
858 14.3763 41.9426
182 14.8226 42.2869
174 15.2309 42.602
985 15.5854 42.8755
222 16.1382 43.302
391 16.7231 43.7533
475 17.1944 44.117
11 17.6361 44.4577
78 18.0257 44.7584
748 18.4759 45.1057
414 18.5888 45.1928
723 18.6868 45.2685
413 18.7935 45.3508
38 18.7596 45.3597
148 18.7188 45.3705
142 18.6844 45.3796
698 18.6489 45.389
341 18.6131 45.3984
542 18.5853 45.4057
302 18.5613 45.4121
37 18.4442 45.4429
525 18.3227 45.475
65 18.1929 45.5092
397 18.069 45.5419
438 17.9347 45.5773
633 17.7874 45.6161
403 17.6389 45.6553
125 17.4843 45.696
863 17.3076 45.7426
990 17.1672 45.7797
10 17.0264 45.8168
770 16.8828 45.8547
463 16.7491 45.8899
758 16.6319 45.9208
938 16.5001 45.9556
123 16.3496 45.9953
384 16.2065 46.033
958 16.0707 46.0688
423 16.0115 46.0844
100 15.9449 46.102
228 15.8823 46.1185
47 15.811 46.1373
534 15.811 46.1373
87 15.811 46.1373
122 11.8398 52.56
218 11.8398 52.56
849 11.8398 52.56
936 11.8398 52.56
157 11.8398 52.56
214 11.8398 52.56
116 11.8398 52.56
652 11.8786 52.7008
797 11.9208 52.8539
496 11.964 53.0105
972 12.0083 53.1714
749 12.0465 53.3099
527 12.089 53.464
57 12.1299 53.6125
373 12.1719 53.7646
352 12.2166 53.9268
909 12.2606 54.0865
925 12.3101 54.266
691 12.3559 54.4322
565 12.3987 54.5873
677 12.4398 54.7364
279 12.4798 54.8816
303 12.5211 55.0315
772 12.5678 55.2009
336 12.6059 55.339
166 12.6439 55.4768
708 12.687 55.633
739 12.7351 55.8077
324 12.7737 55.9477
196 12.8284 56.9376
981 12.8817 57.9029
764 12.9348 58.8634
735 12.9884 59.8349
79 13.0502 60.9539
275 13.1472 62.7108
220 13.2059 63.7735
130 13.2059 63.7735
705 13.2059 63.7735
349 13.2059 63.7735
429 13.032 64.4051
113 12.8587 65.0343
34 12.694 65.6321
966 12.2369 67.2919
686 12.2369 67.2919
747 12.2369 67.2919
657 12.2369 67.2919
799 12.2369 67.2919
277 12.2369 67.2919
531 12.2369 67.292
717 12.2369 67.292
347 12.2369 67.292
939 12.1784 67.5773
703 12.1205 67.8593
517 12.0564 68.1716
14 11.995 68.4705
445 11.9344 68.766
77 11.8779 69.0411
381 11.8165 69.3399
457 11.7548 69.6405
207 11.7022 69.8969
427 11.6996 69.9096
255 11.697 69.9225
97 11.6941 69.9363
224 11.6911 69.9509
667 11.6884 69.9642
970 11.6859 69.9766
734 11.683 69.9906
665 11.68 70.005
948 11.6772 70.0188
192 11.6745 70.0321
607 11.6712 70.0478
694 11.6682 70.0624
374 11.6654 70.0764
589 11.663 70.0879
371 11.6601 70.1021
760 11.6574 70.1154
234 11.6542 70.131
326 11.3382 71.6704
554 10.966 73.4832
728 11.2423 73.5557
400 11.555 73.6376
219 11.8326 73.7104
298 12.101 73.7808
955 12.4315 73.8674
601 12.7996 73.9639
131 12.8322 73.9724
168 12.8639 73.9807
266 12.8984 73.9898
502 12.9267 73.9972
81 12.9568 74.0051
927 12.9869 74.013
526 12.9869 74.013
784 12.9869 74.013
376 12.9836 74.5126
178 12.9769 75.5036
639 12.9727 76.1333
830 12.968 76.8288
892 12.9646 77.3319
503 12.9619 77.7385
680 12.9588 78.2008
321 12.9547 78.8054
991 12.9508 79.3876
95 12.9467 80.0044
916 12.9432 80.5202
288 12.94 81.0003
946 12.938 81.2895
346 12.9356 81.6458
424 12.9328 82.0713
833 12.9301 82.4674
712 12.9301 82.4674
697 12.9301 82.4674
815 12.8869 82.5783
982 12.8454 82.6845
183 12.8063 82.7847
780 12.7716 82.8735
944 12.7337 82.9707
426 12.6953 83.0692
890 12.6589 83.1626
570 12.6211 83.2593
556 12.586 83.3492
500 12.5499 83.4417
184 12.5063 83.5536
860 12.46 83.6723
973 12.4048 83.8136
969 12.3625 83.922
615 12.3299 84.0057
914 12.2911 84.1051
263 12.2568 84.193
436 12.2253 84.2736
759 12.1898 84.3646
803 12.1515 84.4628
153 12.1165 84.5525
169 12.0824 84.64
364 12.0463 84.7325
637 12.0118 84.8208
247 11.9778 84.9079
199 11.943 84.997
736 11.9113 85.0783
48 11.8799 85.1589
719 11.8436 85.2518
446 11.8072 85.3452
304 11.7705 85.4391
106 11.7354 85.5293
93 11.7171 85.5762
360 11.6966 85.6287
301 11.6714 85.6931
568 11.6475 85.7545
933 11.6254 85.8111
442 11.6034 85.8673
693 11.5812 85.9242
447 11.5585 85.9825
200 11.5355 86.0415
405 11.516 86.0915
31 11.4994 86.134
628 11.4782 86.1883
138 11.4555 86.2464
699 11.4353 86.2982
236 11.4129 86.3556
557 11.3929 86.4069
711 11.3714 86.462
546 11.3537 86.5074
300 11.3324 86.562
585 11.31 86.6194
792 11.2998 86.6456
433 11.2892 86.6727
547 11.2763 86.7057
75 11.2643 86.7365
868 11.2505 86.7719
39 11.2403 86.7979
827 11.2312 86.8212
90 11.2312 86.8212
244 11.1807 87.1332
203 11.1175 87.5226
17 11.0524 87.924
240 10.9872 88.3265
380 10.9122 88.7891
444 10.8618 89.0997
88 10.8095 89.4225
678 10.7358 89.8771
213 10.6713 90.2749
316 10.6705 90.2796
988 10.6696 90.2852
386 10.9443 90.2759
401 11.1752 90.2682
718 11.4316 90.2595
905 11.686 90.2509
953 11.9391 90.2424
1 12.2295 90.2326
325 12.5196 90.2228
108 12.7837 90.2139
750 13.06 90.2046
462 13.3763 90.1939
456 13.68 90.1837
399 13.9258 90.1754
695 14.1822 90.1667
435 14.403 90.1593
776 15.2319 90.1313
115 16.013 90.105
469 16.8087 90.0782
696 17.5753 90.0523
430 18.2298 90.0302
50 18.5905 90.0181
768 18.9645 90.0054
593 19.3121 89.9937
859 19.6718 89.9816
76 20.0194 89.9699
761 20.3311 89.9593
13 20.6201 89.9496
15 20.9444 89.9387
714 21.3066 89.9264
441 21.6642 89.9144
631 22.0334 89.9019
491 22.3579 89.891
73 22.7077 89.8792
306 23.0286 89.8684
919 23.3494 89.8575
227 23.5227 89.8517
44 23.738 89.8444
368 23.9554 89.8371
521 24.1879 89.8293
92 24.4308 89.8211
871 24.6204 89.8147
885 24.8351 89.8074
757 25.0522 89.8001
651 25.2662 89.7929
409 25.4936 89.7852
611 25.7164 89.7777
753 25.9163 89.771
58 26.1338 89.7636
41 26.3848 89.7552
795 26.6449 89.7464
808 26.8673 89.7389
608 27.0599 89.7324
333 27.2893 89.7247
431 27.5639 89.7154
141 28.9 89.6703
96 30.1583 89.6279
172 31.4817 89.5833
738 32.6435 89.5441
394 33.6995 89.5085
569 34.6141 89.4777
713 35.4777 89.4485
448 35.4777 89.4485
752 35.4777 89.4485
271 35.4777 89.4485
707 35.4777 89.4485
206 35.4777 89.4485
613 35.4777 89.4485
265 35.4777 89.4485
960 35.4777 89.4485
610 35.4777 89.4485
72 35.4777 89.4485
548 35.4777 89.4485
428 35.4777 89.4485
53 35.4777 89.4485
231 35.4777 89.4485
139 35.4777 89.4485
2 35.4777 89.4485
20 35.4777 89.4485
36 35.5067 89.4372
786 35.539 89.4244
28 35.5707 89.412
470 36.1002 89.2035
253 36.6132 89.0016
239 37.2396 88.7551
974 37.7204 88.5658
559 38.3127 88.3327
343 38.4222 88.2376
146 38.5173 88.1552
375 38.6223 88.064
449 38.7278 87.9724
226 38.8382 87.8767
248 38.8769 87.843
294 38.911 87.8135
416 38.9418 87.7868
241 38.9751 87.7578
437 39.0082 87.7291
292 39.0412 87.7005
120 39.0713 87.6743
309 39.1047 87.6453
918 39.1394 87.6152
638 39.1753 87.5841
150 39.2091 87.5547
773 39.2475 87.5214
129 39.2845 87.4893
636 39.323 87.4559
22 39.3531 87.4298
389 39.3888 87.3988
755 39.4322 87.3611
947 39.4673 87.3306
536 39.4673 87.3306
562 39.4673 87.3306
872 39.4673 87.3306
882 47.295 88.9121
230 47.295 88.9121
392 47.295 88.9121
763 47.295 88.9121
181 47.295 88.9121
408 47.3468 88.9045
851 47.3932 88.8977
539 47.4333 88.8917
877 47.4764 88.8854
118 47.5307 88.8774
826 47.5777 88.8705
896 47.6204 88.8641
62 47.665 88.8576
980 47.711 88.8508
40 47.7561 88.8441
952 47.799 88.8378
245 47.8426 88.8314
259 47.8847 88.8252
5 47.9217 88.8197
624 47.9664 88.8131
367 48.0123 88.8064
754 48.0549 88.8001
746 48.0926 88.7945
105 48.1315 88.7888
541 48.1722 88.7828
766 48.2125 88.7769
874 48.3948 88.75
344 51.0051 88.3644
511 51.0566 88.3568
618 51.1076 88.3493
320 51.1549 88.3423
961 51.2036 88.3351
866 51.2513 88.3281
165 51.3029 88.3205
561 51.3551 88.3128
532 51.4814 88.2942
434 51.6082 88.2755
140 51.724 88.2584
861 51.844 88.2407
23 51.9679 88.2224
185 52.0991 88.2031
911 52.2062 88.1873
575 52.3024 88.1731
984 52.4036 88.1582
880 52.4905 88.1454
774 52.5855 88.1314
369 52.6836 88.1169
895 52.7785 88.1029
816 52.8898 88.0865
567 52.9914 88.0715
313 53.0795 88.0585
415 53.169 88.0454
280 53.263 88.0315
335 53.3605 88.0171
690 53.4546 88.0033
406 53.5404 87.9906
305 53.6318 87.9771
887 53.7329 87.9622
782 53.8213 87.9492
642 53.9083 87.9364
530 53.9992 87.923
659 54.094 87.909
179 54.1974 87.8937
802 54.2952 87.8793
516 54.4507 87.8564
202 54.6253 87.8307
940 54.774 87.8087
156 54.9236 87.7867
814 55.0893 87.7623
177 55.2806 87.7341
193 55.4318 87.7118
856 57.3468 87.4295
464 59.7264 87.0787
285 61.5521 86.8095
931 62.522 86.6665
864 63.5419 86.5162
51 63.5671 86.5125
71 63.6249 86.578
395 63.6822 86.643
832 63.7407 86.7094
12 63.8181 86.7972
584 63.9032 86.8937
992 65.1469 87.1602
737 66.4233 87.4336
666 70.923 88.3975
983 75.3149 89.3383
135 75.3149 89.3383
620 75.3149 89.3383
353 75.3149 89.3383
158 75.3149 89.3383
544 75.315 89.3383
817 75.315 89.3383
42 75.315 89.3383
823 75.315 89.3383
318 75.315 89.3383
580 75.315 89.3383
820 75.315 89.3383
417 75.315 89.3383
477 75.315 89.3383
622 75.315 89.3383
845 75.315 89.3383
273 75.315 89.3383
149 75.6392 89.3417
52 76.0043 89.3456
854 76.7105 89.3531
251 77.4454 89.3609
893 78.3478 89.3705
928 79.2402 89.38
473 79.7897 87.5177
83 80.3969 85.4597
813 80.8937 85.1478
159 81.535 84.7454
494 82.2145 84.3188
660 84.7494 82.7278
450 85.0101 82.5641
528 85.0911 82.5133
204 85.1751 82.4606
311 85.256 82.4098
648 85.3234 82.3675
725 85.3958 82.322
742 85.4754 82.2721
685 85.5765 82.2086
740 85.6598 82.1563
889 85.7487 82.1005
322 85.836 82.0457
25 85.9365 81.9826
372 86.0258 81.9266
385 81.4634 77.9749
332 79.4792 76.2562
579 77.6455 74.668
383 75.9799 73.2252
334 74.5166 71.9578
975 73.4177 72.5679
818 72.2777 73.2007
852 71.2695 73.7605
987 69.9204 74.5095
297 69.1771 74.9221
18 68.5879 75.2492
904 68.0533 75.546
481 67.4805 75.864
112 66.9452 76.1612
509 66.9452 76.1612
800 66.9452 76.1612
317 66.9452 76.1612
654 66.9452 76.1612
173 66.9452 76.1612
867 66.9452 76.1612
837 66.9452 76.1612
460 66.9452 76.1612
290 66.9452 76.1612
744 66.9452 76.1612
465 66.9452 76.1612
937 66.9452 76.1612
775 66.9452 76.1612
727 66.9452 76.1612
67 66.9452 76.1612
229 66.9452 76.1612
393 66.9452 76.1612
145 66.9452 76.1612
378 65.9739 75.2367
208 64.956 74.2681
9 64.2634 73.6089
671 63.6343 73.0102
647 63.0315 72.4365
650 62.5408 71.9696
315 62.0419 71.4947
478 61.5668 71.0426
538 61.1313 70.6281
668 61.1313 70.6281
900 61.1313 70.6281
595 60.8111 70.6176
801 60.4807 70.6068
94 60.1412 70.5956
340 59.8727 70.5868
582 59.5481 70.5762
847 59.2624 70.5668
453 58.9301 70.5559
513 58.6307 70.5461
921 58.9589 70.2534
68 59.3805 69.8776
762 59.6936 69.5985
515 60.0015 69.324
968 60.29 69.0668
35 60.6187 68.7738
625 60.9035 68.5199
440 61.1759 68.2771
432 61.4454 68.0368
293 61.7852 67.7339
962 62.0759 67.4747
810 62.3268 67.2511
907 62.5952 67.0118
605 62.8438 66.7902
238 63.1322 66.5331
656 63.4359 66.2623
161 63.6229 66.0957
117 69.7026 60.6758
485 70.8073 60.2845
201 72.3326 59.7442
425 73.6397 59.2812
553 74.5014 58.9759
152 75.3382 58.6795
941 76.3626 58.3166
951 77.5551 57.8942
110 77.8599 57.7862
195 78.2622 57.6437
684 78.6218 57.5163
387 78.9537 57.3988
977 79.2935 57.2784
242 79.629 57.1595
198 79.9513 57.0454
920 80.2551 56.9377
884 80.5768 56.8238
420 80.837 56.7316
497 83.9538 55.6275
838 83.3117 55.1033
506 82.7214 54.6215
107 82.0627 54.0838
170 81.1894 53.3709
967 79.755 52.2
136 78.4271 51.1161
232 76.6312 49.65
606 75.5267 48.7484
466 75.5267 48.7484
583 75.5267 48.7484
70 75.5267 48.7484
609 75.5267 48.7484
850 75.5267 48.7484
190 75.5267 48.7484
670 75.6402 48.4156
745 75.7478 48.1001
323 75.8383 47.8346
29 75.9239 47.5837
932 76.0064 47.3419
592 76.1014 47.0632
102 76.192 46.7976
835 78.3325 40.521
520 79.5981 36.8102
274 80.3768 34.5268
590 81.7795 30.4135
345 83.5101 25.3392
33 83.5551 25.2073
98 83.6059 25.0583
627 85.2673 20.1869
979 85.6908 18.9452
243 85.9683 18.1315
260 86.1625 17.562
483 86.1805 17.5092
