0,483,243,260,979,627,33,98,590,345,835,838,520,592,745,670,609,466,951,932,941,583,425,195,136,198,684,107,170,497,506,884,242,311,660,450,372,25,685,740,889,322,528,473,864,204,818,742,648,149,854,135,285,983,823,318,580,928,725,666,813,159,417,893,820,494,251,273,775,800,481,378,622,185,737,367,177,575,984,477,845,817,52,42,620,353,158,544,464,145,937,297,754,40,395,369,280,335,690,140,406,755,816,766,584,344,23,856,911,434,105,774,980,343,947,861,826,259,567,952,516,511,179,202,118,415,313,165,206,618,636,992,389,62,896,82,245,624,763,877,882,707,5,866,752,146,231,375,960,129,139,96,548,150,265,470,713,392,746,559,961,408,541,874,239,172,437,613,532,614,320,305,156,662,802,851,536,449,226,319,523,910,193,689,562,724,878,189,459,765,453,564,215,530,671,9,112,582,642,921,126,484,513,659,350,561,171,248,294,94,229,782,857,632,563,855,814,880,887,940,986,509,12,894,208,605,617,762,109,440,84,315,432,67,727,769,975,51,71,393,340,83,801,18,904,931,847,317,654,173,867,837,460,290,152,744,465,832,515,650,201,668,900,332,595,967,962,420,553,110,977,383,852,579,334,385,656,850,485,647,68,190,644,767,842,70,387,942,538,102,478,920,274,323,675,681,458,821,232,314,634,29,377,716,623,926,519,357,828,751,27,785,930,69,472,66,978,945,355,870,276,875,45,43,63,143,85,606,597,217,396,594,356,498,844,180,127,471,264,621,461,370,117,293,577,987,238,188,968,161,907,625,91,793,235,964,468,810,101,410,923,282,186,743,216,791,35,286,281,798,262,688,493,147,30,922,640,237,522,390,89,929,533,56,804,210,676,596,54,308,683,225,558,809,715,732,365,291,645,104,901,779,137,21,576,404,175,733,895,649,252,840,292,144,976,223,267,134,80,540,359,927,604,872,270,333,912,163,839,574,697,526,382,361,501,398,524,266,903,600,587,971,571,739,897,680,349,730,99,168,701,796,825,184,50,399,249,469,550,726,886,789,954,658,888,924,950,124,537,916,946,76,141,60,833,288,36,608,918,490,859,41,424,808,92,416,807,795,309,241,22,72,428,230,394,806,2,919,539,418,256,167,578,757,454,16,773,296,638,974,53,738,271,672,448,181,409,253,611,58,610,569,44,753,521,15,491,441,456,714,227,696,768,761,786,73,776,120,306,631,430,593,20,28,93,183,115,301,973,405,969,678,380,868,39,364,711,628,953,199,637,304,750,1,236,435,871,13,693,213,914,447,827,585,106,736,153,988,568,803,169,17,792,325,138,982,718,203,547,240,88,436,401,815,316,108,442,386,426,556,759,90,944,570,495,955,444,991,728,31,95,892,719,554,400,487,244,200,695,651,263,780,48,546,699,905,433,551,560,321,113,933,885,368,557,247,446,462,712,615,326,339,275,162,479,431,443,360,890,374,860,220,178,14,966,667,338,429,119,114,427,830,694,298,639,346,75,300,657,219,717,207,457,503,445,665,3,948,607,347,97,589,376,703,277,734,371,224,517,686,381,925,799,77,939,255,131,411,500,965,327,552,772,630,196,130,34,764,720,705,788,879,846,502,635,601,599,957,507,79,591,451,324,269,329,981,132,336,811,397,735,956,403,729,756,510,438,938,414,908,603,11,508,391,475,78,476,352,723,797,543,59,422,233,663,771,142,858,565,655,525,341,100,174,691,192,482,272,47,166,303,708,81,760,970,747,527,531,234,972,279,116,157,214,949,496,128,218,677,805,122,784,534,373,936,328,384,909,863,841,749,698,148,542,505,228,57,770,283,489,46,849,958,652,154,123,731,985,700,222,758,182,898,499,10,312,330,616,794,514,673,86,4,133,836,990,633,463,87,423,212,876,388,619,783,545,748,913,37,664,535,891,302,38,529,679,486,121,549,125,278,943,65,829,602,205,32,709,915,869,160,702,246,354,824,221,439,661,641,474,899,331,588,572,268,682,963,412,211,258,74,362,674,646,299,402,254,812,455,881,629,187,61,722,348,741,366,710,643,8,488,669,337,310,363,111,379,284,307,626,573,902,407,883,351,834,287,518,704,26,64,421,787,612,257,151,191,413,194,342,848,687,989,706,197,862,480,49,778,492,917,865,155,512,935,843,586,906,452,19,692,853,467,555,566,7,790,164,419,934,822,653,261,289,55,6,781,250,209,358,504,819,24,295,598,959,873,831,176,777,721,103,581,
value : 556.634 running time : 28.415231
0 80 20
483 86.2684 17.5916
243 86.2684 17.5916
260 86.2684 17.5916
979 86.1808 18.5087
627 86.0033 20.3658
33 85.6476 24.089
98 85.5363 25.253
590 85.4568 26.0856
345 85.3957 26.7248
835 84.3828 37.3223
838 83.8794 42.5907
520 83.8231 43.1802
592 83.752 43.9245
745 83.6871 44.603
670 83.6075 45.4368
609 83.6167 45.9237
466 83.6269 46.4636
951 83.6936 50.0142
932 83.7565 53.3649
941 83.8258 57.0553
583 83.8263 57.0594
425 83.8268 57.0634
195 83.8273 57.0676
136 83.8776 57.5036
198 83.9314 57.9694
684 83.9868 58.4496
107 84.0371 58.8854
170 84.0906 59.3494
497 84.1464 59.8321
506 84.2627 60.8402
884 84.3786 61.8441
242 84.6027 63.7861
311 85.4933 71.508
660 85.7977 74.146
450 86.0615 76.4319
372 86.4301 79.6273
25 85.9356 80.2674
685 85.433 80.9181
740 84.9323 81.5661
889 84.4603 82.177
322 84.067 82.6862
528 83.7572 83.0871
473 83.267 83.7216
864 82.8234 84.2958
204 82.4607 84.7654
818 81.5524 85.9411
742 80.5386 87.2533
648 79.629 88.4306
149 78.2978 90.1538
854 78.2978 90.1538
135 78.2978 90.1538
285 78.2977 90.1538
983 78.2977 90.1538
823 78.2977 90.1538
318 78.2977 90.1538
580 78.2977 90.1538
928 78.2977 90.1538
725 77.5329 90.017
666 76.7063 89.8692
813 75.9495 89.7339
159 75.2496 89.6088
417 74.5297 89.4801
893 73.8401 89.3568
820 73.0161 89.2094
494 71.4856 88.9357
251 69.4555 88.5726
273 67.1568 88.1614
775 65.1458 87.8017
800 61.2526 87.105
481 61.2526 87.105
378 61.2526 87.105
622 61.2526 87.105
185 61.2526 87.105
737 61.2526 87.105
367 61.2526 87.105
177 61.2526 87.105
575 61.2526 87.105
984 61.2526 87.105
477 61.2526 87.105
845 61.2526 87.105
817 61.2526 87.105
52 61.2526 87.105
42 61.2526 87.105
620 61.2526 87.105
353 61.2526 87.105
158 61.0992 87.1374
544 60.8589 87.188
464 60.578 87.2471
145 60.3088 87.3039
937 60.0194 87.3648
297 59.3585 87.504
754 58.5854 87.6669
40 57.9222 87.8066
395 57.3488 87.9274
369 56.6454 88.0756
280 55.9344 88.2253
335 55.2578 88.3679
690 54.5483 88.5173
140 53.8088 88.6731
406 53.0793 88.8267
755 52.3771 88.9747
816 51.7055 90.1435
766 50.9551 91.4493
584 50.9551 91.4493
344 50.9551 91.4493
23 50.9551 91.4493
856 50.9551 91.4493
911 50.9551 91.4493
434 50.9551 91.4493
105 50.9551 91.4493
774 50.9551 91.4493
980 50.9551 91.4493
343 50.9551 91.4493
947 50.9551 91.4493
861 50.9551 91.4493
826 50.9551 91.4493
259 50.9551 91.4493
567 50.9551 91.4493
952 50.9551 91.4493
516 50.9551 91.4493
511 50.9551 91.4493
179 50.9551 91.4493
202 50.9551 91.4493
118 50.9551 91.4493
415 50.9551 91.4493
313 50.9551 91.4493
165 50.9551 91.4493
206 50.9551 91.4493
618 50.9551 91.4493
636 50.9551 91.4493
992 50.9551 91.4493
389 50.1903 91.4724
62 49.6143 91.4898
896 49.0045 91.5082
82 48.2879 91.5299
245 47.8032 91.5445
624 47.2729 91.5606
763 46.5957 91.581
877 45.9716 91.5999
882 45.4797 91.6147
707 44.6409 91.64
5 44.0707 91.6573
866 43.4459 91.6761
752 42.7665 91.6967
146 42.2401 91.7126
231 41.7557 91.7272
375 41.3353 91.7399
960 40.8469 91.7546
129 40.868 91.6533
139 40.886 91.5661
96 40.9065 91.4674
548 40.9267 91.3702
150 40.9463 91.2756
265 40.9654 91.1834
470 40.9867 91.081
713 41.0076 90.9804
392 41.0287 90.8786
746 41.0482 90.7846
559 41.0676 90.6911
961 41.0885 90.5901
408 41.1224 90.4268
541 41.1503 90.2923
874 41.1841 90.1295
239 41.2233 89.9402
172 41.2617 89.7553
437 41.2984 89.5783
613 41.3311 89.421
532 41.3704 89.2315
614 41.6207 88.0248
320 41.7484 87.4092
305 41.8726 86.8106
156 42.0055 86.1698
662 42.2734 84.8785
802 42.2734 84.8785
851 42.2734 84.8785
536 42.326 84.362
449 42.3854 83.7787
226 42.5942 81.7282
319 42.7306 80.3891
523 42.8962 78.7626
910 42.9768 77.9721
193 43.0329 77.4208
689 43.0986 76.7761
562 43.1621 76.1526
724 43.2321 75.4644
878 43.2989 74.8092
189 43.3541 74.2674
459 43.4278 73.5431
765 43.4857 72.9745
453 44.1662 73.4635
564 44.8136 73.9287
215 45.3974 74.3482
530 46.0131 74.7905
671 46.5108 75.1481
9 46.6041 75.2152
112 46.6936 75.2795
582 46.7834 75.344
642 46.8724 75.408
921 46.9602 75.471
126 47.0477 75.5339
484 47.1283 75.5918
513 47.2186 75.6567
659 47.3079 75.7209
350 47.39 75.7799
561 47.4791 75.8439
171 47.5628 75.904
248 47.6719 75.9824
294 47.7742 76.056
94 47.8797 76.1318
229 47.986 76.2081
782 48.0753 76.2723
857 48.1634 76.3356
632 48.2529 76.3999
563 48.342 76.464
855 48.4315 76.5282
814 48.5349 76.6025
880 49.3641 76.4337
887 50.1569 76.2723
940 50.842 76.1328
986 51.5542 75.9878
509 52.3159 75.8328
12 52.8963 75.7146
894 53.4355 75.6049
208 54.2395 75.4412
605 54.9888 75.2886
617 55.6713 75.1497
762 56.3833 75.0048
109 57.0051 74.8782
440 57.6569 74.7455
84 58.2519 74.6244
315 59.0433 74.4633
432 59.8591 74.2972
67 60.7453 74.1168
727 61.4698 73.9693
769 62.1159 73.8378
975 62.9748 73.6629
51 62.9875 73.6603
71 63.0002 73.6578
393 63.0123 73.6553
340 63.0249 73.6528
83 63.0378 73.6501
801 63.0487 73.6479
18 63.061 73.6454
904 63.0734 73.6429
931 63.0851 73.6405
847 63.0973 73.638
317 63.1097 73.6355
654 63.1227 73.6328
173 63.1352 73.6303
867 63.1483 73.6276
837 63.1606 73.6251
460 63.1717 73.6229
290 63.1848 73.6202
152 63.1975 73.6176
744 63.2088 73.6153
465 63.22 73.6131
832 64.3386 72.4085
515 65.5825 71.0692
650 66.8684 69.6846
201 68.0561 68.4058
668 68.8839 67.5145
900 69.8569 66.4668
332 70.8144 65.4358
595 71.1574 63.7842
967 71.5098 62.0877
962 71.539 61.9469
420 71.5742 61.7774
553 71.6088 61.6107
110 71.6392 61.4642
977 71.6735 61.2992
383 71.6735 61.2992
852 71.6735 61.2992
579 71.6735 61.2992
334 71.6247 61.0096
385 71.5805 60.7481
656 71.4309 59.861
850 71.2919 59.037
485 71.169 58.3084
647 71.0627 57.6782
68 70.9292 56.8864
190 70.7506 55.8276
644 70.5751 54.7874
767 70.5058 54.3763
842 70.4297 53.9257
70 70.361 53.5179
387 70.2969 53.1378
942 70.2281 52.7305
538 70.1594 52.3228
102 70.0706 51.7963
478 69.9797 51.2575
920 69.6604 49.3643
274 69.2274 46.7976
323 66.9032 45.2399
675 64.6038 43.6988
681 62.6101 42.3626
458 62.6101 42.3626
821 62.6101 42.3626
232 62.6101 42.3626
314 62.6101 42.3626
634 62.6101 42.3626
29 62.6101 42.3626
377 61.5411 42.2738
716 60.5751 42.1937
623 60.1188 42.1558
926 59.6973 42.1208
519 59.0449 42.0667
357 58.559 42.0263
828 58.0155 41.9812
751 57.4665 41.9357
27 56.9925 41.8963
785 56.5141 41.8566
930 56.423 41.9987
69 56.3287 42.1458
472 56.245 42.2764
66 56.1742 42.3867
978 56.1003 42.5021
945 56.0218 42.6245
355 55.963 42.7161
870 55.8963 42.8201
276 55.8287 42.9256
875 55.7697 43.0176
45 55.7135 43.1051
43 55.6491 43.2056
63 55.5841 43.3071
143 55.5239 43.401
85 54.7 44.6858
606 54.1757 45.5034
597 53.0843 47.2055
217 52.9429 47.426
396 52.7805 47.6793
594 52.6338 47.9081
356 52.4756 48.1549
498 52.1753 49.1522
844 51.9631 49.8572
180 51.5244 51.3145
127 51.518 51.6157
471 51.5124 51.8825
264 51.5077 52.1019
621 51.5039 52.28
461 51.5002 52.4568
370 51.4962 52.6433
117 52.0434 53.6082
293 52.1603 56.9984
577 52.2629 59.9721
987 52.3844 63.4975
238 52.2872 63.4542
188 52.1789 63.4059
968 52.0823 63.3629
161 51.9841 63.3192
907 51.8904 63.2774
625 51.7915 63.2334
91 51.6932 63.1896
793 51.5868 63.1422
235 51.4872 63.0979
964 51.391 63.055
468 51.289 63.0095
810 51.1844 62.963
101 51.0676 62.911
410 50.9635 62.8646
923 50.8661 62.8212
282 50.7749 62.7806
186 50.6747 62.736
743 50.5783 62.693
216 50.4812 62.6497
791 50.3843 62.6066
35 50.2847 62.5623
286 50.1743 62.5131
281 50.0502 62.4578
798 49.9393 62.4084
262 49.8175 62.3542
688 37.5154 60.4156
493 37.5154 60.4156
147 37.5154 60.4156
30 37.5154 60.4156
922 37.5154 60.4156
640 37.5154 60.4156
237 37.5154 60.4156
522 37.5154 60.4156
390 37.5154 60.4156
89 37.5154 60.4157
929 37.5154 60.4157
533 37.5154 60.4157
56 37.5154 60.4157
804 37.5154 60.4157
210 37.5154 60.4157
676 37.5154 60.4157
596 37.5154 60.4157
54 37.5154 60.4157
308 37.5154 60.4157
683 37.5154 60.4157
225 37.5154 60.4157
558 37.5154 60.4157
809 37.5154 60.4157
715 37.5154 60.4158
732 37.5154 60.4158
365 37.5154 60.4158
291 37.5155 60.4158
645 37.5155 60.4158
104 37.5155 60.4158
901 37.5155 60.4158
779 37.5155 60.4158
137 37.5155 60.4158
21 37.5155 60.4158
576 37.5155 60.4158
404 37.5155 60.4158
175 37.5155 60.4158
733 37.5155 60.4158
895 40.377 71.0172
649 39.6895 70.9665
252 39.0212 70.9172
840 38.4112 70.8722
292 37.7353 70.8224
144 36.765 70.7508
976 35.6034 70.6651
223 34.2193 70.563
267 33.0091 70.4737
134 33.0091 70.4737
80 33.0091 70.4737
540 33.0091 70.4737
359 33.0091 70.4737
927 33.0091 70.4737
604 33.0091 70.4737
872 33.0091 70.4737
270 33.0091 70.4737
333 33.0091 70.4737
912 33.0091 70.4737
163 33.0091 70.4737
839 33.0091 70.4737
574 31.5491 70.7692
697 30.157 71.0508
526 29.1502 71.2545
382 28.2278 71.441
361 27.3122 71.6262
501 26.7239 71.7451
398 26.0975 71.8718
524 25.6198 71.9684
266 25.3507 72.0227
903 25.0722 72.079
600 24.7829 72.1375
587 24.4997 72.1947
971 24.2086 72.2536
571 23.9179 72.3123
739 23.5844 72.3797
897 23.5792 72.7171
680 23.5713 73.2305
349 23.5623 73.8053
730 23.5506 74.5552
99 23.5394 75.2769
168 23.5279 76.019
701 23.5165 76.7473
796 23.5045 77.5169
825 23.4923 78.3004
184 23.4801 79.0874
50 23.4678 79.8747
399 23.4579 80.5112
249 23.4579 80.5112
469 23.4579 80.5112
550 23.4579 80.5112
726 23.4579 80.5112
886 23.458 80.5112
789 23.458 80.5112
954 23.458 80.5112
658 23.458 80.5112
888 23.458 80.5113
924 23.458 80.5113
950 23.7827 80.8131
124 24.1339 81.1397
537 24.461 81.4439
916 24.7934 81.7528
946 25.1486 82.0831
76 25.5352 82.4427
141 25.9092 82.7904
60 26.2529 83.1099
833 26.5947 83.4277
288 26.9355 83.7446
36 27.2783 84.0633
608 27.549 84.315
918 27.8467 84.5918
490 28.1249 84.8505
859 28.4108 85.1163
41 28.6961 85.3815
424 28.9948 85.6593
808 29.3205 85.9621
92 29.5916 86.2141
416 29.8589 86.4626
807 30.0721 86.6608
795 30.0976 86.8791
309 30.1214 87.0825
241 30.1357 87.2051
22 30.1519 87.344
72 30.1673 87.4753
428 30.1814 87.5965
230 30.1961 87.7218
394 30.2104 87.8446
806 30.2246 87.9657
2 30.2396 88.0946
919 30.2547 88.2233
539 30.27 88.3544
418 30.2758 88.4044
256 30.2821 88.4583
167 30.2882 88.51
578 30.2942 88.5621
757 30.3007 88.6173
454 30.3072 88.6727
16 30.3301 88.8689
773 30.3567 89.0965
296 30.3819 89.3124
638 30.4105 89.557
974 30.4424 89.8304
53 30.4475 89.8737
738 30.4522 89.9145
271 30.4567 89.9526
672 30.4611 89.9905
448 30.466 90.0324
181 30.4707 90.0729
409 30.2628 90.0748
253 30.0835 90.0764
611 29.9134 90.0779
58 29.7347 90.0795
610 29.5892 90.0808
569 29.4508 90.0821
44 28.3272 90.0921
753 27.394 90.1005
521 26.6944 90.1067
15 26.0488 90.1125
491 25.7475 90.1152
441 25.4541 90.1179
456 25.1669 90.1204
714 24.8851 90.123
227 24.6068 90.1254
696 24.3782 90.1275
768 24.1406 90.1296
761 23.91 90.1317
786 23.6822 90.1337
73 23.4206 90.1361
776 23.1452 90.1385
120 22.9234 90.1405
306 22.6708 90.1428
631 22.4153 90.1451
430 22.1374 90.1476
593 21.8472 90.1502
20 21.5826 90.1525
28 20.803 90.1595
93 19.544 90.1708
183 18.4848 90.1803
115 17.3167 90.1907
301 16.1016 90.2016
973 15.3637 90.2082
405 14.5756 90.2153
969 14.0614 90.2199
678 13.6835 90.2233
380 13.3809 90.226
868 13.107 90.2284
39 12.9412 90.2299
364 12.7923 90.2312
711 12.6413 90.2326
628 12.4893 90.234
953 12.3343 90.2353
199 12.1924 90.2366
637 12.0497 90.2379
304 11.9088 90.2392
750 11.7635 90.2405
1 11.6165 90.2418
236 11.4709 90.2431
435 11.3229 90.2444
871 11.1923 90.2456
13 11.0318 90.247
693 10.8454 90.2487
213 10.6569 90.2504
914 10.6547 90.2504
447 10.6525 90.2504
827 10.6502 90.2504
585 10.6478 90.2504
106 10.6456 90.2505
736 10.6435 90.2505
153 10.6413 90.2505
988 10.639 90.2505
568 10.6618 90.0733
803 10.685 89.8931
169 10.7082 89.7136
17 10.7297 89.5469
792 10.7518 89.3755
325 10.7726 89.2141
138 10.7919 89.0643
982 10.814 88.8928
718 10.8358 88.724
203 10.8576 88.5552
547 10.8773 88.402
240 10.8988 88.2352
88 10.9185 88.0823
436 10.9388 87.925
401 10.9581 87.7751
815 10.9779 87.6218
316 10.9974 87.4705
108 11.0169 87.3198
442 11.0358 87.1726
386 11.0572 87.0072
426 11.0791 86.8373
556 11.1004 86.6721
759 11.1102 86.5961
90 11.1202 86.5186
944 11.1293 86.4477
570 11.1381 86.3793
495 11.1465 86.3143
955 11.1559 86.2413
444 11.1648 86.1723
991 11.1742 86.0993
728 11.1828 86.0325
31 11.1904 85.9736
95 11.198 85.9151
892 11.2065 85.8494
719 11.2148 85.7844
554 11.2238 85.715
400 12.5217 84.6839
487 12.8815 85.1212
244 13.2637 85.5857
200 13.655 86.0614
695 13.655 86.0614
651 13.655 86.0614
263 13.6187 85.8613
780 13.5833 85.6667
48 13.5502 85.4845
546 13.5173 85.3038
699 13.4868 85.1362
905 13.4523 84.9461
433 13.4184 84.7598
551 13.3891 84.5986
560 13.3601 84.4391
321 13.3305 84.2764
113 13.3042 84.1314
933 13.2904 84.0556
885 13.2718 83.9536
368 13.2478 83.8211
557 13.2217 83.6778
247 13.1959 83.5357
446 13.1702 83.3943
462 13.145 83.2558
712 13.0627 82.8033
615 12.7048 80.8344
326 12.4078 79.2009
339 12.143 77.7444
275 11.8555 76.1627
162 11.729 76.0963
479 11.6147 76.0363
431 11.4965 75.9743
443 11.3669 75.9063
360 11.2247 75.8316
890 11.0532 75.7416
374 10.9208 75.6722
860 10.7905 75.6038
220 10.6636 75.5371
178 10.4992 75.4509
14 10.3458 75.3704
966 10.2036 75.2958
667 10.2036 75.2958
338 10.2036 75.2958
429 10.2036 75.2958
119 10.2036 75.2958
114 10.2036 75.2958
427 9.98565 75.3994
830 9.76698 75.5033
694 9.5877 75.5886
298 9.40862 75.6737
639 9.23279 75.7573
346 9.06124 75.8389
75 8.87294 75.9284
300 8.69664 76.0122
657 8.96631 75.3125
219 9.22788 74.6338
717 9.45216 74.0519
207 9.6568 73.521
457 9.88331 72.9333
503 10.1245 72.3075
445 10.3566 71.7054
665 10.6007 71.0718
3 10.8503 70.4243
948 11.0719 69.8493
607 11.2975 69.264
347 11.5552 68.5955
97 11.5552 68.5955
589 11.5552 68.5955
376 11.5552 68.5955
703 11.5552 68.5955
277 11.5552 68.5955
734 11.5552 68.5955
371 11.5552 68.5955
224 11.5552 68.5955
517 11.7307 68.3153
686 11.9033 68.0399
381 12.095 67.7339
925 12.359 67.3125
799 12.4036 67.2949
77 12.4497 67.2768
939 12.4971 67.2582
255 13.035 67.0465
131 13.7276 66.774
411 14.407 66.5066
500 14.987 66.2784
965 15.6601 66.0136
327 16.0254 65.8698
552 16.3528 65.741
772 16.6664 65.6176
630 16.9825 65.4933
196 17.313 65.3632
130 17.6617 65.226
34 18.0233 65.0837
764 18.3519 64.9545
720 18.7169 64.8108
705 19.0418 64.683
788 19.3396 64.5658
879 19.5551 64.481
846 19.8686 64.3577
502 20.1506 64.2467
635 20.4853 64.115
601 20.8165 63.9847
599 21.1619 63.8488
957 21.4988 63.7163
507 21.7948 63.5998
79 22.0934 63.4823
591 22.3965 63.363
451 22.6102 61.2494
324 22.8112 59.2613
269 22.9611 57.7787
329 23.0105 57.2903
981 23.0685 56.7163
132 23.1268 56.14
336 23.4302 53.1388
811 23.8637 48.8514
397 23.6994 48.9677
735 23.523 49.0925
956 23.3651 49.2042
403 23.2252 49.3032
729 23.0733 49.4106
756 22.9402 49.5047
510 22.8043 49.6009
438 22.6739 49.6932
938 22.5282 49.7962
414 22.4029 49.8849
908 22.2467 49.9954
603 22.1034 50.0968
11 21.9567 50.2005
508 21.7951 50.3149
391 21.615 50.4423
475 21.4479 50.5605
78 21.2709 50.6857
476 21.083 50.8187
352 20.8899 50.9553
723 20.7402 51.0612
797 20.5682 51.1829
543 20.4002 51.3017
59 20.2099 51.4364
422 20.0202 51.5706
233 19.8456 51.694
663 19.6815 51.8101
771 19.5036 51.936
142 19.3189 52.0667
858 19.1275 52.2021
565 18.9214 52.3479
655 18.7676 52.4567
525 18.4152 52.706
341 17.4897 53.3608
100 16.7947 53.8525
174 16.2467 54.2401
691 15.6205 54.6831
192 14.9612 55.1495
482 14.4643 55.5011
272 14.1286 55.7386
47 13.992 55.6189
166 13.876 55.5173
303 13.7713 55.4256
708 13.6714 55.338
81 13.5885 55.2654
760 13.4714 55.1627
970 13.3643 55.0689
747 13.2446 54.964
527 13.1218 54.8564
531 13.0154 54.7631
234 12.9142 54.6744
972 12.5457 53.7875
279 12.1802 52.9075
116 11.8242 52.0508
157 11.7742 51.9304
214 11.732 51.8287
949 11.6867 51.7197
496 11.642 51.6118
128 11.5973 51.5044
218 11.5611 51.4172
677 11.5241 51.328
805 11.4816 51.2258
122 11.4413 51.1285
784 11.4412 51.1285
534 11.0707 50.0085
373 10.7118 48.9235
936 10.3576 47.8529
328 9.98144 46.7158
384 9.98144 46.7158
909 9.98144 46.7158
863 9.98144 46.7158
841 9.98144 46.7158
749 9.98144 46.7158
698 9.98144 46.7158
148 9.98144 46.7158
542 9.98144 46.7158
505 9.98144 46.7158
228 9.98143 46.7158
57 9.98143 46.7158
770 9.98143 46.7158
283 9.98143 46.7158
489 9.98143 46.7158
46 9.98143 46.7158
849 9.98143 46.7158
958 10.0026 45.9865
652 10.019 45.4173
154 10.036 44.8294
123 10.0543 44.1986
731 10.0722 43.5795
985 10.0904 42.9515
700 10.105 42.4477
222 10.1182 41.9924
758 10.1324 41.4986
182 10.1569 40.6534
898 10.2835 36.2859
499 10.2835 36.2859
10 10.2835 36.2859
312 10.2835 36.2859
330 10.2836 36.2859
616 10.2836 36.2859
794 10.2836 36.2859
514 10.2836 36.2859
673 10.2836 36.2859
86 10.4603 36.3823
4 10.6653 36.4941
133 11.8576 37.1446
836 13.5873 38.0883
990 15.9138 39.3577
633 18.3548 40.6897
463 18.3548 40.6897
87 18.6352 40.8086
423 19.0058 40.9658
212 19.3781 41.1236
876 24.2928 43.2076
388 24.5508 43.317
619 24.8217 43.4319
783 25.0658 43.5354
545 25.2816 43.6269
748 25.4746 43.7087
913 25.6686 43.791
37 25.8506 43.8682
664 26.0425 43.9495
535 26.2401 44.0333
891 26.4468 44.121
302 26.384 43.3206
38 26.312 42.4044
529 26.2359 41.434
679 26.1744 40.6516
486 26.1127 39.8658
121 26.0602 39.1964
549 26.017 38.6466
125 25.9753 38.115
278 25.9324 37.5693
943 25.8936 37.0747
65 25.8654 36.7154
829 25.8359 36.3405
602 25.8068 35.9697
205 25.7828 35.6633
32 25.7574 35.3408
709 25.7288 34.9762
915 25.7098 34.7344
869 25.6928 34.5177
160 25.6734 34.27
702 21.6945 29.5666
246 20.7777 28.483
354 20.4018 28.0387
824 20.0016 27.5655
221 19.5622 27.0461
439 19.0431 26.4325
661 18.5545 25.855
641 18.0917 25.308
474 17.619 24.7492
899 17.1567 24.2027
331 16.6515 23.6055
588 16.279 23.1652
572 15.988 22.8212
268 15.684 22.4618
682 15.3213 22.0332
963 15.0796 21.7474
412 14.8564 21.4836
211 14.6644 21.2566
258 14.4893 21.0497
74 14.3185 20.8477
362 13.977 19.7718
674 13.6934 18.8783
646 13.4417 18.0852
299 13.2791 17.5725
402 13.0601 16.8823
254 12.815 16.1099
812 12.5182 15.1748
455 12.5182 15.1748
881 12.5182 15.1748
629 12.5182 15.1748
187 12.5182 15.1748
61 12.649 15.2716
722 12.7882 15.3746
348 13.0492 15.5677
741 13.3159 15.765
366 13.5726 15.9549
710 13.8466 16.1576
643 17.0982 16.5335
8 18.8593 16.7371
488 20.5022 16.9271
669 25.3158 17.4835
337 28.0307 17.7973
310 28.7646 17.8822
363 29.2764 17.9414
111 29.7775 17.9993
379 30.2419 18.053
284 30.5474 18.0883
307 30.8981 18.1289
626 31.2499 18.1696
573 31.6013 18.2102
902 31.9074 18.2456
407 32.4338 18.3064
883 32.9281 18.3636
351 33.3831 18.4162
834 33.8878 18.4746
287 35.4369 17.2922
518 36.6753 16.3469
704 36.5175 18.7723
26 36.3394 21.5083
64 36.1499 24.4188
421 35.8663 28.7816
787 35.7414 30.6991
612 35.6049 32.7946
257 36.6334 34.589
151 37.6526 36.3672
191 38.7051 38.2035
413 39.739 40.0074
194 39.739 40.0074
342 39.739 40.0074
848 39.739 40.0075
687 39.739 40.0075
989 39.7391 40.0075
706 39.7391 40.0075
197 39.7391 40.0076
862 39.7391 40.0076
480 39.7391 40.0076
49 39.7391 40.0076
778 39.7391 40.0077
492 42.4883 39.8073
917 42.493 39.7876
865 42.4976 39.7681
155 42.5016 39.7516
512 42.5057 39.7341
935 42.5103 39.7152
843 42.5144 39.698
586 42.681 39.0003
906 42.8073 38.4715
452 42.9426 37.9051
19 43.0954 37.2652
692 43.2296 36.7036
853 43.379 36.0778
467 43.529 35.4496
555 43.657 34.9139
566 43.7362 34.5825
7 43.8487 34.1111
790 43.9979 33.4868
164 44.1719 32.758
419 44.3107 32.177
934 44.3763 31.9022
822 44.4401 31.6352
653 48.9882 29.0224
261 49.437 28.9059
289 50.3125 28.6785
55 51.2544 28.4339
6 52.0991 28.2145
781 52.7886 28.0354
250 53.3732 27.8837
209 54.0837 27.6991
358 54.9364 27.4777
504 57.8762 24.3967
819 58.4317 23.8144
24 58.9703 23.2498
295 59.4362 22.7614
598 59.8712 22.3053
959 60.2609 21.8968
873 60.6474 21.4916
831 61.7571 20.3285
176 63.3619 18.6464
777 64.4534 17.5023
721 65.596 16.3047
103 66.2307 15.6394
581 69.8544 16.7871
