0,260,627,483,243,345,979,103,721,176,959,819,781,831,598,777,581,504,24,295,458,865,555,66,262,623,355,978,634,606,675,323,358,594,821,45,828,314,27,19,512,197,793,844,875,186,945,862,63,217,716,930,923,55,377,155,257,421,692,834,191,7,194,164,467,209,160,934,250,853,917,379,6,419,681,873,751,785,261,337,586,822,626,26,653,111,287,883,310,407,363,573,289,351,518,629,8,881,488,722,812,4,331,514,710,211,348,61,682,646,362,299,412,588,74,258,455,86,794,187,133,674,963,366,641,673,741,402,87,268,661,572,669,704,246,709,643,902,64,439,284,121,824,899,307,474,829,602,869,254,702,529,836,205,664,125,438,915,49,414,612,356,508,535,388,687,790,151,811,37,876,391,748,38,11,913,619,475,302,783,397,723,679,65,354,787,221,549,278,706,413,525,486,423,943,283,985,10,655,123,771,858,233,78,403,32,770,749,505,222,324,841,142,496,476,148,543,542,938,700,489,909,341,228,154,805,990,384,174,352,908,936,863,330,463,652,218,797,698,758,534,663,677,116,898,46,328,312,157,958,128,499,100,616,212,182,849,531,166,731,949,303,234,57,589,122,47,708,277,799,279,772,373,784,527,132,925,119,272,338,879,972,691,657,747,482,3,451,214,760,298,400,219,192,427,255,97,224,667,970,734,665,948,347,703,517,14,445,77,381,991,830,860,944,207,639,939,717,686,240,607,694,371,966,628,399,401,718,905,953,1,325,728,426,890,570,556,90,955,914,178,892,678,162,780,815,825,457,444,551,988,138,699,236,557,711,546,300,585,792,433,547,75,868,39,827,106,973,969,615,213,263,436,759,803,153,169,364,637,247,199,736,48,719,446,95,982,316,554,380,93,360,301,568,933,442,693,447,200,405,31,635,339,495,346,418,701,726,697,184,500,203,680,321,361,796,479,630,503,99,888,916,574,249,168,550,658,487,560,244,454,946,431,604,695,795,786,2,58,672,712,41,469,386,17,435,304,108,227,183,593,491,115,714,768,521,761,368,696,833,44,750,424,611,441,50,150,462,15,871,470,20,73,808,631,776,36,753,28,430,88,288,651,306,13,456,76,610,296,72,22,448,92,885,859,539,662,223,167,141,271,773,428,231,918,226,292,840,252,649,60,613,562,120,960,409,146,96,548,253,738,129,707,139,189,437,5,746,449,861,206,882,947,434,980,511,165,156,239,866,974,877,752,265,172,53,763,230,392,181,389,961,896,807,530,774,642,259,416,755,40,814,754,343,140,766,375,559,105,367,320,713,309,193,406,280,569,624,344,992,23,856,245,532,874,408,516,823,118,251,149,536,541,816,952,911,12,887,584,464,177,544,737,313,690,618,305,567,185,319,202,62,369,415,851,179,880,940,832,671,782,895,769,659,571,676,126,248,561,540,564,976,404,802,513,563,894,826,636,82,241,638,614,394,256,919,523,333,927,608,757,552,220,490,689,359,715,134,215,578,501,124,806,294,878,171,957,537,954,390,270,80,910,21,327,329,730,872,591,16,113,950,789,398,886,382,411,971,846,131,735,897,374,443,739,502,336,81,429,114,720,901,729,34,599,587,79,733,349,524,376,601,130,565,196,526,600,266,275,903,924,764,326,291,137,633,645,365,981,507,640,59,422,956,778,603,493,705,756,891,545,688,89,510,267,480,147,498,127,342,471,492,180,935,276,566,906,989,210,452,843,848,461,870,281,912,269,370,472,533,809,163,621,101,576,522,965,308,788,237,922,54,459,929,56,175,104,30,350,779,765,839,724,315,484,857,264,577,596,144,625,225,743,683,804,410,558,732,519,235,468,85,986,35,855,798,293,161,432,617,238,9,460,921,112,582,84,109,632,335,229,987,453,791,515,668,91,605,509,800,395,290,744,18,297,393,975,654,904,595,173,94,727,317,579,900,83,378,332,864,937,801,775,620,52,817,159,575,931,984,622,477,845,465,158,648,353,813,666,742,145,273,417,42,983,893,580,135,318,285,854,494,322,820,928,372,725,25,685,889,473,204,740,660,450,311,383,385,818,481,528,647,847,201,962,837,440,51,71,102,762,650,67,968,907,340,282,810,867,68,538,208,964,286,597,216,69,396,942,117,43,232,188,143,852,110,553,838,656,842,70,478,850,420,334,767,485,644,29,670,357,152,926,190,497,583,977,684,951,242,107,506,941,136,884,967,170,198,932,466,387,425,920,195,609,592,98,745,835,274,590,520,33,
value : 769.884 running time : 25.988973
0 80 20
260 85.7342 11.9247
627 85.7342 11.9247
483 85.7342 11.9247
243 85.7342 11.9247
345 85.7342 11.9247
979 85.7342 11.9247
103 64.542 7.41635
721 64.542 7.41635
176 64.542 7.41635
959 61.1025 24.5193
819 61.1025 24.5193
781 61.1025 24.5193
831 61.1025 24.5193
598 61.1025 24.5193
777 61.1025 24.5193
581 61.1025 24.5193
504 61.1025 24.5193
24 61.1025 24.5193
295 61.1025 24.5193
458 59.7468 32.4259
865 59.7468 32.4259
555 59.7468 32.4259
66 59.7468 32.4259
262 61.2043 42.2214
623 61.2043 42.2214
355 61.2043 42.2214
978 61.2043 42.2214
634 61.2043 42.2214
606 61.2043 42.2214
675 61.2043 42.2214
323 61.2043 42.2214
358 61.2043 42.2214
594 61.2043 42.2214
821 61.2043 42.2214
45 61.2043 42.2214
828 61.2043 42.2214
314 61.2043 42.2214
27 61.2043 42.2214
19 54.2253 45.0712
512 54.2253 45.0712
197 54.2253 45.0712
793 54.2253 45.0712
844 54.2253 45.0712
875 54.2253 45.0712
186 54.2253 45.0712
945 54.2253 45.0712
862 51.7617 43.9386
63 51.7617 43.9386
217 51.7617 43.9386
716 51.7617 43.9386
930 51.7617 43.9386
923 51.7617 43.9386
55 54.1153 38.8044
377 54.1153 38.8044
155 49.076 34.661
257 49.076 34.661
421 49.076 34.661
692 49.076 34.661
834 42.6109 35.6924
191 42.6109 35.6924
7 42.6109 35.6924
194 42.6109 35.6924
164 42.6109 35.6924
467 42.6109 35.6924
209 42.6109 35.6924
160 42.6109 35.6924
934 42.6109 35.6924
250 42.6109 35.6924
853 42.6109 35.6924
917 42.6109 35.6924
379 42.6109 35.6924
6 47.2272 27.7743
419 47.2272 27.7743
681 47.2272 27.7743
873 47.2272 27.7743
751 47.2272 27.7743
785 47.2272 27.7743
261 47.2272 27.7743
337 47.2272 27.7743
586 42.066 28.9379
822 42.066 28.9379
626 36.8814 26.7335
26 36.8814 26.7335
653 36.8814 26.7335
111 36.8814 26.7335
287 39.0612 23.0539
883 39.0612 23.0539
310 39.0612 23.0539
407 36.0819 22.7302
363 36.0819 22.7302
573 36.0819 22.7302
289 36.0819 22.7302
351 30.419 7.11394
518 30.419 7.11394
629 12.4357 12.2755
8 12.4357 12.2755
881 12.4357 12.2755
488 12.4357 12.2755
722 12.4357 12.2755
812 12.4357 12.2755
4 4.1683 24.1387
331 4.1683 24.1387
514 4.1683 24.1387
710 4.1683 24.1387
211 8.68562 24.2502
348 8.68562 24.2502
61 8.68562 24.2502
682 8.68562 24.2502
646 8.68562 24.2502
362 8.68562 24.2502
299 8.68562 24.2502
412 8.68562 24.2502
588 8.68562 24.2502
74 8.68562 24.2502
258 8.68562 24.2502
455 8.68562 24.2502
86 8.68562 24.2502
794 8.68562 24.2502
187 8.68562 24.2502
133 8.68562 24.2502
674 8.68562 24.2502
963 8.68562 24.2502
366 8.68562 24.2502
641 8.68562 24.2502
673 8.68562 24.2502
741 8.68562 24.2502
402 8.68562 24.2502
87 8.68562 24.2502
268 8.68562 24.2502
661 8.68562 24.2502
572 8.68562 24.2502
669 24.6664 20.0393
704 24.6664 20.0393
246 24.6664 20.0393
709 24.6664 20.0393
643 24.6664 20.0393
902 24.6664 20.0393
64 24.6664 20.0393
439 24.6664 20.0393
284 24.6664 20.0393
121 28.9098 23.805
824 28.9098 23.805
899 28.9098 23.805
307 28.9098 23.805
474 28.9098 23.805
829 28.9098 23.805
602 28.9098 23.805
869 28.9098 23.805
254 28.9098 23.805
702 28.9098 23.805
529 28.9098 23.805
836 28.5952 26.3237
205 28.5952 26.3237
664 27.1875 34.0187
125 27.1875 34.0187
438 27.1875 34.0187
915 27.1875 34.0187
49 31.2643 38.0722
414 31.2643 38.0722
612 31.2643 38.0722
356 31.2643 38.0722
508 31.2643 38.0722
535 31.2643 38.0722
388 31.2643 38.0722
687 31.2643 38.0722
790 31.2643 38.0722
151 31.2643 38.0722
811 31.2643 38.0722
37 31.2643 38.0722
876 31.2643 38.0722
391 25.7538 38.3757
748 25.7538 38.3757
38 25.7538 38.3757
11 25.7538 38.3757
913 25.7538 38.3757
619 25.7538 38.3757
475 25.7538 38.3757
302 25.7538 38.3757
783 25.7538 38.3757
397 25.7538 38.3757
723 25.7538 38.3757
679 25.7538 38.3757
65 25.7538 38.3757
354 25.7538 38.3757
787 25.7538 38.3757
221 25.7538 38.3757
549 25.7538 38.3757
278 25.7538 38.3757
706 25.7538 38.3757
413 25.7538 38.3757
525 25.7538 38.3757
486 25.7538 38.3757
423 25.7538 38.3757
943 25.7538 38.3757
283 18.2997 43.4362
985 18.2997 43.4362
10 18.2997 43.4362
655 18.2997 43.4362
123 18.2997 43.4362
771 18.2997 43.4362
858 18.2997 43.4362
233 17.0497 48.8889
78 17.0497 48.8889
403 17.0497 48.8889
32 17.0497 48.8889
770 17.0497 48.8889
749 17.0497 48.8889
505 17.0497 48.8889
222 17.0497 48.8889
324 17.0497 48.8889
841 17.0497 48.8889
142 17.0497 48.8889
496 17.0497 48.8889
476 17.0497 48.8889
148 17.0497 48.8889
543 17.0497 48.8889
542 17.0497 48.8889
938 17.0497 48.8889
700 13.1193 50.0852
489 13.1193 50.0852
909 13.1193 50.0852
341 13.1193 50.0852
228 13.1193 50.0852
154 13.1193 50.0852
805 13.1193 50.0852
990 13.1193 50.0852
384 13.1193 50.0852
174 13.1193 50.0852
352 13.1193 50.0852
908 13.1193 50.0852
936 13.1193 50.0852
863 13.1193 50.0852
330 11.5995 47.6218
463 11.5995 47.6218
652 11.5995 47.6218
218 11.5995 47.6218
797 11.5995 47.6218
698 11.5995 47.6218
758 11.5995 47.6218
534 11.5995 47.6218
663 11.5995 47.6218
677 11.5995 47.6218
116 11.5995 47.6218
898 4.44035 40.7383
46 4.44035 40.7383
328 4.44035 40.7383
312 4.44035 40.7383
157 4.44035 40.7383
958 4.44035 40.7383
128 4.44035 40.7383
499 4.44035 40.7383
100 4.44035 40.7383
616 4.44035 40.7383
212 4.44035 40.7383
182 10.9721 53.0442
849 10.9721 53.0442
531 10.9721 53.0442
166 10.9721 53.0442
731 10.9721 53.0442
949 10.9721 53.0442
303 10.9721 53.0442
234 10.9721 53.0442
57 10.9721 53.0442
589 10.9721 53.0442
122 10.9721 53.0442
47 10.9721 53.0442
708 10.9721 53.0442
277 12.6947 60.1212
799 12.6947 60.1212
279 12.6947 60.1212
772 12.6947 60.1212
373 12.6947 60.1212
784 12.6947 60.1212
527 12.6947 60.1212
132 12.6947 60.1212
925 12.6833 64.7855
119 12.6833 64.7855
272 12.6833 64.7855
338 12.6833 64.7855
879 12.6833 64.7855
972 12.6833 64.7855
691 12.6833 64.7855
657 12.6833 64.7855
747 12.6833 64.7855
482 12.6833 64.7855
3 12.6833 64.7855
451 12.6833 64.7855
214 6.695 66.3413
760 6.695 66.3413
298 5.12935 66.748
400 5.12935 66.748
219 5.12935 66.748
192 5.12935 66.748
427 5.12935 66.748
255 5.12935 66.748
97 5.12935 66.748
224 5.12935 66.748
667 5.12935 66.748
970 5.12935 66.748
734 5.12935 66.748
665 5.12935 66.748
948 5.12935 66.748
347 5.12935 66.748
703 5.12935 66.748
517 5.12935 66.748
14 5.12935 66.748
445 5.12935 66.748
77 5.12935 66.748
381 5.12935 66.748
991 5.12935 66.748
830 6.64614 71.5227
860 6.64614 71.5227
944 6.64614 71.5227
207 6.64614 71.5227
639 6.64614 71.5227
939 6.64614 71.5227
717 6.64614 71.5227
686 6.64614 71.5227
240 6.64614 71.5227
607 6.64614 71.5227
694 6.64614 71.5227
371 6.64614 71.5227
966 6.64614 71.5227
628 6.36651 78.8731
399 6.36651 78.8731
401 6.36651 78.8731
718 6.36651 78.8731
905 6.36651 78.8731
953 6.36651 78.8731
1 6.36651 78.8731
325 6.36651 78.8731
728 6.36651 78.8731
426 6.36651 78.8731
890 6.36651 78.8731
570 6.36651 78.8731
556 6.36651 78.8731
90 6.36651 78.8731
955 6.36651 78.8731
914 6.36651 78.8731
178 6.36651 78.8731
892 6.36651 78.8731
678 8.24132 81.8061
162 8.24132 81.8061
780 8.24132 81.8061
815 8.24132 81.8061
825 8.24132 81.8061
457 8.24132 81.8061
444 8.24132 81.8061
551 8.24132 81.8061
988 2.80262 87.7249
138 2.80262 87.7249
699 2.80262 87.7249
236 2.80262 87.7249
557 2.80262 87.7249
711 2.80262 87.7249
546 8.75284 88.1286
300 8.75284 88.1286
585 8.75284 88.1286
792 8.75284 88.1286
433 8.75284 88.1286
547 8.75284 88.1286
75 8.75284 88.1286
868 8.75284 88.1286
39 8.75284 88.1286
827 8.75284 88.1286
106 8.75284 88.1286
973 8.75284 88.1286
969 8.75284 88.1286
615 8.75284 88.1286
213 8.75284 88.1286
263 8.75284 88.1286
436 8.75284 88.1286
759 8.75284 88.1286
803 8.75284 88.1286
153 8.75284 88.1286
169 8.75284 88.1286
364 8.75284 88.1286
637 8.75284 88.1286
247 8.75284 88.1286
199 8.75284 88.1286
736 8.75284 88.1286
48 8.75284 88.1286
719 8.75284 88.1286
446 8.75284 88.1286
95 8.75284 88.1286
982 8.75284 88.1286
316 8.75284 88.1286
554 8.75284 88.1286
380 8.75284 88.1286
93 9.75749 86.9816
360 9.75749 86.9816
301 9.75749 86.9816
568 9.75749 86.9816
933 9.75749 86.9816
442 9.75749 86.9816
693 9.75749 86.9816
447 9.75749 86.9816
200 9.75749 86.9816
405 9.75749 86.9816
31 9.75749 86.9816
635 17.081 83.437
339 17.081 83.437
495 17.081 83.437
346 17.081 83.437
418 17.081 83.437
701 17.081 83.437
726 17.081 83.437
697 17.081 83.437
184 17.081 83.437
500 17.081 83.437
203 17.081 83.437
680 18.9225 78.8118
321 18.9225 78.8118
361 18.9225 78.8118
796 18.9225 78.8118
479 18.9225 78.8118
630 19.8983 77.5525
503 19.8983 77.5525
99 19.8983 77.5525
888 19.8983 77.5525
916 19.8983 77.5525
574 19.8983 77.5525
249 19.8983 77.5525
168 19.8983 77.5525
550 19.8983 77.5525
658 19.8983 77.5525
487 19.8983 77.5525
560 19.8983 77.5525
244 19.8983 77.5525
454 19.8983 77.5525
946 19.8983 77.5525
431 19.8983 77.5525
604 19.8983 77.5525
695 19.8983 77.5525
795 21.7302 85.7139
786 21.7302 85.7139
2 21.7302 85.7139
58 21.7302 85.7139
672 21.7302 85.7139
712 21.7302 85.7139
41 21.7302 85.7139
469 21.7302 85.7139
386 21.7302 85.7139
17 21.7302 85.7139
435 15.8199 94.4469
304 15.8199 94.4469
108 15.8199 94.4469
227 15.8199 94.4469
183 15.8199 94.4469
593 15.8199 94.4469
491 15.8199 94.4469
115 15.8199 94.4469
714 15.8199 94.4469
768 15.8199 94.4469
521 15.8199 94.4469
761 15.8199 94.4469
368 15.8199 94.4469
696 15.8199 94.4469
833 15.8199 94.4469
44 15.8199 94.4469
750 15.8199 94.4469
424 15.8199 94.4469
611 23.4279 98.5248
441 23.4279 98.5248
50 23.4279 98.5248
150 23.4279 98.5248
462 23.4279 98.5248
15 23.4279 98.5248
871 23.4279 98.5248
470 24.4474 98.4024
20 24.4474 98.4024
73 24.4474 98.4024
808 24.4474 98.4024
631 24.4474 98.4024
776 24.4474 98.4024
36 24.4474 98.4024
753 24.4474 98.4024
28 24.4474 98.4024
430 24.4474 98.4024
88 24.6849 91.0761
288 24.6849 91.0761
651 24.6849 91.0761
306 24.6849 91.0761
13 24.6849 91.0761
456 24.6849 91.0761
76 24.6849 91.0761
610 24.6849 91.0761
296 24.6849 91.0761
72 27.8576 90.5084
22 27.8576 90.5084
448 27.8576 90.5084
92 27.8576 90.5084
885 28.3797 86.0944
859 28.3797 86.0944
539 30.6691 85.7438
662 30.6691 85.7438
223 30.6691 85.7438
167 30.6691 85.7438
141 30.6691 85.7438
271 30.6691 85.7438
773 30.6691 85.7438
428 30.6691 85.7438
231 30.6691 85.7438
918 30.6691 85.7438
226 30.6691 85.7438
292 30.6691 85.7438
840 30.6691 85.7438
252 30.6691 85.7438
649 30.6691 85.7438
60 30.6691 85.7438
613 36.716 88.1359
562 36.716 88.1359
120 36.716 88.1359
960 35.1361 90.9814
409 35.1361 90.9814
146 35.1361 90.9814
96 35.1361 90.9814
548 35.1361 90.9814
253 35.1361 90.9814
738 35.1361 90.9814
129 35.1361 90.9814
707 35.1361 90.9814
139 35.1361 90.9814
189 35.1361 90.9814
437 35.1361 90.9814
5 40.0731 90.9025
746 40.0731 90.9025
449 40.0731 90.9025
861 43.5925 92.0998
206 43.5925 92.0998
882 43.5925 92.0998
947 43.5925 92.0998
434 43.5925 92.0998
980 43.5925 92.0998
511 43.5925 92.0998
165 43.5925 92.0998
156 43.5925 92.0998
239 43.5925 92.0998
866 43.5925 92.0998
974 43.5925 92.0998
877 43.5925 92.0998
752 43.5925 92.0998
265 43.5925 92.0998
172 43.5925 92.0998
53 43.5925 92.0998
763 43.5925 92.0998
230 43.5925 92.0998
392 43.5925 92.0998
181 43.5925 92.0998
389 43.5925 92.0998
961 43.5925 92.0998
896 47.2524 90.1795
807 47.2524 90.1795
530 47.2524 90.1795
774 47.2524 90.1795
642 47.2524 90.1795
259 47.2524 90.1795
416 47.2524 90.1795
755 47.2524 90.1795
40 47.2524 90.1795
814 47.2524 90.1795
754 47.2524 90.1795
343 47.2524 90.1795
140 47.2524 90.1795
766 47.2524 90.1795
375 47.2524 90.1795
559 47.2524 90.1795
105 47.2524 90.1795
367 47.2524 90.1795
320 47.2524 90.1795
713 47.2524 90.1795
309 47.2524 90.1795
193 47.2524 90.1795
406 47.2524 90.1795
280 47.2524 90.1795
569 47.2524 90.1795
624 47.2524 90.1795
344 47.2524 90.1795
992 50.7545 92.4569
23 50.7545 92.4569
856 50.7545 92.4569
245 50.7545 92.4569
532 50.7545 92.4569
874 50.7545 92.4569
408 50.7545 92.4569
516 50.7545 92.4569
823 59.2876 94.9477
118 59.2876 94.9477
251 59.2876 94.9477
149 59.2876 94.9477
536 59.2876 94.9477
541 59.2876 94.9477
816 59.2876 94.9477
952 59.26 94.4254
911 59.26 94.4254
12 59.26 94.4254
887 59.26 94.4254
584 59.26 94.4254
464 59.26 94.4254
177 59.26 94.4254
544 59.26 94.4254
737 59.26 94.4254
313 59.26 94.4254
690 59.26 94.4254
618 59.26 94.4254
305 56.1754 88.829
567 56.1754 88.829
185 56.1754 88.829
319 56.1754 88.829
202 56.1754 88.829
62 56.1754 88.829
369 56.1754 88.829
415 56.1754 88.829
851 56.1754 88.829
179 56.1754 88.829
880 56.1754 88.829
940 56.1754 88.829
832 49.6331 78.5237
671 49.6331 78.5237
782 49.6331 78.5237
895 49.6331 78.5237
769 49.6331 78.5237
659 49.6331 78.5237
571 41.6054 73.0471
676 41.6054 73.0471
126 41.6054 73.0471
248 41.6054 73.0471
561 39.4359 76.6584
540 39.4359 76.6584
564 39.4359 76.6584
976 39.4359 76.6584
404 39.4359 76.6584
802 39.4359 76.6584
513 39.4359 76.6584
563 39.4359 76.6584
894 39.4359 76.6584
826 39.4359 76.6584
636 39.4359 76.6584
82 39.4359 76.6584
241 39.4359 76.6584
638 42.0083 79.9554
614 42.0083 79.9554
394 42.0083 79.9554
256 42.0083 79.9554
919 42.0083 79.9554
523 42.0083 79.9554
333 29.5256 74.1981
927 29.5256 74.1981
608 29.5256 74.1981
757 29.5256 74.1981
552 29.5256 74.1981
220 29.5256 74.1981
490 29.5256 74.1981
689 29.5256 74.1981
359 29.5256 74.1981
715 31.0681 73.5833
134 32.4028 72.7709
215 32.4028 72.7709
578 32.4028 72.7709
501 32.4028 72.7709
124 32.4028 72.7709
806 32.4028 72.7709
294 34.5597 71.2309
878 34.5597 71.2309
171 34.5597 71.2309
957 34.5597 71.2309
537 34.5597 71.2309
954 34.5597 71.2309
390 34.5597 71.2309
270 34.5597 71.2309
80 34.5597 71.2309
910 34.5597 71.2309
21 34.5597 71.2309
327 34.5597 71.2309
329 25.7 69.9772
730 25.7 69.9772
872 25.7 69.9772
591 25.7 69.9772
16 25.7 69.9772
113 25.7 69.9772
950 25.7 69.9772
789 25.7 69.9772
398 25.7 69.9772
886 22.4597 69.4468
382 22.4597 69.4468
411 22.4597 69.4468
971 22.4597 69.4468
846 22.4597 69.4468
131 22.3067 68.8656
735 22.3067 68.8656
897 22.3067 68.8656
374 18.6166 68.9967
443 18.6166 68.9967
739 18.6166 68.9967
502 18.6166 68.9967
336 17.273 66.8212
81 17.273 66.8212
429 17.273 66.8212
114 17.273 66.8212
720 17.273 66.8212
901 17.273 66.8212
729 17.273 66.8212
34 17.273 66.8212
599 17.273 66.8212
587 17.273 66.8212
79 17.273 66.8212
733 17.273 66.8212
349 17.273 66.8212
524 17.273 66.8212
376 17.273 66.8212
601 17.273 66.8212
130 17.273 66.8212
565 17.273 66.8212
196 17.273 66.8212
526 17.273 66.8212
600 17.273 66.8212
266 17.273 66.8212
275 17.273 66.8212
903 17.273 66.8212
924 17.273 66.8212
764 17.273 66.8212
326 17.273 66.8212
291 28.7758 58.3121
137 28.7758 58.3121
633 28.7758 58.3121
645 28.7758 58.3121
365 28.7758 58.3121
981 28.7758 58.3121
507 28.7758 58.3121
640 28.7758 58.3121
59 28.7758 58.3121
422 28.7758 58.3121
956 28.7758 58.3121
778 28.7758 58.3121
603 28.7758 58.3121
493 28.7758 58.3121
705 28.7758 58.3121
756 28.7758 58.3121
891 28.7758 58.3121
545 28.7758 58.3121
688 28.7758 58.3121
89 28.7758 58.3121
510 28.7758 58.3121
267 28.7758 58.3121
480 42.0932 46.2771
147 42.0932 46.2771
498 42.0932 46.2771
127 42.0932 46.2771
342 42.0932 46.2771
471 42.0932 46.2771
492 42.0932 46.2771
180 42.0932 46.2771
935 42.0932 46.2771
276 42.0932 46.2771
566 42.0932 46.2771
906 42.0932 46.2771
989 42.0932 46.2771
210 42.0932 46.2771
452 42.0932 46.2771
843 42.0932 46.2771
848 42.0932 46.2771
461 42.0932 46.2771
870 42.0932 46.2771
281 42.0932 46.2771
912 41.0094 49.409
269 41.0094 49.409
370 41.0094 49.409
472 41.0094 49.409
533 41.0094 49.409
809 41.0094 49.409
163 40.3489 57.7312
621 40.3489 57.7312
101 40.3489 57.7312
576 40.3489 57.7312
522 40.3489 57.7312
965 38.363 64.2973
308 38.363 64.2973
788 38.363 64.2973
237 38.363 64.2973
922 38.363 64.2973
54 38.363 64.2973
459 38.363 64.2973
929 38.363 64.2973
56 38.363 64.2973
175 38.363 64.2973
104 38.363 64.2973
30 38.363 64.2973
350 38.363 64.2973
779 38.363 64.2973
765 38.363 64.2973
839 38.363 64.2973
724 38.363 64.2973
315 48.2944 66.9661
484 48.2944 66.9661
857 48.2944 66.9661
264 48.2944 66.9661
577 48.2944 66.9661
596 48.2944 66.9661
144 48.2944 66.9661
625 48.2944 66.9661
225 47.95 60.0657
743 47.95 60.0657
683 47.95 60.0657
804 47.95 60.0657
410 47.95 60.0657
558 47.95 60.0657
732 47.95 60.0657
519 47.95 60.0657
235 47.95 60.0657
468 47.95 60.0657
85 47.95 60.0657
986 53.577 61.7939
35 53.577 61.7939
855 53.577 61.7939
798 53.577 61.7939
293 53.577 61.7939
161 55.5736 71.4024
432 55.5736 71.4024
617 55.5736 71.4024
238 55.5736 71.4024
9 55.5736 71.4024
460 55.5736 71.4024
921 55.5736 71.4024
112 55.5736 71.4024
582 55.5736 71.4024
84 55.5736 71.4024
109 55.5736 71.4024
632 55.5736 71.4024
335 55.5736 71.4024
229 55.5736 71.4024
987 55.5736 71.4024
453 55.5736 71.4024
791 55.5736 71.4024
515 55.5736 71.4024
668 55.5736 71.4024
91 55.5736 71.4024
605 55.5736 71.4024
509 55.5736 71.4024
800 55.5736 71.4024
395 55.5736 71.4024
290 63.2153 73.4593
744 63.2153 73.4593
18 63.2153 73.4593
297 63.2153 73.4593
393 63.2153 73.4593
975 63.2153 73.4593
654 63.2153 73.4593
904 63.2153 73.4593
595 63.2153 73.4593
173 63.2153 73.4593
94 63.2153 73.4593
727 63.2153 73.4593
317 63.2153 73.4593
579 63.2153 73.4593
900 63.2153 73.4593
83 63.2153 73.4593
378 63.2153 73.4593
332 70.7514 75.3023
864 70.7514 75.3023
937 70.7514 75.3023
801 70.7514 75.3023
775 70.7514 75.3023
620 67.4327 90.6357
52 67.4327 90.6357
817 67.4327 90.6357
159 67.4327 90.6357
575 67.4327 90.6357
931 67.4327 90.6357
984 67.4327 90.6357
622 67.4327 90.6357
477 67.4327 90.6357
845 67.4327 90.6357
465 67.4327 90.6357
158 67.4327 90.6357
648 75.4058 92.5647
353 75.4058 92.5647
813 75.4058 92.5647
666 75.4058 92.5647
742 75.4058 92.5647
145 75.4058 92.5647
273 75.4058 92.5647
417 75.4058 92.5647
42 75.4058 92.5647
983 75.4556 96.1652
893 75.4556 96.1652
580 75.4556 96.1652
135 75.4556 96.1652
318 75.4556 96.1652
285 75.4556 96.1652
854 75.4556 96.1652
494 75.4556 96.1652
322 75.4556 96.1652
820 75.4556 96.1652
928 75.4556 96.1652
372 92.6297 93.5814
725 92.6297 93.5814
25 92.6297 93.5814
685 92.6297 93.5814
889 92.6297 93.5814
473 92.6297 93.5814
204 87.6854 78.4384
740 87.6854 78.4384
660 87.6854 78.4384
450 87.6854 78.4384
311 87.6854 78.4384
383 79.1536 74.2102
385 79.1536 74.2102
818 79.1536 74.2102
481 79.1536 74.2102
528 79.1536 74.2102
647 69.1154 67.6065
847 69.1154 67.6065
201 69.1154 67.6065
962 69.1154 67.6065
837 69.1154 67.6065
440 69.1154 67.6065
51 69.1154 67.6065
71 69.1154 67.6065
102 69.1154 67.6065
762 62.8007 61.9849
650 62.8007 61.9849
67 62.8007 61.9849
968 62.8007 61.9849
907 62.8007 61.9849
340 62.8007 61.9849
282 62.8007 61.9849
810 62.8007 61.9849
867 62.8007 61.9849
68 62.8007 61.9849
538 62.8007 61.9849
208 62.8007 61.9849
964 62.8007 61.9849
286 62.8007 61.9849
597 58.0155 54.568
216 58.0155 54.568
69 59.1905 50.8603
396 59.1905 50.8603
942 59.1905 50.8603
117 59.1905 50.8603
43 59.1905 50.8603
232 64.2167 50.2966
188 64.2167 50.2966
143 64.2167 50.2966
852 68.9161 55.3199
110 68.9161 55.3199
553 68.9161 55.3199
838 71.6884 53.7262
656 71.6884 53.7262
842 71.6884 53.7262
70 71.6884 53.7262
478 71.6884 53.7262
850 71.6884 53.7262
420 71.6884 53.7262
334 71.6884 53.7262
767 71.6884 53.7262
485 71.6884 53.7262
644 72.2753 52.7882
29 72.2753 52.7882
670 72.2753 52.7882
357 72.2753 52.7882
152 72.0938 59.7422
926 72.0938 59.7422
190 72.0938 59.7422
497 83.8067 58.5309
583 83.8067 58.5309
977 83.8067 58.5309
684 83.8067 58.5309
951 83.8067 58.5309
242 83.8067 58.5309
107 83.8067 58.5309
506 83.8067 58.5309
941 83.8067 58.5309
136 83.8067 58.5309
884 83.8067 58.5309
967 83.8067 58.5309
170 83.8067 58.5309
198 83.8067 58.5309
932 83.8067 58.5309
466 80.1961 46.5256
387 80.1961 46.5256
425 80.1961 46.5256
920 80.1961 46.5256
195 80.1961 46.5256
609 80.1961 46.5256
592 80.1961 46.5256
98 85.9138 39.2905
745 85.9138 39.2905
835 85.9138 39.2905
274 85.9138 39.2905
590 85.9138 39.2905
520 85.9138 39.2905
33 85.9138 39.2905
