0,260,483,979,627,345,243,103,721,176,598,831,504,959,819,581,777,295,24,419,261,834,873,865,934,467,586,681,555,55,935,853,781,883,164,787,653,160,518,573,337,287,407,26,246,822,310,829,121,612,111,354,254,221,869,205,915,402,824,486,268,284,902,661,836,641,379,602,307,363,351,669,702,626,439,64,709,704,899,8,488,812,331,629,474,722,366,881,673,211,61,643,187,646,682,588,943,348,674,74,741,412,362,710,963,572,299,133,514,4,86,46,258,794,283,898,455,529,811,543,525,496,403,687,438,397,65,508,549,655,480,49,913,32,663,324,87,534,863,841,731,182,633,37,78,125,212,908,330,57,770,505,936,373,949,116,700,858,384,166,423,10,985,990,958,157,312,328,499,148,797,972,652,47,128,909,341,228,154,805,542,476,938,527,589,708,749,463,616,100,352,222,123,784,925,771,196,489,336,122,174,734,234,747,272,849,207,799,214,970,400,680,81,517,694,966,686,371,381,347,77,277,445,717,14,630,218,703,939,677,329,3,948,760,338,219,565,482,192,376,764,131,114,739,735,531,391,303,130,772,971,640,510,267,720,733,599,903,901,382,524,578,697,950,886,361,946,220,796,113,266,550,587,431,789,487,443,537,924,339,326,275,132,825,454,601,99,526,600,411,635,726,184,500,479,701,792,551,991,398,879,203,830,639,427,556,224,436,759,502,667,944,860,657,97,433,457,955,554,90,728,108,240,75,301,255,119,374,503,429,665,162,607,399,905,719,360,93,58,495,890,803,444,953,17,815,892,325,693,637,178,628,780,95,48,346,153,300,615,1,401,298,570,711,557,236,321,718,678,426,380,546,712,386,316,39,547,447,169,914,199,868,827,200,969,585,446,213,988,750,364,138,263,435,304,568,31,405,106,973,247,736,442,933,227,651,288,982,249,41,167,168,552,244,608,394,490,60,662,888,604,954,757,418,424,333,730,560,916,658,699,15,871,183,593,491,115,768,521,761,368,696,833,50,73,776,695,13,456,141,2,885,469,306,96,76,786,92,441,428,28,753,44,88,610,462,611,859,22,256,714,253,120,430,296,631,918,672,20,230,960,409,470,448,561,614,36,806,350,252,226,406,265,72,449,569,320,343,713,516,241,746,919,947,874,156,139,877,437,416,763,150,53,738,752,309,271,638,231,319,649,564,530,5,642,773,129,613,548,146,181,808,105,974,389,305,795,766,559,172,707,392,239,215,189,206,541,532,229,259,851,375,165,940,961,624,344,584,511,866,369,774,814,618,367,952,737,816,12,177,245,464,984,140,536,887,415,690,202,931,567,313,273,335,896,856,185,434,882,620,622,23,118,980,911,62,145,52,817,992,477,149,742,318,845,465,813,544,42,285,251,158,823,854,648,820,580,159,666,928,893,135,494,353,983,372,660,725,740,473,204,25,889,685,322,864,332,311,450,385,528,481,297,460,818,317,378,51,744,83,654,975,900,867,290,208,727,782,579,417,801,509,837,71,904,395,937,775,800,650,895,625,432,112,832,94,857,762,647,987,152,420,538,962,595,68,485,315,810,286,173,743,282,216,968,515,238,676,35,617,855,109,410,235,907,498,577,558,732,791,453,668,393,964,85,293,847,468,798,340,161,84,632,126,575,18,769,67,440,582,605,91,484,671,179,408,280,754,755,292,563,840,539,807,880,40,802,513,921,248,193,9,826,82,294,636,659,861,225,986,540,54,163,715,571,689,124,574,765,80,459,523,134,21,976,872,645,596,779,562,16,927,591,223,724,144,878,270,894,910,327,501,359,390,89,171,471,683,264,308,404,127,778,846,576,175,533,56,891,956,957,965,705,912,756,291,142,422,59,349,104,788,729,839,691,279,233,451,688,365,897,545,34,79,493,809,269,507,603,137,876,758,698,981,535,929,566,664,723,414,748,475,619,783,302,388,917,11,38,413,210,922,151,706,7,692,452,276,194,30,155,461,679,472,147,848,793,923,597,804,623,621,370,237,180,197,870,844,492,875,342,186,281,101,862,522,27,785,19,66,989,906,512,945,790,421,843,257,278,209,289,356,716,69,250,191,6,751,634,43,828,355,458,978,314,821,358,675,217,377,930,45,63,323,232,606,594,143,942,850,466,29,670,70,357,262,188,519,644,842,102,117,852,334,478,396,838,932,110,387,767,190,951,926,920,136,884,592,383,195,941,967,583,242,425,553,170,506,684,977,656,198,497,201,107,33,520,590,609,835,274,745,98,
value : 501.947 running time : 46.114550
0 80 20
260 83.1969 16.5301
483 84.3401 15.2891
979 84.3401 15.2891
627 84.3401 15.2891
345 84.0588 15.2926
243 83.3354 15.3017
103 66.7032 15.5079
721 65.9246 16.0088
176 64.8612 16.6931
598 63.7178 17.4287
831 62.5906 18.154
504 61.729 18.7084
959 60.8273 19.2886
819 59.9313 19.8651
581 59.0298 20.4452
777 58.07 21.0627
295 56.9993 21.7516
24 55.5924 22.6568
419 52.6996 24.5175
261 49.8918 26.3236
834 48.6653 27.1127
873 48.6443 27.1263
865 48.623 27.1399
934 48.6017 27.1537
467 48.5805 27.1673
586 48.5597 27.1807
681 48.5393 27.1939
555 48.5187 27.2071
55 48.4982 27.2204
935 48.4774 27.2338
853 48.457 27.247
781 48.457 27.247
883 44.003 23.7094
164 42.8907 22.8259
787 39.8303 20.3951
653 39.5055 19.6645
160 39.1752 18.9217
518 38.3602 17.0896
573 37.6401 17.4605
337 36.9227 17.83
287 36.1949 18.2049
407 35.2877 18.6721
26 34.137 19.2648
246 32.7214 19.9939
822 31.6034 20.5698
310 30.4266 21.1759
829 26.6665 23.1124
121 26.0953 23.4066
612 25.6581 23.6318
111 25.6201 23.5951
354 25.5811 23.5575
254 25.542 23.5197
221 25.5026 23.4817
869 25.4632 23.4436
205 25.423 23.4047
915 25.3595 23.3434
402 25.296 23.2821
824 25.234 23.2223
486 25.1719 23.1623
268 25.1093 23.1019
284 25.1093 23.1019
902 25.1093 23.1019
661 25.1093 23.1019
836 25.1093 23.1019
641 25.1093 23.1019
379 25.1093 23.1019
602 24.8775 22.0502
307 24.6301 20.9278
363 24.3832 19.8081
351 24.3832 19.8081
669 24.3559 19.7974
702 24.3285 19.7866
626 24.3013 19.776
439 24.2735 19.7651
64 24.2459 19.7543
709 24.2181 19.7434
704 24.1901 19.7324
899 21.3309 18.6123
8 17.8398 17.2446
488 15.0085 16.1355
812 12.5322 15.1653
331 12.531 15.344
629 12.5299 15.5013
474 12.5288 15.6708
722 12.5277 15.8238
366 12.5256 16.15
881 12.5233 16.4819
673 12.5205 16.9038
211 12.5181 17.2648
61 12.5155 17.6499
643 12.5128 18.0617
187 12.5099 18.4933
646 12.5067 18.9614
682 12.5029 19.5423
588 12.4985 20.1944
943 12.4937 20.92
348 12.4909 21.3325
674 12.4879 21.7886
74 12.4843 22.33
741 12.4813 22.7766
412 12.4782 23.2407
362 12.4745 23.787
710 12.4696 24.5285
963 12.465 25.2172
572 12.4601 25.9414
299 12.4555 26.6445
133 12.4506 27.3652
514 12.4461 28.0512
4 12.4422 28.6288
86 12.4382 29.238
46 12.4351 29.694
258 12.4351 29.694
794 12.4351 29.694
283 12.4351 29.694
898 12.4351 29.694
455 13.278 30.3374
529 21.5125 36.6237
811 22.5617 37.4246
543 23.309 37.995
525 23.7918 38.3635
496 24.1618 38.6459
403 24.5364 38.9318
687 24.8865 39.199
438 25.1905 39.431
397 25.4809 39.6527
65 25.7598 39.8655
508 26.0913 40.1185
549 26.3705 40.3316
655 26.6681 40.5588
480 26.9774 40.7948
49 26.9774 40.7948
913 25.2674 41.3712
32 23.379 42.0078
663 21.7809 42.5464
324 20.5434 42.9636
87 18.4168 43.6804
534 17.8271 43.8792
863 17.3276 44.0476
841 16.9656 44.1696
731 16.6494 44.2762
182 16.3677 44.3711
633 16.0988 44.4618
37 15.7771 44.5702
78 15.3702 44.7074
125 14.9266 44.8569
212 14.3456 45.0528
908 13.8414 45.2228
330 13.0724 45.482
57 12.7915 45.5767
770 12.5368 45.6625
505 12.2854 45.7473
936 12.0416 45.8295
373 11.8068 45.9086
949 11.5807 45.9849
116 11.3328 46.0684
700 11.3306 46.0692
858 11.3284 46.0699
384 11.3261 46.0707
166 11.3238 46.0714
423 11.3238 46.0714
10 11.3238 46.0714
985 11.3238 46.0714
990 11.0388 46.2176
958 10.7552 46.363
157 10.4905 46.4987
312 10.2085 46.6433
328 9.93427 46.7839
499 9.91297 46.9575
148 9.88753 47.1647
797 9.86017 47.3877
972 9.83205 47.6169
652 9.80652 47.825
47 9.78059 48.0363
128 9.75576 48.2386
909 9.73065 48.4433
341 9.70557 48.6477
228 9.68044 48.8525
154 9.65317 49.0747
805 9.62533 49.3016
542 9.59817 49.5229
476 9.57121 49.7426
938 9.53914 50.004
527 9.50994 50.2419
589 9.48215 50.4684
708 9.45835 50.6623
749 9.43553 50.8483
463 9.41221 51.0384
616 9.38838 51.2326
100 9.35992 51.4645
352 9.33177 51.6938
222 9.30338 51.9252
123 9.27379 52.1663
784 9.23868 52.4524
925 9.21301 52.6616
771 9.18899 52.8574
196 9.09182 53.649
489 9.01363 54.286
336 8.92515 55.0069
122 8.83428 55.7472
174 8.7451 56.4736
734 8.47121 58.7046
234 8.35123 59.6819
747 8.24272 60.5659
272 8.13811 61.418
849 8.05633 62.0843
207 7.83425 63.8931
799 7.93303 63.8621
214 8.03407 63.8305
970 8.13698 63.7982
400 8.2388 63.7663
680 8.33652 63.7356
81 8.43224 63.7056
517 8.52508 63.6765
694 8.6206 63.6466
966 8.7241 63.6141
686 8.83613 63.579
371 8.95357 63.5422
381 9.07533 63.504
347 9.20945 63.4619
77 9.35034 63.4177
277 9.49745 63.3716
445 9.64894 63.3241
717 9.82115 63.2701
14 10.0037 63.2128
630 10.1982 63.1518
218 10.3905 63.0915
703 10.5884 63.0294
939 10.7866 62.9672
677 11.027 62.8918
329 11.2641 62.8174
3 11.4821 62.7491
948 11.7025 62.68
760 11.9348 62.6071
338 12.1726 62.5325
219 12.4207 62.4547
565 12.6779 62.374
482 12.9312 62.2945
192 13.1845 62.215
376 13.4414 62.1345
764 13.7068 62.0512
131 13.969 61.969
114 14.2349 61.8855
739 14.503 61.8014
735 14.772 61.7171
531 15.0016 61.645
391 17.4489 60.8766
303 17.4489 60.8767
130 17.6197 61.1575
772 17.7988 61.4517
971 17.9766 61.7441
640 18.1541 62.0357
510 18.3165 62.3026
267 18.4777 62.5676
720 18.5369 63.3315
733 18.5951 64.0825
599 18.6543 64.8459
903 18.7151 65.6301
901 18.7772 66.4315
382 18.8464 67.3246
524 18.9306 68.411
578 19.0134 69.4803
697 19.0229 69.6021
950 19.0303 69.6972
886 19.0376 69.7903
361 19.0441 69.8739
946 19.0506 69.9566
220 19.057 70.0388
796 19.0633 70.1203
113 19.0696 70.201
266 19.0759 70.2809
550 19.082 70.3598
587 19.088 70.4364
431 19.0938 70.5114
789 19.0995 70.5837
487 19.1051 70.6551
443 19.1105 70.7254
537 19.116 70.7949
924 19.1214 70.864
339 19.1267 70.9322
326 19.132 71.0001
275 19.1373 71.0675
132 19.1425 71.1349
825 19.1478 71.2024
454 19.153 71.2697
601 18.7378 71.5181
99 18.2871 71.7877
526 17.8133 72.0712
600 17.2974 72.3799
411 16.7426 72.7118
635 16.1243 73.0817
726 15.4123 73.5077
184 14.6592 73.9583
500 13.8905 74.4183
479 13.1028 74.8896
701 12.2301 75.4118
792 11.1362 76.0663
551 11.0389 76.1245
991 10.9411 76.183
398 10.8452 76.2403
879 10.7422 76.302
203 10.6369 76.3649
830 10.5354 76.4256
639 10.4411 76.482
427 10.3492 76.537
556 10.2577 76.5917
224 10.1674 76.6457
436 10.0813 76.6972
759 9.99681 76.7477
502 9.91628 76.7959
667 9.83321 76.8456
944 9.75262 76.8938
860 9.67655 76.9393
657 9.60056 76.9847
97 9.52466 77.0301
433 9.44614 77.077
457 9.36868 77.1234
955 9.2913 77.1696
554 9.21442 77.2156
90 9.14095 77.2596
728 9.07093 77.3014
108 9.00168 77.3428
240 8.93627 77.382
75 8.87175 77.4205
301 8.80899 77.4581
255 8.80899 77.4581
119 8.81783 77.6987
374 8.82736 77.9584
503 8.83715 78.2249
429 8.84732 78.5022
665 8.85825 78.8
162 8.87114 79.1518
607 8.88546 79.5428
399 8.90491 80.0745
905 8.92356 80.5841
719 8.9418 81.0825
360 8.95945 81.5646
93 8.97577 82.0105
58 8.99125 82.4332
495 8.99515 82.5391
890 8.99903 82.6443
803 9.0029 82.7492
444 9.00669 82.8522
953 9.01044 82.9539
17 9.01408 83.0527
815 9.01701 83.1321
892 9.01992 83.2109
325 9.02282 83.2894
693 9.0257 83.3677
637 9.02856 83.445
178 9.03139 83.5217
628 9.03423 83.5986
780 9.03707 83.6755
95 9.0399 83.7522
48 9.04273 83.8288
346 9.04557 83.9058
153 9.04846 83.9841
300 9.05135 84.0624
615 9.05424 84.1407
1 9.05713 84.2191
401 9.06 84.2968
298 9.06287 84.3746
570 9.07867 84.806
711 9.09475 85.2451
557 9.10645 85.5644
236 9.11767 85.8704
321 9.12773 86.1445
718 9.13807 86.4264
678 9.14849 86.7105
426 9.15856 86.9851
380 9.16877 87.2635
546 9.17267 87.3693
712 9.1765 87.4733
386 9.18015 87.5724
316 9.18378 87.6709
39 9.18739 87.7688
547 9.19089 87.8639
447 9.1944 87.959
169 9.1979 88.0539
914 9.2014 88.149
199 9.2049 88.2438
868 9.20836 88.3378
827 9.21172 88.429
200 9.21492 88.5157
969 9.21802 88.5998
585 9.2211 88.6832
446 9.22415 88.7657
213 9.22717 88.8475
988 9.22913 88.9008
750 9.40164 88.871
364 9.57401 88.8413
138 9.74859 88.8112
263 9.92421 88.781
435 10.1065 88.7496
304 10.3461 88.7083
568 10.5878 88.6666
31 10.8333 88.6243
405 11.0781 88.5821
106 11.3423 88.5366
973 11.638 88.4857
247 11.9336 88.4348
736 12.2328 88.3832
442 12.5477 88.329
933 12.861 88.275
227 13.1576 88.2239
651 14.415 87.015
288 15.4706 86.0001
982 16.4396 85.0686
249 17.6936 83.863
41 18.9466 82.6583
167 19.9248 81.7179
168 20.6725 80.9991
552 21.3888 80.3104
244 22.8794 81.6836
608 24.5512 83.2237
394 26.3834 84.9115
490 26.3834 84.9115
60 26.3834 84.9115
662 26.3834 84.9115
888 26.3231 84.9694
604 26.253 85.0365
954 26.1754 85.1108
757 26.0949 85.188
418 26.0139 85.2655
424 25.9337 85.3424
333 25.8552 85.4176
730 25.7746 85.4948
560 24.3297 86.879
916 24.2482 87.0167
658 24.1688 87.1508
699 24.0277 87.3891
15 24.5744 88.1866
871 24.5846 88.1883
183 24.5948 88.1901
593 24.6049 88.1918
491 24.615 88.1935
115 24.6252 88.1952
768 24.6352 88.1969
521 24.6452 88.1986
761 24.6553 88.2003
368 24.6654 88.202
696 24.6754 88.2037
833 24.6855 88.2054
50 24.6956 88.2071
73 24.7056 88.2088
776 24.7157 88.2105
695 24.7632 88.2186
13 24.8103 88.2266
456 24.8589 88.2348
141 24.9075 88.2431
2 24.9559 88.2513
885 25.0041 88.2595
469 25.0523 88.2676
306 25.1002 88.2758
96 25.1478 88.2839
76 25.1957 88.292
786 25.2431 88.3
92 25.2904 88.3081
441 25.3379 88.3161
428 25.3846 88.324
28 25.4316 88.332
753 25.479 88.34
44 25.5259 88.348
88 25.5736 88.3561
610 25.6199 88.3639
462 25.6669 88.3719
611 25.7166 88.3804
859 25.7647 88.3885
22 25.8115 88.3965
256 25.8115 88.3965
714 25.8115 88.3965
253 26.1248 88.3384
120 26.4288 88.2821
430 26.7233 88.2275
296 27.0841 88.1606
631 27.4277 88.0969
918 27.8197 88.0243
672 28.1987 87.954
20 28.5658 87.886
230 29.0463 87.7969
960 29.4596 87.7203
409 29.8968 87.6393
470 31.0905 87.418
448 32.1907 87.214
561 32.9489 87.0735
614 33.4693 86.977
36 33.8688 86.9029
806 36.0023 86.5073
350 38.3869 86.065
252 38.6235 86.3023
226 38.9871 86.667
406 39.8105 87.4928
265 40.3668 88.0509
72 40.4292 88.1134
449 40.4915 88.1759
569 40.5524 88.237
320 40.6117 88.2965
343 40.6696 88.3545
713 40.7268 88.4118
516 40.7816 88.4668
241 40.8329 88.5182
746 40.8854 88.5709
919 40.9342 88.6197
947 40.9863 88.672
874 41.0352 88.7211
156 41.0775 88.7635
139 41.1177 88.8038
877 41.1406 88.8038
437 41.1634 88.8038
416 41.1863 88.8039
763 41.2091 88.8039
150 41.2323 88.804
53 41.2557 88.804
738 41.2794 88.8041
752 41.3032 88.8041
309 41.328 88.8042
271 41.3529 88.8042
638 41.378 88.8042
231 41.403 88.8043
319 41.4279 88.8044
649 41.4531 88.8044
564 41.478 88.8045
530 41.5028 88.8045
5 41.5278 88.8045
642 41.5527 88.8046
773 41.578 88.8046
129 41.6035 88.8047
613 41.6291 88.8047
548 41.6547 88.8048
146 41.6804 88.8049
181 41.7061 88.8049
808 41.7319 88.805
105 41.8842 88.8054
974 42.0353 88.8058
389 42.2271 88.8064
305 42.4192 88.807
795 42.6178 88.8076
766 42.8232 88.8082
559 43.0345 88.8088
172 43.2405 88.8095
707 43.4499 88.8101
392 43.6682 88.8108
239 43.8925 88.8114
215 44.129 88.8122
189 44.3632 88.8129
206 45.9516 88.8187
541 47.4484 88.8241
532 49.0244 88.8299
229 50.6876 88.8359
259 50.8546 88.8364
851 51.0197 88.8369
375 51.1877 88.8374
165 51.3607 88.8379
940 51.5373 88.8384
961 51.7165 88.8389
624 51.8996 88.8395
344 52.0812 88.84
584 52.2516 88.8405
511 52.4224 88.841
866 52.5949 88.8415
369 52.7863 88.8421
774 52.9753 88.8426
814 53.1667 88.8432
618 53.3576 88.8437
367 53.5514 88.8443
952 53.7453 88.8449
737 53.9374 88.8455
816 54.131 88.846
12 54.3213 88.8466
177 54.5081 88.8471
245 54.6953 88.8477
464 54.8713 88.8482
984 55.0027 88.8486
140 55.1361 88.849
536 55.2658 88.8493
887 55.3939 88.8497
415 55.5231 88.85
690 55.6512 88.8504
202 55.7794 88.8508
931 55.9074 88.8511
567 56.0343 88.8515
313 56.1606 88.8519
273 56.2837 88.8522
335 56.4085 88.8526
896 56.5329 88.8529
856 56.6549 88.8532
185 56.7757 88.8536
434 56.896 88.8539
882 57.0222 88.8543
620 58.6052 88.86
622 58.6053 88.86
23 58.6053 88.86
118 59.2476 88.841
980 59.9048 88.8215
911 60.5819 88.8013
62 61.3203 88.7794
145 62.2236 88.7525
52 63.0923 88.7266
817 63.937 88.7015
992 64.7712 88.6767
477 65.6039 88.6519
149 66.4319 88.6273
742 67.1957 88.6045
318 67.8789 88.5842
845 68.5358 88.5647
465 69.1831 88.5455
813 69.8314 88.5262
544 70.4867 88.5068
42 71.1477 88.4871
285 71.8332 88.4668
251 72.5486 88.4455
158 73.2883 88.4235
823 74.0482 88.4009
854 74.8486 88.3771
648 75.654 88.3531
820 76.4218 88.3303
580 77.147 88.3087
159 78.4898 88.2686
666 79.8505 88.228
928 81.232 88.1868
893 81.232 88.1867
135 81.232 88.1867
494 81.2664 88.1531
353 81.3014 88.1188
983 81.3461 88.0751
372 86.0094 83.5177
660 85.8932 83.427
725 85.7835 83.3415
740 85.673 83.2553
473 85.5627 83.1693
204 85.4512 83.0823
25 85.3402 82.9957
889 85.2243 82.9053
685 85.1001 82.8084
322 84.9708 82.7075
864 84.836 82.6024
332 84.7038 82.4993
311 84.7037 82.4993
450 84.7037 82.4993
385 80.1003 80.9202
528 77.9997 80.1994
481 75.3015 79.2737
297 73.2447 78.568
460 71.7414 78.0521
818 71.0711 77.822
317 70.3959 77.5902
378 69.8723 77.4104
51 69.3883 77.2442
744 68.9158 77.082
83 68.4446 76.9202
654 67.9611 76.7541
975 67.4799 76.5889
900 66.9413 76.4039
867 66.3534 76.2021
290 65.757 75.9973
208 65.1588 75.7919
727 64.7419 75.6488
782 64.3287 75.5069
579 64.3287 75.5069
417 64.3287 75.5069
801 64.1443 75.4026
509 63.9597 75.2981
837 63.7725 75.1923
71 63.5788 75.0827
904 63.3772 74.9687
395 63.1719 74.8525
937 62.9625 74.7341
775 62.7203 74.5971
800 62.051 74.2184
650 61.394 73.8465
895 60.3397 73.2499
625 60.5248 71.7167
432 60.5617 71.4128
112 60.5984 71.1094
832 60.6359 70.7995
94 60.6741 70.4845
857 60.7142 70.153
762 60.7566 69.8033
647 60.7986 69.4558
987 60.8402 69.1127
152 60.882 68.7671
420 60.826 68.6558
538 60.449 68.4192
962 60.1205 68.2131
595 59.5577 67.8601
68 58.9497 67.4788
485 58.2777 67.0573
315 57.9205 66.979
810 57.5588 66.8998
286 57.2061 66.8226
173 56.8812 66.7514
743 56.5257 66.6735
282 56.1989 66.602
216 55.8869 66.5337
968 55.5963 66.47
515 55.3126 66.4079
238 55.0203 66.3439
676 54.7103 66.276
35 54.4634 66.2219
617 54.2148 66.1675
855 53.9694 66.1138
109 53.7325 66.0619
410 53.4944 66.0097
235 53.3119 65.9698
907 53.1356 65.9312
498 52.9378 65.8879
577 52.765 65.85
558 52.593 65.8124
732 52.4303 65.7768
791 52.4303 65.7768
453 52.4303 65.7768
668 52.4303 65.7768
393 52.4303 65.7768
964 52.4303 65.7768
85 52.4303 65.7768
293 52.6365 66.3181
847 52.8591 66.9028
468 53.0761 67.4728
798 53.289 68.0318
340 53.5137 68.6217
161 53.7352 69.2037
84 53.9569 69.7858
632 54.1928 70.4054
126 54.4231 71.0101
575 54.6124 71.5072
18 54.6124 71.5072
769 54.6124 71.5072
67 54.6124 71.5072
440 54.1543 72.1344
582 53.614 72.8742
605 53.0569 73.637
91 52.4621 74.4514
484 51.8556 75.2818
671 51.2234 76.1474
179 50.5921 77.0118
408 49.9907 77.8352
280 49.8063 78.0878
754 49.6244 78.337
755 49.1086 78.2826
292 48.5831 78.2273
563 48.1598 78.1826
840 47.7522 78.1396
539 47.3447 78.0966
807 47.3447 78.0966
880 47.3447 78.0966
40 47.3447 78.0966
802 47.1394 77.9542
513 46.9338 77.8116
921 46.7323 77.6717
248 46.5257 77.5284
193 46.3186 77.3846
9 46.1089 77.2391
826 45.7987 77.0239
82 45.4732 76.798
294 45.1403 76.567
636 44.8081 76.3365
659 44.4217 76.0684
861 43.979 75.7612
225 43.0388 75.1089
986 42.2454 74.5583
540 41.2483 73.8665
54 40.2359 73.164
163 39.9272 72.9498
715 39.6308 72.7442
571 39.3487 72.5484
689 39.1279 72.3952
124 38.9174 72.2491
574 38.7181 72.1108
765 38.5626 72.0029
80 38.4216 71.9051
459 38.2792 71.8062
523 38.1391 71.709
134 37.997 71.6104
21 37.8498 71.5083
976 37.7093 71.4107
872 37.5624 71.3088
645 37.4172 71.2081
596 37.2881 71.1185
779 37.1624 71.0312
562 37.0317 70.9405
16 36.2696 70.4118
927 35.7325 69.4947
591 35.6295 69.3187
223 35.5271 69.144
724 35.3983 68.9241
144 35.2621 68.6916
878 35.1022 68.4187
270 34.9404 68.1424
894 34.7391 67.7987
910 34.4522 67.3088
327 34.141 66.7775
501 33.875 66.3234
359 33.6154 65.8803
390 33.3574 65.4398
89 33.1094 65.0163
171 32.9508 64.7456
471 32.7755 64.4463
683 32.6134 64.1695
264 32.4274 63.852
308 32.0233 63.162
404 31.5717 62.3908
127 30.3013 60.2215
778 30.2193 60.11
846 30.1331 59.9928
576 30.0479 59.8769
175 29.958 59.7546
533 29.8624 59.6246
56 29.7624 59.4886
891 29.6605 59.3499
956 29.5501 59.1998
957 29.4427 59.0538
965 29.3356 58.9082
705 29.2348 58.771
912 29.1287 58.6268
756 29.0258 58.4867
291 28.9183 58.3405
142 28.8134 58.1978
422 28.7119 58.0598
59 28.6118 57.9237
349 28.5107 57.7862
104 28.4104 57.6499
788 28.3093 57.5124
729 28.2089 57.3758
839 28.1076 57.238
691 28.0076 57.102
279 27.9072 56.9655
233 27.9676 56.9482
451 28.0276 56.9309
688 28.086 56.9142
365 28.147 56.8966
897 28.1799 56.7486
545 28.2122 56.6035
34 28.245 56.4556
79 28.2773 56.3105
493 28.3098 56.1645
809 28.3422 56.0187
269 28.3752 55.8701
507 28.4081 55.7222
603 28.4403 55.5774
137 28.4731 55.4299
876 28.5044 55.289
758 28.538 55.1381
698 28.9044 54.7991
981 29.5406 54.2105
535 30.4768 53.3445
929 31.3142 52.5697
566 32.1536 51.7931
664 32.5115 51.4621
723 32.5115 51.4621
414 32.7143 51.3314
748 32.9126 51.2036
475 33.1112 51.0757
619 33.3275 50.9364
783 33.5441 50.7968
302 33.7622 50.6563
388 33.9771 50.5179
917 34.1854 50.3837
11 34.3674 50.2664
38 34.5626 50.1407
413 34.7593 50.014
210 34.9522 49.8897
922 35.1438 49.7662
151 35.3348 49.6432
706 35.5191 49.5245
7 35.7009 49.4074
692 35.8785 49.2929
452 36.0403 49.1887
276 36.1938 49.0898
194 36.1938 49.0898
30 36.1938 49.0898
155 36.1938 49.0898
461 36.1938 49.0898
679 36.1938 49.0898
472 38.3281 49.5579
147 39.9562 49.915
848 41.7079 50.2991
793 43.3465 50.6585
923 43.3465 50.6585
597 43.3465 50.6585
804 43.3465 50.6585
623 44.0169 48.0561
621 44.0406 47.8651
370 44.0659 47.6618
237 44.0922 47.4508
180 44.1196 47.2304
197 44.1473 47.0081
870 44.174 46.7936
844 44.1995 46.5888
492 44.2246 46.3872
875 44.2493 46.1889
342 44.274 45.9904
186 44.2987 45.7917
281 44.3462 45.4109
101 44.4459 44.6125
862 44.7505 42.1772
522 45.0654 39.6598
27 45.2459 38.2166
785 45.2459 38.2166
19 45.2459 38.2166
66 45.2459 38.2166
989 45.2459 38.2166
906 45.2459 38.2166
512 45.2459 38.2166
945 45.2459 38.2166
790 45.2459 38.2166
421 45.2459 38.2166
843 45.2459 38.2166
257 43.7351 37.1835
278 42.2069 36.1386
209 43.1654 36.3441
289 44.0223 36.5279
356 44.8799 36.7117
716 45.7582 36.9001
69 46.5757 37.0754
250 47.3436 37.24
191 48.1071 37.4038
6 53.6906 38.5995
751 54.0687 38.9361
634 54.4861 39.3077
43 54.8804 39.6586
828 55.2337 39.9731
355 55.6027 40.3015
458 55.9896 40.6458
978 56.4025 41.0134
314 56.7946 41.3624
821 57.1454 41.6746
358 57.5621 42.0455
675 57.9813 42.4187
217 58.3708 42.7653
377 58.762 43.1136
930 59.1942 43.4983
45 59.6962 43.945
63 60.2215 44.4126
323 60.9841 45.0915
232 61.5538 45.5985
606 61.9988 45.9946
594 62.4381 46.3856
143 62.9804 46.8683
942 63.4773 47.3106
850 63.7754 47.576
466 63.9205 47.7051
29 64.0531 47.8231
670 64.1587 47.9171
70 64.2607 48.0079
357 64.3614 48.0976
262 64.4634 48.1884
188 64.6278 48.3347
519 64.9892 48.6564
644 65.8618 49.433
842 66.9209 50.3757
102 68.0955 51.4212
117 69.0811 52.2985
852 70.5012 53.5625
334 70.5012 53.5625
478 70.5012 53.5625
396 70.5012 53.5625
838 72.5454 53.8492
932 73.2132 53.9429
110 73.8124 54.027
387 74.2999 54.0954
767 74.7477 54.1582
190 75.2943 54.2349
951 76.101 54.3481
926 76.4588 54.3984
920 77.0291 54.4784
136 77.5864 54.5566
884 78.0357 54.6197
592 78.3261 54.6605
383 78.6335 54.7036
195 78.8731 54.7373
941 79.1192 54.7718
967 79.3868 54.8094
583 79.6597 54.8477
242 79.9557 54.8893
425 80.2428 54.9296
553 80.5448 54.972
170 80.9172 55.0243
506 81.2113 55.0656
684 81.4808 55.1034
977 81.7373 55.1394
656 81.9883 55.1746
198 83.0032 55.317
497 83.9851 55.4548
201 83.9851 55.4548
107 83.5898 50.0492
33 83.1306 43.7682
520 82.9906 41.857
590 82.8718 40.2357
609 82.7753 38.9194
835 82.6719 37.5095
274 82.5594 35.9746
745 82.4377 34.3136
98 82.2783 32.1378
