0,98,627,345,590,33,520,941,387,932,29,425,670,592,951,920,274,835,838,506,242,884,195,497,170,107,684,198,136,553,852,383,977,110,332,420,962,967,595,644,70,842,767,623,519,926,68,190,515,900,668,201,650,850,647,485,385,656,579,334,395,71,51,975,864,204,818,648,742,528,473,311,450,660,25,322,889,740,685,928,725,372,666,159,813,464,145,417,893,135,580,318,823,983,285,477,845,494,273,251,820,882,105,434,911,856,23,344,584,817,544,158,353,620,42,52,149,854,636,992,931,984,575,177,367,737,185,622,378,481,800,67,727,775,937,465,744,152,290,460,837,867,173,654,317,847,94,229,393,904,18,801,83,340,632,563,855,12,509,986,940,887,880,814,774,369,826,861,947,343,980,82,245,832,40,754,769,816,755,406,140,690,335,280,259,297,389,896,62,193,618,206,165,313,415,118,202,567,511,516,952,614,156,305,320,662,319,226,449,536,851,802,265,532,613,437,172,239,874,541,408,961,559,746,392,713,470,150,624,763,96,974,306,430,631,877,146,752,866,5,707,375,231,766,960,139,129,638,181,448,672,271,738,53,548,593,28,20,569,120,776,73,786,761,768,696,227,714,456,441,491,15,521,753,44,93,115,183,409,610,58,611,253,301,435,236,1,750,304,637,199,953,628,711,364,39,868,380,678,969,405,973,213,585,827,447,914,792,240,547,203,718,982,138,325,106,153,736,316,386,442,108,17,988,169,803,568,88,815,401,436,200,651,695,871,693,13,168,886,726,550,469,249,399,50,184,825,796,701,615,339,326,263,712,462,446,247,557,368,885,933,400,321,560,551,433,905,699,546,48,780,890,255,939,77,799,300,207,717,219,657,925,376,589,97,347,607,948,3,75,178,346,639,298,694,830,427,114,119,429,338,667,966,14,703,224,371,734,277,426,570,944,90,759,556,517,381,686,457,445,503,495,554,719,892,95,31,728,991,444,955,361,244,487,275,374,360,443,431,479,162,665,220,860,131,500,411,574,34,764,720,130,970,99,730,846,502,927,635,879,113,501,398,81,526,524,912,270,839,266,333,359,903,600,267,587,971,223,649,571,189,765,80,604,689,132,954,658,888,924,833,697,578,41,490,424,916,608,950,946,60,124,252,2,141,22,72,288,428,918,859,808,840,230,539,256,773,36,795,309,76,919,806,394,296,92,976,537,16,872,454,418,167,757,789,659,144,910,878,163,523,410,484,921,540,530,724,895,241,179,126,807,112,9,671,416,350,292,561,564,513,215,562,453,642,582,134,782,857,171,294,248,762,432,315,84,440,109,894,617,605,208,625,810,468,964,235,793,91,987,188,538,238,117,102,583,577,293,478,942,45,63,43,323,745,675,466,609,143,681,634,314,232,821,458,342,870,355,945,978,27,498,85,844,606,356,594,396,217,597,35,281,286,276,875,798,848,262,968,907,161,180,370,461,621,264,471,127,533,54,596,676,210,804,56,101,791,216,743,186,282,923,459,137,308,175,404,576,21,733,779,901,104,645,291,365,732,715,809,558,225,683,938,391,508,11,603,908,414,783,37,913,748,545,601,965,507,957,599,269,336,382,981,329,390,929,89,735,438,510,756,729,403,633,956,591,324,451,739,349,680,897,79,196,630,772,552,272,327,705,788,222,214,841,760,527,534,652,708,489,482,192,691,116,784,749,157,174,182,122,303,747,805,166,384,373,677,57,100,936,47,234,849,531,758,128,212,496,423,499,731,46,330,700,505,341,283,218,4,133,514,794,328,898,312,123,770,10,958,990,863,972,279,475,525,655,565,542,909,154,698,858,142,771,148,663,233,422,59,543,797,723,352,476,228,78,616,463,949,151,32,205,602,829,254,439,65,899,299,985,221,710,572,87,641,86,412,629,268,211,366,682,362,402,674,258,646,61,673,187,963,331,74,722,881,741,812,474,348,588,8,455,943,278,125,549,354,121,836,902,661,307,709,824,869,284,915,64,702,669,246,643,488,704,287,351,518,822,419,934,653,289,407,363,26,573,261,883,626,310,337,379,111,787,834,692,566,164,790,7,876,619,388,49,778,664,535,486,467,853,811,397,191,413,612,257,688,522,237,640,922,30,147,493,38,679,529,891,302,194,989,687,472,906,160,19,452,706,480,862,197,865,935,512,155,843,586,492,917,377,716,55,209,250,781,6,357,69,930,785,66,751,828,421,555,358,831,873,777,959,598,295,24,819,581,176,504,103,483,243,979,260,721,
value : 602.892 running time : 26.474889
0 80 20
98 85.0138 23.1999
627 85.1516 23.2879
345 84.9753 24.7837
590 84.2696 30.7711
33 83.8044 34.7176
520 83.218 39.6931
941 81.858 51.2311
387 81.858 51.2311
932 81.858 51.2311
29 81.858 51.2311
425 81.858 51.2311
670 81.858 51.2311
592 81.8814 51.2727
951 81.9062 51.3167
920 81.9276 51.3548
274 81.9481 51.3912
835 81.972 51.4336
838 82.3615 52.1262
506 82.7377 52.7948
242 83.041 53.334
884 83.336 53.8584
195 83.6145 54.3535
497 84.0512 55.1298
170 83.5844 55.4699
107 83.0733 55.8423
684 82.4549 56.2929
198 81.8647 56.7229
136 81.2404 57.1778
553 80.4594 57.7469
852 79.8941 58.1587
383 79.4341 58.494
977 79.0244 58.7925
110 78.5653 59.127
332 78.1906 59.4
420 74.6949 59.1377
962 72.2503 58.9542
967 70.7201 58.8394
595 67.5387 58.6005
644 64.6947 58.3871
70 64.6894 58.3867
842 64.6842 58.3863
767 64.679 58.3859
623 64.6736 58.3855
519 64.6736 58.3855
926 64.9248 58.9645
68 65.2728 59.7667
190 65.5816 60.4784
515 65.9314 61.2848
900 66.285 62.1001
668 66.5069 62.6115
201 66.7252 63.1148
650 66.9165 63.5558
850 67.1048 63.9899
647 67.3582 64.574
485 67.6243 65.1875
385 68.3403 66.8382
656 68.585 67.4021
579 68.9481 68.2393
334 69.2348 68.9002
395 71.1939 73.4169
71 72.3653 74.1773
51 73.464 74.8905
975 74.7787 75.7439
864 76.4666 76.8397
204 77.8032 77.7073
818 78.6698 78.2698
648 79.6248 78.8897
742 80.4868 79.4493
528 81.3423 80.0046
473 82.2555 80.5974
311 82.7083 80.8913
450 83.0893 81.1386
660 83.1436 81.2234
25 84.3309 83.1393
322 84.9105 84.0744
889 85.4109 84.8816
740 85.8333 85.5631
685 86.3053 86.3246
928 86.7457 87.035
725 86.7457 87.035
372 86.7457 87.035
666 82.8265 87.8366
159 80.0366 88.4072
813 77.4685 88.9325
464 75.2072 89.3949
145 75.2071 89.3949
417 75.2071 89.3949
893 75.2071 89.3949
135 75.2071 89.3949
580 75.2071 89.3949
318 75.2071 89.395
823 75.2071 89.395
983 75.2071 89.395
285 74.0904 89.6159
477 73.1075 89.8105
845 72.4713 89.9364
494 71.871 90.0552
273 71.1888 90.1902
251 70.6298 90.3008
820 70.0675 90.4121
882 59.908 92.4221
105 58.0578 92.7882
434 58.2527 92.6143
911 58.4708 92.4196
856 58.6933 92.221
23 58.9186 92.02
344 59.1807 91.7861
584 59.4931 91.5073
817 59.8252 91.2109
544 60.1483 90.9226
158 60.456 90.6479
353 60.7004 90.4299
620 60.9059 90.2465
42 61.1201 90.0553
52 61.3413 89.858
149 61.5671 89.6564
854 61.8331 89.419
636 61.1433 83.4706
992 61.146 83.4629
931 61.1489 83.4544
984 61.1515 83.4468
575 61.1544 83.4384
177 61.157 83.4307
367 61.1597 83.4228
737 61.1625 83.4145
185 61.1652 83.4068
622 61.5217 82.3657
378 61.9409 81.1413
481 62.3634 79.9072
800 62.7651 78.7341
67 63.1674 77.559
727 63.3033 77.1622
775 63.4314 76.7883
937 63.5658 76.3958
465 63.7069 75.9837
744 63.8735 75.4972
152 64.0404 75.0098
290 63.7565 75.0937
460 63.4645 75.1801
837 63.2097 75.2554
867 62.9375 75.3359
173 62.6336 75.4258
654 62.3342 75.5143
317 62.003 75.6122
847 61.6859 75.706
94 61.3518 75.8048
229 61.0854 75.8835
393 60.836 75.9573
904 60.5508 76.0416
18 60.2413 76.1331
801 59.9334 76.2242
83 59.643 76.31
340 58.8957 76.531
632 57.8885 76.8288
563 57.0313 77.0822
855 56.5011 77.239
12 56.1675 77.7368
509 55.8691 78.1822
986 55.5097 78.7184
940 55.118 79.303
887 54.7675 79.826
880 54.4265 80.3349
814 54.0827 80.8478
774 53.8841 81.1443
369 53.7944 81.2781
826 53.6942 81.4276
861 53.5932 81.5784
947 53.4896 81.7329
343 53.3853 81.8887
980 53.357 81.9309
82 53.3307 81.9701
245 53.3033 82.0109
832 53.2768 82.0505
40 53.2463 82.096
754 53.2181 82.138
769 53.1928 82.1759
816 53.1635 82.2196
755 53.1344 82.263
406 53.1048 82.3072
140 53.0763 82.3498
690 53.0472 82.3931
335 53.02 82.4338
280 52.9905 82.4778
259 52.9598 82.5235
297 52.9313 82.566
389 50.5977 86.0491
896 50.5977 86.0491
62 50.5977 86.0491
193 50.5977 86.0491
618 50.5977 86.0491
206 50.5977 86.0491
165 50.5977 86.0491
313 50.5977 86.0491
415 50.5977 86.0491
118 50.5977 86.0491
202 50.5977 86.0491
567 50.5977 86.0491
511 50.3992 86.0874
516 49.1873 85.9112
952 47.9294 85.7284
614 45.9411 85.4395
156 45.2797 85.3433
305 44.3887 85.2138
320 43.4205 85.0731
662 42.2463 84.9024
319 42.2511 85.1566
226 42.2557 85.3977
449 42.2624 85.7528
536 42.2678 86.0416
851 42.2729 86.3113
802 42.2769 86.5219
265 42.3207 88.8426
532 42.3235 88.9932
613 42.3257 89.1098
437 42.3277 89.2165
172 42.3299 89.3344
239 42.3323 89.4613
874 42.3347 89.5889
541 42.3369 89.7004
408 42.3387 89.7972
961 42.3409 89.9138
559 42.3426 90.0051
746 42.3442 90.0919
392 42.3458 90.177
713 42.3476 90.2724
470 42.3493 90.361
150 42.3511 90.4551
624 42.6911 91.7477
763 40.615 91.9903
96 38.754 92.2079
974 37.1573 92.3944
306 35.6307 92.5727
430 35.3663 92.6036
631 35.3663 92.6036
877 35.3663 92.6036
146 35.3663 92.6036
752 35.3663 92.6036
866 35.3663 92.6036
5 35.3663 92.6036
707 35.0895 92.5829
375 34.8519 92.5651
231 34.5426 92.5419
766 34.268 92.5214
960 33.9495 92.4976
139 33.6552 92.4755
129 33.3516 92.4528
638 33.019 92.4279
181 32.7257 92.406
448 32.3936 92.3811
672 32.0316 92.354
271 31.7043 92.3295
738 31.3796 92.3052
53 31.0261 92.2787
548 30.5893 92.2461
593 30.1022 92.2096
28 29.7454 92.1829
20 29.4004 92.1571
569 29.0659 92.132
120 28.1418 92.0629
776 27.1765 91.9906
73 26.8045 91.9628
786 26.4148 91.9336
761 26.0033 91.9028
768 25.5993 91.8726
696 25.2048 91.843
227 24.7998 91.8127
714 24.4469 91.7863
456 24.0956 91.76
441 23.748 91.734
491 23.4 91.708
15 23.0488 91.6817
521 22.728 91.6577
753 22.3869 91.6321
44 22.0585 91.6075
93 21.7106 91.5815
115 21.4052 91.5586
183 21.1032 91.536
409 20.8062 91.5138
610 20.486 91.4898
58 20.1441 91.4643
611 19.8189 91.4399
253 19.1142 91.3872
301 16.1706 91.1669
435 15.2265 91.0962
236 14.9451 91.0751
1 14.658 91.0536
750 14.3863 91.0333
304 14.1094 91.0126
637 13.8303 90.9917
199 13.5644 90.9718
953 13.3015 90.9521
628 13.0691 90.9347
711 12.8408 90.9176
364 12.604 90.8999
39 12.3698 90.8824
868 12.1544 90.8663
380 11.9616 90.8518
678 11.7638 90.837
969 11.5739 90.8228
405 11.3936 90.8093
973 11.222 90.7965
213 11.0131 90.7809
585 11.0141 90.7783
827 11.0151 90.7757
447 11.0163 90.7728
914 11.0174 90.77
792 11.0185 90.7672
240 11.0196 90.7644
547 11.0206 90.7618
203 11.0217 90.7589
718 11.0228 90.7563
982 11.0238 90.7536
138 11.0249 90.7511
325 11.0259 90.7484
106 11.0268 90.746
153 11.0279 90.7434
736 11.0289 90.7407
316 11.03 90.7381
386 11.031 90.7355
442 11.032 90.7329
108 11.033 90.7305
17 11.034 90.7279
988 11.0349 90.7256
169 11.0672 90.6438
803 11.0975 90.5671
568 11.1294 90.4862
88 11.1638 90.3991
815 11.1928 90.3257
401 11.2223 90.251
436 11.2528 90.1738
200 11.2807 90.103
651 11.3122 90.0233
695 11.4354 89.6334
871 11.5461 89.2835
693 11.8414 88.349
13 12.1617 87.3355
168 12.5864 85.9915
886 12.7924 85.3399
726 12.9762 84.7584
550 13.0439 84.5443
469 13.0988 84.3704
249 13.1543 84.195
399 13.2102 84.0181
50 13.2706 83.8271
184 13.3352 83.6226
825 13.3958 83.431
796 13.4541 83.2467
701 13.5109 83.0668
615 13.5109 83.0668
339 13.5109 83.0668
326 13.5109 83.0668
263 13.5109 83.0668
712 13.5109 83.0668
462 13.5109 83.0668
446 13.5109 83.0668
247 13.5109 83.0668
557 13.5109 83.0668
368 13.5109 83.0668
885 13.5109 83.0668
933 13.5109 83.0668
400 12.9101 82.2679
321 12.4614 81.6712
560 12.0504 81.1248
551 11.6318 80.5682
433 11.2128 80.011
905 10.8338 79.5071
699 10.4589 79.0086
546 9.98719 78.3814
48 9.51724 77.7565
780 8.99062 77.0562
890 8.40119 76.2724
255 7.82963 75.5124
939 7.4426 74.9978
77 7.4426 74.9978
799 7.4426 74.9978
300 7.4426 74.9978
207 7.47872 73.7767
717 7.51362 72.5969
219 7.54284 71.6092
657 7.56862 70.7375
925 7.59862 69.7234
376 7.6956 69.8933
589 7.79071 70.0599
97 7.89943 70.2503
347 7.997 70.4212
607 8.12215 70.6404
948 8.24627 70.8579
3 8.36589 71.0674
75 8.49647 71.2961
178 8.5681 71.4216
346 8.63168 71.533
639 8.69476 71.6435
298 8.75959 71.757
694 8.82346 71.8689
830 8.89239 71.9896
427 8.9552 72.0997
114 9.02012 72.2134
119 9.08678 72.3302
429 9.1538 72.4476
338 9.21593 72.5564
667 9.2788 72.6665
966 9.34165 72.7766
14 9.40985 72.8961
703 9.47816 73.0157
224 9.56092 73.1607
371 9.63754 73.2949
734 9.71963 73.4387
277 9.81297 73.6022
426 9.91378 73.7788
570 10.0021 73.9336
944 10.0847 74.0782
90 10.1656 74.2199
759 10.2458 74.3604
556 10.3189 74.4885
517 10.392 74.6165
381 10.4725 74.7575
686 10.5684 74.9255
457 10.6684 75.1007
445 10.76 75.2611
503 10.8649 75.4448
495 10.9757 75.6391
554 10.9757 75.6391
719 10.9757 75.6391
892 11.1555 75.5526
95 11.3344 75.4665
31 11.5316 75.3716
728 11.7229 75.2795
991 11.9294 75.1801
444 12.1401 75.0788
955 12.4773 74.9165
361 12.8454 74.7394
244 13.1721 74.5822
487 13.5016 74.4236
275 13.8211 74.2699
374 14.0714 74.1494
360 14.3607 74.0102
443 14.6595 73.8664
431 14.9396 73.7317
479 15.2131 73.6
162 15.4762 73.4734
665 15.7402 73.3464
220 16.2458 73.1031
860 16.6788 72.8948
131 17.2492 72.6203
500 17.8584 72.3272
411 18.5194 72.0091
574 19.1432 71.709
34 19.6231 71.478
764 19.6778 71.4517
720 19.8334 71.4262
130 19.9641 71.4049
970 20.0988 71.3829
99 20.2743 71.3542
730 20.4405 71.327
846 20.5831 71.3037
502 20.7193 71.2815
927 20.8787 71.2554
635 21.023 71.2318
879 21.1566 71.21
113 21.7823 71.1077
501 22.4794 70.9938
398 23.0229 70.9049
81 23.6615 70.8005
526 24.4852 70.6659
524 25.3103 70.531
912 29.1034 69.9111
270 29.3542 69.8701
839 29.6002 69.8299
266 29.7144 69.9536
333 29.8276 70.0763
359 29.9321 70.1895
903 30.0375 70.3037
600 30.1529 70.4288
267 30.2626 70.5476
587 30.4395 70.7393
971 30.6215 70.9365
223 30.8367 71.1696
649 31.025 71.3736
571 31.025 71.3736
189 31.025 71.3736
765 31.025 71.3736
80 30.9285 71.5054
604 30.8245 71.6474
689 30.7256 71.7825
132 30.6233 71.9221
954 30.2253 73.1679
658 29.8949 74.2022
888 29.6044 75.1115
924 29.3182 76.0076
833 27.7974 80.7687
697 27.7488 80.921
578 27.6977 81.0808
41 27.6464 81.2415
490 27.594 81.4054
424 27.5433 81.5642
916 27.4951 81.715
608 27.7396 81.8664
950 27.9887 82.0206
946 28.3093 82.2192
60 28.6984 82.4601
124 29.0669 82.6883
252 29.437 82.9175
2 29.8009 83.1428
141 30.1584 83.3641
22 30.5207 83.5885
72 30.7179 83.7106
288 30.7784 83.748
428 30.8512 83.7931
918 30.9254 83.839
859 30.9966 83.8832
808 31.076 83.9323
840 31.1418 83.9731
230 31.2104 84.0156
539 31.2765 84.0565
256 31.2765 84.0565
773 31.2765 84.0565
36 31.2765 84.0565
795 32.1272 83.8504
309 32.9983 83.6393
76 33.035 83.5844
919 33.0726 83.5282
806 33.1096 83.4729
394 33.1446 83.4204
296 33.181 83.3661
92 33.2166 83.3128
976 33.258 83.2507
537 33.293 83.1985
16 33.3274 83.1469
872 33.3622 83.0949
454 33.3972 83.0426
418 33.4299 82.9937
167 33.4669 82.9383
757 33.5043 82.8823
789 33.5441 82.8228
659 36.8956 80.9405
144 38.4857 80.0474
910 39.5892 79.4275
878 40.3465 79.0021
163 42.0901 78.0227
523 43.274 77.3577
410 44.3358 76.7612
484 44.489 76.8054
921 44.6452 76.8504
540 44.7918 76.8926
530 44.9479 76.9376
724 45.0857 76.9774
895 45.2436 77.0229
241 45.3924 77.0658
179 45.5468 77.1103
126 45.6887 77.1512
807 45.8277 77.1913
112 45.9703 77.2324
9 46.104 77.2709
671 46.227 77.3064
416 46.227 77.3064
350 46.3861 77.0276
292 46.5341 76.7683
561 46.7132 76.4545
564 46.9078 76.1136
513 47.1111 75.7575
215 47.2987 75.4288
562 47.5215 75.0385
453 47.7654 74.6112
642 47.9624 74.266
582 48.1937 73.8608
134 48.4159 73.4715
782 48.6337 73.0899
857 48.8579 72.6972
171 49.0778 72.312
294 49.3058 71.9124
248 49.6179 71.3657
762 50.0042 70.689
432 50.2838 70.1991
315 50.5672 69.7026
84 50.8673 69.1767
440 51.1322 68.7128
109 51.3661 68.3029
894 51.6051 67.8841
617 51.8769 67.4081
605 52.1408 66.9457
208 52.4026 66.4871
625 52.6715 66.016
810 52.9174 65.5852
468 53.1382 65.1982
964 53.3624 64.8055
235 53.5764 64.4307
793 53.8122 64.0175
91 54.0146 63.6628
987 54.2975 63.1672
188 55.693 60.7231
538 56.8484 58.6991
238 57.876 56.8992
117 59.3454 54.3256
102 60.5784 52.1658
583 61.7597 50.0966
577 61.7597 50.0966
293 61.7597 50.0965
478 61.7597 50.0965
942 62.1466 49.3354
45 62.574 48.4946
63 62.7821 48.0851
43 63.3822 46.9047
323 63.9295 45.828
745 64.3765 44.9487
675 64.1088 44.893
466 63.8705 44.8435
609 63.5968 44.7866
143 62.2569 44.5079
681 60.6748 44.1788
634 60.6748 44.1788
314 60.6748 44.1788
232 60.6748 44.1788
821 60.6748 44.1788
458 58.8111 44.4749
342 57.0922 44.748
870 57.0922 44.748
355 57.0922 44.748
945 57.0922 44.748
978 57.0922 44.748
27 57.0922 44.748
498 54.7851 46.6422
85 54.4426 46.9234
844 54.1053 47.2003
606 53.768 47.4772
356 52.1534 48.8027
594 52.1122 49.2144
396 52.0659 49.6766
217 52.0234 50.1015
597 51.9758 50.5774
35 51.9303 51.0311
281 51.8909 51.4257
286 51.8526 51.8076
276 51.8177 52.1568
875 51.7788 52.5449
798 51.7367 52.9663
848 51.7004 53.3283
262 51.6571 53.7612
968 51.6123 54.209
907 51.6123 54.209
161 50.1326 54.679
180 48.623 55.1586
370 47.9123 55.3843
461 47.3235 55.5713
621 46.7748 55.7457
264 46.225 55.9203
471 45.6941 56.0889
127 45.1813 56.2518
533 44.6912 56.4075
54 44.2365 56.552
596 43.8195 56.6844
676 43.7107 56.719
210 43.5955 56.7556
804 43.4768 56.7933
56 43.3587 56.8308
101 43.2571 56.8631
791 43.1475 56.8979
216 43.0274 56.9361
743 42.9063 56.9745
186 42.7841 57.0133
282 42.6442 57.0578
923 41.8137 57.3216
459 40.7453 57.661
137 39.7588 57.9744
308 39.0726 58.1924
175 38.5232 58.3669
404 37.9781 58.54
576 37.7087 58.6256
21 37.4113 58.7201
733 37.1468 58.8041
779 37.1468 58.8041
901 37.1468 58.8041
104 37.1468 58.8041
645 37.1468 58.8041
291 37.1468 58.8041
365 37.1468 58.8041
732 37.1468 58.8041
715 37.1468 58.8041
809 37.1468 58.8041
558 37.1468 58.8041
225 37.1468 58.8041
683 35.9262 58.0175
938 31.1845 54.9619
391 30.6959 54.6471
508 30.3493 54.4237
11 30.0026 54.2003
603 29.966 54.1767
908 29.9248 54.1502
414 29.8864 54.1255
783 29.6918 54.2616
37 29.4049 54.4623
913 29.1063 54.6712
748 28.8009 54.8847
545 28.2617 55.2619
601 27.7209 55.6401
965 27.6504 55.6895
507 27.5869 55.7339
957 27.5246 55.7775
599 27.4623 55.8211
269 27.4058 55.8606
336 27.3275 55.9153
382 27.3275 55.9153
981 27.3275 55.9153
329 27.3275 55.9153
390 27.3275 55.9153
929 27.3275 55.9153
89 27.3275 55.9153
735 27.3275 55.9153
438 27.3275 55.9153
510 27.2429 56.1994
756 27.1611 56.4743
729 27.0811 56.7429
403 27.0066 56.9934
633 26.7331 57.9119
956 26.4084 59.0028
591 26.0643 60.1584
324 24.559 59.7679
451 23.0659 59.3805
739 21.591 58.9978
349 20.4319 58.697
680 19.1127 58.3547
897 19.092 58.3398
79 19.071 58.3248
196 19.049 58.309
630 19.0291 58.2947
772 19.009 58.2802
552 18.9896 58.2663
272 18.9676 58.2505
327 18.9472 58.2358
705 18.6211 58.0016
788 18.2999 57.7709
222 15.9637 56.0929
214 15.2215 55.5598
841 15.046 55.4337
760 14.89 55.3217
527 14.7221 55.201
534 14.5804 55.0993
652 14.4368 54.9961
708 14.3087 54.9042
489 14.2003 54.8263
482 14.1017 54.7555
192 13.4979 54.3218
691 12.6275 53.6966
116 11.5379 52.914
784 11.4331 52.8387
749 11.3138 52.753
157 11.2022 52.6729
174 11.1081 52.6052
182 11.0042 52.5306
122 10.8898 52.4484
303 10.7943 52.3799
747 10.698 52.3108
805 10.5949 52.2367
166 10.4881 52.16
384 10.3849 52.0859
373 10.3849 52.0859
677 10.3849 52.0859
57 10.3849 52.0859
100 10.3849 52.0859
936 10.3849 52.0859
47 10.3849 52.0859
234 10.3849 52.0859
849 10.3386 51.7107
531 10.2925 51.3363
758 10.1757 50.3897
128 10.0626 49.4731
212 9.96767 48.7032
496 9.89117 48.083
423 9.81193 47.4406
499 9.74154 46.8699
731 9.69579 46.499
46 9.65046 46.1316
330 9.60789 45.7864
700 9.56816 45.4643
505 9.53345 45.1829
341 9.49535 44.874
283 9.45444 44.5423
218 9.4196 44.2598
4 8.66528 38.148
133 8.66057 38.1099
514 8.6565 38.0768
794 8.65252 38.0446
328 8.67485 38.0618
898 8.69761 38.0792
312 9.58591 38.7607
123 10.4749 39.4427
770 11.3159 40.0879
10 12.1483 40.7265
958 12.9975 41.3779
990 14.0944 42.2195
863 15.2542 43.1092
972 17.0192 44.4634
279 17.5591 44.8776
475 18.048 45.2527
525 18.5192 45.6142
655 18.9202 45.9217
565 19.328 46.2346
542 19.3363 46.241
909 19.3446 46.2474
154 19.3534 46.2541
698 19.3624 46.261
858 19.371 46.2676
142 19.3796 46.2742
771 19.3878 46.2805
148 19.3963 46.287
663 19.4051 46.2938
233 19.4146 46.3011
422 19.4245 46.3087
59 19.4341 46.3161
543 19.3726 45.9642
797 19.3103 45.6081
723 19.2486 45.2555
352 19.1869 44.9032
476 19.1234 44.5402
228 19.0603 44.1794
78 18.9992 43.8304
616 18.9381 43.4813
463 18.8786 43.1415
949 18.8026 42.707
151 18.7263 42.2707
32 17.7841 39.0398
205 16.8677 35.8978
602 15.8998 32.5786
829 15.2994 30.5201
254 14.4226 27.5135
439 14.4089 27.4667
65 14.4089 27.4667
899 14.4089 27.4667
299 14.4089 27.4667
985 14.4089 27.4667
221 14.4089 27.4667
710 13.8924 27.0788
572 13.4078 26.7149
87 12.9471 26.369
641 12.4492 25.9951
86 11.8933 25.5776
412 11.6556 22.2127
629 11.5132 20.195
268 11.5018 20.0331
211 11.4869 19.8225
366 11.4741 19.641
682 11.4623 19.4736
362 11.4508 19.3114
402 11.4395 19.1518
674 11.4272 18.9777
258 11.4164 18.8242
646 11.4036 18.6428
61 11.3921 18.4798
673 11.3814 18.3282
187 11.3696 18.1608
963 11.3588 18.0087
331 11.3474 17.8473
74 11.3354 17.6774
722 11.2828 16.9322
881 11.2591 16.5961
741 11.2374 16.2882
812 11.2129 15.9413
474 12.1523 16.7417
348 12.7546 17.2548
588 13.3682 17.7776
8 14.0265 18.3385
455 15.077 19.2335
943 18.893 22.4847
278 21.3259 24.5575
125 21.3259 24.5575
549 21.3966 24.4022
354 21.4752 24.2292
121 21.5485 24.0682
836 21.6284 23.8927
902 21.7133 23.706
661 21.7912 23.5349
307 21.87 23.3617
709 21.9491 23.1878
824 22.026 23.0189
869 22.1018 22.8523
284 22.5247 21.9228
915 22.9173 21.06
64 23.3617 20.0835
702 23.7711 19.1836
669 24.2003 18.2403
246 24.4446 17.7035
643 24.7036 17.1344
488 24.9797 16.5274
704 29.6862 16.2674
287 32.3161 16.1222
351 33.9766 16.0305
518 35.9449 15.9217
822 37.4317 19.5299
419 38.5996 22.3644
934 38.5996 22.3644
653 38.5996 22.3644
289 38.5996 22.3644
407 38.5996 22.3644
363 38.6251 22.6696
26 38.6628 23.1199
573 38.6994 23.5573
261 38.7423 24.0687
883 38.7815 24.5376
626 38.8232 25.0348
310 38.869 25.5812
337 38.9251 26.2515
379 38.9905 27.0329
111 39.0528 27.7772
787 39.1323 28.7265
834 39.2184 29.7541
692 39.3056 30.7953
566 39.3692 31.5548
164 39.3692 31.5548
790 38.1222 33.8978
7 37.0976 35.8227
876 36.2625 37.3916
619 36.0479 37.7948
388 35.8608 38.1462
49 35.6876 38.4717
778 35.5566 38.7177
664 35.5566 38.7177
535 35.5566 38.7177
486 35.5566 38.7177
467 35.5297 38.7721
853 35.5006 38.8308
811 35.4705 38.8915
397 35.4412 38.9505
191 35.4145 39.0046
413 35.3847 39.0647
612 35.3574 39.1198
257 35.023 41.3006
688 34.5379 44.4659
522 34.2757 46.1755
237 34.0372 47.7308
640 33.8403 49.015
922 33.9618 48.895
30 34.0824 48.7761
147 34.2159 48.6443
493 34.3483 48.5136
38 35.3833 47.4923
679 36.4539 46.4359
529 37.354 45.5477
891 37.7085 45.1978
302 38.2194 44.6937
194 38.9432 43.9794
989 39.6522 43.2798
687 40.3713 42.5701
472 41.3323 41.6218
906 42.3107 40.6563
160 43.0376 39.939
19 43.3699 39.8289
452 43.6562 39.734
706 43.9374 39.6408
480 44.3376 39.5081
862 44.757 39.3691
197 45.2097 39.2191
865 45.6375 39.0773
935 45.9943 38.959
512 46.3564 38.839
155 46.7674 38.7028
843 47.212 38.5554
586 47.7012 38.3933
492 48.2772 38.2024
917 48.9338 37.9847
377 50.0565 37.6126
716 50.8778 37.3403
55 51.7503 37.0512
209 52.4433 36.8215
250 53.1597 36.584
781 53.9873 36.3097
6 54.692 36.0761
357 55.2675 35.8853
69 55.2675 35.8853
930 55.3841 35.7053
785 55.4998 35.5266
66 55.6088 35.3584
751 55.7305 35.1705
828 55.8481 34.9889
421 55.9591 34.8175
555 57.081 33.0855
358 58.0736 31.553
831 59.3163 29.6344
873 60.3982 27.9641
777 62.5006 24.7185
959 63.1738 23.6791
598 63.872 22.6011
295 64.5194 21.6015
24 65.166 20.6033
819 65.8127 19.6048
581 66.6047 18.3821
176 67.4717 17.0435
504 68.2305 15.8719
103 69.1375 14.4717
483 83.6382 14.0401
243 83.3918 14.335
979 83.0427 14.7528
260 82.6598 15.2111
721 82.156 15.8139
