0,260,483,979,345,243,627,98,274,590,745,520,33,835,334,107,951,884,170,506,497,684,198,425,932,967,136,242,977,195,920,670,387,232,592,656,838,68,583,420,850,926,70,190,553,29,117,35,188,793,69,923,597,512,85,468,340,942,208,485,964,647,538,968,216,941,962,152,67,762,810,847,102,907,396,767,478,440,650,986,293,161,432,617,238,91,84,632,987,453,791,515,668,94,605,509,800,290,18,393,654,595,173,818,51,852,837,579,110,481,460,900,297,575,744,867,801,931,317,395,71,477,109,145,465,83,864,904,975,775,740,332,727,383,528,201,385,660,311,450,372,204,725,25,685,889,473,928,854,494,322,893,983,820,580,135,318,648,620,52,817,159,984,285,353,666,742,417,42,937,845,622,813,158,273,536,12,911,313,62,952,202,887,544,149,251,896,980,464,584,823,754,335,516,947,774,118,245,320,816,690,851,369,378,567,177,992,856,532,105,185,713,882,866,165,763,5,874,140,415,259,624,23,434,961,814,156,737,305,618,408,511,344,861,513,782,375,940,367,40,239,746,642,343,416,539,241,437,292,294,193,802,179,406,189,895,120,129,773,150,638,918,309,541,181,919,392,559,752,265,139,738,448,569,449,974,172,389,22,72,230,548,306,766,20,96,231,36,28,146,786,610,707,53,206,613,960,2,877,470,271,428,394,614,807,840,795,296,60,223,872,649,662,753,946,916,249,982,888,99,503,796,321,680,304,500,184,697,288,885,183,757,346,244,479,443,361,726,701,418,635,495,339,92,871,424,712,833,76,859,672,490,253,456,41,58,462,695,399,409,761,651,808,73,491,631,441,714,15,13,227,611,435,521,368,44,108,593,768,50,430,696,469,115,776,17,750,628,325,1,953,905,718,401,386,988,316,203,95,446,719,48,736,199,247,637,364,169,153,803,759,436,263,213,615,969,973,106,827,39,868,75,547,433,792,585,300,546,711,557,236,699,138,554,31,405,200,447,693,442,933,568,301,360,93,380,678,88,444,457,825,815,780,162,914,892,178,830,639,207,944,860,298,219,400,728,955,90,556,570,890,426,240,966,371,694,607,192,948,665,734,970,667,224,97,255,427,347,991,381,77,445,14,517,703,939,531,717,132,3,482,747,657,691,972,879,338,272,119,925,764,760,214,234,527,784,373,772,279,799,277,708,47,122,589,57,849,166,686,374,382,411,971,846,131,735,897,326,739,502,336,81,114,720,901,729,34,599,587,79,733,349,524,376,601,130,565,196,526,266,275,903,924,451,886,21,327,329,730,591,950,789,398,220,927,608,552,429,168,431,658,487,113,630,16,551,560,604,454,600,333,574,550,523,596,270,537,390,957,501,124,878,171,806,954,308,965,578,689,359,715,134,141,530,248,562,561,755,636,659,252,563,167,256,880,229,832,769,112,9,582,144,280,894,826,82,671,319,315,724,126,676,404,540,564,976,798,855,857,484,910,56,286,921,226,282,571,215,765,80,175,104,30,350,779,839,929,922,54,459,522,533,809,163,621,101,576,577,264,225,625,235,743,683,804,410,558,732,519,870,276,566,906,989,210,452,843,848,461,935,127,342,471,492,180,498,267,480,147,472,281,912,269,370,510,291,137,633,645,365,981,507,640,59,422,956,778,603,493,705,756,891,545,688,89,237,788,858,233,770,938,542,543,148,476,496,142,841,324,222,505,749,731,303,949,908,677,663,534,758,698,797,218,652,463,330,863,936,700,352,174,384,990,805,154,228,341,909,489,328,182,212,616,100,499,128,958,157,86,116,312,794,898,46,710,187,133,331,514,4,682,646,455,258,74,588,412,299,362,674,402,741,673,641,366,629,8,211,348,61,722,881,488,812,963,87,572,661,268,254,702,836,205,915,423,943,438,529,283,655,10,985,664,125,123,771,78,32,403,49,679,723,397,783,302,475,619,913,11,38,748,391,876,37,811,151,790,687,388,535,508,356,612,414,65,486,525,413,706,278,549,221,787,354,917,7,829,869,602,669,474,307,899,824,121,284,439,64,902,643,709,246,704,518,407,363,287,351,626,883,310,653,573,337,257,419,934,467,26,160,111,822,261,379,421,865,164,250,289,834,781,6,692,155,194,853,191,862,586,186,945,262,842,623,197,63,66,978,19,875,930,844,716,458,594,609,358,43,217,143,357,644,466,323,209,821,675,606,785,828,634,751,377,45,355,681,314,819,27,55,831,555,873,959,777,504,598,721,295,581,24,176,103,
value : 529.481 running time : 33.086693
0 80 20
260 86.2684 17.5916
483 86.2684 17.5916
979 86.2483 18.1505
345 86.2217 18.8876
243 86.196 19.6
627 86.1087 22.0182
98 85.8954 27.9045
274 85.7135 32.9331
590 85.6219 35.4718
745 85.5251 38.1512
520 85.4561 40.0629
33 85.3786 42.2104
835 85.2266 46.418
334 85.0103 52.3824
107 85.0103 52.3824
951 85.0103 52.3824
884 85.0103 52.3824
170 85.0103 52.3824
506 85.0103 52.3824
497 85.0103 52.3824
684 84.2027 52.403
198 83.3729 52.4241
425 82.5405 52.4452
932 81.7935 52.4642
967 81.0827 52.4823
136 80.3939 52.4998
242 79.6622 52.5184
977 78.8836 52.5382
195 77.9827 52.5611
920 77.0935 52.5837
670 76.1832 52.6069
387 75.3843 52.6272
232 74.537 52.6488
592 73.8393 52.6665
656 73.0744 52.6859
838 72.3338 52.7048
68 69.5184 52.7771
583 69.277 52.7832
420 69.0266 52.7895
850 68.7783 52.7958
926 68.5203 52.8023
70 68.264 52.8088
190 68.0167 52.8151
553 67.7756 52.8212
29 67.5191 52.8277
117 64.4734 52.9059
35 61.5136 52.9819
188 59.4158 53.0356
793 57.6547 53.0806
69 56.1597 53.1188
923 55.4816 53.1361
597 54.874 53.1515
512 54.3857 53.1639
85 55.705 55.0404
468 57.0364 56.9343
340 58.2117 58.6057
942 58.5134 59.0344
208 58.7946 59.4341
485 59.0469 59.7927
964 59.2971 60.1484
647 59.5484 60.5055
538 59.7967 60.8584
968 60.0446 61.2108
216 60.2969 61.5693
941 60.5809 61.973
962 60.771 64.1332
152 60.8391 64.9096
67 60.8391 64.9097
762 60.8391 64.9097
810 60.8391 64.9097
847 60.8391 64.9097
102 60.8391 64.9097
907 60.8246 65.061
396 60.8101 65.2127
767 60.7802 65.526
478 60.7348 66.0017
440 60.6866 66.507
650 60.6386 67.0109
986 60.5869 67.5523
293 60.6886 67.6458
161 60.7913 67.7402
432 60.9036 67.8435
617 61.0139 67.945
238 61.1295 68.0513
91 61.2413 68.1541
84 61.3619 68.2651
632 61.487 68.3802
987 61.6179 68.5005
453 61.7414 68.6142
791 61.887 68.7481
515 62.0702 68.9166
668 62.252 69.0839
94 62.4331 69.2505
605 62.6975 69.4938
509 62.9654 69.7402
800 63.2283 69.9821
290 63.5051 70.2368
18 63.7655 70.4764
393 64.0162 70.7071
654 64.2688 70.9395
595 64.5158 71.1667
173 64.7668 71.3976
818 65.0254 71.6356
51 65.0254 71.6356
852 65.0254 71.6356
837 64.946 71.9725
579 64.8662 72.3114
110 64.7847 72.6575
481 64.6924 73.0497
460 64.6002 73.4414
900 64.5119 73.8161
297 64.4187 74.2124
575 64.3283 74.5965
744 64.2474 74.9397
867 64.1659 75.2857
801 64.0828 75.6387
931 64.0024 75.9804
317 63.9235 76.3155
395 63.8459 76.6447
71 63.7693 76.9699
477 63.6917 77.2995
109 63.6917 77.2995
145 64.7367 77.1844
465 65.8959 77.0561
83 67.0727 76.9259
864 68.2185 76.7991
904 69.2025 76.6901
975 70.1257 76.5879
775 70.9911 76.4921
740 71.845 76.3975
332 72.3126 76.3457
727 72.6931 76.3035
383 73.057 76.2632
528 73.3572 76.23
201 73.6133 76.2016
385 77.1254 78.2027
660 84.3026 82.2918
311 84.6011 82.4619
450 84.881 82.6213
372 86.0094 83.5167
204 85.6191 83.9052
725 85.1471 84.3751
25 84.7285 84.7917
685 84.1314 85.3861
889 83.3289 86.1848
473 82.3962 87.113
928 81.3922 88.1122
854 80.8236 88.1539
494 80.3077 88.1918
322 79.7874 88.2299
893 79.272 88.2677
983 78.7569 88.3054
820 77.5605 88.3934
580 76.3497 88.4823
135 75.729 88.5279
318 74.8044 88.5957
648 73.952 88.6582
620 73.06 88.7238
52 72.4009 88.7721
817 71.7853 88.8172
159 71.2331 88.8577
984 70.6923 88.8973
285 70.2116 88.9326
353 69.7324 88.9677
666 69.244 89.0034
742 68.7433 89.0401
417 68.2231 89.0783
42 67.4733 89.1333
937 66.6765 89.1917
845 65.8596 89.2517
622 65.0239 89.313
813 64.165 89.376
158 63.1981 89.447
273 62.0913 89.5283
536 60.991 89.6092
12 60.991 89.6092
911 60.991 89.6092
313 60.991 89.6092
62 60.991 89.6092
952 60.991 89.6092
202 60.991 89.6092
887 60.991 89.6092
544 60.991 89.6092
149 60.991 89.6092
251 60.7679 89.5984
896 60.3607 89.5787
980 60.0303 89.5627
464 59.735 89.5484
584 59.394 89.5318
823 59.0818 89.5167
754 58.6627 89.4964
335 58.2822 89.4779
516 57.9107 89.4599
947 57.5951 89.4446
774 57.3026 89.4304
118 57.028 89.4171
245 56.7394 89.4031
320 56.4668 89.3899
816 56.2348 89.3787
690 55.9763 89.3661
851 55.7156 89.3535
369 55.471 89.3417
378 55.2278 89.3299
567 54.9302 89.3154
177 54.5988 89.2994
992 54.2262 89.2813
856 53.7506 89.2583
532 53.2159 89.2323
105 52.7727 89.2109
185 52.4258 89.194
713 51.8266 89.165
882 51.3284 89.1408
866 50.7645 89.1135
165 50.3062 89.0913
763 49.8877 89.071
5 49.5096 89.0527
874 49.1845 89.0369
140 49.1845 89.0369
415 49.1845 89.0369
259 49.1845 89.0369
624 49.1845 89.0369
23 49.1845 89.0369
434 49.1845 89.0369
961 49.1845 89.0369
814 49.1845 89.0369
156 49.1845 89.0369
737 49.1845 89.0369
305 49.1845 89.0369
618 49.1845 89.0369
408 49.1845 89.0369
511 49.1845 89.0369
344 49.1845 89.0369
861 47.6945 87.8039
513 46.2165 86.5808
782 46.1197 86.634
375 45.9838 86.7087
940 45.8709 86.7708
367 45.7482 86.8383
40 45.6239 86.9066
239 45.4902 86.9802
746 45.3659 87.0485
642 45.2478 87.1134
343 45.1173 87.1852
416 44.9918 87.2542
539 44.8696 87.3214
241 44.7495 87.3874
437 44.6303 87.453
292 44.5149 87.5164
294 44.4015 87.5788
193 44.2842 87.6433
802 44.1665 87.7081
179 43.9141 87.8468
406 43.6465 87.9939
189 43.3684 88.1468
895 43.1035 88.2925
120 41.7683 89.0258
129 41.7683 89.0258
773 41.7683 89.0258
150 41.7683 89.0258
638 41.7683 89.0258
918 41.7683 89.0258
309 41.7683 89.0258
541 41.7683 89.0258
181 41.273 89.042
919 40.7945 89.0577
392 40.3489 89.0723
559 39.9155 89.0865
752 39.418 89.1028
265 38.9843 89.117
139 38.5693 89.1306
738 38.1913 89.143
448 37.8171 89.1553
569 37.4431 89.1675
449 37.0623 89.18
974 36.6665 89.193
172 36.2681 89.206
389 35.8657 89.2192
22 35.4125 89.234
72 34.954 89.249
230 34.4922 89.2641
548 34.0192 89.2796
306 33.5314 89.2956
766 33.5314 89.2956
20 33.4295 89.2229
96 33.3286 89.151
231 33.2345 89.0839
36 33.14 89.0165
28 33.0534 88.9548
146 32.9676 88.8936
786 32.8764 88.8286
610 32.7874 88.7652
707 32.7076 88.7082
53 32.626 88.6501
206 32.5361 88.586
613 32.4311 88.5111
960 32.3216 88.433
2 32.2048 88.3498
877 32.0992 88.2745
470 31.9847 88.1929
271 31.8677 88.1094
428 31.7443 88.0214
394 31.6319 87.9413
614 31.5094 87.854
807 31.2193 87.6699
840 30.7346 87.3625
795 30.2234 87.0382
296 29.7039 86.7087
60 29.1826 86.3781
223 28.6696 86.0527
872 28.1648 85.7325
649 27.6597 85.4121
662 26.854 84.9012
753 26.0301 84.3795
946 24.2227 83.2109
916 22.5562 82.1332
249 20.881 81.0499
982 19.2719 80.0094
888 19.2719 80.0094
99 19.2719 80.0094
503 19.2719 80.0094
796 19.2719 80.0094
321 19.2719 80.0094
680 19.2719 80.0094
304 19.0434 83.6389
500 19.0434 83.6389
184 19.0434 83.6389
697 19.0434 83.6389
288 19.0434 83.6389
885 19.0434 83.6389
183 19.0434 83.6389
757 19.0434 83.6389
346 19.0434 83.6389
244 19.0735 83.7253
479 19.1015 83.8056
443 19.1315 83.8918
361 19.1618 83.9786
726 19.1958 84.0762
701 19.2311 84.1772
418 19.2878 84.3399
635 19.3382 84.4843
495 19.7965 85.7982
339 20.2601 87.1273
92 20.9507 89.107
871 20.9682 89.1573
424 20.9845 89.204
712 21.0017 89.2532
833 21.0189 89.3027
76 21.036 89.3516
859 21.0532 89.4008
672 21.0702 89.4497
490 21.0859 89.4948
253 21.1027 89.5428
456 21.1189 89.5893
41 21.1341 89.633
58 21.15 89.6785
462 21.1667 89.7265
695 21.183 89.7731
399 21.1996 89.8207
409 21.2217 89.8841
761 21.2401 89.9369
651 21.2582 89.9886
808 21.277 90.0425
73 21.1655 90.073
491 21.0504 90.1044
631 20.9394 90.1347
441 20.8213 90.167
714 20.7049 90.1988
15 20.5866 90.2312
13 20.4718 90.2625
227 20.3624 90.2924
611 20.2546 90.3218
435 16.2074 91.4276
521 16.2074 91.4276
368 16.2074 91.4276
44 16.2074 91.4276
108 16.2074 91.4276
593 16.2074 91.4276
768 16.2074 91.4276
50 16.2074 91.4276
430 16.2074 91.4276
696 15.85 91.3468
469 15.4437 91.2548
115 15.0311 91.1615
776 14.6096 91.0661
17 14.161 90.9646
750 13.7018 90.8607
628 13.2328 90.7545
325 12.8163 90.6603
1 12.4196 90.5705
953 12.0316 90.4827
905 11.6949 90.4066
718 11.3903 90.3376
401 11.0954 90.2709
386 10.8244 90.2097
988 10.5457 90.1466
316 10.5452 90.1428
203 10.5447 90.1393
95 10.5443 90.136
446 10.5439 90.1328
719 10.5435 90.1295
48 10.5431 90.1261
736 10.5427 90.1231
199 10.5423 90.12
247 10.5419 90.1168
637 10.5415 90.1136
364 10.5411 90.1104
169 10.5406 90.1071
153 10.5402 90.104
803 10.5398 90.1008
759 10.5394 90.0975
436 10.539 90.0943
263 10.5386 90.0914
213 10.5383 90.0884
615 10.515 89.905
969 10.4971 89.7645
973 10.4788 89.62
106 10.4602 89.4731
827 10.4409 89.3213
39 10.4192 89.151
868 10.3968 88.9747
75 10.3713 88.7739
547 10.3529 88.6286
433 10.3335 88.4762
792 10.3191 88.3625
585 10.3051 88.2526
300 10.2888 88.1244
546 10.2734 88.0025
711 10.2598 87.896
557 10.2443 87.7737
236 10.2292 87.655
699 10.2129 87.5265
138 10.1974 87.4044
554 10.18 87.2676
31 10.18 87.2676
405 10.18 87.2676
200 10.18 87.2676
447 10.18 87.2676
693 10.18 87.2676
442 10.18 87.2676
933 10.18 87.2676
568 10.18 87.2676
301 10.18 87.2676
360 10.18 87.2676
93 10.18 87.2676
380 10.18 87.2676
678 10.1944 86.5222
88 10.2129 85.5701
444 10.2287 84.7538
457 10.2446 83.9307
825 10.2577 83.2533
815 10.2688 82.6789
780 10.2809 82.0506
162 10.2927 81.4385
914 10.2993 81.0971
892 10.3101 80.5352
178 10.3215 79.9474
830 10.333 79.349
639 10.3447 78.744
207 10.355 78.2125
944 10.3608 77.9129
860 10.3672 77.5811
298 10.3735 77.2527
219 10.3797 76.93
400 10.3847 76.6741
728 10.3894 76.4254
955 10.3943 76.1716
90 10.3995 75.9028
556 10.4057 75.5811
570 10.4117 75.2684
890 10.4185 74.9173
426 10.4256 74.5504
240 10.4358 74.0233
966 10.449 73.3388
371 10.4573 72.9113
694 10.4641 72.5609
607 10.4709 72.2077
192 10.4778 71.8518
948 10.4837 71.542
665 10.4899 71.2243
734 10.496 70.9051
970 10.5018 70.6083
667 10.5072 70.328
224 10.5127 70.0416
97 10.5191 69.708
255 10.5255 69.3752
427 10.5317 69.0578
347 10.538 68.7287
991 10.5425 68.4945
381 10.5481 68.2082
77 10.5536 67.9205
445 10.5589 67.6467
14 10.5645 67.3543
517 10.5703 67.0564
703 10.5762 66.749
939 10.5819 66.4582
531 10.5873 66.1737
717 10.5922 65.9219
132 10.5971 65.6653
3 10.6024 65.3919
482 10.6076 65.1233
747 10.613 64.8445
657 10.6179 64.5877
691 10.6245 64.2515
972 10.6299 63.9688
879 10.6345 63.7302
338 10.6395 63.4721
272 10.6449 63.1947
119 10.6504 62.9061
925 10.6568 62.5788
764 10.6624 62.2866
760 10.668 61.9968
214 10.6737 61.7044
234 10.6785 61.4528
527 10.6837 61.1846
784 10.6882 60.9548
373 10.6931 60.6987
772 10.6931 60.6987
279 10.6931 60.6987
799 10.6931 60.6987
277 10.6931 60.6987
708 10.6931 60.6987
47 10.6931 60.6987
122 10.6931 60.6987
589 10.72 60.728
57 10.7432 60.7533
849 10.7669 60.779
166 11.2204 61.2726
686 12.9707 63.1777
374 16.4166 66.9276
382 16.4166 66.9276
411 16.4166 66.9276
971 16.4166 66.9276
846 16.4166 66.9276
131 16.4166 66.9276
735 16.4166 66.9276
897 16.4166 66.9276
326 16.4167 66.9276
739 16.4167 66.9276
502 16.4167 66.9276
336 16.4167 66.9276
81 16.5524 66.9953
114 16.6894 67.0636
720 16.8321 67.1348
901 16.9661 67.2016
729 17.0902 67.2635
34 17.211 67.3238
599 17.3323 67.3842
587 17.4491 67.4425
79 17.5636 67.4996
733 17.6769 67.5561
349 17.7887 67.6118
524 17.8984 67.6665
376 18.0077 67.721
601 18.1238 67.7789
130 18.2368 67.8353
565 18.35 67.8917
196 18.7427 68.0877
526 19.1409 68.2865
266 19.5534 68.4925
275 19.9643 68.6975
903 20.372 68.901
924 20.7793 69.1043
451 21.1849 69.3067
886 21.5847 69.5063
21 21.9489 69.6881
327 21.9489 69.6881
329 21.9489 69.6881
730 21.9489 69.6881
591 21.9489 69.6881
950 21.9489 69.6881
789 21.9489 69.6881
398 21.9489 69.6881
220 21.9489 69.6881
927 21.9489 69.6881
608 21.9489 69.6881
552 21.9489 69.6881
429 21.9489 69.6881
168 21.9489 69.6881
431 21.9489 69.6881
658 21.9489 69.6881
487 21.9489 69.6881
113 21.9489 69.6881
630 21.9489 69.6881
16 21.9489 69.6881
551 21.9489 69.6881
560 21.9489 69.6881
604 23.1414 70.1247
454 24.4625 70.6085
600 25.8929 71.1323
333 27.1582 71.5957
574 28.4227 72.0587
550 29.6943 72.5244
523 30.8186 72.9361
596 30.8186 72.9361
270 30.8186 72.9361
537 30.8186 72.9361
390 30.8186 72.9361
957 30.8186 72.9361
501 31.0836 73.0568
124 31.3656 73.1854
878 31.6395 73.3102
171 31.9134 73.435
806 32.1532 73.5442
954 32.3873 73.6509
308 32.6277 73.7604
965 32.8636 73.8679
578 33.1391 73.9935
689 33.8557 74.32
359 34.5714 74.6461
715 35.4956 75.0673
134 36.3991 75.479
141 37.1313 75.8127
530 38.0099 76.2131
248 38.145 76.2746
562 38.2731 76.333
561 38.3965 76.3893
755 38.522 76.4464
636 38.6441 76.5021
659 38.6441 76.5021
252 38.6441 76.5021
563 38.6441 76.5021
167 38.6441 76.5021
256 40.0004 75.9042
880 47.4219 72.633
229 47.9723 72.3903
832 47.9744 72.3562
769 47.9764 72.3226
112 47.9784 72.2907
9 47.9802 72.261
582 47.982 72.2309
144 47.9838 72.2013
280 47.9855 72.1729
894 47.9874 72.1408
826 47.9891 72.113
82 47.9909 72.0839
671 47.9927 72.053
319 47.9945 72.024
315 48.0096 71.7745
724 48.0251 71.5178
126 48.0404 71.2648
676 48.0585 70.9646
404 48.0747 70.6972
540 48.0905 70.4349
564 48.107 70.1629
976 48.1287 69.804
798 48.1519 69.4196
855 48.1727 69.0763
857 48.1933 68.7357
484 48.2152 68.3728
910 48.2375 68.005
56 48.26 67.6321
286 48.2819 67.2701
921 46.5091 67.9386
226 44.4711 68.7072
282 44.0465 68.8672
571 42.0113 69.6348
215 42.0113 69.6348
765 42.1819 68.9127
80 42.3723 68.107
175 42.5493 67.3578
104 42.727 66.6059
30 42.9017 65.8664
350 43.0886 65.0756
779 43.2601 64.3495
839 43.4286 63.636
929 43.5818 62.9879
922 43.7191 62.4073
54 43.8572 61.8231
459 43.9917 61.254
522 44.1192 60.7147
533 44.1196 60.7131
809 44.12 60.7115
163 44.1204 60.7098
621 44.1208 60.7079
101 44.1213 60.7061
576 44.1217 60.7044
577 44.1221 60.7027
264 44.1225 60.7011
225 44.1228 60.6995
625 44.1233 60.6977
235 43.9908 60.106
743 43.845 59.4548
683 43.6839 58.7354
804 43.5147 57.9798
410 43.335 57.1772
558 43.135 56.2836
732 42.9076 55.268
519 42.6655 54.1867
870 41.2129 47.6935
276 41.2128 47.6932
566 41.2128 47.6929
906 41.2127 47.6926
989 41.2126 47.6924
210 41.2126 47.6921
452 41.2125 47.6918
843 41.2125 47.6915
848 41.2124 47.6913
461 41.2123 47.691
935 41.2123 47.6907
127 40.8185 48.0332
342 40.4094 48.3891
471 40.0123 48.7344
492 39.6136 49.0812
180 39.1751 49.4625
498 38.7247 49.8542
267 38.0602 50.4308
480 37.8135 50.6454
147 37.5067 50.9124
472 37.1813 51.1954
281 36.8153 51.5137
912 36.4586 51.8239
269 36.1 52.1358
370 35.7317 52.4561
510 35.3877 52.7553
291 35.0452 53.0532
137 34.9691 53.1193
633 34.8967 53.1824
645 34.8212 53.248
365 34.7505 53.3096
981 30.2616 51.6328
507 30.0376 51.5491
640 29.8254 51.4698
59 29.5987 51.3851
422 29.3723 51.3005
956 29.1849 51.2305
778 29.0232 51.1701
603 28.8481 51.1046
493 28.6697 51.038
705 28.4641 50.9612
756 28.277 50.8912
891 28.0879 50.8206
545 27.8779 50.7421
688 27.6765 50.6668
89 27.4775 50.5925
237 27.2638 50.5127
788 26.975 50.4047
858 24.3507 49.4243
233 22.5598 48.7551
770 19.9292 47.7723
938 19.6247 47.6585
542 19.2881 47.5327
543 18.9998 47.425
148 18.6497 47.2942
476 18.319 47.1706
496 18.0003 47.0515
142 17.6842 46.9334
841 17.3347 46.8028
324 17.0392 46.6924
222 16.5759 46.5193
505 16.1694 46.3674
749 15.7781 46.2212
731 15.45 46.0986
303 15.1592 45.9899
949 14.9058 45.8952
908 14.6369 45.7947
677 14.3183 45.6757
663 13.9517 45.5387
534 13.5667 45.3949
758 13.1943 45.2557
698 12.7814 45.1014
797 12.2944 44.9194
218 11.7047 44.6991
652 11.5608 44.5628
463 11.4217 44.431
330 11.2766 44.2935
863 11.1596 44.1826
936 11.0482 44.077
700 10.9268 43.962
352 10.8119 43.8532
174 10.6905 43.7382
384 10.5483 43.6034
990 10.4212 43.483
805 10.2994 43.3676
154 10.1635 43.2389
228 10.0267 43.1092
341 9.89013 42.9798
909 9.74943 42.8465
489 9.60279 42.7076
328 9.44421 42.5573
182 9.32398 42.4434
212 9.16979 42.2973
616 9.02601 42.1611
100 8.87709 42.02
499 8.69622 41.8486
128 8.54357 41.704
958 8.39035 41.5588
157 8.23725 41.4138
86 8.07332 41.2584
116 8.07332 41.2584
312 8.35345 38.7353
794 8.85554 34.2132
898 9.01819 32.7481
46 9.14072 31.6444
710 9.52156 28.2141
187 9.86314 25.1374
133 9.90242 24.7835
331 9.94555 24.3951
514 9.98588 24.0319
4 10.0381 23.5617
682 10.0972 23.0296
646 10.1455 22.5941
455 10.1836 22.2515
258 10.2229 21.8969
74 10.2646 21.5213
588 10.3129 21.0862
412 10.3564 20.6946
299 10.3976 20.3237
362 10.4452 19.8949
674 10.4905 19.487
402 10.5317 19.1159
741 10.5755 18.721
673 10.6195 18.3248
641 10.6685 17.8834
366 10.7402 17.2375
629 10.8072 16.6347
8 10.8608 16.1516
211 10.8616 16.1449
348 10.8623 16.1384
61 10.863 16.1318
722 10.8638 16.1244
881 10.8647 16.117
488 10.8654 16.1098
812 10.8654 16.1098
963 12.5729 20.0168
87 14.3019 23.9727
572 14.5916 24.6363
661 14.8789 25.2943
268 15.1673 25.9546
254 15.4583 26.621
702 15.859 27.5386
836 16.5456 29.1105
205 17.2328 30.6841
915 17.8165 32.0206
423 18.4807 33.5415
943 19.0016 34.7342
438 19.5312 35.9469
529 19.8749 36.7341
283 19.8749 36.7341
655 19.8749 36.7341
10 19.8749 36.7341
985 19.8749 36.7341
664 19.8749 36.7341
125 19.8749 36.7341
123 19.8749 36.7341
771 21.5388 37.2964
78 23.245 37.8731
32 24.9818 38.4601
403 26.6959 39.0395
49 28.3789 39.6084
679 28.3789 39.6084
723 28.3789 39.6084
397 28.3789 39.6084
783 28.3789 39.6084
302 28.3789 39.6084
475 28.3789 39.6084
619 28.3789 39.6084
913 28.3789 39.6084
11 28.3789 39.6084
38 28.3789 39.6084
748 28.3789 39.6084
391 28.3789 39.6084
876 28.6445 39.4279
37 28.8985 39.2552
811 29.1709 39.07
151 29.4383 38.8883
790 29.7077 38.7051
687 29.8981 38.5757
388 30.0873 38.4471
535 30.281 38.3154
508 30.4961 38.1692
356 30.7232 38.0148
612 30.6993 37.7539
414 30.6775 37.5161
65 30.6542 37.2626
486 30.6343 37.0454
525 30.6157 36.8423
413 30.5948 36.6146
706 30.5648 36.2871
278 30.5323 35.9322
549 30.5009 35.5898
221 30.4703 35.2556
787 30.4419 34.9457
354 30.4144 34.6463
917 30.3898 34.3771
7 30.1923 32.2196
829 29.9628 29.7116
869 29.7177 27.0314
602 29.4609 24.2207
669 29.2142 21.5186
474 29.2101 21.5683
307 29.2062 21.6157
899 29.2025 21.6614
824 29.1987 21.7069
121 29.1949 21.7537
284 29.6401 21.5461
439 30.0999 21.3317
64 30.6026 21.0973
902 31.0997 20.8655
643 31.8864 20.4987
709 32.9505 20.0026
246 34.3075 19.3699
704 36.5902 18.3055
518 38.8521 17.2508
407 38.9987 17.4933
363 39.1583 17.7571
287 39.3291 18.0394
351 39.5112 18.3405
626 39.8552 18.9092
883 40.2321 19.5323
310 40.617 20.1684
653 41.0363 20.8616
573 41.4522 21.5492
337 42.069 22.5689
257 42.835 23.8352
419 43.0325 24.1617
934 43.2191 24.4702
467 43.4064 24.7798
26 43.5842 25.0737
160 43.7849 25.4055
111 43.9765 25.7222
822 44.2303 26.1418
261 44.5594 26.6858
379 44.9288 27.2966
421 45.3861 28.0526
865 45.7605 28.6714
164 46.0979 29.2292
250 46.4438 29.8011
289 46.7749 30.3483
834 47.1408 30.9533
781 47.8303 32.0932
6 47.9494 32.29
692 48.4293 34.593
155 48.7384 36.0766
194 48.9049 36.8762
853 48.9049 36.8762
191 48.9049 36.8762
862 49.2052 37.1654
586 49.533 37.4811
186 54.566 42.3276
945 54.9371 42.1558
262 55.6869 41.8086
842 56.7721 41.3061
623 56.9968 41.202
197 57.2366 41.091
63 57.5073 40.9656
66 57.7973 40.8314
978 58.1061 40.6884
19 58.4083 40.5485
875 58.7439 40.393
930 59.1126 40.2223
844 59.4799 40.0522
716 59.9678 39.8264
458 60.8826 39.4027
594 61.9816 38.8938
609 63.407 38.2337
358 63.3129 38.0572
43 63.2237 37.89
217 63.1352 37.7239
143 63.0487 37.5617
357 62.9356 37.3495
644 62.8181 37.1291
466 62.6901 36.889
323 61.9548 35.5093
209 60.4897 32.7593
821 60.4897 32.7593
675 60.4897 32.7593
606 60.4897 32.7593
785 60.5855 32.5299
828 60.6831 32.2964
634 60.7792 32.0662
751 60.8825 31.819
377 60.9869 31.5691
45 61.0991 31.3003
355 61.2123 31.0293
681 61.3357 30.734
314 61.4735 30.4041
819 61.6595 29.9587
27 61.8115 29.5949
55 61.9824 29.1857
831 62.1622 28.7551
555 62.3339 28.3441
873 62.533 27.8675
959 63.7524 24.9481
777 64.9364 22.1136
504 65.517 20.7235
598 66.0607 19.4218
721 66.6663 17.9721
295 66.8636 17.4997
581 67.0892 16.9596
24 67.3276 16.3888
176 67.609 15.7152
103 67.87 15.0904
