0,98,33,590,745,520,835,592,274,117,357,466,609,767,932,70,334,941,850,942,29,102,425,143,656,553,420,190,583,506,198,977,920,684,967,951,201,170,136,387,838,383,195,497,242,107,884,25,311,660,450,332,528,204,372,648,322,740,685,889,983,928,473,725,845,42,580,135,318,820,818,159,52,893,465,931,962,904,837,975,290,110,385,900,68,173,852,775,605,727,67,393,668,18,468,440,83,579,293,847,595,478,152,744,647,800,582,742,937,71,297,864,813,417,51,353,622,666,395,801,273,285,251,464,854,494,158,177,149,477,823,544,481,511,202,620,911,856,952,817,344,317,415,62,185,145,984,584,737,763,369,567,816,980,23,690,659,408,874,755,367,259,118,624,105,516,866,754,569,961,313,541,5,434,896,882,532,559,165,230,713,877,156,53,392,309,206,389,449,448,947,319,239,974,766,918,189,181,618,320,536,851,375,746,539,231,561,562,296,649,840,73,2,271,394,638,919,167,227,470,808,752,786,92,672,491,768,521,115,761,593,833,288,265,696,611,22,72,76,456,651,36,141,150,20,17,776,430,28,490,610,753,306,695,859,428,885,253,120,548,96,146,409,960,738,129,613,707,139,795,714,386,44,183,750,871,15,462,441,631,711,304,697,50,13,368,113,31,712,431,244,815,495,95,169,316,982,446,719,48,736,199,247,637,364,487,868,405,200,447,693,442,933,568,108,792,435,554,93,380,973,969,718,1,827,106,803,153,557,905,300,585,953,988,914,678,699,138,236,615,263,301,436,213,39,75,547,728,890,830,90,570,401,426,944,400,500,339,503,607,399,240,628,892,444,178,546,551,916,321,203,346,686,457,325,657,639,948,224,429,114,3,298,717,277,376,207,955,371,381,799,347,991,966,667,77,445,556,81,97,234,760,192,970,734,517,219,502,825,784,14,255,925,747,524,677,565,691,939,427,879,694,374,361,196,665,443,433,759,338,130,860,726,680,526,272,418,424,658,58,249,275,773,168,469,888,266,600,730,789,327,454,886,950,326,946,99,550,41,578,223,124,635,608,701,88,560,796,479,780,184,360,806,16,60,662,333,119,390,162,574,537,591,757,971,329,764,788,601,739,571,965,411,846,630,398,552,132,34,220,927,482,839,720,897,21,324,89,735,493,729,137,308,382,267,957,233,599,349,956,510,705,545,507,640,912,922,891,633,765,756,587,804,903,501,540,872,252,596,80,359,614,226,604,30,56,270,724,976,294,689,215,878,954,82,894,564,91,256,292,172,636,826,513,484,807,229,144,416,241,245,774,814,140,530,406,40,895,782,179,437,248,305,642,887,12,343,208,280,563,857,769,921,193,940,94,575,632,335,802,861,880,671,992,762,126,832,238,460,378,617,485,654,867,650,509,907,964,791,340,625,432,396,779,84,986,987,161,798,743,855,282,216,968,9,810,515,315,676,109,112,264,523,410,225,134,715,350,291,453,54,175,404,459,910,235,732,576,558,171,163,104,645,49,147,683,621,498,365,237,929,533,522,180,471,370,778,69,945,461,281,210,35,594,342,512,848,101,66,155,519,197,63,276,186,577,843,923,188,286,597,472,492,930,793,842,644,262,670,926,538,314,634,978,43,355,323,45,606,232,85,194,623,781,675,844,358,821,716,870,555,257,55,790,377,217,458,27,19,875,452,751,906,828,989,687,692,480,783,7,586,151,356,917,709,205,379,862,191,549,278,915,414,38,397,706,508,787,388,413,664,811,603,809,619,127,652,496,78,302,475,37,876,79,438,797,336,451,688,269,142,924,733,981,59,901,531,703,589,131,849,218,527,772,122,463,805,542,279,174,972,949,770,123,423,166,128,222,936,341,909,698,422,148,403,908,283,938,214,489,499,312,157,100,182,731,841,863,534,47,749,708,116,352,330,87,154,373,505,616,476,700,384,958,10,303,858,228,663,57,46,328,990,655,771,212,748,723,679,125,65,525,32,486,535,985,758,391,543,221,354,913,902,836,11,641,307,829,643,474,121,439,284,254,702,869,602,824,402,963,943,86,588,899,646,682,74,741,412,673,187,794,455,710,348,366,299,572,362,133,258,514,4,331,268,661,61,898,629,674,881,722,211,8,488,812,518,704,407,573,64,287,246,363,653,669,351,160,883,612,529,853,626,337,310,26,467,250,785,865,419,261,873,834,822,935,209,289,934,111,566,421,6,164,581,681,504,598,777,959,831,819,103,721,295,176,24,260,243,483,345,979,627,
value : 548.878 running time : 30.101113
0 80 20
98 82.2152 29.6466
33 81.4215 31.6159
590 80.6344 33.5689
745 79.744 35.7782
520 79.0495 37.5014
835 78.1691 39.686
592 77.1892 42.1174
274 76.2952 44.3355
117 75.1593 47.1542
357 75.1593 47.1542
466 75.3531 47.5873
609 75.5531 48.0342
767 75.7589 48.4942
932 75.8536 48.7057
70 75.9403 48.8994
334 76.0481 49.1405
941 76.1324 49.3289
850 76.2125 49.5077
942 76.2916 49.6846
29 76.3629 49.844
102 76.447 50.0319
425 76.5256 50.2074
143 76.6029 50.3803
656 76.6914 50.5781
553 76.7706 50.755
420 76.8564 50.9467
190 76.8564 50.9467
583 77.5717 51.9645
506 78.3158 53.0233
198 78.6128 53.4459
977 78.9073 53.8649
920 79.1606 54.2253
684 79.4459 54.6312
967 79.6829 54.9685
951 79.9441 55.34
201 80.2093 55.7174
170 80.4437 56.0509
136 80.6527 56.3483
387 80.8664 56.6524
838 81.0874 56.9668
383 81.3185 57.2956
195 81.512 57.571
497 84.5285 61.863
242 84.5901 62.4832
107 84.6564 63.1497
884 84.7487 64.079
25 86.1214 77.8834
311 86.1486 78.1574
660 86.1753 78.4255
450 86.2019 78.6934
332 86.2291 78.9671
528 86.2614 79.2922
204 86.2954 79.6343
372 86.3321 80.0031
648 85.2956 81.5942
322 84.4101 82.9535
740 83.8084 83.8771
685 83.1698 84.8574
889 82.1895 86.3623
983 80.9967 88.1933
928 80.8914 88.3549
473 79.7731 88.3051
725 78.2774 88.2385
845 76.5832 88.1631
42 75.4313 88.1117
580 75.4313 88.1117
135 75.4313 88.1117
318 75.3538 87.9737
820 75.2752 87.8336
818 75.1818 87.6673
159 75.1011 87.5235
52 75.0243 87.3868
893 74.5859 86.6058
465 73.0626 83.892
931 71.6715 81.4137
962 70.803 79.8664
904 70.2762 78.9281
837 69.8574 78.182
975 69.455 77.4653
290 69.112 76.8542
110 68.7872 76.2757
385 68.6144 75.9677
900 67.9562 74.991
68 67.3302 74.0618
173 66.9791 73.5407
852 66.6488 73.0505
775 66.4314 72.7279
605 66.1312 72.2823
727 65.872 71.8977
67 65.6044 71.5004
393 65.3475 71.1191
668 65.0996 70.7512
18 64.8726 70.4142
468 64.5795 69.9792
440 64.4659 69.8106
83 64.3611 69.6552
579 64.2295 69.4598
293 64.0698 69.2229
847 64.1485 69.7836
595 64.2163 70.2666
478 64.2909 70.798
152 64.392 71.5187
744 64.5013 72.2975
647 64.5939 72.9573
800 64.7913 74.3644
582 64.9757 75.6783
742 65.8365 81.8116
937 65.8808 82.1275
71 65.9261 82.4505
297 65.9741 82.792
864 66.0227 83.1385
813 66.0689 83.4675
417 66.1104 83.7633
51 66.1542 84.0758
353 66.2058 84.4432
622 66.2456 84.7274
666 66.2858 85.0138
395 66.3201 85.2577
801 66.36 85.5426
273 66.4036 85.8532
285 66.4434 86.1366
251 66.4803 86.3996
464 66.5117 86.6235
854 66.5424 86.8424
494 66.5717 87.0513
158 66.049 87.1756
177 65.5052 87.305
149 65.0014 87.4249
477 64.1628 87.6244
823 63.354 87.8168
544 62.4918 88.0219
481 61.4516 88.2694
511 58.4877 88.9747
202 58.4877 88.9747
620 58.4877 88.9747
911 58.2482 89.0022
856 58.0204 89.0284
952 57.799 89.0538
817 57.5929 89.0775
344 57.3463 89.1058
317 57.1434 89.1291
415 56.9184 89.1549
62 56.6973 89.1803
185 56.4974 89.2033
145 56.2934 89.2267
984 55.7862 89.285
584 55.2514 89.3464
737 54.7194 89.4075
763 54.1645 89.4712
369 53.7953 89.5136
567 53.403 89.5587
816 52.9603 89.6095
980 52.4847 89.6642
23 52.0105 89.7186
690 51.5486 89.7717
659 51.0487 89.8291
408 50.588 89.882
874 50.1243 89.9353
755 49.89 89.9622
367 49.686 89.9856
259 49.4773 90.0096
118 49.2549 90.0351
624 49.0149 90.0627
105 48.7738 90.0904
516 48.5481 90.1163
866 48.3138 90.1432
754 48.1004 90.1677
569 47.8595 90.1954
961 47.6548 90.2189
313 47.4491 90.2425
541 47.229 90.2678
5 47.0108 90.2929
434 46.8117 90.3158
896 46.5968 90.3404
882 46.3571 90.368
532 46.0921 90.3984
559 45.8229 90.4293
165 45.5639 90.4591
230 45.3009 90.4893
713 45.0649 90.5164
877 44.8143 90.5452
156 44.5781 90.5723
53 44.3261 90.6012
392 44.0806 90.6294
309 43.8555 90.6553
206 43.6325 90.6809
389 43.4041 90.7072
449 43.173 90.7337
448 42.9447 90.7599
947 42.7426 90.7831
319 42.5197 90.8087
239 42.2767 90.8367
974 42.0276 90.8653
766 41.8062 90.8907
918 41.5834 90.9163
189 41.3944 90.938
181 41.3944 90.938
618 41.3943 90.938
320 41.3831 90.9395
536 41.3717 90.941
851 41.3603 90.9425
375 41.2345 90.9593
746 41.116 90.975
539 40.9861 90.9923
231 40.8536 91.01
561 40.7342 91.0259
562 40.6087 91.0426
296 35.9048 91.6695
649 35.494 91.7242
840 34.9899 91.7913
73 34.2531 91.8894
2 33.5413 91.9842
271 32.8391 92.0777
394 32.1075 92.1752
638 31.3054 92.282
919 30.4908 92.3905
167 29.6152 92.5071
227 28.7655 92.6203
470 28.7591 92.6212
808 28.7518 92.6221
752 28.7444 92.6231
786 28.7366 92.6242
92 28.729 92.6252
672 28.7213 92.6262
491 28.7129 92.6273
768 28.705 92.6284
521 28.6973 92.6294
115 28.6897 92.6304
761 28.6824 92.6314
593 28.6745 92.6324
833 28.6672 92.6334
288 28.66 92.6344
265 28.6534 92.6353
696 28.6448 92.6364
611 28.637 92.6374
22 28.6298 92.6384
72 28.6221 92.6394
76 28.6139 92.6405
456 28.6057 92.6416
651 28.5983 92.6426
36 28.591 92.6436
141 28.5841 92.6445
150 28.5761 92.6456
20 28.5679 92.6466
17 28.5594 92.6478
776 28.5516 92.6488
430 28.5578 92.6425
28 28.564 92.6362
490 28.5702 92.6298
610 28.576 92.6239
753 28.5817 92.6181
306 28.5877 92.612
695 28.5939 92.6057
859 28.6002 92.5992
428 28.6065 92.5928
885 28.6126 92.5866
253 28.6189 92.5801
120 28.625 92.5739
548 28.6313 92.5675
96 28.6371 92.5616
146 28.6431 92.5555
409 28.6486 92.5499
960 28.6549 92.5435
738 28.6616 92.5366
129 28.6682 92.5299
613 28.3706 92.4648
707 28.0507 92.3949
139 27.7282 92.3244
795 26.098 91.9682
714 24.341 91.5842
386 22.5774 91.1988
44 21.3195 90.9239
183 19.9969 90.6349
750 18.7132 90.3543
871 18.7132 90.3543
15 18.7132 90.3543
462 18.7132 90.3543
441 18.7132 90.3543
631 18.7132 90.3543
711 17.8415 89.1734
304 17.2628 88.3894
697 16.7241 87.6596
50 16.3078 87.0956
13 15.8684 86.5003
368 15.2663 85.6846
113 14.4804 84.6199
31 14.275 84.7442
712 14.0838 84.8599
431 13.8997 84.9713
244 13.6912 85.0974
815 13.4676 85.2328
495 13.267 85.3541
95 13.0582 85.4805
169 12.8487 85.6072
316 12.662 85.7202
982 12.4735 85.8343
446 12.2845 85.9486
719 12.0976 86.0617
48 11.9264 86.1654
736 11.7309 86.2836
199 11.548 86.3943
247 11.3733 86.5
637 11.1937 86.6086
364 11.0207 86.7133
487 10.8596 86.8108
868 10.5828 86.9783
405 10.3919 87.0938
200 10.2115 87.203
447 10.0379 87.308
693 9.86666 87.4116
442 9.69967 87.5127
933 9.52723 87.617
568 9.33475 87.7335
108 9.15403 87.8428
792 8.97269 87.9526
435 8.78904 88.0637
554 8.76965 88.0754
93 8.74839 88.0883
380 8.72346 88.1034
973 8.7015 88.1167
969 8.67872 88.1304
718 8.65696 88.1436
1 8.63365 88.1577
827 8.60945 88.1724
106 8.58765 88.1856
803 8.56639 88.1984
153 8.54476 88.2115
557 8.523 88.2247
905 8.5017 88.2376
300 8.47832 88.2517
585 8.45492 88.2659
953 8.43353 88.2788
988 8.41136 88.2922
914 8.41758 88.2556
678 8.42346 88.2209
699 8.4297 88.1842
138 8.43529 88.1513
236 8.44109 88.1171
615 8.44728 88.0806
263 8.45293 88.0473
301 8.45887 88.0123
436 8.46498 87.9763
213 8.47013 87.946
39 8.57277 87.3413
75 8.68717 86.6673
547 8.79435 86.0359
728 8.90361 85.3921
890 8.99822 84.8348
830 9.08677 84.3132
90 9.17107 83.8166
570 9.25418 83.3271
401 9.3358 82.8463
426 9.42161 82.3409
944 9.50859 81.8285
400 9.59587 81.3143
500 9.6732 80.8588
339 9.74179 80.4548
503 9.8075 80.0678
607 9.86872 79.7072
399 9.91227 79.4508
240 9.95717 79.1864
628 10.0021 78.9216
892 10.0499 78.6403
444 10.0976 78.3593
178 10.1472 78.0672
546 10.198 77.7682
551 10.2506 77.4585
916 10.3006 77.1641
321 10.357 76.8316
203 10.4134 76.4998
346 10.4735 76.1455
686 10.5325 75.7982
457 10.5894 75.4632
325 10.6465 75.1268
657 10.7074 74.7684
639 10.7674 74.4149
948 10.8285 74.055
224 10.8875 73.7071
429 10.9503 73.3378
114 11.012 72.9744
3 11.0682 72.6433
298 11.1209 72.3327
717 11.1772 72.0015
277 11.2318 71.6796
376 11.2871 71.3539
207 11.3362 71.0646
955 11.4091 70.6356
371 11.5205 69.9795
381 11.6255 69.3605
799 11.7373 68.7023
347 11.8465 68.0589
991 11.8496 68.0406
966 11.8529 68.0209
667 11.8562 68.002
77 11.8594 67.983
445 11.8625 67.9646
556 11.8656 67.9464
81 11.8688 67.9278
97 11.872 67.9088
234 11.8755 67.8883
760 11.8786 67.8701
192 11.8815 67.8526
970 11.8846 67.8343
734 11.8879 67.8153
517 11.891 67.7971
219 11.8939 67.7797
502 11.8968 67.7625
825 11.8999 67.7445
784 11.9034 67.7239
14 11.9067 67.7045
255 11.91 67.6851
925 11.9134 67.6651
747 11.9134 67.6651
524 11.9134 67.6651
677 11.9134 67.6651
565 11.9134 67.6651
691 11.9134 67.6651
939 11.9227 68.0472
427 11.9352 68.5624
879 11.9474 69.0633
694 11.9602 69.5857
374 11.9728 70.1052
361 11.9838 70.557
196 11.9943 70.9866
665 12.015 71.8352
443 12.0363 72.7099
433 12.0544 73.4555
759 12.0709 74.1317
338 12.9969 74.274
130 13.9768 74.4246
860 14.887 74.5645
726 15.9465 74.7273
680 16.9359 74.8793
526 18.0037 75.0434
272 18.9763 75.1929
418 20.2148 75.3832
424 20.7734 75.469
658 21.271 75.5455
58 21.7479 75.6188
249 22.2222 75.6916
275 22.7041 75.7657
773 23.2009 75.842
168 23.2014 75.793
469 23.202 75.7467
888 23.2026 75.6972
266 23.2031 75.6496
600 23.2037 75.6025
730 23.2042 75.5565
789 23.2048 75.5092
327 23.2053 75.4612
454 23.2058 75.4184
886 23.2063 75.3748
950 23.2069 75.3246
326 23.2075 75.2777
946 23.208 75.2311
99 23.2086 75.1844
550 23.2091 75.1406
41 23.2096 75.096
578 23.2102 75.0486
223 23.2107 75.0008
124 23.2113 74.9523
635 23.2119 74.9028
608 23.2124 74.8558
701 23.213 74.8057
88 23.2135 74.7596
560 23.2141 74.7098
796 23.2147 74.6596
479 23.2153 74.6109
780 23.2158 74.5646
184 23.2182 74.3557
360 23.2207 74.1438
806 23.2232 73.9282
16 23.2279 73.5276
60 23.2326 73.1206
662 23.2377 72.6844
333 23.244 72.1458
119 23.2507 71.5758
390 23.4043 71.243
162 23.5264 70.9785
574 23.6652 70.6777
537 23.801 70.3836
591 23.9428 70.0763
757 24.0716 69.7973
971 24.349 69.1964
329 24.6174 68.6148
764 24.8797 68.0467
788 24.949 67.8965
601 25.0094 67.7658
739 25.0721 67.6299
571 25.1383 67.4864
965 25.2052 67.3416
411 25.2709 67.1992
846 25.3384 67.0529
630 25.4024 66.9144
398 25.4689 66.7703
552 25.5383 66.62
132 25.609 66.4667
34 25.6799 66.3132
220 25.7434 66.1756
927 25.8184 66.013
482 25.8942 65.8488
839 26.021 65.5741
720 26.1261 65.3465
897 26.2333 65.1143
21 26.3394 64.8843
324 26.4554 64.633
89 26.5488 64.4307
735 26.5854 64.3514
493 26.6231 64.2697
729 26.6602 64.1895
137 26.6975 64.1085
308 26.735 64.0274
382 26.7736 63.9437
267 26.8123 63.8599
957 26.8491 63.7802
233 26.8862 63.6998
599 26.9217 63.6229
349 26.9581 63.544
956 26.9983 63.457
510 27.0365 63.3742
705 27.0728 63.2954
545 27.1097 63.2156
507 27.1444 63.1403
640 27.1815 63.0601
912 27.2184 62.9801
922 27.2566 62.8972
891 27.2566 62.8972
633 27.2566 62.8972
765 28.5542 64.1744
756 29.2654 64.8745
587 30.2217 65.8158
804 31.2355 66.8138
903 31.6588 67.2304
501 32.1497 67.7136
540 32.6846 68.2402
872 33.0088 68.5593
252 33.3056 68.8514
596 33.5761 69.1177
80 33.8656 69.4027
359 34.133 69.6659
614 34.4381 69.9662
226 34.6998 70.2238
604 34.9416 70.4618
30 35.1844 70.7008
56 35.7266 71.2346
270 36.285 71.7842
724 36.8033 72.2944
976 37.3141 72.7972
294 37.8025 73.278
689 38.2021 73.6713
215 38.6441 74.1064
878 39.0167 74.4731
954 39.4551 74.9047
82 40.1128 75.5521
894 40.6572 76.088
564 41.2252 76.6471
91 41.7437 77.1575
256 42.1789 77.5859
292 42.6504 78.05
172 43.1298 78.5219
636 43.7851 78.7337
826 44.4015 78.933
513 45.0057 79.1283
484 45.602 79.321
807 46.2046 79.5158
229 46.8418 79.7217
144 47.2919 79.8672
416 47.7666 80.0206
241 48.3083 80.1957
245 49.1676 80.4735
774 49.9944 80.7407
814 49.9944 80.7407
140 49.9944 80.7407
530 49.9944 80.7407
406 49.9944 80.7407
40 49.9944 80.7407
895 49.9944 80.7407
782 49.9944 80.7407
179 49.9944 80.7407
437 49.9944 80.7407
248 50.2485 80.7383
305 50.5045 80.7359
642 50.7948 80.7332
887 51.0989 80.7304
12 51.3847 80.7277
343 51.6511 80.7252
208 53.2242 80.7104
280 53.4274 80.8564
563 53.6205 80.9952
857 53.8303 81.1459
769 54.0478 81.3022
921 54.2634 81.4572
193 54.485 81.6164
940 54.7281 81.7911
94 54.9658 81.9619
575 55.221 82.1453
632 55.4535 82.3124
335 55.7252 82.5076
802 55.9816 82.6919
861 56.2754 82.903
880 56.5747 83.1181
671 56.8828 83.3395
992 57.2137 83.5773
762 57.3204 76.0268
126 57.3322 75.1856
832 57.3472 74.1195
238 57.3631 72.9882
460 57.3742 72.2009
378 57.386 71.3636
617 57.4209 68.8871
485 57.452 66.6828
654 57.452 66.6828
867 57.452 66.6828
650 57.2006 66.5516
509 56.908 66.3989
907 56.5859 66.2308
964 56.2642 66.0629
791 55.95 65.8989
340 55.6721 65.7538
625 55.3417 65.5814
432 55.034 65.4208
396 54.695 65.2438
779 54.4559 65.204
84 54.2606 65.1714
986 54.0582 65.1377
987 53.8694 65.1062
161 53.6476 65.0693
798 53.4291 65.0329
743 53.2245 64.9988
855 53.0215 64.9649
282 52.823 64.9318
216 52.6191 64.8979
968 52.424 64.8653
9 52.2353 64.8339
810 52.0063 64.7957
515 51.778 64.7577
315 51.5351 64.7172
676 51.1101 64.6464
109 50.7338 64.5837
112 50.3341 64.5171
264 49.867 64.4392
523 49.4568 64.3709
410 49.0733 64.307
225 48.7016 64.245
134 48.3647 64.1889
715 48.0258 64.1324
350 47.7143 64.0805
291 47.3785 63.7085
453 47.0945 63.3941
54 46.7849 63.0512
175 46.5081 62.7447
404 46.244 62.4522
459 45.9974 62.1792
910 45.754 61.9096
235 45.5087 61.6379
732 45.2458 61.3467
576 44.9932 61.0671
558 44.7522 60.8001
171 44.5036 60.5248
163 44.2396 60.2324
104 43.9596 59.9224
645 43.6869 59.6203
49 43.8869 57.5989
147 43.9088 57.3771
683 43.939 57.3546
621 43.968 57.3329
498 43.9971 57.3112
365 44.023 57.2918
237 44.0509 57.271
929 44.0798 57.2494
533 44.1096 57.2272
522 44.139 57.2052
180 44.1684 57.1833
471 44.198 57.1612
370 44.227 57.1396
778 44.2564 57.1177
69 45.8447 55.9322
945 46.7106 55.2859
461 47.5183 54.683
281 48.3955 54.0282
210 49.3327 53.3286
35 50.3867 52.5419
594 51.4224 51.7689
342 51.7361 51.5347
512 52.0653 51.289
848 52.4192 51.0248
101 52.7742 50.7597
66 53.1683 50.4655
155 53.5099 50.2105
519 54.0196 49.83
197 54.5504 49.4338
63 54.6427 49.3866
276 54.733 49.3404
186 54.8264 49.2926
577 54.9207 49.2444
843 55.0161 49.1956
923 55.112 49.1466
188 55.2125 49.0952
286 55.3112 49.0447
597 55.4063 48.9961
472 55.8624 48.7628
492 56.3805 48.4978
930 56.9268 48.2183
793 57.4206 47.9657
842 58.0409 47.6484
644 58.6025 47.3612
262 59.1336 47.0895
670 59.7514 46.7735
926 59.7514 46.7735
538 59.7514 46.7735
314 59.6496 46.6977
634 59.5446 46.6197
978 59.447 46.5472
43 59.3527 46.4771
355 59.2579 46.4066
323 59.1766 46.3462
45 59.0153 46.2263
606 58.8617 46.1121
232 58.7077 45.9976
85 56.9512 44.6921
194 53.177 41.8869
623 53.2074 41.4853
781 53.2422 41.0263
675 53.2661 40.7102
844 53.2902 40.3925
358 53.3164 40.0464
821 53.3415 39.7152
716 52.7866 39.6148
870 52.2894 39.525
555 51.805 39.4374
257 51.3484 39.3549
55 51.0678 39.3041
790 50.7392 39.2447
377 50.4947 39.2005
217 50.2111 39.1493
458 49.8897 39.0912
27 49.5673 39.0329
19 49.2154 38.9693
875 48.8807 38.9088
452 48.5087 38.8415
751 48.1905 38.784
906 47.8393 38.7205
828 47.4864 38.6567
989 43.7295 37.9775
687 41.622 37.5965
692 40.6455 37.42
480 39.6842 37.2462
783 38.7098 37.07
7 37.8336 36.9117
586 37.0031 36.7615
151 36.1071 36.5995
356 35.3706 36.4664
917 34.2768 36.2687
709 32.8989 36.0196
205 32.7393 35.9907
379 32.5998 35.9655
862 32.4626 35.9407
191 32.2934 35.9101
549 32.1117 35.8772
278 31.9472 35.8475
915 31.7783 35.817
414 31.6882 36.5008
38 31.6063 37.1225
397 31.5316 37.6891
706 31.4632 38.2082
508 31.3977 38.7052
787 31.341 39.136
388 31.1043 40.9317
413 30.8763 42.6613
664 30.6743 44.194
811 30.454 45.8654
603 30.1767 47.9687
809 29.928 49.8552
619 29.5664 49.8423
127 29.2129 49.8297
652 20.7136 49.5264
496 21.0833 49.7449
78 21.4526 49.9632
302 21.8585 50.2032
475 22.216 50.4145
37 22.5833 50.6316
876 22.9705 50.8605
79 22.6381 51.3445
438 22.3829 51.716
797 22.0721 52.1685
336 21.7399 52.6522
451 21.4353 53.0957
688 21.1607 53.4955
269 20.8591 53.9346
142 19.9112 55.3147
924 18.7628 56.9865
733 18.3572 56.687
981 17.8897 56.3417
59 17.4141 55.9904
901 16.8496 55.5735
531 12.1036 52.0689
703 12.0409 51.9737
589 11.9775 51.8773
131 11.9148 51.782
849 11.8382 51.6655
218 11.7841 51.5833
527 11.7304 51.5016
772 11.6802 51.4252
122 11.3904 50.9847
463 11.3746 50.8424
805 11.3604 50.7145
542 11.3458 50.5833
279 11.3316 50.4549
174 11.3167 50.3211
972 11.3022 50.1898
949 11.2859 50.0436
770 11.271 49.9088
123 11.2574 49.7863
423 11.2443 49.6685
166 11.2318 49.5561
128 11.2172 49.4246
222 11.2035 49.301
936 11.19 49.1801
341 11.1759 49.0524
909 11.1621 48.9281
698 11.1487 48.8077
422 11.1352 48.6862
148 11.1094 48.4534
403 11.0863 48.2459
908 11.0641 48.0455
283 11.037 47.8015
938 11.0131 47.5857
214 10.9873 47.354
489 10.9568 47.0793
499 10.9264 46.8048
312 10.9217 46.7624
157 10.9172 46.7221
100 10.9127 46.6817
182 10.9079 46.6384
731 10.9029 46.5931
841 10.8981 46.5506
863 10.8931 46.5051
534 10.8886 46.4652
47 10.884 46.4234
749 10.8791 46.3792
708 10.8744 46.3368
116 10.8694 46.2921
352 10.8644 46.2468
330 10.8585 46.1936
87 10.8531 46.145
154 10.8484 46.1022
373 10.8436 46.0592
505 10.8387 46.0154
616 10.8332 45.9658
476 10.828 45.9189
700 10.8225 45.8691
384 10.8172 45.8212
958 10.812 45.7745
10 10.8072 45.7315
303 10.8028 45.6915
858 10.7979 45.648
228 10.7921 45.5955
663 10.7867 45.547
57 10.7812 45.4974
46 10.7753 45.4439
328 10.7699 45.3956
990 12.8739 44.2143
655 14.7535 43.159
771 15.8666 42.5341
212 16.9602 41.9201
748 19.0425 40.751
723 19.3396 40.5842
679 19.6463 40.412
125 19.8413 40.3025
65 20.0493 40.1858
525 20.2559 40.0697
32 20.4522 39.9595
486 20.6621 39.8417
535 20.8439 39.7396
985 21.0181 39.6418
758 21.2738 39.4983
391 21.5723 39.3307
543 21.9005 39.1464
221 22.2282 38.9624
354 22.4377 38.8448
913 22.4384 38.8457
902 19.7793 33.383
836 19.7488 33.3203
11 19.7224 33.2661
641 18.8527 31.4799
307 18.0501 29.8315
829 17.5139 28.7304
643 16.9126 27.4956
474 16.9126 27.4956
121 16.9126 27.4956
439 16.9126 27.4956
284 16.9126 27.4956
254 16.9126 27.4956
702 16.9126 27.4956
869 16.9126 27.4956
602 16.4512 27.2496
824 15.9637 26.9896
402 14.7347 26.334
963 13.4857 25.6678
943 12.391 25.084
86 11.192 24.4445
588 11.1691 24.2797
899 11.1469 24.1211
646 11.1257 23.9687
682 11.1257 23.9687
74 11.1257 23.9687
741 11.1257 23.9687
412 11.1257 23.9687
673 11.1257 23.9687
187 11.1257 23.9687
794 11.1257 23.9687
455 11.1257 23.9687
710 11.1257 23.9687
348 11.1257 23.9687
366 11.1257 23.9687
299 11.1257 23.9687
572 11.1257 23.9687
362 11.1257 23.9687
133 11.1257 23.9687
258 11.1257 23.9687
514 11.1257 23.9687
4 11.1257 23.9687
331 11.1257 23.9687
268 11.1257 23.9687
661 11.1257 23.9687
61 11.1257 23.9687
898 11.1257 23.9687
629 12.3353 18.814
674 12.6219 17.5926
881 12.904 16.3903
722 13.1261 15.4435
211 13.1747 15.2362
8 13.2253 15.0206
488 13.278 14.796
812 13.3298 14.5754
518 33.8491 14.2462
704 33.8379 14.8698
407 33.8276 15.4367
573 33.8166 16.044
64 33.8058 16.6369
287 33.7962 17.1702
246 33.7851 17.7841
363 33.7747 18.3567
653 33.7635 18.9776
669 33.7525 19.5826
351 33.7328 20.6721
160 33.6798 23.5917
883 33.641 25.7331
612 33.5925 28.4091
529 33.8629 28.489
853 34.1303 28.568
626 34.3553 28.6345
337 34.609 28.7095
310 34.8601 28.7837
26 36.4024 29.2986
467 37.9796 29.8252
250 39.4858 30.3281
785 40.6904 30.7303
865 41.4139 30.9719
419 42.05 31.1843
261 42.05 31.1843
873 42.05 31.1843
834 42.05 31.1843
822 42.05 31.1843
935 42.05 31.1843
209 42.05 31.1843
289 42.05 31.1843
934 42.05 31.1843
111 42.05 31.1843
566 42.4374 31.8964
421 45.8648 29.5876
6 49.5112 27.1315
164 51.6071 25.7194
581 53.7225 24.2943
681 54.4364 23.8133
504 57.6909 21.6209
598 59.2064 20.5999
777 60.4295 19.7758
959 61.5602 19.014
831 62.7458 18.2152
819 64.5119 17.0253
103 66.8151 15.4736
721 68.3211 15.4578
295 69.5079 15.4453
176 71.0099 15.4295
24 73.1015 15.4075
260 80.7942 15.3264
243 83.5212 15.2977
483 84.3401 15.2891
345 84.3401 15.2891
979 84.3401 15.2891
627 84.3401 15.2891
