0,260,627,345,243,483,979,98,274,835,745,520,33,590,29,609,592,553,838,107,497,977,242,583,967,684,136,920,506,425,932,198,170,951,195,884,852,334,656,387,383,110,385,670,420,942,102,85,396,232,850,466,941,644,70,842,926,634,117,323,143,357,190,821,606,675,358,314,594,458,875,63,45,681,377,69,43,217,452,906,194,66,716,276,492,978,945,180,210,621,342,281,471,623,923,597,522,472,127,844,197,566,935,913,11,38,748,525,549,706,778,917,480,414,413,535,508,438,612,687,388,876,37,811,989,403,391,65,356,692,151,543,7,723,397,783,302,475,619,664,929,603,147,461,269,512,237,49,137,510,267,59,640,89,359,524,956,971,784,552,34,924,846,891,233,324,705,633,756,545,507,422,688,897,735,382,601,729,733,79,571,599,903,957,175,291,901,720,275,327,888,839,809,308,576,493,965,349,523,724,451,537,596,390,954,872,927,730,550,574,587,226,256,604,454,501,591,404,910,80,270,878,21,252,350,124,167,632,319,126,134,659,225,530,826,894,432,280,861,769,144,802,676,976,564,540,855,171,743,179,54,683,558,732,577,617,235,582,788,689,715,645,101,484,765,163,365,922,804,533,459,779,912,410,370,56,104,30,264,798,293,793,986,843,519,498,453,968,767,216,485,188,186,262,68,286,229,964,460,509,35,468,668,832,671,921,94,800,173,161,393,208,625,791,109,857,84,605,91,282,762,987,238,810,538,290,478,9,67,647,847,51,744,315,112,18,650,962,654,907,727,904,975,201,71,340,515,440,595,152,837,317,83,867,818,900,579,417,378,159,528,332,322,311,450,372,889,25,204,473,740,725,660,685,928,983,158,666,742,145,864,893,820,648,353,135,273,823,845,580,622,813,494,481,984,185,118,854,367,12,887,584,464,177,544,737,313,690,980,318,465,477,575,817,52,620,567,149,395,937,285,297,775,801,42,251,992,202,931,344,408,952,896,434,23,532,851,624,259,774,618,911,816,882,215,856,415,369,335,541,305,448,569,40,814,754,343,140,766,375,559,105,62,895,513,947,536,807,782,649,248,755,562,880,82,642,563,636,437,561,662,394,294,614,806,292,206,181,53,511,320,713,309,193,406,919,156,961,763,516,416,539,245,5,866,165,139,449,974,172,389,22,72,230,746,940,239,738,548,392,752,265,874,241,786,840,73,808,146,795,296,60,757,608,36,697,288,129,613,918,189,120,960,773,150,638,428,2,877,470,271,495,490,113,789,244,825,184,443,223,707,753,418,859,631,695,58,672,712,41,456,76,253,409,92,871,916,885,16,431,231,20,96,611,141,610,768,50,430,593,368,44,521,696,249,776,462,651,306,183,491,761,833,424,441,714,15,13,227,28,982,203,399,628,31,95,436,325,860,578,200,914,868,115,988,969,973,106,827,39,435,585,546,711,557,236,699,304,615,17,750,1,953,905,718,401,386,678,446,719,48,736,199,247,637,364,153,803,759,263,213,933,442,380,88,433,405,138,469,444,547,169,75,792,316,300,554,162,830,240,728,400,360,944,457,955,815,447,301,780,570,321,693,892,568,427,657,108,93,630,502,560,886,361,168,551,526,600,266,487,796,658,333,950,500,635,726,639,398,879,90,970,717,371,426,374,890,667,346,665,338,178,479,14,701,97,339,946,220,503,99,429,130,326,686,329,991,948,192,607,119,219,517,224,966,799,298,556,255,760,694,381,77,277,445,207,939,81,376,764,131,708,336,214,122,166,849,279,981,347,909,565,972,531,680,114,734,132,703,411,482,3,925,196,772,218,747,272,234,303,652,373,174,739,116,128,157,341,228,527,123,691,47,677,589,731,749,505,222,990,908,489,758,949,154,182,423,212,328,542,805,616,32,463,125,938,863,534,771,858,655,698,663,142,148,985,797,57,700,384,352,100,936,770,10,841,283,78,476,514,312,87,330,958,46,499,496,86,331,133,4,258,455,898,794,572,74,268,402,741,673,641,710,488,881,8,722,299,61,588,412,674,899,187,682,366,348,211,812,362,646,629,661,963,529,160,702,111,261,337,254,26,943,834,836,486,474,439,278,307,915,824,354,205,221,709,679,121,869,602,829,787,191,902,518,573,363,407,310,883,653,669,626,351,643,704,822,246,284,64,379,287,853,27,785,250,934,164,586,289,19,419,467,930,862,865,790,421,257,155,848,870,781,355,828,555,209,831,6,873,55,751,103,721,777,598,24,295,176,581,819,959,504,
value : 485.753 running time : 59.356309
0 80 20
260 86.2684 17.5916
627 86.2684 17.5916
345 86.2684 17.5916
243 86.2684 17.5916
483 86.2684 17.5916
979 86.1623 19.0954
98 85.6401 26.5157
274 85.2308 32.3261
835 85.0751 34.5335
745 84.9444 36.3858
520 84.8605 37.5742
33 84.773 38.8138
590 84.6666 40.3212
29 84.5057 42.6034
609 84.3782 44.41
592 84.1922 47.0478
553 83.9764 50.109
838 84.1917 51.2341
107 84.4015 52.3309
497 84.593 53.3316
977 84.2233 53.6068
242 83.8913 53.8538
583 83.5498 54.1079
967 83.3217 54.2776
684 83.0997 54.4429
136 82.8802 54.6062
920 82.6368 54.7873
506 82.4006 54.9631
425 82.1585 55.1432
932 81.9258 55.3164
198 81.7037 55.4816
170 81.4812 55.6472
951 81.2257 55.8373
195 80.9362 56.0528
884 80.6365 56.2758
852 80.2531 56.5612
334 79.9713 56.7709
656 79.7052 56.9689
387 79.4755 57.1398
383 79.2072 57.3394
110 78.9588 57.5243
385 78.759 57.673
670 74.9688 54.9211
420 73.0889 53.5558
942 71.04 52.0679
102 68.9879 50.5777
85 66.7787 48.9734
396 66.5865 48.8338
232 66.41 48.7056
850 66.2335 48.5774
466 66.0325 48.4313
941 65.8348 48.2877
644 65.4184 47.9852
70 65.0277 47.7014
842 64.6319 47.4139
926 64.2316 47.1231
634 63.8051 46.8133
117 63.4725 46.5717
323 63.1326 46.3247
143 62.7783 46.0674
357 62.4075 45.7981
190 62.0444 45.5342
821 59.9701 44.0279
606 59.5711 44.0866
675 59.1583 44.1473
358 58.7279 44.2106
314 58.2853 44.2757
594 57.7839 44.3494
458 57.299 44.4208
875 56.8335 44.4892
63 56.4086 44.5517
45 56.0411 44.6058
681 55.405 44.6993
377 54.8083 44.7871
69 54.1032 44.8908
43 53.5435 44.9731
217 52.8452 45.0758
452 51.9995 45.2002
906 51.4067 45.2874
194 50.7785 45.3798
66 50.3095 45.4487
716 49.8016 45.5234
276 49.2826 45.5998
492 48.7917 45.672
978 48.2922 45.7454
945 47.551 45.8545
180 46.8158 45.9626
210 46.2569 46.0448
621 45.7704 46.1163
342 45.3462 46.1787
281 44.908 46.2432
471 44.4902 46.3046
623 44.4902 46.3046
923 44.1281 46.2114
597 43.696 46.1001
522 43.1493 45.9592
472 42.6652 45.8345
127 42.1124 45.6921
844 41.6004 45.5602
197 40.8623 45.37
566 39.8028 45.0971
935 38.79 44.8362
913 36.7502 44.3108
11 35.6993 44.04
38 35.0133 43.8633
748 34.3835 43.7011
525 33.7914 43.5485
549 33.2719 43.4147
706 33.0811 43.3655
778 32.882 43.3142
917 32.6713 43.26
480 32.4331 43.1986
414 32.1725 43.1315
413 31.9357 43.0705
535 31.6898 43.0072
508 31.4648 42.9492
438 31.2184 42.8857
612 30.9865 42.826
687 30.8021 42.7785
388 30.6011 42.7267
876 30.4121 42.6781
37 30.1838 42.6193
811 29.9839 42.5678
989 29.7947 42.519
403 29.5462 42.455
391 29.3242 42.3978
65 29.1246 42.3464
356 29.7984 43.5693
692 29.9174 43.7852
151 30.0309 43.9912
543 30.1499 44.207
7 30.2694 44.4238
723 30.3839 44.6314
397 30.5095 44.8595
783 30.6414 45.0988
302 30.7645 45.3222
475 30.8819 45.5351
619 31.0116 45.7705
664 31.137 45.9979
929 31.2813 46.2598
603 31.3673 46.4158
147 31.4538 46.5727
461 31.5415 46.7318
269 31.6121 46.86
512 31.6903 47.0018
237 30.4485 48.6979
49 29.2159 50.3816
137 26.9866 53.4266
510 26.4173 54.2043
267 25.8578 54.9686
59 25.3152 55.7097
640 24.7736 56.4495
89 24.247 57.1687
359 23.2848 58.483
524 22.5482 59.1328
956 21.8684 59.7324
971 21.1892 60.3316
784 20.538 60.906
552 21.5373 61.3336
34 22.5734 61.777
924 23.6497 62.2375
846 24.7693 62.7166
891 25.9558 63.2243
233 25.9558 63.2243
324 25.9558 63.2243
705 25.9558 63.2243
633 25.9558 63.2243
756 26.045 63.2955
545 26.1286 63.3621
507 26.2124 63.4288
422 26.2915 63.4919
688 26.3797 63.5622
897 26.5763 63.7189
735 26.7786 63.8801
382 26.9883 64.0472
601 27.1933 64.2107
729 27.3995 64.375
733 27.6127 64.545
79 27.827 64.7157
571 28.0636 64.9043
599 28.2687 65.0678
903 28.4855 65.2406
957 28.7054 65.4159
175 28.9452 65.607
291 29.1478 65.7685
901 29.3269 65.9113
720 29.5261 66.0701
275 29.7293 66.232
327 29.947 66.4056
888 30.1689 66.5824
839 30.383 66.753
809 30.6107 66.9346
308 30.8342 67.1127
576 31.0501 67.2848
493 31.0518 67.2912
965 31.0537 67.2984
349 31.0555 67.3053
523 31.0575 67.3129
724 31.0593 67.3199
451 31.0608 67.3258
537 31.2107 67.8969
596 31.3607 68.4688
390 31.5111 69.0422
954 31.6519 69.5788
872 31.7829 70.0783
927 31.9157 70.5848
730 32.0407 71.0613
550 32.1678 71.5459
574 33.2335 72.0398
587 34.2395 72.5062
226 34.7451 72.7405
256 35.7003 73.1833
604 35.7003 73.1833
454 35.7003 73.1833
501 35.7003 73.1833
591 35.7003 73.1833
404 35.7003 73.1833
910 35.7003 73.1833
80 35.7003 73.1833
270 35.7003 73.1833
878 35.7003 73.1833
21 35.7003 73.1833
252 35.7003 73.1833
350 35.7003 73.1833
124 35.7003 73.1833
167 35.7003 73.1833
632 40.1662 73.4688
319 40.9379 73.5181
126 41.4173 73.5488
134 41.8161 73.5744
659 42.2203 73.6003
225 42.5915 73.6241
530 42.974 73.6486
826 43.3178 73.6707
894 43.6517 73.6921
432 43.9881 73.7136
280 44.0298 73.7163
861 44.0298 73.7163
769 44.0299 73.7163
144 44.0299 73.7163
802 44.0299 73.7163
676 44.0299 73.7163
976 44.0299 73.7163
564 44.03 73.7163
540 44.03 73.7163
855 44.03 73.7163
171 44.03 73.7163
743 44.0301 73.7163
179 44.0301 73.7163
54 44.402 71.3714
683 44.6029 70.1042
558 44.8021 68.8477
732 44.9981 67.6112
577 45.2091 66.2801
617 45.2091 66.2801
235 45.2091 66.2801
582 45.2091 66.2801
788 40.0269 66.2318
689 40.0269 66.2318
715 40.6085 65.9711
645 41.1907 65.71
101 41.9245 65.381
484 42.1835 65.2649
765 42.4304 65.1541
163 42.6851 65.0399
365 42.9438 64.9239
922 43.2207 64.7997
804 43.5192 64.6659
533 43.8108 64.5351
459 44.1058 64.4028
779 44.4074 64.2676
912 44.7033 64.1349
410 45.0606 63.9747
370 45.4164 63.8151
56 45.7729 63.6553
104 46.1823 63.4717
30 46.672 63.2521
264 47.6192 62.8275
798 48.6147 62.3812
293 49.5951 61.9417
793 50.0141 61.7538
986 50.4014 61.5802
843 50.8957 61.3585
519 51.9869 61.5644
498 53.0891 61.7723
453 54.2363 61.9887
968 55.3521 62.1991
767 56.4474 62.4057
216 56.4474 62.4057
485 56.4474 62.4057
188 56.4474 62.4057
186 56.4474 62.4057
262 56.4474 62.4057
68 57.2805 63.9245
286 58.1364 65.4851
229 59.1783 67.3845
964 59.1994 67.423
460 59.2243 67.4685
509 59.2453 67.5067
35 59.2632 67.5393
468 59.2856 67.5802
668 59.3102 67.6251
832 59.3355 67.6713
671 59.3581 67.7125
921 59.3789 67.7503
94 59.5077 67.8254
800 59.6448 67.9053
173 59.7753 67.9813
161 59.8907 68.0486
393 60.0358 68.1331
208 60.1611 68.2061
625 60.2822 68.2767
791 60.4133 68.3532
109 60.5633 68.4406
857 60.7101 68.5261
84 60.8558 68.611
605 61.018 68.7056
91 61.1656 68.7916
282 61.3249 68.8844
762 61.519 68.9975
987 61.7173 69.1131
238 61.8917 69.2147
810 62.064 69.3151
538 62.2755 69.4383
290 62.5331 69.5885
478 62.7367 69.7071
9 62.9458 69.829
67 63.1675 69.9581
647 63.3799 70.082
847 63.6195 70.2216
51 63.8685 70.3667
744 64.089 70.4952
315 64.2748 70.6034
112 64.4831 70.7248
18 64.735 70.8716
650 64.954 70.9992
962 65.1916 71.1377
654 65.4062 71.2628
907 65.6071 71.3798
727 65.9758 71.5947
904 66.3282 71.8001
975 66.6901 72.011
201 67.014 72.1998
71 67.119 72.261
340 67.2132 72.3158
515 67.3132 72.3741
440 67.443 72.4497
595 67.5957 72.5387
152 67.7562 72.6323
837 67.9006 72.7164
317 68.0354 72.795
83 68.6387 73.1465
867 69.1959 73.4713
818 69.7813 73.8125
900 70.2943 74.1115
579 70.8154 74.4152
417 71.3291 74.7146
378 71.7872 74.9816
159 75.5964 77.2011
528 78.0986 78.6593
332 80.1967 79.8819
322 82.876 81.4432
311 83.9622 82.0763
450 84.7847 82.5556
372 86.0112 83.5485
889 85.9524 83.6088
25 85.903 83.6594
204 85.8528 83.7109
473 85.7955 83.7696
740 85.7448 83.8216
725 85.6947 83.8729
660 85.6517 83.9171
685 84.0105 85.5993
928 81.6839 87.9838
983 80.8087 87.9886
158 80.108 87.9891
666 79.5762 87.9895
742 79.0782 87.9898
145 78.6008 87.9902
864 78.2676 87.9904
893 77.9502 87.9906
820 77.6191 87.9908
648 77.2681 87.991
353 76.9207 87.9913
135 76.6001 87.9915
273 74.1427 87.9935
823 73.8656 87.9937
845 73.6036 87.9938
580 73.3561 87.994
622 72.2768 87.9947
813 71.3434 87.9954
494 70.3957 87.996
481 69.1997 87.9969
984 68.0342 87.9977
185 67.0884 87.9984
118 66.3774 87.9988
854 65.9383 87.9991
367 65.3648 87.9995
12 65.2069 87.9996
887 65.0627 87.9997
584 64.9343 87.9998
464 64.8332 87.9999
177 64.7218 87.9999
544 64.6119 88
737 64.4802 88.0001
313 64.3583 88.0002
690 64.2548 88.0003
980 64.1579 88.0004
318 64.0776 88.0004
465 63.9812 88.0005
477 63.8725 88.0005
575 63.767 88.0006
817 63.6711 88.0007
52 63.5731 88.0008
620 63.4717 88.0008
567 63.3673 88.0009
149 63.2708 88.001
395 63.1241 88.0011
937 62.9874 88.0012
285 62.8356 88.0013
297 62.6752 88.0014
775 62.5237 88.0015
801 62.3031 88.0016
42 62.1112 88.0018
251 61.9103 88.0019
992 60.4697 88.0029
202 58.8498 88.0041
931 57.2788 88.0052
344 55.2985 88.0067
408 55.002 88.0069
952 54.7371 88.007
896 54.4749 88.0072
434 54.2093 88.0074
23 53.9722 88.0076
532 53.7332 88.0077
851 53.5538 88.0079
624 53.368 88.008
259 53.1869 88.0081
774 52.9946 88.0083
618 52.8078 88.0084
911 52.6227 88.0085
816 52.2234 88.0088
882 51.7887 88.0091
215 50.6967 88.01
856 50.6967 88.01
415 49.9531 87.9409
369 49.1894 87.8699
335 48.4315 87.7994
541 47.6166 87.7236
305 46.9476 87.6613
448 46.2709 87.5982
569 46.2709 87.5982
40 46.2709 87.5982
814 46.2708 87.5982
754 46.2708 87.5982
343 46.2708 87.5982
140 46.2708 87.5982
766 46.2708 87.5982
375 46.13 87.456
559 45.9849 87.3093
105 45.8046 87.1271
62 45.572 86.8919
895 45.3395 86.657
513 45.1084 86.4233
947 45.1084 86.4233
536 45.1084 86.4233
807 45.1084 86.4233
782 45.1084 86.4233
649 44.8292 86.3229
248 44.5698 86.2296
755 44.3108 86.1364
562 44.0557 86.0446
880 43.8073 85.9552
82 43.5298 85.8554
642 43.2587 85.7578
563 42.9803 85.6577
636 42.7057 85.5589
437 42.4197 85.456
561 42.1296 85.3516
662 41.8379 85.2467
394 41.8836 85.5943
294 41.9257 85.9142
614 41.9696 86.2484
806 42.0208 86.6373
292 42.0987 87.2302
206 42.1855 87.8899
181 42.2655 88.4985
53 42.328 88.9738
511 42.3852 89.409
320 42.3761 89.4074
713 42.367 89.4058
309 42.3572 89.4041
193 42.3482 89.4025
406 42.3395 89.4009
919 42.3298 89.3992
156 42.3227 89.3979
961 42.3145 89.3965
763 42.2239 89.3804
516 42.1385 89.3652
416 42.0402 89.3478
539 41.9553 89.3327
245 41.8778 89.319
5 41.7878 89.303
866 41.6911 89.2859
165 41.5944 89.2687
139 41.4898 89.2502
449 41.4025 89.2347
974 41.3112 89.2185
172 41.2243 89.203
389 41.1428 89.1886
22 41.0502 89.1721
72 40.9637 89.1568
230 40.8834 89.1426
746 40.8132 89.1301
940 40.7315 89.1156
239 40.5135 89.0769
738 40.2749 89.0346
548 40.0423 88.9933
392 39.8203 88.9539
752 39.6147 88.9174
265 39.4157 88.8821
874 39.2138 88.8463
241 38.2347 88.6726
786 37.2592 88.4996
840 36.5196 88.3684
73 35.7328 88.2288
808 35.0603 88.1095
146 34.4236 87.9966
795 33.7519 87.8775
296 33.0898 87.76
60 32.4802 87.6519
757 31.9117 87.5511
608 31.4572 87.4705
36 31.4572 87.4705
697 31.4572 87.4705
288 31.4572 87.4705
129 31.4572 87.4705
613 31.4572 87.4705
918 31.4572 87.4705
189 31.4572 87.4705
120 31.4572 87.4705
960 31.4572 87.4705
773 30.9987 87.19
150 30.5385 86.9086
638 30.0741 86.6245
428 29.6038 86.3369
2 29.1318 86.0482
877 28.6446 85.7503
470 28.0105 85.3624
271 27.2637 84.9056
495 26.4481 84.4064
490 25.0171 83.5309
113 23.6601 82.7007
789 23.799 83.4098
244 23.962 84.242
825 24.1345 85.1227
184 24.3196 86.0677
443 24.5143 87.0614
223 24.6701 87.8558
707 24.717 88.0949
753 24.717 88.0949
418 24.7169 88.0949
859 24.7169 88.0949
631 24.7169 88.0949
695 24.7169 88.0949
58 24.7169 88.0949
672 24.7168 88.095
712 24.7168 88.095
41 24.7168 88.095
456 24.7168 88.095
76 24.7168 88.095
253 24.7167 88.095
409 24.7167 88.095
92 24.7167 88.095
871 24.7167 88.095
916 24.7167 88.0951
885 24.7166 88.0951
16 24.7166 88.0951
431 24.7166 88.0951
231 24.7166 88.0951
20 24.7166 88.0951
96 24.7165 88.0951
611 24.7165 88.0951
141 24.6049 88.0855
610 24.4882 88.0755
768 24.3714 88.0654
50 24.2532 88.0553
430 24.1479 88.0462
593 24.0309 88.0361
368 23.917 88.0263
44 23.8079 88.017
521 23.6978 88.0075
696 23.583 87.9976
249 23.4591 87.987
776 23.3409 87.9768
462 23.232 87.9674
651 23.1355 87.9591
306 23.0352 87.9505
183 22.922 87.9407
491 22.8165 87.9317
761 22.7111 87.9226
833 22.5974 87.9128
424 22.4863 87.9033
441 22.376 87.8938
714 22.2619 87.8839
15 22.0367 87.8646
13 21.8274 87.8466
227 21.6263 87.8293
28 21.4387 87.8132
982 18.6317 87.5713
203 15.9881 87.3436
399 15.6066 87.3108
628 15.2265 87.2781
31 14.8791 87.2482
95 14.5337 87.2185
436 14.1991 87.1898
325 13.8768 87.1621
860 13.5597 87.1348
578 13.5597 87.1348
200 12.0966 87.8217
914 11.209 88.2384
868 10.4446 88.5972
115 9.98191 88.8144
988 9.43449 89.0714
969 9.43623 89.0653
973 9.43791 89.0594
106 9.43945 89.054
827 9.44104 89.0484
39 9.44271 89.0425
435 9.4444 89.0366
585 9.44626 89.03
546 9.44833 89.0228
711 9.44995 89.0171
557 9.45183 89.0105
236 9.45354 89.0044
699 9.45545 88.9977
304 9.45721 88.9916
615 9.45909 88.9849
17 9.4607 88.9793
750 9.46225 88.9738
1 9.46413 88.9672
953 9.46595 88.9608
905 9.46795 88.9538
718 9.46972 88.9476
401 9.47147 88.9414
386 9.47322 88.9353
678 9.47494 88.9292
446 9.47691 88.9223
719 9.47888 88.9154
48 9.48084 88.9085
736 9.48252 88.9026
199 9.48423 88.8966
247 9.48609 88.8901
637 9.48789 88.8837
364 9.48972 88.8773
153 9.49159 88.8707
803 9.49345 88.8642
759 9.4954 88.8573
263 9.49708 88.8514
213 9.49874 88.8456
933 9.57755 88.5682
442 9.65913 88.2811
380 9.74089 87.9934
88 9.85377 87.5963
433 9.95966 87.2237
405 10.0552 86.8873
138 10.158 86.5259
469 10.2648 86.1499
444 10.369 85.7834
547 10.4726 85.4187
169 10.5788 85.0452
75 10.6856 84.6693
792 10.7908 84.2993
316 10.8971 83.9252
300 11.0057 83.543
554 11.1238 83.1275
162 11.2401 82.7186
830 11.269 82.6167
240 11.2993 82.5102
728 11.3318 82.3958
400 11.3636 82.2838
360 11.391 82.1874
944 11.4204 82.0838
457 11.4512 81.9756
955 11.4791 81.8774
815 11.5061 81.7821
447 11.5345 81.6823
301 11.5667 81.5688
780 11.6024 81.4433
570 11.6354 81.3274
321 11.6674 81.2145
693 11.696 81.1139
892 11.7302 80.9934
568 11.7638 80.8755
427 12.0439 79.8906
657 12.1559 79.4967
108 12.266 79.1092
93 12.3883 78.6791
630 12.5178 78.2237
502 12.5731 78.0291
560 12.6238 77.8505
886 12.6765 77.665
361 12.733 77.4661
168 12.7861 77.2795
551 12.8399 77.0902
526 12.8951 76.8958
600 12.9176 76.8168
266 12.9388 76.7422
487 12.9388 76.7422
796 12.9387 76.7422
658 12.9387 76.7422
333 12.9387 76.7422
950 12.7921 76.6147
500 12.6401 76.4825
635 12.496 76.3572
726 12.3327 76.2152
639 12.1568 76.0623
398 12.0048 75.9301
879 11.8443 75.7905
90 11.6874 75.6541
970 11.6707 75.1373
717 11.6543 74.6339
371 11.6407 74.2135
426 11.638 74.1314
374 11.6344 74.0214
890 11.6308 73.9099
667 11.6268 73.7861
346 11.6231 73.6733
665 11.6192 73.5532
338 11.6156 73.4421
178 11.6123 73.3411
479 11.6083 73.2175
14 11.604 73.0864
701 11.6003 72.9704
97 11.5964 72.8516
339 11.5929 72.7435
946 11.589 72.6248
220 11.585 72.5006
503 11.581 72.3778
99 11.577 72.2553
429 11.5729 72.1274
130 11.5685 71.994
326 11.5648 71.878
686 11.5607 71.7531
329 11.5562 71.6145
991 11.5528 71.5099
948 11.5487 71.3837
192 11.5446 71.2578
607 11.5411 71.1489
119 11.5372 71.0287
219 11.5334 70.9126
517 11.5298 70.8037
224 11.5264 70.6962
966 11.5224 70.5754
799 11.5187 70.4619
298 11.5153 70.3577
556 11.5117 70.244
255 11.5075 70.1152
760 11.5035 69.9931
694 11.5003 69.8932
381 11.4967 69.7838
77 11.4931 69.6714
277 11.4896 69.5649
445 11.4861 69.4582
207 11.4825 69.3462
939 11.4112 67.146
81 11.3712 65.9164
376 11.3319 64.7058
764 11.2936 63.526
131 11.2573 62.4102
708 11.2216 61.3088
336 11.2013 60.6858
214 11.1817 60.0834
122 11.1645 59.5554
166 11.1619 59.4779
849 11.1595 59.4017
279 11.1572 59.3313
981 11.1548 59.2595
347 11.1522 59.179
909 11.1493 59.0914
565 11.1469 59.0159
972 11.1443 58.937
531 11.1419 58.862
680 11.1396 58.7921
114 11.1368 58.7072
734 11.1341 58.6226
132 11.1313 58.5386
703 11.1257 58.3654
411 11.1204 58.2032
482 11.1141 58.011
3 11.1074 57.8033
925 11.1002 57.5839
196 11.0936 57.381
772 11.087 57.1767
218 11.0799 56.959
747 11.0735 56.7629
272 11.0669 56.5617
234 11.0532 56.1405
303 11.0385 55.6886
652 11.0241 55.2444
373 11.0114 54.8543
174 10.9993 54.4825
739 10.9876 54.1223
116 10.9662 53.465
128 10.9515 53.0139
157 10.942 52.7207
341 10.9332 52.4501
228 10.9244 52.1796
527 10.9165 51.9394
123 10.9085 51.6927
691 10.9013 51.472
47 10.8932 51.2224
677 10.8854 50.985
589 10.8772 50.7335
731 10.8678 50.4436
749 10.8595 50.1876
505 10.8514 49.9386
222 10.843 49.6818
990 10.8347 49.4274
908 10.8273 49.2003
489 10.8034 48.768
758 10.779 48.3265
949 10.7536 47.8664
154 10.7293 47.4273
182 10.7052 46.9922
423 10.6784 46.506
212 10.6541 46.0665
328 10.6314 45.6573
542 10.6918 45.6229
805 10.7503 45.5896
616 10.8112 45.5549
32 10.8724 45.52
463 10.9233 45.491
125 10.9812 45.4581
938 10.9813 45.4581
863 10.9879 45.0914
534 10.9943 44.7418
771 11.0006 44.3912
858 11.0071 44.0382
655 11.0139 43.6611
698 11.0152 43.5917
663 11.0166 43.5127
142 11.018 43.4386
148 11.0223 43.1972
985 11.0267 42.9571
797 11.0307 42.7332
57 11.0349 42.5038
700 11.0394 42.2541
384 11.0437 42.018
352 11.0479 41.7847
100 11.0524 41.5362
936 11.0585 41.1975
770 11.0654 40.8195
10 11.0724 40.4355
841 11.0794 40.0479
283 11.0867 39.6451
78 11.0942 39.2339
476 11.1017 38.8218
514 11.1093 38.401
312 11.1127 38.2174
87 11.1162 38.0199
330 11.1196 37.833
958 11.1231 37.6399
46 11.1266 37.4477
499 11.1301 37.2531
496 11.1358 36.9428
86 11.158 35.7454
331 11.1952 33.7318
133 11.2167 32.5593
4 11.2374 31.4327
258 11.2565 30.3869
455 11.2742 29.4214
898 11.291 28.4989
794 11.3117 27.3694
572 11.3328 26.2208
74 11.354 25.0655
268 11.376 23.8647
402 11.3977 22.6833
741 11.4201 21.4631
673 11.4432 20.2032
641 11.4664 18.9345
710 11.4916 17.5654
488 11.51 16.5736
881 11.51 16.5721
8 11.51 16.5707
722 11.51 16.5695
299 11.5101 16.5682
61 11.5101 16.5665
588 11.5101 16.5649
412 11.5102 16.5633
674 11.5102 16.5617
899 11.5102 16.5603
187 11.5125 16.435
682 11.515 16.3029
366 11.5174 16.1724
348 11.5198 16.0442
211 11.5223 15.9117
812 11.5247 15.7779
362 11.924 16.0272
646 12.3461 16.2908
629 12.9612 16.6748
661 13.7694 17.1795
963 14.395 17.5701
529 26.8008 25.3148
160 27.232 25.584
702 27.5379 25.775
111 27.9182 26.0125
261 28.269 26.2315
337 28.4999 26.3757
254 28.5493 26.4065
26 28.6154 26.4478
943 28.6154 26.4478
834 28.6154 26.4478
836 28.6154 26.4478
486 28.6263 26.4549
474 28.6358 26.4611
439 28.6472 26.4685
278 28.66 26.4769
307 28.6706 26.4838
915 28.6811 26.4906
824 28.6921 26.4978
354 28.703 26.5049
205 28.7143 26.5123
221 28.7253 26.5195
709 28.7368 26.527
679 28.749 26.535
121 28.9605 26.2526
869 29.1973 25.9363
602 29.4536 25.594
829 29.7189 25.2397
787 30.1987 24.5988
191 30.6946 23.9364
902 32.415 21.6379
518 36.4621 16.2298
573 36.4346 16.2982
363 36.4077 16.3652
407 36.381 16.4317
310 36.3515 16.5051
883 36.3226 16.577
653 36.2971 16.6405
669 36.2708 16.706
626 36.2419 16.7781
351 36.2168 16.8406
643 36.1868 16.9152
704 36.3574 17.1867
822 36.5298 17.4612
246 36.6807 17.7013
284 36.847 17.966
64 37.6922 19.3112
379 38.7051 20.9232
287 39.5979 22.3441
853 41.9 26.0066
27 44.5779 30.2674
785 44.7205 30.4944
250 44.8535 30.7062
934 44.9819 30.9106
164 45.1283 31.1436
586 45.2732 31.3743
289 45.4207 31.6091
19 45.5797 31.8622
419 45.715 32.0775
467 45.8777 32.3365
930 46.0711 32.6443
862 46.1614 32.788
865 46.2444 32.9201
790 46.3352 33.0646
421 46.4242 33.2063
257 46.5186 33.3565
155 46.6252 33.5261
848 46.6252 33.5261
870 47.5066 32.7125
781 49.744 30.6474
355 50.6568 29.8048
828 51.5815 28.9512
555 52.4477 28.1517
209 53.3168 27.3494
831 54.3209 26.4225
6 55.2058 25.6056
873 56.0566 24.8201
55 57.0218 23.9292
751 58.1267 22.9093
103 65.9244 15.7137
721 66.5265 15.8971
777 67.0924 16.0696
598 67.7143 16.259
24 68.3201 16.4436
295 68.9264 16.6284
176 69.5467 16.8174
581 70.2181 17.0219
819 70.9606 17.2482
959 72.1265 17.6033
504 76.9537 19.0729
