0,627,260,243,483,345,979,24,176,295,103,721,777,504,598,781,6,164,581,819,959,831,594,377,209,681,314,844,358,821,716,828,555,257,55,865,458,27,19,875,452,751,906,862,356,63,26,467,250,785,873,419,111,363,289,934,883,160,822,834,310,626,337,653,704,407,573,64,287,702,669,518,351,261,812,211,8,488,722,629,674,881,514,299,572,362,133,258,898,4,588,348,86,402,963,902,899,646,682,74,741,412,673,187,794,455,710,331,661,61,602,943,824,354,366,641,307,829,643,474,121,439,284,254,246,869,836,268,915,549,278,423,748,723,679,125,65,525,32,486,535,985,508,391,543,221,655,853,612,529,379,709,205,787,414,397,38,917,913,151,989,687,692,480,783,7,586,191,619,876,706,839,388,413,664,811,603,633,891,127,496,78,302,475,37,11,34,965,797,336,451,688,269,142,640,382,267,957,233,599,349,956,510,705,545,756,438,228,990,212,771,663,805,542,279,174,949,770,123,938,166,128,222,936,341,909,698,148,403,908,283,214,489,499,312,157,100,182,731,841,863,534,47,749,116,352,330,87,154,373,505,616,476,700,384,958,10,303,858,758,422,652,708,122,527,328,46,234,691,463,57,972,531,131,589,849,502,218,739,77,503,277,14,939,667,445,196,677,565,524,347,717,925,427,784,374,219,772,517,338,966,130,3,970,630,132,703,760,879,905,890,639,224,381,298,734,694,570,255,747,686,799,657,701,376,892,325,860,830,178,371,411,81,97,482,162,948,90,119,615,75,600,272,400,944,399,153,169,436,316,444,628,759,693,108,321,607,728,48,665,736,991,207,203,719,556,953,13,973,95,138,969,39,827,637,868,568,914,300,554,433,547,447,401,711,988,792,803,678,240,405,263,435,106,1,200,213,380,750,115,585,426,364,718,301,982,446,557,31,199,304,699,184,551,168,113,17,815,457,546,578,825,247,500,360,469,796,76,924,608,658,93,946,339,789,479,955,443,696,442,604,560,346,712,58,253,16,916,495,249,150,88,786,244,695,167,768,776,236,288,871,227,183,753,386,50,613,36,521,22,15,960,631,28,44,714,271,20,491,761,430,120,456,368,933,593,462,833,441,651,808,611,885,141,859,428,139,752,409,548,265,738,53,96,539,146,610,181,795,470,306,73,296,230,206,92,292,394,256,189,569,713,874,165,389,974,72,320,392,231,707,814,343,561,861,766,866,961,947,877,840,952,530,618,541,309,319,802,516,448,408,584,344,754,62,774,434,156,105,5,305,532,375,624,449,763,642,239,23,746,536,980,367,40,559,882,511,856,313,118,887,415,851,582,369,567,659,248,896,317,112,378,315,229,280,755,140,649,894,564,91,636,826,513,484,144,245,406,895,782,179,880,800,563,857,769,921,193,940,94,575,632,335,82,964,904,779,671,762,126,832,238,460,617,791,625,432,515,84,986,161,798,743,855,282,216,968,810,727,173,605,440,907,650,668,577,35,396,9,987,595,468,293,847,676,101,286,538,262,843,186,647,56,596,80,359,30,235,264,523,410,225,134,715,350,291,453,804,175,404,809,109,597,645,54,872,540,878,724,976,294,807,614,562,662,437,919,638,266,2,129,416,215,41,124,226,672,806,172,241,270,424,886,223,910,697,918,252,635,60,431,954,888,333,726,398,361,429,574,526,680,927,950,552,454,730,550,757,780,21,591,571,971,390,490,689,773,418,487,326,537,275,507,601,114,220,192,79,501,903,327,99,897,587,308,735,493,729,137,981,533,765,89,788,846,329,720,324,901,733,59,764,732,576,558,171,163,104,778,365,237,929,459,522,180,471,370,922,912,621,342,147,683,276,85,69,945,461,498,512,421,566,623,210,790,194,848,281,935,49,870,923,634,155,519,197,217,793,472,492,930,606,675,66,978,43,355,45,357,485,767,926,644,842,232,67,190,188,332,867,852,975,102,110,68,579,775,417,900,818,801,744,395,152,465,393,340,654,71,208,83,290,481,51,931,837,509,962,52,158,42,823,12,159,937,259,911,285,149,318,477,177,273,544,464,622,297,251,984,690,202,737,817,185,742,135,494,620,18,145,816,992,845,854,580,983,928,648,353,813,864,666,820,893,889,725,740,685,473,322,450,372,204,528,660,25,311,977,385,497,884,242,107,198,506,967,920,932,583,951,838,425,387,684,170,136,656,201,383,592,70,466,478,334,420,850,29,143,553,941,745,117,609,323,670,274,942,835,520,590,33,195,98,
value : 515.3 running time : 37.414189
0 80 20
627 84.3401 15.2891
260 84.3401 15.2891
243 84.3401 15.2891
483 84.3401 15.2891
345 83.9091 15.2771
979 80.7661 15.1899
24 72.9037 14.9715
176 70.9625 14.9176
295 69.5365 14.8781
103 68.4149 14.8469
721 67.651 15.8458
777 66.1715 17.7802
504 64.8345 19.5284
598 63.3886 21.4188
781 61.6431 23.7011
6 60.8974 24.676
164 60.2301 25.5486
581 59.8173 26.0883
819 59.2104 26.8819
959 58.5091 27.7989
831 57.5945 28.9947
594 56.5224 30.3965
377 56.3508 30.6209
209 56.1883 30.8334
681 56.027 31.0443
314 55.8678 31.2524
844 55.2823 31.5496
358 54.869 31.7594
821 54.4169 31.9888
716 53.8824 32.2601
828 53.4854 32.4616
555 53.0558 32.6797
257 52.5953 32.9135
55 52.4691 32.9775
865 52.3273 33.0495
458 52.1906 33.1189
27 52.0535 33.1885
19 51.9079 33.2624
875 51.7638 33.3355
452 48.2941 32.8867
751 48.1104 32.8629
906 47.9055 32.8364
862 47.6821 32.8076
356 47.6791 32.8072
63 47.5999 32.6989
26 45.0795 29.2578
467 44.6153 28.6238
250 44.1768 28.0249
785 43.6909 27.3614
873 43.0172 26.4413
419 42.1287 25.2281
111 40.9635 23.6369
363 40.0943 22.4499
289 39.8755 22.1511
934 39.6094 21.7876
883 39.3299 21.406
160 39.0756 21.0587
822 38.7701 20.6415
834 38.4704 20.2322
310 38.0532 19.6625
626 37.6618 19.1279
337 37.3017 18.6361
653 36.9305 18.1292
704 36.4995 17.5405
407 36.0856 16.9753
573 35.7272 16.4858
64 35.3659 15.9923
287 35.0015 15.4947
702 34.6492 15.0136
669 34.6452 14.9926
518 34.6412 14.9718
351 34.0227 14.9638
261 33.4276 14.956
812 13.1835 14.6913
211 13.1333 14.9038
8 13.0838 15.1133
488 13.0336 15.3258
722 12.9792 15.5561
629 12.7936 16.3412
674 12.5747 17.2674
881 12.3558 18.1934
514 11.302 22.6476
299 11.2518 22.8602
572 11.2035 23.0647
362 11.1579 23.2576
133 11.1049 23.4821
258 11.0564 23.6872
898 11.0074 23.8944
4 10.995 23.9469
588 10.9836 23.9951
348 10.9703 24.0518
86 10.9549 24.1168
402 10.9549 24.1168
963 10.9549 24.1168
902 10.9549 24.1168
899 10.9549 24.1168
646 10.9549 24.1168
682 10.9666 24.1221
74 10.9786 24.1274
741 10.9906 24.1328
412 11.002 24.1378
673 11.0143 24.1433
187 11.0252 24.1482
794 11.0389 24.1542
455 11.052 24.1601
710 11.0655 24.1661
331 11.0782 24.1718
661 11.0915 24.1776
61 11.1029 24.1827
602 13.2979 25.1619
943 14.4826 25.69
824 15.5462 26.1641
354 15.721 26.2419
366 15.8828 26.314
641 16.5569 26.6144
307 17.2236 26.9115
829 17.4681 27.0204
643 17.7084 27.1274
474 17.9295 27.2259
121 18.1532 27.3255
439 18.377 27.4252
284 18.596 27.5227
254 18.809 27.6176
246 19.0279 27.7151
869 19.5836 28.8717
836 19.9438 29.6215
268 20.329 30.4234
915 20.7936 31.3904
549 21.313 32.4713
278 21.7718 33.4264
423 22.1595 34.2335
748 22.479 34.8984
723 22.5268 34.9979
679 22.5713 35.0905
125 22.6149 35.1814
65 22.6606 35.2766
525 22.7106 35.3807
32 22.7106 35.3807
486 22.7106 35.3807
535 22.7106 35.3807
985 22.7106 35.3807
508 24.5583 37.6351
391 24.9799 38.1495
543 25.7128 37.8547
221 26.5232 37.5287
655 27.2062 37.2539
853 28.0195 36.9267
612 28.2528 36.8329
529 28.5226 36.7244
379 28.788 36.6176
709 28.927 36.5617
205 29.082 36.6441
787 29.2484 36.7327
414 29.4126 36.8201
397 29.5783 36.9082
38 29.7473 36.9982
917 29.916 37.088
913 30.0514 37.16
151 30.058 37.1635
989 30.065 37.1673
687 30.0714 37.1707
692 30.0782 37.1743
480 30.0848 37.1778
783 30.091 37.1811
7 30.0974 37.1845
586 30.1039 37.188
191 30.0054 38.8481
619 29.8555 41.3719
876 29.7247 43.5765
706 29.6159 45.4094
839 29.4995 47.3714
388 29.4914 47.5086
413 29.4826 47.6571
664 29.4741 47.8013
811 29.4651 47.9534
603 29.4548 48.1284
633 29.4453 48.2892
891 29.4357 48.4516
127 29.4265 48.6078
496 28.7614 49.2488
78 28.416 49.5817
302 27.9564 50.2016
475 27.4683 50.8598
37 26.9551 51.552
11 26.3543 52.3623
34 25.1536 53.9813
965 24.2851 55.1525
797 24.0633 55.0209
336 23.8754 54.9095
451 23.71 54.8113
688 23.537 54.7086
269 23.3569 54.6017
142 23.1604 54.4852
640 22.9901 54.3841
382 22.8006 54.2716
267 22.6024 54.154
957 22.391 54.0286
233 22.1522 53.8869
599 21.9249 53.752
349 21.6585 53.5938
956 21.2445 53.3482
510 20.8504 53.1143
705 20.3998 52.847
545 19.9227 52.5638
756 19.3677 52.2345
438 18.3698 51.6422
228 16.8772 50.7565
990 16.0563 50.2694
212 15.5285 49.9562
771 15.2992 49.8201
663 15.0515 49.6731
805 14.8067 49.5278
542 14.5706 49.3877
279 14.3418 49.2519
174 14.0955 49.1058
949 13.8434 48.9562
770 13.578 48.7987
123 13.3442 48.6599
938 13.1339 48.5351
166 12.8764 48.3823
128 12.7069 48.2818
222 12.5762 48.2042
936 12.443 48.1252
341 12.3061 48.0439
909 12.1737 47.9653
698 12.0499 47.8919
148 11.9147 47.8116
403 11.7846 47.7345
908 11.623 47.6386
283 11.3789 47.4937
214 11.1786 47.3749
489 10.9842 47.2595
499 10.7825 47.1398
312 10.7825 47.1398
157 10.7825 47.1398
100 10.7825 47.1398
182 10.7825 47.1398
731 10.7825 47.1398
841 10.7825 47.1398
863 10.7825 47.1398
534 10.7825 47.1398
47 10.7825 47.1398
749 10.7825 47.1398
116 10.7825 47.1398
352 10.7825 47.1398
330 10.7825 47.1398
87 10.7825 47.1398
154 10.8029 47.239
373 10.8224 47.3344
505 10.8418 47.4289
616 10.86 47.5176
476 10.8793 47.6114
700 10.8978 47.7014
384 10.9171 47.7957
958 10.9369 47.8922
10 10.9592 48.001
303 10.9838 48.1207
858 11.0072 48.2346
758 11.0297 48.3444
422 11.053 48.4579
652 10.3906 48.4262
708 9.75402 48.3957
122 9.21213 48.3698
527 8.92421 48.3559
328 8.63777 48.3422
46 8.70924 49.5033
234 8.91639 52.873
691 8.9648 53.6587
463 9.00655 54.3364
57 9.05753 55.1642
972 9.11633 56.1192
531 9.17605 57.089
131 9.23024 57.9689
589 9.27645 58.7191
849 9.32181 59.4554
502 9.3932 60.615
218 9.41818 61.02
739 9.44813 61.5063
77 9.47569 61.9535
503 9.50273 62.3925
277 9.52332 62.7265
14 9.54307 63.047
939 9.5621 63.3559
667 9.58177 63.6751
445 9.59816 63.9413
196 9.61209 64.1671
677 9.62679 64.4057
565 9.64337 64.675
524 9.66158 64.9705
347 9.67852 65.2454
717 9.69706 65.5461
925 9.71428 65.8255
427 9.73538 66.168
784 9.7551 66.488
374 9.77675 66.8395
219 9.79289 67.1013
772 9.80974 67.3747
517 9.82882 67.6844
338 9.8477 67.9908
966 9.86595 68.287
130 9.88433 68.5852
3 9.90329 68.8928
970 9.92297 69.2123
630 9.94302 69.5377
132 9.96312 69.8638
703 9.98434 70.208
760 10.0095 70.6164
879 10.0491 71.2584
905 10.0912 71.9421
890 10.094 71.9877
639 10.0967 72.0311
224 10.0994 72.0761
381 10.1022 72.1203
298 10.1051 72.1677
734 10.1079 72.2133
694 10.111 72.263
570 10.1141 72.3144
255 10.1166 72.3548
747 10.1193 72.3983
686 10.1224 72.4493
799 10.1254 72.4969
657 10.1285 72.5472
701 10.1314 72.5942
376 10.1343 72.6422
892 10.1378 72.6992
325 10.1407 72.7456
860 10.1433 72.7875
830 10.146 72.8319
178 10.1486 72.8741
371 10.151 72.9131
411 10.1535 72.9536
81 10.1564 73.0007
97 10.1595 73.0502
482 10.1624 73.0984
162 10.1655 73.1486
948 10.1686 73.198
90 10.1717 73.2489
119 10.1717 73.2489
615 10.1717 73.2489
75 10.1717 73.2489
600 10.1717 73.2489
272 10.0872 74.0056
400 9.9801 74.9637
944 9.86428 76.0003
399 9.78369 76.7215
153 9.7246 77.2502
169 9.69515 77.5138
436 9.668 77.7568
316 9.64048 78.003
444 9.6159 78.223
628 9.59191 78.4377
759 9.56897 78.643
693 9.54486 78.8588
108 9.52772 79.0122
321 9.51189 79.1538
607 9.49559 79.2997
728 9.47655 79.4701
48 9.45761 79.6396
665 9.44041 79.7935
736 9.41356 80.0338
991 9.39223 80.2247
207 9.36986 80.4249
203 9.22295 81.7397
719 9.07774 83.0392
556 8.95065 84.1766
953 8.73926 86.0685
13 8.5824 87.4723
973 8.57689 87.5216
95 8.57166 87.5684
138 8.566 87.619
969 8.56062 87.6672
39 8.55503 87.7172
827 8.54954 87.7664
637 8.54445 87.8119
868 8.53893 87.8612
568 8.53365 87.9085
914 8.52857 87.954
300 8.52374 87.9972
554 8.51876 88.0418
433 8.51339 88.0898
547 8.50735 88.1439
447 8.5016 88.1953
401 8.49621 88.2436
711 8.49051 88.2946
988 8.48512 88.3428
792 8.48513 88.3428
803 8.48513 88.3428
678 8.48513 88.3428
240 8.48513 88.3428
405 8.48513 88.3428
263 8.48513 88.3428
435 8.48513 88.3428
106 8.48513 88.3428
1 8.48513 88.3428
200 8.48513 88.3428
213 8.48513 88.3428
380 8.48513 88.3428
750 8.48513 88.3428
115 8.77472 88.1043
585 9.02436 87.8987
426 9.32463 87.6514
364 9.6283 87.4013
718 9.94365 87.1416
301 10.2646 86.8772
982 10.6014 86.5998
446 10.9385 86.3222
557 11.2865 86.0355
31 11.6344 85.749
199 11.9749 85.4686
304 12.3669 85.1457
699 12.799 84.7898
184 13.2488 84.4193
551 13.6451 84.0928
168 14.0211 83.7831
113 14.353 83.5097
17 14.586 83.3179
815 14.8307 83.1163
457 15.0982 82.896
546 15.3658 82.6756
578 15.6848 82.4129
825 15.9619 82.1847
247 16.2302 81.9637
500 16.5529 81.6979
360 16.8485 81.4544
469 17.1456 81.2098
796 17.4441 80.9639
76 17.7385 80.7215
924 18.0044 80.5025
608 18.0648 80.6379
658 18.1221 80.7663
93 18.1826 80.9021
946 18.2382 81.0267
339 18.2964 81.1571
789 18.3537 81.2858
479 18.414 81.4209
955 18.4785 81.5655
443 18.5433 81.7107
696 18.6152 81.8721
442 18.6152 81.8721
604 18.6152 81.8721
560 18.7228 82.2225
346 18.8332 82.5821
712 19.0732 83.3638
58 19.2395 83.9054
253 19.4008 84.4306
16 19.5323 84.8592
916 19.6934 85.3837
495 19.8538 85.9062
249 20.0156 86.4331
150 20.1784 86.9633
88 20.246 87.1837
786 20.3241 87.438
244 20.3514 87.5269
695 20.3823 87.6276
167 20.4135 87.7292
768 20.4481 87.8418
776 20.4481 87.8418
236 20.4481 87.8418
288 20.9505 87.9982
871 21.4281 88.1468
227 21.886 88.2893
183 22.3358 88.4293
753 22.7861 88.5694
386 23.2426 88.7115
50 24.7362 89.1766
613 26.5094 89.7288
36 26.5094 89.7288
521 26.5094 89.7288
22 26.5094 89.7288
15 26.5094 89.7288
960 26.5423 89.7276
631 26.5716 89.7265
28 26.6006 89.7254
44 26.6289 89.7243
714 26.6576 89.7232
271 26.6905 89.7219
20 26.7199 89.7208
491 26.749 89.7197
761 26.7802 89.7185
430 26.8112 89.7173
120 26.8436 89.7161
456 26.8717 89.715
368 26.9015 89.7139
933 26.9308 89.7128
593 26.9618 89.7116
462 26.992 89.7105
833 27.3329 89.6975
441 27.6791 89.6844
651 28.0793 89.6691
808 28.5126 89.6527
611 28.9033 89.6378
885 29.3176 89.6221
141 29.7871 89.6043
859 30.2157 89.588
428 30.6954 89.5698
139 31.1908 89.5509
752 31.4107 89.5426
409 31.6089 89.5351
548 31.865 89.5253
265 32.1053 89.5162
738 32.2474 89.5108
53 32.3861 89.5055
96 32.5118 89.5008
539 32.6475 89.4956
146 32.7709 89.4909
610 32.891 89.4864
181 33.0295 89.4811
795 33.1482 89.4766
470 33.271 89.4719
306 33.3879 89.4675
73 33.8439 89.4502
296 34.3333 89.4316
230 34.9054 89.4098
206 35.4547 89.389
92 35.9069 89.3718
292 36.3954 89.3532
394 36.8693 89.3352
256 37.3169 89.3182
189 37.7998 89.2999
569 38.3117 89.2804
713 38.8221 89.261
874 39.2447 89.2449
165 39.5624 89.2329
389 39.8622 89.2215
974 40.1547 89.2104
72 40.4882 89.1977
320 40.8522 89.1838
392 41.1594 89.1722
231 41.4875 89.1597
707 41.8582 89.1456
814 42.2696 89.13
343 42.6577 89.1152
561 43.0228 89.1014
861 43.4178 89.0864
766 43.7314 89.0744
866 44.0754 89.0614
961 44.4316 89.0478
947 44.7069 89.0374
877 44.9566 89.0279
840 45.2382 89.0172
952 45.5814 89.0041
530 45.8705 88.9932
618 46.1724 88.9817
541 46.4457 88.9713
309 46.7014 88.9616
319 46.983 88.9509
802 47.2705 88.9399
516 47.3113 88.9384
448 47.3523 88.9368
408 48.4236 88.896
584 49.4905 88.8554
344 49.5984 88.8513
754 49.5984 88.8513
62 49.5984 88.8513
774 49.5984 88.8513
434 49.5984 88.8513
156 49.5984 88.8513
105 49.5984 88.8513
5 49.5984 88.8513
305 49.5984 88.8513
532 49.5984 88.8513
375 49.5984 88.8513
624 49.5984 88.8513
449 49.5984 88.8513
763 49.5984 88.8513
642 49.5984 88.8513
239 49.5984 88.8513
23 49.5984 88.8513
746 49.5984 88.8513
536 49.5984 88.8513
980 49.5984 88.8513
367 49.5984 88.8513
40 49.5984 88.8513
559 49.5984 88.8513
882 49.5984 88.8513
511 49.5984 88.8513
856 49.5984 88.8513
313 49.7638 88.3902
118 49.9344 87.9148
887 50.1033 87.444
415 50.267 86.9877
851 50.4286 86.5371
582 50.5897 86.088
369 50.5897 86.088
567 50.5897 86.088
659 50.5641 85.7635
248 50.5395 85.4518
896 50.5176 85.1755
317 50.4133 83.8546
112 50.3155 82.617
378 50.3152 82.6126
315 50.2944 82.508
229 50.2754 82.4126
280 50.2562 82.3162
755 50.2368 82.2186
140 50.2182 82.1248
649 50.1983 82.0249
894 50.6308 80.9245
564 50.7403 80.6458
91 50.8588 80.3444
636 50.9617 80.0825
826 51.0755 79.7929
513 51.1894 79.5031
484 51.2995 79.2229
144 51.3867 79.0012
245 51.4694 78.7906
406 51.5625 78.5538
895 51.6617 78.3013
782 51.7591 78.0536
179 51.8502 77.8218
880 51.9482 77.5723
800 52.0543 77.3026
563 52.1529 77.0517
857 52.2573 76.786
769 52.3575 76.531
921 52.4538 76.286
193 52.5481 76.046
940 52.6599 75.7614
94 52.7834 75.4473
575 52.8997 75.1513
632 53.03 74.82
335 53.1529 74.5072
82 53.2864 74.1674
964 53.613 73.3364
904 53.7705 72.9358
779 53.8694 72.684
671 53.9656 72.4393
762 54.071 72.1712
126 54.1579 71.95
832 54.2763 71.6488
238 54.4038 71.3243
460 54.5001 71.0792
617 54.6047 70.8131
791 54.7087 70.5487
625 54.8052 70.3031
432 54.8868 70.0952
515 54.9794 69.8598
84 55.0636 69.6455
986 55.1427 69.4443
161 55.2325 69.2158
798 55.315 69.0059
743 55.3901 68.8147
855 55.4639 68.627
282 55.5428 68.4262
216 55.6169 68.2378
968 55.6896 68.0527
810 55.7642 67.863
727 55.8325 67.6892
173 55.9083 67.4962
605 55.9831 67.3059
440 56.0611 67.1074
907 56.1406 66.9052
650 56.2137 66.7191
668 55.6707 66.2423
577 55.0783 65.7222
35 54.5851 65.2892
396 54.1167 64.8779
9 54.0208 64.7937
987 53.9112 64.6975
595 53.7858 64.5874
468 53.6207 64.4425
293 53.4606 64.3019
847 53.3029 64.1634
676 52.6336 63.5758
101 52.1015 63.1086
286 51.7074 62.7626
538 51.3083 62.4122
262 50.5901 61.7816
843 50.1798 61.4213
186 50.151 61.4531
647 50.1213 61.486
56 48.2052 63.6044
596 46.5066 65.4827
80 45.1682 66.9627
359 44.0336 68.2174
30 44.0336 68.2174
235 44.0336 68.2174
264 44.0336 68.2174
523 44.0336 68.2174
410 44.0336 68.2174
225 44.0336 68.2175
134 44.0336 68.2175
715 44.0336 68.2175
350 44.0335 68.2175
291 44.0335 68.2175
453 44.0335 68.2175
804 44.0335 68.2175
175 44.0335 68.2175
404 44.0335 68.2175
809 44.0335 68.2175
109 44.0335 68.2175
597 44.0335 68.2175
645 41.2765 71.3253
54 40.8153 71.8486
872 40.3304 72.3993
540 39.8974 72.8906
878 39.4729 73.3722
724 39.0593 73.8414
976 38.6491 74.3069
294 38.2421 74.7687
807 37.838 75.2272
614 37.4345 75.685
562 37.0357 76.1375
662 36.638 76.5887
437 36.2545 77.0239
919 35.9062 77.419
638 35.5758 77.7938
266 35.2681 78.1429
2 35.2681 78.1429
129 35.2681 78.1429
416 35.0569 78.0964
215 34.78 78.0354
41 34.4751 77.9683
124 34.2238 77.9129
226 33.9803 77.8593
672 33.734 77.8051
806 33.4923 77.7519
172 33.26 77.7008
241 32.5346 77.5411
270 31.4945 77.312
424 30.3 77.049
886 30.1414 77.0141
223 30.0291 76.9894
910 29.9134 76.9639
697 29.7514 76.9282
918 29.6051 76.896
252 29.0799 76.7804
635 28.4802 76.6483
60 27.9564 76.533
431 27.4027 76.4111
954 26.9379 76.3087
888 26.443 76.1998
333 25.9666 76.0949
726 25.487 75.9893
398 25.0445 75.8918
361 24.8315 75.845
429 24.6326 75.8012
574 24.4567 75.7624
526 24.2658 75.7204
680 24.0686 75.677
927 24.0389 75.6704
950 24.0075 75.6635
552 23.9764 75.6567
454 23.9472 75.6502
730 23.9168 75.6436
550 23.8845 75.6364
757 23.8537 75.6297
780 23.8218 75.6226
21 24.0766 75.1663
591 24.0766 75.1663
571 24.0766 75.1663
971 24.0766 75.1663
390 24.0766 75.1663
490 24.0766 75.1663
689 24.0766 75.1663
773 24.0766 75.1663
418 24.0398 74.7701
487 23.9613 73.9243
326 23.8762 73.0089
537 23.7846 72.0232
275 23.6802 70.9
507 23.5823 69.8466
601 23.527 69.2515
114 23.4738 68.6782
220 23.4331 68.2405
192 23.3868 67.7425
79 23.7433 67.3494
501 24.0625 66.9975
903 24.3704 66.658
327 24.6673 66.3307
99 24.9714 65.9953
897 25.3081 65.6241
587 25.6445 65.2531
308 25.9854 64.8773
735 26.2981 64.5325
493 26.6019 64.1975
729 26.8785 63.8926
137 27.1536 63.5893
981 27.4174 63.2984
533 27.6938 62.9936
765 27.6938 62.9936
89 27.6938 62.9936
788 27.6938 62.9936
846 27.6938 62.9936
329 27.6938 62.9936
720 27.6938 62.9936
324 27.6938 62.9936
901 27.6938 62.9936
733 27.6938 62.9936
59 27.6938 62.9936
764 27.6938 62.9936
732 31.8821 59.9456
576 33.8674 58.5005
558 35.4881 57.3206
171 35.4881 57.3206
163 35.6519 57.177
104 35.9112 56.9498
778 36.1792 56.7149
365 36.422 56.502
237 36.7043 56.2546
929 36.964 56.0269
459 37.2376 55.7871
522 37.5538 55.5099
180 37.8346 55.2638
471 38.089 55.0408
370 38.3451 54.8163
922 38.5962 54.5962
912 38.8482 54.3754
621 39.148 54.1125
342 39.4304 53.865
147 39.6654 53.659
683 39.9101 53.4445
276 44.1186 49.7554
85 46.3855 47.7683
69 46.4753 47.5042
945 46.5578 47.2613
461 46.6411 47.0163
498 46.7323 46.7479
512 46.8434 46.4209
421 46.9592 46.0801
566 46.9592 46.0801
623 46.9592 46.0801
210 46.9592 46.0801
790 46.9592 46.0801
194 46.9592 46.0801
848 46.9592 46.0801
281 46.9592 46.0801
935 46.9592 46.0801
49 46.9592 46.0801
870 48.2175 46.303
923 49.3995 46.5124
634 50.5114 46.7094
155 50.9346 46.7845
519 51.4394 46.874
197 51.9114 46.9577
217 52.451 47.0533
793 52.9542 47.1426
472 53.4237 47.2258
492 53.9418 47.3177
930 54.482 47.4135
606 55.0334 47.5112
675 55.4515 47.5854
66 55.8007 47.6473
978 56.1949 47.7172
43 56.5872 47.7868
355 56.9709 47.8548
45 58.1684 48.067
357 58.6447 48.5526
485 59.1186 49.0357
767 59.5092 49.434
926 59.7885 49.7187
644 60.0536 49.989
842 60.3316 50.2724
232 60.6096 50.5559
67 64.0821 56.894
190 64.6359 57.9047
188 65.2208 58.9722
332 69.9502 67.6046
867 69.9502 67.6046
852 69.9502 67.6046
975 69.9502 67.6046
102 69.9502 67.6046
110 69.7199 68.3234
68 69.476 69.0851
579 69.218 69.8909
775 68.9686 70.6695
417 68.8391 71.0735
900 68.7597 71.3213
818 68.6762 71.5818
801 68.5977 71.8268
744 68.5759 71.8945
395 68.5536 71.964
152 68.5348 72.0226
465 68.5131 72.0904
393 68.5131 72.0904
340 68.5131 72.0904
654 68.5131 72.0904
71 68.5131 72.0904
208 68.5131 72.0904
83 68.3676 73.4307
290 68.2415 74.5916
481 68.112 75.785
51 67.9976 76.8381
931 67.8805 77.9162
837 67.7824 78.819
509 67.6735 79.8217
962 67.5437 81.0176
52 67.1661 84.5078
158 67.1051 85.0692
42 67.0528 85.5501
823 67.0078 85.9632
12 66.9646 86.3604
159 66.9147 86.8189
937 66.8594 87.3282
259 66.7986 87.8877
911 66.5114 90.5391
285 66.6172 90.539
149 66.7147 90.5388
318 66.8114 90.5387
477 66.9064 90.5386
177 67.0025 90.5385
273 67.1012 90.5383
544 67.2017 90.5382
464 67.3005 90.5381
622 67.4023 90.538
297 67.5028 90.5378
251 67.6029 90.5377
984 67.7001 90.5376
690 67.8 90.5375
202 68.0541 90.5372
737 68.3642 90.5369
817 68.8558 90.5364
185 69.3687 90.536
742 69.9896 90.5355
135 70.5457 90.535
494 70.6435 90.0327
620 70.7438 89.5177
18 70.8612 88.9143
145 70.8612 88.9143
816 70.8612 88.9143
992 71.5804 88.8873
845 72.9141 88.837
854 74.4624 88.7786
580 76.1014 88.7168
983 78.9916 88.6074
928 80.5282 88.5494
648 80.6711 88.3363
353 80.7953 88.151
813 80.9822 87.8721
864 81.1848 87.5699
666 81.3843 87.2724
820 81.6165 86.9259
893 81.9633 86.4088
889 82.4956 85.6149
725 83.005 84.8553
740 83.5509 84.0412
685 84.0778 83.2554
473 84.5526 82.5474
322 85.0853 81.753
450 85.9047 80.5314
372 86.376 79.8285
204 86.3342 79.322
528 86.2958 78.8572
660 86.2623 78.4516
25 86.231 78.0734
311 85.8992 74.0596
977 85.3745 67.7153
385 85.2117 65.7458
497 84.9777 62.9151
884 84.3456 62.3253
242 83.8055 61.8214
107 83.325 61.3731
198 82.7991 60.8825
506 82.3215 60.4369
967 81.7979 59.9484
920 81.386 59.564
932 81.0545 59.2548
583 80.7517 58.9723
951 80.4931 58.7311
838 80.2311 58.4866
425 79.966 58.2393
387 79.7474 58.0353
684 79.5384 57.8403
170 79.3084 57.6258
136 78.8154 57.1658
656 78.3205 56.704
201 77.8851 56.2978
383 77.3944 55.8401
592 76.1037 54.6357
70 75.3004 53.8861
466 74.966 53.5741
478 74.966 53.5741
334 75.034 53.3459
420 75.1021 53.1176
850 75.1694 52.8918
29 75.2347 52.6724
143 75.3067 52.431
553 75.3789 52.1889
941 75.4503 51.9498
745 75.5099 51.7495
117 75.5099 51.7495
609 75.8016 50.8027
323 76.007 50.1357
670 76.0958 49.847
274 76.1819 49.5675
942 76.2504 49.3449
835 78.0777 43.4173
520 79.078 40.1717
590 79.6125 38.4368
33 79.9438 37.3612
195 80.2092 36.4997
98 82.189 30.0768
