0,627,243,260,483,979,98,345,745,33,274,590,107,967,838,520,425,920,932,553,835,609,592,951,850,136,29,323,102,670,195,466,656,538,70,152,577,186,485,293,798,188,478,515,468,68,67,668,161,393,208,216,85,810,262,964,986,432,282,91,605,791,625,793,558,743,286,498,281,676,35,732,194,533,493,365,237,929,922,291,523,163,912,839,180,621,522,597,809,715,507,459,765,422,382,137,903,104,645,89,571,971,640,411,910,897,327,576,596,21,30,54,171,390,954,537,788,308,175,134,350,225,804,965,683,957,235,56,779,802,294,878,410,404,179,564,636,484,513,563,539,662,782,769,976,895,894,724,270,80,659,340,238,987,762,647,229,335,632,800,857,109,855,453,617,968,84,315,582,112,921,460,9,975,173,440,595,904,907,650,654,190,837,941,962,727,94,867,290,383,579,900,818,832,509,847,317,937,864,852,977,528,332,201,684,942,583,110,334,420,387,506,198,242,170,884,497,385,450,311,660,725,25,685,889,372,820,473,322,83,481,204,740,648,928,620,983,273,580,135,318,285,854,494,893,52,817,159,575,816,395,801,984,622,477,845,465,823,417,931,813,666,742,145,353,378,671,880,775,744,18,297,51,71,567,185,319,202,62,369,415,851,826,952,911,12,887,584,464,177,544,737,313,690,618,158,118,251,149,536,516,42,23,856,245,532,874,408,541,992,896,807,530,774,642,259,416,755,40,814,754,343,140,766,375,559,105,367,320,713,309,193,406,280,344,206,861,947,434,980,511,165,156,882,5,746,449,562,707,139,613,129,448,22,624,961,569,248,305,126,561,540,940,292,840,252,649,92,795,82,189,226,866,974,877,752,265,172,53,763,230,392,181,389,239,241,437,72,296,20,73,808,470,120,786,2,424,960,146,96,548,253,738,409,271,773,428,231,918,141,806,888,490,886,479,333,144,614,394,256,919,638,578,501,124,574,689,215,872,591,16,658,113,950,789,730,600,266,275,168,924,361,526,167,223,946,431,503,560,780,60,454,487,726,697,184,360,550,400,132,272,500,701,399,93,244,885,695,604,672,712,41,58,608,757,99,552,220,927,635,339,982,95,433,615,719,905,446,892,495,346,825,418,31,288,651,306,13,1,138,456,76,933,610,88,859,611,441,699,50,150,442,462,15,871,750,776,36,753,916,28,430,631,227,183,593,491,115,714,768,521,761,368,696,833,44,815,108,364,386,17,263,955,637,803,249,796,546,973,711,236,557,106,304,405,247,199,678,736,988,435,380,827,200,213,969,39,401,868,585,953,153,301,568,547,426,718,667,607,240,444,914,554,300,693,316,860,792,556,991,427,694,570,457,298,325,436,326,469,728,321,443,48,447,944,502,628,169,639,966,219,879,178,890,203,90,207,75,830,948,445,14,224,799,531,939,517,717,192,759,739,551,374,686,255,119,338,381,657,81,277,398,734,371,77,665,747,429,784,336,846,359,720,901,729,34,599,587,79,733,510,349,482,630,680,162,524,97,376,329,601,841,130,688,373,37,565,764,772,196,114,543,234,527,703,708,166,303,47,760,805,858,233,279,534,677,131,122,925,57,589,3,970,972,981,758,214,347,749,157,863,328,330,499,958,128,849,463,616,228,312,174,698,46,182,148,731,771,909,423,956,116,218,123,100,936,542,78,391,451,700,403,222,633,691,133,770,352,489,154,505,283,990,496,125,476,985,341,32,652,87,384,4,10,514,212,86,362,299,455,898,710,794,258,348,187,682,61,331,963,74,741,588,674,646,881,412,722,629,812,211,488,366,899,643,572,641,702,602,673,268,661,474,836,902,402,363,829,704,310,337,26,626,111,246,439,64,287,518,669,351,407,8,573,254,709,221,883,824,687,612,935,257,853,278,205,917,787,811,284,869,943,354,915,549,121,65,679,529,723,307,525,11,438,655,949,486,663,938,797,38,876,452,414,475,908,397,535,269,664,619,151,862,302,127,783,210,735,705,388,545,748,603,508,413,324,267,756,59,142,264,472,147,706,989,913,155,512,49,101,197,370,716,891,471,778,461,342,566,396,377,870,923,945,843,519,276,906,606,930,767,63,232,675,821,358,117,926,143,357,43,45,848,978,644,594,842,458,217,69,492,623,6,314,634,751,785,875,19,781,355,681,66,828,419,467,55,865,164,692,7,790,356,480,834,261,844,873,555,250,289,934,421,379,586,191,160,209,822,653,959,24,27,819,831,504,176,295,777,581,598,103,721,
value : 808.768 running time : 25.212158
0 80 20
627 85.7342 11.9247
243 85.7342 11.9247
260 85.7342 11.9247
483 85.7342 11.9247
979 85.7342 11.9247
98 89.874 19.3883
345 89.874 19.3883
745 84.5377 40.7178
33 84.5377 40.7178
274 84.5377 40.7178
590 84.5377 40.7178
107 85.956 45.7088
967 85.956 45.7088
838 85.956 45.7088
520 85.956 45.7088
425 85.956 45.7088
920 80.1961 46.5256
932 80.1961 46.5256
553 80.1961 46.5256
835 80.1961 46.5256
609 80.1961 46.5256
592 80.1961 46.5256
951 80.1961 46.5256
850 80.1961 46.5256
136 80.1961 46.5256
29 80.1961 46.5256
323 80.1961 46.5256
102 74.8406 53.5883
670 74.8406 53.5883
195 74.8406 53.5883
466 74.8406 53.5883
656 74.8406 53.5883
538 70.1734 55.2596
70 70.1734 55.2596
152 70.1734 55.2596
577 61.2342 60.0576
186 61.2342 60.0576
485 61.2342 60.0576
293 61.2342 60.0576
798 61.2342 60.0576
188 61.2342 60.0576
478 61.2342 60.0576
515 61.2342 60.0576
468 61.2342 60.0576
68 61.5145 61.4375
67 61.5145 61.4375
668 61.5145 61.4375
161 61.5145 61.4375
393 61.5145 61.4375
208 61.5145 61.4375
216 61.5145 61.4375
85 61.5145 61.4375
810 61.5145 61.4375
262 60.3009 60.5369
964 60.3009 60.5369
986 53.577 61.7939
432 53.577 61.7939
282 53.577 61.7939
91 53.577 61.7939
605 53.577 61.7939
791 53.577 61.7939
625 53.577 61.7939
793 53.577 61.7939
558 53.577 61.7939
743 53.577 61.7939
286 53.577 61.7939
498 53.577 61.7939
281 53.577 61.7939
676 53.577 61.7939
35 53.577 61.7939
732 53.577 61.7939
194 39.5974 57.4388
533 39.5974 57.4388
493 39.5974 57.4388
365 39.5974 57.4388
237 39.5974 57.4388
929 39.5974 57.4388
922 39.5974 57.4388
291 39.5974 57.4388
523 39.5974 57.4388
163 39.5974 57.4388
912 39.5974 57.4388
839 39.5974 57.4388
180 39.5974 57.4388
621 39.5974 57.4388
522 39.5974 57.4388
597 39.5974 57.4388
809 39.5974 57.4388
715 39.5974 57.4388
507 34.0756 58.8416
459 34.0756 58.8416
765 34.0756 58.8416
422 32.1453 56.9881
382 32.1453 56.9881
137 32.1453 56.9881
903 32.1453 56.9881
104 32.1453 56.9881
645 32.1453 56.9881
89 32.1453 56.9881
571 28.7758 58.3121
971 28.7758 58.3121
640 28.7758 58.3121
411 29.2303 61.7673
910 29.2303 61.7673
897 29.2303 61.7673
327 29.2303 61.7673
576 29.2303 61.7673
596 29.2303 61.7673
21 29.2303 61.7673
30 29.2303 61.7673
54 29.2303 61.7673
171 29.7354 64.5725
390 29.7354 64.5725
954 35.2255 68.5518
537 35.2255 68.5518
788 35.2255 68.5518
308 35.2255 68.5518
175 35.2255 68.5518
134 35.2255 68.5518
350 35.2255 68.5518
225 35.2255 68.5518
804 35.2255 68.5518
965 35.2255 68.5518
683 35.2255 68.5518
957 35.2255 68.5518
235 37.5689 71.8996
56 37.5689 71.8996
779 37.5689 71.8996
802 39.8534 73.1064
294 39.8534 73.1064
878 39.8534 73.1064
410 39.8534 73.1064
404 39.8534 73.1064
179 41.2944 76.7926
564 41.2944 76.7926
636 41.2944 76.7926
484 41.2944 76.7926
513 41.2944 76.7926
563 41.2944 76.7926
539 42.2896 76.9531
662 42.2896 76.9531
782 42.2896 76.9531
769 42.2896 76.9531
976 42.2896 76.9531
895 42.2896 76.9531
894 42.2896 76.9531
724 42.2896 76.9531
270 42.2896 76.9531
80 42.2896 76.9531
659 42.2896 76.9531
340 53.6499 73.6769
238 53.6499 73.6769
987 53.6499 73.6769
762 53.6499 73.6769
647 57.2136 73.3261
229 57.2136 73.3261
335 57.2136 73.3261
632 57.2136 73.3261
800 57.2136 73.3261
857 57.2136 73.3261
109 57.2136 73.3261
855 57.2136 73.3261
453 57.2136 73.3261
617 57.2136 73.3261
968 57.2136 73.3261
84 57.2136 73.3261
315 57.2136 73.3261
582 57.2136 73.3261
112 57.2136 73.3261
921 57.2136 73.3261
460 57.2136 73.3261
9 57.2136 73.3261
975 62.7852 65.1013
173 62.7852 65.1013
440 62.7852 65.1013
595 62.7852 65.1013
904 62.7852 65.1013
907 62.7852 65.1013
650 62.7852 65.1013
654 62.7852 65.1013
190 62.7852 65.1013
837 62.7852 65.1013
941 62.7852 65.1013
962 62.7852 65.1013
727 62.7852 65.1013
94 62.2081 68.2959
867 62.2081 68.2959
290 62.2081 68.2959
383 66.7167 68.6411
579 66.7167 68.6411
900 66.7167 68.6411
818 66.5885 69.991
832 66.5885 69.991
509 66.5885 69.991
847 66.5885 69.991
317 68.7265 73.5823
937 68.7265 73.5823
864 72.0537 73.3206
852 72.0537 73.3206
977 74.7205 67.7639
528 74.7205 67.7639
332 74.7205 67.7639
201 74.7205 67.7639
684 74.5694 66.1179
942 74.5694 66.1179
583 74.5694 66.1179
110 74.5694 66.1179
334 74.5694 66.1179
420 74.5694 66.1179
387 83.0833 62.3404
506 83.0833 62.3404
198 83.0833 62.3404
242 83.0833 62.3404
170 83.0833 62.3404
884 83.0833 62.3404
497 86.4222 65.1984
385 86.4222 65.1984
450 86.4222 65.1984
311 85.504 71.0374
660 85.504 71.0374
725 91.2659 80.6415
25 91.2659 80.6415
685 91.2659 80.6415
889 91.2659 80.6415
372 91.2659 80.6415
820 84.4023 86.3621
473 84.4023 86.3621
322 84.4023 86.3621
83 78.3862 82.2844
481 78.3862 82.2844
204 78.3862 82.2844
740 78.3862 82.2844
648 78.3862 82.2844
928 75.6323 93.6799
620 75.6323 93.6799
983 75.6323 93.6799
273 75.6323 93.6799
580 75.6323 93.6799
135 75.6323 93.6799
318 75.6323 93.6799
285 75.6323 93.6799
854 75.6323 93.6799
494 75.6323 93.6799
893 75.6323 93.6799
52 75.6323 93.6799
817 75.6323 93.6799
159 75.6323 93.6799
575 66.3877 88.2094
816 66.3877 88.2094
395 66.3877 88.2094
801 66.3877 88.2094
984 66.3877 88.2094
622 66.3877 88.2094
477 66.3877 88.2094
845 66.3877 88.2094
465 66.3877 88.2094
823 66.3877 88.2094
417 66.3877 88.2094
931 66.3877 88.2094
813 66.3877 88.2094
666 66.3877 88.2094
742 66.3877 88.2094
145 66.3877 88.2094
353 66.3877 88.2094
378 66.3877 88.2094
671 63.1195 76.4486
880 63.1195 76.4486
775 63.1195 76.4486
744 63.1195 76.4486
18 63.1195 76.4486
297 63.1195 76.4486
51 63.1195 76.4486
71 63.1195 76.4486
567 59.9281 83.5138
185 59.9281 83.5138
319 56.0629 83.894
202 56.0629 83.894
62 56.0629 83.894
369 56.0629 83.894
415 56.0629 83.894
851 56.0629 83.894
826 56.0629 83.894
952 56.0629 83.894
911 59.269 86.676
12 59.269 86.676
887 59.269 86.676
584 59.269 86.676
464 59.269 86.676
177 59.269 86.676
544 61.086 97.4776
737 61.086 97.4776
313 61.086 97.4776
690 61.086 97.4776
618 61.086 97.4776
158 61.086 97.4776
118 61.086 97.4776
251 61.086 97.4776
149 61.086 97.4776
536 53.3033 93.3448
516 53.3033 93.3448
42 53.3033 93.3448
23 53.3033 93.3448
856 53.3033 93.3448
245 53.3033 93.3448
532 53.3033 93.3448
874 53.3033 93.3448
408 53.3033 93.3448
541 53.3033 93.3448
992 53.3033 93.3448
896 53.3033 93.3448
807 51.8197 85.9325
530 51.8197 85.9325
774 51.8197 85.9325
642 51.8197 85.9325
259 51.8197 85.9325
416 51.8197 85.9325
755 51.8197 85.9325
40 51.8197 85.9325
814 51.8197 85.9325
754 51.8197 85.9325
343 51.8197 85.9325
140 51.8197 85.9325
766 48.2031 88.7197
375 48.2031 88.7197
559 48.2031 88.7197
105 48.2031 88.7197
367 48.2031 88.7197
320 48.2031 88.7197
713 48.2031 88.7197
309 48.2031 88.7197
193 48.2031 88.7197
406 48.2031 88.7197
280 48.2031 88.7197
344 47.1863 90.473
206 47.1863 90.473
861 47.1863 90.473
947 47.1863 90.473
434 47.1863 90.473
980 47.1863 90.473
511 47.1863 90.473
165 47.1863 90.473
156 47.1863 90.473
882 47.1863 90.473
5 47.1863 90.473
746 47.1863 90.473
449 47.1863 90.473
562 47.1863 90.473
707 47.1863 90.473
139 43.3479 92.7289
613 43.3479 92.7289
129 43.3479 92.7289
448 43.3479 92.7289
22 43.3479 92.7289
624 43.3479 92.7289
961 43.3479 92.7289
569 43.3479 92.7289
248 40.3678 89.6677
305 40.3678 89.6677
126 39.5136 87.3843
561 39.5136 87.3843
540 39.9703 85.6574
940 39.9703 85.6574
292 39.9703 85.6574
840 39.9703 85.6574
252 39.9703 85.6574
649 39.9703 85.6574
92 39.9703 85.6574
795 39.9703 85.6574
82 39.9703 85.6574
189 39.9703 85.6574
226 39.9703 85.6574
866 39.9703 85.6574
974 36.8702 88.1314
877 36.8702 88.1314
752 36.8702 88.1314
265 36.8702 88.1314
172 36.8702 88.1314
53 36.8702 88.1314
763 36.8702 88.1314
230 36.8702 88.1314
392 36.8702 88.1314
181 36.8702 88.1314
389 36.8702 88.1314
239 36.8702 88.1314
241 36.8702 88.1314
437 36.8702 88.1314
72 36.8702 88.1314
296 36.8702 88.1314
20 35.4911 89.4577
73 35.4911 89.4577
808 35.4911 89.4577
470 35.4911 89.4577
120 35.4911 89.4577
786 35.4911 89.4577
2 35.4911 89.4577
424 33.9212 89.4474
960 33.9212 89.4474
146 33.9212 89.4474
96 33.9212 89.4474
548 33.9212 89.4474
253 33.9212 89.4474
738 33.9212 89.4474
409 27.3797 94.8127
271 27.3797 94.8127
773 27.3797 94.8127
428 27.3797 94.8127
231 27.3797 94.8127
918 22.9264 85.643
141 22.9264 85.643
806 22.9264 85.643
888 22.9264 85.643
490 22.9264 85.643
886 22.9264 85.643
479 22.9264 85.643
333 22.9264 85.643
144 32.5621 79.9607
614 32.5621 79.9607
394 32.5621 79.9607
256 32.5621 79.9607
919 32.5621 79.9607
638 32.5621 79.9607
578 32.5621 79.9607
501 35.1653 76.792
124 35.1653 76.792
574 35.1653 76.792
689 35.1653 76.792
215 35.1653 76.792
872 35.1653 76.792
591 35.1653 76.792
16 35.1653 76.792
658 27.8283 77.3447
113 27.8283 77.3447
950 27.8283 77.3447
789 27.8283 77.3447
730 27.8283 77.3447
600 27.8283 77.3447
266 27.8283 77.3447
275 27.8283 77.3447
168 27.8283 77.3447
924 24.1602 77.7113
361 24.1602 77.7113
526 24.1602 77.7113
167 24.1602 77.7113
223 24.1602 77.7113
946 24.1602 77.7113
431 24.1602 77.7113
503 22.5862 76.6652
560 22.5862 76.6652
780 22.5862 76.6652
60 22.5862 76.6652
454 22.5862 76.6652
487 22.5862 76.6652
726 22.5862 76.6652
697 22.5862 76.6652
184 22.5862 76.6652
360 22.5862 76.6652
550 22.5862 76.6652
400 22.5862 76.6652
132 22.5862 76.6652
272 22.1155 76.0808
500 22.1155 76.0808
701 22.1155 76.0808
399 22.3938 78.5756
93 22.3938 78.5756
244 22.3938 78.5756
885 22.3938 78.5756
695 22.3938 78.5756
604 22.3938 78.5756
672 20.6208 82.8646
712 20.6208 82.8646
41 20.6208 82.8646
58 20.6208 82.8646
608 20.6208 82.8646
757 20.6208 82.8646
99 20.6208 82.8646
552 17.0365 78.7128
220 17.0365 78.7128
927 17.0365 78.7128
635 17.0365 78.7128
339 17.0365 78.7128
982 17.0365 78.7128
95 14.1462 83.2748
433 14.1462 83.2748
615 14.1462 83.2748
719 14.1462 83.2748
905 14.1462 83.2748
446 14.1462 83.2748
892 14.1462 83.2748
495 14.1462 83.2748
346 14.1462 83.2748
825 14.1462 83.2748
418 14.1462 83.2748
31 14.1462 83.2748
288 14.1462 83.2748
651 20.3234 90.0272
306 20.3234 90.0272
13 20.3234 90.0272
1 20.3234 90.0272
138 20.3234 90.0272
456 20.3234 90.0272
76 20.3234 90.0272
933 20.3234 90.0272
610 20.3234 90.0272
88 20.3234 90.0272
859 20.3234 90.0272
611 19.1356 93.5384
441 19.1356 93.5384
699 19.1356 93.5384
50 19.1356 93.5384
150 19.1356 93.5384
442 19.1356 93.5384
462 19.1356 93.5384
15 19.1356 93.5384
871 19.1356 93.5384
750 19.1356 93.5384
776 19.1356 93.5384
36 19.1356 93.5384
753 19.1356 93.5384
916 19.1356 93.5384
28 19.1356 93.5384
430 19.1356 93.5384
631 19.1356 93.5384
227 19.1356 93.5384
183 19.1356 93.5384
593 19.1356 93.5384
491 19.1356 93.5384
115 19.1356 93.5384
714 19.1356 93.5384
768 19.1356 93.5384
521 19.1356 93.5384
761 19.1356 93.5384
368 19.1356 93.5384
696 19.1356 93.5384
833 19.1356 93.5384
44 19.1356 93.5384
815 19.1356 93.5384
108 13.7838 95.9197
364 13.7838 95.9197
386 13.7838 95.9197
17 13.7838 95.9197
263 11.8009 93.0464
955 11.8009 93.0464
637 11.8009 93.0464
803 11.8009 93.0464
249 11.8009 93.0464
796 9.75749 86.9816
546 9.75749 86.9816
973 9.75749 86.9816
711 9.75749 86.9816
236 9.75749 86.9816
557 9.75749 86.9816
106 9.75749 86.9816
304 9.75749 86.9816
405 9.75749 86.9816
247 9.75749 86.9816
199 9.75749 86.9816
678 9.75749 86.9816
736 9.75749 86.9816
988 -1.30437 92.1944
435 -1.30437 92.1944
380 -1.30437 92.1944
827 -1.30437 92.1944
200 -1.30437 92.1944
213 -1.30437 92.1944
969 -1.30437 92.1944
39 -1.30437 92.1944
401 -1.30437 92.1944
868 -1.30437 92.1944
585 -1.30437 92.1944
953 -1.30437 92.1944
153 -1.30437 92.1944
301 -1.30437 92.1944
568 -1.30437 92.1944
547 -1.30437 92.1944
426 -1.30437 92.1944
718 -1.30437 92.1944
667 4.83447 82.3979
607 4.83447 82.3979
240 4.83447 82.3979
444 4.83447 82.3979
914 4.83447 82.3979
554 4.83447 82.3979
300 4.83447 82.3979
693 4.83447 82.3979
316 4.83447 82.3979
860 4.83447 82.3979
792 4.83447 82.3979
556 4.83447 82.3979
991 4.83447 82.3979
427 9.34848 80.5084
694 9.34848 80.5084
570 9.34848 80.5084
457 9.34848 80.5084
298 9.34848 80.5084
325 9.34848 80.5084
436 9.34848 80.5084
326 9.34848 80.5084
469 9.34848 80.5084
728 9.34848 80.5084
321 9.34848 80.5084
443 10.1076 79.6111
48 10.1076 79.6111
447 10.1076 79.6111
944 10.1076 79.6111
502 10.1076 79.6111
628 10.1076 79.6111
169 10.1076 79.6111
639 10.1076 79.6111
966 6.36651 78.8731
219 6.36651 78.8731
879 6.36651 78.8731
178 6.36651 78.8731
890 6.36651 78.8731
203 6.36651 78.8731
90 6.36651 78.8731
207 6.36651 78.8731
75 6.36651 78.8731
830 6.36651 78.8731
948 6.36651 78.8731
445 6.36651 78.8731
14 6.36651 78.8731
224 6.36651 78.8731
799 1.51796 70.4681
531 1.51796 70.4681
939 1.51796 70.4681
517 1.51796 70.4681
717 1.51796 70.4681
192 6.64614 71.5227
759 6.64614 71.5227
739 6.64614 71.5227
551 6.64614 71.5227
374 6.64614 71.5227
686 6.64614 71.5227
255 6.64614 71.5227
119 6.64614 71.5227
338 6.64614 71.5227
381 6.64614 71.5227
657 6.64614 71.5227
81 6.64614 71.5227
277 6.64614 71.5227
398 6.64614 71.5227
734 6.64614 71.5227
371 6.64614 71.5227
77 6.64614 71.5227
665 6.64614 71.5227
747 6.64614 71.5227
429 6.64614 71.5227
784 6.64614 71.5227
336 20.7104 65.7173
846 20.7104 65.7173
359 20.7104 65.7173
720 20.7104 65.7173
901 20.7104 65.7173
729 20.7104 65.7173
34 20.7104 65.7173
599 20.7104 65.7173
587 20.7104 65.7173
79 20.7104 65.7173
733 20.7104 65.7173
510 20.7104 65.7173
349 20.7104 65.7173
482 20.7104 65.7173
630 20.7104 65.7173
680 20.7104 65.7173
162 20.7104 65.7173
524 20.7104 65.7173
97 20.7104 65.7173
376 19.6926 62.4467
329 19.6926 62.4467
601 19.6926 62.4467
841 16.6885 58.0033
130 16.6885 58.0033
688 17.9824 55.6715
373 17.9824 55.6715
37 17.0996 53.2628
565 17.0996 53.2628
764 17.0996 53.2628
772 17.0996 53.2628
196 17.0996 53.2628
114 17.0996 53.2628
543 17.0996 53.2628
234 11.6677 55.7788
527 11.6677 55.7788
703 11.6677 55.7788
708 11.6677 55.7788
166 11.6677 55.7788
303 11.6677 55.7788
47 11.6677 55.7788
760 11.6677 55.7788
805 11.6677 55.7788
858 11.6677 55.7788
233 11.6677 55.7788
279 11.6677 55.7788
534 11.6677 55.7788
677 11.6677 55.7788
131 11.6677 55.7788
122 11.6677 55.7788
925 11.6677 55.7788
57 11.6677 55.7788
589 11.6677 55.7788
3 11.6677 55.7788
970 11.6677 55.7788
972 11.6677 55.7788
981 11.6677 55.7788
758 11.6677 55.7788
214 11.6677 55.7788
347 6.52235 51.5971
749 6.52235 51.5971
157 6.52235 51.5971
863 6.52235 51.5971
328 2.25181 46.0448
330 2.25181 46.0448
499 2.25181 46.0448
958 2.25181 46.0448
128 2.25181 46.0448
849 2.25181 46.0448
463 2.25181 46.0448
616 2.25181 46.0448
228 2.25181 46.0448
312 2.25181 46.0448
174 10.4975 46.6329
698 10.4975 46.6329
46 10.4975 46.6329
182 10.4975 46.6329
148 10.4975 46.6329
731 10.4975 46.6329
771 10.4975 46.6329
909 10.4975 46.6329
423 10.4975 46.6329
956 11.5995 47.6218
116 11.5995 47.6218
218 11.5995 47.6218
123 11.5995 47.6218
100 11.5995 47.6218
936 11.5995 47.6218
542 11.5995 47.6218
78 11.5995 47.6218
391 11.5995 47.6218
451 17.0497 48.8889
700 17.0497 48.8889
403 17.0497 48.8889
222 17.0497 48.8889
633 17.0497 48.8889
691 17.0497 48.8889
133 10.3199 40.9494
770 10.3199 40.9494
352 10.3199 40.9494
489 10.3199 40.9494
154 10.3199 40.9494
505 10.3199 40.9494
283 10.3199 40.9494
990 10.3199 40.9494
496 10.3199 40.9494
125 10.3199 40.9494
476 10.3199 40.9494
985 10.3199 40.9494
341 10.3199 40.9494
32 10.3199 40.9494
652 10.3199 40.9494
87 10.3199 40.9494
384 10.3199 40.9494
4 8.13138 38.4386
10 8.13138 38.4386
514 8.13138 38.4386
212 8.13138 38.4386
86 8.13138 38.4386
362 4.1683 24.1387
299 4.1683 24.1387
455 4.1683 24.1387
898 4.1683 24.1387
710 4.1683 24.1387
794 4.1683 24.1387
258 4.1683 24.1387
348 4.1683 24.1387
187 4.1683 24.1387
682 4.1683 24.1387
61 4.1683 24.1387
331 4.1683 24.1387
963 4.1683 24.1387
74 4.1683 24.1387
741 4.1683 24.1387
588 4.1683 24.1387
674 4.1683 24.1387
646 4.1683 24.1387
881 12.4357 12.2755
412 12.4357 12.2755
722 12.4357 12.2755
629 12.4357 12.2755
812 12.4357 12.2755
211 12.4357 12.2755
488 12.4357 12.2755
366 18.8361 23.194
899 18.8361 23.194
643 18.8361 23.194
572 18.8361 23.194
641 18.8361 23.194
702 18.8361 23.194
602 18.8361 23.194
673 18.8361 23.194
268 18.8361 23.194
661 18.8361 23.194
474 18.8361 23.194
836 18.8361 23.194
902 18.8361 23.194
402 18.8361 23.194
363 28.8626 23.6149
829 28.8626 23.6149
704 28.8626 23.6149
310 28.8626 23.6149
337 28.8626 23.6149
26 28.8626 23.6149
626 28.8626 23.6149
111 28.8626 23.6149
246 28.8626 23.6149
439 28.8626 23.6149
64 28.8626 23.6149
287 30.419 7.11394
518 30.419 7.11394
669 30.419 7.11394
351 30.419 7.11394
407 30.419 7.11394
8 30.419 7.11394
573 30.419 7.11394
254 31.7794 16.5292
709 31.7794 16.5292
221 33.2866 26.96
883 33.2866 26.96
824 33.2866 26.96
687 34.7735 33.2344
612 34.7735 33.2344
935 34.7735 33.2344
257 34.7735 33.2344
853 34.7735 33.2344
278 34.7735 33.2344
205 34.7735 33.2344
917 34.7735 33.2344
787 34.7735 33.2344
811 34.7735 33.2344
284 30.6735 33.0207
869 30.6735 33.0207
943 27.1875 34.0187
354 27.1875 34.0187
915 27.1875 34.0187
549 27.1875 34.0187
121 27.1875 34.0187
65 27.1875 34.0187
679 27.1875 34.0187
529 27.1875 34.0187
723 27.1875 34.0187
307 27.1875 34.0187
525 24.3011 37.5609
11 24.3011 37.5609
438 24.3011 37.5609
655 24.3011 37.5609
949 24.3011 37.5609
486 24.3011 37.5609
663 24.3011 37.5609
938 27.0082 43.2423
797 27.0082 43.2423
38 27.0082 43.2423
876 27.0082 43.2423
452 33.2472 45.0374
414 33.2472 45.0374
475 33.2472 45.0374
908 33.2472 45.0374
397 33.2472 45.0374
535 33.2472 45.0374
269 33.2472 45.0374
664 33.2472 45.0374
619 33.2472 45.0374
151 33.2472 45.0374
862 33.2472 45.0374
302 33.2472 45.0374
127 33.2472 45.0374
783 33.2472 45.0374
210 33.2472 45.0374
735 32.0369 49.8673
705 32.0369 49.8673
388 32.0369 49.8673
545 32.0369 49.8673
748 32.0369 49.8673
603 32.0369 49.8673
508 32.0369 49.8673
413 32.0369 49.8673
324 32.0369 49.8673
267 32.0369 49.8673
756 32.0369 49.8673
59 32.0369 49.8673
142 32.0369 49.8673
264 37.3292 50.6043
472 37.3292 50.6043
147 37.3292 50.6043
706 37.3292 50.6043
989 37.3292 50.6043
913 37.3292 50.6043
155 37.3292 50.6043
512 37.3292 50.6043
49 37.3292 50.6043
101 37.3292 50.6043
197 42.0932 46.2771
370 42.0932 46.2771
716 42.0932 46.2771
891 42.0932 46.2771
471 42.0932 46.2771
778 42.0932 46.2771
461 42.0932 46.2771
342 42.0932 46.2771
566 42.0932 46.2771
396 51.7617 43.9386
377 51.7617 43.9386
870 51.7617 43.9386
923 51.7617 43.9386
945 51.7617 43.9386
843 51.7617 43.9386
519 51.7617 43.9386
276 51.7617 43.9386
906 51.7617 43.9386
606 57.894 48.257
930 57.894 48.257
767 57.894 48.257
63 57.894 48.257
232 62.6721 45.1435
675 62.6721 45.1435
821 58.3506 43.5056
358 58.3506 43.5056
117 58.3506 43.5056
926 58.3506 43.5056
143 58.3506 43.5056
357 58.3506 43.5056
43 58.3506 43.5056
45 58.3506 43.5056
848 56.8548 43.5716
978 56.8548 43.5716
644 56.8548 43.5716
594 56.8548 43.5716
842 56.8548 43.5716
458 56.8548 43.5716
217 56.8548 43.5716
69 56.8548 43.5716
492 56.8548 43.5716
623 56.8548 43.5716
6 56.9246 39.6943
314 56.9246 39.6943
634 56.9246 39.6943
751 56.9246 39.6943
785 56.9246 39.6943
875 56.9246 39.6943
19 56.9246 39.6943
781 56.9246 39.6943
355 56.9246 39.6943
681 56.9246 39.6943
66 56.9246 39.6943
828 56.9246 39.6943
419 49.076 34.661
467 49.076 34.661
55 49.076 34.661
865 49.076 34.661
164 49.076 34.661
692 49.076 34.661
7 42.6109 35.6924
790 42.6109 35.6924
356 42.6109 35.6924
480 42.6109 35.6924
834 42.6109 35.6924
261 42.6109 35.6924
844 42.6109 35.6924
873 42.066 28.9379
555 42.066 28.9379
250 42.066 28.9379
289 42.066 28.9379
934 42.066 28.9379
421 42.066 28.9379
379 42.066 28.9379
586 42.066 28.9379
191 42.066 28.9379
160 42.066 28.9379
209 42.066 28.9379
822 42.066 28.9379
653 42.066 28.9379
959 61.1025 24.5193
24 61.1025 24.5193
27 61.1025 24.5193
819 61.1025 24.5193
831 61.1025 24.5193
504 61.1025 24.5193
176 61.9011 23.1292
295 61.9011 23.1292
777 61.9011 23.1292
581 61.9011 23.1292
598 61.9011 23.1292
103 64.542 7.41635
721 64.542 7.41635
