0,345,260,979,243,483,819,598,24,176,721,777,504,581,103,745,609,295,634,681,831,959,6,821,27,377,458,670,323,357,314,675,606,594,355,978,873,164,828,358,555,55,781,751,66,930,45,844,419,19,197,191,935,452,257,250,209,692,687,876,989,566,906,302,549,49,529,829,278,811,388,26,160,834,261,289,934,869,467,337,354,7,853,785,790,421,865,917,379,480,704,822,310,653,586,518,407,573,287,883,351,111,246,787,363,486,626,709,824,64,307,284,439,641,588,669,8,674,299,661,211,629,474,348,366,673,812,643,488,881,682,61,455,646,722,187,412,86,963,362,702,254,221,602,899,572,915,943,902,402,741,268,121,74,836,331,330,958,258,710,794,328,985,898,57,384,128,4,499,133,514,46,312,228,731,990,700,283,770,212,100,527,47,166,677,805,849,489,749,352,652,123,863,373,303,148,279,972,463,505,723,65,87,534,476,182,936,423,949,612,78,205,10,32,679,37,125,748,663,154,525,324,841,688,38,233,174,475,655,758,908,909,616,858,496,142,771,760,507,764,542,691,729,633,397,535,422,382,493,601,981,451,720,545,705,640,403,970,571,510,587,79,329,680,524,879,589,338,114,635,600,398,503,130,220,797,391,341,698,116,336,703,222,956,157,255,371,966,517,77,734,122,347,708,218,214,219,427,890,939,234,14,178,429,3,298,717,991,81,686,607,381,799,224,203,445,119,639,457,207,346,361,97,502,162,433,948,667,615,482,565,196,192,694,277,376,747,925,739,531,272,772,784,131,630,411,339,780,550,604,888,275,825,924,132,927,526,327,903,965,574,946,846,431,599,137,878,733,591,901,99,701,428,266,333,424,226,971,789,418,662,16,689,124,954,41,76,950,885,697,537,658,223,296,60,552,443,657,454,500,916,326,796,316,113,400,665,31,321,374,168,240,570,728,830,892,560,90,48,556,436,792,759,944,693,401,699,435,969,380,364,711,554,236,405,446,263,95,568,678,199,108,153,304,585,637,628,905,953,106,736,803,827,546,719,547,988,213,75,447,426,300,955,301,169,868,15,200,39,93,886,860,495,399,360,479,58,487,578,551,88,695,138,982,325,184,244,490,442,183,757,726,469,444,1,247,718,914,557,50,288,815,750,521,306,611,491,462,227,776,714,973,753,386,141,249,73,833,115,430,877,17,933,28,13,651,593,712,871,610,409,696,631,859,392,96,120,672,960,761,456,608,795,918,92,270,368,808,36,292,150,167,919,80,638,806,564,724,730,171,976,773,840,129,241,755,763,2,140,294,252,416,189,248,659,530,82,484,305,245,636,536,940,561,259,516,642,105,746,408,230,394,343,239,874,309,256,146,707,470,786,271,139,375,53,569,814,713,72,539,441,181,20,738,974,449,437,389,253,231,22,172,548,768,752,44,5,165,156,62,584,23,344,618,896,541,532,434,265,766,624,911,613,866,448,559,511,882,961,320,206,774,952,754,367,540,350,649,562,144,319,193,215,18,432,369,509,800,880,12,895,453,513,415,126,861,832,668,826,216,179,563,769,225,921,109,802,986,134,94,582,91,807,632,855,84,894,558,614,104,596,676,804,929,410,291,54,645,839,163,404,872,501,175,779,523,365,715,459,683,788,910,308,349,390,957,359,59,56,21,897,269,891,756,735,235,127,765,922,267,533,778,356,461,619,508,603,155,34,912,30,237,938,414,413,438,783,913,180,664,147,862,89,848,706,543,11,151,101,370,923,492,945,264,281,576,621,522,809,69,597,471,875,498,843,732,286,870,716,276,793,194,262,472,35,798,743,342,210,63,512,964,43,217,186,623,553,70,190,926,334,942,941,143,583,595,656,644,842,117,519,396,577,515,468,188,85,791,68,762,647,625,810,650,340,485,293,538,671,857,9,315,208,847,727,654,987,173,440,229,478,968,617,161,605,282,67,907,238,393,420,962,867,112,290,904,51,110,744,297,575,40,887,317,816,782,406,845,947,567,937,465,145,837,823,395,335,931,378,460,118,980,622,854,285,992,620,273,313,42,984,280,477,851,202,737,690,801,544,83,158,464,818,159,813,856,177,185,251,353,318,135,149,52,817,580,893,473,928,820,983,725,322,481,648,204,740,864,417,666,685,742,494,889,311,450,660,25,372,579,775,900,71,528,852,201,152,385,975,332,383,684,920,102,850,977,387,838,29,592,767,136,497,951,170,506,884,107,242,932,466,274,195,967,232,425,198,590,98,520,835,627,33,
value : 540.637 running time : 27.228239
0 80 20
345 83.5251 14.7649
260 83.5955 14.6604
979 83.667 14.5542
243 83.7364 14.4511
483 83.7988 14.3585
819 69.6636 14.1574
598 69.6636 14.1574
24 69.6636 14.1574
176 69.6636 14.1574
721 69.6636 14.1574
777 69.6636 14.1574
504 69.6636 14.1574
581 69.6636 14.1574
103 69.6636 14.1574
745 66.5208 32.625
609 66.3734 33.4913
295 66.3734 33.4913
634 65.9511 34.0464
681 65.4805 34.6649
831 65.4805 34.6649
959 65.4805 34.6649
6 65.4805 34.6649
821 65.4805 34.6649
27 65.4805 34.6649
377 65.4805 34.6649
458 65.4805 34.6649
670 65.4805 34.6649
323 64.7632 34.6655
357 63.9239 34.6661
314 63.1127 34.6668
675 62.2932 34.6674
606 61.451 34.668
594 60.3794 34.6688
355 59.417 34.6696
978 58.5177 34.6703
873 57.6666 34.6709
164 57.1084 34.6714
828 56.7214 34.6717
358 56.3202 34.672
555 55.8808 34.6724
55 55.4777 34.6727
781 55.0772 34.673
751 54.6422 34.6734
66 54.2143 34.6737
930 53.8153 34.674
45 53.4093 34.6744
844 52.6701 34.6749
419 51.9917 34.6755
19 50.2574 35.0869
197 48.5126 35.5008
191 46.8589 35.8932
935 46.0405 36.0873
452 45.2255 36.2806
257 44.4865 36.4558
250 43.8014 36.6183
209 42.9974 36.809
692 41.7795 37.0979
687 40.6838 37.3578
876 40.0128 37.517
989 40.0128 37.517
566 40.0128 37.517
906 40.0128 37.517
302 35.9954 37.8232
549 35.9195 37.6784
49 35.8613 37.5674
529 34.9066 35.7462
829 34.0274 34.0693
278 34.2769 33.7469
811 34.5098 33.4458
388 34.7718 33.1073
26 35.6789 31.935
160 35.7322 31.8661
834 35.7871 31.7951
261 35.8441 31.7215
289 35.897 31.6531
934 35.9398 31.5978
869 35.9792 31.5469
467 36.0251 31.4876
337 36.0694 31.4303
354 36.0694 31.4303
7 37.0602 30.7869
853 38.1766 30.0621
785 39.3323 29.3118
790 39.3323 29.3118
421 39.3323 29.3118
865 39.3323 29.3118
917 39.3323 29.3118
379 39.2249 28.8098
480 39.1288 28.3602
704 38.4329 25.107
822 38.2235 24.1275
310 38.0112 23.1349
653 37.8366 22.3187
586 37.6798 21.5855
518 36.5439 16.2754
407 35.7512 16.5662
573 34.9298 16.8675
287 34.0891 17.1758
883 33.0984 17.5392
351 32.0817 17.912
111 30.9787 18.3165
246 29.7552 18.7652
787 28.6 19.1888
363 27.5329 19.5802
486 25.5121 20.321
626 25.1994 20.1999
709 24.875 20.0743
824 24.5308 19.941
64 24.1701 19.8013
307 23.799 19.6575
284 23.3914 19.4997
439 22.9694 19.3362
641 22.5393 19.1697
588 22.1087 19.0029
669 21.9534 18.9428
8 18.3995 17.567
674 15.2233 16.3375
299 12.7172 15.3673
661 12.6812 15.3533
211 12.6425 15.3383
629 12.604 15.3234
474 12.5675 15.3093
348 12.5272 15.2937
366 12.4881 15.2785
673 12.4481 15.263
812 12.4088 15.2478
643 12.3745 16.223
488 12.3731 16.2621
881 12.3715 16.306
682 12.3698 16.355
61 12.3681 16.4043
455 12.3663 16.4556
646 12.3647 16.4996
722 12.3631 16.5457
187 12.3044 18.2109
412 12.2057 21.0114
86 12.0354 25.8467
963 12.3528 26.0588
362 12.7013 26.2917
702 14.3486 27.3924
254 14.366 27.4352
221 14.4046 27.53
602 14.2781 27.7525
899 14.1485 27.9801
572 14.0129 28.2185
915 13.885 28.4434
943 13.7267 28.7216
902 13.5685 28.9996
402 13.3348 29.4105
741 13.0875 29.8454
268 12.8102 30.333
121 12.5276 30.8299
74 12.2048 31.3977
836 11.8951 31.9423
331 11.5601 32.5315
330 11.1405 33.2697
958 10.9122 33.671
258 10.6928 34.0567
710 10.3407 34.676
794 9.96329 35.3398
328 9.51092 36.1356
985 9.16646 36.7414
898 8.80848 37.371
57 8.22508 38.3982
384 8.22508 38.3982
128 8.22508 38.3982
4 8.22508 38.3982
499 8.2498 38.7029
133 8.27195 38.9763
514 8.30032 39.3261
46 8.34052 39.8216
312 8.37959 40.3032
228 8.41613 40.7539
731 8.45164 41.1918
990 8.48595 41.6149
700 8.52055 42.0416
283 8.55736 42.4956
770 8.59749 42.9904
212 8.63786 43.4881
100 8.68126 44.0231
527 8.71807 44.4769
47 8.74536 44.8133
166 8.77156 45.1363
677 8.78974 45.3604
805 8.79423 45.4158
849 8.79877 45.4717
489 9.21248 45.4667
749 9.6315 45.4617
352 10.0596 45.4566
652 10.4735 45.4516
123 10.891 45.4466
863 11.3091 45.4416
373 11.7383 45.4365
303 12.1787 45.4312
148 12.6605 45.4255
279 13.1069 45.4201
972 13.5366 45.415
463 13.9691 45.4098
505 14.4303 45.4043
723 14.9223 45.3984
65 15.346 45.3933
87 15.6754 45.3894
534 16.1015 45.3842
476 16.5479 45.3789
182 16.9819 45.3737
936 17.4258 45.3684
423 17.9377 45.3623
949 18.4588 45.3561
612 18.9857 45.3498
78 19.392 45.3449
205 19.8028 45.34
10 20.1697 45.3356
32 20.6171 45.3303
679 21.0701 45.3249
37 20.9739 45.5946
125 20.8787 45.8612
748 20.7738 46.1551
663 20.6612 46.4708
154 20.5492 46.7848
525 20.4457 47.0748
324 20.3348 47.3855
841 20.2289 47.6822
688 20.1332 47.9506
38 20.0369 48.2204
233 19.9058 48.5879
174 19.7895 48.9136
475 19.6773 49.2281
655 19.5589 49.5597
758 19.4268 49.9302
908 19.2968 50.2943
909 19.1621 50.672
616 19.0367 51.0234
858 18.8502 51.5462
496 18.6614 52.0755
142 18.4643 52.6283
771 18.2604 53.2
760 18.0354 53.8308
507 18.1545 53.8361
764 18.2639 53.8409
542 18.379 53.846
691 18.4982 53.8513
729 18.6234 53.8568
633 18.7449 53.8622
397 18.8655 53.8675
535 19.03 54.26
422 19.6004 55.6194
382 20.1457 56.9189
493 20.6454 58.1101
601 20.6454 58.1101
981 20.6454 58.1101
451 20.6454 58.1101
720 20.6454 58.1101
545 20.6454 58.1101
705 20.6454 58.1101
640 20.6454 58.1101
403 20.6454 58.1101
970 20.9399 60.4714
571 21.1166 61.8874
510 20.9308 61.8828
587 20.7432 61.8782
79 20.5416 61.8733
329 20.3356 61.8683
680 20.1313 61.8633
524 19.936 61.8586
879 19.7386 61.8538
589 19.6004 61.8504
338 19.4705 61.8472
114 19.4296 61.8462
635 19.3897 61.8453
600 18.9481 61.8345
398 18.3279 61.8194
503 17.7167 61.8044
130 17.7167 61.8044
220 17.7167 61.8044
797 14.096 57.9267
391 13.8005 57.9103
341 12.1922 57.8211
698 11.1725 57.7646
116 9.4185 57.6673
336 9.39427 57.6659
703 9.3668 57.6644
222 9.33859 57.6628
956 9.31234 57.6614
157 9.27869 57.6595
255 9.19853 59.2734
371 9.14561 60.3378
966 9.10576 61.1387
517 9.09173 61.4204
77 9.07911 61.6736
734 9.06698 61.917
122 9.05574 62.1423
347 9.03573 62.5443
708 9.01664 62.9274
218 8.99054 63.4517
214 8.95787 64.108
219 8.8766 65.7444
427 8.79879 67.3105
890 8.72768 68.7416
939 8.71208 69.0544
234 8.69515 69.3945
14 8.6748 69.8033
178 8.65407 70.2199
429 8.6577 70.2168
3 8.66104 70.2139
298 8.66381 70.2115
717 8.66704 70.2087
991 8.67027 70.2059
81 8.67404 70.2027
686 8.67698 70.2002
607 8.68008 70.1975
381 8.68328 70.1948
799 8.68655 70.1919
224 8.68953 70.1894
203 8.69268 70.1867
445 8.72488 70.159
119 8.75838 70.1302
639 8.78687 70.1056
457 8.81762 70.0792
207 8.84854 70.0526
346 8.88306 70.0229
361 8.91801 69.9928
97 8.94925 69.9659
502 8.98049 69.9391
162 9.0096 69.914
433 9.03705 69.8904
948 9.06785 69.8639
667 9.09729 69.8386
615 9.12887 69.8114
482 9.8916 69.1553
565 10.6689 68.4866
196 10.6689 68.4866
192 10.6689 68.4866
694 10.6689 68.4866
277 10.6689 68.4866
376 10.6689 68.4866
747 10.6689 68.4866
925 10.6689 68.4866
739 10.9587 68.5506
531 11.2274 68.6098
272 11.9284 68.7646
772 12.6175 68.9168
784 13.2571 69.0579
131 13.9694 69.2152
630 14.7379 69.3849
411 15.5181 69.5572
339 16.2687 69.723
780 16.9565 69.8748
550 17.8221 70.066
604 18.4228 70.1986
888 18.7504 70.2709
275 19.0646 70.3402
825 19.3762 70.4089
924 19.699 70.4801
132 20.0221 70.5514
927 20.3535 70.6245
526 20.6753 70.6955
327 20.9935 70.7657
903 21.3092 70.8353
965 21.61 70.9017
574 21.9034 70.9664
946 22.1784 71.0271
846 22.4601 71.0892
431 22.7477 71.1526
599 23.0512 71.2196
137 23.3536 71.2863
878 23.419 71.565
733 23.4806 71.8279
591 23.5514 72.1298
901 23.6197 72.4213
99 23.8853 73.5526
701 24.1555 74.7034
428 24.4439 75.9314
266 24.4439 75.9314
333 24.4439 75.9314
424 24.4439 75.9314
226 24.4439 75.9314
971 24.2051 76.0187
789 23.9694 76.1049
418 23.7395 76.189
662 23.5315 76.265
16 23.2475 76.3689
689 22.9756 76.4683
124 22.6542 76.5858
954 22.2939 76.7176
41 21.9118 76.8573
76 21.5379 76.994
950 21.1562 77.1337
885 20.77 77.2749
697 20.6096 77.3041
537 20.4481 77.3336
658 20.2839 77.3635
223 20.1231 77.3928
296 19.8356 77.4453
60 19.4921 77.508
552 19.064 77.5862
443 18.6218 77.667
657 18.1699 77.7495
454 18.0594 77.7697
500 17.3627 77.897
916 16.6828 78.0213
326 16.0141 78.1435
796 15.3346 78.2677
316 14.6581 78.3914
113 14.0472 78.503
400 13.4209 78.6175
665 12.7904 78.7327
31 12.6299 79.1825
321 12.4796 79.6041
374 12.3293 80.0252
168 12.1749 80.4582
240 12.0141 80.9091
570 11.8591 81.3435
728 11.7111 81.7585
830 11.5579 82.1877
892 11.4082 82.6074
560 11.2636 83.013
90 11.1122 83.4375
48 10.9671 83.8442
556 10.8212 84.2532
436 10.6523 84.7266
792 10.481 85.2067
759 10.3159 85.6696
944 10.1473 86.1422
693 9.96485 86.6536
401 9.79186 87.1385
699 9.62193 87.6149
435 9.44463 88.1118
969 9.44463 88.1118
380 9.44463 88.1118
364 9.44463 88.1118
711 9.44463 88.1118
554 9.44463 88.1118
236 9.4374 88.1492
405 9.4306 88.1843
446 9.4242 88.2173
263 9.41752 88.2518
95 9.41089 88.286
568 9.4039 88.3222
678 9.39706 88.3575
199 9.39055 88.391
108 9.38416 88.4241
153 9.37745 88.4587
304 9.3705 88.4946
585 9.36352 88.5306
637 9.35739 88.5623
628 9.35115 88.5945
905 9.34456 88.6285
953 9.33717 88.6667
106 9.33009 88.7032
736 9.32369 88.7363
803 9.31686 88.7715
827 9.3098 88.808
546 9.30408 88.8375
719 9.2974 88.872
547 9.29048 88.9077
988 9.28326 88.945
213 9.3705 88.9095
75 9.62034 88.8081
447 9.89012 88.6985
426 10.161 88.5885
300 10.4397 88.4753
955 10.7677 88.3421
301 11.0826 88.2142
169 11.4048 88.0833
868 11.7426 87.9461
15 12.9243 87.4667
200 12.9244 87.4667
39 12.9245 87.4667
93 13.1303 87.357
886 13.3223 87.2547
860 13.4875 87.1667
495 13.8824 87.0286
399 14.268 86.8938
360 14.6678 86.7541
479 15.045 86.6222
58 15.0639 86.6156
487 15.0832 86.6089
578 15.1017 86.6024
551 15.1186 86.5965
88 15.1354 86.5906
695 15.1514 86.585
138 15.1667 86.5797
982 15.1852 86.5732
325 15.2051 86.5663
184 15.2252 86.5593
244 15.2436 86.5528
490 15.2615 86.5466
442 15.2779 86.5408
183 15.2963 86.5344
757 15.315 86.5279
726 15.332 86.5219
469 15.4515 86.726
444 15.5675 86.9239
1 15.6991 87.1486
247 15.827 87.367
718 15.9529 87.5818
914 16.0882 87.8129
557 16.2525 88.0934
50 16.4169 88.374
288 16.5796 88.6517
815 16.7435 88.9314
750 16.9272 89.2451
521 19.856 88.9377
306 21.8168 88.7319
611 23.2823 88.5781
491 23.3522 88.5707
462 23.4232 88.5633
227 23.4997 88.5552
776 23.5832 88.5464
714 23.6728 88.537
973 23.7611 88.5278
753 23.8719 88.5161
386 23.9814 88.5046
141 24.3303 88.468
249 24.6047 88.4392
73 24.9026 88.4079
833 25.1765 88.3791
115 25.4621 88.3491
430 25.8208 88.3114
877 26.2045 88.2711
17 26.2536 88.266
933 26.3092 88.2601
28 26.371 88.2536
13 26.4266 88.2478
651 26.5174 88.2383
593 26.6063 88.2289
712 26.6965 88.2195
871 26.7965 88.209
610 26.903 88.1978
409 27.0051 88.1871
696 27.1069 88.1764
631 27.2113 88.1654
859 27.3127 88.1548
392 27.4213 88.1433
96 27.519 88.1331
120 27.6154 88.123
672 27.7109 88.1129
960 27.8056 88.103
761 28.0336 87.9638
456 28.2724 87.8181
608 28.7121 87.5495
795 29.1791 87.2643
918 29.6272 86.9907
92 30.076 86.7166
270 30.5182 86.4466
368 30.8381 86.2513
808 31.2507 85.9993
36 31.705 85.7219
292 32.6402 85.1507
150 33.4736 84.6416
167 34.4621 84.0378
919 35.5712 83.3602
80 36.7136 82.6623
638 36.9807 82.4992
806 37.2685 82.3235
564 37.5718 82.1383
724 37.8441 81.9721
730 38.1004 81.8156
171 39.8703 80.7342
976 40.1246 80.8487
773 40.3763 80.9621
840 40.6615 81.0905
129 40.9467 81.219
241 41.2212 81.3426
755 41.5019 81.469
763 41.7724 81.5908
2 41.7724 81.5908
140 41.7724 81.5908
294 41.7724 81.5908
252 41.7724 81.5908
416 41.7724 81.5908
189 41.7724 81.5908
248 41.7724 81.5908
659 41.7724 81.5908
530 41.7724 81.5908
82 41.7724 81.5908
484 41.7724 81.5908
305 42.1003 82.24
245 42.3315 82.6977
636 42.517 83.065
536 42.7054 83.4381
940 42.8586 83.7414
561 43.0116 84.0442
259 43.1813 84.3802
516 41.9396 85.8983
642 40.7781 87.3184
105 39.0269 89.4598
746 38.8628 89.582
408 38.6844 89.7147
230 38.4652 89.8778
394 38.2697 90.0234
343 38.0793 90.165
239 37.8727 90.3188
874 37.6577 90.4788
309 37.4567 90.6284
256 37.2578 90.7764
146 37.057 90.9259
707 36.859 91.0732
470 36.665 91.2176
786 36.474 91.3598
271 36.3001 91.4891
139 36.1325 91.6139
375 35.9753 91.7309
53 35.8002 91.8612
569 35.6285 91.989
814 35.4654 92.1104
713 35.1989 92.3087
72 34.6592 92.7104
539 34.141 93.096
441 33.3374 93.6941
181 33.4035 93.6901
20 33.4602 93.6867
738 33.5246 93.6828
974 33.5862 93.6791
449 33.6481 93.6754
437 33.7063 93.6719
389 33.762 93.6685
253 33.8122 93.6655
231 33.8711 93.662
22 33.9313 93.6584
172 33.9896 93.6548
548 34.0447 93.6515
768 34.0962 93.6484
752 34.3882 93.6309
44 34.662 93.6144
5 39.2197 93.3391
165 41.5776 93.1969
156 43.615 93.074
62 45.3369 92.9702
584 46.6999 92.8881
23 46.7361 92.8859
344 46.7691 92.8839
618 46.7993 92.8821
896 46.8282 92.8804
541 46.8551 92.8788
532 46.8827 92.8771
434 46.91 92.8755
265 46.9341 92.874
766 46.9607 92.8724
624 46.9903 92.8706
911 47.0169 92.869
613 47.0169 92.869
866 47.1217 92.5258
448 47.2265 92.183
559 47.3481 91.7852
511 47.4815 91.3486
882 47.6234 90.8845
961 47.8089 90.2772
320 48.0609 89.4525
206 48.2972 88.6793
774 48.5746 87.7714
952 48.876 86.7849
754 49.2177 85.6663
367 49.5844 84.4662
540 50.1138 82.733
350 50.1138 82.733
649 50.1138 82.733
562 50.3861 81.9869
144 50.6593 81.2384
319 50.8736 80.6511
193 51.0989 80.0337
215 51.3331 79.392
18 51.7193 78.3342
432 51.67 78.0755
369 51.6242 77.8354
509 51.5752 77.5787
800 51.5292 77.3375
880 51.4841 77.1007
12 51.4364 76.8505
895 51.3837 76.5745
453 51.33 76.2931
513 51.2849 76.0565
415 51.2407 75.8243
126 51.1887 75.5516
861 51.1349 75.2698
832 51.0766 74.964
668 51.0163 74.6478
826 50.6804 74.4783
216 50.356 74.3146
179 50.0651 74.1679
563 49.758 74.013
769 49.4561 73.8606
225 49.1399 73.7011
921 48.8583 73.5591
109 48.5711 73.4142
802 48.275 73.2648
986 47.9769 73.1144
134 47.6765 72.9629
94 47.3903 72.8185
582 47.0941 72.6691
91 46.7781 72.5097
807 46.4502 72.3442
632 46.1451 72.1903
855 45.8235 72.028
84 45.4982 71.8639
894 44.4819 71.3507
558 43.4765 70.8431
614 42.4881 70.3441
104 41.5415 69.8661
596 40.7969 69.4902
676 40.102 69.1395
804 39.3896 68.7799
929 38.6861 68.4248
410 38.6657 68.4144
291 38.6435 68.4033
54 38.6216 68.3922
645 38.5993 68.381
839 38.5782 68.3704
163 38.5596 68.361
404 38.5396 68.3509
872 38.5188 68.3404
501 38.2052 68.0512
175 37.9261 67.7938
779 37.6465 67.5359
523 37.3512 67.2635
365 37.0452 66.9812
715 36.7447 66.7041
459 36.44 66.423
683 36.127 66.1343
788 35.7956 65.8285
910 35.4988 65.5548
308 35.187 65.2671
349 34.8709 64.9755
390 34.5957 64.7217
957 34.3253 64.4723
359 34.0664 64.2335
59 33.8039 63.9913
56 33.619 63.8208
21 33.4175 63.635
897 33.2061 63.44
269 35.5748 62.1865
891 35.5748 62.1865
756 35.5748 62.1865
735 35.5748 62.1865
235 37.3265 61.7053
127 36.8649 60.2892
765 36.4841 59.1211
922 36.0732 57.8604
267 35.6766 56.6438
533 35.2782 55.4219
778 34.8263 54.0354
356 34.4128 52.767
461 34.344 52.7654
619 34.2696 52.7637
508 34.1978 52.762
603 34.1289 52.7604
155 34.0642 52.7589
34 32.3727 52.7195
912 32.3727 52.7195
30 32.3727 52.7195
237 32.3727 52.7195
938 32.3727 52.7195
414 32.6714 52.3899
413 32.9303 52.1041
438 33.1875 51.8202
783 33.4391 51.5425
913 33.6825 51.2738
180 33.9264 51.0046
664 34.169 50.7369
147 34.4071 50.7031
862 34.6357 50.6706
89 34.8649 50.638
848 35.0858 50.6066
706 35.0858 50.6066
543 35.0858 50.6066
11 35.0858 50.6066
151 35.0858 50.6066
101 38.2072 51.0318
370 39.1123 51.1548
923 40.0085 51.2767
492 40.677 51.3675
945 41.193 51.4375
264 41.6749 51.503
281 42.1403 51.5662
576 42.585 51.6265
621 43.039 51.6881
522 43.4802 51.748
809 43.937 51.8101
69 44.4654 51.8818
597 44.9649 51.9496
471 45.4562 52.0164
875 45.9771 52.0871
498 46.3906 52.1432
843 46.7967 52.1983
732 47.1942 52.2523
286 47.6494 52.3141
870 48.033 52.3661
716 48.3877 52.4143
276 48.7533 52.4639
793 49.1297 52.515
194 49.4837 52.563
262 49.8963 52.619
472 50.289 52.6723
35 50.697 52.7277
798 51.0628 52.7773
743 51.4339 52.8277
342 51.7862 52.8755
210 52.1633 52.9267
63 52.6714 52.9957
512 53.1863 53.0656
964 54.3362 53.222
43 55.3125 53.3547
217 56.1792 53.873
186 57.7622 54.8194
623 59.6653 55.9571
553 62.5426 57.677
70 62.8659 57.8703
190 63.1956 58.0675
926 63.5196 58.2614
334 63.8579 58.4638
942 63.8579 58.4638
941 63.8579 58.4638
143 63.8579 58.4638
583 63.8579 58.4638
595 63.8579 58.4638
656 63.8579 58.4638
644 63.8579 58.4638
842 63.8273 58.7012
117 63.7955 58.9476
519 63.7626 59.2024
396 63.7054 59.6447
577 63.6465 60.1
515 63.5864 60.5646
468 63.5286 61.0116
188 63.4756 61.4215
85 63.4182 61.8654
791 63.3539 62.3627
68 63.292 62.841
762 63.2319 63.3056
647 63.1725 63.7654
625 63.1133 64.2234
810 63.0526 64.6928
650 62.9896 65.1796
340 62.9271 65.6629
485 62.8647 66.1459
293 62.7921 66.7069
538 62.714 67.3092
671 62.6274 67.9776
857 62.551 68.5677
9 62.551 68.5677
315 62.551 68.5677
208 62.551 68.5677
847 62.551 68.5677
727 62.551 68.5677
654 62.551 68.5677
987 62.551 68.5677
173 62.551 68.5677
440 62.551 68.5677
229 62.551 68.5677
478 62.551 68.5678
968 62.551 68.5678
617 62.551 68.5678
161 62.551 68.5678
605 62.539 68.7062
282 62.5272 68.8416
67 62.5144 68.9889
907 62.5013 69.1395
238 62.4875 69.299
393 62.4736 69.4593
420 62.4599 69.6166
962 62.4402 69.8441
867 62.4205 70.0702
112 62.4002 70.3046
290 62.3812 70.5239
904 62.3617 70.7483
51 62.3425 70.9699
110 62.3237 71.1858
744 62.1472 73.2353
297 61.9433 75.6013
575 61.7616 77.7072
40 61.6007 79.5712
887 61.5686 79.9417
317 61.5377 80.2973
816 61.5069 80.6526
782 61.4774 80.9926
406 61.4459 81.3559
845 61.4672 81.3902
947 61.4847 81.4185
567 61.5035 81.4488
937 61.5209 81.477
465 61.5387 81.5056
145 61.5561 81.5336
837 61.5718 81.5589
823 61.9187 82.1195
395 62.2172 82.6017
335 62.5139 83.0809
931 62.8161 83.5691
378 63.1204 84.0607
460 63.432 84.5642
118 63.7565 85.0886
980 64.0825 85.6155
622 64.1193 85.6747
854 64.1564 85.7347
285 64.1741 85.7632
992 64.1908 85.7902
620 64.2079 85.8178
273 64.2079 85.8178
313 64.2079 85.8178
42 64.2483 85.8445
984 64.2853 85.869
280 64.3214 85.8929
477 64.3676 85.9234
851 64.4095 85.9511
202 64.459 85.9839
737 64.5098 86.0175
690 64.5598 86.0505
801 64.6141 86.0864
544 64.6746 86.1264
83 64.7259 86.1604
158 64.7796 86.1959
464 64.8289 86.2285
818 64.8798 86.2622
159 65.3946 87.8984
813 65.4744 88.5118
856 65.5515 89.1048
177 66.5334 89.1487
185 67.5968 89.1963
251 69.0492 89.2612
353 70.4231 89.3226
318 71.7544 89.3821
135 73.1575 89.4448
149 73.5064 89.4604
52 73.8867 89.4775
817 74.3391 89.4978
580 75.5002 89.5497
893 76.7939 89.6074
473 78.0034 89.6615
928 78.8285 89.6984
820 78.8898 89.3327
983 78.9545 88.9463
725 79.0825 88.184
322 79.2112 87.4168
481 79.3534 86.5697
648 80.1712 85.8986
204 80.9465 85.2623
740 81.1415 85.1024
864 81.3306 84.9474
417 81.5286 84.7849
666 81.7288 84.6208
685 82.0609 84.3484
742 82.2757 84.1722
494 82.5073 83.9822
889 83.5586 83.1193
311 84.5521 82.3038
450 85.2464 81.7341
660 85.5831 81.4579
25 85.8648 81.2268
372 86.1321 81.0076
579 83.0913 76.3248
775 82.1781 74.9189
900 81.9955 74.6331
71 81.8253 74.3668
528 81.4832 72.2881
852 81.1052 69.9915
201 80.8877 68.6698
152 80.7165 67.6299
385 80.5642 66.7044
975 80.3957 65.6805
332 80.2088 64.5448
383 79.9434 62.9324
684 79.6242 60.9929
920 79.2909 58.9673
102 79.1182 57.9181
850 79.0151 57.2916
977 78.922 56.726
387 78.8144 56.0725
838 78.7088 55.4307
29 78.6025 54.785
592 78.6025 54.785
767 78.6025 54.785
136 82.0251 53.4793
497 85.0359 52.3309
951 84.8806 51.7952
170 84.7291 51.2727
506 84.5645 50.7053
884 84.36 49.9998
107 84.1408 49.2434
242 83.8552 48.2578
932 83.5007 47.0344
466 83.1054 45.6699
274 82.8918 44.9329
195 82.6949 44.2538
967 82.4943 43.5616
232 82.2208 42.6179
425 82.2208 42.6178
198 82.2208 42.6177
590 83.011 37.2862
98 83.6381 33.0575
520 83.8855 31.39
835 84.171 29.4657
627 85.1019 23.1818
33 84.3322 22.7018
