0,979,345,627,243,483,98,466,520,590,274,33,835,745,553,323,967,609,920,29,425,195,932,107,497,838,951,136,198,506,592,941,170,242,884,684,387,656,942,68,538,850,334,440,647,102,186,117,519,35,625,583,188,623,396,238,286,907,420,485,70,767,293,358,634,85,675,143,606,357,45,217,644,828,190,781,262,926,751,458,842,821,232,670,24,959,43,314,555,377,27,55,6,978,865,935,790,19,785,681,566,164,692,209,452,63,875,989,930,276,594,197,906,716,355,480,945,917,862,66,843,844,194,155,101,870,356,127,621,49,492,472,180,342,498,471,512,577,89,461,810,282,216,923,848,370,237,576,793,791,597,533,798,264,281,84,459,104,235,614,894,523,765,171,779,986,410,732,144,163,662,562,294,350,484,134,308,855,683,964,676,365,596,804,513,802,248,540,910,80,715,617,56,558,453,82,755,563,315,468,109,782,857,91,632,968,432,161,743,515,415,173,904,94,126,800,861,460,769,582,340,208,385,654,847,110,668,595,478,650,671,18,509,112,727,852,393,744,867,605,762,67,152,383,975,579,977,201,900,528,332,962,837,83,417,290,51,818,71,660,25,889,685,473,204,450,311,372,820,740,322,928,185,42,983,845,823,145,273,465,567,864,177,742,353,481,937,620,52,666,580,725,285,158,494,893,135,149,318,648,813,159,251,544,992,622,477,464,259,854,297,317,987,832,395,378,775,193,636,737,575,801,931,369,817,434,624,980,344,40,584,911,375,239,559,961,319,389,532,541,690,984,118,202,826,62,511,280,754,746,880,343,12,952,305,416,807,408,449,536,814,539,367,5,896,245,738,713,882,129,437,23,313,774,856,156,206,516,229,642,659,179,816,940,921,140,9,887,335,851,947,406,895,454,840,72,394,252,92,919,226,806,530,638,253,604,270,241,918,773,795,167,697,976,946,41,757,726,490,58,76,886,60,339,724,537,954,189,333,223,296,730,689,124,591,172,292,649,872,16,761,2,578,231,141,271,548,448,20,256,564,561,215,320,428,150,73,265,309,139,766,22,786,53,181,470,974,877,96,230,120,672,707,392,752,763,146,960,874,105,569,165,866,618,776,28,885,521,808,859,430,456,613,714,491,424,631,593,409,696,610,768,36,611,695,306,227,168,441,236,711,750,833,637,462,249,44,288,933,13,304,15,871,183,651,712,988,753,719,401,678,780,693,444,628,953,803,153,435,969,827,892,90,905,944,75,213,405,868,106,169,759,301,39,426,203,300,914,380,108,547,736,585,200,50,973,244,138,718,557,568,17,364,247,178,699,442,815,325,615,916,570,792,199,1,115,446,386,495,447,399,955,436,890,374,418,982,88,500,368,546,360,608,184,479,560,321,469,879,263,860,93,554,830,48,95,457,431,326,316,551,31,728,686,433,207,701,224,665,799,445,667,429,657,97,81,542,329,939,77,347,708,166,214,849,234,527,219,677,909,352,303,489,499,863,157,312,463,749,616,100,116,123,770,341,936,771,174,154,534,148,731,47,122,218,805,925,196,841,652,496,858,990,222,57,34,703,531,422,760,747,981,784,772,162,630,279,691,633,324,565,733,972,510,545,349,451,482,398,275,764,336,371,739,503,427,338,556,376,846,948,966,14,131,607,192,589,381,272,255,717,517,277,970,298,694,734,639,680,635,658,361,220,796,3,240,991,113,411,927,924,502,346,825,487,400,600,114,897,601,130,574,266,888,550,552,720,119,735,950,903,965,443,225,175,878,404,789,359,971,99,327,901,599,587,788,526,54,524,640,291,705,645,912,382,957,603,493,267,21,571,501,132,891,390,137,698,79,233,302,269,142,147,664,913,723,778,37,908,525,543,729,38,182,756,403,758,619,391,78,956,507,938,475,797,922,59,839,876,706,783,11,7,688,687,210,69,809,30,929,414,522,413,535,191,337,111,934,160,26,379,883,467,853,121,354,125,602,284,402,661,439,64,246,268,643,549,787,486,612,829,65,836,221,834,702,822,307,205,508,869,679,529,278,655,476,949,505,748,388,811,151,397,32,663,212,438,10,384,128,283,228,700,985,373,423,87,330,958,328,943,455,74,46,133,572,86,299,514,331,794,710,673,641,187,4,963,258,898,646,348,362,722,588,211,674,741,682,629,881,812,254,61,412,8,474,366,488,902,626,407,669,351,915,899,709,824,310,363,573,250,261,704,257,421,289,586,518,287,419,873,653,581,103,176,831,777,819,295,504,598,260,721,
value : 554.285 running time : 35.816678
0 80 20
979 83.392 18.8561
345 84.7456 18.3996
627 85.5868 18.1159
243 86.111 17.9392
483 86.5057 17.8061
98 84.5988 27.3385
466 82.8789 35.9325
520 82.7084 36.7839
590 82.5328 37.6603
274 82.331 38.6681
33 82.1446 39.5987
835 81.9046 40.7971
745 81.6538 42.0493
553 81.3923 43.3552
323 81.3923 43.3552
967 81.8122 44.3345
609 82.1053 45.0183
920 82.4704 45.8699
29 82.7902 46.6159
425 83.2301 47.6421
195 83.6736 48.6766
932 84.2069 49.9205
107 84.7443 51.1739
497 85.147 52.1134
838 84.5353 52.238
951 83.9414 52.359
136 83.327 52.4842
198 82.6946 52.6131
506 82.0572 52.7429
592 81.3569 52.8856
941 80.6993 53.0196
170 80.2242 53.1164
242 79.5109 53.2618
884 78.7676 53.4132
684 77.6332 53.6443
387 75.7487 54.0279
656 73.616 54.4621
942 71.6877 54.8547
68 70.0181 55.1947
538 68.8767 55.4272
850 67.9457 55.6168
334 66.935 55.8227
440 65.3424 56.147
647 65.081 55.1595
102 64.8069 54.1243
186 64.5298 53.0776
117 64.5298 53.0776
519 64.5298 53.0776
35 64.5298 53.0776
625 64.5298 53.0776
583 64.5298 53.0776
188 64.5298 53.0776
623 64.5298 53.0776
396 64.5298 53.0776
238 64.5298 53.0776
286 64.4626 52.7205
907 64.3937 52.3542
420 64.3132 51.9264
485 64.2029 51.3397
70 64.0874 50.7259
767 63.9755 50.131
293 63.8411 49.4162
358 63.6323 48.3061
634 63.5436 47.835
85 63.4848 47.5222
675 63.4119 47.1345
143 63.3475 46.7924
606 63.2757 46.4106
357 63.2059 46.0396
45 63.1346 45.6607
217 63.0757 45.3475
644 63.0173 45.0368
828 62.9535 44.6974
190 62.9336 44.5919
781 62.7341 43.5315
262 62.7341 43.5315
926 62.5565 42.3209
751 62.2856 40.4734
458 62.232 40.1084
842 62.1826 39.7715
821 62.1148 39.3092
232 62.0565 38.9123
670 61.9915 38.4693
24 61.0453 32.0062
959 60.3495 32.4251
43 59.5384 32.9135
314 58.8175 33.3474
555 58.0744 33.7948
377 57.37 34.2188
27 56.6697 34.6405
55 55.9662 35.0639
6 55.2388 35.5019
978 54.3666 36.027
865 53.4998 36.5488
935 52.6534 37.0585
790 51.9062 37.5082
19 51.5528 37.7209
785 51.1936 37.9371
681 50.8194 38.1624
566 50.424 38.4004
164 50.424 38.4004
692 50.1853 39.1071
209 50.0621 39.4716
452 49.8938 39.9699
63 49.7482 40.4008
875 49.6065 40.8202
989 49.4705 41.2229
930 49.3708 41.5178
276 49.2565 41.8563
594 49.1521 42.1652
197 49.0426 42.4895
906 48.9293 42.8249
716 48.8171 43.1571
355 48.7047 43.4895
480 48.5471 43.9562
945 48.3803 44.4497
917 48.2362 44.8763
862 48.0876 45.3162
66 47.9414 45.7491
843 47.7732 46.2469
844 47.6192 46.7027
194 47.4365 47.2435
155 47.2613 47.7621
101 47.0795 48.3001
870 46.9286 48.7469
356 46.7485 49.2801
127 46.5389 49.9003
621 46.3589 50.4331
49 46.2077 50.8808
492 46.075 51.2736
472 45.9306 51.7011
180 45.7741 52.1643
342 45.6208 52.618
498 45.4553 53.1078
471 45.2947 53.5831
512 45.1517 54.0066
577 44.9885 54.4896
89 44.8259 54.9709
461 45.1243 56.1483
810 45.4663 57.4974
282 45.4663 57.4974
216 45.4663 57.4974
923 45.4663 57.4974
848 45.4663 57.4974
370 45.4245 58.0302
237 45.3827 58.563
576 45.3358 59.1618
793 45.2916 59.7252
791 45.243 60.3457
597 45.1979 60.9209
533 45.1487 61.5478
798 45.0976 62.2002
264 45.0457 62.8624
281 44.9912 63.558
84 44.927 64.3768
459 44.8611 65.2177
104 44.7956 66.0527
235 44.7195 67.0244
614 44.6434 67.9961
894 44.6324 68.1363
523 44.6216 68.274
765 44.611 68.4092
171 44.5993 68.5589
779 44.5882 68.7003
986 44.5769 68.8444
410 44.5662 68.9815
732 44.5549 69.1248
144 44.5422 69.2879
163 44.5306 69.4354
662 44.5182 69.5941
562 44.6948 69.6659
294 44.8496 69.7287
350 44.9965 69.7884
484 45.1451 69.8487
134 45.2891 69.9072
308 45.4278 69.9636
855 45.9178 70.1625
683 46.365 70.3441
964 46.8674 70.5482
676 46.9393 70.5773
365 47.0105 70.6063
596 47.1044 70.6444
804 47.2345 70.6972
513 47.3752 70.7544
802 47.5036 70.8065
248 47.622 70.8546
540 47.7352 70.9006
910 47.8509 70.9476
80 47.9793 70.9997
715 48.1108 71.0531
617 48.2609 71.1141
56 48.396 71.1689
558 48.7081 71.2957
453 49.044 71.4321
82 49.3584 71.5598
755 49.687 71.6932
563 50.0262 71.8309
315 50.3757 71.9728
468 50.6777 72.0955
109 50.9887 72.2218
782 51.2946 72.346
857 51.5917 72.4666
91 51.8881 72.587
632 52.1892 72.7093
968 52.4872 72.8303
432 52.8043 72.9591
161 53.091 73.0755
743 53.4798 73.2333
515 53.9519 73.4251
415 54.3884 73.6023
173 55.007 73.5239
904 55.484 73.4635
94 55.8356 73.419
126 56.2108 73.3714
800 56.6681 73.3135
861 57.1231 73.2559
460 58.369 73.0981
769 59.5671 72.9463
582 60.97 72.7686
340 62.7919 72.5378
208 64.542 72.3161
385 67.1101 71.9908
654 67.148 71.986
847 67.1875 71.981
110 67.2334 71.9752
668 67.2715 71.9704
595 67.3143 71.9649
478 67.3573 71.9595
650 67.3997 71.9541
671 67.439 71.9491
18 67.4847 71.9434
509 67.5292 71.9377
112 67.5739 71.9321
727 67.639 71.9238
852 67.701 71.916
393 67.752 71.9095
744 67.8086 71.9023
867 67.8642 71.8953
605 67.9161 71.8887
762 67.9773 71.881
67 69.6992 71.6628
152 71.7661 71.4009
383 73.6919 71.1569
975 75.2091 70.9647
579 76.7629 70.7678
977 78.5321 70.5437
201 78.5721 70.6047
900 78.614 70.6686
528 78.6578 70.7354
332 78.6971 70.7955
962 78.7345 70.8525
837 78.7762 70.9161
83 78.819 70.9814
417 78.8605 71.0447
290 78.8975 71.1011
51 78.9389 71.1643
818 80.0389 72.8424
71 81.0248 74.3466
660 83.5506 78.1995
25 84.9623 80.3533
889 85.2503 80.7927
685 85.3835 80.996
473 85.5076 81.1853
204 85.6188 81.355
450 85.7396 81.5393
311 85.8762 81.7479
372 86.0225 81.9711
820 81.7525 86.7802
740 81.1772 87.4282
322 80.4882 88.2043
928 79.7773 89.0051
185 72.4266 91.4361
42 72.4266 91.4361
983 72.4266 91.4361
845 72.4172 91.3985
823 72.4081 91.3621
145 72.399 91.3257
273 72.3903 91.2912
465 72.3808 91.2531
567 72.3723 91.2193
864 72.3634 91.1838
177 72.3553 91.1516
742 72.3464 91.1161
353 72.3379 91.0821
481 72.3284 91.0443
937 72.3207 91.0133
620 72.3135 90.9846
52 72.3052 90.9516
666 72.2964 90.9166
580 72.2881 90.8833
725 72.2788 90.8462
285 72.2708 90.8141
158 72.2624 90.7807
494 72.254 90.747
893 72.2456 90.7137
135 72.2373 90.6805
149 72.2289 90.647
318 72.2199 90.6111
648 72.2101 90.5722
813 71.4711 90.2344
159 70.7227 89.8923
251 69.9193 89.5251
544 69.077 89.1401
992 68.2099 88.7439
622 67.395 88.3714
477 66.5968 88.0066
464 65.8245 87.6536
259 65.0187 87.2853
854 64.4614 87.0305
297 63.2044 86.4561
317 61.9543 85.8849
987 60.7469 85.3332
832 60.7469 85.3332
395 60.7469 85.3332
378 60.7469 85.3332
775 60.7469 85.3332
193 55.4887 87.9364
636 55.4947 88.0575
737 55.5015 88.1928
575 55.5073 88.3099
801 55.5134 88.432
931 55.5199 88.5605
369 55.5264 88.6916
817 55.5342 88.8484
434 55.0305 88.9888
624 54.6345 89.0993
980 54.2748 89.1996
344 53.9112 89.301
40 53.5755 89.3946
584 53.2355 89.4894
911 52.8726 89.5906
375 52.4729 89.7021
239 52.1907 89.7808
559 51.9262 89.8546
961 51.7474 89.9044
319 51.5755 89.9523
389 51.3964 90.0023
532 51.2367 90.0468
541 51.0807 90.0903
690 50.9373 90.1304
984 50.7855 90.1727
118 50.6077 90.2223
202 50.4229 90.2738
826 50.23 90.3276
62 50.0346 90.3821
511 49.8409 90.4361
280 49.6634 90.4856
754 49.4622 90.5417
746 49.2501 90.6009
880 49.0626 90.6531
343 48.8409 90.715
12 48.6516 90.7677
952 48.4106 90.835
305 48.1577 90.9055
416 47.9149 90.9732
807 47.6992 91.0333
408 47.6897 91.036
449 47.6794 91.0388
536 47.6701 91.0414
814 47.6605 91.0441
539 47.6509 91.0468
367 47.6421 91.0492
5 47.6319 91.0521
896 47.6225 91.0547
245 47.6123 91.0575
738 47.6011 91.0607
713 47.6011 91.0607
882 47.6011 91.0607
129 47.6011 91.0606
437 47.6011 91.0606
23 47.6011 91.0606
313 47.6011 91.0606
774 47.6011 91.0606
856 47.6011 91.0606
156 47.638 89.875
206 47.6789 88.5583
516 47.7256 87.0549
229 47.7774 85.3787
642 47.7859 85.1076
659 47.7944 84.8377
179 47.8031 84.5581
816 47.8118 84.2808
940 47.8221 83.9518
921 47.8326 83.617
140 47.8426 83.2973
9 47.8529 82.9684
887 47.3358 82.9306
335 46.7403 82.887
851 46.0016 82.833
947 44.8793 82.7509
406 43.4902 82.6492
895 41.7998 82.5254
454 39.2183 82.336
840 38.3174 82.2701
72 37.4062 82.2035
394 37.1584 82.1765
252 36.903 82.1487
92 36.648 82.121
919 36.4093 82.095
226 36.1791 82.07
806 35.9458 82.0446
530 35.734 82.0215
638 35.2699 81.9711
253 34.8393 81.9242
604 34.4516 81.882
270 34.1105 81.8449
241 33.7574 81.8065
918 33.3613 81.7634
773 32.9863 81.7226
795 32.6187 81.6826
167 32.2402 81.6414
697 31.8796 81.6022
976 31.5692 81.5684
946 30.8095 81.4857
41 30.4646 81.4482
757 30.1274 81.4115
726 29.7968 81.3755
490 29.8263 81.4178
58 29.8538 81.4572
76 29.8819 81.4974
886 29.9077 81.5344
60 29.936 81.575
339 29.9627 81.6131
724 30.0097 81.6805
537 30.0568 81.7479
954 30.1075 81.8206
189 30.1586 81.8938
333 30.2058 81.9615
223 30.2566 82.0342
296 30.307 82.1064
730 30.3546 82.1745
689 30.4066 82.249
124 30.4598 82.3253
591 30.5134 82.402
172 30.89 82.9415
292 31.1731 83.3469
649 31.4481 83.7409
872 31.7117 84.1185
16 31.9992 84.5303
761 32.3282 85.0016
2 32.592 85.3794
578 32.8539 85.7545
231 33.3575 86.4759
141 33.8026 87.1134
271 34.2814 87.7993
548 34.6951 88.3918
448 35.0763 88.9378
20 35.3924 89.3906
256 36.4045 89.6207
564 37.4547 89.8595
561 37.5206 89.8744
215 37.5869 89.8895
320 37.6524 89.9044
428 37.7085 89.9172
150 37.7706 89.9313
73 37.8366 89.9463
265 37.9092 89.9628
309 37.9793 89.9788
139 38.0448 89.9936
766 38.113 90.0091
22 38.1764 90.0236
786 38.2395 90.0379
53 38.31 90.0539
181 38.3759 90.0689
470 38.4396 90.0834
974 38.5066 90.0987
877 38.572 90.1135
96 38.6346 90.1278
230 38.7032 90.1434
120 38.7691 90.1583
672 38.8403 90.1745
707 38.9152 90.1915
392 38.9885 90.2082
752 39.0625 90.225
763 39.1404 90.2427
146 39.2073 90.2579
960 39.2758 90.2735
874 39.7483 90.381
105 40.1423 90.4706
569 40.4572 90.5422
165 40.7915 90.6182
866 41.1101 90.6907
618 41.4186 90.7608
776 26.5568 89.8217
28 26.5464 89.8211
885 26.5347 89.8203
521 26.5228 89.8196
808 26.5113 89.8189
859 26.4983 89.8181
430 26.4858 89.8173
456 26.4732 89.8165
613 26.4614 89.8157
714 26.035 89.7889
491 25.6356 89.7637
424 25.2502 89.7395
631 24.8462 89.7141
593 24.4455 89.6888
409 24.0471 89.6638
696 23.6501 89.6388
610 23.245 89.6133
768 22.8359 89.5875
36 22.4225 89.5615
611 22.0019 89.535
695 21.0817 89.4769
306 20.0948 89.4147
227 19.1453 89.3544
168 18.0776 89.2867
441 17.5626 89.2857
236 17.0045 89.2847
711 16.4671 89.2838
750 16.0324 89.2829
833 15.752 89.2824
637 15.456 89.2818
462 15.1905 89.2812
249 14.92 89.2807
44 14.6485 89.2802
288 14.349 89.2796
933 14.0434 89.279
13 13.7315 89.2784
304 13.4107 89.2777
15 13.1043 89.2771
871 12.7722 89.2765
183 12.3868 89.2757
651 11.9878 89.275
712 10.6828 89.2731
988 9.66444 89.2719
753 9.66217 89.2519
719 9.65991 89.232
401 9.65782 89.2135
678 9.65578 89.1956
780 9.65355 89.1758
693 9.65164 89.159
444 9.64961 89.1411
628 9.64768 89.124
953 9.64582 89.1077
803 9.64387 89.0905
153 9.64193 89.0733
435 9.6401 89.0572
969 9.63802 89.0388
827 9.63597 89.0207
892 9.63359 88.9997
90 9.6315 88.9812
905 9.6315 88.9812
944 9.6315 88.9812
75 9.6315 88.9812
213 9.6315 88.9812
405 9.68664 88.8958
868 9.74202 88.8101
106 9.7997 88.7207
169 9.8614 88.6252
759 9.9203 88.5339
301 9.97301 88.4523
39 10.0256 88.3709
426 10.0896 88.2718
203 10.1494 88.1791
300 10.2045 88.0938
914 10.2601 88.0076
380 10.3161 87.9209
108 10.3853 87.8138
547 10.4497 87.714
736 10.5148 87.6132
585 10.5766 87.5174
200 10.649 87.4054
50 10.7298 87.2801
973 10.7978 87.1749
244 10.8719 87.0601
138 10.9346 86.9629
718 11.0028 86.8573
557 11.0714 86.7511
568 11.1373 86.6491
17 11.2088 86.5383
364 11.2752 86.4354
247 11.3457 86.3263
178 11.4158 86.2176
699 11.4846 86.1111
442 11.5525 86.006
815 11.6225 85.8976
325 11.6941 85.7867
615 11.7611 85.6828
916 11.8291 85.5776
570 11.8928 85.4788
792 11.9574 85.3788
199 12.0235 85.2765
1 12.0958 85.1645
115 12.1696 85.0502
446 12.2432 84.9362
386 12.3194 84.8181
495 12.3986 84.6955
447 12.4707 84.5839
399 12.5501 84.4608
955 12.628 84.3403
436 12.7031 84.2239
890 12.7805 84.104
374 12.8621 83.9776
418 12.9388 83.8589
982 12.8763 83.623
88 12.8112 83.3777
500 12.746 83.1316
368 12.6934 82.9332
546 12.5982 82.5741
360 12.5063 82.2273
608 12.4113 81.8691
184 12.3149 81.5056
479 12.2186 81.1425
560 12.1302 80.8089
321 12.0409 80.472
469 11.9537 80.1432
879 11.8572 79.779
263 11.8572 79.779
860 11.8043 79.4392
93 11.7544 79.118
554 11.6992 78.7631
830 11.6462 78.422
48 11.5944 78.0889
95 11.5415 77.7484
457 11.4808 77.358
431 11.4222 76.981
326 11.3592 76.5757
316 11.2969 76.1747
551 11.2002 75.5524
31 11.101 74.9135
728 10.993 74.2182
686 10.8825 73.5066
433 10.7779 72.8338
207 10.6642 72.1015
701 10.5541 71.3927
224 10.4367 70.6365
665 10.3091 69.8149
799 10.1834 69.0059
445 10.0651 68.2441
667 9.94395 67.4639
429 9.81448 66.6303
657 9.66411 65.6618
97 9.47361 64.4345
81 9.2639 63.0832
542 9.03151 61.5851
329 8.96689 61.1694
939 8.8922 60.6887
77 8.81311 60.1796
347 8.72788 59.631
708 8.64088 59.071
166 8.55998 58.5502
214 8.48272 58.053
849 8.4082 57.5734
234 8.33819 57.1229
527 8.26441 56.6481
219 8.19389 56.1943
677 8.05319 55.2882
909 7.90886 54.3586
352 7.77699 53.5095
303 7.6494 52.6879
489 7.52093 51.8606
499 7.39621 51.0574
863 7.5468 51.129
157 7.69722 51.2006
312 7.84198 51.2694
463 7.99402 51.3417
749 8.14237 51.4123
616 8.29109 51.483
100 8.44231 51.5549
116 8.58788 51.6241
123 8.74102 51.697
770 8.89693 51.7711
341 9.0584 51.8479
936 9.22125 51.9253
771 9.38321 52.0023
174 9.5346 52.0743
154 9.67764 52.1424
534 9.82639 52.2131
148 9.9735 52.2831
731 9.9735 52.2831
47 9.9735 52.2831
122 9.97351 52.2831
218 9.97351 52.2831
805 9.97352 52.2831
925 9.97352 52.2831
196 9.97352 52.2831
841 9.97353 52.2831
652 9.97353 52.2831
496 9.97354 52.2831
858 9.97354 52.2831
990 9.97354 52.2831
222 10.9428 53.4414
57 11.8582 54.5354
34 12.3818 55.1616
703 12.7633 55.6172
531 13.1473 56.0756
422 13.5701 56.5805
760 13.9623 57.0488
747 14.3658 57.5306
981 14.7844 58.0304
784 15.1743 58.4959
772 15.5791 58.9793
162 15.9662 59.4415
630 15.9662 59.4415
279 15.9662 59.4415
691 15.9662 59.4415
633 15.9662 59.4415
324 15.9662 59.4415
565 15.9662 59.4415
733 15.9662 59.4415
972 15.9662 59.4415
510 15.9662 59.4415
545 15.9662 59.4415
349 15.7053 60.2009
451 15.439 60.976
482 15.1637 61.7773
398 14.8981 62.5503
275 14.6498 63.273
764 14.4112 63.9676
336 14.1593 64.701
371 13.8062 65.7282
739 13.6145 66.2863
503 13.4224 66.8455
427 13.2388 67.38
338 13.0638 67.8895
556 12.8913 68.3918
376 12.7523 68.7964
846 12.6076 69.2177
948 12.3556 69.9513
966 12.1022 70.6886
14 12.1008 70.7341
131 12.0993 70.7784
607 12.0978 70.8258
192 12.0964 70.8678
589 12.095 70.9118
381 12.0934 70.963
272 12.0918 71.0113
255 12.0903 71.059
717 12.0887 71.1083
517 12.0871 71.1576
277 12.0855 71.2062
970 12.084 71.2542
298 12.0822 71.3072
694 12.0806 71.357
734 12.0791 71.405
639 12.0774 71.4568
680 12.0759 71.5036
635 12.0743 71.5541
658 12.0726 71.6054
361 12.0711 71.6521
220 12.0696 71.6989
796 12.0681 71.7459
3 12.0667 71.7898
240 12.0649 71.8426
991 12.6158 71.6502
113 13.3497 71.3939
411 14.0333 71.1552
927 14.6165 70.9515
924 15.0358 70.8051
502 15.4188 70.6713
346 15.8125 70.5339
825 16.269 70.3744
487 16.7335 70.2122
400 17.1983 70.0499
600 17.7199 69.8677
114 18.1913 69.7031
897 18.714 69.5206
601 19.1758 69.3593
130 19.6159 69.2056
574 20.0877 69.0409
266 20.4789 68.9042
888 20.863 68.7701
550 21.2435 68.6372
552 21.669 68.4886
720 22.1059 68.3361
119 22.4716 68.2084
735 23.2185 67.9475
950 23.8471 67.728
903 24.5631 67.478
965 25.2096 67.2522
443 25.8418 67.0314
225 30.2046 65.5076
175 30.1005 65.2956
878 29.9985 65.088
404 29.8931 64.8734
789 29.778 64.6391
359 29.6499 64.3783
971 29.522 64.1178
99 29.4002 63.8699
327 29.2428 63.5493
901 29.0793 63.2166
599 28.9288 62.9102
587 28.7845 62.6163
788 28.6338 62.3095
526 28.4883 62.0132
54 28.3081 61.6464
524 28.086 61.1943
640 28.0575 61.0065
291 28.0299 60.8242
705 27.9996 60.6249
645 27.9714 60.4387
912 27.9422 60.2465
382 27.9128 60.0524
957 27.8835 59.8593
603 27.8535 59.662
493 27.8256 59.4779
267 27.7971 59.2901
21 27.7692 59.1066
571 27.7365 58.8912
501 27.6874 58.5674
132 27.633 58.2084
891 27.551 57.6675
390 27.4692 57.1279
137 27.3792 56.5339
698 27.2797 55.8772
79 27.1953 55.3202
233 27.1078 54.743
302 27.0202 54.1646
269 26.9359 53.6086
142 26.852 53.0552
147 26.7719 52.5263
664 26.691 51.993
913 26.691 51.9929
723 26.691 51.9929
778 26.691 51.9929
37 26.691 51.9929
908 26.691 51.9929
525 26.691 51.9929
543 26.691 51.9929
729 26.691 51.9929
38 26.691 51.9929
182 26.691 51.9929
756 26.8035 51.7704
403 26.9235 51.533
758 27.0403 51.302
619 27.1516 51.0818
391 27.269 50.8496
78 27.3853 50.6194
956 27.7416 50.4882
507 28.1189 50.3492
938 28.5318 50.197
475 28.9759 50.0334
797 29.4363 49.8637
922 30.0321 49.6441
59 30.585 49.4404
839 31.1773 49.222
876 31.7833 48.9986
706 32.3777 48.7795
783 32.9578 48.5657
11 33.5312 48.3544
7 34.1217 48.1368
688 34.6949 47.9255
687 35.2825 47.7089
210 35.8896 47.4852
69 36.4624 47.274
809 36.4624 47.274
30 36.4624 47.274
929 36.2806 46.6475
414 35.7752 44.9059
522 35.3552 43.4585
413 34.7704 41.4426
535 34.0083 38.8159
191 32.6139 34.0083
337 31.2486 29.3007
111 31.2486 29.3007
934 31.2486 29.3007
160 31.1388 29.2972
26 31.0346 29.2938
379 30.7336 29.284
883 30.4291 29.2742
467 30.0897 29.2632
853 29.6772 29.2498
121 28.4986 29.2114
354 27.4903 29.1786
125 26.5181 29.147
602 25.9011 29.127
284 25.2966 29.1073
402 24.6788 29.0873
661 24.701 29.1435
439 24.7243 29.2025
64 24.7484 29.2636
246 24.7721 29.3235
268 24.7963 29.385
643 24.8227 29.4517
549 24.8542 29.5314
787 24.8822 29.6023
486 24.9102 29.6733
612 24.9377 29.7429
829 24.9633 29.8077
65 24.989 29.8727
836 25.0141 29.9364
221 25.0422 30.0075
834 25.0705 30.0792
702 24.9915 30.2824
822 24.904 30.5078
307 24.3416 31.9555
205 23.0096 35.3846
508 21.6978 38.7615
869 21.6978 38.7615
679 21.6978 38.7615
529 21.6978 38.7615
278 21.6978 38.7615
655 20.9019 39.4832
476 20.1028 40.2078
949 19.329 40.9095
505 18.5873 41.5822
748 18.5873 41.5822
388 18.5873 41.5822
811 18.5873 41.5822
151 18.5873 41.5822
397 18.061 41.4112
32 17.4175 41.2021
663 16.7787 40.9946
212 16.1192 40.7803
438 15.6213 40.6185
10 14.0426 40.1056
384 12.6167 39.6423
128 11.4297 39.2566
283 11.426 39.0015
228 11.4224 38.756
700 11.4187 38.5027
985 11.4152 38.2597
373 11.4119 38.0359
423 11.4074 37.7225
87 11.4028 37.4091
330 11.3985 37.1123
958 11.3938 36.7902
328 11.3891 36.4673
943 11.3584 34.3783
455 11.3366 32.8886
74 11.3273 32.2539
46 11.3194 31.7118
133 11.3089 30.9923
572 11.2988 30.2959
86 11.2891 29.6337
299 11.2787 28.9182
514 11.2689 28.2433
331 11.2583 27.5191
794 11.2487 26.8588
710 11.2388 26.1825
673 11.2288 25.4943
641 11.2189 24.8174
187 11.209 24.135
4 11.209 24.135
963 11.209 24.135
258 11.209 24.135
898 11.209 24.135
646 11.6249 21.0929
348 11.8414 19.5064
362 12.0421 18.035
722 12.2448 16.5495
588 12.2662 16.3924
211 12.2886 16.2283
674 12.3105 16.0672
741 12.3322 15.9081
682 12.3561 15.7333
629 12.3802 15.5565
881 12.4026 15.3921
812 12.4236 15.238
254 12.9712 15.3872
61 13.3582 15.4927
412 14.3696 15.7681
8 15.8707 16.177
474 17.2046 16.5403
366 18.372 16.8583
488 19.6897 17.2172
902 22.8785 18.0855
626 26.0837 18.9583
407 28.3837 19.5847
669 28.8896 19.7225
351 29.4554 19.8767
915 29.9969 20.0242
899 30.5837 20.184
709 31.7686 20.5068
824 32.9722 20.8346
310 34.4385 21.234
363 35.7325 21.5865
573 37.4545 22.0554
250 39.4425 22.5968
261 39.8253 22.7011
704 40.215 22.8073
257 40.6745 22.9325
421 40.6745 22.9325
289 41.9416 21.7182
586 43.2125 20.5002
518 47.0815 16.795
287 47.6503 16.7679
419 49.6183 16.6741
873 51.5005 16.5844
653 53.5812 16.4852
581 58.9922 16.2264
103 63.4368 16.0142
176 63.7283 16.019
831 64.0085 16.0235
777 65.1999 16.043
819 66.5605 16.0652
295 68.3493 16.0945
504 70.4781 16.1294
598 72.9764 16.1703
260 77.7529 16.2489
721 78.3288 17.2105
