0,483,243,260,979,627,345,33,609,592,274,520,590,98,425,684,497,951,838,967,932,835,920,387,506,170,136,242,198,107,334,884,977,152,201,553,962,656,941,383,528,385,852,975,579,71,837,83,290,51,904,660,204,372,648,417,159,740,322,450,311,332,685,25,473,983,889,928,820,135,580,285,353,251,666,813,823,845,158,725,494,893,318,149,737,864,620,854,742,817,544,477,567,177,984,229,202,42,52,464,273,145,319,911,367,952,179,118,856,313,185,584,516,992,624,434,511,980,618,40,344,896,690,378,140,755,245,239,921,513,816,259,877,389,375,23,536,882,105,369,642,320,880,280,940,754,406,659,415,636,530,343,960,470,139,807,292,206,22,437,548,309,72,449,241,394,532,814,774,866,763,766,5,305,559,541,53,746,874,62,230,156,448,539,165,181,392,961,713,408,974,265,707,569,215,129,806,564,826,126,41,563,248,662,613,561,638,271,840,2,919,918,795,672,418,92,60,954,562,193,146,73,167,16,189,416,428,738,120,550,150,833,859,611,36,871,651,786,424,441,490,96,172,50,368,757,752,631,456,768,430,28,491,593,115,76,58,610,231,44,714,521,808,306,15,409,761,773,253,20,256,141,696,227,712,400,184,442,695,462,183,753,885,17,886,578,13,1,776,178,916,316,48,699,236,304,360,364,711,244,955,240,892,108,249,570,444,546,203,759,169,199,93,719,988,718,615,547,153,628,953,678,386,399,325,447,568,138,200,815,585,827,969,405,106,39,213,830,973,495,247,868,301,637,736,750,933,380,435,288,374,890,560,554,991,914,944,401,557,168,982,728,860,321,75,426,300,95,433,551,31,88,479,338,162,446,803,436,693,905,792,263,946,113,780,326,90,825,502,701,469,220,361,431,697,950,680,587,879,131,482,927,552,677,764,298,277,346,517,717,255,272,799,948,657,429,667,445,3,371,119,457,224,639,427,503,376,234,760,219,77,939,196,686,607,192,589,347,381,966,694,556,734,207,14,665,784,233,349,691,846,735,34,739,630,897,542,981,422,729,451,182,849,336,531,747,703,122,708,214,57,384,925,972,936,373,527,166,154,47,805,218,841,652,731,303,489,46,100,616,749,463,312,157,116,863,328,212,283,330,86,499,985,87,128,121,125,10,700,475,958,65,341,770,505,423,78,612,37,123,352,909,174,534,142,476,723,829,397,148,990,403,388,496,508,543,269,525,414,302,11,908,324,228,222,413,797,949,664,858,771,663,758,391,32,811,507,688,438,633,938,38,535,705,971,59,510,788,839,81,956,957,603,698,114,329,279,772,267,79,565,901,137,411,604,21,132,600,571,903,599,601,965,608,500,524,398,130,574,635,591,537,526,658,888,266,924,872,99,970,487,339,443,333,796,275,726,97,296,327,789,390,124,359,501,454,733,730,382,640,493,308,720,689,89,724,765,910,80,54,281,459,291,410,523,576,645,596,30,104,732,484,533,683,912,175,558,986,94,715,350,779,163,878,802,895,134,56,365,404,540,252,82,294,894,782,226,614,144,649,223,225,976,270,171,855,622,947,851,335,887,317,861,801,12,18,575,395,775,595,671,509,727,110,867,460,432,605,900,744,465,847,654,481,937,297,800,9,931,315,769,818,676,453,632,832,987,161,793,84,617,857,235,101,440,35,85,577,625,538,515,478,650,393,68,668,67,647,762,621,582,91,173,238,208,907,340,112,743,264,282,964,968,109,804,468,798,216,791,188,519,210,127,843,512,155,848,452,342,522,194,69,597,186,929,180,778,471,461,809,237,370,922,913,756,545,891,147,49,748,619,876,566,480,634,930,978,217,906,870,844,355,606,644,945,623,63,942,923,498,810,286,396,66,670,850,143,485,420,842,102,195,767,745,293,190,594,926,583,70,29,357,45,675,117,43,323,821,232,466,716,875,358,492,314,356,209,276,472,781,197,458,421,262,250,555,751,6,27,865,828,377,785,681,19,289,164,55,935,831,706,853,151,783,989,486,869,549,687,917,692,257,790,862,191,943,787,529,679,221,836,7,278,655,205,572,307,709,902,702,661,915,899,474,254,794,514,299,641,133,331,710,898,412,61,722,187,4,963,268,812,366,673,258,74,455,646,682,741,674,211,588,362,348,881,629,354,488,643,669,824,8,402,602,439,246,586,834,64,261,26,363,284,626,407,379,160,518,351,111,467,934,419,573,653,287,337,883,822,310,704,873,103,581,721,176,295,777,504,959,24,598,819,
value : 505.909 running time : 53.247819
0 80 20
483 86.2684 17.5916
243 86.2684 17.5916
260 86.2684 17.5916
979 86.2382 18.6496
627 86.188 20.4055
345 86.1008 23.4586
33 85.8692 31.5867
609 85.7012 37.474
592 85.694 37.7293
274 85.6879 37.9421
520 85.6821 38.1452
590 85.6759 38.3625
98 85.6689 38.6075
425 85.427 47.1029
684 85.326 50.644
497 85.2917 51.8455
951 85.2917 51.8455
838 85.2917 51.8455
967 85.2917 51.8455
932 85.2917 51.8455
835 85.2917 51.8455
920 84.9328 52.4361
387 84.597 52.9887
506 84.2894 53.4949
170 84.0038 53.9647
136 83.7011 54.4628
242 83.3769 54.9963
198 83.0621 55.5142
107 82.7446 56.0367
334 82.3842 56.6297
884 82.088 57.117
977 81.7155 57.73
152 81.33 58.3645
201 81.33 58.3645
553 81.33 58.3645
962 79.4887 63.8583
656 79.3203 64.3605
941 79.1208 64.9554
383 78.8745 65.6898
528 78.6322 66.4124
385 78.4127 67.067
852 78.1982 67.7065
975 77.9718 68.3817
579 77.7478 69.0496
71 77.5377 69.6761
837 77.4546 69.9239
83 77.373 70.1671
290 77.3031 70.3755
51 77.2336 70.5827
904 77.1727 70.7643
660 83.4323 78.7511
204 84.6222 80.2695
372 86.017 82.0493
648 86.017 82.0493
417 86.017 82.0493
159 86.017 82.0493
740 86.017 82.0493
322 86.017 82.0493
450 86.017 82.0493
311 86.017 82.0493
332 86.017 82.0493
685 85.3208 82.9347
25 84.5676 83.8926
473 82.9059 86.0062
983 81.2512 88.1109
889 81.213 88.1594
928 81.1672 88.2177
820 79.457 88.2058
135 77.8149 88.1943
580 76.0315 88.1819
285 75.4911 88.1781
353 75.0127 88.1748
251 74.5648 88.1717
666 74.1593 88.1688
813 73.7515 88.166
823 73.3395 88.1631
845 72.9723 88.1606
158 72.6189 88.1581
725 72.2875 88.1558
494 71.8082 88.1525
893 71.3207 88.1491
318 70.0544 88.1403
149 68.8232 88.1317
737 67.4919 88.1225
864 67.2042 88.1205
620 66.8285 88.1179
854 66.5004 88.1156
742 66.1307 88.113
817 65.5092 88.1087
544 64.9423 88.1047
477 64.3276 88.1005
567 63.7296 88.0963
177 63.147 88.0923
984 62.5689 88.0882
229 61.9956 88.0843
202 61.4799 88.0807
42 61.0131 88.0774
52 60.5035 88.0739
464 59.8704 88.0695
273 59.1872 88.0647
145 58.4604 88.0597
319 57.1717 88.0507
911 57.1082 88.0503
367 57.0391 88.0498
952 56.9719 88.0493
179 56.9075 88.0489
118 56.8447 88.0484
856 56.781 88.048
313 56.7171 88.0475
185 56.6573 88.0471
584 56.5896 88.0466
516 56.5213 88.0462
992 56.4651 88.0458
624 56.394 88.0453
434 56.3285 88.0448
511 56.3034 88.0446
980 56.2793 88.0445
618 56.2543 88.0443
40 56.2295 88.0441
344 56.2042 88.044
896 55.5656 87.8384
690 54.9149 87.6289
378 54.2561 87.4168
140 53.3897 87.1378
755 52.5659 86.8726
245 52.0288 86.6997
239 51.4734 86.5208
921 50.975 86.3604
513 50.5094 86.2105
816 49.9657 86.8233
259 49.2833 87.5923
877 48.4459 88.5361
389 48.1284 88.8939
375 47.8576 89.1991
23 47.6218 89.4648
536 47.5416 89.4824
882 47.4609 89.5002
105 47.3748 89.5192
369 47.2998 89.5356
642 47.0458 89.5916
320 46.8029 89.645
880 46.5591 89.6987
280 46.3031 89.755
940 45.8424 89.8565
754 45.3651 89.9616
406 44.8219 90.0812
659 44.2594 90.2051
415 43.6827 90.3322
636 42.9446 90.4948
530 42.0541 90.6912
343 41.1135 90.8987
960 40.2456 91.0902
470 40.2456 91.0902
139 40.2456 91.0902
807 40.2456 91.0902
292 40.2456 91.0902
206 40.2456 91.0902
22 40.2456 91.0902
437 40.2456 91.0902
548 40.2456 91.0902
309 40.2456 91.0902
72 40.2456 91.0902
449 40.2456 91.0902
241 40.2456 91.0902
394 40.2456 91.0902
532 40.2456 91.0902
814 40.2456 91.0902
774 40.2456 91.0902
866 40.2456 91.0902
763 40.2456 91.0902
766 40.2456 91.0902
5 40.2456 91.0902
305 40.2456 91.0902
559 40.2456 91.0902
541 40.2456 91.0902
53 40.2456 91.0902
746 40.2456 91.0902
874 40.2456 91.0902
62 40.2456 91.0902
230 40.2456 91.0902
156 40.2456 91.0902
448 40.2456 91.0902
539 40.2456 91.0902
165 40.2456 91.0902
181 40.2456 91.0902
392 40.2456 91.0902
961 40.2456 91.0902
713 40.1575 90.7632
408 40.0664 90.4253
974 39.9797 90.1039
265 39.8847 89.7512
707 39.776 89.3483
569 39.6631 88.9296
215 39.5408 88.4763
129 39.4315 88.0709
806 39.321 87.6611
564 39.2133 87.2616
826 39.1138 86.8925
126 39.0278 86.5734
41 37.1878 84.5457
563 37.1878 84.5457
248 36.8551 84.7342
662 36.3484 85.0214
613 35.8209 85.3203
561 35.7323 85.3706
638 35.6266 85.4304
271 35.5238 85.4887
840 35.4403 85.536
2 35.3411 85.5923
919 35.2425 85.6481
918 35.142 85.7051
795 35.0463 85.7593
672 34.9513 85.8131
418 34.8573 85.8664
92 34.7767 85.9121
60 34.6975 85.957
954 34.6157 86.0034
562 34.5365 86.0483
193 34.3585 86.1491
146 33.963 86.3733
73 33.5922 86.5834
167 33.2629 86.77
16 32.9391 86.9536
189 32.6167 87.1363
416 32.2459 87.3464
428 31.8421 87.5752
738 31.4564 87.7938
120 31.0672 88.0144
550 30.6919 88.2271
150 30.4821 88.346
833 30.262 88.4707
859 30.0626 88.5837
611 29.8649 88.6958
36 29.7009 88.7887
871 29.5369 88.8817
651 29.5369 88.8817
786 29.5369 88.8817
424 29.5369 88.8817
441 29.5369 88.8817
490 29.5369 88.8817
96 29.5369 88.8817
172 29.5369 88.8817
50 29.5369 88.8817
368 29.5369 88.8817
757 29.5369 88.8817
752 29.5369 88.8817
631 28.944 88.7922
456 28.3323 88.6998
768 27.8659 88.6294
430 27.5218 88.5775
28 27.1742 88.525
491 26.7852 88.4663
593 26.5189 88.4261
115 26.2704 88.3886
76 26.0583 88.3566
58 25.8285 88.3219
610 25.6249 88.2912
231 25.4174 88.2599
44 25.1583 88.2208
714 24.9213 88.185
521 24.8121 88.1685
808 24.7105 88.1532
306 24.588 88.1347
15 24.4625 88.1158
409 24.4625 88.1158
761 24.4625 88.1158
773 24.4625 88.1158
253 24.4625 88.1158
20 24.4625 88.1158
256 24.0619 88.009
141 23.5552 87.8738
696 23.0047 87.7269
227 22.4506 87.579
712 19.0688 86.1599
400 15.438 84.6363
184 15.2403 84.7942
442 15.0197 84.9702
695 14.8361 85.1168
462 14.6365 85.2761
183 14.4635 85.4142
753 14.2827 85.5585
885 14.1149 85.6925
17 13.9305 85.8396
886 13.7657 85.9712
578 13.5693 86.128
13 12.6666 86.8485
1 11.9137 87.4495
776 11.2742 87.9599
178 11.2001 87.9985
916 11.133 88.0335
316 11.0579 88.0726
48 10.9875 88.1092
699 10.9113 88.1489
236 10.8344 88.1889
304 10.765 88.2251
360 10.6995 88.2592
364 10.6153 88.303
711 10.5412 88.3416
244 10.48 88.3735
955 10.404 88.4131
240 10.3246 88.4544
892 10.2517 88.4923
108 10.1762 88.5317
249 10.1078 88.5673
570 10.0247 88.6105
444 9.94549 88.6518
546 9.86841 88.6919
203 9.79058 88.7325
759 9.71121 88.7738
169 9.63468 88.8136
199 9.56028 88.8524
93 9.49098 88.8885
719 9.40474 88.9334
988 9.32161 88.9766
718 9.32485 88.9659
615 9.3281 88.9552
547 9.33094 88.9458
153 9.33401 88.9357
628 9.33715 88.9253
953 9.3401 88.9155
678 9.34318 88.9053
386 9.34651 88.8943
399 9.34981 88.8834
325 9.35259 88.8742
447 9.35543 88.8649
568 9.35841 88.855
138 9.36141 88.8451
200 9.36436 88.8353
815 9.36768 88.8244
585 9.37043 88.8153
827 9.37336 88.8056
969 9.37654 88.7951
405 9.37974 88.7845
106 9.38304 88.7736
39 9.38649 88.7622
213 9.39014 88.7501
830 9.47745 88.4613
973 9.48468 88.4374
495 9.49327 88.409
247 9.50035 88.3855
868 9.50703 88.3634
301 9.51489 88.3374
637 9.52277 88.3114
736 9.53067 88.2852
750 9.53829 88.26
933 9.5472 88.2305
380 9.5553 88.2037
435 9.56557 88.1697
288 9.7803 87.4595
374 9.94255 86.9229
890 10.0577 86.542
560 10.1603 86.2026
554 10.2571 85.8826
991 10.3498 85.5761
914 10.4176 85.352
944 10.4996 85.0807
401 10.5766 84.8259
557 10.6616 84.545
168 10.7574 84.228
982 10.8262 84.0004
728 10.9041 83.7428
860 10.978 83.4983
321 11.0446 83.2782
75 11.1085 83.0669
426 11.1739 82.8508
300 11.2413 82.6277
95 11.3207 82.3651
433 11.4075 82.0779
551 11.4906 81.8031
31 11.5656 81.5552
88 11.6442 81.2953
479 11.7276 81.0193
338 11.8023 80.7724
162 11.825 80.6971
446 11.8445 80.6328
803 11.8667 80.5593
436 11.8916 80.4769
693 11.9141 80.4025
905 11.9394 80.3188
792 11.9642 80.237
263 11.9913 80.1474
946 12.0847 79.8384
113 12.1734 79.5448
780 12.2438 79.3121
326 12.3202 79.0593
90 12.3896 78.8299
825 12.5189 78.4021
502 12.651 77.9655
701 12.7623 77.5973
469 12.8674 77.2498
220 12.9872 76.8535
361 13.0988 76.4843
431 13.2028 76.1405
697 13.3131 75.7755
950 13.8035 74.1535
680 14.2761 72.5899
587 14.7309 71.0857
879 14.1611 70.7026
131 13.6114 70.3332
482 13.0333 69.9448
927 12.4503 69.5532
552 11.7675 69.0939
677 11.3604 68.8199
764 11.3604 68.8199
298 11.3604 68.8199
277 11.3604 68.8199
346 11.3604 68.8199
517 11.3604 68.8199
717 11.3604 68.8199
255 11.3604 68.8199
272 11.3604 68.8199
799 11.3604 68.8199
948 11.3604 68.8199
657 11.3604 68.8198
429 11.3604 68.8198
667 11.3604 68.8198
445 11.3604 68.8198
3 11.3604 68.8198
371 11.3604 68.8198
119 11.3604 68.8198
457 11.3604 68.8198
224 11.3604 68.8198
639 11.3604 68.8198
427 11.3604 68.8198
503 11.3604 68.8198
376 11.3604 68.8198
234 11.3604 68.8198
760 11.3604 68.8198
219 11.3604 68.8198
77 11.3604 68.8198
939 11.3604 68.8198
196 11.3604 68.8198
686 11.3604 68.8198
607 11.3604 68.8198
192 11.3604 68.8198
589 11.3604 68.8198
347 11.3604 68.8198
381 11.3604 68.8198
966 11.3604 68.8198
694 11.3604 68.8198
556 11.3604 68.8198
734 11.3604 68.8198
207 11.3604 68.8198
14 11.7392 67.6194
665 12.1376 66.3573
784 12.5266 65.1248
233 12.9331 63.8371
349 13.264 62.7882
691 13.2568 62.7201
846 13.2502 62.6587
735 13.2432 62.5923
34 13.2366 62.5305
739 13.2302 62.4704
630 13.2235 62.4077
897 13.2164 62.3409
542 13.209 62.2709
981 13.2041 62.2249
422 13.1988 62.1757
729 13.1939 62.129
451 12.8559 60.1525
182 12.4693 57.8919
849 12.1795 56.1973
336 12.094 55.6973
531 12.0136 55.2274
747 11.9225 54.6941
703 11.8219 54.106
122 11.7041 53.4172
708 11.6125 52.8814
214 11.522 52.3525
57 11.4267 51.7952
384 11.3339 51.2528
925 11.296 51.031
972 11.2501 50.7627
936 11.1996 50.467
373 11.1503 50.1788
527 11.1044 49.9106
166 11.0559 49.6271
154 11.0024 49.3142
47 10.9536 49.0287
805 10.9039 48.7383
218 10.8542 48.4476
841 10.795 48.1014
652 10.7392 47.7753
731 10.6845 47.4555
303 10.6352 47.1669
489 10.5811 46.8503
46 10.5248 46.5217
100 10.4758 46.2348
616 10.4199 45.908
749 10.3693 45.6121
463 10.3169 45.306
312 10.2612 44.9801
157 10.2105 44.6835
116 10.1566 44.3685
863 10.0165 43.5491
328 9.88133 42.7588
212 9.77105 42.114
283 9.65985 41.4638
330 9.55034 40.8234
86 9.44066 40.1821
499 9.91575 40.3092
985 10.4967 40.4645
87 11.0817 40.621
128 11.6772 40.7802
121 16.4457 42.0556
125 16.5491 42.1549
10 16.6496 42.2514
700 16.7573 42.3549
475 16.8745 42.4675
958 16.9604 42.55
65 17.0674 42.6528
341 17.1768 42.7579
770 17.2828 42.8598
505 17.3975 42.9699
423 17.5068 43.075
78 17.6235 43.1871
612 17.7372 43.2964
37 17.856 43.4105
123 17.9627 43.513
352 18.083 43.6286
909 18.1924 43.7337
174 18.3114 43.8481
534 18.4262 43.9583
142 18.5512 44.0785
476 18.6553 44.1785
723 18.7661 44.2849
829 18.8699 44.3847
397 19.0794 44.5859
148 19.2608 44.7602
990 19.4506 44.9426
403 19.6483 45.1325
388 19.8353 45.3122
496 20.0111 45.481
508 20.2061 45.6684
543 20.3779 45.8334
269 20.5592 46.0076
525 20.5592 46.0076
414 20.5592 46.0076
302 20.5592 46.0076
11 20.5592 46.0076
908 20.5592 46.0076
324 20.5592 46.0076
228 20.5592 46.0076
222 20.5592 46.0076
413 20.5592 46.0076
797 20.5592 46.0076
949 20.5592 46.0076
664 20.5592 46.0076
858 20.5592 46.0076
771 20.5592 46.0076
663 20.5592 46.0076
758 20.5592 46.0076
391 20.5592 46.0076
32 20.5592 46.0076
811 20.5592 46.0076
507 20.9582 48.8712
688 21.0145 49.2733
438 21.0676 49.653
633 21.126 50.0702
938 21.1831 50.4781
38 21.2388 50.8756
535 21.471 52.5379
705 21.7474 54.5187
971 22.0089 56.3927
59 22.0643 56.7886
510 22.1207 57.1911
788 22.1782 57.6021
839 22.2315 57.9833
81 22.2817 58.3413
956 22.3272 58.6669
957 22.3753 59.0103
603 22.4212 59.3378
698 22.4754 59.725
114 22.5381 60.1733
329 22.597 60.5942
279 22.6535 60.9976
772 22.7239 61.5008
267 22.7951 62.0094
79 22.8643 62.5042
565 22.9338 63.0002
901 23.0188 63.6077
137 23.1042 64.218
411 23.1872 64.8115
604 23.2734 65.4279
21 23.3338 65.8591
132 23.3869 66.2388
600 23.444 66.6464
571 23.4989 67.0388
903 23.5505 67.4071
599 23.6028 67.7808
601 23.6578 68.1739
965 23.7138 68.5745
608 23.771 68.9828
500 23.7725 68.9935
524 23.7739 69.004
398 23.7757 69.0164
130 23.7773 69.0284
574 23.7794 69.0433
635 23.7813 69.0568
591 23.7831 69.0698
537 23.785 69.083
526 23.7866 69.0947
658 23.7883 69.1072
888 23.79 69.1191
266 23.7916 69.1308
924 23.7932 69.1419
872 23.795 69.1548
99 23.3169 69.0197
970 22.8448 68.8862
487 22.9381 68.9048
339 23.0289 68.923
443 23.1196 68.9411
333 23.2089 68.9589
796 23.2928 68.9756
275 23.3802 68.993
726 23.4682 69.0106
97 23.5529 69.0275
296 27.8676 69.8884
327 28.2738 69.6825
789 28.6611 69.4861
390 29.0889 69.2692
124 29.4877 69.067
359 29.9215 68.8471
501 30.3234 68.6433
454 30.7215 68.4414
733 31.1515 68.2234
730 31.5719 68.0103
382 32.0471 67.7694
640 32.5368 67.5211
493 33.0165 67.2779
308 33.4495 67.0584
720 33.8713 66.8446
689 34.3234 66.6153
89 34.8901 66.328
724 35.5865 66.415
765 36.2047 66.4923
910 36.8162 66.5687
80 37.4092 66.6428
54 37.9866 66.7149
281 38.574 66.7883
459 38.6779 66.9926
291 38.7768 67.187
410 38.8765 67.383
523 38.9759 67.5784
576 39.071 67.7654
645 39.17 67.96
596 39.2752 68.1668
30 39.3731 68.3593
104 39.4891 68.5874
732 39.6101 68.8253
484 39.7463 69.093
533 39.8495 69.2958
683 39.9805 69.5533
912 40.1072 69.8024
175 40.2915 70.1647
558 40.4818 70.5388
986 40.6896 70.9472
94 40.8794 71.3204
715 40.904 71.3686
350 40.9328 71.4252
779 40.9597 71.4782
163 40.9868 71.5314
878 41.0152 71.5873
802 41.049 71.6536
895 41.0791 71.7129
134 41.103 71.7597
56 41.1278 71.8086
365 41.1542 71.8605
404 41.1812 71.9135
540 41.21 71.9701
252 41.2373 72.0238
82 41.2662 72.0805
294 41.2939 72.1351
894 41.3202 72.1866
782 41.3498 72.2447
226 41.3498 72.2447
614 41.3498 72.2447
144 41.3498 72.2447
649 41.3498 72.2447
223 41.3498 72.2447
225 42.5212 72.702
976 43.7473 73.1805
270 45.0273 73.68
171 47.1239 74.4982
855 51.7419 76.2998
622 58.9978 79.1284
947 58.9978 79.1284
851 58.9978 79.1284
335 59.2667 78.816
887 59.5217 78.5195
317 59.8011 78.195
861 60.0678 77.885
801 60.4098 77.4877
12 60.7357 77.1089
18 61.1337 76.6464
575 61.4962 76.2251
395 61.915 75.7385
775 62.3694 75.2104
595 62.7369 74.7835
671 62.9676 74.5153
509 63.234 74.2058
727 63.5167 73.8772
110 63.7953 73.5535
867 63.7953 73.5535
460 63.7953 73.5535
432 63.7953 73.5535
605 63.7953 73.5535
900 63.7953 73.5535
744 63.7953 73.5535
465 63.7953 73.5535
847 63.7953 73.5535
654 63.7953 73.5535
481 63.7953 73.5535
937 63.7953 73.5535
297 63.7953 73.5535
800 63.7953 73.5535
9 63.7953 73.5535
931 63.7953 73.5535
315 63.7953 73.5535
769 63.7953 73.5535
818 63.7953 73.5535
676 56.6928 65.6
453 56.6244 65.5234
632 56.5608 65.4522
832 56.4969 65.3807
987 56.4204 65.295
161 56.3353 65.1998
793 56.2596 65.1149
84 56.1919 65.0391
617 56.1235 64.9626
857 56.0553 64.8862
235 55.9808 64.8028
101 55.9042 64.7171
440 55.9042 64.7171
35 55.9042 64.7171
85 55.9042 64.7171
577 55.9042 64.7171
625 55.9042 64.7171
538 55.9042 64.7171
515 55.9042 64.7171
478 55.9042 64.7171
650 55.9042 64.7171
393 55.7472 64.6034
68 55.5814 64.4835
668 55.4076 64.3577
67 55.2294 64.2287
647 55.0148 64.0734
762 54.7887 63.9097
621 54.544 63.7326
582 54.4408 63.6579
91 54.3173 63.5686
173 54.1967 63.4813
238 54.0294 63.3602
208 53.8616 63.2388
907 53.6939 63.1174
340 53.5282 62.9974
112 53.1327 62.7112
743 52.6505 62.3623
264 52.1805 62.0221
282 51.8414 61.7766
964 51.4892 61.5217
968 51.0996 61.2398
109 50.6861 60.9405
804 50.0669 60.4924
468 49.6452 60.1872
798 49.1287 59.8133
216 48.6193 59.4446
791 48.0859 59.0585
188 47.4824 58.6218
519 46.7697 58.1059
210 45.9389 57.5047
127 45.2772 57.0258
843 44.7348 56.6331
512 44.1526 56.2118
155 43.6247 55.8297
848 43.2644 55.569
452 42.931 55.3276
342 42.7173 55.1729
522 42.4961 55.0129
194 42.2853 54.8603
69 42.0863 54.7163
597 41.8914 54.5752
186 41.6662 54.4122
929 41.385 54.2087
180 41.1186 54.0159
778 40.8727 53.8379
471 40.6613 53.6849
461 40.4135 53.5056
809 40.168 53.3279
237 39.9113 53.1421
370 39.6614 52.9612
922 39.394 52.7677
913 39.11 52.5622
756 38.9083 52.4162
545 38.7378 52.2928
891 38.7378 52.2928
147 38.7378 52.2928
49 38.7378 52.2928
748 38.7378 52.2928
619 39.4201 52.0381
876 40.3024 51.7088
566 41.297 51.3375
480 42.2833 50.9694
634 52.9623 48.648
930 53.3838 48.5563
978 53.7587 48.4748
217 54.1119 48.3979
906 54.4355 48.3275
870 54.7767 48.2532
844 55.1283 48.1767
355 55.5243 48.0906
606 56.0236 48.2558
644 56.4012 48.3807
945 56.7472 48.4952
623 57.2023 48.6458
63 57.6453 48.7924
942 58.1788 48.9689
923 58.1788 48.9689
498 58.1788 48.9689
810 58.4212 49.0037
286 58.6541 49.0371
396 58.89 49.0709
66 59.1206 49.104
670 61.6531 49.4664
850 62.6893 49.6149
143 63.2323 49.6928
485 63.775 49.7707
420 64.334 49.8509
842 64.805 48.9901
102 65.2769 48.1275
195 65.784 47.2008
767 65.784 47.2008
745 65.784 47.2008
293 64.6474 47.0535
190 64.5537 46.9733
594 64.443 46.8786
926 64.3711 46.8171
583 64.2938 46.751
70 64.0292 46.5246
29 63.7687 46.3016
357 63.41 45.9948
45 63.061 45.6962
675 62.7388 45.4205
117 62.4311 45.1572
43 62.0917 44.8668
323 61.7813 44.6013
821 61.4186 44.291
232 61.4186 44.291
466 61.4186 44.291
716 59.5732 43.1299
875 58.2658 42.3067
358 56.975 41.4938
492 55.6458 40.6568
314 54.2932 39.8051
356 52.784 38.8552
209 52.784 38.8552
276 52.784 38.8552
472 52.784 38.8552
781 52.784 38.8552
197 52.784 38.8552
458 52.784 38.8552
421 52.784 38.8552
262 52.784 38.8552
250 52.6536 38.4416
555 52.5498 38.1127
751 52.4621 37.8345
6 52.3743 37.5561
27 52.3284 37.4106
865 52.2816 37.2622
828 52.2383 37.1248
377 52.1947 36.9867
785 52.1444 36.8271
681 52.0985 36.6814
19 52.0514 36.5322
289 52.0001 36.3696
164 51.9609 36.2452
55 51.9257 36.1336
935 51.8926 36.0288
831 51.8556 35.9112
706 40.2906 33.305
853 39.3301 33.0886
151 38.3892 32.8766
783 37.7886 32.7413
989 37.3871 32.6508
486 36.8138 32.5216
869 36.5652 32.4656
549 36.3526 32.4177
687 36.1679 32.3761
917 35.9838 32.3346
692 35.7823 32.2892
257 35.5735 32.2422
790 35.3554 32.1931
862 35.1207 32.1402
191 32.9263 31.6457
943 30.021 30.9911
787 29.6541 30.9084
529 29.2775 30.8236
679 28.8768 30.7333
221 28.4383 30.6345
836 28.0062 30.5371
7 27.8138 30.4938
278 27.2638 30.3699
655 26.6539 30.2324
205 23.8927 28.958
572 20.3936 27.343
307 19.9936 27.1583
709 19.5055 26.9331
902 18.7834 26.5997
702 18.1052 26.2867
661 17.3841 25.9539
915 16.7324 25.6531
899 15.8713 25.2556
474 14.9284 24.8204
254 13.9329 24.3609
794 12.5483 23.7218
514 11.8603 23.4042
299 11.6307 23.2983
641 11.4153 23.1988
133 11.1599 23.0809
331 10.9047 22.9632
710 10.6596 22.8501
898 10.3953 22.728
412 10.3173 21.0301
61 10.2499 19.5649
722 10.1934 18.3375
187 10.1853 18.1614
4 10.1773 17.9868
963 10.1593 17.5948
268 10.1413 17.2036
812 10.1058 16.4322
366 10.1058 16.4322
673 10.1058 16.4322
258 10.1058 16.4322
74 10.1058 16.4322
455 10.4817 16.4767
646 10.8651 16.5221
682 11.3157 16.5755
741 11.786 16.6312
674 12.2278 16.6835
211 12.6948 16.7388
588 13.1424 16.7919
362 13.5884 16.8447
348 14.1133 16.9069
881 14.613 16.9661
629 15.3631 17.0549
354 19.1668 17.5056
488 19.9464 17.598
643 21.2109 17.7478
669 22.3795 17.8862
824 23.0678 17.9677
8 23.6492 18.0366
402 24.3674 18.1216
602 26.285 18.3488
439 28.6853 18.6331
246 32.0464 19.0313
586 37.6062 19.6901
834 37.6062 19.6901
64 37.6062 19.6901
261 37.6062 19.6901
26 37.6062 19.6901
363 37.6062 19.6901
284 37.6062 19.6901
626 38.1247 19.4491
407 38.696 19.1836
379 39.2321 18.9344
160 39.846 18.6491
518 41.7691 17.7562
351 41.7691 17.7562
111 41.9732 17.7387
467 42.1997 17.7193
934 42.4509 17.6978
419 42.7055 17.6759
573 42.9241 17.6572
653 43.1684 17.6363
287 43.3909 17.6172
337 43.6155 17.598
883 43.8476 17.5781
822 44.1113 17.5555
310 44.9666 17.4822
704 45.9444 17.3984
873 51.2105 16.9471
103 62.4163 15.9868
581 63.5515 16.246
721 64.6336 16.4931
176 65.346 16.6558
295 66.0776 16.8229
777 66.7969 16.9871
504 67.6562 17.1833
959 68.4818 17.3719
24 69.4521 17.5935
598 70.4862 17.8296
819 71.592 18.0821
