0,483,979,243,627,345,98,745,835,33,274,590,520,466,609,323,951,884,242,170,506,198,136,497,920,107,932,195,684,102,838,592,553,967,656,420,583,942,334,70,977,387,68,644,286,143,293,425,850,767,623,519,625,396,492,538,675,485,314,43,842,117,232,190,357,29,926,85,670,930,875,606,45,358,217,828,959,831,24,821,781,751,164,6,555,377,27,594,978,865,935,848,19,785,681,566,989,692,209,452,63,458,634,923,355,197,906,716,870,194,844,843,66,862,917,480,188,262,186,276,69,790,597,356,155,267,342,512,54,522,210,809,929,30,370,127,576,237,472,180,810,523,804,793,461,281,715,533,498,577,101,945,308,765,743,282,596,350,84,410,171,683,471,365,104,802,798,621,56,779,894,235,459,225,732,676,264,563,453,987,134,163,782,94,562,515,964,791,558,857,755,248,564,415,340,861,800,126,904,173,369,229,632,671,432,617,968,484,605,762,832,460,513,440,769,582,161,668,91,907,35,112,468,109,67,216,855,208,315,647,9,238,481,385,152,744,393,852,727,509,18,650,478,110,847,654,383,579,975,417,71,818,51,290,595,867,941,83,837,962,332,528,900,201,25,372,311,450,204,473,685,889,660,820,928,322,740,864,666,983,285,494,823,845,725,742,893,318,580,135,159,854,648,465,937,775,297,378,185,42,149,251,158,567,477,813,12,737,817,620,52,177,353,992,622,544,984,118,245,880,344,575,931,816,145,464,395,895,624,887,335,317,140,801,584,40,896,856,313,774,980,273,367,952,179,911,690,434,375,239,559,961,389,532,541,62,754,746,343,305,319,202,618,437,569,165,866,882,516,416,408,449,536,814,539,713,5,511,636,259,530,280,874,738,23,129,206,960,561,215,320,150,265,309,766,22,53,181,470,974,877,96,230,120,672,707,392,752,763,146,105,82,156,139,2,141,548,448,256,271,231,786,73,72,253,872,806,226,919,92,252,394,193,406,947,807,851,659,642,940,921,614,294,649,144,986,454,840,878,826,80,910,540,976,757,41,578,608,270,638,662,292,172,591,124,689,730,296,223,333,189,954,537,724,339,60,886,76,58,490,604,697,167,795,773,918,241,16,761,428,946,36,611,20,768,776,28,885,521,808,859,430,456,613,714,491,424,631,593,409,696,610,306,695,44,227,168,441,236,711,750,833,637,462,249,988,288,933,13,304,15,871,183,651,712,380,753,719,401,678,780,693,444,628,953,803,153,435,969,827,892,90,905,944,75,213,405,868,106,169,759,301,39,426,203,300,914,890,108,547,736,585,200,50,973,244,138,718,557,568,17,364,247,178,699,442,815,325,615,916,570,792,199,1,115,446,386,495,447,399,955,436,991,240,316,546,360,726,184,479,560,321,469,263,860,93,554,830,48,95,457,431,220,368,374,418,982,88,500,924,639,680,635,658,361,97,601,939,347,77,630,784,772,162,734,948,966,14,131,607,192,589,381,272,255,717,517,277,970,298,694,879,551,31,728,686,433,207,701,224,665,799,445,667,429,657,326,950,371,739,503,427,338,556,376,336,451,482,398,275,764,981,760,747,119,113,411,796,3,502,346,825,487,400,600,114,897,927,130,574,266,888,550,552,720,443,524,34,903,965,735,175,404,789,359,971,99,327,901,599,587,526,132,640,291,705,645,912,382,957,891,493,21,571,501,846,329,603,137,390,349,545,706,956,507,938,475,778,788,413,59,839,876,783,438,148,756,403,758,619,391,510,78,688,151,797,324,279,691,633,182,698,79,233,302,269,142,147,664,913,723,37,908,525,543,729,38,476,89,733,535,922,565,972,81,222,57,196,47,122,218,805,925,505,373,422,703,531,166,116,100,749,489,303,352,677,219,527,234,849,214,542,341,157,330,384,909,770,463,46,936,499,128,949,708,312,731,212,771,174,154,655,125,990,841,652,496,858,11,388,397,679,985,414,486,65,663,205,549,32,123,423,228,710,10,616,863,283,958,87,534,328,898,700,74,331,641,4,61,86,299,133,455,268,794,258,187,412,514,943,348,673,741,646,812,8,881,402,366,629,488,588,674,963,362,682,722,661,474,572,211,626,284,902,573,669,899,363,439,709,787,702,643,602,246,883,307,254,612,829,121,915,111,354,278,836,529,64,221,748,869,853,834,379,257,7,824,811,467,586,687,191,49,508,421,250,261,310,822,160,337,351,289,653,934,26,287,407,704,518,873,419,55,721,504,295,819,777,581,176,103,260,598,
value : 479.109 running time : 63.707107
0 80 20
483 86.4633 17.7686
979 86.3379 18.3445
243 86.1849 19.0477
627 85.9316 20.2116
345 85.4239 22.5447
98 84.1899 28.2152
745 83.1887 32.8163
835 82.9682 33.8296
33 82.7828 34.6812
274 82.5768 35.6282
590 82.4093 36.3976
520 82.2055 37.3342
466 81.9818 38.3621
609 81.8069 39.166
323 81.6488 39.8925
951 83.3663 44.4998
884 84.1508 46.6039
242 84.5954 47.7964
170 84.9487 48.7441
506 85.2271 49.4908
198 85.415 49.995
136 85.6047 50.5037
497 85.7967 51.0187
920 84.6322 51.0613
107 83.7103 51.0951
932 82.4271 51.142
195 81.2847 51.1838
684 80.3116 51.2194
102 78.6217 51.2812
838 78.2752 51.2939
592 77.8674 51.3088
553 77.4585 51.3238
967 77.0739 51.3378
656 76.6582 51.353
420 76.2852 51.3667
583 76.0327 51.3759
942 75.775 51.3854
334 75.5442 51.3938
70 75.2976 51.4028
977 75.1156 51.4095
387 72.372 51.5099
68 65.9667 51.7445
644 65.7334 51.7112
286 65.5023 51.6783
143 65.3538 51.6572
293 65.1897 51.6338
425 65.0483 51.6137
850 64.7753 51.5748
767 64.4785 51.5326
623 64.1597 51.4872
519 63.8916 51.449
625 63.6366 51.4127
396 62.9338 49.5402
492 62.1745 47.5173
538 62.1972 47.3284
675 62.2336 47.0262
485 62.2625 46.7865
314 62.2992 46.4811
43 62.3323 46.2063
842 62.3616 45.9634
117 62.3926 45.7053
232 62.4256 45.4313
190 62.4556 45.1824
357 62.5175 44.6681
29 62.577 44.1743
926 62.577 44.1742
85 62.577 44.1742
670 62.4917 43.1556
930 62.4042 42.1105
875 62.3293 41.2157
606 62.24 40.1483
45 62.1376 38.9246
358 62.0444 37.8114
217 61.9527 36.7165
828 61.8325 35.2803
959 61.715 33.8766
831 61.6458 33.0492
24 61.5782 32.2425
821 60.6759 33.0045
781 59.7565 33.7809
751 58.8118 34.5786
164 57.9531 35.3037
6 57.4837 35.7001
555 56.9189 36.177
377 56.3372 36.6683
27 55.7614 37.1545
594 55.1302 37.6875
978 54.5226 38.2006
865 53.9516 38.6827
935 53.3048 39.229
848 52.7553 39.6929
19 52.3401 40.0436
785 51.9044 40.4115
681 51.3642 40.8676
566 50.7644 41.3741
989 50.5288 41.5731
692 50.5187 41.5816
209 50.5187 41.5816
452 50.3085 41.9698
63 50.1234 42.3118
458 49.9477 42.6362
634 49.7656 42.9727
923 49.5315 43.4051
355 49.4055 43.6379
197 49.2499 43.9253
906 49.09 44.2206
716 48.929 44.5181
870 48.7584 44.8331
194 48.5767 45.1688
844 48.4296 45.4403
843 48.2595 45.7546
66 48.1071 46.0362
862 47.9315 46.3604
917 47.7637 46.6704
480 47.6009 46.9711
188 47.3965 47.3487
262 47.2194 47.6758
186 47.043 48.0017
276 46.8768 48.3086
69 46.7006 48.6341
790 46.5199 48.9679
597 45.7859 50.3237
356 45.2604 51.2944
155 44.446 52.7987
267 41.8323 57.6268
342 41.9187 57.7281
512 42.0041 57.8283
54 42.0955 57.9357
522 42.18 58.0348
210 42.271 58.1415
809 42.3627 58.2491
929 42.451 58.3527
30 42.5442 58.4621
370 42.6345 58.568
127 42.7253 58.6745
576 42.8214 58.7873
237 42.9084 58.8894
472 43.0005 58.9974
180 43.5008 59.5843
810 45.1406 61.5072
523 45.1406 61.5072
804 45.1406 61.5072
793 45.1406 61.5072
461 45.1406 61.5072
281 45.1406 61.5072
715 45.1406 61.5072
533 45.1406 61.5072
498 45.1406 61.5072
577 45.1406 61.5072
101 45.1406 61.5072
945 45.1406 61.5072
308 45.2685 61.6715
765 45.6329 62.1397
743 46.0037 62.616
282 46.3473 63.0574
596 46.6581 63.4565
350 47.0591 63.9717
84 47.1928 64.1434
410 47.3163 64.3021
171 47.4449 64.4673
683 47.5758 64.6354
471 47.6993 64.7941
365 47.8367 64.9706
104 48.0039 65.1853
802 48.2772 65.5364
798 48.3997 65.6937
621 48.5256 65.8555
56 48.6738 66.0458
779 48.8431 66.2632
894 49.0126 66.481
235 49.1698 66.6829
459 49.3253 66.8827
225 49.4994 67.1063
732 49.67 67.3254
676 49.868 67.5798
264 50.07 67.8393
563 50.3526 68.2023
453 50.5694 68.4808
987 50.7989 68.7756
134 50.989 69.0198
163 51.1944 69.2836
782 51.6454 69.863
94 52.0407 70.3708
562 52.4217 70.8601
515 52.5497 71.0246
964 52.688 71.2023
791 52.8277 71.3817
558 52.9782 71.575
857 53.1759 71.8289
755 53.3603 72.0659
248 53.5393 72.2958
564 53.7152 72.5217
415 54.7056 73.6481
340 54.9137 73.5244
861 55.0352 73.4522
800 55.1829 73.3644
126 55.3264 73.2792
904 55.5211 73.1635
173 55.6709 73.0745
369 55.813 72.99
229 55.9727 72.8951
632 56.1324 72.8002
671 56.2978 72.702
432 56.4578 72.6069
617 56.6177 72.5119
968 56.7745 72.4186
484 56.9252 72.3291
605 57.1583 72.1906
762 57.3748 72.062
832 57.5833 71.9381
460 57.7987 71.8101
513 57.9983 71.6915
440 58.2895 71.5184
769 58.5471 71.3653
582 58.8167 71.2051
161 59.0982 71.0379
668 59.3845 70.8677
91 59.6555 70.7067
907 59.9924 70.5065
35 60.2541 70.351
112 60.2542 70.351
468 60.2543 70.351
109 60.2544 70.351
67 60.2545 70.351
216 60.2545 70.351
855 60.5159 70.3343
208 61.2409 70.2879
315 61.9926 70.2398
647 62.8446 70.1853
9 63.6364 70.1347
238 64.772 70.0621
481 66.0442 69.9807
385 67.061 69.9157
152 67.2416 69.9041
744 67.4133 69.8931
393 67.5923 69.8816
852 67.7781 69.8697
727 67.9505 69.8587
509 68.1302 69.8472
18 68.3159 69.8353
650 68.5112 69.8228
478 68.7 69.8107
110 68.897 69.7981
847 69.0641 69.7874
654 69.2773 69.7737
383 69.5075 69.759
579 69.6936 69.747
975 69.8848 69.7348
417 70.0696 69.723
71 70.0696 69.723
818 70.0696 69.723
51 70.0696 69.723
290 70.0696 69.723
595 70.0696 69.723
867 70.0696 69.723
941 70.0696 69.723
83 71.2982 70.7694
837 72.226 71.5597
962 73.1348 72.3339
332 74.2414 73.2765
528 75.1787 74.0748
900 75.8823 74.6741
201 76.7001 75.3708
25 84.973 82.4176
372 85.9989 83.2914
311 85.9989 83.2914
450 85.9989 83.2914
204 85.9064 83.3871
473 85.8118 83.4851
685 85.7269 83.573
889 85.6359 83.6672
660 85.5507 83.7554
820 82.4643 86.9531
928 81.307 88.1515
322 80.8594 88.1824
740 80.3804 88.2155
864 79.8719 88.2506
666 79.416 88.2821
983 79.0155 88.3098
285 78.4348 88.3499
494 77.9694 88.382
823 77.4854 88.4155
845 77.0668 88.4444
725 76.7199 88.4683
742 76.3356 88.4949
893 75.9553 88.5212
318 75.542 88.5497
580 75.1916 88.5739
135 74.864 88.5966
159 74.3065 88.6351
854 73.6911 88.6776
648 73.1102 88.7177
465 72.2924 88.7742
937 71.5434 88.8259
775 70.8077 88.8767
297 70.0039 88.9322
378 69.2699 88.9829
185 68.7263 89.0205
42 68.2817 89.0512
149 67.8422 89.0816
251 67.3831 89.1133
158 66.9066 89.1462
567 66.3956 89.1815
477 65.9245 89.2141
813 65.4767 89.245
12 64.9265 89.283
737 64.5157 89.3114
817 64.1517 89.3365
620 63.7724 89.3627
52 63.3752 89.3902
177 62.9603 89.4188
353 62.566 89.4461
992 62.0944 89.4787
622 61.6527 89.5092
544 61.1619 89.5431
984 60.603 89.5817
118 60.0405 89.6205
245 59.5173 89.6567
880 59.0385 89.6897
344 58.5949 89.7204
575 58.2064 89.7472
931 57.8043 89.775
816 57.3833 89.8041
145 56.9829 89.8318
464 56.2355 89.8834
395 55.2917 89.9485
895 53.2946 90.0862
624 53.2946 90.0862
887 53.2946 90.0862
335 53.2945 90.0862
317 53.2945 90.0862
140 53.2945 90.0862
801 53.2945 90.0862
584 53.1895 90.0957
40 53.0801 90.1056
896 52.9773 90.1149
856 52.8758 90.1241
313 52.7686 90.1338
774 52.6581 90.1438
980 52.5558 90.1531
273 52.4552 90.1622
367 52.2904 90.1772
952 52.1294 90.1917
179 51.9703 90.2061
911 51.8279 90.219
690 51.6648 90.2338
434 51.4928 90.2494
375 51.3132 90.2657
239 51.1522 90.2803
559 51.0004 90.294
961 50.8603 90.3067
389 50.713 90.32
532 50.5735 90.3327
541 50.4307 90.3456
62 50.2919 90.3582
754 50.1464 90.3713
746 49.9995 90.3847
343 49.8538 90.3979
305 49.7128 90.4106
319 49.568 90.4237
202 49.4315 90.4361
618 49.2824 90.4496
437 49.1097 90.4653
569 48.9675 90.4781
165 48.8535 90.4885
866 48.7366 90.4991
882 48.6263 90.509
516 48.4991 90.5206
416 48.3611 90.5331
408 48.244 90.5437
449 48.1132 90.5555
536 47.9977 90.566
814 47.8709 90.5775
539 47.7424 90.5891
713 47.6249 90.5997
5 47.5061 90.6105
511 47.39 90.621
636 47.2757 90.6314
259 47.1587 90.642
530 47.0177 90.6547
280 46.8868 90.6666
874 46.59 90.6935
738 46.2816 90.7214
23 46.0595 90.7415
129 43.9843 90.9296
206 42.1942 91.0917
960 40.4024 91.2541
561 40.4143 91.1773
215 40.4237 91.1166
320 40.4326 91.0586
150 40.4405 91.0078
265 40.4492 90.9514
309 40.4591 90.8874
766 40.4685 90.8268
22 40.4782 90.7634
53 40.4879 90.701
181 40.4975 90.6386
470 40.5076 90.5734
974 40.5174 90.5101
877 40.5286 90.4379
96 40.5388 90.3718
230 40.5495 90.3021
120 40.5597 90.2366
672 40.5705 90.1667
707 40.5808 90.0999
392 40.5915 90.0309
752 40.6016 89.9656
763 40.6134 89.8891
146 40.6245 89.817
105 40.6357 89.7445
82 40.6485 89.6616
156 40.6573 89.6052
139 40.6663 89.5467
2 40.6776 89.4736
141 40.6877 89.408
548 40.6976 89.3439
448 40.7077 89.2786
256 40.7185 89.2091
271 40.7284 89.145
231 40.7393 89.0739
786 40.75 89.005
73 40.759 88.9466
72 40.7676 88.891
253 40.7773 88.8282
872 41.4799 85.1259
806 41.5604 85.079
226 41.6444 85.0301
919 41.7231 84.9842
92 41.8038 84.9372
252 41.893 84.8852
394 41.9849 84.8316
193 42.0791 84.7768
406 42.1682 84.7248
947 42.2479 84.6784
807 42.3214 84.6356
851 42.4053 84.5867
659 42.3333 84.1604
642 42.2627 83.7424
940 42.1922 83.325
921 42.1187 82.8894
614 42.0576 82.5278
294 41.999 82.1807
649 41.9427 81.847
144 41.8819 81.4869
986 41.8285 81.1711
454 39.8553 81.2541
840 39.3705 81.2745
878 38.849 81.2965
826 38.849 81.2965
80 38.849 81.2965
910 38.849 81.2965
540 37.8915 81.5117
976 36.7405 81.7705
757 35.2015 82.1164
41 34.4507 82.2852
578 33.8354 82.4236
608 33.3865 82.5245
270 33.3865 82.5245
638 33.3865 82.5245
662 33.3865 82.5245
292 33.3865 82.5245
172 33.3865 82.5245
591 33.3865 82.5245
124 33.2159 82.6118
689 33.0516 82.6959
730 32.8829 82.7823
296 32.7123 82.8696
223 32.5472 82.9541
333 32.3762 83.0416
189 32.2241 83.1195
954 32.0525 83.2073
537 31.8878 83.2916
724 31.7365 83.3691
339 27.9298 85.3178
60 27.9169 85.3577
886 27.9042 85.397
76 27.8912 85.4374
58 27.8785 85.4769
490 27.8664 85.5142
604 27.855 85.5496
697 27.8419 85.5904
167 27.8284 85.6322
795 27.8146 85.6748
773 27.8025 85.7126
918 27.7899 85.7514
241 27.7784 85.7871
16 27.7675 85.8209
761 27.7536 85.8641
428 27.7418 85.9006
946 27.7311 85.9337
36 27.2915 87.2953
611 26.9094 88.4787
20 26.7454 88.9869
768 26.6134 89.3959
776 26.5037 89.7359
28 26.5037 89.7359
885 26.5037 89.7359
521 26.5037 89.7359
808 26.5037 89.7359
859 26.5037 89.7359
430 26.5037 89.7359
456 26.5037 89.7359
613 26.5037 89.7359
714 25.8394 89.6938
491 25.3162 89.6606
424 24.8346 89.6301
631 24.3783 89.6011
593 23.8403 89.567
409 23.3392 89.5352
696 22.8118 89.5018
610 22.2874 89.4685
306 21.7191 89.4325
695 21.0667 89.3911
44 20.4523 89.3521
227 19.7849 89.3098
168 19.1828 89.2716
441 18.0351 89.4837
236 16.5549 89.7573
711 15.4661 89.9585
750 14.6828 90.1032
833 14.0802 90.2146
637 13.291 90.3604
462 12.6719 90.4748
249 12.0078 90.5975
988 11.0743 90.77
288 11.0743 90.77
933 11.0743 90.77
13 11.0743 90.77
304 11.0743 90.77
15 11.0743 90.77
871 11.0743 90.77
183 11.0743 90.77
651 11.0743 90.77
712 10.9886 90.6638
380 10.9025 90.5571
753 10.8119 90.4447
719 10.7055 90.3128
401 10.6159 90.2017
678 10.5362 90.1029
780 10.4527 89.9994
693 10.3793 89.9084
444 10.3005 89.8106
628 10.2265 89.7189
953 10.1559 89.6314
803 10.0852 89.5438
153 10.0163 89.4583
435 9.95474 89.382
969 9.87072 89.2778
827 9.79686 89.1863
892 9.71116 89.08
90 9.6315 88.9812
905 9.6315 88.9812
944 9.6315 88.9812
75 9.6315 88.9812
213 9.6315 88.9812
405 9.67475 88.8928
868 9.71871 88.8028
106 9.76377 88.7106
169 9.81346 88.609
759 9.85866 88.5165
301 9.8995 88.433
39 9.94101 88.348
426 9.9895 88.2488
203 10.032 88.1618
300 10.0715 88.0811
914 10.113 87.9961
890 10.1588 87.9024
108 10.196 87.8263
547 10.2338 87.749
736 10.2728 87.6693
585 10.3094 87.5945
200 10.35 87.5114
50 10.3989 87.4113
973 10.4392 87.3288
244 10.4863 87.2325
138 10.523 87.1574
718 10.5635 87.0745
557 10.6044 86.9909
568 10.6432 86.9116
17 10.6854 86.8253
364 10.7244 86.7454
247 10.7666 86.6591
178 10.809 86.5724
699 10.8488 86.4909
442 10.8882 86.4102
815 10.9295 86.3257
325 10.9712 86.2405
615 11.0117 86.1577
916 11.0518 86.0757
570 11.0908 85.9957
792 11.1297 85.9162
199 11.1687 85.8365
1 11.2081 85.7558
115 11.2478 85.6747
446 11.2896 85.5891
386 11.3326 85.5012
495 11.3776 85.4091
447 11.4182 85.326
399 11.4639 85.2325
955 11.5091 85.1401
436 11.5524 85.0516
991 11.5961 84.9621
240 11.6382 84.8759
316 11.6796 84.7912
546 11.7245 84.6995
360 11.7724 84.6015
726 11.8207 84.5027
184 11.8207 84.5027
479 11.8207 84.5027
560 11.8207 84.5027
321 11.8207 84.5027
469 11.8207 84.5027
263 11.8207 84.5027
860 11.8207 84.5027
93 11.8207 84.5027
554 11.8207 84.5027
830 11.997 84.2761
48 12.1915 84.0262
95 12.3812 83.7825
457 12.6021 83.4987
431 12.8116 83.2296
220 13.0076 82.9779
368 13.0519 82.9209
374 13.1053 82.8523
418 13.16 82.782
982 12.9308 81.4009
88 12.6421 79.6618
500 12.3352 77.8139
924 12.0611 76.163
639 11.9673 75.5977
680 11.8707 75.0155
635 11.7831 74.4876
658 11.6866 73.9063
361 11.5034 72.8029
97 11.3158 71.6724
601 11.1302 70.5546
939 11.0086 69.8218
347 10.9545 69.4959
77 10.9545 69.4959
630 10.9545 69.4959
784 10.9545 69.4959
772 10.9545 69.4959
162 10.9545 69.4959
734 10.9545 69.4959
948 10.9545 69.4959
966 10.9545 69.4959
14 10.9545 69.4959
131 10.9545 69.4959
607 10.9545 69.4959
192 10.9545 69.4959
589 10.9545 69.4959
381 10.9545 69.4959
272 10.9545 69.4959
255 10.9545 69.4959
717 10.9545 69.4959
517 10.9545 69.4959
277 10.9545 69.4959
970 10.9545 69.4959
298 10.9545 69.4959
694 10.9545 69.4959
879 10.9545 69.4959
551 10.9545 69.4959
31 10.9545 69.4959
728 11.028 69.4638
686 11.1089 69.4285
433 11.1909 69.3927
207 11.2765 69.3554
701 11.4158 69.2946
224 11.5124 69.2525
665 11.6801 69.1794
799 11.8505 69.105
445 12.0258 69.0286
667 12.2227 68.9427
429 12.4589 68.8397
657 12.6572 68.7532
326 12.8795 68.6563
950 13.0891 68.5649
371 13.2603 68.4902
739 13.4878 68.391
503 13.6949 68.3006
427 13.8986 68.2118
338 14.1232 68.1138
556 14.3439 68.0176
376 15.6069 67.4665
336 16.9887 66.8635
451 17.0943 66.8784
482 17.1916 66.8921
398 17.2938 66.9065
275 17.3962 66.9209
764 17.4841 66.9333
981 17.5789 66.9467
760 17.6648 66.9588
747 17.7692 66.9735
119 17.8937 66.9911
113 18.019 67.0088
411 18.1433 67.0263
796 18.259 67.0426
3 18.3737 67.0588
502 18.5001 67.0766
346 18.6207 67.0936
825 18.8165 67.1212
487 19.0069 67.1481
400 19.1917 67.1741
600 19.3909 67.2022
114 19.5707 67.2276
897 19.777 67.2567
927 19.9847 67.286
130 20.1751 67.3128
574 20.3916 67.3434
266 20.5719 67.3688
888 20.7477 67.3936
550 20.9305 67.4194
552 21.4618 67.1425
720 21.9917 66.8663
443 22.4501 66.6274
524 23.1288 66.2737
34 23.9169 65.8629
903 24.6492 65.4813
965 25.3235 65.1299
735 26.0004 64.7771
175 26.6877 64.4189
404 26.971 64.2712
789 26.9576 64.0718
359 26.943 63.8545
971 26.9285 63.6392
99 26.9145 63.4311
327 26.8989 63.2
901 26.8826 62.9573
599 26.8675 62.7339
587 26.8527 62.5134
526 26.8377 62.2918
132 26.8202 62.032
640 26.8031 61.7771
291 26.7873 61.5433
705 26.7685 61.2635
645 26.7519 61.0174
912 26.7341 60.753
382 26.7163 60.488
957 26.6988 60.2292
891 26.681 59.964
493 26.6652 59.7298
21 26.6499 59.5026
571 26.6307 59.2181
501 26.5979 58.731
846 26.5578 58.1345
329 26.5161 57.5152
603 26.4706 56.84
137 26.4307 56.2478
390 26.3845 55.5607
349 26.3193 54.5927
545 26.2235 53.1686
706 26.127 51.7341
956 26.1242 51.693
507 26.1212 51.6479
938 26.118 51.5998
475 26.1147 51.5512
778 26.1119 51.509
788 26.1093 51.4702
413 26.1057 51.4174
59 26.1027 51.3731
839 26.0995 51.3243
876 26.0959 51.2713
783 26.0925 51.221
438 26.0896 51.1772
148 26.0866 51.1335
756 26.0838 51.0917
403 26.0806 51.0441
758 26.0776 50.9994
619 26.0746 50.9539
391 26.0718 50.9131
510 26.069 50.8706
78 26.0658 50.8235
688 26.0631 50.7832
151 26.0599 50.7352
797 26.0599 50.7352
324 26.0599 50.7352
279 26.0599 50.7352
691 26.0599 50.7352
633 26.0599 50.7352
182 26.0599 50.7352
698 26.0599 50.7352
79 26.0599 50.7352
233 26.0599 50.7352
302 26.0599 50.7352
269 26.0599 50.7352
142 26.0599 50.7352
147 26.0599 50.7352
664 26.0599 50.7352
913 26.0599 50.7352
723 26.0599 50.7352
37 26.0599 50.7352
908 26.0599 50.7352
525 26.0599 50.7352
543 26.0599 50.7352
729 26.0599 50.7352
38 26.0599 50.7352
476 26.0599 50.7352
89 26.0599 50.7352
733 26.0599 50.7352
535 26.0599 50.7352
922 26.0599 50.7352
565 21.5122 52.1177
972 17.4115 53.3654
81 14.0303 54.3943
222 13.6002 54.5253
57 13.1702 54.6561
196 12.7392 54.7873
47 12.3254 54.9133
122 11.9129 55.0389
218 11.8022 55.0726
805 11.6975 55.1044
925 11.5993 55.1343
505 11.5106 55.1613
373 11.4155 55.1903
422 11.3211 55.219
703 11.2109 55.2526
531 11.1031 55.2854
166 11.0118 55.3132
116 10.9175 55.3419
100 10.9175 55.3419
749 10.9175 55.3419
489 10.9175 55.3419
303 10.9175 55.3419
352 10.9175 55.3419
677 10.9175 55.3419
219 10.9175 55.3419
527 10.9308 54.7968
234 10.9429 54.3012
849 10.9644 53.4193
214 10.9867 52.5061
542 11.0107 51.5181
341 11.0341 50.5595
157 11.0563 49.651
330 11.0788 48.7269
384 11.0875 48.3716
909 11.095 48.0645
770 11.1033 47.7217
463 11.1111 47.4044
46 11.1193 47.065
936 11.1267 46.7646
499 11.1347 46.4331
128 11.2533 46.3258
949 11.3941 46.1982
708 11.5027 46.0998
312 11.9432 45.7008
731 12.3932 45.2931
212 12.8347 44.8932
771 13.2837 44.4865
174 13.696 44.1129
154 14.1216 43.7274
655 14.6222 43.2739
125 15.0335 42.9013
990 15.3782 42.5891
841 15.7246 42.2753
652 16.1276 41.9102
496 16.61 41.4733
858 17.0721 41.0547
11 17.6435 40.537
388 18.1101 40.1143
397 18.4949 39.7657
679 18.8834 39.4138
985 18.6508 39.2683
414 18.4983 39.1729
486 18.2188 38.9981
65 17.9287 38.8167
663 17.6537 38.6447
205 17.372 38.4685
549 17.0829 38.2877
32 16.7663 38.0897
123 16.4337 37.8817
423 16.1317 37.6928
228 15.8215 37.4988
710 15.4784 37.2842
10 15.3181 37.1839
616 15.1527 37.0805
863 14.9815 36.9734
283 14.8161 36.87
958 14.6503 36.7663
87 14.4973 36.6706
534 14.3469 36.5765
328 10.6947 34.2915
898 10.764 32.3731
700 10.8133 31.0138
74 10.8695 29.4632
331 10.922 28.0151
641 10.9682 26.7412
4 11.0118 25.5412
61 11.0584 24.257
86 11.0584 24.257
299 11.0799 24.0552
133 11.1005 23.8628
455 11.122 23.6611
268 11.1422 23.4721
794 11.1631 23.2759
258 11.1846 23.0749
187 11.2068 22.8664
412 11.2262 22.685
514 11.243 22.5278
943 11.3277 21.7341
348 11.4701 20.3994
673 11.5815 19.3563
741 11.7141 18.1135
646 11.8574 16.7713
812 11.9919 15.5107
8 12.0656 15.5401
881 12.1296 15.5657
402 12.2089 15.5974
366 12.2778 15.6249
629 12.3454 15.652
488 12.4203 15.6819
588 12.4928 15.7109
674 12.5653 15.7399
963 12.6408 15.7701
362 12.717 15.8006
682 12.7933 15.8311
722 12.8737 15.8632
661 13.6285 16.165
474 14.2401 16.4096
572 14.7636 16.6189
211 17.1783 17.5844
626 21.608 19.3548
284 23.1052 19.9535
902 24.4448 20.4891
573 25.8739 21.0606
669 25.8739 21.0606
899 25.9728 21.2482
363 26.0613 21.4163
439 26.2162 21.7104
709 26.3814 22.0239
787 26.5411 22.3272
702 26.6759 22.5832
643 26.8191 22.855
602 26.9777 23.1561
246 27.1285 23.4424
883 27.2907 23.7503
307 27.439 24.0319
254 27.588 24.3147
612 27.7652 24.6511
829 27.8647 24.84
121 27.9596 25.0202
915 28.0514 25.1946
111 28.1489 25.3796
354 28.2465 25.565
278 28.3467 25.7551
836 28.4352 25.9232
529 29.2237 27.4203
64 29.7173 28.3575
221 30.6814 30.1879
748 31.9168 32.5334
869 32.0922 32.8665
853 32.2769 33.2171
834 32.4479 33.5418
379 32.6172 33.8633
257 32.8079 34.2253
7 32.9786 34.5494
824 33.1304 34.8377
811 33.3697 35.292
467 33.5787 35.6889
586 33.8035 36.1157
687 34.0265 36.539
191 34.2363 36.9375
49 34.4647 37.371
508 34.7183 36.6238
421 36.1398 32.4377
250 37.4377 28.6149
261 38.0659 26.7642
310 38.6402 25.0724
822 39.0337 23.9134
160 39.4525 22.6796
337 40.0874 20.8092
351 40.6954 19.0183
289 41.2366 18.8207
653 41.7149 18.646
934 42.1408 18.4905
26 42.5833 18.3289
287 43.0622 18.1541
407 43.5515 17.9754
704 44.1442 17.759
518 44.8243 17.5107
873 48.7275 17.2511
419 51.3343 17.0776
55 54.1235 16.8921
721 62.5734 16.1117
504 62.722 16.098
295 62.871 16.0843
819 63.0225 16.0703
777 63.1793 16.0558
581 63.3469 16.0403
176 63.5243 16.024
103 63.7099 16.0068
260 77.7038 16.2204
598 77.7038 16.2204
