0,483,345,979,243,627,98,33,520,590,274,466,835,745,553,967,609,920,29,425,195,932,592,497,838,951,136,198,941,107,884,170,242,506,684,977,323,850,656,670,842,190,907,420,485,767,647,102,152,942,387,538,583,334,67,293,68,650,385,654,847,110,668,595,478,383,975,579,852,727,762,112,775,528,201,900,332,962,837,83,744,417,372,322,473,311,25,660,204,889,685,450,818,285,983,928,159,353,666,823,145,158,813,893,149,135,820,725,494,580,177,620,318,251,845,648,740,864,742,71,378,567,297,544,992,464,817,854,481,317,575,937,395,465,801,51,290,816,140,408,367,896,477,202,42,369,931,584,273,185,118,434,624,980,344,40,618,911,52,12,754,746,880,305,622,259,984,737,690,814,62,416,882,23,313,774,856,156,206,511,826,952,516,539,343,72,738,763,230,146,245,309,564,561,215,320,256,193,807,449,536,179,139,375,239,559,541,532,165,389,752,319,866,961,105,5,713,265,569,877,707,437,755,20,53,766,181,974,22,874,76,41,757,490,418,604,394,92,638,253,786,428,96,672,73,120,448,44,631,696,610,2,231,141,271,960,241,306,795,470,808,392,613,773,521,761,833,611,712,28,859,167,768,933,36,368,183,885,548,150,441,714,409,430,806,296,918,17,249,593,424,651,462,776,456,50,15,886,491,871,227,442,695,236,58,244,115,916,184,304,13,982,95,288,200,108,759,169,106,868,405,969,827,585,815,711,380,718,247,750,753,199,435,736,213,1,615,944,830,321,914,300,203,426,557,495,973,39,138,568,892,447,325,399,386,678,953,628,153,988,400,446,93,457,48,547,955,240,803,364,360,316,546,431,326,946,680,556,665,14,207,433,639,346,113,551,31,693,298,719,90,401,75,570,263,699,637,905,444,792,728,178,554,301,381,427,88,734,939,376,760,560,879,890,374,436,667,429,657,948,255,517,347,114,3,371,224,966,799,694,277,686,445,77,131,552,991,119,825,503,780,479,338,950,860,607,219,703,717,192,739,272,196,747,677,487,162,97,796,726,500,502,691,411,398,482,361,970,501,924,965,526,630,130,903,275,720,587,571,927,81,846,897,635,797,329,524,565,327,599,279,79,938,507,633,324,603,422,382,971,929,390,730,493,349,788,59,233,957,454,954,689,252,333,910,104,171,137,789,878,839,21,550,697,60,578,574,601,266,359,124,701,443,132,469,168,600,99,608,339,658,220,888,596,779,350,226,291,484,765,591,294,523,894,16,292,649,872,225,175,537,724,614,172,229,642,659,129,9,887,335,851,947,406,530,270,832,563,919,662,223,976,189,804,163,56,134,404,558,365,617,80,540,144,840,562,248,802,513,921,82,280,636,315,453,940,895,987,415,340,173,904,94,126,800,861,460,769,582,440,109,468,867,671,18,509,515,432,968,605,393,286,238,308,683,782,632,91,857,208,810,282,986,410,84,625,855,793,498,216,577,791,235,923,210,621,161,281,35,676,798,964,370,576,597,743,645,522,264,912,715,471,809,30,101,472,194,155,459,922,127,623,843,870,356,342,69,492,533,413,237,512,180,508,461,848,732,49,147,7,438,11,687,619,54,545,302,267,89,640,723,901,269,705,34,525,778,891,475,403,391,748,496,679,688,876,913,205,908,698,841,142,949,655,476,811,664,38,388,151,397,32,663,764,125,733,972,981,772,729,756,510,352,451,735,589,543,771,956,858,758,505,78,770,218,805,531,234,166,849,222,527,122,784,463,214,154,303,47,925,116,708,542,336,489,909,174,212,341,123,312,100,157,749,499,863,616,936,57,652,534,182,731,958,283,228,700,985,373,423,87,330,128,328,46,10,384,990,133,572,86,299,514,331,794,898,710,4,963,682,943,455,74,643,254,362,673,258,674,741,629,187,646,8,899,268,588,722,881,366,474,348,211,812,641,61,412,402,602,669,488,284,407,883,518,310,363,573,351,287,704,261,865,873,419,337,934,160,681,111,586,379,653,250,26,164,626,421,612,829,824,709,902,834,702,822,307,221,246,661,439,64,37,836,65,915,148,191,354,121,566,853,787,486,549,706,414,869,535,278,783,529,467,692,257,480,945,917,862,790,935,989,197,906,716,377,751,396,978,188,844,19,314,452,355,63,276,70,186,117,519,594,358,930,875,66,232,828,262,926,781,634,85,675,143,606,357,45,217,644,458,821,785,43,598,289,555,27,959,55,6,209,24,103,831,295,777,819,176,504,581,260,721,
value : 509.859 running time : 47.289600
0 80 20
483 86.7631 18.0262
345 86.7141 18.5168
979 86.6692 18.9649
243 86.6002 19.6544
627 86.4087 21.5688
98 85.7969 27.6829
33 85.4579 31.0713
520 85.1812 33.8363
590 84.952 36.1268
274 84.6603 39.042
466 84.4129 41.5145
835 84.28 42.8431
745 84.1249 44.3927
553 83.7326 48.3135
967 83.8237 48.4723
609 83.9108 48.6241
920 84.0551 48.8756
29 84.1947 49.119
425 84.423 49.5169
195 84.6625 49.9344
932 84.919 50.3815
592 85.1812 50.8386
497 85.527 51.4415
838 84.7255 51.4063
951 83.9441 51.372
136 83.1427 51.3368
198 82.3161 51.3006
941 81.4644 51.2632
107 81.256 51.254
884 80.9783 51.2418
170 80.6805 51.2287
242 80.2784 51.2111
506 79.8742 51.1933
684 79.2276 51.1649
977 78.0029 51.1113
323 75.8835 51.0184
850 75.3304 52.1926
656 74.8461 53.2206
670 74.4593 54.042
842 73.8546 55.3257
190 73.1671 56.7851
907 72.5591 58.076
420 72.3712 58.4748
485 72.1905 58.8585
767 72.0136 59.2341
647 71.8274 59.6295
102 71.6861 59.9295
152 71.5316 60.2576
942 71.395 60.5476
387 71.257 60.8406
538 71.035 61.3119
583 70.8414 61.723
334 70.6146 62.2045
67 70.3606 62.7438
293 70.1442 63.2032
68 69.9147 63.6906
650 69.6935 64.1602
385 69.4731 64.6282
654 69.2389 65.1254
847 69.0424 65.5426
110 68.9112 65.8211
668 68.7604 66.1413
595 68.6274 66.4237
478 68.4958 66.703
383 68.3613 66.9887
975 68.1966 67.3384
579 68.035 67.6815
852 67.8855 67.9988
727 67.7066 68.3787
762 67.5423 68.7275
112 67.3783 69.0758
775 70.9295 71.7867
528 72.7886 73.206
201 73.4121 73.6821
900 74.1429 74.2401
332 74.9397 74.8486
962 75.6693 75.4056
837 76.5615 76.0868
83 77.5997 76.8796
744 78.8279 77.8173
417 81.9053 80.1666
372 85.9989 83.2914
322 85.9989 83.2914
473 85.9989 83.2914
311 85.9989 83.2914
25 85.9989 83.2914
660 85.9989 83.2914
204 85.9989 83.2914
889 85.9989 83.2914
685 85.9989 83.2914
450 85.9989 83.2914
818 83.0885 86.1611
285 80.8328 88.3852
983 80.8328 88.3852
928 80.8328 88.3852
159 79.8491 88.317
353 78.9579 88.2552
666 78.2917 88.209
823 77.6678 88.1657
145 77.214 88.1342
158 76.8483 88.1088
813 76.4925 88.0842
893 76.1584 88.061
149 75.7814 88.0348
135 75.7814 88.0348
820 75.7101 88.0079
725 75.6367 87.9801
494 75.5645 87.9529
580 75.492 87.9255
177 72.2857 86.7147
620 71.6574 86.4774
318 71.5866 86.4433
251 71.5123 86.4074
845 71.4363 86.3708
648 71.3685 86.3381
740 71.2933 86.3018
864 71.0899 86.2037
742 70.8841 86.1044
71 70.6541 85.9935
378 70.4386 85.8896
567 70.2587 85.8028
297 70.085 85.719
544 69.9248 85.6418
992 69.7417 85.5534
464 69.5775 85.4742
817 69.4159 85.3963
854 69.2515 85.317
481 69.0491 85.2194
317 68.8459 85.1214
575 68.6643 85.0338
937 68.522 84.9652
395 68.3624 84.8882
465 68.2183 84.8187
801 68.0552 84.74
51 67.9113 84.6706
290 67.764 84.5995
816 64.1413 85.9154
140 61.5048 86.873
408 60.4526 87.2551
367 60.1673 87.3587
896 59.8983 87.4564
477 59.674 87.5378
202 59.4224 87.6292
42 59.1882 87.7142
369 58.9238 87.8102
931 58.6737 87.9011
584 58.4067 87.998
273 58.1623 88.0867
185 57.8875 88.1865
118 57.6068 88.2885
434 57.3293 88.3892
624 57.3293 88.3892
980 57.3293 88.3892
344 57.3293 88.3892
40 57.3293 88.3892
618 57.3293 88.3892
911 57.3293 88.3892
52 57.3293 88.3892
12 56.9123 88.4237
754 56.5337 88.455
746 56.1594 88.486
880 55.8552 88.5111
305 55.5486 88.5365
622 55.3195 88.5554
259 54.8658 88.5929
984 54.4401 88.6282
737 53.9314 88.6702
690 53.3849 88.7154
814 52.7949 88.7642
62 52.312 88.8041
416 51.7974 88.8467
882 51.5508 88.8671
23 51.2912 88.8885
313 51.0092 88.9118
774 50.7125 88.9364
856 50.4179 88.9607
156 49.8541 89.0074
206 49.3254 89.0511
511 48.9062 89.0857
826 48.4709 89.1217
952 48.0241 89.1587
516 47.5083 89.2013
539 46.9591 89.2467
343 46.4635 89.2877
72 45.945 89.3306
738 45.5982 89.3593
763 45.3982 89.3758
230 45.1814 89.3937
146 44.9828 89.4102
245 44.816 89.424
309 44.6139 89.4407
564 44.4309 89.4558
561 44.2365 89.4719
215 44.0475 89.4875
320 43.8678 89.5024
256 43.6513 89.5203
193 43.4903 89.5336
807 43.3121 89.5483
449 43.1424 89.5623
536 42.982 89.5756
179 42.8022 89.5905
139 42.5782 89.609
375 42.5321 89.6128
239 42.4848 89.6167
559 42.4363 89.6207
541 42.3892 89.6246
532 42.3389 89.6288
165 42.285 89.6332
389 42.2307 89.6377
752 42.1764 89.6422
319 42.1304 89.646
866 42.0799 89.6502
961 42.031 89.6542
105 41.8067 89.6728
5 41.5667 89.6926
713 41.3214 89.7129
265 41.0475 89.7356
569 40.8117 89.7551
877 40.5807 89.7742
707 40.348 89.7934
437 40.1343 89.8111
755 39.9134 89.8293
20 36.3687 90.1224
53 36.3687 90.1224
766 36.3687 90.1224
181 36.3687 90.1224
974 36.3687 90.1224
22 36.3687 90.1224
874 36.3687 90.1224
76 34.4238 89.087
41 32.9383 88.2961
757 32.0119 87.8028
490 31.3592 87.4552
418 30.7716 87.1423
604 30.2287 86.8532
394 30.2286 86.8532
92 30.2286 86.8532
638 30.2286 86.8532
253 30.2286 86.8532
786 30.2286 86.8532
428 30.2286 86.8532
96 30.2286 86.8532
672 30.2286 86.8532
73 30.2286 86.8532
120 30.2286 86.8532
448 30.2286 86.8532
44 29.704 87.1526
631 29.2654 87.4029
696 29.1317 87.4792
610 29.0012 87.5537
2 28.8782 87.6238
231 28.7436 87.7007
141 28.6073 87.7785
271 28.4644 87.86
960 28.3229 87.9407
241 28.3194 87.9409
306 28.3159 87.941
795 28.3126 87.9412
470 28.3093 87.9413
808 28.3059 87.9415
392 28.3025 87.9416
613 28.2991 87.9418
773 27.5409 87.9752
521 26.8053 88.0076
761 26.7172 88.0115
833 26.6255 88.0155
611 26.5426 88.0192
712 26.4497 88.0233
28 26.373 88.0267
859 26.29 88.0303
167 26.2079 88.034
768 26.1216 88.0378
933 26.0398 88.0414
36 25.9683 88.0445
368 25.8917 88.0479
183 25.8179 88.0512
885 25.7496 88.0542
548 25.6843 88.0571
150 25.1734 88.0796
441 24.5979 88.105
714 24.1047 88.1268
409 23.9197 88.1349
430 23.7334 88.1432
806 23.5562 88.151
296 23.2415 88.1649
918 22.8963 88.1801
17 22.4785 88.1985
249 22.13 88.2139
593 21.7878 88.229
424 21.4524 88.2438
651 21.1056 88.2591
462 20.7415 88.2752
776 20.4164 88.2896
456 20.1186 88.3027
50 19.8085 88.3164
15 19.4834 88.3307
886 19.1869 88.3438
491 18.8802 88.3574
871 18.5161 88.3734
227 18.1345 88.3903
442 17.7588 88.4068
695 17.4086 88.4223
236 17.0253 88.4392
58 16.7201 88.4527
244 16.3811 88.4676
115 16.0278 88.4832
916 15.6815 88.4985
184 15.3308 88.514
304 14.9232 88.532
13 14.5659 88.5478
982 14.1801 88.5648
95 13.8224 88.5806
288 13.477 88.5958
200 13.0363 88.6152
108 12.6614 88.6318
759 12.3057 88.6475
169 12.0686 88.6579
106 11.8415 88.668
868 11.627 88.6774
405 11.453 88.6851
969 11.281 88.6927
827 11.1175 88.6999
585 10.9589 88.7069
815 10.8258 88.7128
711 10.6793 88.7193
380 10.5324 88.7257
718 10.3993 88.7316
247 10.2676 88.7374
750 10.1308 88.7435
753 9.99532 88.7494
199 9.81168 88.7575
435 9.63642 88.7653
736 9.47413 88.7724
213 9.30374 88.7799
1 9.25304 88.7822
615 9.19928 88.7846
944 9.1428 88.7871
830 9.08995 88.7894
321 9.08995 88.7894
914 9.08995 88.7894
300 9.08995 88.7894
203 9.08995 88.7894
426 9.08995 88.7894
557 9.08995 88.7894
495 9.08995 88.7894
973 9.08995 88.7894
39 9.08995 88.7894
138 9.08995 88.7894
568 9.08994 88.7894
892 9.08994 88.7894
447 9.08994 88.7894
325 9.08994 88.7894
399 9.08994 88.7894
386 9.08994 88.7894
678 9.08994 88.7894
953 9.08994 88.7894
628 9.08994 88.7894
153 9.08994 88.7894
988 9.08994 88.7894
400 9.70147 83.6457
446 9.73016 83.4043
93 9.76075 83.1469
457 9.79245 82.8802
48 9.82154 82.6354
547 9.85023 82.394
955 9.88193 82.1272
240 9.9124 81.8709
803 9.94175 81.6239
364 9.97474 81.3463
360 10.0118 81.0344
316 10.0473 80.7357
546 10.0857 80.4131
431 10.1256 80.0773
326 10.1647 79.7481
946 10.202 79.4345
680 10.2303 79.1958
556 10.2541 78.9959
665 10.2789 78.7876
14 10.3009 78.6018
207 10.3022 78.5914
433 10.3034 78.5809
639 10.3048 78.5694
346 10.3061 78.5579
113 10.3075 78.5465
551 10.3087 78.5364
31 10.3099 78.5265
693 10.3111 78.5163
298 10.3125 78.5046
719 10.3137 78.4946
90 10.315 78.4836
401 10.3162 78.473
75 10.3176 78.4612
570 10.319 78.4499
263 10.3203 78.439
699 10.3262 78.3889
637 10.3323 78.3376
905 10.339 78.281
444 10.3455 78.2266
792 10.3521 78.1708
728 10.3593 78.1109
178 10.3659 78.0547
554 10.3727 77.9976
301 10.3794 77.941
381 10.7221 75.0574
427 10.8275 74.1704
88 10.9196 73.3953
734 11.0905 71.9563
939 11.2197 70.869
376 11.2246 70.8281
760 11.2292 70.7889
560 11.2329 70.7583
879 11.2372 70.7219
890 11.241 70.6895
374 11.2453 70.6534
436 11.2497 70.6166
667 11.2821 70.3443
429 11.3117 70.0948
657 11.3429 69.8321
948 11.3757 69.5561
255 11.4093 69.2733
517 11.4414 69.003
347 11.4741 68.7278
114 11.4832 68.7219
3 11.4908 68.7169
371 11.4977 68.7124
224 11.5049 68.7078
966 11.514 68.7018
799 11.5234 68.6957
694 11.5324 68.6899
277 11.5422 68.6835
686 11.5514 68.6775
445 11.561 68.6713
77 11.5713 68.6646
131 11.5824 68.6573
552 11.5921 68.651
991 11.5999 68.646
119 11.6094 68.6398
825 11.6186 68.6339
503 11.6275 68.628
780 11.6364 68.6223
479 11.826 68.4989
338 12.0058 68.382
950 12.1956 68.2586
860 12.356 68.1543
607 12.5276 68.0427
219 12.7243 67.9148
703 12.9201 67.7875
717 13.1082 67.6651
192 13.3171 67.5293
739 13.5211 67.3966
272 13.7185 67.2683
196 13.9161 67.1398
747 14.1073 67.0154
677 14.3083 66.8847
487 14.5016 66.7591
162 14.7356 66.6069
97 14.9736 66.4521
796 15.2209 66.2913
726 15.4843 66.1199
500 15.7446 65.9507
502 16.0146 65.7751
691 16.2903 65.5957
411 16.5594 65.4208
398 16.8219 65.2501
482 17.0869 65.0777
361 17.3612 64.8993
970 17.6408 64.7175
501 17.9534 64.5142
924 18.1798 64.3669
965 18.4101 64.2171
526 18.6254 64.0771
630 18.836 63.9402
130 19.0626 63.7928
903 19.3024 63.6368
275 19.5219 63.4941
720 19.7465 63.348
587 19.9629 63.2073
571 20.1759 63.0688
927 20.2328 62.8197
81 20.2934 62.5549
846 20.3544 62.2883
897 20.4154 62.0219
635 20.474 61.7656
797 21.1304 58.8984
329 21.2149 59.0358
524 21.2933 59.1634
565 21.3668 59.2829
327 21.4487 59.4161
599 21.5158 59.5252
279 21.5797 59.6292
79 21.6519 59.7467
938 21.7209 59.8589
507 21.7966 59.982
633 21.8661 60.0951
324 21.9418 60.2182
603 22.0192 60.3442
422 22.4506 61.0459
382 22.971 61.8923
971 23.4731 62.7091
929 23.9008 63.4048
390 24.2466 63.9673
730 24.5754 64.5021
493 24.7735 64.8244
349 24.9766 65.1548
788 25.1858 65.495
59 25.3925 65.8312
233 25.6461 66.2438
957 25.967 66.7658
454 26.3239 67.3463
954 26.5681 67.7436
689 26.7115 67.9769
252 26.8418 68.1888
333 26.9203 68.3165
910 26.9952 68.4383
104 27.0541 68.5341
171 27.121 68.643
137 27.121 68.643
789 27.121 68.643
878 27.121 68.643
839 27.121 68.643
21 27.1245 69.3219
550 27.1281 70.0302
697 27.1307 70.5456
60 27.1328 70.9739
578 27.1347 71.3555
574 27.1363 71.6723
601 27.1379 71.9946
266 27.1397 72.3549
359 27.1414 72.7013
124 27.1434 73.0923
701 27.1452 73.4561
443 27.1471 73.8236
132 27.1488 74.169
469 27.1511 74.6236
168 27.4634 74.5892
600 27.8265 74.5493
99 28.1954 74.5086
608 28.5713 74.4672
339 29.004 74.4196
658 29.6725 74.346
220 30.416 74.2642
888 31.6658 74.1268
596 33.2528 73.9522
779 34.5569 73.8088
350 34.7962 73.7825
226 35.0224 73.7576
291 35.2628 73.7311
484 35.4961 73.7054
765 35.6872 73.6843
591 35.854 73.7967
294 36.0381 73.9208
523 36.1905 74.0235
894 36.3445 74.1272
16 36.4867 74.2231
292 36.6574 74.3381
649 36.8137 74.4434
872 36.9602 74.5421
225 37.1136 74.6455
175 37.2636 74.7465
537 37.422 74.8532
724 38.8428 75.8102
614 40.3601 76.8321
172 41.9062 77.8734
229 46.0048 78.9924
642 46.1556 79.0336
659 46.3053 79.0744
129 46.4605 79.1168
9 46.6991 79.1819
887 46.8883 79.2335
335 47.0543 79.2788
851 47.2077 79.3206
947 47.2077 79.3206
406 47.2077 79.3206
530 47.2077 79.3206
270 47.2077 79.3206
832 47.2077 79.3206
563 45.3648 78.4409
919 43.4319 77.5182
662 43.4319 77.5182
223 43.4319 77.5182
976 43.8366 76.5126
189 44.24 75.51
804 44.7865 74.1522
163 44.7865 74.1522
56 44.7865 74.1522
134 44.7865 74.1522
404 44.7865 74.1522
558 44.7865 74.1522
365 44.7865 74.1522
617 45.0772 74.1371
80 45.2978 74.1256
540 45.5421 74.1129
144 45.7919 74.1
840 46.0375 74.0872
562 46.3287 74.0721
248 46.6191 74.057
802 46.9112 74.0419
513 47.1875 74.0275
921 47.4688 74.0129
82 47.729 73.9994
280 48.0335 73.9836
636 48.3001 73.9697
315 48.581 73.9552
453 48.8173 73.9429
940 49.0559 73.9305
895 49.3048 73.9176
987 49.5726 73.9037
415 49.7966 73.892
340 52.993 72.3084
173 53.4688 72.0728
904 53.7948 71.9113
94 53.9301 71.8443
126 54.0749 71.7726
800 54.2559 71.6829
861 54.4247 71.5993
460 54.8425 71.3924
769 55.2075 71.2115
582 55.5864 71.0239
440 55.9879 70.825
109 56.3474 70.6469
468 56.7374 70.4537
867 57.1523 70.2482
671 56.9314 70.1729
18 56.7173 70.1
509 56.2078 69.9264
515 55.6383 69.7324
432 55.0493 69.5317
968 54.4583 69.3304
605 53.9162 69.1457
393 53.3418 68.95
286 52.3071 68.5975
238 51.4514 68.306
308 46.3233 66.5584
683 46.3233 66.5584
782 46.3233 66.5584
632 46.2648 66.3052
91 46.1998 66.0243
857 46.1292 65.7188
208 46.0437 65.3493
810 45.8888 64.6796
282 45.8684 64.5912
986 45.8488 64.5066
410 45.8266 64.4105
84 45.8047 64.3157
625 45.7827 64.2205
855 45.762 64.1307
793 45.7388 64.0304
498 45.7178 63.9396
216 45.6982 63.8549
577 45.6772 63.7641
791 45.6577 63.6796
235 45.638 63.5944
923 45.6154 63.4966
210 45.5951 63.4086
621 45.5853 63.3665
161 45.5754 63.3236
281 45.5649 63.2783
35 45.5549 63.2349
676 45.3812 62.9285
798 45.2065 62.6205
964 45.0317 62.3121
370 44.7589 61.831
576 44.5395 61.4441
597 44.3238 61.0637
743 44.1259 60.7146
645 43.8868 60.2929
522 43.884 59.5005
264 43.8826 59.1003
912 43.8811 58.6908
715 43.8797 58.2829
471 43.8777 57.7259
809 43.8759 57.1923
30 43.8739 56.6429
101 43.8718 56.0494
472 43.8697 55.4364
194 43.868 54.9477
155 43.8664 54.5058
459 43.8653 54.1885
922 43.8622 53.2984
127 43.8588 52.3538
623 43.8555 51.4033
843 43.8426 51.3324
870 43.8296 51.2613
356 43.3418 51.2052
342 42.8704 51.151
69 42.3899 51.0957
492 41.8772 51.0367
533 41.2952 50.9698
413 40.722 50.9039
237 40.2985 50.8552
512 39.8777 50.8067
180 39.4454 50.757
508 39.0108 50.707
461 38.6254 50.6627
848 38.2327 50.6175
732 37.8044 50.5682
49 37.31 50.5114
147 36.8251 50.4556
7 36.3437 50.4002
438 35.9095 50.3503
11 35.9077 50.3501
687 35.9061 50.3499
619 35.9045 50.3497
54 35.9029 50.3495
545 34.7667 50.2192
302 33.7666 50.1045
267 32.7685 49.9901
89 31.8409 49.8837
640 30.8904 49.7747
723 29.996 49.6721
901 29.1759 49.5781
269 28.5906 49.3588
705 27.9915 49.1345
34 27.4117 48.9173
525 27.1446 48.7971
778 26.8875 48.6813
891 26.602 48.5528
475 26.2589 48.3984
403 25.9454 48.2573
391 25.6458 48.1224
748 25.3555 47.9917
496 25.0412 47.8502
679 24.7759 47.7308
688 24.4874 47.601
876 24.1737 47.4598
913 23.725 47.2578
205 23.2332 47.0364
908 22.8879 47.2034
698 22.5582 47.3629
841 22.2601 47.5071
142 22.2368 47.5184
949 22.2133 47.5298
655 22.1908 47.5407
476 22.166 47.5527
811 22.1444 47.5631
664 22.0707 47.5988
38 21.9929 47.6364
388 21.9122 47.6754
151 21.8302 47.7151
397 21.3872 47.9295
32 20.9155 48.1576
663 20.4066 48.4038
764 19.9188 48.6398
125 19.7082 48.2226
733 18.2987 52.8033
972 18.1659 52.8098
981 18.0568 52.8151
772 17.9427 52.8207
729 17.8358 52.8259
756 17.7206 52.8316
510 17.5808 52.8384
352 17.4138 52.8465
451 17.281 52.853
735 17.14 52.8599
589 16.9783 52.8678
543 16.8581 52.8737
771 16.668 52.883
956 16.48 52.8922
858 16.2858 52.9016
758 16.0866 52.9114
505 15.8789 52.9215
78 15.6945 52.9305
770 14.0542 53.0106
218 13.2514 53.0498
805 12.607 53.0813
531 11.9599 53.1128
234 11.5949 53.1307
166 11.6007 52.9687
849 11.6065 52.8074
222 11.6126 52.6367
527 11.6179 52.4886
122 11.6234 52.3381
784 11.6316 52.1089
463 11.6439 51.765
214 11.6544 51.4733
154 11.6658 51.1568
303 11.6758 50.8766
47 11.6863 50.5856
925 11.6966 50.2979
116 11.7095 49.9396
708 11.7227 49.5707
542 11.7378 49.1491
336 11.7524 48.743
489 11.7683 48.3014
909 11.7843 47.8546
174 11.8004 47.4073
212 11.8167 46.9532
341 11.8313 46.5457
123 11.8467 46.1172
312 11.8611 45.7148
100 11.8746 45.3394
157 11.89 44.9116
749 11.9124 44.287
499 11.9362 43.6241
863 11.9417 43.471
616 11.9469 43.3262
936 11.9517 43.1912
57 11.9573 43.0377
652 11.9633 42.8707
534 11.9691 42.7085
182 11.9751 42.5404
731 11.9819 42.3516
958 11.9886 42.1655
283 11.995 41.9885
228 12.0009 41.823
700 12.0071 41.6497
985 12.013 41.4857
373 12.0183 41.3382
423 12.0247 41.1605
87 12.031 40.9862
330 12.0364 40.8343
128 12.042 40.6787
328 12.0572 40.2549
46 12.0925 39.271
10 12.1288 38.2606
384 12.165 37.2488
990 12.2051 36.1322
133 12.2531 34.7914
572 12.2914 33.7241
86 12.3222 32.8658
299 12.3497 32.097
514 12.3725 31.4623
331 12.3956 30.8172
794 12.4134 30.3219
898 12.43 29.8594
710 12.477 28.5802
4 12.5238 27.3105
963 12.5697 26.0626
682 12.6141 24.8584
943 12.6466 23.9726
455 12.6801 23.06
74 12.7132 22.1593
643 12.752 21.1058
254 12.7619 20.8341
362 12.7716 20.5689
673 12.781 20.3119
258 12.7907 20.0469
674 12.801 19.7643
741 12.811 19.4926
629 12.8211 19.2148
187 12.8285 19.0119
646 12.9294 18.2025
8 13.0169 17.5
899 13.0509 17.2276
268 13.0938 16.8834
588 13.2018 16.0162
722 13.3063 15.1781
881 13.3206 15.0634
366 13.3332 14.9619
474 13.3459 14.8603
348 13.3597 14.7492
211 13.3736 14.6379
812 13.3872 14.5289
641 13.6753 14.5514
61 13.8293 14.5635
412 14.9142 14.6485
402 18.2244 14.9077
602 24.0599 15.3647
669 24.6354 15.3908
488 25.1502 15.4141
284 27.9672 15.5418
407 31.5309 15.7034
883 33.8738 15.8096
518 35.9139 15.9021
310 36.2514 16.5422
363 36.5534 17.1151
573 36.8884 17.7505
351 37.2215 18.3824
287 37.7446 19.3746
704 38.5547 20.9113
261 39.7234 23.128
865 40.7694 25.1121
873 41.1497 25.8335
419 41.4374 26.3792
337 41.7046 26.886
934 42.069 27.5772
160 42.4445 28.2896
681 42.8367 29.0335
111 42.4575 29.0814
586 42.1519 29.12
379 41.8486 29.1583
653 41.5847 29.1916
250 41.0317 29.2615
26 40.3654 29.3456
164 39.7558 29.4227
626 36.6547 29.8144
421 35.5305 29.9564
612 32.1711 30.3808
829 30.9204 30.5388
824 30.152 30.6359
709 29.3992 30.731
902 28.5869 30.8336
834 28.2569 30.8752
702 27.8263 30.9296
822 27.6757 30.9487
307 27.4962 30.9714
221 27.3165 30.9941
246 27.1345 31.017
661 26.5912 31.0857
439 26.6149 31.3011
64 26.6502 31.6218
37 26.7919 32.9078
836 26.8344 33.2935
65 26.9093 33.9741
915 26.9811 34.6255
148 27.0816 35.5379
191 28.113 35.827
354 28.6979 35.9909
121 29.5094 36.2184
566 30.7827 36.5753
853 31.1893 36.6893
787 31.5178 36.7814
486 31.8775 36.8822
549 32.2929 36.9986
706 32.778 37.1346
414 33.2079 37.2551
869 33.6433 37.3772
535 34.1448 37.5177
278 34.9554 37.745
783 35.9447 38.0223
529 36.8647 38.2801
467 38.0196 38.6039
692 39.2114 38.9379
257 40.42 39.2767
480 41.6306 39.6161
945 43.0065 40.0017
917 43.6492 40.1819
862 44.3623 40.3818
790 45.126 40.5958
935 45.9878 40.8374
989 46.8693 41.0845
197 48.2059 41.4592
906 49.5418 41.8336
716 50.7661 42.1768
377 52.0728 42.5431
751 53.1003 42.8311
396 54.3502 43.1814
978 54.7871 43.3039
188 55.214 43.4236
844 55.297 43.401
19 55.3826 43.3778
314 55.4674 43.3547
452 55.5403 43.3349
355 55.7751 43.2712
63 55.9785 43.2159
276 56.1906 43.1583
70 56.4245 43.0947
186 56.5346 43.0648
117 56.7578 43.0042
519 56.9516 42.9515
594 57.1723 42.8916
358 57.3921 42.8319
930 57.5922 42.7775
875 57.7961 42.7221
66 58.0169 42.6621
232 58.2742 42.5922
828 58.2742 42.5922
262 58.2742 42.5922
926 58.2742 42.5922
781 58.2742 42.5922
634 58.2742 42.5922
85 58.2742 42.5922
675 58.2618 42.0516
143 58.2498 41.5316
606 58.2337 40.8282
357 58.2166 40.0827
45 58.1976 39.2557
217 58.1796 38.475
644 58.1604 37.6353
458 58.1268 36.1721
821 58.0931 34.6999
785 58.0613 33.3148
43 58.0328 32.0713
598 57.9697 29.3097
289 57.9673 29.2057
555 58.2245 28.7016
27 58.4887 28.1841
959 58.7914 27.5909
55 59.0536 27.0772
6 59.3375 26.521
209 59.6221 25.9634
24 62.2363 20.843
103 64.7488 15.9216
831 64.9592 16.1603
295 65.835 16.1673
777 66.7006 16.1742
819 67.6972 16.1822
176 69.0861 16.1934
504 70.6103 16.2057
581 72.312 16.2194
260 77.7791 16.264
721 78.3604 17.242
