0,483,979,243,627,345,260,98,835,520,33,590,170,506,684,977,497,951,107,136,198,838,195,274,425,932,592,334,387,884,242,70,941,656,942,583,842,850,190,102,926,29,670,553,323,967,609,745,920,466,45,870,716,63,623,875,906,930,594,844,293,117,485,767,43,143,606,357,644,217,262,232,675,314,458,978,35,492,472,945,197,862,876,155,891,147,778,269,356,512,210,194,603,683,101,342,922,171,104,237,804,459,264,576,235,724,645,839,291,175,370,596,127,225,461,21,676,404,484,54,30,809,471,80,365,793,625,798,216,109,281,855,597,340,112,923,621,393,595,538,907,188,396,85,286,186,577,519,964,791,161,498,208,238,843,420,743,847,453,987,582,832,460,617,282,84,173,440,9,468,478,782,378,605,91,968,432,810,769,650,647,68,515,201,904,385,395,18,509,51,727,837,152,852,975,579,962,417,668,110,290,71,867,67,744,383,332,528,937,900,450,372,322,204,311,660,685,25,820,473,159,928,818,648,813,775,740,158,353,983,889,145,864,666,725,893,742,83,845,481,620,285,854,494,823,42,135,273,318,544,580,149,251,911,118,52,335,464,992,856,477,931,817,177,801,465,622,297,654,317,12,23,40,179,690,887,737,880,245,984,816,618,185,980,746,895,229,408,516,671,165,536,193,567,280,319,636,202,367,313,564,344,575,305,105,434,584,532,624,511,896,632,921,315,800,754,947,406,415,851,82,294,126,642,320,940,206,140,755,877,389,882,239,62,375,156,449,826,271,265,561,343,5,22,713,541,189,569,309,707,256,146,230,470,866,961,874,394,559,259,774,952,369,416,659,762,861,513,215,802,976,226,350,872,540,857,94,530,558,223,523,986,410,252,894,779,614,248,563,163,144,134,270,56,878,2,129,172,562,672,437,738,292,814,807,167,296,918,919,428,752,974,795,392,92,763,241,418,181,766,539,139,76,859,53,773,613,448,490,833,753,96,20,441,808,456,28,73,231,120,786,611,631,44,521,409,306,960,638,610,141,150,696,714,36,424,593,430,72,253,548,768,13,115,58,761,491,651,871,50,954,608,574,697,757,649,16,662,124,840,41,888,537,806,578,339,333,946,726,604,60,924,587,99,349,288,551,550,953,236,263,200,31,568,325,399,780,885,15,227,304,776,249,436,557,360,368,933,462,944,628,88,495,719,736,240,444,585,446,138,39,905,815,570,426,178,868,435,199,301,447,914,90,213,750,712,17,973,247,380,988,183,106,1,699,316,693,386,153,827,711,969,718,678,405,991,728,300,48,442,695,916,95,830,433,890,298,400,503,326,374,547,892,75,803,637,401,364,759,792,955,169,860,879,982,108,615,168,93,560,244,184,321,546,469,796,556,203,825,113,457,554,224,346,361,479,162,500,431,886,552,275,327,789,600,487,531,207,97,381,966,677,219,77,734,347,607,303,196,517,255,338,764,376,939,747,799,14,427,131,970,114,81,445,657,371,694,686,639,429,667,277,665,234,482,630,601,703,411,739,717,680,233,3,948,701,502,272,760,784,938,382,524,571,443,788,398,733,119,589,192,336,451,329,130,565,34,705,897,729,927,772,501,903,981,220,137,720,454,730,950,635,965,901,266,526,658,493,912,132,689,971,765,910,732,715,308,640,359,591,390,533,929,267,510,913,79,535,846,735,756,89,691,543,475,422,698,956,59,403,957,324,599,151,413,663,723,619,908,545,508,37,507,633,302,679,78,700,38,391,11,397,388,525,655,688,312,214,505,925,352,222,148,958,218,341,279,849,116,708,57,373,182,174,122,47,949,142,489,463,770,909,496,384,212,46,154,123,771,797,936,841,749,758,972,423,805,476,534,100,858,542,527,731,283,87,166,898,985,228,157,990,652,616,10,328,499,128,330,863,794,514,187,455,362,674,682,74,86,133,572,331,812,646,722,963,629,254,588,8,366,881,488,211,61,299,402,258,710,673,741,412,348,4,268,474,661,902,32,829,899,121,439,125,612,836,641,915,943,643,702,787,626,602,278,246,65,664,307,191,869,414,257,284,354,549,160,363,573,467,111,822,221,64,310,261,379,709,26,287,337,669,883,518,653,407,351,934,704,811,586,824,917,687,438,706,7,205,748,783,529,486,989,49,522,180,452,834,790,853,692,480,566,848,555,164,873,751,276,6,69,935,828,377,681,19,781,421,55,66,250,865,289,785,27,831,355,634,419,821,358,209,103,598,581,959,819,777,504,721,295,176,24,
value : 491.463 running time : 62.106752
0 80 20
483 86.2684 17.5916
979 86.2684 17.5916
243 86.2684 17.5916
627 86.2684 17.5916
345 86.2684 17.5916
260 86.2684 17.5916
98 86.6515 28.5633
835 86.8092 33.0783
520 86.8843 35.2291
33 86.9556 37.2699
590 87.0514 40.0148
170 87.2727 46.3509
506 87.3374 48.2059
684 87.3601 48.8559
977 87.365 48.9951
497 87.3693 49.1196
951 86.6147 49.0795
107 85.9121 49.0421
136 85.0651 48.9971
198 84.2273 48.9525
838 83.3839 48.9077
195 82.5103 48.8612
274 81.7324 48.8198
425 80.9872 48.7802
932 80.2964 48.7435
592 79.5863 48.7057
334 78.9249 48.6706
387 78.6012 48.6534
884 78.2848 48.6366
242 77.19 48.5785
70 75.4192 48.4845
941 74.8365 48.4536
656 74.2708 48.4236
942 73.735 48.3951
583 73.2983 48.372
842 72.8268 48.347
850 72.4176 48.3253
190 71.9677 48.3014
102 71.5788 48.2808
926 71.2115 48.2613
29 70.8777 48.2436
670 70.4827 48.2227
553 70.0846 48.2016
323 69.6951 48.1809
967 69.3263 48.1614
609 68.9035 48.139
745 68.4566 48.1153
920 67.9272 48.0872
466 66.2588 47.9987
45 63.4454 47.8495
870 60.896 47.7142
716 59.8051 47.6564
63 59.6891 47.6502
623 59.58 47.6444
875 59.4609 47.6381
906 59.3426 47.6318
930 59.2332 47.626
594 59.1235 47.6201
844 59.0088 47.614
293 59.0088 47.614
117 59.0088 47.614
485 59.0088 47.614
767 59.0088 47.614
43 59.0088 47.614
143 59.0088 47.614
606 59.0088 47.614
357 59.0088 47.614
644 59.0088 47.614
217 59.0088 47.614
262 59.0088 47.614
232 59.0088 47.614
675 58.4926 47.8349
314 57.9184 48.0806
458 57.2002 48.3879
978 56.3447 48.7539
35 55.4185 49.1501
492 54.6015 49.4997
472 53.8271 49.831
945 53.1255 50.1312
197 52.4934 50.4016
862 45.9902 53.1825
876 44.7643 53.9036
155 44.3325 54.1576
891 43.8089 54.4656
147 43.4188 54.695
778 43.0879 54.8897
269 42.766 55.079
356 42.766 55.079
512 42.7751 55.127
210 42.7841 55.1744
194 42.7926 55.2192
603 42.8015 55.2662
683 42.9629 56.1191
101 43.0772 56.7228
342 43.1874 57.3053
922 43.3227 58.0205
171 43.4763 58.8322
104 43.5695 59.3244
237 43.6597 59.8009
804 43.7725 60.3972
459 43.8785 60.9574
264 43.9751 61.4676
576 44.0784 62.0139
235 44.1914 62.6111
724 44.2862 63.1116
645 44.2862 63.1116
839 44.3243 63.1046
291 44.366 63.0968
175 44.4077 63.0891
370 44.4498 63.0813
596 44.4877 63.0743
127 44.5298 63.0665
225 44.5677 63.0594
461 44.6076 63.052
21 44.6436 63.0453
676 44.9273 62.9928
404 45.1723 62.9474
484 45.4771 62.8909
54 45.7526 62.8398
30 46.0387 62.7868
809 46.3565 62.7279
471 46.6946 62.6653
80 47.0059 62.6076
365 47.5397 62.5087
793 48.4729 62.336
625 49.2121 62.199
798 49.8447 62.0818
216 50.4932 61.9616
109 51.1464 61.8406
281 51.7799 61.7232
855 52.4593 61.5973
597 53.2137 61.4575
340 54.0327 61.3059
112 54.0307 61.2714
923 54.0281 61.2286
621 54.026 61.1926
393 54.0243 61.164
595 54.0223 61.1299
538 54.0201 61.0918
907 54.0179 61.0554
188 54.0156 61.0168
396 54.0135 60.9802
85 54.0114 60.9447
286 54.0093 60.9106
186 54.0072 60.8749
577 54.0053 60.8418
519 54.0033 60.8077
964 54.0014 60.777
791 53.9994 60.7428
161 53.9973 60.7078
498 53.9953 60.6724
208 53.9935 60.6419
238 53.9914 60.6069
843 53.989 60.5657
420 59.7092 67.2167
743 59.735 67.2467
847 59.7651 67.2817
453 59.7915 67.3125
987 59.8222 67.3482
582 59.8503 67.3809
832 59.8795 67.4148
460 59.907 67.4468
617 59.9316 67.4754
282 59.9571 67.5051
84 59.9851 67.5376
173 60.0152 67.5727
440 60.0427 67.6046
9 60.0707 67.6372
468 60.0963 67.667
478 60.1253 67.7007
782 60.1522 67.7321
378 62.2415 68.9889
605 62.2749 69.009
91 62.3098 69.03
968 62.5724 69.188
432 62.9156 69.3945
810 63.2247 69.5805
769 63.718 69.8773
650 64.2742 70.212
647 64.8131 70.5363
68 65.4053 70.8926
515 66.014 71.2589
201 66.8417 71.7569
904 67.1711 71.9551
385 67.5234 72.1671
395 67.7155 72.2827
18 67.9239 72.4081
509 68.1275 72.5306
51 68.3572 72.6688
727 68.575 72.7998
837 68.8035 72.9372
152 69.0156 73.0648
852 69.2381 73.1987
975 69.464 73.3346
579 69.6887 73.4698
962 69.905 73.5999
417 70.1433 73.7433
668 70.3251 73.8527
110 70.7493 74.1079
290 71.1854 74.3703
71 71.6461 74.6475
867 72.052 74.8917
67 72.4906 75.1556
744 73.4026 75.7043
383 74.336 76.2659
332 75.4215 76.9189
528 76.385 77.4987
937 77.1434 77.955
900 78.0742 78.515
450 84.7484 82.5305
372 86.0106 83.5385
322 85.9035 83.6464
204 85.8245 83.726
311 85.743 83.8082
660 85.6535 83.8984
685 84.9894 84.5678
25 84.2462 85.317
820 82.8854 86.6886
473 82.456 87.1215
159 81.985 87.5962
928 81.5378 88.0469
818 81.2283 88.0593
648 80.991 88.0688
813 80.7425 88.0789
775 80.502 88.0885
740 80.3046 88.0964
158 80.0936 88.1049
353 79.8964 88.1128
983 79.7307 88.1194
889 79.5424 88.1269
145 78.7928 88.1571
864 78.3027 88.1767
666 77.8296 88.1957
725 77.3955 88.213
893 76.9213 88.232
742 76.4005 88.2529
83 75.8628 88.2745
845 75.4372 88.2916
481 75.0196 88.3083
620 74.6522 88.3231
285 74.6522 88.3231
854 74.6522 88.3231
494 74.6522 88.3231
823 74.6522 88.3231
42 74.6522 88.3231
135 74.6522 88.3231
273 73.5422 88.3594
318 72.9451 88.3791
544 72.3403 88.399
580 71.7997 88.4168
149 69.4265 88.4944
251 66.9108 88.5765
911 64.3679 88.6592
118 64.3292 88.5483
52 64.2944 88.4486
335 64.2545 88.3344
464 64.2278 88.2579
992 64.1981 88.1728
856 64.1675 88.0852
477 64.0012 87.6094
931 63.8362 87.1374
817 63.7079 86.7704
177 63.539 86.2872
801 63.3516 85.7512
465 63.2024 85.3244
622 63.0487 84.8845
297 62.8724 84.3803
654 62.6936 83.8689
317 59.8585 85.129
12 56.7809 86.497
23 53.7998 87.8221
40 53.7939 87.8248
179 53.7879 87.8274
690 53.7819 87.8301
887 53.7759 87.8328
737 53.7696 87.8356
880 53.7635 87.8383
245 53.7572 87.8411
984 53.7514 87.8437
816 53.7453 87.8465
618 53.7386 87.8495
185 53.7324 87.8522
980 53.7258 87.8552
746 53.7192 87.8581
895 53.7141 87.8604
229 53.7086 87.8629
408 53.7015 87.866
516 53.6953 87.8688
671 53.6901 87.8711
165 53.6802 87.8755
536 53.6728 87.8789
193 53.6658 87.882
567 53.6594 87.8848
280 53.6516 87.8883
319 53.6429 87.8922
636 53.6355 87.8955
202 53.6281 87.8988
367 53.6201 87.9024
313 53.6122 87.9059
564 53.6043 87.9094
344 53.5974 87.9125
575 53.5974 87.9125
305 53.5974 87.9125
105 53.5974 87.9125
434 53.5005 87.8026
584 53.3624 87.6459
532 53.1971 87.4585
624 52.9751 87.2067
511 52.6629 86.8526
896 52.2039 86.332
632 51.6404 85.6928
921 51.6404 85.6928
315 51.6404 85.6928
800 51.3797 85.8755
754 51.066 86.0955
947 50.7676 86.3046
406 50.4864 86.5017
415 50.2104 86.6952
851 49.9204 86.8985
82 49.6367 87.0973
294 49.356 87.2941
126 49.0881 87.4819
642 48.7945 87.6877
320 48.4957 87.8971
940 48.2112 88.0965
206 47.8869 88.3239
140 47.6272 88.5059
755 47.3053 88.7315
877 46.9373 88.9895
389 46.6585 89.1849
882 46.4068 89.3613
239 46.2088 89.4471
62 46.0203 89.5287
375 45.7995 89.6243
156 45.6003 89.7105
449 45.3935 89.8
826 45.2156 89.8771
271 44.9559 89.9895
265 44.9559 89.9895
561 44.9964 89.6727
343 45.0283 89.4231
5 45.0583 89.1887
22 45.0928 88.9193
713 45.128 88.6439
541 45.1628 88.3716
189 45.2055 88.0371
569 45.2055 88.0371
309 45.2055 88.0371
707 45.2055 88.0371
256 45.2055 88.0371
146 45.2055 88.0371
230 45.2055 88.0371
470 45.2055 88.0371
866 45.2076 88.0299
961 45.2098 88.0226
874 45.2379 87.9268
394 45.3508 87.5428
559 45.4486 87.2103
259 45.7503 86.1842
774 45.9842 85.3887
952 46.2733 84.4052
369 46.7898 82.6486
416 47.147 81.4335
659 47.9363 78.7493
762 49.3944 73.79
861 48.4979 74.0322
513 47.626 74.2676
215 46.7127 74.5143
802 46.0673 74.6886
976 45.3086 74.8935
226 44.585 75.089
350 43.994 75.2486
872 43.3535 75.4216
540 43.3535 75.4216
857 43.3535 75.4216
94 43.3535 75.4216
530 43.3535 75.4216
558 43.3535 75.4216
223 43.01 75.9508
523 42.944 76.0524
986 42.8761 76.1571
410 42.8072 76.2633
252 42.7144 76.4063
894 42.639 76.5224
779 42.5604 76.6436
614 42.463 76.7938
248 42.3801 76.9214
563 42.3009 77.0436
163 42.2246 77.1612
144 42.1378 77.2949
134 42.0528 77.4258
270 41.9596 77.5694
56 41.8794 77.693
878 41.2886 78.6031
2 40.3128 80.1064
129 39.6082 81.1917
172 38.9967 82.1337
562 38.4951 82.9063
672 37.7985 83.9794
437 37.2923 84.7592
738 36.7643 85.5725
292 36.64 85.764
814 36.5013 85.9776
807 36.3626 86.1913
167 36.2025 86.438
296 36.0496 86.6736
918 35.8922 86.9161
919 35.7501 87.135
428 35.5915 87.3792
752 35.4311 87.6264
974 35.3134 87.8078
795 35.2834 87.8541
392 35.2513 87.9034
92 35.2187 87.9536
763 35.187 88.0025
241 35.1565 88.0497
418 35.12 88.1058
181 35.085 88.1598
766 35.0519 88.2109
539 34.672 88.2444
139 34.2503 88.2818
76 33.7247 88.3282
859 33.2691 88.3686
53 32.925 88.399
773 32.4474 88.4413
613 32.0173 88.4794
448 31.5282 88.5227
490 30.9248 88.576
833 30.3754 88.6246
753 29.9079 88.666
96 29.7737 88.6779
20 29.624 88.6912
441 29.4672 88.7051
808 29.354 88.7151
456 29.2207 88.727
28 29.1077 88.737
73 28.9987 88.7466
231 28.8927 88.756
120 28.7695 88.7669
786 28.6457 88.7779
611 28.5172 88.7893
631 28.3925 88.8004
44 28.268 88.8114
521 28.1505 88.8219
409 28.0479 88.831
306 27.942 88.8404
960 27.8429 88.8492
638 27.7388 88.8584
610 27.6198 88.8689
141 27.514 88.8783
150 27.3976 88.8887
696 27.2737 88.8997
714 27.1536 88.9103
36 27.1536 88.9103
424 27.1536 88.9103
593 27.1536 88.9103
430 27.1536 88.9103
72 27.1536 88.9103
253 27.1536 88.9103
548 27.1536 88.9103
768 27.1536 88.9103
13 27.1536 88.9103
115 27.1516 88.7855
58 27.1495 88.6488
761 27.1476 88.528
491 27.1458 88.4098
651 27.1389 87.9673
871 27.1317 87.5074
50 27.1174 86.5815
954 27.1022 85.6029
608 27.0887 84.7279
574 27.0756 83.8812
697 27.0755 83.8731
757 27.0753 83.8646
649 27.0752 83.856
16 27.0751 83.8466
662 27.0749 83.8371
124 27.0748 83.8281
840 27.0747 83.8193
41 26.7856 83.1782
888 26.4825 82.5062
537 26.2296 81.9454
806 26.0016 81.4397
578 25.7531 80.8886
339 25.4948 80.3159
333 25.2514 79.7761
946 25.006 79.232
726 24.7702 78.7092
604 24.5469 78.2139
60 24.3245 77.7207
924 24.0722 77.1614
587 23.852 76.6731
99 23.6738 76.2779
349 23.4867 75.8629
288 19.9262 79.9984
551 18.5343 81.6151
550 17.1335 83.2422
953 14.2322 86.612
236 14.0439 86.8307
263 13.866 87.0372
200 13.7077 87.2211
31 13.5831 87.3658
568 13.4383 87.5339
325 13.3103 87.6826
399 13.1728 87.8422
780 13.038 87.9988
885 12.8959 88.1638
15 12.7192 88.369
227 12.571 88.5411
304 12.3522 88.5826
776 12.1566 88.6197
249 11.9578 88.6575
436 11.7098 88.7045
557 11.4993 88.7445
360 11.2981 88.7827
368 11.0838 88.8234
933 10.8229 88.8729
462 10.5482 88.925
944 10.2741 88.977
628 10.2408 88.9833
88 10.2111 88.9889
495 10.1766 88.9955
719 10.1381 89.0027
736 10.102 89.0096
240 10.0673 89.0161
444 10.0332 89.0226
585 9.99884 89.0291
446 9.96852 89.0348
138 9.93495 89.0412
39 9.898 89.0482
905 9.86592 89.0542
815 9.83322 89.0604
570 9.798 89.0671
426 9.76392 89.0735
178 9.73039 89.0799
868 9.69749 89.0861
435 9.66609 89.0921
199 9.63285 89.0984
301 9.59919 89.1047
447 9.56502 89.1112
914 9.53066 89.1177
90 9.49619 89.1242
213 9.49619 89.1242
750 9.49619 89.1242
712 9.49619 89.1242
17 9.49619 89.1242
973 9.49619 89.1242
247 9.49619 89.1242
380 9.49619 89.1242
988 9.49619 89.1242
183 9.55782 88.8824
106 9.61106 88.6733
1 9.67173 88.4352
699 9.73147 88.2007
316 9.78712 87.9822
693 9.83912 87.7781
386 9.89349 87.5647
153 9.9464 87.3569
827 9.9948 87.167
711 10.059 86.9149
969 10.1269 86.6483
718 10.1973 86.372
678 10.2607 86.123
405 10.3318 85.8441
991 10.4249 85.4784
728 10.4946 85.2046
300 10.5535 84.9734
48 10.6194 84.7151
442 10.6794 84.4793
695 10.7487 84.2073
916 10.8161 83.9427
95 10.8819 83.6845
830 10.9524 83.4077
433 11.0231 83.13
890 11.0917 82.8607
298 11.1643 82.5757
400 11.2112 82.3914
503 11.2533 82.2264
326 11.2907 82.0795
374 11.3252 81.9438
547 11.3569 81.8195
892 11.3975 81.6602
75 11.4375 81.503
803 11.4754 81.354
637 11.5175 81.1887
401 11.5616 81.0156
364 11.6075 80.8355
759 11.6586 80.6347
792 11.7069 80.4449
955 11.7592 80.2398
169 11.8102 80.0393
860 11.8708 79.8017
879 11.9253 79.5875
982 11.9479 79.4986
108 11.9754 79.3909
615 12.0081 79.2622
168 12.0401 79.1367
93 12.0686 79.0248
560 12.1019 78.8941
244 12.1328 78.7726
184 12.1647 78.6472
321 12.1944 78.5308
546 12.2233 78.4172
469 12.2552 78.2919
796 12.2895 78.1575
556 12.3201 78.0371
203 12.3502 77.919
825 12.3831 77.7895
113 12.416 77.6605
457 12.444 77.5505
554 12.4725 77.4384
224 12.5566 77.108
346 12.6408 76.7771
361 12.7267 76.4398
479 12.8097 76.1138
162 12.8952 75.7774
500 12.9742 75.4672
431 13.0484 75.1756
886 13.1354 74.8335
552 13.2364 74.4367
275 13.3201 74.1079
327 13.3959 73.81
789 13.3959 73.81
600 12.9394 72.6997
487 12.3986 71.3844
531 11.4902 69.1752
207 11.4902 69.1752
97 11.4771 68.7285
381 11.4644 68.2955
966 11.4509 67.8371
677 11.4365 67.3434
219 11.4265 67.0054
77 11.4158 66.643
734 11.4048 66.2684
347 11.3935 65.8827
607 11.3837 65.5495
303 11.371 65.1154
196 11.371 65.1154
517 11.371 65.1154
255 11.371 65.1154
338 11.371 65.1154
764 11.371 65.1154
376 11.371 65.1154
939 11.371 65.1154
747 11.371 65.1154
799 11.371 65.1154
14 11.371 65.1154
427 11.371 65.1154
131 11.371 65.1154
970 11.371 65.1154
114 11.371 65.1154
81 11.371 65.1154
445 11.371 65.1154
657 11.371 65.1154
371 11.371 65.1154
694 11.371 65.1154
686 11.371 65.1154
639 11.371 65.1154
429 11.6341 65.1094
667 11.8377 65.1048
277 12.1182 65.0985
665 12.402 65.0922
234 12.6978 65.0855
482 13.0571 65.0774
630 13.3933 65.0698
601 13.7243 65.0624
703 13.9939 65.0564
411 14.3147 65.0492
739 14.6045 65.0427
717 14.8845 65.0364
680 15.3651 65.0256
233 15.824 65.0153
3 16.2098 65.0067
948 16.6347 64.9972
701 17.1317 64.986
502 17.5739 64.9761
272 18.0131 64.9663
760 18.4448 64.9566
784 19.1486 64.9408
938 20.0275 64.9208
382 20.1671 64.9319
524 20.2903 64.9418
571 20.4309 64.953
443 20.5552 64.963
788 20.6703 64.9722
398 20.781 64.981
733 20.9021 64.9907
119 21.002 64.9987
589 21.1131 65.0076
192 21.2651 65.0197
336 21.4223 65.0323
451 21.6383 65.0495
329 21.8327 65.065
130 22.0211 65.0801
565 22.2128 65.0954
34 22.523 65.1202
705 22.8093 65.143
897 23.0903 65.1655
729 23.384 65.1889
927 23.6636 65.2113
772 23.9283 65.2324
501 24.2538 65.2584
903 24.5381 65.2811
981 24.8003 65.3021
220 25.0885 65.3251
137 25.4177 65.3513
720 25.7084 65.3746
454 26.0073 65.3985
730 26.0073 65.3985
950 26.0073 65.3985
635 26.0073 65.3985
965 26.0073 65.3985
901 26.0073 65.3985
266 26.0073 65.3985
526 26.0073 65.3985
658 26.0073 65.3985
493 26.0073 65.3985
912 26.0073 65.3985
132 26.0073 65.3985
689 26.0073 65.3985
971 27.0973 64.2232
765 27.8753 63.3839
910 28.6522 62.5468
732 29.7218 60.3192
715 29.7216 60.3188
308 29.6145 60.0911
640 29.5024 59.8528
359 29.4026 59.6407
591 29.2977 59.4177
390 29.1011 58.9997
533 28.9103 58.5939
929 28.6929 58.1318
267 28.4788 57.6766
510 28.2599 57.2113
913 28.0465 56.7575
79 27.8665 56.375
535 27.6707 55.9586
846 27.5376 55.6757
735 27.3749 55.3297
756 27.214 54.9877
89 27.0483 54.6353
691 26.866 54.2479
543 26.6937 53.8815
475 26.5312 53.536
422 26.3961 53.2489
698 26.2469 52.9317
956 26.1099 52.6403
59 25.9695 52.3418
403 25.8177 52.0191
957 25.6971 51.7627
324 25.5325 51.4127
599 25.3809 51.0906
151 24.8962 50.0601
413 24.8251 49.9088
663 24.7477 49.7442
723 24.6821 49.6047
619 24.619 49.4703
908 24.5538 49.3317
545 24.4905 49.1971
508 24.4194 49.0458
37 24.3506 48.8995
507 24.2924 48.7758
633 24.2106 48.6017
302 24.13 48.4301
679 24.0423 48.2435
78 22.3733 48.1221
700 20.9601 48.0192
38 20.7102 48.001
391 20.3914 47.9778
11 20.0811 47.9552
397 19.7494 47.931
388 19.4125 47.9065
525 19.026 47.8783
655 18.5896 47.8466
688 18.17 47.816
312 13.7864 47.4978
214 11.6279 47.3407
505 10.6833 47.2719
925 9.70456 47.2006
352 9.67089 47.1982
222 9.63421 47.1955
148 9.59832 47.1929
958 9.5565 47.1899
218 9.51972 47.1873
341 9.48427 47.1848
279 9.44872 47.1822
849 9.4049 47.179
116 9.36482 47.1762
708 9.32809 47.1735
57 9.29231 47.171
373 9.25639 47.1684
182 9.22112 47.1658
174 9.18348 47.1631
122 9.13803 47.1599
47 9.13803 47.1599
949 9.13803 47.1599
142 9.13803 47.1599
489 9.12489 47.0675
463 9.11094 46.9694
770 9.09663 46.8686
909 9.08361 46.7769
496 9.06952 46.6775
384 9.05497 46.5752
212 9.04155 46.4808
46 9.0286 46.3896
154 9.01647 46.304
123 9.00341 46.2119
771 8.991 46.1244
797 8.97852 46.0364
936 8.96626 45.9501
841 8.95306 45.8572
749 8.9401 45.7659
758 8.92753 45.6772
972 8.91494 45.5885
423 8.89889 45.4755
805 8.88643 45.3877
476 8.87188 45.2851
534 8.85929 45.1964
100 8.84676 45.1082
858 8.83299 45.0111
542 8.81818 44.9068
527 8.80377 44.8053
731 8.78536 44.6756
283 8.76815 44.5543
87 8.75301 44.4477
166 8.74082 44.3617
898 7.94928 38.7839
985 7.94928 38.7839
228 7.94928 38.7839
157 7.94928 38.7839
990 7.98859 38.4784
652 8.02509 38.1949
616 8.06612 37.876
10 8.10735 37.5556
328 8.14332 37.276
499 8.18062 36.9861
128 8.21968 36.6826
330 8.40734 35.2239
863 8.64095 33.4079
794 8.99182 30.6804
514 9.27408 28.4862
187 9.63074 25.7136
455 9.68305 25.3069
362 9.73879 24.8734
674 9.79011 24.4743
682 9.83569 24.1199
74 9.87208 23.8369
86 9.91157 23.5298
133 10.067 22.3207
572 10.2669 20.7658
331 10.53 18.7194
812 10.8654 16.1098
646 10.8654 16.1098
722 10.8654 16.1098
963 10.8654 16.1098
629 10.8654 16.1098
254 10.8654 16.1098
588 10.8654 16.1098
8 10.8654 16.1098
366 10.8654 16.1098
881 10.8654 16.1098
488 10.8654 16.1098
211 11.0108 16.4165
61 11.1533 16.7172
299 11.3381 17.1068
402 11.4886 17.4239
258 11.634 17.7305
710 11.7803 18.0388
673 11.913 18.3185
741 12.0422 18.5908
412 12.1731 18.8667
348 12.3136 19.1628
4 12.484 19.522
268 14.3883 20.7734
474 17.1956 22.6163
661 19.7245 24.2764
902 22.617 26.1757
32 25.4254 28.0204
829 25.5466 28.1
899 25.6619 28.1756
121 25.7907 28.2602
439 25.91 28.3385
125 26.0476 28.4288
612 26.1739 28.5116
836 26.2888 28.5871
641 26.4129 28.6685
915 26.5466 28.7563
943 26.6776 28.8423
643 26.8007 28.923
702 26.9505 29.0213
787 27.1166 29.1303
626 27.2674 29.2293
602 27.4232 29.3316
278 27.5824 29.4361
246 27.7225 29.528
65 27.8968 29.6424
664 28.0726 29.7578
307 28.2149 29.8512
191 28.3824 29.9611
869 28.535 30.0613
414 28.6952 30.1664
257 31.8419 27.2841
284 32.1232 26.8266
354 32.3858 26.3995
549 32.6654 25.9448
160 33.2176 25.0467
363 33.7894 24.1167
573 34.0454 23.7003
467 34.2621 23.3478
111 34.5053 22.9522
822 34.729 22.5883
221 34.9509 22.2275
64 35.2685 21.7109
310 35.5883 21.1908
261 35.8569 20.7539
379 36.1281 20.3128
709 36.432 19.8185
26 36.8051 19.2116
287 37.166 18.6246
337 37.4671 18.135
669 37.785 17.6179
883 37.9534 17.3439
518 38.1553 17.0154
653 38.0092 17.9102
407 37.878 18.7138
351 37.7174 19.6971
934 37.3138 22.1692
704 36.9785 24.2222
811 36.0495 29.912
586 35.8769 30.9687
824 35.6979 32.0648
917 35.403 33.8708
687 35.1807 35.2318
438 34.9892 36.4047
706 34.9892 36.4047
7 34.9892 36.4047
205 34.9892 36.4047
748 35.2726 36.5198
783 35.5576 36.6354
529 35.8181 36.7411
486 36.0843 36.8492
989 37.0842 37.255
49 37.9475 37.6054
522 38.086 37.611
180 38.1935 37.571
452 38.9645 37.2845
834 39.6543 37.0282
790 40.3544 36.768
853 41.0462 36.5109
692 41.7287 36.2573
480 42.4567 35.9868
566 43.2273 35.7005
848 44.2059 35.3368
555 45.279 34.938
164 46.0362 34.6567
873 46.693 34.4126
751 47.2463 34.207
276 47.7233 34.0298
6 48.6126 33.6994
69 48.6126 33.6994
935 48.8963 33.4078
828 49.2084 33.0872
377 49.4777 32.8104
681 49.7356 32.5454
19 49.9911 32.2829
781 50.2628 32.0037
421 50.4902 31.77
55 50.756 31.4969
66 50.9899 31.2565
250 51.2537 30.9855
865 51.5201 30.7117
289 51.7875 30.437
785 52.051 30.1662
27 52.3234 29.8863
831 52.6029 29.5992
355 52.8348 29.3609
634 53.0901 29.0986
419 53.3705 28.8104
821 53.6343 28.5394
358 53.8753 28.2918
209 56.0275 26.0813
103 66.1828 15.6516
598 66.8338 15.8564
581 67.4249 16.0424
959 68.0533 16.2402
819 68.7045 16.4451
777 69.4004 16.6641
504 70.2987 16.9468
721 71.1548 17.2162
295 72.0233 17.4896
176 73.012 17.8007
24 74.7305 18.3416
