0,483,979,243,345,98,627,835,274,932,920,195,520,592,33,590,497,838,951,136,198,107,967,745,70,102,670,850,466,675,606,357,190,232,117,842,43,314,609,29,485,519,538,286,143,425,420,553,583,926,201,847,110,975,383,900,654,941,767,385,528,478,884,242,942,684,387,656,977,334,450,170,506,372,660,204,473,685,25,311,332,889,648,742,740,159,322,854,725,285,983,494,135,417,928,864,580,820,893,149,251,42,185,690,666,273,823,318,344,817,737,624,40,896,856,313,774,618,980,335,584,177,516,992,622,544,984,118,202,259,52,367,952,179,911,801,317,887,353,816,415,620,845,12,158,813,145,464,477,642,575,18,931,775,837,83,567,71,297,378,832,51,465,290,904,818,744,481,9,340,962,579,509,393,852,650,595,867,152,937,907,112,468,109,67,216,855,208,453,826,238,173,727,395,369,315,880,229,632,671,921,432,617,968,484,605,762,800,861,513,460,769,582,161,668,91,68,647,282,293,810,396,84,793,35,964,440,101,987,743,625,765,558,515,577,597,498,791,732,676,264,621,804,461,188,85,186,923,262,798,472,778,127,576,522,237,891,269,147,922,603,510,370,210,155,901,30,79,410,645,523,171,683,591,471,493,365,599,104,359,267,596,640,726,266,501,500,443,361,878,789,327,275,552,720,469,349,502,970,168,97,600,114,950,796,137,689,724,587,291,418,574,635,658,220,333,903,339,99,608,60,888,226,730,454,604,175,134,537,404,163,976,802,252,614,779,225,350,223,281,715,809,533,308,235,54,459,912,56,562,94,21,144,857,986,571,292,910,540,80,636,563,248,894,172,649,872,16,564,408,280,215,245,755,193,319,140,782,561,895,126,940,638,270,530,919,918,795,672,189,490,773,954,806,2,241,124,296,613,662,139,610,738,141,150,763,206,511,532,181,389,165,536,659,416,539,294,766,752,840,866,470,230,146,256,707,309,961,392,569,265,877,713,22,5,343,746,105,974,434,449,754,851,947,320,406,82,882,814,129,807,437,394,305,23,548,62,375,874,559,541,239,448,156,72,714,631,271,253,36,44,120,28,20,593,521,441,808,73,424,53,306,960,768,430,231,696,368,611,697,50,15,167,578,76,859,885,753,428,183,462,409,761,17,399,750,227,776,871,712,13,786,41,249,92,96,651,833,933,457,526,95,757,914,886,456,495,360,288,550,973,58,93,491,386,693,247,442,316,699,1,557,695,115,244,916,718,236,628,200,39,868,678,435,711,380,568,138,106,827,153,405,199,304,988,547,263,969,792,364,213,447,736,426,953,637,803,301,75,892,300,585,944,554,108,955,325,546,446,905,759,178,401,240,570,326,431,719,815,830,169,321,48,982,88,277,298,479,665,860,346,560,780,374,272,946,184,444,90,113,81,119,503,657,991,825,429,338,203,487,433,607,639,694,686,556,948,224,966,615,436,31,799,784,219,192,939,680,234,207,445,890,728,551,77,677,381,667,734,747,376,14,427,701,255,717,517,347,411,3,630,739,400,130,131,162,482,703,352,218,772,398,524,924,214,708,57,849,371,122,879,222,925,303,373,489,771,279,527,166,154,157,805,731,47,128,531,534,182,422,858,542,123,909,565,100,972,116,958,936,10,463,770,990,652,228,32,174,655,37,341,476,698,589,616,760,142,336,59,505,981,788,797,496,403,956,758,382,764,691,507,971,233,34,196,846,729,390,733,132,735,927,897,705,601,324,957,451,329,965,535,89,688,756,543,938,475,391,908,633,839,687,38,151,413,148,949,619,438,876,49,302,929,706,664,723,78,663,545,913,397,529,388,423,212,328,312,330,841,46,710,283,87,985,898,133,499,749,384,863,4,700,125,258,455,794,187,412,331,646,682,61,673,741,268,86,299,74,514,722,8,348,362,812,881,402,366,629,488,588,643,902,674,572,661,641,474,899,943,915,836,211,963,829,284,160,486,612,679,121,869,787,205,822,602,65,221,702,254,439,354,246,626,64,287,669,363,351,573,518,407,883,704,111,310,164,934,26,653,337,379,873,555,209,419,63,681,27,66,276,865,197,257,586,452,843,848,906,930,594,844,875,19,935,785,55,790,692,261,783,566,862,989,824,307,278,709,917,191,467,421,250,834,289,480,7,853,549,811,525,748,508,11,414,194,945,180,356,870,69,342,492,634,623,512,644,781,355,716,978,821,217,358,323,45,6,751,377,458,831,828,598,819,504,777,176,103,24,295,959,581,260,721,
value : 543.787 running time : 38.236803
0 80 20
483 87.0336 18.2443
979 87.0322 18.8329
243 87.0299 19.7362
345 87.0255 21.5744
98 87.0206 23.5506
627 87.0183 24.5095
835 86.993 34.8439
274 86.9818 39.4663
932 86.9717 43.573
920 86.9711 43.8465
195 86.9705 44.0683
520 86.97 44.2779
592 86.9694 44.536
33 86.9688 44.7645
590 86.9677 45.2029
497 86.9571 49.5448
838 85.9084 49.6319
951 85.007 49.7068
136 84.0803 49.7837
198 83.1484 49.8611
107 82.2366 49.9368
967 79.2608 50.184
745 76.6393 50.4017
70 74.4877 50.5804
102 73.4191 50.6691
670 72.5041 50.7451
850 71.5654 50.8231
466 70.6247 50.9012
675 69.4274 51.0006
606 69.0593 51.0312
357 68.7058 51.0606
190 68.3812 51.0875
232 68.0563 51.1145
117 67.7013 51.144
842 67.3648 51.1719
43 67.0195 51.2006
314 67.0195 51.2006
609 67.0195 51.2006
29 66.8922 51.561
485 66.6405 52.2739
519 66.4065 52.9363
538 66.5749 53.746
286 66.7144 54.4172
143 66.8146 54.8995
425 66.9342 55.4746
420 67.145 56.4884
553 67.3107 57.2856
583 67.5165 58.2757
926 67.7268 59.2871
201 68.22 61.6598
847 68.5527 63.2603
110 69.4515 63.2279
975 70.2628 63.1987
383 71.0207 63.1714
900 71.6076 63.1502
654 72.1825 63.1295
941 73.0874 63.0969
767 74.0021 63.0639
385 75.876 62.9963
528 77.4553 62.9394
478 77.5924 62.6874
884 78.7619 60.5365
242 78.7219 60.5423
942 78.6748 60.5492
684 79.2151 61.0857
387 79.6656 61.533
656 80.1719 62.0357
977 80.9517 62.81
334 81.7096 63.5626
450 82.7399 64.5856
170 82.7399 64.5856
506 83.2886 67.0827
372 86.2294 80.4633
660 86.0653 80.6951
204 85.8832 80.9523
473 85.696 81.2168
685 85.5499 81.4232
25 85.4058 81.6268
311 85.2633 81.8281
332 85.1048 82.052
889 84.4301 83.0053
648 83.8813 83.7806
742 83.3307 84.5585
740 82.8681 85.212
159 82.3358 85.9641
322 81.837 86.6687
854 81.3321 87.382
725 81.0227 87.8192
285 80.682 88.3005
983 80.6408 88.3587
494 80.6018 88.4137
135 80.5621 88.4698
417 80.5326 88.5115
928 80.4911 88.5702
864 78.1525 88.734
580 76.0901 88.8785
820 74.9973 88.955
893 73.6176 89.0516
149 71.4879 89.2008
251 69.9078 89.3114
42 68.3265 89.4222
185 66.9399 89.5193
690 65.9125 89.5913
666 65.2431 89.6381
273 64.3626 89.6998
823 63.5357 89.7577
318 62.6208 89.8218
344 60.9984 89.9354
817 60.9984 89.9354
737 60.9984 89.9354
624 60.9984 89.9354
40 60.9881 89.8637
896 60.9795 89.8035
856 60.9705 89.7409
313 60.9608 89.6736
774 60.9515 89.6083
618 60.9421 89.5432
980 60.9327 89.4772
335 60.9226 89.4068
584 60.9149 89.3532
177 60.9053 89.2859
516 60.896 89.2209
992 60.8871 89.159
622 60.8778 89.0942
544 60.8692 89.0344
984 60.8592 88.9645
118 60.8493 88.8951
202 60.8396 88.8276
259 60.8295 88.7568
52 60.8213 88.7
367 60.8116 88.6324
952 60.802 88.5649
179 60.7916 88.4928
911 60.7839 88.439
801 60.7745 88.3736
317 60.7653 88.3091
887 60.7567 88.2493
353 60.7487 88.193
816 60.7365 88.1081
415 60.7248 88.0265
620 60.7152 87.9596
845 60.7052 87.8894
12 60.6944 87.8147
158 60.6857 87.7534
813 60.6759 87.6852
145 60.5662 86.9194
464 60.4542 86.1379
477 60.2901 84.9928
642 60.1173 83.7865
575 60.4534 82.9699
18 60.7975 82.1339
931 61.1048 81.3872
775 61.4291 80.5991
837 61.6954 79.9522
83 61.847 79.5839
567 61.9894 79.2378
71 62.1809 78.7727
297 62.3412 78.383
378 62.512 77.9682
832 62.6961 77.5209
51 62.8801 77.0736
465 63.0495 76.6621
290 63.2515 76.1712
904 63.4257 75.7482
818 63.5893 75.3506
744 63.7504 74.9592
481 63.9073 74.578
9 64.0697 74.1833
340 64.268 73.7016
962 64.4473 73.2658
579 64.6072 72.8775
509 64.7575 72.5123
393 64.9226 72.1111
852 65.0841 71.7186
650 64.7867 71.7364
595 64.4837 71.7545
867 64.1912 71.7719
152 63.8892 71.7899
937 63.5211 71.8119
907 62.3852 71.8797
112 61.3136 71.9436
468 60.378 71.9995
109 59.613 72.0451
67 58.9256 72.0861
216 58.0709 72.1371
855 57.7635 72.1555
208 57.5029 72.171
453 57.2192 72.188
826 56.9442 72.2044
238 56.9386 72.2047
173 56.9323 72.2051
727 56.9257 72.2055
395 56.9186 72.2059
369 56.9112 72.2064
315 56.9046 72.2068
880 56.8977 72.2072
229 56.8912 72.2076
632 56.8844 72.208
671 56.878 72.2084
921 56.8708 72.2088
432 56.8642 72.2092
617 56.8576 72.2096
968 56.8508 72.21
484 56.8439 72.2104
605 56.838 72.2108
762 56.8313 72.2112
800 56.8244 72.2116
861 56.8174 72.212
513 56.5115 71.6958
460 56.2123 71.1909
769 55.8917 70.6499
582 55.5723 70.1108
161 55.2532 69.5723
668 54.9497 69.0603
91 54.6355 68.53
68 54.3341 68.0214
647 53.802 67.1234
282 53.2714 66.228
293 52.7619 65.3682
810 52.3123 64.6094
396 51.8705 63.8639
84 51.8705 63.8639
793 51.8705 63.8639
35 51.8705 63.8639
964 51.8705 63.8639
440 51.8705 63.8639
101 51.8705 63.8639
987 51.8705 63.8639
743 51.3022 63.5275
625 50.7601 63.2065
765 50.1467 62.8434
558 49.9255 62.7125
515 49.7247 62.5936
577 49.4654 62.4401
597 49.1996 62.2827
498 48.9649 62.1438
791 48.7379 62.0094
732 48.478 61.8555
676 48.2513 61.7213
264 48.0181 61.5833
621 47.7932 61.4501
804 47.5652 61.3151
461 47.3505 61.188
188 47.176 61.0847
85 46.9869 60.9728
186 46.7633 60.8404
923 46.5394 60.7079
262 46.3224 60.5794
798 44.9275 59.7536
472 43.2276 58.7472
778 42.3249 58.2127
127 41.9674 58.0011
576 41.614 57.7919
522 41.2219 57.5598
237 40.8665 57.3493
891 40.5105 57.1385
269 40.1653 56.9342
147 39.8965 56.7751
922 39.6455 56.6265
603 39.3713 56.4641
510 39.1262 56.319
370 39.1262 56.319
210 39.1262 56.319
155 39.1262 56.319
901 36.5667 58.6
30 35.9995 59.1055
79 35.3872 59.6512
410 35.0076 59.9895
645 34.5743 60.3757
523 34.204 60.7057
171 33.7902 61.0744
683 33.3978 61.4242
591 32.9542 61.8195
471 32.6002 62.135
493 32.0337 62.6399
365 31.4661 63.1457
599 30.8724 63.6748
104 30.3395 64.1498
359 29.7074 64.7131
267 29.1123 65.2435
596 28.4233 65.8575
640 27.5476 66.638
726 26.3814 67.6773
266 25.8325 68.1664
501 25.3228 68.6207
500 24.7291 69.1499
443 24.3939 69.4486
361 24.0889 69.7204
878 23.8238 69.9566
789 23.4604 70.2805
327 23.1241 70.5803
275 22.7812 70.8858
552 22.4485 71.1823
720 22.1251 71.4705
469 21.6978 71.8513
349 21.6978 71.8513
502 21.6978 71.8513
970 21.6978 71.8513
168 21.8915 71.8949
97 22.0681 71.9346
600 22.2862 71.9837
114 22.4764 72.0265
950 23.547 72.2674
796 24.6505 72.5158
137 26.2354 72.8727
689 27.1126 73.0701
724 27.9496 73.2584
587 28.5639 73.3967
291 29.2326 73.5471
418 29.6048 74.7403
574 29.6904 74.6997
635 29.77 74.6619
658 29.8525 74.6228
220 29.9381 74.5821
333 30.03 74.5386
903 30.1286 74.4917
339 30.2037 74.4561
99 30.4648 74.3322
608 30.7265 74.208
60 31.2437 73.9626
888 31.7738 73.711
226 32.3493 73.438
730 32.892 73.1804
454 33.4491 72.916
604 34.0443 72.6336
175 34.7026 72.3213
134 35.2719 72.0511
537 35.7576 71.8206
404 36.7063 71.3705
163 37.6381 70.9284
976 38.5206 70.5097
802 39.4007 70.0921
252 39.4007 70.0921
614 39.4007 70.0921
779 39.4007 70.0921
225 39.4007 70.0921
350 39.4007 70.0921
223 39.4007 70.0921
281 40.9604 68.0883
715 40.9344 68.3246
809 40.911 68.538
533 40.8833 68.7909
308 40.8504 69.0909
235 40.821 69.3582
54 40.7914 69.6286
459 40.7594 69.9197
912 40.7271 70.2144
56 40.6265 71.1312
562 40.5183 72.1168
94 40.4387 72.8422
21 40.37 73.1115
144 40.3024 73.3761
857 40.2361 73.6356
986 40.1585 73.9397
571 40.0725 74.2765
292 39.986 74.6152
910 39.9073 74.9232
540 39.8231 75.2532
80 39.7389 75.5827
636 39.6527 75.9202
563 39.584 76.1894
248 39.5138 76.4644
894 39.4447 76.7348
172 39.3674 77.0377
649 39.3674 77.0377
872 39.3674 77.0377
16 39.3674 77.0377
564 40.5414 78.908
408 41.55 80.5147
280 41.62 80.6263
215 41.5686 80.6995
245 41.5233 80.764
755 41.4775 80.8293
193 41.4313 80.8952
319 41.3863 80.9592
140 41.3442 81.0193
782 41.3013 81.0803
561 41.0061 81.5009
895 40.7378 81.8833
126 40.4329 82.3177
940 40.0913 82.8044
638 39.667 83.4089
270 39.3074 83.9213
530 38.9215 84.4712
919 38.4875 85.0896
918 38.065 85.6915
795 37.6967 86.2163
672 37.3499 86.7105
189 37.0416 87.1497
490 36.6796 87.6655
773 36.6796 87.6655
954 36.6796 87.6655
806 36.6796 87.6655
2 36.6796 87.6655
241 36.6796 87.6655
124 36.6796 87.6655
296 36.6796 87.6655
613 36.6796 87.6655
662 36.6796 87.6655
139 36.6902 88.3542
610 36.6945 88.6318
738 37.3891 89.0794
141 37.9405 89.4346
150 38.597 89.8576
763 39.4199 90.3878
206 40.1321 90.8467
511 40.8373 91.3011
532 40.8636 91.318
181 40.8863 91.3326
389 40.9105 91.3482
165 40.9348 91.3639
536 40.9577 91.3787
659 40.979 91.3924
416 41.0014 91.4068
539 41.0238 91.4212
294 41.0455 91.4352
766 41.1226 91.4849
752 41.1939 91.5308
840 41.2637 91.5758
866 41.3446 91.6279
470 41.4157 91.6737
230 41.4912 91.7223
146 41.5667 91.771
256 41.6411 91.8189
707 41.7308 91.8767
309 41.8254 91.9377
961 41.921 91.9992
392 41.9916 92.0447
569 42.0734 92.0974
265 42.1544 92.1496
877 42.2345 92.2012
713 42.3218 92.2574
22 42.3986 92.3069
5 42.49 92.3658
343 42.5732 92.4194
746 42.6595 92.475
105 42.7408 92.5273
974 42.8192 92.5778
434 42.9118 92.6375
449 42.9397 92.6554
754 42.9727 92.6767
851 42.9727 92.6767
947 42.9727 92.6767
320 42.9727 92.6767
406 42.9727 92.6767
82 42.9727 92.6767
882 43.0204 92.7522
814 43.0522 92.8023
129 43.0848 92.8538
807 43.1171 92.9048
437 43.2018 93.0387
394 43.2905 93.1787
305 43.3939 93.342
23 43.4939 93.5
548 42.9205 93.4416
62 42.492 93.3981
375 41.9379 93.3417
874 41.3764 93.2846
559 40.8123 93.2272
541 40.2264 93.1676
239 39.4022 93.0838
448 38.5256 92.9947
156 37.7066 92.9114
72 34.65 92.6006
714 31.2443 92.2543
631 31.0641 92.236
271 30.8934 92.2186
253 30.707 92.1997
36 30.5237 92.181
44 30.3516 92.1635
120 30.1988 92.148
28 30.0361 92.1315
20 29.8759 92.1152
593 29.705 92.0978
521 29.5503 92.0821
441 29.4005 92.0668
808 29.2633 92.0529
73 29.1172 92.038
424 28.9659 92.0226
53 28.8389 92.0097
306 28.335 91.9585
960 27.8858 91.9128
768 27.3906 91.8624
430 26.951 91.8177
231 26.5199 91.7739
696 26.0095 91.722
368 25.5141 91.6716
611 25.0549 91.6249
697 24.5682 91.5754
50 24.2939 91.603
15 24.0346 91.629
167 23.8258 91.6499
578 23.5839 91.6742
76 23.3365 91.6991
859 23.0744 91.7254
885 22.8116 91.7517
753 22.5425 91.7788
428 22.3047 91.8026
183 22.0244 91.8308
462 21.7488 91.8584
409 21.5112 91.8823
761 21.2634 91.9071
17 20.9869 91.9349
399 20.7219 91.9615
750 20.4851 91.9853
227 20.5249 91.8057
776 20.5654 91.6231
871 20.6085 91.4288
712 20.6523 91.2313
13 20.6953 91.0375
786 20.7434 90.8204
41 20.7905 90.6083
249 20.8341 90.4116
92 20.8786 90.2107
96 20.6812 89.3904
651 20.396 88.2054
833 20.0618 86.8173
933 19.6932 85.2858
457 19.0528 82.6253
526 19.0528 82.6253
95 18.1717 84.2056
757 17.4815 85.4436
914 16.4923 87.2178
886 16.4091 87.3671
456 16.3107 87.5435
495 16.2205 87.7054
360 16.1317 87.8646
288 16.0385 88.0319
550 15.9497 88.1912
973 15.8195 88.4246
58 15.7099 88.6212
93 15.5893 88.8375
491 15.4627 89.0646
386 15.2481 89.0841
693 15.0439 89.1026
247 14.8544 89.1198
442 14.67 89.1366
316 14.4764 89.1542
699 14.2929 89.1708
1 14.099 89.1884
557 13.9297 89.2038
695 13.7641 89.2189
115 13.5846 89.2351
244 13.403 89.2516
916 13.1951 89.2705
718 12.9751 89.2905
236 12.7802 89.3082
628 12.581 89.3263
200 12.3885 89.3438
39 12.1859 89.3622
868 12.0025 89.3788
678 11.8364 89.3939
435 11.6787 89.4082
711 11.5255 89.4221
380 11.3656 89.4367
568 11.2147 89.4504
138 11.0599 89.4644
106 10.895 89.4794
827 10.7411 89.4934
153 10.5944 89.5067
405 10.4429 89.5205
199 10.2958 89.5338
304 10.1446 89.5476
988 9.97797 89.5627
547 9.97937 89.5352
263 9.98068 89.5095
969 9.98197 89.4843
792 9.98333 89.4576
364 9.98457 89.4331
213 9.98578 89.4094
447 10.0017 89.0966
736 10.0177 88.782
426 10.033 88.4804
953 10.0466 88.2144
637 10.0613 87.9249
803 10.0758 87.6393
301 10.091 87.3414
75 10.1068 87.0312
892 10.1208 86.7558
300 10.1341 86.4943
585 10.1468 86.2434
944 10.1662 85.8629
554 10.1828 85.537
108 10.1966 85.2645
955 10.2117 84.9683
325 10.2261 84.6853
546 10.2403 84.4053
446 10.2537 84.1418
905 10.2686 83.8486
759 10.2832 83.5614
178 10.2976 83.2789
401 10.3111 83.0128
240 10.3262 82.7166
570 10.341 82.4264
326 10.3558 82.134
431 10.3691 81.8726
719 10.3818 81.6231
815 10.3952 81.3609
830 10.4102 81.0659
169 10.4238 80.7974
321 10.4392 80.4958
48 10.4528 80.2282
982 10.4667 79.9541
88 10.483 79.6335
277 10.5001 79.2972
298 10.5124 79.0557
479 10.5249 78.8114
665 10.5377 78.5596
860 10.5478 78.3607
346 10.5585 78.1505
560 10.569 77.9431
780 10.58 77.7279
374 10.5919 77.4923
272 10.6044 77.2484
946 10.6135 77.0693
184 10.6225 76.8923
444 10.6315 76.7155
90 10.6427 76.4953
113 10.6563 76.2265
81 10.6694 75.97
119 10.6793 75.7755
503 10.6887 75.5906
657 10.6979 75.409
991 10.7072 75.2263
825 10.7173 75.0279
429 10.7281 74.8163
338 10.7383 74.6154
203 10.7469 74.4469
487 10.7573 74.2418
433 10.7676 74.0396
607 10.7787 73.8203
639 10.7889 73.6211
694 10.7992 73.4175
686 10.8094 73.217
556 10.8193 73.0222
948 10.83 72.8113
224 10.8398 72.6191
966 10.8502 72.4145
615 10.8587 72.2487
436 10.8689 72.0484
31 10.8804 71.8206
799 10.8951 71.5318
784 10.9082 71.2746
219 10.9189 71.0643
192 10.9299 70.8483
939 10.9407 70.6367
680 10.9496 70.461
234 10.9592 70.2717
207 10.9656 70.1466
445 10.9728 70.0043
890 10.9797 69.8695
728 10.9943 69.5816
551 11.0119 69.2368
77 11.036 68.7611
677 11.0579 68.3313
381 11.0686 68.1205
667 11.0803 67.8911
734 11.0933 67.6349
747 11.1063 67.3799
376 11.118 67.1494
14 11.1293 66.9275
427 11.141 66.6983
701 11.1529 66.4644
255 11.1658 66.209
717 11.1781 65.967
517 11.1911 65.7116
347 11.2054 65.4303
411 11.2173 65.198
3 11.2301 64.9464
630 11.2425 64.7009
739 11.2554 64.4472
400 11.2676 64.2075
130 11.2818 63.9292
131 11.2958 63.6542
162 11.3081 63.4108
482 11.3224 63.1307
703 11.3381 62.8226
352 11.354 62.5092
218 11.3635 62.3229
772 11.3718 62.1594
398 11.3803 61.9913
524 11.3898 61.8052
924 11.3994 61.6157
214 11.4407 60.8047
708 11.4748 60.134
57 11.5035 59.5699
849 11.5249 59.1492
371 11.5334 58.9812
122 11.5892 57.8852
879 11.607 57.534
222 11.6343 56.9971
925 11.6546 56.5981
303 11.6766 56.1652
373 11.699 55.725
489 11.7194 55.3233
771 11.7393 54.9324
279 11.7514 54.6943
527 11.7641 54.4446
166 11.7775 54.1826
154 11.7919 53.8983
157 11.8048 53.644
805 11.8152 53.4395
731 11.8266 53.2164
47 11.8357 53.0377
128 11.8454 52.8464
531 11.8469 52.8161
534 11.8489 52.7785
182 11.8506 52.7433
422 11.8524 52.7094
858 11.8543 52.6721
542 11.8562 52.6347
123 11.8581 52.5962
909 11.8598 52.5626
565 11.8615 52.5297
100 11.8633 52.4937
972 11.8651 52.4582
116 11.8671 52.4194
958 13.0035 48.9975
936 13.1463 49.0173
10 13.2742 49.0351
463 13.3997 49.0525
770 13.5274 49.0702
990 13.6614 49.0888
652 13.7913 49.1069
228 13.9278 49.1258
32 14.0681 49.1453
174 14.4051 49.5314
655 14.7096 49.8802
37 15.0536 50.2745
341 15.3158 50.5748
476 15.6282 50.9327
698 15.9547 51.3068
589 16.2565 51.6526
616 16.5208 51.9554
760 16.9564 52.4545
142 17.3641 52.8851
336 17.7728 53.3168
59 18.1883 53.7558
505 18.5204 54.1065
981 18.9252 54.5342
788 19.3116 54.9423
797 19.4312 55.0687
496 19.5733 55.2187
403 19.7247 55.3787
956 19.8867 55.5498
758 20.0353 55.7068
382 20.2145 55.896
764 20.3565 56.046
691 20.4974 56.1948
507 20.6566 56.363
971 20.808 56.5229
233 20.8965 56.6165
34 20.9916 56.7169
196 21.0821 56.8125
846 21.1895 56.9259
729 21.2862 57.0281
390 21.3861 57.1336
733 21.4681 57.2202
132 21.551 57.3078
735 21.6325 57.3938
927 21.7205 57.4868
897 21.7936 57.3007
705 21.8668 57.1144
601 21.9359 56.9387
324 22.0142 56.7395
957 22.0833 56.5635
451 22.1541 56.3833
329 22.2259 56.2006
965 22.3086 55.9901
535 22.6205 55.1961
89 22.7847 54.7782
688 22.9443 54.3719
756 23.0965 53.9847
543 23.266 53.5533
938 23.4119 53.1817
475 23.5724 52.7731
391 23.7113 52.4197
908 23.8528 52.0596
633 23.9853 51.7222
839 24.1246 51.3677
687 24.5552 50.2717
38 24.5955 50.1692
151 24.6347 50.0695
413 24.6347 50.0695
148 24.6347 50.0695
949 24.6347 50.0695
619 24.6347 50.0695
438 24.6347 50.0695
876 24.6347 50.0695
49 24.6347 50.0695
302 24.6347 50.0695
929 24.6347 50.0695
706 24.2092 48.6673
664 23.9694 47.877
723 23.7694 47.2175
78 23.5732 46.5708
663 23.3935 45.9785
545 23.2237 45.4189
913 22.9977 44.6737
397 22.7508 43.86
529 22.4967 43.0222
388 20.5366 41.9522
423 17.0085 40.0262
212 13.9268 38.3439
328 11.6168 37.0829
312 11.4678 37.0015
330 11.3115 36.9163
841 11.1731 36.8407
46 11.0071 36.7501
710 10.8511 36.6649
283 10.705 36.5851
87 10.5571 36.5044
985 10.4061 36.422
898 10.2485 36.336
133 10.2485 36.336
499 10.2485 36.336
749 10.2485 36.336
384 10.304 35.2688
863 10.3629 34.134
4 10.4273 32.8961
700 10.4893 31.7018
125 10.5557 30.4241
258 10.6406 28.7898
455 10.7199 27.2645
794 10.7918 25.8802
187 10.8658 24.4561
412 10.8712 24.3529
331 10.8763 24.2544
646 10.882 24.1448
682 10.8828 24.1295
61 10.8836 24.115
673 10.8843 24.1019
741 10.885 24.0877
268 10.8857 24.0742
86 10.8864 24.0601
299 10.9103 23.6011
74 10.9345 23.1336
514 10.9603 22.6366
722 11.2463 17.1207
8 11.2866 16.3441
348 11.2939 16.2046
362 11.3014 16.0591
812 11.3101 15.8916
881 11.5794 16.0623
402 11.8866 16.2571
366 12.1328 16.4132
629 12.3749 16.5667
488 12.6529 16.7429
588 12.9765 16.9481
643 13.3454 17.182
902 13.6135 17.352
674 13.8437 17.4979
572 14.1035 17.6626
661 14.3829 17.8398
641 14.6454 18.0062
474 14.8927 18.163
899 15.1408 18.3203
943 15.3727 18.4673
915 15.5588 18.5853
836 15.6212 18.6249
211 15.6815 18.6631
963 15.7544 18.7093
829 22.657 23.0859
284 24.5504 24.2864
160 26.6296 25.6047
486 27.1676 25.9458
612 27.7138 26.2921
679 28.2524 26.6336
121 28.2524 26.6336
869 28.2524 26.6336
787 28.2524 26.6336
205 28.2524 26.6336
822 28.2524 26.6336
602 28.2524 26.6336
65 28.2524 26.6336
221 28.8556 26.0786
702 29.4801 25.5041
254 30.097 24.9366
439 30.83 24.2622
354 31.6086 23.5459
246 32.5926 22.6407
626 33.616 21.6993
64 34.6874 20.7137
287 35.8968 19.6012
669 36.7938 18.776
363 37.2946 18.4064
351 37.7971 18.0354
573 38.3188 17.6504
518 38.8579 17.2526
407 39.1213 17.9843
883 39.4444 18.8818
704 39.7633 19.7676
111 40.1203 20.7592
310 40.4742 21.7421
164 40.8733 22.8505
934 41.147 23.6108
26 41.4094 24.3397
653 41.6922 25.1254
337 42.0214 26.0396
379 42.4288 27.1713
873 42.844 28.3245
555 43.2415 29.4285
209 43.6032 30.4331
419 43.9501 31.3968
63 45.0667 34.4965
681 45.2018 34.8718
27 45.3356 35.2435
66 45.4723 35.6232
276 45.5961 35.9671
865 45.6955 36.2433
197 45.808 36.5556
257 45.9128 36.8468
586 46.0225 37.1515
452 46.1564 37.5235
843 46.2838 37.8773
848 46.2838 37.8773
906 46.2838 37.8773
930 46.2838 37.8772
594 46.2838 37.8772
844 46.2488 37.704
875 46.2131 37.5276
19 46.1744 37.3358
935 46.1371 37.1514
785 46.098 36.9579
55 46.0618 36.7787
790 44.2032 36.1467
692 42.5258 35.5764
261 40.9943 35.0556
783 40.0622 34.7387
566 39.377 34.5057
862 38.5973 34.2406
989 37.7205 33.9425
824 36.5248 33.5359
307 36.5248 33.5359
278 36.5248 33.5359
709 36.5248 33.5359
917 36.5248 33.5359
191 36.5248 33.5359
467 36.5248 33.5359
421 36.5248 33.5359
250 36.5248 33.5359
834 36.5248 33.5359
289 36.5248 33.5359
480 36.4771 34.3949
7 36.4325 35.1962
853 36.3909 35.9438
549 36.3485 36.7072
811 36.3026 37.5323
525 36.2563 38.364
748 36.6306 38.3788
508 37.0172 38.394
11 37.4516 38.4112
414 38.6647 38.4591
194 41.4218 38.5678
945 43.7388 38.6593
180 44.0709 38.6724
356 45.146 38.7148
870 46.3998 38.7643
69 47.388 38.8033
342 48.3535 38.8414
492 49.6371 38.8921
634 50.8688 38.9407
623 51.8318 38.9787
512 51.8318 38.9787
644 56.5223 36.5224
781 56.9366 36.1725
355 57.2776 35.8844
716 57.6099 35.6037
978 58.0465 35.235
821 58.5632 34.7986
217 59.0014 34.4285
358 59.562 33.955
323 60.1391 33.4676
45 60.428 32.8445
6 60.7329 32.1868
751 61.0095 31.59
377 61.3059 30.9508
458 61.6514 30.2055
831 62.3338 28.7336
828 62.9595 27.3839
598 64.1864 24.7376
819 65.0988 22.7695
504 66.1224 20.5617
777 67.0956 18.4626
176 68.0533 16.3969
103 68.8807 14.6122
24 69.1842 14.6611
295 69.4801 14.7087
959 69.7815 14.7573
581 71.4592 15.0274
260 77.2877 15.9659
721 77.9539 16.9567
