0,345,243,260,627,483,979,98,520,590,33,745,136,198,920,29,835,609,466,932,838,951,967,274,107,506,195,170,497,884,323,592,425,387,684,977,242,334,70,85,595,117,656,396,232,670,583,553,850,793,217,978,262,188,842,623,357,293,143,875,492,606,926,519,35,941,478,791,286,625,485,538,102,515,810,440,190,968,468,577,420,964,282,161,110,112,762,340,173,767,907,238,647,942,668,852,837,867,68,67,152,904,727,650,900,201,528,383,332,385,744,962,975,290,685,322,889,648,372,450,204,311,660,25,928,983,473,579,823,740,725,481,135,285,820,854,864,620,353,817,149,893,580,845,666,813,185,417,742,818,159,145,12,494,83,71,465,273,937,477,775,158,251,378,52,395,42,567,816,544,318,856,367,737,464,992,313,746,335,622,575,177,584,774,861,118,434,887,23,984,690,911,980,415,896,754,851,344,882,280,179,618,624,921,536,202,229,880,369,802,94,832,259,248,636,82,671,315,9,800,408,319,562,632,509,857,826,18,642,782,297,317,931,530,216,51,605,654,847,617,769,432,208,393,987,895,986,460,801,561,563,350,91,755,109,582,144,715,163,404,597,101,843,523,291,56,855,804,910,484,134,171,596,839,576,459,533,410,30,929,461,732,104,945,281,558,798,84,89,894,235,779,676,453,743,621,175,683,186,308,498,210,923,365,989,194,778,688,471,54,237,957,356,913,49,302,264,342,783,891,809,269,922,493,912,765,862,522,512,38,180,127,370,155,566,687,7,480,679,790,692,834,529,853,869,37,602,655,438,397,148,475,151,664,811,829,388,125,205,32,549,486,915,476,543,413,908,403,700,154,182,525,11,748,508,422,723,510,858,414,841,233,603,535,147,619,876,192,772,329,324,729,451,545,705,507,640,758,970,956,524,903,429,846,981,59,733,599,901,142,633,267,764,788,266,482,398,114,747,756,897,601,137,411,924,739,502,735,565,132,720,79,382,361,479,275,162,635,878,390,591,587,501,34,730,604,327,21,359,645,349,571,220,780,360,443,469,950,954,184,99,88,600,326,339,697,888,574,825,487,971,552,113,526,333,424,58,418,689,662,757,789,965,946,168,16,223,400,130,537,701,550,296,578,249,252,167,41,124,2,454,226,886,270,253,658,608,189,872,540,649,80,976,225,927,513,564,614,294,724,375,713,230,193,22,215,952,559,541,165,866,62,5,105,343,416,539,877,437,974,840,292,807,961,940,659,92,320,126,947,140,40,305,814,406,516,532,874,156,613,511,245,449,239,806,808,610,139,394,448,172,919,918,569,309,181,389,766,129,638,428,763,265,752,53,206,72,761,241,120,430,786,773,271,150,548,470,672,73,885,141,231,707,738,146,60,256,76,392,28,960,50,409,491,456,696,651,871,933,15,593,753,183,833,288,36,795,462,521,859,441,20,714,306,611,96,631,776,44,768,750,431,227,13,490,551,386,442,93,436,699,711,301,240,48,546,368,955,892,988,236,547,792,693,916,982,304,401,905,31,321,169,570,325,1,718,557,973,736,106,678,263,719,203,969,914,213,815,300,95,153,247,199,637,17,568,405,39,868,953,585,803,827,364,446,200,380,695,447,138,115,435,712,90,628,75,426,734,860,3,338,457,686,517,433,381,830,224,277,694,298,615,639,728,890,14,500,97,680,272,119,108,178,944,495,427,554,759,444,991,399,316,244,560,796,717,445,607,630,726,966,371,667,503,879,196,207,556,657,376,81,255,234,972,925,589,760,131,219,665,799,77,948,346,347,939,703,374,531,936,279,805,122,505,797,938,698,652,784,391,166,463,909,100,749,527,489,691,218,499,303,330,771,384,341,373,312,708,214,496,949,542,57,222,863,849,128,212,677,174,985,534,157,116,958,770,616,46,423,123,352,47,336,283,228,87,78,612,121,899,10,663,943,86,268,4,74,514,836,710,572,133,65,731,990,328,741,646,187,362,61,331,258,794,299,898,455,348,722,812,661,366,673,211,488,402,674,412,963,629,682,881,702,474,284,8,588,902,254,354,643,787,221,439,641,709,824,573,64,626,822,111,160,246,26,467,669,653,351,363,287,407,310,704,518,935,289,191,250,379,865,164,934,883,307,337,261,278,586,917,706,452,257,555,55,66,848,421,844,377,634,594,930,781,27,828,873,751,209,785,458,870,63,716,69,276,197,675,472,6,45,358,906,644,43,314,821,355,19,681,419,295,831,24,581,504,598,176,777,721,959,819,103,
value : 470.504 running time : 49.122279
0 80 20
345 84.2611 18.3627
243 85.6224 17.8398
260 86.2684 17.5916
627 86.2684 17.5916
483 86.2684 17.5916
979 86.215 18.7425
98 85.8193 27.2774
520 85.6387 31.1699
590 85.5234 33.6554
33 85.4082 36.1365
745 85.2626 39.275
136 85.1505 41.6894
198 85.1128 42.502
920 85.1128 42.502
29 85.1128 42.502
835 85.1128 42.502
609 85.1128 42.502
466 85.1128 42.502
932 85.4459 44.2792
838 85.6277 45.2496
951 85.7662 45.9888
967 85.8964 46.6835
274 86.0075 47.2765
107 86.1666 48.126
506 86.2956 48.8141
195 86.3667 49.1937
170 86.4494 49.6355
497 86.5251 50.0395
884 82.8846 50.056
323 77.2196 50.0817
592 77.1298 50.491
425 77.0344 50.9252
387 76.9345 51.3797
684 76.8343 51.8359
977 76.2999 51.9328
242 75.2571 52.1218
334 72.7592 52.5746
70 69.6453 53.1391
85 67.5069 53.5267
595 67.1673 53.5883
117 66.8721 53.6418
656 66.5823 53.6943
396 66.267 53.7515
232 66.0119 53.7977
670 65.6344 53.8661
583 65.0685 53.9687
553 64.3934 54.0911
850 63.4794 54.2568
793 61.956 54.5329
217 61.0829 54.6912
978 61.0516 54.6968
262 61.0189 54.7028
188 60.9882 54.7083
842 60.9587 54.7137
623 60.9265 54.7195
357 60.8963 54.725
293 60.865 54.7306
143 60.8343 54.7362
875 60.7999 54.7424
492 60.7666 54.7485
606 60.8538 54.9649
926 61.0175 55.3713
519 61.182 55.7797
35 61.3569 56.2139
941 61.5382 56.6641
478 61.6967 57.0577
791 61.8498 57.4377
286 61.9939 57.7955
625 62.1412 58.161
485 62.29 58.5306
538 62.4387 58.8998
102 62.5882 59.2708
515 62.7355 59.6366
810 62.8819 60
440 63.0304 60.3686
190 63.1749 60.7273
968 63.3202 61.0882
468 63.429 61.2906
577 63.5375 61.4923
420 63.6699 61.7387
964 63.7939 61.9693
282 63.9206 62.205
161 64.0711 62.485
110 64.6644 63.5886
112 65.1605 64.5113
762 65.3967 64.7242
340 65.66 64.9615
173 65.9098 65.1866
767 66.147 65.4004
907 66.4189 65.6454
238 66.722 65.9186
647 67.0355 66.2011
942 67.3764 66.5083
668 67.8166 66.905
852 68.3244 67.3626
837 68.7743 67.7681
867 69.1519 68.1085
68 69.5202 68.4404
67 69.9528 68.8303
152 70.4364 69.2661
904 70.9034 69.6869
727 71.3893 70.1248
650 71.8859 70.5724
900 72.557 71.1771
201 73.2254 71.7795
528 74.0093 72.486
383 74.4569 72.8894
332 74.9403 73.3251
385 75.3743 73.7161
744 75.8011 74.1008
962 76.2795 74.532
975 76.8794 75.0726
290 77.6257 75.7452
685 84.1568 81.6312
322 84.8208 82.2296
889 85.3004 82.6619
648 85.6259 82.9552
372 85.9989 83.2914
450 85.9989 83.2914
204 85.9139 83.3829
311 85.8298 83.4735
660 85.7382 83.5721
25 84.342 85.0759
928 81.615 88.0133
983 81.615 88.0133
473 79.3619 86.7461
579 76.0661 84.8927
823 75.44 85.6806
740 74.994 86.2419
725 74.3517 87.0502
481 73.6163 87.9757
135 72.7154 89.1094
285 72.5093 89.1191
820 72.322 89.1278
854 72.1047 89.138
864 71.8917 89.1479
620 71.6707 89.1583
353 71.4691 89.1677
817 71.264 89.1773
149 71.0802 89.1859
893 70.9049 89.1941
580 70.6893 89.2042
845 70.4267 89.2164
666 70.1753 89.2282
813 69.9152 89.2403
185 69.6432 89.253
417 69.4318 89.2629
742 69.1887 89.2743
818 68.9278 89.2865
159 68.2862 89.3164
145 67.3906 89.3582
12 66.4971 89.3999
494 66.4971 89.3999
83 66.4971 89.3999
71 66.3241 89.4151
465 66.0849 89.4363
273 65.8377 89.4581
937 65.6114 89.4781
477 65.3626 89.5001
775 65.1393 89.5198
158 64.8614 89.5443
251 64.5569 89.5712
378 64.2247 89.6005
52 63.9243 89.6271
395 63.6076 89.655
42 63.311 89.6812
567 63.0022 89.7085
816 62.6978 89.7354
544 62.4221 89.7597
318 62.1091 89.7874
856 61.6886 89.8245
367 61.3303 89.8562
737 61.018 89.8838
464 60.7227 89.9098
992 60.3942 89.9388
313 60.0401 89.9701
746 59.7205 89.9983
335 59.6988 90.0003
622 59.6773 90.0022
575 59.6513 90.0044
177 59.6261 90.0067
584 59.5982 90.0091
774 59.5703 90.0116
861 59.5457 90.0138
118 59.5233 90.0158
434 59.4995 90.0179
887 59.4767 90.0199
23 59.4528 90.022
984 59.4302 90.024
690 59.4047 90.0262
911 59.3792 90.0285
980 59.3531 90.0308
415 59.3275 90.0331
896 59.3021 90.0353
754 59.2773 90.0375
851 59.2517 90.0397
344 59.2262 90.042
882 59.1998 90.0443
280 59.0806 89.5773
179 58.9988 89.2568
618 58.9322 88.9958
624 58.8605 88.7151
921 57.9039 84.9671
536 57.8123 84.6082
202 57.7011 84.1727
229 57.564 83.6355
880 57.4402 83.1506
369 57.3175 82.67
802 57.1904 82.172
94 57.0852 81.7598
832 56.9947 81.4054
259 56.9082 81.0668
248 56.8105 80.6838
636 56.7289 80.3643
82 56.6451 80.0362
671 56.6451 80.0362
315 56.6451 80.0362
9 56.6451 80.0362
800 56.6451 80.0362
408 56.6451 80.0362
319 56.5784 79.6158
562 56.4738 78.9564
632 56.4357 78.7166
509 56.3993 78.4877
857 56.3625 78.2556
826 56.3274 78.0347
18 56.2926 77.8155
642 56.2558 77.5839
782 56.2183 77.3478
297 56.1825 77.1224
317 56.1435 76.8766
931 56.1022 76.6167
530 56.0576 76.3358
216 55.7318 74.2792
51 55.7318 74.2792
605 55.6878 74.27
654 55.6462 74.2612
847 55.431 74.216
617 55.2039 74.1684
769 54.9966 74.1248
432 54.7947 74.0825
208 54.5942 74.0404
393 54.3938 73.9983
987 53.9517 73.9054
895 53.478 73.806
986 53.0366 73.7133
460 52.6265 73.6272
801 52.1414 73.5253
561 48.7368 72.81
563 48.4441 72.1348
350 48.1431 71.4404
91 47.8467 70.7566
755 47.5377 70.0439
109 47.1777 69.2134
582 46.7871 68.3122
144 46.2741 67.1287
715 45.7504 65.9202
163 45.2209 64.6984
404 44.6908 63.4753
597 44.1554 62.2399
101 43.5612 60.8686
843 42.9767 59.5201
523 42.9767 59.5201
291 42.9767 59.5201
56 42.9767 59.5201
855 42.9767 59.5201
804 42.9767 59.5201
910 42.9767 59.5201
484 42.9767 59.5201
134 42.9767 59.5201
171 42.9767 59.5201
596 42.9767 59.5201
839 42.9767 59.5201
576 42.9767 59.5201
459 42.9767 59.5201
533 42.9767 59.5201
410 42.9767 59.5201
30 42.9767 59.5201
929 42.9767 59.5201
461 42.9767 59.5201
732 42.9767 59.5201
104 42.9767 59.5201
945 42.9767 59.5201
281 42.9767 59.5201
558 42.9767 59.5201
798 42.9767 59.5201
84 42.9767 59.5201
89 42.9624 59.5032
894 42.9524 59.4913
235 42.8714 59.3956
779 42.7846 59.2929
676 42.6966 59.1888
453 42.6106 59.0872
743 42.439 58.8842
621 42.2499 58.6607
175 42.0663 58.4435
683 41.8785 58.2215
186 41.6821 57.9893
308 41.3576 57.6056
498 40.9813 57.1607
210 40.5925 56.7011
923 40.2075 56.2459
365 39.7926 55.7555
989 39.3322 55.2112
194 39.1747 55.025
778 39.0228 54.8453
688 38.8776 54.6737
471 38.7507 54.5236
54 38.6175 54.366
237 38.4736 54.1959
957 38.332 54.0285
356 38.1072 53.6738
913 37.9513 53.4278
49 37.8242 53.2271
302 37.6998 53.0309
264 37.5944 52.8646
342 37.4581 52.6494
783 37.3159 52.4251
891 37.2011 52.2439
809 37.0867 52.0634
269 36.9571 51.8589
922 36.8412 51.676
493 36.7209 51.4862
912 36.5923 51.2831
765 36.4516 51.0612
862 36.1146 50.5293
522 35.8359 50.0897
512 35.5493 49.6374
38 35.2344 49.1404
180 34.9838 48.7449
127 34.7196 48.3281
370 34.4062 47.8335
155 33.9072 47.0461
566 33.2901 46.0722
687 32.6438 45.0523
7 32.08 44.1625
480 31.5647 43.3494
679 31.0304 42.5062
790 30.5551 41.7562
692 29.7116 40.4251
834 28.3727 38.3122
529 28.3342 38.2849
853 28.2978 38.2592
869 28.2549 38.2288
37 28.2163 38.2016
602 28.1757 38.1729
655 28.1382 38.1464
438 28.1011 38.1201
397 28.0625 38.0928
148 28.022 38.0642
475 27.9873 38.0397
151 27.9522 38.0149
664 27.9156 37.989
811 27.8783 37.9626
829 27.8388 37.9347
388 27.805 37.9107
125 27.7662 37.8833
205 27.7322 37.8593
32 27.6992 37.836
549 27.6674 37.8135
486 27.6351 37.7906
915 27.6034 37.7682
476 26.5331 39.8895
543 25.8971 41.1499
413 25.3436 42.2468
908 24.8292 43.266
403 24.3745 44.1672
700 23.9377 45.0327
154 22.6361 47.6125
182 22.6072 47.6697
525 22.5797 47.7242
11 22.5509 47.7812
748 22.521 47.8405
508 22.4891 47.9038
422 22.4543 47.9726
723 22.4236 48.0333
510 22.3916 48.0968
858 22.3601 48.1592
414 22.3305 48.2179
841 22.2957 48.2869
233 22.383 48.4973
603 22.4619 48.6875
535 22.5327 48.858
147 22.6076 49.0386
619 22.6717 49.193
876 22.7362 49.3484
192 21.0788 56.997
772 21.0147 57.2925
329 20.9548 57.5688
324 20.8997 57.8226
729 20.8392 58.102
451 20.7801 58.3743
545 20.7235 58.6355
705 20.6615 58.9211
507 20.5988 59.2102
640 20.5376 59.4925
758 20.4763 59.7754
970 20.3797 60.2206
956 20.3145 60.5213
524 20.2421 60.8552
903 20.1753 61.1635
429 20.1073 61.4768
846 20.1002 61.5099
981 20.0931 61.5427
59 20.0856 61.5769
733 20.0773 61.6154
599 20.0694 61.652
901 20.0617 61.6875
142 20.0544 61.7209
633 20.0464 61.7581
267 20.0373 61.7998
764 20.028 61.843
788 20.0189 61.8847
266 20.0089 61.9309
482 20.0089 61.9309
398 20.0089 61.9309
114 20.0089 61.9309
747 20.0089 61.9309
756 20.0995 62.2858
897 20.1928 62.6514
601 20.2856 63.0149
137 20.3772 63.3737
411 20.4591 63.6946
924 20.5391 64.0081
739 20.6177 64.3163
502 20.6956 64.6212
735 20.7706 64.9154
565 20.848 65.2186
132 20.9376 65.5696
720 21.0285 65.9256
79 21.1206 66.2865
382 21.2141 66.6528
361 21.3104 67.0302
479 21.4036 67.3953
275 21.4946 67.7518
162 21.5854 68.1076
635 21.6763 68.4637
878 21.7667 68.8179
390 21.7829 68.8815
591 21.8 68.9484
587 21.8161 69.0115
501 21.8326 69.076
34 21.8487 69.1393
730 21.8678 69.2142
604 21.8851 69.2821
327 21.9011 69.3448
21 21.9178 69.4101
359 21.9178 69.4101
645 21.9178 69.4101
349 22.1617 70.5665
571 22.404 71.7156
220 22.6373 72.8218
780 22.8618 73.8865
360 22.8961 73.9101
443 22.9297 73.9332
469 22.9628 73.956
950 22.9958 73.9787
954 23.0311 74.003
184 23.0609 74.0235
99 23.0925 74.0453
88 23.1242 74.0671
600 23.1566 74.0894
326 23.1892 74.1119
339 23.2237 74.1356
697 23.2597 74.1604
888 23.2928 74.1832
574 23.3263 74.2063
825 23.3575 74.2277
487 23.391 74.2507
971 23.425 74.2741
552 23.4588 74.2975
113 23.4943 74.3218
526 23.5341 74.3493
333 23.5746 74.3772
424 23.613 74.4036
58 23.6497 74.4288
418 23.6869 74.4545
689 23.722 74.4787
662 23.7564 74.5023
757 23.7866 74.5231
789 23.8162 74.5434
965 23.8465 74.5643
946 23.8784 74.5863
168 23.9116 74.6092
16 23.9487 74.6347
223 23.9827 74.6581
400 24.0094 74.6765
130 24.0425 74.6993
537 24.2942 74.8725
701 24.529 75.0341
550 24.7893 75.2134
296 25.0497 75.3926
578 25.2813 75.552
249 25.5174 75.7146
252 26.0079 75.8777
167 26.4111 76.0118
41 26.8002 76.1412
124 27.1993 76.2739
2 27.5828 76.4014
454 27.9273 76.516
226 28.2737 76.6312
886 28.5791 76.7327
270 28.9601 76.8595
253 29.3017 76.973
658 29.6215 77.0794
608 29.9783 77.198
189 30.4027 77.3392
872 30.7839 77.466
540 31.1734 77.5955
649 31.4822 77.6982
80 31.7707 77.7942
976 32.0357 77.8823
225 32.2776 77.9627
927 32.2776 77.9627
513 38.1794 82.3755
564 38.477 82.9562
614 38.7636 83.5156
294 39.0678 84.1094
724 39.3802 84.7191
375 40.4317 86.7709
713 40.667 87.2302
230 40.8631 87.6129
193 41.0555 87.9884
22 41.2672 88.4016
215 41.465 88.7877
952 41.694 89.2346
559 41.7108 89.2674
541 41.7261 89.2973
165 41.7406 89.3255
866 41.7549 89.3535
62 41.7692 89.3813
5 41.7829 89.4082
105 41.7955 89.4327
343 41.8068 89.4547
416 41.8182 89.477
539 41.8306 89.5013
877 41.8431 89.5257
437 41.8556 89.5499
974 41.869 89.5761
840 41.8801 89.5978
292 41.893 89.6229
807 41.9075 89.6513
961 41.9251 89.6856
940 41.9316 89.6984
659 41.9389 89.7125
92 41.9467 89.7277
320 41.9547 89.7433
126 41.9623 89.7581
947 41.9707 89.7747
140 41.9789 89.7906
40 41.9875 89.8074
305 41.9875 89.8074
814 41.9875 89.8074
406 41.9875 89.8074
516 41.9875 89.8074
532 41.9875 89.8074
874 41.9875 89.8074
156 41.9875 89.8074
613 41.9875 89.8074
511 41.9875 89.8074
245 41.6631 89.806
449 40.6417 89.8016
239 39.5967 89.7972
806 38.364 89.7919
808 37.55 89.7884
610 36.8291 89.7853
139 36.6746 89.7846
394 36.5123 89.784
448 36.3461 89.7832
172 36.1737 89.7825
919 35.9999 89.7818
918 35.8341 89.7811
569 35.6851 89.7804
309 35.5261 89.7798
181 35.3641 89.7791
389 35.1997 89.7784
766 35.0166 89.7776
129 34.8125 89.7767
638 34.593 89.7758
428 34.3928 89.775
763 34.2215 89.7742
265 34.0048 89.7733
752 33.7749 89.7723
53 33.5486 89.7714
206 33.3028 89.7703
72 33.0054 89.7691
761 32.6964 89.7677
241 32.448 89.7667
120 32.1589 89.7655
430 31.8775 89.7643
786 31.6924 89.7635
773 31.5078 89.7627
271 31.323 89.7619
150 31.1305 89.7611
548 30.9474 89.7603
470 30.7479 89.7595
672 30.5415 89.7586
73 30.336 89.7577
885 30.1333 89.7569
141 29.9543 89.7561
231 29.7703 89.7553
707 29.5806 89.7545
738 29.3832 89.7537
146 29.1359 89.7526
60 28.8682 89.7515
256 28.607 89.7504
76 28.3217 89.7492
392 28.0622 89.7481
28 27.7614 89.7468
960 27.4707 89.7456
50 27.1249 89.7441
409 26.8293 89.7428
491 26.5304 89.7416
456 26.2625 89.7404
696 26.0108 89.7393
651 25.752 89.7382
871 25.4964 89.7372
933 25.254 89.7361
15 25.0265 89.7352
593 24.8373 89.7344
753 24.6475 89.7336
183 24.4653 89.7328
833 24.288 89.732
288 24.1122 89.7313
36 23.9426 89.7306
795 23.7707 89.7299
462 23.5597 89.729
521 23.3844 89.7282
859 23.2084 89.7275
441 23.0279 89.7267
20 22.855 89.726
714 22.6207 89.725
306 22.3986 89.724
611 22.1693 89.7231
96 21.7728 89.7214
631 21.2936 89.7193
776 20.4436 89.7157
44 19.6519 89.7123
768 18.8007 89.7086
750 16.945 89.7005
431 16.5302 89.6988
227 16.0537 89.6967
13 15.5716 89.6947
490 15.091 89.6926
551 14.1336 89.6885
386 13.8166 89.6917
442 13.5111 89.6948
93 13.2029 89.6979
436 12.8834 89.7012
699 12.5966 89.7041
711 12.305 89.7071
301 12.0218 89.71
240 11.7507 89.7127
48 11.5094 89.7152
546 11.2553 89.7178
368 11.0325 89.72
955 10.7255 89.7231
892 10.4314 89.7261
988 10.1477 89.729
236 10.1477 89.7239
547 10.1478 89.7183
792 10.1478 89.7127
693 10.1479 89.7075
916 10.1479 89.7019
982 10.148 89.6968
304 10.148 89.6916
401 10.1481 89.6861
905 10.1482 89.6803
31 10.1482 89.6747
321 10.1483 89.6693
169 10.1483 89.6643
570 10.1484 89.6588
325 10.1484 89.6535
1 10.1485 89.6485
718 10.1485 89.6432
557 10.1486 89.638
973 10.1487 89.6329
736 10.1487 89.6275
106 10.1488 89.6225
678 10.1488 89.6169
263 10.1489 89.6109
719 10.1489 89.605
203 10.149 89.5992
969 10.1491 89.5943
914 10.1491 89.589
213 10.1492 89.5838
815 10.1497 89.5292
300 10.1502 89.4797
95 10.1507 89.4344
153 10.1511 89.3906
247 10.1516 89.3471
199 10.152 89.3046
637 10.1525 89.26
17 10.1529 89.2174
568 10.1533 89.1759
405 10.1537 89.1344
39 10.1542 89.0905
868 10.1547 89.0443
953 10.1552 88.9945
585 10.1556 88.9479
803 10.1562 88.8977
827 10.1566 88.8512
364 10.1572 88.7961
446 10.1577 88.7451
200 10.1582 88.6974
380 10.1588 88.6436
695 10.1594 88.5781
447 10.16 88.5221
138 10.1606 88.4653
115 10.1612 88.4043
435 10.1618 88.3406
712 10.1782 86.7366
90 10.2036 84.2443
628 10.2228 82.3571
75 10.2431 80.3685
426 10.2636 78.3518
734 10.2864 76.1171
860 10.2865 76.1095
3 10.2865 76.1012
338 10.2866 76.0929
457 10.2867 76.0855
686 10.2868 76.0775
517 10.2869 76.0698
433 10.2869 76.063
381 10.287 76.0554
830 10.2871 76.0487
224 10.2871 76.0411
277 10.2872 76.0336
694 10.2873 76.027
298 10.2874 76.0207
615 10.2874 76.0147
639 10.2875 76.0077
728 10.2875 76.0011
890 10.2876 75.9943
14 10.2877 75.9868
500 10.2878 75.9805
97 10.2878 75.9737
680 10.2879 75.9673
272 10.288 75.9611
119 10.288 75.9554
108 10.2881 75.9503
178 10.2881 75.9445
944 10.2882 75.9385
495 10.2882 75.9324
427 10.2894 75.8196
554 10.2903 75.7313
759 10.2912 75.639
444 10.2922 75.5398
991 10.2934 75.4279
399 10.2944 75.3277
316 10.2956 75.2116
244 10.2994 74.8368
560 10.304 74.3817
796 10.309 73.8878
717 10.3143 73.3685
445 10.3187 72.9419
607 10.3228 72.53
630 10.3269 72.127
726 10.3306 71.7698
966 10.3348 71.3548
371 10.3387 70.9747
667 10.3421 70.6362
503 10.3456 70.2906
879 10.3494 69.9195
196 10.3531 69.5554
207 10.3558 69.286
556 10.3592 68.9554
657 10.3632 68.5638
376 10.3677 68.1163
81 10.3718 67.7158
255 10.3759 67.3162
234 10.3801 66.9013
972 10.384 66.5182
925 10.3852 66.3997
589 10.3863 66.2903
760 10.3874 66.1835
131 10.3884 66.0817
219 10.3894 65.9812
665 10.3905 65.877
799 10.3916 65.7642
77 10.3928 65.6522
948 10.3939 65.5455
346 10.395 65.4336
347 10.3965 65.2878
939 10.3978 65.1584
703 10.3991 65.0307
374 10.4003 64.9144
531 10.4327 61.7248
936 10.4604 59.0059
279 10.474 57.665
805 10.4849 56.5921
122 10.4945 55.6468
505 10.504 54.714
797 10.5127 53.8648
938 10.5164 53.4951
698 10.5203 53.1181
652 10.524 52.7457
784 10.5273 52.4258
391 10.5322 51.9458
166 10.536 51.5748
463 10.5401 51.1634
909 10.5442 50.7688
100 10.5481 50.3833
749 10.5521 49.9889
527 10.556 49.6067
489 10.5602 49.193
691 10.5644 48.7819
218 10.5704 48.1929
499 10.5774 47.5042
303 10.5774 47.5042
330 10.5774 47.5041
771 10.5774 47.5041
384 10.5774 47.5041
341 10.5774 47.5041
373 10.5774 47.5041
312 10.5774 47.5041
708 10.5774 47.5041
214 10.5774 47.5041
496 10.5774 47.5041
949 10.5774 47.5041
542 10.5774 47.5041
57 10.5774 47.5041
222 10.5774 47.5041
863 10.5774 47.5041
849 10.5774 47.5041
128 10.6141 47.1987
212 10.65 46.9003
677 10.6825 46.6305
174 10.7253 46.275
985 10.7714 45.8916
534 10.7842 45.7849
157 10.798 45.67
116 10.8128 45.5471
958 10.8343 45.3686
770 10.8532 45.2111
616 10.8722 45.0532
46 10.8913 44.8945
423 10.9092 44.7462
123 10.9268 44.5994
352 10.9438 44.4581
47 10.9622 44.305
336 10.9822 44.1392
283 11.1964 42.3609
228 11.4225 40.4834
87 11.6518 38.5799
78 11.8802 36.6827
612 12.136 34.5592
121 12.2456 33.649
899 12.3454 32.8201
10 12.3454 32.8201
663 12.3454 32.8201
943 12.1346 32.8026
86 11.8846 32.7818
268 11.6906 32.7657
4 11.4756 32.7479
74 11.2817 32.7318
514 11.1003 32.7167
836 10.934 32.7029
710 10.7494 32.6876
572 10.5659 32.6724
133 10.3818 32.6571
65 10.204 32.6424
731 9.99466 32.625
990 9.79872 32.6087
328 9.60049 32.5923
741 10.1854 29.2852
646 11.1256 23.9687
187 11.1256 23.9687
362 11.1256 23.9687
61 11.1256 23.9687
331 11.1257 23.9687
258 11.1257 23.9686
794 11.1257 23.9686
299 11.1257 23.9686
898 11.1257 23.9686
455 11.6576 21.1836
348 12.1812 18.4419
722 12.7411 15.5105
812 12.8495 14.9428
661 12.8729 14.9457
366 12.8927 14.9483
673 12.912 14.9507
211 12.9314 14.9532
488 12.9512 14.9557
402 12.9697 14.9581
674 12.9869 14.9603
412 13.0048 14.9625
963 13.0238 14.965
629 13.7582 15.0584
682 14.5775 15.1627
881 15.5139 15.2818
702 16.7676 15.4413
474 17.8463 15.5785
284 18.8785 15.7098
8 19.6858 15.8126
588 20.5151 15.9181
902 21.7789 16.0789
254 23.0367 16.2389
354 24.331 16.4035
643 25.3791 16.5369
787 26.4441 16.6724
221 26.6142 16.694
439 26.7739 16.7144
641 26.9367 16.7351
709 27.9754 16.8672
824 29.0146 16.9994
573 30.0681 17.1335
64 31.1176 17.267
626 32.1623 17.3999
822 33.2132 17.5336
111 34.2492 17.6654
160 35.2865 17.7973
246 35.2866 17.7973
26 35.2868 17.7972
467 35.287 17.7971
669 35.5428 17.6724
653 35.8151 17.5397
351 36.0479 17.4262
363 36.2899 17.3082
287 36.5362 17.1882
407 36.7662 17.0761
310 36.9922 16.9659
704 37.2225 16.8537
518 37.4671 16.7345
935 40.028 25.6276
289 40.0656 25.7581
191 40.1026 25.8866
250 40.1365 26.0046
379 40.1677 26.1129
865 40.2009 26.2281
164 40.2302 26.3301
934 40.2586 26.4287
883 40.2868 26.5267
307 40.3177 26.6341
337 40.5808 27.5479
261 40.9174 28.7173
278 41.2921 30.0188
586 41.7271 31.5295
917 42.1701 33.0681
706 42.5092 34.2459
452 43.5923 34.5467
257 44.5275 34.8064
555 45.5501 35.0904
55 46.3452 35.3112
66 46.7835 35.4329
848 47.1871 35.545
421 47.5784 35.6536
844 48.0111 35.7738
377 48.44 35.8929
634 48.7705 35.9846
594 49.0369 36.0586
930 49.2549 36.1192
781 49.4677 36.1782
27 49.6424 36.2267
828 49.8147 36.2746
873 49.9716 36.3181
751 50.1432 36.3658
209 50.3081 36.4115
785 50.4888 36.4617
458 50.6739 36.5131
870 50.8496 36.5619
63 51.0237 36.6102
716 51.1946 36.6577
69 51.369 36.7061
276 51.5482 36.7559
197 51.7382 36.8086
675 51.9535 36.8684
472 51.9535 36.8684
6 53.3638 36.7541
45 54.3486 36.6743
358 55.1022 36.6132
906 55.8174 36.5553
644 56.5634 36.4949
43 57.0027 35.6427
314 57.4857 34.7058
821 58.0102 33.6884
355 58.5084 32.7219
19 59.0521 31.6672
681 59.7918 30.2326
419 60.7026 28.466
295 61.5121 26.896
831 62.2283 25.5068
24 62.966 24.0758
581 63.6453 22.7582
504 64.2694 21.5478
598 64.8573 20.4075
176 65.4431 19.2711
777 65.9321 18.3226
721 66.4074 17.4006
959 66.7015 16.83
819 67.0576 16.1393
103 67.5279 15.227
