0,243,345,260,979,627,483,520,590,98,33,466,835,195,838,967,136,884,609,387,29,592,670,274,745,198,977,170,242,107,951,425,497,506,334,684,932,941,920,595,583,201,323,70,232,143,926,85,262,101,217,35,842,293,519,117,357,978,850,553,43,964,188,656,190,396,440,810,515,623,102,538,485,420,625,286,791,478,282,161,577,762,340,173,767,907,238,647,942,668,852,837,867,68,67,152,904,727,112,900,110,528,383,650,385,744,962,975,290,332,322,889,372,450,204,311,660,25,473,685,928,937,477,775,158,273,983,648,285,820,854,864,620,353,817,149,135,580,845,666,813,185,893,823,740,725,481,579,742,818,159,145,12,494,83,71,465,417,378,52,395,42,567,816,544,318,313,367,737,464,992,251,746,335,622,575,177,584,774,861,118,434,887,23,984,690,911,980,415,896,754,851,344,882,280,179,618,624,856,536,202,229,880,369,802,94,832,259,248,636,82,530,563,350,91,561,319,562,408,51,605,654,847,617,769,432,208,393,987,895,986,460,632,968,921,857,826,18,642,782,297,317,931,801,509,315,9,800,671,109,582,755,715,163,404,144,523,291,56,855,804,910,484,134,171,596,839,576,459,533,410,30,929,461,732,104,945,281,558,798,84,89,894,235,779,676,453,743,621,175,683,186,843,793,597,468,216,783,194,778,688,471,54,237,957,365,264,342,147,706,809,269,922,493,912,765,862,522,512,38,180,127,370,302,452,917,687,210,923,498,566,480,692,790,155,989,257,834,529,853,869,586,602,655,438,397,148,475,151,664,811,829,388,125,205,32,549,486,915,476,543,413,908,403,37,78,612,121,899,10,268,616,943,797,938,698,652,279,505,154,182,525,11,748,508,422,723,510,858,414,841,233,603,700,901,142,633,913,535,876,619,891,49,329,324,729,451,545,705,507,640,267,599,788,764,772,726,361,275,479,578,604,730,34,501,587,591,390,220,872,927,571,349,645,359,21,308,780,327,526,113,552,971,487,825,574,888,697,339,326,600,88,99,184,954,950,469,443,360,418,701,537,130,400,223,16,168,946,965,789,757,662,689,249,635,189,608,658,253,270,886,226,454,2,124,41,167,252,540,724,878,225,976,80,649,513,564,294,614,375,239,449,245,511,613,156,874,532,516,406,814,305,40,140,947,126,320,92,659,940,961,807,292,840,974,437,877,539,416,343,105,5,62,866,165,541,559,952,215,22,193,230,713,806,859,241,761,72,206,53,752,265,763,428,638,129,766,389,181,309,569,918,919,172,448,394,139,610,808,20,76,256,60,146,738,707,231,141,885,73,672,470,548,150,271,773,786,462,120,521,550,333,296,392,28,431,490,13,227,960,795,36,288,833,183,753,593,15,933,871,651,696,456,491,409,50,750,441,768,44,776,631,96,611,306,714,430,711,301,90,426,75,628,988,712,435,115,138,447,695,380,200,446,364,827,803,585,953,868,39,405,568,17,637,199,247,153,95,300,815,213,914,969,203,719,263,678,106,736,973,557,718,1,325,169,321,31,905,401,304,982,916,693,792,547,236,551,699,436,93,442,386,240,892,955,368,546,48,424,58,495,796,560,244,316,399,991,444,759,554,427,734,944,178,108,119,272,680,97,500,14,890,728,639,615,298,694,277,224,830,381,433,517,686,570,556,657,376,371,218,77,219,966,760,207,667,531,939,347,338,255,457,784,445,3,665,81,131,607,948,630,503,374,860,346,162,717,799,482,879,398,114,192,234,747,756,897,589,601,137,411,196,524,924,739,502,735,565,132,720,79,382,266,429,846,981,59,733,903,970,463,956,909,703,100,749,222,677,925,691,527,489,542,57,936,972,391,949,496,805,122,328,771,384,341,373,312,47,534,758,352,123,423,46,228,770,958,116,157,499,330,212,128,708,849,303,166,214,174,336,710,985,836,514,74,4,87,663,283,133,572,990,731,863,65,741,646,455,898,299,794,258,331,61,362,86,881,963,187,348,682,629,722,412,812,402,488,211,674,366,661,702,254,902,588,8,284,474,354,643,673,337,307,669,261,709,641,439,221,278,467,26,246,160,111,822,626,64,573,824,704,310,407,518,363,351,653,287,934,935,787,883,419,379,250,164,191,289,19,679,7,276,870,421,785,716,63,906,848,66,197,930,69,492,821,358,675,828,45,594,472,356,606,644,875,209,873,355,377,634,458,844,959,314,55,751,555,865,681,295,781,27,6,831,103,819,504,581,777,598,176,721,24,
value : 487.202 running time : 33.214895
0 80 20
243 84.8707 18.1284
345 85.6153 17.8424
260 86.2684 17.5916
979 86.2684 17.5916
627 86.2684 17.5916
483 86.2684 17.5916
520 85.2017 28.0129
590 84.9605 30.3671
98 84.7668 32.2576
33 84.4546 35.3046
466 84.0609 39.148
835 83.9524 40.2068
195 83.8363 41.3407
838 83.7382 42.2976
967 83.698 42.69
136 83.6704 42.9595
884 83.6442 43.216
609 83.6285 43.3689
387 83.6102 43.5475
29 83.5976 43.67
592 83.5842 43.8008
670 83.5707 43.9329
274 83.7816 44.6764
745 84.0143 45.4967
198 84.5421 47.3577
977 84.9223 48.6981
170 85.0561 49.1699
242 85.1781 49.6002
107 85.2958 50.0151
951 85.4054 50.4016
425 85.5177 50.7975
497 85.6461 51.2501
506 83.5257 51.5988
334 80.874 52.035
684 79.6777 52.2317
932 77.5502 52.5816
941 75.2091 52.9666
920 73.4733 53.2521
595 70.69 53.7099
583 70.69 53.7099
201 70.69 53.7099
323 68.2359 52.6596
70 67.2975 52.8143
232 66.4937 52.9468
143 65.2047 53.1593
926 63.8124 53.3887
85 62.1374 53.6648
262 60.8602 53.8753
101 59.9005 54.0335
217 59.9535 54.0276
35 60.0045 54.0219
842 60.0594 54.0157
293 60.1066 54.0105
519 60.1549 54.0051
117 60.2108 53.9988
357 60.2632 53.9929
978 60.3134 53.9873
850 60.3714 53.9809
553 60.4196 53.9755
43 60.4196 53.9755
964 60.6288 54.4323
188 60.8003 54.8067
656 60.9858 55.2117
190 61.1313 55.5293
396 61.2725 55.8374
440 61.4314 56.1844
810 61.5592 56.4633
515 61.6896 56.748
623 61.8005 56.99
102 61.9428 57.3007
538 62.0767 57.5932
485 62.2093 57.8824
420 62.3498 58.1893
625 62.4708 58.4534
286 62.5953 58.7253
791 62.7313 59.0221
478 62.8699 59.3246
282 62.9973 59.6027
161 63.1295 59.8915
577 63.2704 60.1989
762 63.4404 60.5701
340 63.6015 60.9219
173 63.7406 61.2254
767 63.8692 61.5062
907 64.0191 61.8333
238 64.1725 62.1683
647 64.3146 62.4785
942 64.4572 62.7897
668 64.6137 63.1314
852 64.7662 63.4644
837 64.9118 63.7822
867 64.9776 63.9259
68 65.0406 64.0634
67 65.1084 64.2113
152 65.1775 64.3621
904 65.2468 64.5134
727 65.3122 64.6563
112 65.3747 64.7927
900 68.4791 67.5637
110 70.663 69.5132
528 72.9423 71.5478
383 73.3353 71.8986
650 73.7244 72.246
385 74.4016 72.8505
744 75.0284 73.4101
962 75.6891 73.9999
975 76.4847 74.7101
290 77.4191 75.5443
332 80.0589 77.9006
322 84.1771 81.5764
889 85.3467 82.6205
372 85.9958 83.1999
450 85.9752 83.2206
204 85.8446 83.3519
311 85.7192 83.4778
660 85.5837 83.614
25 84.9161 84.2847
473 83.9657 85.2397
685 83.053 86.1566
928 80.837 88.383
937 76.7061 89.0976
477 75.3201 89.3374
775 75.3184 89.3377
158 75.3167 89.338
273 75.315 89.3383
983 75.315 89.3383
648 75.1312 89.2954
285 74.9442 89.2519
820 74.7793 89.2135
854 74.5901 89.1694
864 74.4061 89.1265
620 74.2191 89.083
353 74.0587 89.0456
817 73.8914 89.0066
149 73.7469 88.973
135 73.6087 88.9408
580 73.1405 88.8317
845 72.545 88.6929
666 71.9807 88.5615
813 71.3927 88.4245
185 70.7626 88.2776
893 70.7838 87.989
823 70.8602 86.95
740 70.946 85.7837
725 70.946 85.7837
481 70.5173 85.1255
579 70.1497 84.5612
742 69.7558 84.7197
818 69.3464 84.8844
159 68.8989 85.0645
145 68.3567 85.2826
12 67.8415 85.4899
494 67.8415 85.4899
83 67.5762 85.5736
71 67.2865 85.665
465 66.9811 85.7613
417 66.6843 85.855
378 66.3186 85.9704
52 65.9888 86.0744
395 65.6649 86.1766
42 65.3555 86.2742
567 65.0382 86.3743
816 64.7264 86.4727
544 64.4384 86.5636
318 64.1311 86.6605
313 63.7113 86.793
367 63.4336 86.8806
737 63.2156 86.9494
464 63.014 87.013
992 62.7964 87.0817
251 62.5803 87.1498
746 58.7589 88.3555
335 58.6635 88.3856
622 58.5648 88.4168
575 58.4493 88.4532
177 58.3356 88.4891
584 58.2138 88.5275
774 58.0973 88.5643
861 57.9898 88.5982
118 57.881 88.6325
434 57.7649 88.6692
887 57.7133 88.6854
23 57.6559 88.7036
984 57.6078 88.7188
690 57.5536 88.7358
911 57.4984 88.7533
980 57.4458 88.7699
415 57.3939 88.7863
896 57.3391 88.8035
754 57.2898 88.8191
851 57.238 88.8355
344 57.1846 88.8523
882 57.1329 88.8686
280 56.9774 88.5289
179 56.8552 88.2618
618 56.7532 88.039
624 56.6472 87.8074
856 56.4591 87.3966
536 56.1578 86.7382
202 55.8784 86.128
229 55.5564 85.4246
880 55.2736 84.8067
369 55.0034 84.2165
802 54.7157 83.588
94 54.4636 83.0371
832 54.26 82.5925
259 54.0667 82.1702
248 53.8444 81.6844
636 53.6497 81.2591
82 53.4507 80.8244
530 53.2656 80.4201
563 53.0682 79.9887
350 52.878 79.5733
91 52.878 79.5733
561 52.878 79.5733
319 53.092 79.245
562 53.3197 78.8955
408 53.5653 78.5186
51 55.6944 75.2526
605 55.6953 75.2511
654 55.6962 75.2498
847 55.6962 75.2498
617 55.6962 75.2498
769 55.6962 75.2498
432 55.6962 75.2498
208 55.6962 75.2498
393 55.6962 75.2498
987 55.6962 75.2498
895 55.6962 75.2498
986 55.6962 75.2498
460 55.6962 75.2498
632 55.6962 75.2498
968 55.6962 75.2498
921 55.6962 75.2498
857 55.6962 75.2498
826 55.6962 75.2498
18 55.6962 75.2498
642 55.6962 75.2498
782 55.6962 75.2498
297 55.6962 75.2498
317 55.4701 74.9668
931 55.2144 74.6469
801 54.8814 74.2301
509 54.4963 73.7482
315 54.1055 73.2591
9 53.7001 72.7517
800 53.2843 72.2315
671 52.8462 71.6831
109 52.3155 71.019
582 51.813 70.3902
755 51.2631 69.7021
715 49.6208 67.6466
163 48.8313 66.6586
404 48.2202 65.8938
144 47.9493 65.5548
523 47.6375 65.1647
291 47.3204 64.7679
56 47.0512 64.431
855 46.8094 64.1283
804 46.5253 63.7728
910 46.272 63.4559
484 46.024 63.1455
134 45.7527 62.8059
171 45.446 62.4221
596 45.1314 62.0284
839 44.8247 61.6446
576 44.7339 61.531
459 44.641 61.4147
533 44.5411 61.2896
410 44.4496 61.1751
30 44.3458 61.0452
929 44.2461 60.9205
461 44.1581 60.8103
732 44.0742 60.7053
104 43.9853 60.594
945 43.9015 60.4892
281 43.8263 60.3951
558 43.7508 60.3007
798 43.671 60.2008
84 43.5891 60.0982
89 43.4848 59.9677
894 43.4701 59.9493
235 43.4532 59.9282
779 43.4345 59.9048
676 43.4158 59.8813
453 43.3979 59.859
743 43.3782 59.8343
621 43.357 59.8078
175 43.3381 59.7841
683 43.3186 59.7597
186 43.299 59.7352
843 43.2774 59.7082
793 43.2774 59.7082
597 43.2774 59.7082
468 43.2774 59.7082
216 42.2319 58.5361
783 39.0049 54.9182
194 38.9664 54.875
778 38.9268 54.8307
688 38.8895 54.7889
471 38.8567 54.7521
54 38.8209 54.712
237 38.7792 54.6652
957 38.7421 54.6237
365 38.6625 54.4445
264 38.5803 54.2592
342 38.5006 54.0796
147 38.4175 53.8924
706 38.3383 53.7139
809 38.2894 53.6039
269 38.2355 53.4826
922 38.1841 53.3668
493 38.1313 53.2481
912 38.0786 53.1294
765 38.025 53.0088
862 37.971 52.8871
522 37.9179 52.7676
512 37.8652 52.649
38 37.8106 52.526
180 37.768 52.43
127 37.7241 52.3314
370 37.6786 52.2288
302 37.6309 52.1213
452 37.5874 52.0235
917 37.5429 51.9232
687 37.5004 51.8277
210 37.5004 51.8277
923 37.5004 51.8277
498 37.5004 51.8277
566 36.9542 50.6059
480 36.2134 48.9489
692 35.5046 47.3632
790 34.8681 45.9387
155 34.3198 44.7116
989 33.6975 43.319
257 33.099 41.9802
834 32.5799 40.8187
529 32.4754 40.5848
853 32.3694 40.3475
869 32.2633 40.1098
586 32.1594 39.8773
602 28.1351 38.162
655 28.0033 38.1059
438 27.875 38.0512
397 27.7337 37.991
148 27.5842 37.9273
475 27.4617 37.8751
151 27.3409 37.8236
664 27.2114 37.7684
811 27.0775 37.7114
829 26.9345 37.6504
388 26.8118 37.5981
125 26.6764 37.5404
205 26.5518 37.4873
32 26.4281 37.4346
549 26.3114 37.3849
486 26.1894 37.3329
915 26.0661 37.2804
476 25.9628 37.2363
543 25.8643 37.1944
413 25.7525 37.1467
908 25.6092 37.0857
403 25.2014 36.9119
37 24.7892 36.7363
78 24.3441 36.5467
612 23.9283 36.3695
121 23.4993 36.1867
899 23.0759 36.0063
10 23.0759 36.0063
268 23.0759 36.0063
616 22.5728 38.4086
943 22.4177 39.1491
797 21.8884 41.6763
938 21.5167 43.4512
698 21.3228 44.3771
652 21.1564 45.1718
279 21.2209 45.3378
505 21.2768 45.4818
154 21.3257 45.6075
182 21.38 45.7471
525 21.4317 45.8802
11 21.4813 46.0077
748 21.5327 46.1399
508 21.5844 46.273
422 21.6339 46.4003
723 21.6781 46.514
510 21.7302 46.648
858 21.7714 46.754
414 21.8131 46.8613
841 21.8551 46.9694
233 21.9102 47.111
603 21.9549 47.2262
700 21.9908 47.3184
901 23.0398 50.0179
142 23.1086 50.1949
633 23.1789 50.3756
913 23.248 50.5534
535 23.3159 50.7281
876 23.3885 50.9148
619 23.4557 51.0876
891 23.5299 51.2786
49 23.597 51.4511
329 23.5549 54.093
324 23.5408 54.9811
729 23.5254 55.9457
451 23.5118 56.8022
545 23.4992 57.5939
705 23.4855 58.4514
507 23.4715 59.3337
640 23.4579 60.1869
267 23.4442 61.047
599 23.4294 61.9778
788 23.4151 62.8726
764 23.4011 63.7515
772 23.3837 64.8456
726 23.3637 66.1021
361 23.3519 66.8434
275 23.3419 67.475
479 23.3313 68.1399
578 23.322 68.7226
604 23.3199 68.8561
730 23.3177 68.991
34 23.3157 69.1174
501 23.3134 69.2612
587 23.3112 69.4028
591 23.3089 69.5465
390 23.3067 69.6837
220 23.3043 69.8327
872 23.302 69.9794
927 23.3004 70.0801
571 23.2987 70.1878
349 23.297 70.2907
645 23.2953 70.4005
359 23.2933 70.5254
21 23.2913 70.6505
308 23.2893 70.7764
780 23.2307 74.4764
327 23.2569 74.4905
526 23.2824 74.5043
113 23.3067 74.5174
552 23.3341 74.5322
971 23.3617 74.5471
487 23.3877 74.5611
825 23.4143 74.5755
574 23.4431 74.591
888 23.4707 74.606
697 23.4986 74.621
339 23.5242 74.6348
326 23.5503 74.6489
600 23.5779 74.6638
88 23.6048 74.6783
99 23.6323 74.6932
184 23.6594 74.7078
954 23.6885 74.7235
950 23.7138 74.7372
469 23.7407 74.7517
443 23.7676 74.7662
360 23.7945 74.7808
418 23.8222 74.7957
701 23.8468 74.809
537 23.8745 74.8239
130 23.8981 74.8367
400 24.0496 74.9184
223 24.2188 75.0098
16 24.3744 75.0937
168 24.5251 75.1751
946 24.6844 75.261
965 24.8497 75.3503
789 25.0086 75.436
757 25.1675 75.5217
662 25.3331 75.6111
689 25.4872 75.6943
249 25.6303 75.7715
635 26.2457 76.069
189 26.9712 76.4196
608 27.398 76.6259
658 27.89 76.8636
253 28.4594 77.1388
270 28.928 77.3653
886 29.3246 77.557
226 29.9207 77.845
454 30.432 78.0922
2 30.9735 78.3539
124 31.4727 78.5951
41 31.9773 78.839
167 32.5368 79.1094
252 33.1139 79.3883
540 33.6944 79.6689
724 34.1926 79.9097
878 34.679 80.1448
225 35.2728 80.4317
976 35.9494 80.8983
80 36.6082 81.3526
649 37.4455 81.93
513 38.3068 82.524
564 38.8731 83.6445
294 39.4455 84.7773
614 40.0676 86.0082
375 40.7196 87.2979
239 41.0866 88.0242
449 41.4101 88.6646
245 41.7002 89.2388
511 41.9875 89.8074
613 41.9875 89.8074
156 41.9875 89.8074
874 41.9875 89.8074
532 41.9875 89.8074
516 41.9875 89.8074
406 41.9875 89.8074
814 41.9875 89.8074
305 41.9875 89.8074
40 41.9875 89.8074
140 41.9703 89.8078
947 41.9512 89.8083
126 41.9317 89.8087
320 41.9116 89.8092
92 41.8899 89.8097
659 41.8724 89.8101
940 41.8544 89.8105
961 41.8341 89.811
807 41.8127 89.8115
292 41.7926 89.8119
840 41.7743 89.8124
974 41.757 89.8128
437 41.7393 89.8132
877 41.7217 89.8136
539 41.7047 89.814
416 41.6872 89.8144
343 41.6703 89.8148
105 41.6533 89.8152
5 41.635 89.8156
62 41.6174 89.816
866 41.598 89.8165
165 41.5797 89.8169
541 41.5618 89.8173
559 41.5426 89.8178
952 41.5238 89.8182
215 40.8532 89.834
22 40.2112 89.849
193 39.6282 89.8627
230 38.8671 89.8806
713 38.1832 89.8967
806 37.2343 89.9189
859 36.3973 89.9386
241 36.2129 89.9429
761 35.9985 89.948
72 35.8472 89.9515
206 35.69 89.9552
53 35.5169 89.9593
752 35.3383 89.9635
265 35.1654 89.9675
763 34.9892 89.9717
428 34.7756 89.9767
638 34.6024 89.9807
129 34.4527 89.9843
766 34.2899 89.9881
389 34.1044 89.9924
181 33.8896 89.9975
309 33.6735 90.0026
569 33.45 90.0078
918 33.2046 90.0136
919 32.9819 90.0188
172 32.7631 90.0239
448 32.5397 90.0292
394 32.3069 90.0346
139 32.0487 90.0407
610 31.7723 90.0472
808 31.5363 90.0527
20 31.2898 90.0585
76 31.0544 90.0641
256 30.8332 90.0692
60 30.595 90.0748
146 30.3761 90.08
738 30.1416 90.0855
707 29.8881 90.0914
231 29.6228 90.0977
141 29.346 90.1042
885 29.0578 90.1109
73 28.8011 90.117
672 28.5506 90.1229
470 28.2974 90.1288
548 28.0334 90.135
150 27.7397 90.1419
271 27.459 90.1485
773 27.1658 90.1554
786 26.8589 90.1626
462 26.549 90.1699
120 26.3344 90.1749
521 26.0878 90.1807
550 25.8746 90.1857
333 25.6756 90.1904
296 25.5129 90.2091
392 25.3518 90.2276
28 25.148 90.2511
431 24.9393 90.2751
490 24.7476 90.2972
13 24.5494 90.32
227 24.381 90.3393
960 24.2309 90.3566
795 23.9583 90.388
36 23.6408 90.4245
288 23.3229 90.4611
833 23.0252 90.4954
183 22.7298 90.5294
753 22.4425 90.5624
593 22.1647 90.5944
15 21.876 90.6276
933 21.6047 90.6588
871 21.3418 90.6891
651 21.0835 90.7188
696 20.8207 90.749
456 20.5449 90.7808
491 20.2721 90.8122
409 20.0032 90.8431
50 19.7074 90.8772
750 19.4025 90.9122
441 19.4025 90.9122
768 19.4025 90.9122
44 19.4025 90.9122
776 19.4025 90.9122
631 19.4025 90.9122
96 19.4025 90.9122
611 19.4025 90.9122
306 19.0045 90.8405
714 18.5311 90.7551
430 17.9861 90.6568
711 15.2003 90.1536
301 12.0532 89.5856
90 9.49619 89.1242
426 9.49619 89.1242
75 9.49619 89.1242
628 9.49619 89.1242
988 9.49619 89.1242
712 9.49819 89.1165
435 9.49991 89.1098
115 9.50212 89.1013
138 9.50416 89.0934
447 9.50625 89.0853
695 9.50852 89.0766
380 9.51006 89.0706
200 9.51194 89.0633
446 9.51401 89.0553
364 9.51596 89.0478
827 9.51778 89.0408
803 9.51983 89.0328
585 9.52175 89.0254
953 9.52376 89.0177
868 9.52566 89.0103
39 9.52765 89.0027
405 9.52969 88.9948
568 9.53181 88.9866
17 9.53394 88.9784
637 9.53588 88.9709
199 9.53784 88.9633
247 9.53988 88.9554
153 9.54188 88.9477
95 9.5439 88.9399
300 9.54575 88.9327
815 9.54768 88.9253
213 9.54945 88.9184
914 9.56145 88.872
969 9.57341 88.8257
203 9.58659 88.7747
719 9.59737 88.733
263 9.60802 88.6918
678 9.6186 88.6509
106 9.62912 88.6102
736 9.6411 88.5638
973 9.65174 88.5227
557 9.66418 88.4746
718 9.67638 88.4274
1 9.68806 88.3822
325 9.70046 88.3342
169 9.71215 88.289
321 9.7243 88.242
31 9.73518 88.1999
905 9.74581 88.1587
401 9.75608 88.119
304 9.76626 88.0797
982 9.77767 88.0355
916 9.78874 87.9927
693 9.79915 87.9524
792 9.81054 87.9083
547 9.82108 87.8675
236 9.83125 87.8282
551 9.84384 87.7795
699 9.85444 87.7385
436 9.86567 87.6951
93 9.87602 87.655
442 9.88625 87.6155
386 9.89759 87.5716
240 9.9094 87.5259
892 9.92022 87.484
955 9.93079 87.4431
368 9.94047 87.4057
546 10.1356 86.5173
48 10.3258 85.6515
424 10.5128 84.8004
58 10.4911 84.2046
495 10.4678 83.5646
796 10.4419 82.8548
560 10.4198 82.2469
244 10.3983 81.6581
316 10.3769 81.0712
399 10.3529 80.4131
991 10.3274 79.7109
444 10.3042 79.0757
759 10.2787 78.3763
554 10.2504 77.5978
427 10.2192 76.7435
734 10.1943 76.06
944 10.1918 75.9908
178 10.189 75.9124
108 10.186 75.8304
119 10.1753 75.5391
272 10.1666 75.2985
680 10.1587 75.0825
97 10.1511 74.8726
500 10.1436 74.6679
14 10.1359 74.4559
890 10.129 74.2689
728 10.1216 74.0658
639 10.1139 73.8537
615 10.1066 73.6544
298 10.0983 73.4267
694 10.0901 73.2004
277 10.0823 72.9872
224 10.0749 72.7824
830 10.0673 72.5739
381 10.0579 72.316
433 10.0498 72.0951
517 10.0408 71.8476
686 10.0326 71.6234
570 10.0248 71.4101
556 9.9914 70.4931
657 9.9526 69.4289
376 9.90849 68.219
371 9.86827 67.1158
218 9.82805 66.0126
77 9.82805 66.0126
219 9.82805 66.0126
966 9.82805 66.0126
760 9.82805 66.0126
207 9.82805 66.0126
667 9.93266 65.9707
531 10.0451 65.9256
939 10.1521 65.8827
347 10.2666 65.8368
338 10.3846 65.7895
255 10.4911 65.7468
457 10.6023 65.7022
784 10.7212 65.6545
445 10.8273 65.612
3 10.9573 65.5599
665 11.0753 65.5126
81 11.2028 65.4615
131 11.3168 65.4157
607 11.4195 65.3746
948 11.5436 65.3248
630 11.6702 65.274
503 11.784 65.2284
374 11.8958 65.1836
860 12.0523 65.1209
346 12.2592 65.0379
162 12.4834 64.948
717 12.6846 64.8674
799 12.9192 64.7733
482 13.202 64.6599
879 13.4604 64.5564
398 13.7394 64.4445
114 14.0056 64.3377
192 14.2645 64.234
234 14.5242 64.1299
747 15.9837 63.5447
756 18.447 62.5571
897 18.7492 62.4359
589 19.0463 62.3168
601 19.4139 62.1695
137 19.8054 62.0125
411 19.8054 62.0125
196 19.8054 62.0125
524 19.8054 62.0125
924 19.8054 62.0125
739 19.8054 62.0125
502 19.8054 62.0125
735 19.8054 62.0125
565 19.8054 62.0125
132 19.8054 62.0125
720 19.8054 62.0125
79 19.8054 62.0125
382 19.8054 62.0125
266 19.8054 62.0125
429 19.6143 61.7505
846 19.2813 61.2939
981 18.9296 60.8117
59 18.596 60.3542
733 18.2653 59.9008
903 17.8892 59.3852
970 16.889 58.0134
463 15.8143 56.5394
956 15.4902 56.095
909 15.1209 55.5886
703 14.8377 55.2004
100 14.515 54.7578
749 14.2147 54.3461
222 13.9776 54.021
677 13.7607 53.7235
925 13.5315 53.4093
691 13.3163 53.1143
527 13.0581 52.7603
489 12.8318 52.4499
542 12.6223 52.1627
57 12.4054 51.8653
936 12.1997 51.5833
972 11.9992 51.3083
391 11.8105 51.0497
949 11.575 50.7268
496 11.3461 50.413
805 11.1135 50.094
122 10.8709 49.7613
328 9.98144 46.7158
771 9.98144 46.7158
384 9.98144 46.7158
341 9.98144 46.7158
373 9.98144 46.7158
312 9.98144 46.7158
47 9.98144 46.7158
534 9.98144 46.7158
758 9.98144 46.7158
352 9.98144 46.7158
123 9.98144 46.7158
423 9.98144 46.7158
46 9.98144 46.7158
228 9.98144 46.7158
770 9.98144 46.7158
958 9.98144 46.7158
116 9.98144 46.7158
157 9.98144 46.7158
499 9.98144 46.7158
330 9.98144 46.7158
212 9.98144 46.7158
128 9.98144 46.7158
708 9.98144 46.7158
849 9.98144 46.7158
303 9.99285 46.4508
166 10.0047 46.1768
214 10.0195 45.833
174 10.0401 45.3545
336 10.063 44.822
710 10.3514 38.1277
985 10.3842 37.3656
836 10.4156 36.6368
514 10.4395 36.0826
74 10.4618 35.5631
4 10.4762 35.2301
87 10.4875 34.9664
663 10.4989 34.7022
283 10.5204 34.2035
133 10.5439 33.6585
572 10.5652 33.163
990 10.5827 32.756
731 10.6023 32.3011
863 10.639 31.451
65 10.7043 29.9336
741 10.8592 26.3381
646 10.9549 24.1168
455 10.9549 24.1168
898 10.9549 24.1168
299 10.9549 24.1168
794 10.9549 24.1168
258 10.9549 24.1168
331 10.9549 24.1168
61 10.9549 24.1168
362 10.9549 24.1168
86 10.9549 24.1168
881 11.7942 19.1424
963 11.8685 18.7017
187 11.9554 18.186
348 12.0499 17.6248
682 12.1478 17.0442
629 12.2473 16.4535
722 12.3363 15.9252
412 12.3925 15.5919
812 12.4557 15.2167
402 13.0983 15.366
488 13.627 15.4888
211 14.104 15.5995
674 14.598 15.7143
366 15.1868 15.851
661 15.7741 15.9874
702 16.3306 16.1167
254 16.8009 16.2259
902 17.2458 16.3292
588 17.6341 16.4194
8 18.1242 16.5332
284 18.6145 16.6471
474 19.0242 16.7422
354 19.465 16.8446
643 19.6848 16.8957
673 19.8981 16.9452
337 27.1944 18.6387
307 27.7305 18.7632
669 28.2466 18.8831
261 28.8433 19.0216
709 28.9092 19.037
641 28.9745 19.0521
439 29.472 19.1677
221 30.0098 19.2926
278 30.567 19.422
467 35.2095 17.8309
26 35.2209 17.8247
246 35.2309 17.8193
160 35.2419 17.8133
111 35.3206 17.7703
822 35.3948 17.7297
626 35.4696 17.6888
64 35.547 17.6466
573 35.6325 17.5999
824 35.708 17.5586
704 36.1222 17.3323
310 36.5248 17.1123
407 36.9265 16.8929
518 37.33 16.6725
363 37.5092 17.5181
351 37.6993 18.4155
653 37.9775 19.7278
287 38.257 21.0468
934 38.7998 23.6069
935 39.3374 26.142
787 39.3943 26.4107
883 39.4497 26.6723
419 39.513 26.9707
379 39.6494 27.6147
250 39.7862 28.2603
164 39.9089 28.8395
191 40.038 29.4487
289 40.1577 30.0138
19 40.2966 30.669
679 40.3843 31.0832
7 42.4292 32.1433
276 46.5896 34.3003
870 47.1553 34.5936
421 47.5857 34.8167
785 48.0817 35.0739
716 48.5818 35.3332
63 49.0602 35.5812
906 49.4854 35.8016
848 49.8879 36.0103
66 50.2978 36.2228
197 50.6936 36.428
930 51.1236 36.6509
69 51.5178 36.8553
492 51.9248 37.0663
821 51.9248 37.0663
358 51.9248 37.0663
675 51.9248 37.0663
828 51.9248 37.0663
45 51.9248 37.0663
594 51.9248 37.0663
472 51.9248 37.0663
356 51.9248 37.0663
606 55.8901 36.6367
644 56.4418 36.5769
875 56.6453 36.1847
209 56.9108 35.6729
873 57.1531 35.2059
355 57.3338 34.8577
377 57.5241 34.4909
634 57.7223 34.1089
458 57.9297 33.709
844 58.1494 33.2855
959 58.5204 32.5705
314 58.7528 32.1223
55 59.0396 31.5697
751 59.3131 31.0423
555 59.6126 30.4651
865 59.9091 29.8936
681 60.3457 29.052
295 61.0166 27.7589
781 61.4733 26.8786
27 62.0101 25.8438
6 63.1408 23.6646
831 64.8122 20.4433
103 67.5172 15.231
819 68.1122 15.4584
504 68.7374 15.6972
581 69.3323 15.9246
777 69.9968 16.1785
598 70.9867 16.5567
176 71.9507 16.925
721 73.3278 17.4512
24 75.0374 18.1044
