0,98,835,590,520,33,242,198,838,170,107,884,387,951,136,497,684,977,932,195,152,852,506,656,867,201,900,102,975,334,420,941,767,583,70,232,466,425,553,485,842,670,592,920,314,323,29,967,274,606,745,609,850,63,594,675,492,377,926,358,143,43,498,357,644,538,762,190,793,519,647,286,843,396,478,623,117,942,51,110,173,904,238,907,650,668,515,208,671,986,9,432,617,968,68,605,855,84,743,654,921,280,800,582,632,335,229,987,315,18,460,179,727,575,317,83,857,468,112,832,67,378,393,847,340,595,509,395,937,332,528,465,837,744,71,962,290,204,383,385,660,450,579,775,818,159,889,417,740,648,311,322,725,372,685,25,473,928,580,353,464,823,992,158,813,817,185,620,251,149,983,820,318,135,893,494,864,285,666,481,845,544,145,622,42,477,742,854,816,887,140,259,861,584,880,911,690,313,931,177,52,297,801,984,273,567,754,856,118,415,980,369,618,91,82,826,940,779,523,350,769,636,947,109,802,895,193,94,40,12,541,292,530,516,814,305,241,344,416,774,343,105,5,536,746,62,367,866,165,156,408,737,851,896,23,952,511,202,532,961,882,434,624,375,559,874,245,713,763,126,649,206,406,642,540,919,548,539,256,877,2,172,319,840,129,470,672,918,786,389,392,659,394,320,613,569,239,449,76,306,448,766,139,960,265,309,738,859,752,611,22,437,271,53,215,72,631,181,15,146,28,73,707,885,808,593,768,773,92,428,253,974,41,150,44,521,20,491,409,430,635,270,614,60,795,638,689,296,231,230,418,36,954,825,982,288,699,871,560,227,13,431,490,916,696,120,651,96,610,424,399,714,462,761,753,441,833,17,93,712,95,244,183,304,456,115,138,236,914,719,263,678,106,200,736,973,718,1,444,693,446,792,988,380,435,827,213,750,199,557,637,803,933,50,447,568,364,711,776,405,300,815,585,39,868,953,203,969,944,368,469,495,58,442,780,48,546,401,325,892,240,386,436,153,247,301,547,487,333,796,168,886,400,88,551,360,108,860,346,178,695,697,207,728,554,628,570,991,905,169,31,316,433,14,955,657,556,75,321,890,830,90,615,298,759,224,426,694,381,249,327,113,99,339,429,526,924,950,888,184,946,550,502,500,119,639,443,374,701,162,680,272,97,130,361,726,81,371,966,427,667,457,717,445,607,703,686,122,565,376,784,948,879,277,347,255,531,234,799,939,665,734,747,398,764,77,841,214,373,849,527,589,328,760,182,925,771,489,116,909,166,936,805,330,341,218,222,749,46,128,303,770,505,990,534,57,731,858,652,352,384,423,154,463,499,123,312,47,212,157,677,691,772,758,542,972,233,708,279,981,131,142,938,517,338,3,100,956,114,630,957,324,336,503,196,329,219,698,552,482,846,901,510,927,970,382,705,79,720,735,897,739,411,275,192,524,349,599,308,493,59,839,903,587,971,56,359,601,600,132,608,658,141,479,167,252,220,872,578,574,163,390,604,501,326,965,124,537,789,730,266,454,223,757,562,225,16,662,806,561,755,189,294,564,226,563,484,807,248,976,571,134,878,804,291,591,144,621,782,80,171,910,54,513,453,964,35,186,923,85,282,798,810,440,235,765,472,625,216,161,577,188,597,945,512,676,264,809,461,683,342,293,101,715,596,365,724,404,281,471,791,788,894,912,459,137,21,645,558,732,269,175,545,922,733,237,30,104,576,410,533,370,210,302,535,778,127,876,180,688,422,633,640,756,267,729,403,929,34,603,451,89,507,891,397,49,413,619,508,391,147,11,700,174,78,797,985,65,354,787,278,869,829,783,480,388,612,723,414,438,37,475,543,525,748,913,687,121,602,661,486,943,205,572,908,125,32,958,616,87,863,949,655,496,148,476,228,663,898,86,514,299,673,268,10,133,455,74,794,331,283,836,412,362,258,187,474,4,710,963,812,61,488,348,629,366,722,211,588,881,682,646,402,674,8,254,669,824,741,221,284,287,704,337,702,310,351,653,518,573,643,363,834,822,307,899,902,439,246,626,883,160,111,26,379,407,709,64,641,915,549,679,66,191,917,706,566,862,848,155,356,529,811,38,467,664,692,853,7,421,194,586,151,989,522,458,716,262,276,217,790,355,906,870,69,875,978,844,681,930,452,785,419,555,821,634,828,934,865,27,250,873,197,19,257,209,289,935,261,164,781,751,777,55,959,581,45,504,819,831,24,295,598,6,721,176,103,979,483,345,627,260,243,
value : 516.874 running time : 31.375211
0 80 20
98 82.3318 32.5044
835 82.6635 34.9146
590 82.8974 36.6133
520 83.1618 38.5341
33 83.4569 40.678
242 84.2479 46.4293
198 84.4263 47.7254
838 84.5543 48.6544
170 84.663 49.444
107 84.7452 50.0403
884 84.8128 50.5312
387 84.8756 50.9867
951 84.935 51.4182
136 84.9949 51.8529
497 85.0554 52.2918
684 83.2909 53.2618
977 81.8279 54.0661
932 80.4849 54.8044
195 79.1586 55.5335
152 77.1408 56.6428
852 76.7724 56.8453
506 76.457 57.0188
656 75.019 57.8093
867 73.8742 58.4386
201 73.8283 58.2614
900 73.7816 58.0813
102 73.72 57.844
975 73.6584 57.6063
334 73.4965 56.9829
420 73.3268 56.3298
941 73.1507 55.6515
767 72.9722 54.9646
583 72.7914 54.2686
70 72.616 53.5932
232 72.4477 52.9453
466 72.308 52.4073
425 72.2082 52.0228
553 72.1111 51.6485
485 72.014 51.2743
842 71.9143 50.8903
670 71.814 50.5039
592 71.7168 50.1292
920 71.6235 49.7697
314 71.5349 49.4282
323 71.5349 49.4282
29 71.5349 49.4282
967 71.5349 49.4282
274 71.5349 49.4282
606 70.1694 49.3391
745 68.6966 49.243
609 66.4711 49.098
850 63.8699 48.9289
63 62.4781 48.8386
594 62.4038 48.8337
675 62.3317 48.8289
492 62.2597 48.8242
377 62.2597 48.8242
926 62.1487 49.1637
358 62.0366 49.5067
143 61.5802 50.9006
43 61.0911 52.3944
498 60.4813 54.2556
357 60.4813 54.2557
644 60.4813 54.2557
538 60.4813 54.2557
762 60.4813 54.2557
190 60.4813 54.2557
793 60.4813 54.2557
519 60.4813 54.2557
647 60.4813 54.2557
286 60.4813 54.2557
843 60.4813 54.2557
396 60.5317 55.8427
478 60.5813 57.4068
623 60.6332 59.0455
117 60.6957 61.0134
942 60.7694 63.3214
51 60.8393 65.5075
110 60.843 65.6272
173 60.831 65.9381
904 60.8195 66.2356
238 60.8095 66.494
907 60.7992 66.7611
650 60.7879 67.0545
668 60.7759 67.364
515 60.7641 67.6706
208 60.7516 67.9944
671 60.7392 68.3144
986 60.7291 68.5762
9 60.7242 68.7039
432 60.7196 68.8238
617 60.7152 68.9377
968 60.7106 69.0552
68 60.706 69.1763
605 60.7011 69.3042
855 60.6962 69.4296
84 60.691 69.5642
743 60.6854 69.7089
654 60.6409 70.8589
921 60.5996 71.9282
280 60.5751 72.5603
800 60.5633 72.8676
582 60.552 73.1597
632 60.5409 73.4478
335 60.5297 73.7367
229 60.5202 73.9841
987 60.5113 74.2146
315 60.5021 74.454
18 60.4929 74.692
460 60.4842 74.9179
179 60.4752 75.1492
727 60.4752 75.1492
575 60.4753 75.1492
317 60.4753 75.1492
83 60.4753 75.1492
857 60.4753 75.1492
468 60.4753 75.1492
112 61.1526 75.2824
832 61.8309 75.4157
67 62.5317 75.5535
378 63.2127 75.6874
393 63.9394 75.8303
847 64.649 75.9698
340 65.3597 76.1096
595 66.0781 76.2508
509 67.5309 76.537
395 69.0099 76.8284
937 70.3209 77.0867
332 71.7363 77.3656
528 72.6788 77.5511
465 73.0452 77.623
837 73.3884 77.6903
744 73.7231 77.756
71 74.0572 77.8216
962 74.4056 77.8899
290 74.7571 77.9589
204 75.0844 78.0232
383 75.0858 78.0235
385 78.9173 79.4106
660 82.9244 80.8617
450 82.9244 80.8617
579 82.9244 80.8617
775 83.1053 81.0059
818 83.4155 81.2533
159 83.8331 81.5864
889 84.2972 81.9565
417 84.4931 82.1127
740 84.7433 82.3122
648 85.0041 82.5202
311 85.2786 82.7392
322 85.5385 82.9465
725 85.7672 83.1288
372 85.9997 83.3143
685 85.442 83.8353
25 84.7571 84.475
473 82.6732 86.422
928 80.18 88.7514
580 76.2867 90.0993
353 74.9928 90.5473
464 73.996 90.8925
823 73.572 91.0393
992 73.1883 91.1722
158 72.9945 91.2393
813 72.8016 91.3062
817 72.6019 91.3753
185 72.4266 91.4361
620 72.4266 91.4361
251 72.4266 91.4361
149 72.4266 91.4361
983 72.4266 91.4361
820 72.2459 91.3662
318 72.0352 91.2847
135 71.8294 91.2051
893 71.528 91.0885
494 71.1419 90.9392
864 70.7081 90.7714
285 70.2551 90.5963
666 69.7986 90.4197
481 69.3089 90.2304
845 68.8929 90.0695
544 68.4811 89.9103
145 68.0512 89.744
622 67.6276 89.5802
42 67.2147 89.4206
477 66.8037 89.2616
742 66.4166 89.1119
854 65.6501 88.8156
816 64.3117 88.2982
887 63.2488 87.8873
140 62.541 87.6137
259 62.3832 87.5527
861 62.2356 87.4956
584 62.2356 87.4956
880 62.2356 87.4956
911 62.2356 87.4956
690 62.1296 87.4207
313 62.0266 87.3479
931 61.9266 87.2772
177 61.83 87.209
52 61.7312 87.1392
297 61.6185 87.0596
801 61.5071 86.9809
984 61.4016 86.9063
273 61.2934 86.8298
567 61.179 86.7491
754 61.0635 86.6674
856 60.952 86.5886
118 59.8117 85.7827
415 58.693 84.9919
980 57.7584 84.3314
369 56.5553 83.481
618 55.3656 82.6401
91 53.2979 81.1785
82 52.0286 80.2812
826 51.1013 79.6259
940 50.2464 79.0217
779 49.3561 78.3925
523 49.3519 78.4316
350 49.3164 78.7568
769 49.2783 79.1064
636 49.2343 79.5099
947 49.1929 79.89
109 49.1581 80.2089
802 49.0919 80.8165
895 49.0173 81.5009
193 48.9347 82.2586
94 48.8532 83.0064
40 48.6815 84.582
12 48.548 85.8065
541 48.3666 87.4715
292 48.349 87.6329
530 48.315 87.9452
516 48.2776 88.2881
814 48.2433 88.6025
305 48.2093 88.9149
241 48.1767 89.2135
344 48.135 89.5966
416 48.1136 89.588
774 48.0946 89.5804
343 48.0746 89.5723
105 48.0554 89.5646
5 48.0356 89.5566
536 48.0155 89.5485
746 47.9957 89.5405
62 47.9758 89.5325
367 47.9555 89.5243
866 47.9346 89.5159
165 47.9143 89.5077
156 47.894 89.4995
408 47.8735 89.4913
737 47.8538 89.4833
851 47.8321 89.4746
896 47.8107 89.4659
23 47.7887 89.457
952 47.7273 89.4323
511 47.666 89.4076
202 47.603 89.3822
532 47.534 89.3544
961 47.4641 89.3262
882 47.3922 89.2972
434 47.2853 89.2541
624 47.0761 89.1698
375 46.7478 89.0375
559 46.418 88.9046
874 46.068 88.7635
245 45.6479 88.5942
713 45.1519 88.3943
763 44.608 88.1751
126 44.054 87.9518
649 43.4002 87.6882
206 42.9378 87.5019
406 42.4604 87.3094
642 41.8507 87.0637
540 41.0902 86.7571
919 40.7948 86.873
548 40.5361 86.9744
539 40.2982 87.0677
256 40.0523 87.1641
877 39.8247 87.2534
2 39.6053 87.3395
172 39.4024 87.4191
319 39.2068 87.4958
840 38.9823 87.5838
129 38.7523 87.674
470 38.5178 87.766
672 38.3019 87.8507
918 38.1046 87.9281
786 37.9246 87.9987
389 37.7759 88.057
392 37.6176 88.1191
659 37.4664 88.1784
394 37.2906 88.2473
320 37.1177 88.3152
613 36.6564 88.4961
569 36.261 88.6511
239 35.8653 88.8064
449 35.1541 89.0852
76 34.3045 89.4183
306 33.6684 89.6678
448 33.6001 89.6946
766 33.5292 89.7224
139 33.44 89.7574
960 33.3523 89.7917
265 33.2706 89.8238
309 33.1881 89.8562
738 33.0993 89.891
859 33.0094 89.9262
752 32.926 89.9589
611 32.8416 89.9921
22 32.7737 90.0187
437 32.7041 90.046
271 32.6275 90.076
53 32.5539 90.1049
215 32.4795 90.1341
72 31.8722 90.3722
631 31.2131 90.6307
181 30.7484 90.8129
15 28.2022 91.8111
146 28.2022 91.8111
28 28.2022 91.8111
73 28.2022 91.8111
707 28.2022 91.8111
885 28.2022 91.8111
808 28.2022 91.8111
593 28.2022 91.8111
768 28.2022 91.8111
773 28.2022 91.8111
92 28.2022 91.8111
428 28.2022 91.8111
253 28.2022 91.8111
974 28.2022 91.8111
41 28.1929 91.502
150 28.1852 91.2436
44 28.1776 90.9867
521 28.1697 90.7223
20 28.1601 90.4018
491 28.149 90.0322
409 28.1288 89.3596
430 28.1024 88.4851
635 27.9706 84.1585
270 27.9706 84.1585
614 27.9706 84.1585
60 27.7947 84.2379
795 27.6166 84.3183
638 27.4366 84.3996
689 27.2514 84.4832
296 27.0145 84.5901
231 26.7703 84.7004
230 26.5018 84.8215
418 25.5491 85.2515
36 24.627 85.6676
954 23.8589 86.0143
825 22.5122 86.622
982 21.4255 87.1124
288 21.2348 87.1984
699 21.0386 87.287
871 20.8706 87.3628
560 20.7126 87.4342
227 20.5595 87.5033
13 20.4602 87.5481
431 20.3674 87.59
490 20.2709 87.6336
916 20.1718 87.6783
696 20.0771 87.721
120 19.9806 87.7646
651 19.8584 87.8198
96 19.7405 87.873
610 19.468 87.996
424 19.1731 88.1291
399 18.8533 88.2734
714 18.564 88.404
462 18.3058 88.4542
761 18.0614 88.5017
753 17.7835 88.5558
441 17.5072 88.6095
833 17.2057 88.6681
17 16.8841 88.7307
93 16.5673 88.7923
712 16.2557 88.8529
95 15.9371 88.9148
244 15.6399 88.9726
183 15.3265 89.0336
304 14.9893 89.0991
456 14.6843 89.1584
115 14.2698 89.239
138 13.836 89.3233
236 13.435 89.4013
914 13.055 89.4752
719 12.7303 89.5383
263 12.4471 89.5934
678 12.211 89.6393
106 12.0092 89.6785
200 11.8307 89.7133
736 11.6599 89.7465
973 11.4979 89.778
718 11.33 89.8107
1 11.168 89.8422
444 11.0073 89.8735
693 10.8519 89.9037
446 10.7003 89.9332
792 10.5464 89.9631
988 10.402 89.9912
380 10.4044 89.9822
435 10.4067 89.9731
827 10.4091 89.9638
213 10.4115 89.9545
750 10.4328 89.8719
199 10.4565 89.7801
557 10.4803 89.688
637 10.5034 89.5986
803 10.5262 89.5102
933 10.549 89.4218
50 10.5727 89.3299
447 10.5947 89.245
568 10.6172 89.1578
364 10.6401 89.069
711 10.6627 88.9814
776 10.6868 88.8882
405 10.7228 88.7487
300 10.762 88.5966
815 10.799 88.4532
585 10.8342 88.3169
39 10.8772 88.1506
868 10.9277 87.9547
953 11.003 87.663
203 11.0859 87.342
969 11.1585 87.0606
944 11.2467 86.7191
368 11.3076 86.483
469 11.374 86.2258
495 11.4344 85.992
58 11.495 85.7571
442 11.5528 85.5333
780 11.617 85.2844
48 11.6758 85.0568
546 11.7322 84.8382
401 11.7876 84.6236
325 11.8487 84.387
892 11.9081 84.1566
240 11.9678 83.9255
386 12.0256 83.7017
436 12.0911 83.4479
153 12.1546 83.2017
247 12.2256 82.9267
301 12.3044 82.6213
547 12.4031 82.2393
487 12.733 80.9613
333 12.9807 80.0016
796 12.9544 79.9588
168 12.929 79.9175
886 12.9036 79.8762
400 12.8772 79.8332
88 12.8521 79.7923
551 12.826 79.7499
360 12.8006 79.7086
108 12.7738 79.6649
860 12.7466 79.6205
346 12.7203 79.5778
178 12.6948 79.5363
695 12.6706 79.497
697 12.6437 79.4531
207 11.3156 77.2909
728 11.2916 77.2517
554 11.2683 77.2138
628 11.246 77.1776
570 11.2227 77.1396
991 11.1996 77.102
905 11.1773 77.0658
169 11.1546 77.0287
31 11.1314 76.991
316 11.1081 76.9531
433 11.0823 76.9111
14 11.0572 76.8703
955 11.0356 76.8351
657 11.0125 76.7975
556 10.9902 76.7612
75 10.9683 76.7255
321 10.9466 76.6901
890 10.9242 76.6538
830 10.9023 76.618
90 10.8807 76.583
615 10.8595 76.5484
298 10.8378 76.5131
759 10.8172 76.4795
224 10.7958 76.4447
426 10.776 76.4125
694 10.7556 76.3792
381 10.7363 76.3478
249 12.892 76.9121
327 12.944 72.6429
113 12.944 72.6429
99 12.944 72.6429
339 12.944 72.6429
429 12.944 72.6429
526 12.944 72.6429
924 12.944 72.6429
950 12.944 72.6429
888 12.944 72.6429
184 12.944 72.6429
946 12.9439 72.6429
550 12.9439 72.6429
502 12.8755 72.4042
500 12.8098 72.1748
119 12.7422 71.939
639 12.6788 71.7177
443 12.6161 71.499
374 12.5379 71.2264
701 12.454 70.9337
162 12.3659 70.6261
680 12.2769 70.3156
272 12.189 70.009
97 12.1031 69.7091
130 12.018 69.4122
361 11.9384 69.1346
726 11.8505 68.8278
81 11.7263 68.3943
371 11.6057 67.9737
966 11.4992 67.602
427 11.4121 67.2983
667 11.3237 66.9898
457 11.2321 66.6701
717 11.0695 66.103
445 10.9121 65.5535
607 10.7259 64.9038
703 10.4825 64.0547
686 10.2602 63.2787
122 9.81027 61.7084
565 9.77957 61.6013
376 9.74979 61.4974
784 9.71959 61.392
948 9.68974 61.2879
879 9.65636 61.1714
277 9.6215 61.0498
347 9.58423 60.9198
255 9.5478 60.7927
531 9.50945 60.6589
234 9.47265 60.5305
799 9.43648 60.4043
939 9.39787 60.2697
665 9.35866 60.1328
734 9.31145 59.9681
747 9.26184 59.795
398 9.21271 59.6236
764 9.00167 58.8872
77 8.7623 58.0519
841 8.19746 56.0804
214 7.89807 55.0357
373 7.61896 54.0617
849 7.38529 53.2464
527 7.16133 52.465
589 6.93359 51.6704
328 6.47713 50.0772
760 6.72673 50.2997
182 6.97838 50.5242
925 7.23594 50.7539
771 7.49358 50.9837
489 7.49358 50.9837
116 7.49359 50.9837
909 7.49359 50.9837
166 7.4936 50.9837
936 7.4936 50.9837
805 7.49361 50.9838
330 7.49361 50.9838
341 7.49362 50.9838
218 7.49362 50.9838
222 7.49362 50.9838
749 7.49363 50.9838
46 7.49363 50.9838
128 7.49364 50.9838
303 7.49364 50.9838
770 7.49365 50.9838
505 7.49365 50.9838
990 7.49365 50.9838
534 7.49366 50.9839
57 7.49366 50.9839
731 7.49367 50.9839
858 7.49367 50.9839
652 7.49368 50.9839
352 7.49368 50.9839
384 7.49369 50.9839
423 7.49369 50.9839
154 7.49369 50.9839
463 7.4937 50.9839
499 7.4937 50.9839
123 7.62845 51.2368
312 7.7765 51.5146
47 7.9489 51.838
212 8.12294 52.1645
157 8.43446 52.7488
677 8.81185 53.4566
691 9.15825 54.1063
772 9.44122 54.637
758 9.61371 54.9607
542 9.79224 55.2956
972 9.97805 55.6442
233 10.1615 55.9884
708 10.1615 55.9884
279 10.1615 55.9884
981 10.1615 55.9884
131 10.1615 55.9884
142 10.1615 55.9884
938 10.8863 57.9737
517 11.7772 60.4144
338 12.2736 60.6689
3 12.7313 60.9036
100 13.1885 61.138
956 14.3084 61.7124
114 15.223 62.1814
630 16.1411 62.6523
957 17.0381 63.1123
324 17.1205 63.1545
336 17.1835 63.1868
503 17.2497 63.2208
196 17.3169 63.2552
329 17.3859 63.2906
219 17.453 63.325
698 17.5241 63.3614
552 17.9451 63.5774
482 18.317 63.7681
846 18.7184 63.9739
901 19.0931 64.1661
510 19.4222 64.3348
927 19.665 64.4593
970 19.8847 64.572
382 20.1477 64.7068
705 20.3922 64.8322
79 20.6422 64.9604
720 20.8874 65.0861
735 21.1159 65.2033
897 21.3446 65.3206
739 21.5767 65.4396
411 21.8417 65.5755
275 22.113 65.7146
192 22.3745 65.8487
524 22.8467 66.0909
349 23.4116 66.3806
599 23.9638 66.6638
308 24.5132 66.9455
493 24.8695 67.1282
59 25.1709 67.2828
839 25.5815 67.4934
903 25.9638 68.0503
587 26.3674 68.6384
971 26.789 69.2527
56 27.2494 69.9235
359 27.4943 70.2803
601 27.7398 70.6381
600 28.0541 71.0961
132 28.3882 71.5829
608 29.1712 72.7236
658 29.6244 73.3839
141 30.1167 74.1012
479 30.1167 74.1012
167 30.1167 74.1012
252 30.1167 74.1012
220 30.1167 74.1012
872 30.1167 74.1012
578 30.1167 74.1012
574 30.1167 74.1012
163 30.1167 74.1012
390 30.1167 74.1012
604 30.1167 74.1012
501 30.1167 74.1012
326 30.1167 74.1012
965 30.3379 74.0056
124 30.5539 73.9122
537 30.7718 73.8181
789 31.0059 73.7169
730 31.2559 73.6089
266 31.5105 73.4989
454 31.792 73.3772
223 32.0859 73.2502
757 32.3939 73.1171
562 36.0311 71.545
225 36.157 71.4906
16 36.2736 71.4402
662 36.5078 71.339
806 36.7517 71.2336
561 37.1288 71.0706
755 37.6234 70.8569
189 37.9026 70.7362
294 38.2423 70.5894
564 38.5644 70.4502
226 38.8296 70.3356
563 39.1277 70.2067
484 39.3497 70.1108
807 39.5531 70.0229
248 39.8235 69.9061
976 40.0542 69.8064
571 40.2867 69.7059
134 40.6453 69.5509
878 40.9775 69.4073
804 41.3782 69.2342
291 41.7464 69.075
591 42.1343 68.9074
144 43.0427 68.5148
621 44.0646 68.0731
782 44.4803 67.8935
80 44.7449 67.4477
171 45.0208 66.983
910 45.3113 66.4934
54 45.6265 65.9625
513 45.9595 65.4013
453 46.3515 64.7407
964 46.737 64.0911
35 47.0619 63.5437
186 47.2795 63.1772
923 47.4464 62.896
85 47.5994 62.6385
282 47.5994 62.6385
798 47.5994 62.6384
810 47.5994 62.6384
440 47.5994 62.6384
235 47.6616 61.5958
765 47.7174 60.661
472 47.7691 59.7932
625 47.775 59.6957
216 47.7808 59.6006
161 47.7866 59.5053
577 47.7925 59.4091
188 47.7983 59.3134
597 47.804 59.2182
945 47.8098 59.1235
512 47.8154 59.031
676 47.8154 59.031
264 47.8154 59.031
809 47.8154 59.031
461 47.8154 59.031
683 47.8154 59.031
342 47.8154 59.031
293 47.8154 59.031
101 46.0335 59.7019
715 43.4276 60.6831
596 42.1273 61.1726
365 41.3263 61.4742
724 40.6889 61.7142
404 40.6889 61.7142
281 40.6889 61.7142
471 40.6889 61.7142
791 40.6888 61.7142
788 40.3079 61.3526
894 40.0816 61.1378
912 39.7603 60.8327
459 39.4343 60.5233
137 39.1089 60.2144
21 38.7846 59.9065
645 38.4494 59.5884
558 38.1076 59.2639
732 37.7529 58.9272
269 37.3896 58.5823
175 37.0595 58.269
545 36.7277 57.9541
922 36.45 57.6904
733 36.1803 57.4343
237 35.9848 57.2487
30 35.7922 57.0658
104 35.5981 56.8814
576 35.3989 56.6923
410 35.1927 56.4965
533 34.7571 56.0831
370 34.2914 55.6411
210 33.8072 55.1816
302 33.3188 54.7181
535 32.8488 54.2721
778 32.6316 54.0659
127 32.4178 53.8628
876 32.2047 53.6604
180 31.9891 53.4557
688 31.7676 53.2454
422 31.5489 53.0377
633 31.4605 52.9537
640 31.3727 52.8703
756 31.2856 52.7876
267 31.1984 52.7047
729 31.1113 52.622
403 31.0243 52.5393
929 30.9419 52.4611
34 30.8604 52.3836
603 30.7799 52.307
451 30.6996 52.2308
89 30.301 51.6465
507 29.8862 51.0386
891 29.3826 50.3005
397 28.8703 49.5494
49 28.3791 48.8295
413 27.8794 48.097
619 27.3653 47.3433
508 26.8328 46.5629
391 26.2787 45.7506
147 25.7058 44.9108
11 24.8983 43.7266
700 24.065 42.5048
174 23.5143 41.6974
78 22.9126 40.8154
797 22.3175 39.9431
985 21.7064 39.047
65 23.0503 38.8855
354 24.4871 38.7127
787 25.547 38.5854
278 25.8336 38.5511
869 26.1143 38.5176
829 26.3942 38.4841
783 26.6788 38.45
480 26.9474 38.4179
388 26.7637 38.3627
612 26.5798 38.3074
723 26.392 38.251
414 26.2047 38.1947
438 26.0189 38.1389
37 25.8331 38.083
475 25.6467 38.027
543 25.4585 37.9704
525 25.2677 37.9131
748 25.0712 37.854
913 24.8703 37.7936
687 23.3634 37.3393
121 21.5897 36.8044
602 19.6659 36.2242
661 17.7346 35.6418
486 17.7346 35.6418
943 17.7345 35.6418
205 17.7345 35.6418
572 17.7344 35.6417
908 18.2552 37.5763
125 18.1236 37.3444
32 17.9941 37.1164
958 17.8625 36.8846
616 17.7616 36.7068
87 17.6575 36.5233
863 17.5602 36.352
949 17.4655 36.1851
655 17.354 35.9886
496 17.2321 35.7741
148 17.0138 35.3896
476 16.7497 34.9244
228 16.3914 34.2934
663 15.9216 33.4662
898 12.1559 26.8382
86 12.1586 26.8065
514 12.1615 26.7715
299 12.1645 26.7357
673 12.1675 26.7003
268 12.1704 26.6656
10 12.1732 26.6315
133 12.1766 26.5913
455 12.18 26.5511
74 12.1833 26.5112
794 12.1867 26.471
331 12.1901 26.4301
283 12.1935 26.3898
836 12.2957 25.1513
412 12.4004 23.881
362 12.51 22.5529
258 12.6243 21.1686
187 12.7355 19.8215
474 12.7355 19.8214
4 12.7355 19.8213
710 12.8243 18.9084
963 12.9535 17.5806
812 13.2394 14.6475
61 13.2846 14.6537
488 13.3353 14.6608
348 13.3847 14.6676
629 13.4336 14.6743
366 13.4836 14.6813
722 13.5329 14.6881
211 13.7577 14.7191
588 13.9858 14.7505
881 14.2174 14.7824
682 14.4645 14.8165
646 14.7238 14.8522
402 15.755 14.9939
674 16.8382 15.1428
8 18.1288 15.3201
254 19.4119 15.4964
669 20.6053 15.6604
824 21.4191 15.7723
741 21.6497 15.8041
221 25.5543 16.3393
284 27.0811 15.91
287 28.6563 15.4672
704 29.5945 15.2033
337 30.4123 14.9732
702 31.1262 14.7723
310 31.9497 14.5407
351 32.7184 14.3244
653 33.4567 14.1167
518 33.6654 14.0579
573 33.1998 15.4621
643 32.7082 16.9448
363 32.2751 18.2511
834 31.8282 19.5991
822 31.7508 19.8319
307 31.675 20.0603
899 31.602 20.2801
902 31.5553 20.4206
439 31.5106 20.5553
246 31.4663 20.6886
626 31.4219 20.8222
883 31.3775 20.9558
160 31.3326 21.091
111 31.2913 21.2153
26 31.2497 21.3405
379 31.207 21.469
407 31.1654 21.5941
709 30.9729 22.1745
64 30.7839 22.7442
641 30.588 23.3346
915 32.3947 25.8911
549 34.7957 29.2881
679 37.4654 33.0652
66 39.9357 36.5601
191 39.9357 36.5601
917 39.9357 36.5601
706 39.9357 36.5601
566 39.9357 36.5601
862 39.9357 36.5601
848 39.9357 36.5601
155 39.9357 36.5601
356 39.9357 36.5601
529 39.9357 36.5601
811 39.9357 36.5601
38 39.9357 36.5601
467 39.9507 36.5662
664 39.9657 36.5723
692 40.2217 36.6765
853 40.4775 36.7805
7 40.7362 36.8858
421 41.0062 36.9956
194 41.2711 37.1034
586 41.5127 37.2017
151 41.7612 37.3028
989 43.1069 37.8498
522 44.5381 38.4316
458 46.0336 39.0394
716 47.1703 39.5014
262 48.2331 39.9335
276 48.3206 39.6756
217 48.4144 39.3993
790 48.5098 39.1181
355 48.6087 38.8266
906 48.698 38.5635
870 48.7904 38.291
69 48.8859 38.0095
875 48.9967 37.6831
978 49.1262 37.3015
844 49.2833 36.8384
681 49.4495 36.3487
930 49.6032 35.8958
452 49.7616 35.4291
785 50.1792 34.1988
419 50.5417 33.1308
555 50.696 32.676
821 50.8351 32.2662
634 50.7819 32.1004
828 50.7253 31.9238
934 50.6668 31.7414
865 50.6155 31.5817
27 50.5646 31.423
250 50.5127 31.2612
873 50.4616 31.102
197 50.4092 30.9386
19 50.3571 30.7764
257 50.3041 30.6111
209 50.252 30.4486
289 50.1992 30.2839
935 50.1455 30.1165
261 50.0921 29.95
164 52.1239 29.1571
781 54.2348 28.3333
751 56.3787 27.4967
777 58.5054 26.6667
55 58.5054 26.6667
959 58.5054 26.6667
581 58.5054 26.6667
45 58.5054 26.6667
504 60.1764 24.6507
819 60.8518 23.8358
831 61.4937 23.0614
24 62.2773 22.116
295 62.9467 21.3082
598 63.5863 20.5365
6 64.1899 19.8082
721 66.884 16.5583
176 67.5858 15.7115
103 68.2314 14.9325
979 77.8987 15.1462
483 84.3401 15.2891
345 84.3401 15.2891
627 84.3401 15.2891
260 83.875 15.7944
243 83.2916 16.4279
