0,721,483,243,260,979,345,98,627,33,835,520,590,45,592,232,70,932,466,609,745,670,274,425,323,506,884,951,170,920,838,850,107,195,941,497,583,334,198,967,553,136,242,387,332,684,383,977,889,740,528,450,660,311,372,473,25,71,648,417,204,725,322,159,928,685,864,742,845,318,158,42,273,149,135,494,251,983,820,580,618,23,285,353,464,992,823,856,620,52,666,434,544,882,465,931,259,477,816,737,984,40,817,818,744,622,854,893,83,813,847,887,837,579,67,775,481,297,290,378,145,832,937,654,668,727,173,962,538,852,767,650,907,420,385,900,867,975,201,110,152,393,340,656,102,964,478,926,357,577,647,396,595,238,190,85,143,519,875,117,68,906,293,217,732,558,798,161,286,264,453,498,492,188,791,625,35,84,987,968,515,617,986,468,51,369,671,229,861,605,904,636,880,280,18,395,460,582,769,801,563,343,642,690,12,584,202,567,185,754,177,317,774,911,952,814,575,105,305,320,536,118,319,179,5,516,367,313,766,165,746,309,206,449,541,713,569,53,738,960,752,271,344,974,62,181,72,22,392,394,548,874,230,231,375,539,763,896,511,624,156,961,532,559,408,866,980,239,129,241,406,437,826,189,82,223,248,294,806,807,561,215,389,638,416,60,840,335,947,140,245,193,562,564,659,940,540,415,851,895,225,315,855,144,800,432,782,632,112,755,513,126,94,530,163,857,779,802,282,440,208,9,509,134,109,743,921,762,216,683,894,91,80,676,912,574,359,715,576,291,390,175,410,878,804,910,308,523,235,56,459,237,733,689,976,596,350,724,454,872,901,720,919,649,604,252,171,270,292,484,2,333,662,773,614,521,918,470,707,141,877,73,611,409,150,786,92,13,448,265,430,871,227,776,167,795,36,28,753,441,456,631,256,120,146,172,613,768,761,672,306,20,139,15,236,714,491,593,428,808,96,44,399,550,757,424,296,124,833,183,253,249,41,885,88,696,859,557,537,443,916,76,697,578,699,610,115,651,360,288,933,368,712,695,50,490,792,426,892,914,106,442,718,301,547,199,585,203,138,247,200,1,462,17,380,750,711,827,973,868,39,678,213,988,405,401,803,435,953,815,316,693,364,969,95,90,982,300,719,736,495,568,386,444,263,637,546,304,447,487,570,446,153,93,628,554,759,48,325,436,244,321,657,427,503,346,939,445,639,433,728,207,14,944,371,966,517,374,3,77,784,607,955,178,830,240,524,796,400,739,108,615,799,991,717,948,734,457,890,31,381,275,224,75,219,694,665,339,600,119,686,680,630,326,502,551,500,560,825,860,469,169,361,431,946,58,905,780,950,701,886,658,479,418,501,184,924,726,429,552,349,888,226,404,897,526,591,846,21,266,730,16,571,365,608,789,954,735,587,327,329,601,788,903,113,168,220,411,59,99,635,927,971,760,703,589,338,565,131,114,879,196,691,667,556,398,162,277,130,97,970,482,772,192,298,925,531,222,849,122,255,234,218,747,303,347,81,116,981,749,489,677,936,272,771,376,764,965,545,507,451,839,137,493,132,783,34,79,422,324,302,603,382,543,525,30,765,645,54,233,180,471,210,809,957,756,891,147,510,101,104,793,923,597,922,533,929,621,512,566,989,843,281,356,945,461,472,522,194,127,155,49,370,778,619,706,687,599,640,748,705,174,949,391,438,267,758,37,858,633,508,269,89,475,142,7,612,413,278,862,913,403,700,723,811,664,535,388,688,679,38,414,11,151,876,729,956,655,397,32,797,341,125,78,212,123,542,10,279,228,423,938,805,698,373,908,148,312,708,214,463,157,527,166,972,841,505,336,663,909,770,352,652,476,990,496,384,57,534,100,154,958,182,47,128,86,673,4,898,328,514,499,330,863,455,710,283,74,299,46,87,731,616,221,549,985,121,899,268,486,362,794,133,722,741,682,412,61,187,258,646,963,211,881,588,629,348,674,331,812,669,488,8,366,824,661,702,474,363,439,307,351,572,402,641,709,354,205,829,943,915,869,834,65,602,261,853,836,64,883,643,529,467,902,284,246,787,704,26,822,160,254,934,573,287,518,407,626,289,337,653,310,379,586,250,111,164,209,19,692,480,191,935,66,917,257,848,421,355,342,790,69,197,870,681,63,865,785,978,276,452,485,716,942,810,186,634,623,606,262,377,314,842,43,828,29,358,821,644,781,6,458,27,751,55,594,295,930,675,873,844,555,598,103,777,504,419,176,581,24,819,831,959,
value : 593.273 running time : 24.940415
0 80 20
721 80.3976 17.9022
483 85.8522 17.1861
243 85.8316 17.3199
260 85.8099 17.4602
979 85.651 18.4914
345 85.3352 20.5394
98 84.9726 22.8919
627 84.9726 22.8919
33 82.0269 28.2452
835 80.1747 31.6106
520 79.414 32.9929
590 78.5892 34.4913
45 75.4461 40.2028
592 75.5482 42.7194
232 75.6297 44.7298
70 75.7186 46.9201
932 75.9578 47.1728
466 76.1534 47.3796
609 76.3686 47.607
745 76.5906 47.8416
670 76.8299 48.0945
274 77.0895 48.3688
425 77.3553 48.6497
323 77.6116 48.9206
506 79.8206 51.2559
884 80.2467 51.7062
951 80.6115 52.0918
170 80.9706 52.4713
920 81.2499 52.7664
838 81.5582 53.0922
850 81.8527 53.4034
107 82.2122 53.7833
195 82.4879 54.0746
941 82.8261 54.4321
497 83.9543 55.6245
583 83.6175 55.795
334 83.3743 55.918
198 83.1552 56.0288
967 82.92 56.1479
553 82.6926 56.2629
136 82.9076 57.588
242 83.1654 59.177
387 83.4514 60.9395
332 83.91 63.7663
684 84.1797 65.4286
383 84.5106 67.4684
977 84.8731 69.7022
889 86.4628 79.5122
740 86.4628 79.5122
528 86.4628 79.5122
450 86.4628 79.5122
660 86.4628 79.5122
311 86.4628 79.5122
372 86.4628 79.5122
473 85.4391 80.3998
25 84.7144 81.0281
71 81.4163 83.8877
648 81.3986 84.2753
417 81.3815 84.6495
204 81.3642 85.0302
725 81.3242 85.9057
322 81.2879 86.7
159 81.2561 87.3956
928 81.2197 88.1926
685 81.2197 88.1926
864 79.7353 88.6693
742 78.4454 89.0835
845 77.1641 89.4949
318 76.3372 89.7605
158 75.7005 89.9649
42 75.0743 90.166
273 74.7297 90.2767
149 74.522 90.3434
135 74.3288 90.4054
494 74.1228 90.4716
251 73.9066 90.541
983 73.7196 90.601
820 72.2659 91.0679
580 69.4988 91.9565
618 64.4852 93.5667
23 63.9126 93.7506
285 63.8367 93.7749
353 63.7472 93.8037
464 63.6471 93.8358
992 63.5508 93.8668
823 63.4605 93.8958
856 63.3538 93.93
620 63.269 93.9573
52 63.1807 93.9856
666 63.0921 94.0141
434 62.973 94.0524
544 62.8965 94.0769
882 62.8061 94.106
465 63.2881 93.7125
931 63.5198 93.5234
259 63.7057 93.3717
477 63.923 93.1943
816 64.126 93.0287
737 64.3276 92.864
984 64.546 92.6858
40 64.7614 92.51
817 66.805 90.842
818 69.6851 88.491
744 70.3662 87.9351
622 70.3662 87.9351
854 70.3662 87.9351
893 70.3662 87.9351
83 69.5251 86.1647
813 68.5645 84.145
847 67.6036 82.123
887 67.4102 81.7164
837 67.3553 80.1655
579 67.3128 78.9644
67 67.2798 78.0282
775 67.2723 77.8177
481 67.2641 77.5853
297 67.2555 77.3425
290 67.2462 77.0794
378 67.2384 76.8575
145 67.2303 76.6273
832 67.1963 75.6682
937 67.1645 74.7682
654 67.1225 73.5808
668 67.0823 72.4444
727 67.0505 71.5444
173 67.0175 70.6094
962 66.9852 69.6967
538 66.9507 68.7211
852 66.9406 68.4349
767 66.9299 68.1325
650 66.9299 68.1325
907 66.9299 68.1325
420 66.9299 68.1325
385 66.9299 68.1325
900 66.611 67.6951
867 66.2746 67.2338
975 65.9393 66.774
201 65.5596 66.2532
110 65.0538 65.5594
152 64.4933 64.7907
393 63.7975 63.8362
340 63.0856 62.8597
656 62.2796 61.754
102 61.3721 60.5091
964 60.4636 59.2628
478 59.5716 58.0391
926 58.4439 56.4918
357 57.427 55.0968
577 57.427 55.0968
647 57.427 55.0968
396 57.427 55.0968
595 57.427 55.0968
238 57.4038 55.0784
190 57.3785 55.0583
85 57.3503 55.0359
143 57.3255 55.0162
519 57.2985 54.9949
875 57.2719 54.9738
117 57.2508 54.957
68 57.229 54.9397
906 55.2064 53.3363
293 55.0875 53.9059
217 54.9866 54.3889
732 53.7214 60.4403
558 53.7214 60.4403
798 53.7214 60.4403
161 53.7214 60.4403
286 53.7214 60.4403
264 53.7214 60.4403
453 53.7214 60.4403
498 53.7214 60.4403
492 53.7214 60.4403
188 53.8539 61.3552
791 54.0041 62.3932
625 54.1486 63.3921
35 54.2993 64.4333
84 54.4771 65.6621
987 54.6649 66.9602
968 54.8023 67.9091
515 54.9481 68.9167
617 55.1099 70.0344
986 55.2892 71.2734
468 55.4675 72.5053
51 55.7291 74.3139
369 55.5773 74.807
671 55.4513 75.2161
229 55.3229 75.6333
861 55.1987 76.0366
605 55.0984 76.3624
904 54.9709 76.7768
636 54.7494 77.4964
880 54.5729 78.0695
280 54.4107 78.5965
18 54.2588 79.0897
395 54.0891 79.641
460 53.9266 80.1689
582 53.7324 80.7998
769 53.5199 81.4901
801 53.2559 82.3477
563 52.9641 83.2954
343 52.6213 84.4089
642 52.3985 85.1328
690 52.163 85.8977
12 51.9385 86.6271
584 51.6739 87.4864
202 51.5956 87.741
567 51.5194 87.9885
185 51.431 88.2756
754 51.3261 88.3474
177 51.2291 88.4138
317 51.1204 88.4882
774 50.84 88.6801
911 50.5761 88.8607
952 50.3196 89.0364
814 50.0634 89.2118
575 49.8359 89.3676
105 49.4718 89.6169
305 49.1761 89.8193
320 48.9015 90.0074
536 48.6218 90.1989
118 48.3533 90.3828
319 48.0435 90.5949
179 47.7369 90.8049
5 47.3626 91.0611
516 47.0689 91.2623
367 46.7748 91.4637
313 46.4358 91.6958
766 46.0196 91.9808
165 45.6893 92.2069
746 45.3687 92.4265
309 45.0201 92.6651
206 44.7061 92.8801
449 44.3909 93.096
541 44.0939 93.2994
713 43.7833 93.512
569 43.4452 93.7435
53 43.1313 93.9585
738 42.8198 94.1718
960 42.5209 94.3764
752 42.8905 94.2718
271 43.3031 94.1549
344 43.8453 94.0013
974 43.8142 93.8883
62 43.7839 93.7785
181 43.7526 93.6648
72 43.7204 93.5475
22 43.6898 93.4364
392 43.6592 93.3254
394 43.6298 93.2186
548 43.6037 93.1238
874 43.5783 93.0316
230 43.5485 92.9231
231 43.5205 92.8214
375 43.4965 92.7341
539 43.4687 92.6333
763 43.444 92.5433
896 43.4197 92.4553
511 43.3927 92.3573
624 43.3645 92.2548
156 43.3341 92.1442
961 43.3053 92.0396
532 43.2742 91.9266
559 43.2413 91.8069
408 43.2068 91.6817
866 43.1751 91.5667
980 43.1433 91.4511
239 42.9355 90.696
129 42.7067 89.8646
241 42.4829 89.0512
406 42.2875 88.3413
437 42.102 87.6672
826 41.9119 86.9766
189 41.7473 86.3783
82 41.6049 85.861
223 41.4666 85.3582
248 41.4199 85.1885
294 41.3726 85.0169
806 41.3258 84.8469
807 41.2828 84.6904
561 41.2401 84.5351
215 41.1981 84.3826
389 41.16 84.2442
638 41.1026 84.0356
416 41.0515 83.85
60 40.9946 83.6434
840 42.3734 82.7483
335 43.907 81.7526
947 43.9906 81.6984
140 44.0727 81.6451
245 44.1538 81.5924
193 44.2312 81.5422
562 44.3135 81.4888
564 44.3969 81.4346
659 44.48 81.3807
940 44.5653 81.3253
540 44.6434 81.2746
415 44.7299 81.2184
851 44.8131 81.1644
895 45.4966 80.1254
225 46.134 79.1566
315 46.6292 78.404
855 46.8804 78.0223
144 47.0573 77.7534
800 47.2545 77.4537
432 47.4397 77.1723
782 47.6056 76.9202
632 47.7755 76.6621
112 47.9425 76.4083
755 48.085 76.1918
513 48.2469 75.9458
126 48.4048 75.7059
94 48.5708 75.4535
530 48.7234 75.2217
163 48.9036 74.9478
857 49.0786 74.6819
779 49.2446 74.4296
802 49.4073 74.1823
282 49.5919 73.9018
440 49.6378 73.8321
208 49.6378 73.8321
9 49.6378 73.8321
509 49.6378 73.8321
134 49.5462 73.7656
109 49.4704 73.7105
743 49.3916 73.6533
921 49.3203 73.6015
762 49.242 73.5446
216 47.753 72.4636
683 46.3224 71.4247
894 45.1092 70.5433
91 43.8899 69.6575
80 42.4809 68.6345
676 41.0073 67.5644
912 39.6004 66.543
574 38.4073 65.6763
359 38.4073 65.6763
715 38.4073 65.6763
576 38.4073 65.6763
291 38.4073 65.6763
390 38.4073 65.6763
175 38.4073 65.6763
410 38.4073 65.6763
878 38.4073 65.6763
804 38.4073 65.6763
910 38.4073 65.6763
308 38.4073 65.6763
523 38.4073 65.6763
235 38.4073 65.6763
56 38.4073 65.6763
459 38.4073 65.6763
237 38.4073 65.6763
733 36.0744 68.2429
689 36.0707 68.2548
976 36.0674 68.2653
596 36.0643 68.2752
350 36.061 68.286
724 36.0577 68.2965
454 36.0545 68.307
872 36.0514 68.317
901 36.0485 68.3261
720 35.5238 70.0072
919 34.6264 72.8816
649 34.5829 73.021
604 34.54 73.1583
252 34.4975 73.2945
171 34.456 73.4276
270 34.4092 73.5776
292 34.3647 73.7202
484 34.3265 73.8426
2 33.3963 76.8229
333 32.8136 78.6899
662 32.3178 80.2788
773 31.6909 82.2876
614 31.1454 84.0357
521 29.4563 89.4446
918 29.3926 89.6486
470 29.325 89.8654
707 29.2601 90.0735
141 29.1978 90.2729
877 29.127 90.5
73 29.055 90.7304
611 28.979 90.9741
409 28.9156 91.1773
150 28.8573 91.364
786 28.7949 91.5642
92 28.7333 91.7614
13 28.6664 91.9758
448 28.6664 91.9758
265 28.6664 91.9758
430 28.4845 91.9151
871 28.2938 91.8514
227 28.1015 91.7871
776 28.0422 91.7672
167 28.0282 91.7626
795 28.0147 91.758
36 28 91.7531
28 27.9856 91.7483
753 27.9699 91.7431
441 27.9562 91.7385
456 27.9426 91.7339
631 27.9296 91.7296
256 27.9162 91.7251
120 27.9023 91.7204
146 27.8889 91.716
172 27.8745 91.7112
613 27.8593 91.7061
768 27.8419 91.7003
761 27.8259 91.6949
672 27.8111 91.69
306 27.7961 91.685
20 27.7815 91.6801
139 27.7662 91.675
15 23.9601 90.405
236 21.6211 89.6247
714 21.6328 89.5816
491 21.6447 89.5371
593 21.6576 89.4894
428 21.672 89.4358
808 21.6843 89.3905
96 21.7975 88.9702
44 21.9066 88.5655
399 22.021 88.1413
550 22.1501 87.6621
757 22.2617 87.248
424 22.3663 86.8602
296 22.4776 86.4471
124 22.58 86.0673
833 22.406 86.102
183 22.2534 86.1325
253 22.1201 86.159
249 21.9717 86.1887
41 21.8361 86.2157
885 21.6864 86.2455
88 21.5376 86.2752
696 21.3975 86.3032
859 21.2546 86.3317
557 21.1047 86.3616
537 20.9823 86.386
443 20.662 86.4499
916 20.3314 86.5158
76 20.0452 86.5729
697 19.7307 86.6356
578 19.3878 86.704
699 19.0036 86.7806
610 18.7034 86.8405
115 18.3108 86.9189
651 17.9517 86.9905
360 17.5686 87.0669
288 17.1851 87.1434
933 16.7788 87.2245
368 16.3858 87.3029
712 15.9662 87.3866
695 15.5587 87.4678
50 15.1371 87.552
490 14.6811 87.6429
792 13.8849 87.8017
426 13.5036 87.8777
892 13.2629 87.9257
914 13.0179 87.9746
106 12.7924 88.0196
442 12.6071 88.0565
718 12.3928 88.0993
301 12.185 88.1407
547 11.9788 88.1818
199 11.7934 88.2188
585 11.6004 88.2573
203 11.4589 88.2855
138 11.3128 88.3147
247 11.1631 88.3445
200 11.006 88.3759
1 10.8588 88.4052
462 10.7221 88.4325
17 10.5653 88.4637
380 10.3822 88.5002
750 10.2254 88.5315
711 10.0651 88.5635
827 9.90542 88.5953
973 9.75976 88.6244
868 9.58867 88.6585
39 9.43789 88.6886
678 9.29102 88.7178
213 9.14032 88.7479
988 9.058 88.7643
405 9.05246 88.6438
401 9.04663 88.5171
803 9.04143 88.4039
435 9.03652 88.2971
953 9.02201 87.9815
815 9.0079 87.6745
316 8.99464 87.3858
693 8.98217 87.1144
364 8.96924 86.8331
969 8.95615 86.5483
95 8.94175 86.2349
90 8.92745 85.9238
982 8.91546 85.6628
300 8.90277 85.3866
719 8.89056 85.1208
736 8.87842 84.8566
495 8.86636 84.5941
568 8.85456 84.3374
386 8.84139 84.0508
444 8.82685 83.7343
263 8.81333 83.4401
637 8.79943 83.1377
546 8.78475 82.8181
304 8.77149 82.5296
447 8.75506 82.1721
487 8.73584 81.7538
570 8.72089 81.4284
446 8.70702 81.1266
153 8.69098 80.7774
93 8.67355 80.3981
628 8.6548 79.99
554 8.63487 79.5563
759 8.61607 79.1472
48 8.59704 78.7329
325 8.57738 78.3051
436 8.55669 77.8547
244 8.53504 77.3835
321 8.50982 76.8349
657 8.48399 76.2726
427 8.45906 75.7301
503 8.4371 75.2523
346 8.41605 74.794
939 8.39313 74.2952
445 8.45776 74.3114
639 8.52484 74.3282
433 8.59262 74.3452
728 8.65599 74.361
207 8.71804 74.3766
14 8.78538 74.3934
944 8.85368 74.4105
371 8.91838 74.4267
966 8.98738 74.444
517 9.06395 74.4632
374 9.1455 74.4836
3 9.21462 74.5009
77 9.28022 74.5173
784 9.35477 74.536
607 9.42607 74.5539
955 9.50513 74.5737
178 9.57507 74.5912
830 9.64728 74.6093
240 9.72804 74.6295
524 9.81119 74.6503
796 10.0106 74.9375
400 10.1917 75.1983
739 10.3716 75.4574
108 10.6497 75.8579
615 10.6497 75.8579
799 10.6497 75.8579
991 10.6497 75.8579
717 10.6497 75.8579
948 10.6497 75.8579
734 10.6497 75.8579
457 10.7314 75.8474
890 10.8113 75.8372
31 10.8996 75.8259
381 10.9853 75.8149
275 11.5774 75.739
224 11.592 75.7372
75 11.6093 75.7349
219 11.6293 75.7323
694 11.6475 75.73
665 11.6684 75.7273
339 11.6915 75.7243
600 11.7119 75.7217
119 11.7292 75.7195
686 11.7466 75.7172
680 11.767 75.7146
630 11.7865 75.7121
326 11.8049 75.7098
502 11.8226 75.7075
551 11.8399 75.7053
500 11.858 75.7029
560 11.8755 75.7007
825 11.8937 75.6984
860 11.9101 75.6962
469 11.9283 75.6939
169 11.9443 75.6918
361 12.7458 75.5896
431 13.4755 75.4965
946 14.1123 75.4153
58 14.6543 75.3462
905 14.7706 75.3314
780 15.5656 75.23
950 16.4093 75.1223
701 17.1956 75.0221
886 17.9739 74.9228
658 18.7348 74.8258
479 19.4597 74.7333
418 20.2246 74.6358
501 20.9942 74.0462
184 21.5318 73.634
924 22.1464 73.163
726 22.7298 72.7158
429 23.3541 72.2372
552 24.0434 71.709
349 24.7302 71.1827
888 25.3595 70.7004
226 26.0166 70.1968
404 26.0166 70.1968
897 26.0166 70.1968
526 26.0166 70.1968
591 26.0166 70.1968
846 26.0166 70.1968
21 26.0166 70.1968
266 26.0166 70.1968
730 26.0166 70.1968
16 26.0166 70.1968
571 26.0166 70.1968
365 26.0166 70.1968
608 25.7186 70.0386
789 25.4129 69.8762
954 25.1076 69.7141
735 24.7438 69.521
587 24.467 69.374
327 24.1846 69.224
329 23.8893 69.0672
601 23.6199 68.9241
788 23.3568 68.7844
903 23.0892 68.6423
113 22.8177 68.4981
168 22.5549 68.3586
220 22.2799 68.2126
411 21.9957 68.0616
59 21.7273 67.9191
99 20.9686 67.7822
635 20.1565 67.6357
927 19.2754 67.4767
971 18.2435 67.2905
760 16.809 67.0316
703 16.2741 66.9351
589 15.7991 66.8494
338 15.366 66.7712
565 14.9554 66.6971
131 14.5559 66.6251
114 14.1711 66.5556
879 13.7719 66.4836
196 13.3942 66.4154
691 13.0167 66.3473
667 12.585 66.2694
556 12.415 66.2387
398 12.2975 66.2175
162 12.162 66.1931
277 12.0214 66.1677
130 11.9 66.1458
97 11.761 66.1207
970 11.6253 66.0962
482 11.4959 66.0729
772 11.3676 66.0497
192 11.2121 66.0217
298 11.0491 65.9923
925 10.5318 63.0531
531 10.1945 61.1373
222 9.8674 59.2787
849 9.8361 59.1009
122 9.8069 58.935
255 9.78159 58.7912
234 9.75075 58.616
218 9.71849 58.4327
747 9.68979 58.2697
303 9.65841 58.0914
347 9.63037 57.9321
81 9.60239 57.7731
116 9.56281 57.5483
981 10.7814 57.4518
749 11.371 57.4052
489 12.1267 57.3454
677 13.0665 57.2711
936 14.0123 57.1963
272 15.065 57.113
771 16.5351 56.9967
376 17.1038 56.9517
764 19.1913 56.7865
965 21.7811 56.5815
545 22.4012 56.5325
507 22.9754 56.487
451 23.5459 56.4419
839 24.1769 56.392
137 24.6617 56.3537
493 25.0885 56.3199
132 25.4649 56.2901
783 32.1565 55.7586
34 32.1565 55.7586
79 32.1565 55.7586
422 32.1565 55.7586
324 32.2928 55.7534
302 32.4349 55.7479
603 32.5662 55.7428
382 32.6878 55.7381
543 32.8229 55.7329
525 32.9708 55.7271
30 33.1298 55.721
765 33.2781 55.7152
645 33.4116 55.7101
54 33.5547 55.7045
233 33.6781 55.6997
180 34.272 55.6768
471 34.7744 55.6573
210 35.2089 55.6405
809 35.5905 55.6257
957 35.9646 55.6112
756 36.4117 55.5939
891 36.9214 55.5742
147 37.4384 55.5542
510 37.9753 55.5334
101 39.5054 55.4742
104 40.4408 55.438
793 41.618 55.3924
923 41.3837 55.3159
597 41.1353 55.2348
922 40.8641 55.1463
533 40.6237 55.0678
929 40.3856 54.9901
621 40.1697 54.9196
512 39.9321 54.8421
566 39.6884 54.7625
989 39.4795 54.6944
843 39.3032 54.6368
281 39.0289 54.5473
356 38.7341 54.4511
945 38.4924 54.3722
461 38.2105 54.2802
472 37.9399 54.1918
522 37.537 54.0603
194 37.1508 53.9342
127 36.7557 53.8053
155 36.3404 53.6697
49 35.8217 53.5004
370 35.345 53.3448
778 34.7945 53.1651
619 34.2553 52.9891
706 33.7697 52.8306
687 33.3278 52.6863
599 33.0943 52.6101
640 32.1673 51.5426
748 30.8374 50.0112
705 29.9538 48.9937
174 28.2237 47.0014
949 28.2237 47.0014
391 28.2237 47.0014
438 28.2237 47.0014
267 28.2237 47.0014
758 28.2483 46.7452
37 28.2747 46.4689
858 28.2986 46.2205
633 28.3251 45.944
508 28.3532 45.6505
269 28.3798 45.3738
89 28.4067 45.0927
475 28.4371 44.7748
142 28.4681 44.4522
7 28.5036 44.0808
612 28.5347 43.7554
413 28.5637 43.4535
278 28.5952 43.1247
862 28.5952 43.1247
913 26.7935 44.2819
403 24.8229 45.5478
700 22.7702 46.8667
723 22.7702 46.8667
811 22.7702 46.8667
664 22.7702 46.8667
535 22.7702 46.8667
388 22.7702 46.8667
688 22.7702 46.8667
679 22.7702 46.8667
38 22.7702 46.8667
414 22.7702 46.8667
11 22.7702 46.8667
151 22.7702 46.8667
876 22.7702 46.8667
729 21.0522 49.1769
956 20.3969 49.0116
655 19.7668 48.8527
397 19.1307 48.6922
32 18.3648 48.499
797 17.6603 48.3213
341 16.9077 48.1314
125 16.3053 47.9795
78 16.0577 47.917
212 15.7814 47.8473
123 15.5461 47.788
542 15.3273 47.7327
10 15.1003 47.6755
279 14.8953 47.6237
228 14.6614 47.5647
423 14.44 47.5089
938 14.2352 47.4572
805 13.9885 47.3949
698 13.7627 47.338
373 13.5148 47.2754
908 13.2948 47.2199
148 13.0356 47.1545
312 12.755 47.0837
708 12.5088 47.0216
214 12.4374 47.0036
463 12.3713 46.987
157 12.3009 46.9692
527 12.2367 46.953
166 12.1747 46.9374
972 12.1474 46.7247
841 12.1167 46.4863
505 12.0886 46.2677
336 12.0603 46.0474
663 12.0265 45.7849
909 11.997 45.5559
770 11.9659 45.3139
352 11.9385 45.1008
652 11.9072 44.8575
476 11.8761 44.6155
990 11.8456 44.3784
496 11.8172 44.158
384 11.7871 43.9234
57 11.7604 43.7165
534 11.7303 43.4821
100 11.7002 43.2485
154 11.6649 42.9735
958 11.629 42.6943
182 11.5996 42.4658
47 11.5652 42.1988
128 11.425 41.1086
86 10.8764 36.844
673 10.7653 35.98
4 10.7397 35.7812
898 10.7184 35.6153
328 10.7184 35.6153
514 10.7184 35.6153
499 10.7184 35.6153
330 11.1699 35.0336
863 11.7607 34.272
455 12.3917 33.4584
710 12.534 33.2751
283 12.6621 33.1101
74 12.8015 32.9304
299 12.9383 32.7542
46 13.0606 32.5968
87 13.2156 32.397
731 13.3616 32.209
616 13.8051 31.6376
221 14.6016 30.6107
549 14.6016 30.6107
985 14.5509 30.2208
121 14.498 29.815
899 14.4408 29.3759
268 14.3914 28.9969
486 14.3418 28.6154
362 13.8423 24.785
794 13.7498 24.0749
133 13.4233 21.5691
722 12.7216 16.1914
741 12.7216 16.1914
682 12.7216 16.1914
412 12.7216 16.1914
61 12.7216 16.1914
187 12.7216 16.1914
258 12.7216 16.1914
646 12.7287 16.0643
963 12.7351 15.9519
211 12.7428 15.8148
881 12.7504 15.6809
588 12.7567 15.5688
629 12.7635 15.4484
348 12.7694 15.3442
674 12.7759 15.229
331 12.7821 15.1179
812 12.7896 14.986
669 20.2256 17.0518
488 20.535 17.1378
8 20.9093 17.2418
366 21.2871 17.3468
824 21.7387 17.4723
661 22.081 17.5674
702 22.4698 17.6754
474 22.8428 17.779
363 23.2727 17.8985
439 23.2127 18.029
307 23.1574 18.1494
351 23.1066 18.2599
572 20.7425 23.4056
402 21.3649 23.7593
641 22.135 24.197
709 22.9751 24.6745
354 23.6437 25.0545
205 24.2921 25.423
829 24.8566 25.7439
943 25.4045 26.0552
915 26.0508 26.4226
869 26.7352 26.8116
834 27.3598 27.1665
65 27.7534 27.3902
602 28.3093 27.7062
261 28.9675 28.0803
853 29.4206 28.3378
836 28.7503 27.8026
64 28.8992 27.6615
883 29.0411 27.5271
643 29.1587 27.4157
529 29.2766 27.304
467 29.4035 27.1837
902 29.5069 27.0858
284 29.6223 26.9765
246 29.742 26.863
787 29.8596 26.7517
704 29.9877 26.6303
26 29.9877 26.6303
822 29.9877 26.6303
160 29.9877 26.6303
254 29.9877 26.6303
934 34.207 22.9414
573 36.7042 20.758
287 38.7821 18.9412
518 40.3185 17.5979
407 40.6574 18.1986
626 41.1091 18.9993
289 41.6963 20.0404
337 42.0953 20.7478
653 42.5324 21.5227
310 42.9847 22.3245
379 43.5637 23.351
586 44.1407 24.3738
250 44.6041 25.1953
111 44.9787 25.8595
164 46.0881 27.8263
209 47.1349 29.682
19 48.1505 31.4824
692 48.9428 32.887
480 49.1729 33.2949
191 49.2573 33.4446
935 49.5891 34.0332
66 49.9265 34.6315
917 50.2346 35.178
257 50.6305 35.8142
848 51.2092 36.7442
421 51.6046 37.3797
355 52.1102 38.1921
342 52.6163 39.0055
790 52.6605 39.0766
69 52.8505 39.3819
197 53.0276 39.6666
870 53.2138 39.9658
681 53.391 40.2506
63 53.583 40.5591
865 53.7557 40.8368
785 54.0326 41.2818
978 54.4806 42.0017
276 54.8956 42.6687
452 55.3164 43.345
485 57.1101 46.2248
716 57.6303 47.0608
942 58.5571 48.5494
810 58.5571 48.5494
186 58.8968 48.0204
634 59.3259 47.3521
623 59.6592 46.8332
606 60.0367 46.2454
262 60.3659 45.7328
377 60.8015 45.0544
314 61.1835 44.4597
842 61.5296 43.9209
43 61.9045 43.3371
828 62.2906 42.7359
29 62.6249 42.2153
358 62.1884 41.0485
821 61.7592 39.9018
644 61.3804 38.8903
781 60.9802 37.8206
6 60.5787 36.7479
458 60.2594 35.8953
27 59.9428 35.0496
751 59.6393 34.2391
55 59.3516 33.4709
594 59.0919 32.7775
295 58.7644 31.9028
930 58.7644 31.9028
675 58.7644 31.9028
873 58.7644 31.9028
844 58.7644 31.9028
555 59.3771 27.2914
598 60.1759 21.2779
103 60.9055 15.7846
777 60.854 15.9775
504 60.8024 16.1709
419 60.75 16.3668
176 61.8032 16.5656
581 62.7452 16.7434
24 63.702 16.9241
819 64.557 17.0855
831 65.4655 17.257
959 68.7713 17.881
