0,260,979,627,345,483,98,243,590,520,33,274,592,644,842,323,357,675,314,835,745,466,656,670,232,951,425,920,838,609,932,967,941,143,70,553,195,387,583,977,29,497,684,884,107,242,136,198,170,506,25,742,372,450,660,311,528,204,889,322,648,740,864,473,928,983,725,494,820,685,580,135,893,285,159,353,992,620,52,318,544,854,813,845,823,145,158,666,690,118,816,477,984,567,149,251,273,464,817,367,746,636,229,940,774,259,434,911,42,185,344,23,856,584,624,713,5,618,851,202,952,541,896,980,532,511,575,961,313,416,239,343,642,177,737,754,882,156,437,294,309,539,82,335,319,782,415,536,582,840,895,857,861,18,800,12,317,62,408,947,245,814,659,530,91,564,563,193,921,632,369,297,987,248,802,340,378,460,801,173,179,40,880,112,769,9,280,887,832,83,775,417,465,937,481,962,931,671,395,332,975,867,290,900,837,51,71,622,383,818,315,440,907,668,538,942,850,238,68,744,650,509,847,605,393,385,334,201,420,579,727,595,152,904,852,110,654,926,625,102,478,190,647,67,767,293,117,468,6,606,377,594,634,930,43,217,821,978,55,45,831,27,828,358,781,865,355,458,844,681,751,555,785,716,906,848,66,197,250,875,63,935,19,257,586,853,194,262,421,276,452,790,870,843,472,342,69,519,396,101,623,155,597,621,85,912,492,876,522,461,210,512,180,471,147,533,493,175,676,264,576,216,732,370,765,291,30,281,922,163,683,410,809,137,104,957,144,484,501,226,571,186,577,923,798,743,286,945,485,35,523,793,810,804,459,558,779,235,968,84,498,161,188,282,964,515,208,453,762,617,432,404,562,350,80,986,791,215,826,126,94,252,406,724,134,976,225,140,109,755,513,894,855,167,604,124,270,638,806,730,662,223,418,92,548,874,105,766,53,470,866,305,516,181,72,265,375,165,559,613,139,974,752,206,231,256,569,763,394,320,172,292,807,561,738,449,271,877,918,448,22,389,189,129,614,241,120,253,230,428,141,392,707,611,808,631,610,430,306,15,491,73,288,150,960,456,44,776,441,712,36,753,786,20,146,28,714,409,227,296,658,833,550,368,360,672,859,93,76,695,183,885,443,696,462,96,761,768,593,933,521,699,184,13,651,871,969,982,386,236,711,1,815,944,153,759,48,570,325,203,401,792,169,568,50,988,750,263,247,718,905,546,736,444,892,557,240,31,719,17,213,301,380,95,868,693,90,199,433,628,803,316,304,827,106,364,973,678,200,435,447,138,115,442,446,39,405,953,585,547,914,300,178,615,426,224,554,694,728,108,436,637,955,207,860,991,607,667,376,272,346,119,114,578,903,924,587,946,266,487,526,950,888,398,697,701,333,916,500,220,457,886,88,361,796,113,244,130,429,479,97,168,60,872,600,99,789,971,327,537,400,825,608,431,635,424,16,326,399,780,560,469,495,795,249,490,919,339,773,2,58,649,927,878,540,171,574,954,757,41,715,689,454,365,56,591,54,965,21,910,308,349,359,275,720,599,596,726,132,733,552,879,956,390,445,524,948,162,338,502,890,75,830,427,665,277,503,551,374,321,556,703,255,192,639,657,219,482,939,298,970,680,565,14,764,784,517,686,3,381,734,77,799,772,966,234,131,925,527,589,849,214,760,531,303,122,708,166,717,347,371,463,936,698,771,505,909,858,747,805,542,330,218,222,116,749,100,863,47,352,958,534,182,739,938,451,972,677,279,510,735,34,545,79,981,81,336,630,688,691,633,897,422,267,601,59,411,846,705,788,729,891,382,908,329,196,645,839,640,901,756,507,237,543,269,706,89,233,142,603,324,49,535,748,619,302,413,929,913,127,191,566,687,917,78,612,414,438,508,486,480,549,783,989,692,529,811,356,679,7,862,778,990,758,154,205,664,397,37,388,525,174,38,151,655,11,616,723,403,391,475,797,496,731,125,476,65,663,123,32,499,57,128,423,157,312,148,10,770,228,384,841,652,46,700,328,949,341,489,373,212,187,87,283,74,963,985,710,133,514,86,794,258,331,898,943,299,474,572,641,402,836,741,268,4,812,254,366,661,348,211,588,455,674,412,646,61,722,488,881,629,362,682,673,8,284,626,902,307,64,702,829,121,824,709,602,278,915,899,246,439,869,221,354,834,467,160,873,164,934,261,419,289,573,643,351,669,704,363,287,653,337,407,26,883,379,822,111,310,787,518,504,959,598,176,295,581,819,777,209,24,103,721,
value : 529.062 running time : 30.190617
0 80 20
260 85.8886 17.6666
979 86.0067 17.6689
627 86.131 17.6714
345 86.2484 17.6737
483 86.3602 17.6759
98 86.7625 21.1554
243 86.7625 21.1554
590 83.4195 27.4871
520 81.6019 30.9294
33 80.1931 33.5975
274 78.0633 37.6312
592 76.2549 41.0561
644 74.881 43.658
842 74.881 43.658
323 74.881 43.658
357 74.881 43.658
675 74.881 43.658
314 74.9206 43.806
835 75.1199 44.5494
745 75.3441 45.3859
466 75.5808 46.2688
656 75.8261 47.1838
670 75.8261 47.1838
232 75.8261 47.1838
951 75.8261 47.1838
425 75.8261 47.1838
920 75.8261 47.1838
838 75.8261 47.1838
609 75.8261 47.1838
932 75.8261 47.1838
967 75.8261 47.1838
941 75.8261 47.1838
143 75.8261 47.1838
70 75.8261 47.1838
553 76.4698 48.2578
195 77.116 49.336
387 77.8174 50.5063
583 78.4386 51.5427
977 79.0604 52.5802
29 79.5053 53.3226
497 84.3903 61.4705
684 84.4174 61.7341
884 84.4419 61.9729
107 84.4693 62.2396
242 84.4989 62.5278
136 84.5295 62.8249
198 84.5953 63.466
170 84.6834 64.3234
506 84.946 66.8789
25 86.1815 78.9049
742 86.2769 79.8343
372 86.3057 80.1137
450 86.0985 80.4427
660 85.8415 80.8509
311 85.5149 81.3696
528 85.1298 81.9814
204 84.6661 82.718
889 84.0745 83.6578
322 83.5601 84.4749
648 83.1208 85.1726
740 82.6704 85.8882
864 82.1714 86.6807
473 81.7143 87.4069
928 81.2197 88.1926
983 81.2197 88.1926
725 81.2197 88.1926
494 81.2197 88.1926
820 81.2197 88.1926
685 81.2197 88.1926
580 76.6379 88.2648
135 76.1101 88.2731
893 75.2276 88.2869
285 74.1981 88.3031
159 73.3196 88.3169
353 72.361 88.3319
992 71.4098 88.3468
620 70.8872 88.355
52 70.4204 88.3623
318 69.9854 88.3691
544 69.5446 88.376
854 69.1245 88.3826
813 68.6682 88.3898
845 68.1876 88.3973
823 67.7207 88.4046
145 67.2605 88.4118
158 66.8086 88.4189
666 66.3128 88.4267
690 65.7032 88.4363
118 65.2482 88.4434
816 64.8695 88.4493
477 64.517 88.4549
984 64.1558 88.4605
567 63.8077 88.466
149 63.4718 88.4712
251 62.9053 88.4801
273 62.0437 88.4936
464 61.1757 88.5072
817 60.2215 88.5222
367 59.0211 88.541
746 57.973 88.5575
636 57.5407 88.5642
229 57.1914 88.5697
940 56.7977 88.5759
774 56.4554 88.5813
259 56.1205 88.5865
434 55.7915 88.5917
911 55.5187 88.5959
42 55.2368 88.6003
185 54.7807 88.6075
344 54.2568 88.6157
23 53.7725 88.6233
856 53.317 88.6305
584 52.7939 88.6387
624 52.1607 88.6486
713 51.5214 88.6586
5 50.9512 88.6676
618 50.9391 88.6492
851 50.9272 88.631
202 50.9158 88.6137
952 50.9044 88.5964
541 50.8935 88.5798
896 50.8817 88.5619
980 50.8697 88.5438
532 50.8583 88.5263
511 50.8462 88.508
575 50.8331 88.4881
961 50.8218 88.4709
313 50.8092 88.4518
416 50.7964 88.4323
239 50.7851 88.4152
343 50.7732 88.397
642 50.7614 88.3791
177 50.751 88.3633
737 50.7391 88.3452
754 50.7262 88.3257
882 50.7145 88.3079
156 50.6983 88.2832
437 50.6811 88.2572
294 50.6655 88.2334
309 50.6526 88.2137
539 50.5439 87.8927
82 50.4367 87.576
335 50.3368 87.2811
319 50.233 86.9743
782 50.1341 86.6825
415 50.042 86.4102
536 49.948 86.1329
582 49.8524 85.8503
840 49.8524 85.8503
895 50.8505 85.4172
857 51.8033 85.0038
861 52.4539 84.7216
18 53.1355 84.4258
800 53.2968 84.3559
12 53.4567 84.2865
317 53.618 84.2165
62 53.7662 84.1522
408 53.9227 84.0843
947 54.0879 84.0126
245 54.2518 83.9415
814 54.4101 83.8728
659 54.5824 83.798
530 54.7692 83.717
91 54.963 83.6329
564 55.1392 83.5565
563 55.3606 83.4604
193 55.5906 83.3606
921 55.8754 83.2371
632 56.1595 83.1138
369 56.444 82.9903
297 56.7414 82.8613
987 56.9847 82.7558
248 57.1978 82.6633
802 58.3031 82.1838
340 62.0999 80.5364
378 62.1807 80.5013
460 62.2638 80.4653
801 62.3451 80.43
173 62.4282 80.3939
179 62.4994 80.3631
40 62.5903 80.3236
880 62.7957 80.2345
112 63.0358 80.1303
769 63.2821 80.0235
9 63.5894 79.8901
280 63.8937 79.7581
887 64.3032 79.5805
832 64.8622 79.3379
83 65.4562 79.0802
775 65.9767 78.8544
417 66.4634 78.6432
465 66.8649 78.469
937 67.2905 78.2844
481 67.7157 78.0999
962 68.147 77.9127
931 68.5061 77.7569
671 68.944 77.5669
395 69.7472 77.2184
332 70.9477 76.6976
975 70.8866 76.7386
867 70.8215 76.7823
290 70.7574 76.8253
900 70.6962 76.8664
837 70.63 76.9109
51 70.5629 76.9559
71 70.4956 77.0011
622 70.4264 77.0475
383 69.2053 73.474
818 68.9594 72.7545
315 68.625 71.7761
440 68.2384 69.9854
907 67.963 68.7103
668 67.7838 67.8809
538 67.6087 67.0704
942 67.4889 66.5154
850 67.3892 66.0543
238 67.3892 66.0543
68 67.3892 66.0543
744 67.3892 66.0543
650 67.3892 66.0543
509 67.3892 66.0543
847 67.3892 66.0543
605 67.3892 66.0543
393 67.3892 66.0543
385 67.3892 66.0543
334 67.2572 65.7576
201 67.1369 65.4872
420 67.0119 65.2062
579 66.9001 64.9547
727 66.7512 64.62
595 66.5851 64.2466
152 66.4285 63.8946
904 66.2676 63.5328
852 66.0757 63.1015
110 65.8746 62.6495
654 65.6612 62.1697
926 65.2315 61.2039
625 65.1112 60.9334
102 64.9919 60.6651
478 64.8773 60.4075
190 64.758 60.1394
647 64.6453 59.886
67 64.5302 59.6272
767 64.4002 59.3349
293 64.277 59.058
117 64.1556 58.7851
468 64.05 58.5477
6 55.4507 39.2198
606 55.4054 39.1179
377 55.3549 39.0045
594 55.3086 38.9003
634 55.2607 38.7927
930 55.2142 38.6882
43 55.1686 38.5857
217 55.1215 38.4799
821 55.0708 38.3659
978 55.0259 38.2648
55 54.9738 38.1477
45 54.9304 38.0502
831 54.8822 37.9419
27 54.6603 38.0046
828 54.4492 38.0642
358 54.2357 38.1245
781 54.0094 38.1883
865 53.7573 38.2595
355 53.5338 38.3226
458 53.299 38.3889
844 53.0576 38.4571
681 52.84 38.5185
751 52.6157 38.5818
555 52.3812 38.648
785 52.132 38.7184
716 51.8813 38.7892
906 51.6359 38.8584
848 51.384 38.9296
66 51.163 38.992
197 50.932 39.0572
250 50.7093 39.12
875 50.4928 39.1812
63 50.2632 39.246
935 50.0249 39.3133
19 49.8032 39.3759
257 49.5615 39.4441
586 49.3434 39.5057
853 49.1972 40.2052
194 48.9865 41.2129
262 48.8325 41.9493
421 48.7212 42.4817
276 48.5681 43.2139
452 48.4269 43.8892
790 48.2925 44.5321
870 48.1347 45.2869
843 47.9555 46.1442
472 47.7932 46.9204
342 47.6343 47.6803
69 47.4825 48.4065
519 47.3166 49.1997
396 47.157 49.9633
101 46.908 50.4707
623 46.6841 50.927
155 46.4314 51.442
597 46.1401 52.0356
621 45.8743 52.5772
85 45.6316 53.072
912 45.305 53.7376
492 45.2447 53.8604
876 45.1795 53.9934
522 44.988 54.3835
461 44.7911 54.7848
210 44.5975 55.1792
512 44.4059 55.5698
180 44.1884 56.013
471 43.9501 56.4985
147 43.7292 56.9488
533 43.4787 57.4593
493 43.2351 57.9557
175 43.0614 58.3097
676 42.9102 58.6177
264 42.7608 58.9222
576 42.6077 59.234
216 42.46 59.5352
732 42.3066 59.8476
370 42.1554 60.1557
765 41.994 60.4848
291 41.8383 60.8021
30 41.6982 61.0875
281 41.5602 61.3687
922 41.4051 61.6847
163 41.2393 62.0226
683 41.0918 62.3232
410 40.9458 62.6207
809 40.7998 62.9183
137 40.6447 63.2343
104 40.502 63.5251
957 40.3535 63.8277
144 40.3544 64.127
484 40.3551 64.3724
501 40.3558 64.6053
226 40.4953 64.8443
571 40.6258 64.7962
186 45.9508 62.8331
577 46.6963 62.5582
923 47.2941 62.3378
798 47.8436 62.1352
743 48.394 61.9323
286 48.9668 61.7211
945 49.4688 61.536
485 52.2023 61.5461
35 51.891 62.0044
523 51.5436 62.5158
793 51.3995 62.7279
810 51.2347 62.9707
804 51.0468 63.2473
459 50.8797 63.4933
558 50.7344 63.7072
779 50.5856 63.9263
235 50.4479 64.1289
968 50.3119 64.3292
84 50.1748 64.5311
498 50.0358 64.7356
161 49.8887 64.9523
188 49.7434 65.1662
282 49.512 65.5068
964 49.2835 65.8432
515 49.0399 66.2019
208 48.7398 66.6438
453 48.4366 67.0901
762 48.1447 67.5198
617 47.7528 68.0968
432 47.3285 68.7215
404 46.8857 69.3734
562 46.5334 69.8921
350 46.277 70.2695
80 46.0408 70.6173
986 45.8233 70.9376
791 45.5946 71.2742
215 44.9843 72.1729
826 44.6488 72.6668
126 44.3451 73.1138
94 44.0664 73.5241
252 43.7413 74.0029
406 43.4705 74.4015
724 43.307 74.6422
134 43.147 74.8778
976 42.9684 75.1408
225 42.8008 75.3875
140 42.624 75.6478
109 42.624 75.6478
755 42.463 75.8732
513 42.3126 76.0837
894 42.1581 76.3
855 41.9941 76.5295
167 39.327 80.2618
604 38.9365 80.8085
124 38.9037 80.8878
270 38.871 80.9666
638 38.8374 81.0477
806 38.8052 81.1255
730 38.7736 81.2017
662 38.2409 82.4875
223 37.5649 84.1195
418 36.7888 85.9932
92 37.2777 87.3356
548 37.7474 88.625
874 38.1848 89.8259
105 38.3195 90.1956
766 38.2751 90.1854
53 38.23 90.1751
470 38.185 90.1648
866 38.146 90.1559
305 38.1053 90.1465
516 38.0633 90.1369
181 38.0102 90.1248
72 37.958 90.1128
265 37.9109 90.102
375 37.8645 90.0914
165 37.8159 90.0803
559 37.7651 90.0687
613 37.7102 90.0561
139 37.6602 90.0447
974 37.6101 90.0332
752 37.5591 90.0215
206 37.5095 90.0102
231 37.4544 89.9976
256 37.4027 89.9858
569 37.3563 89.9751
763 37.3079 89.9641
394 37.2551 89.952
320 37.2059 89.9407
172 37.1505 89.928
292 37.099 89.9163
807 37.0504 89.9051
561 37.0018 89.894
738 36.954 89.8831
449 36.905 89.8719
271 36.8525 89.8598
877 36.8029 89.8485
918 36.7515 89.8367
448 36.705 89.8261
22 36.6554 89.8147
389 36.6078 89.8038
189 36.5538 89.7915
129 36.5055 89.7804
614 36.4535 89.7685
241 35.6968 89.7165
120 34.9253 89.6634
253 34.1665 89.6112
230 33.4638 89.5629
428 32.7178 89.5116
141 32.0162 89.4633
392 31.3248 89.4158
707 30.6016 89.366
611 29.8351 89.3133
808 29.1307 89.2649
631 28.402 89.2147
610 27.7031 89.1667
430 27.0291 89.1203
306 26.3836 89.0759
15 25.7342 89.0312
491 25.7342 89.0312
73 25.7342 89.0312
288 25.7342 89.0312
150 25.7342 89.0312
960 25.7342 89.0312
456 25.6154 88.9926
44 25.5026 88.956
776 25.3894 88.9191
441 25.3093 88.8931
712 25.226 88.866
36 25.1523 88.8421
753 25.0718 88.8159
786 24.9972 88.7916
20 24.9161 88.7653
146 24.8306 88.7375
28 24.4574 88.6162
714 24.0474 88.4829
409 23.553 88.3222
227 22.9839 88.1372
296 22.4754 87.9719
658 21.8949 87.7832
833 21.791 87.7976
550 21.6912 87.8113
368 21.5881 87.8255
360 21.4868 87.8395
672 21.3948 87.8522
859 21.2852 87.8673
93 21.1727 87.8828
76 21.0751 87.8963
695 20.9679 87.9111
183 20.8637 87.9254
885 20.7634 87.9393
443 20.659 87.9537
696 20.5562 87.9679
462 20.4457 87.9831
96 20.346 87.9968
761 20.2316 88.0126
768 20.1153 88.0287
593 19.8838 88.0606
933 19.652 88.0925
521 19.4252 88.1238
699 18.5413 88.2456
184 17.7139 88.3596
13 16.8422 88.4796
651 15.998 88.5959
871 15.0723 88.7234
969 14.038 88.8658
982 13.4184 88.9512
386 12.7936 89.0373
236 12.1696 89.1233
711 11.5584 89.2075
1 10.9848 89.2866
815 10.4187 89.3646
944 9.85135 89.4428
153 9.85135 89.4428
759 9.85135 89.4428
48 9.85134 89.4428
570 9.85134 89.4428
325 9.85134 89.4428
203 9.85134 89.4428
401 9.85134 89.4428
792 9.85134 89.4428
169 9.85134 89.4428
568 9.85134 89.4428
50 9.85134 89.4428
988 9.85134 89.4428
750 9.85258 89.431
263 9.85393 89.4181
247 9.85525 89.4056
718 9.85651 89.3936
905 9.85779 89.3814
546 9.85903 89.3697
736 9.86019 89.3586
444 9.86142 89.347
892 9.86264 89.3354
557 9.86381 89.3243
240 9.86506 89.3124
31 9.86626 89.301
719 9.86738 89.2904
17 9.8685 89.2797
213 9.86955 89.2697
301 9.8818 89.1534
380 9.89293 89.0477
95 9.9063 88.9208
868 9.91778 88.8118
693 9.93096 88.6867
90 9.94441 88.559
199 9.9468 88.5363
433 9.94948 88.5108
628 9.95189 88.4879
803 9.95424 88.4655
316 9.95671 88.442
304 9.959 88.4203
827 9.96129 88.3985
106 9.96381 88.3746
364 9.96646 88.3494
973 9.96893 88.3259
678 9.97146 88.3019
200 9.97392 88.2785
435 9.97643 88.2546
447 10.0015 88.0162
138 10.0254 87.7893
115 10.0495 87.5601
442 10.0745 87.3226
446 10.0995 87.0851
39 10.1237 86.8545
405 10.1515 86.5906
953 10.1824 86.297
585 10.213 86.006
547 10.2877 85.2967
914 10.3656 84.5571
300 10.4548 83.7095
178 10.5531 82.7765
615 10.6493 81.863
426 10.7452 80.9527
224 10.8467 79.9885
554 10.9077 79.4097
694 10.973 78.7888
728 10.9828 78.6964
108 10.9924 78.6047
436 11.0027 78.5065
637 11.0131 78.408
955 11.0253 78.2919
207 11.0381 78.1702
860 11.1777 78.0246
991 11.3126 77.884
607 11.451 77.7397
667 11.5906 77.5941
376 14.0171 75.0642
272 14.8709 75.0056
346 15.7573 74.9447
119 16.6637 74.8824
114 17.6489 74.8147
578 19.1053 74.7146
903 20.4073 74.6251
924 20.4073 74.6252
587 20.4073 74.6252
946 20.4074 74.6253
266 20.4074 74.6254
487 20.4074 74.6254
526 20.4074 74.6255
950 20.4074 74.6255
888 20.4074 74.6256
398 20.4075 74.6257
697 20.4075 74.6257
701 20.4075 74.6258
333 20.4075 74.6259
916 20.4075 74.6259
500 20.4075 74.626
220 20.4076 74.626
457 20.4076 74.6261
886 20.4303 74.7067
88 20.4523 74.7851
361 20.4733 74.8595
796 20.4953 74.9377
113 20.5168 75.0142
244 20.539 75.0933
130 20.5591 75.1646
429 20.5824 75.2475
479 20.6056 75.3299
97 20.6282 75.41
168 20.653 75.4983
60 20.6768 75.5829
872 20.7 75.6653
600 20.722 75.7436
99 20.7446 75.824
789 20.7673 75.9047
971 20.7896 75.9838
327 20.8132 76.0678
537 20.8386 76.1579
400 20.8632 76.2454
825 20.8884 76.3349
608 20.9131 76.4226
431 20.9371 76.508
635 20.9603 76.5904
424 20.986 76.6819
16 21.0084 76.7615
326 21.0317 76.8441
399 21.0566 76.9328
780 21.3046 77.0101
560 21.5834 77.0969
469 21.8755 77.1879
495 22.1627 77.2774
795 27.0362 78.7968
249 27.1207 78.5678
490 27.219 78.3016
919 27.3215 78.0239
339 27.4292 77.7323
773 27.5286 77.4628
2 27.6367 77.1702
58 27.748 76.8686
649 28.1303 75.8329
927 28.6034 74.5513
878 29.0084 73.4542
540 29.3637 72.4916
171 29.3691 72.2844
574 29.3742 72.0935
954 29.379 71.9104
757 29.3841 71.7137
41 29.3902 71.4803
715 29.3995 71.1275
689 29.4066 70.8555
454 29.4141 70.5712
365 29.4227 70.2444
56 29.4302 69.9577
591 29.4372 69.6896
54 29.4449 69.3974
965 29.0896 69.3215
21 28.7822 69.2557
910 28.4621 69.1873
308 28.0533 69.0999
349 27.6047 69.004
359 27.2108 68.9198
275 26.7644 68.8244
720 26.373 68.7407
599 25.9868 68.6581
596 25.6164 68.5789
726 24.6327 68.3686
132 23.7927 68.189
733 23.0309 68.0261
552 22.2181 67.8524
879 21.3755 67.6722
956 21.1356 67.6209
390 19.9803 67.9929
445 13.8727 69.959
524 13.2529 70.1585
948 12.5134 70.3966
162 11.8456 70.6116
338 11.1472 70.8365
502 10.4584 71.0582
890 9.65972 71.3154
75 9.08194 71.5014
830 9.08981 71.2878
427 9.09945 71.0261
665 9.10836 70.7843
277 9.11686 70.5538
503 9.12508 70.3306
551 9.13308 70.1135
374 9.14182 69.8764
321 9.15099 69.6276
556 9.16134 69.3466
703 9.17341 69.0191
255 9.18332 68.7502
192 9.1931 68.4848
639 9.20187 68.2467
657 9.21182 67.9768
219 9.22286 67.677
482 9.23342 67.3907
939 9.24331 67.1223
298 9.25265 66.8687
970 9.26444 66.5488
680 9.27574 66.2421
565 9.28809 65.907
14 9.29724 65.6587
764 9.30766 65.3759
784 9.31687 65.126
517 9.32562 64.8884
686 9.33496 64.6349
3 9.34584 64.3396
381 9.35586 64.0677
734 9.36672 63.773
77 9.37761 63.4775
799 9.38859 63.1795
772 9.40033 62.8611
966 9.41083 62.5761
234 9.425 62.1915
131 9.43865 61.821
925 9.45285 61.4356
527 9.46658 61.0632
589 9.47833 60.7443
849 9.49069 60.4087
214 9.50135 60.1194
760 9.5112 59.8523
531 9.52184 59.5634
303 9.53317 59.2559
122 9.5435 58.9757
708 9.55323 58.7115
166 9.56242 58.4622
717 9.57061 58.2398
347 9.58274 57.9108
371 9.59571 57.5588
463 9.65134 56.0491
936 9.68945 55.0147
698 9.72389 54.0801
771 9.75614 53.2048
505 9.7701 52.8261
909 9.78428 52.4413
858 9.7974 52.0853
747 9.80984 51.7477
805 9.82668 51.2905
542 9.8435 50.834
330 9.86047 50.3735
218 9.86047 50.3735
222 9.86047 50.3735
116 9.86047 50.3735
749 9.86047 50.3735
100 9.86047 50.3735
863 9.86047 50.3735
47 9.86047 50.3735
352 9.86047 50.3735
958 9.86047 50.3735
534 11.2622 51.313
182 12.6687 52.2558
739 14.0444 53.1779
938 14.3585 53.3885
451 14.6665 53.5949
972 14.9194 53.7644
677 15.1905 53.9462
279 15.4743 54.1364
510 15.7758 54.3385
735 15.9381 54.4472
34 16.0888 54.5482
545 16.2325 54.6446
79 16.3619 54.7313
981 16.482 54.8118
81 16.6022 54.8924
336 16.7097 54.9644
630 16.8287 55.0442
688 17.9102 54.8198
691 18.2114 54.7573
633 18.5429 54.6886
897 18.8459 54.6257
422 19.1563 54.5613
267 19.4788 54.4944
601 19.6747 54.4538
59 19.8914 54.4088
411 20.0882 54.368
846 20.5346 54.2754
705 20.9804 54.1829
788 21.4311 54.0894
729 21.7895 54.015
891 22.1619 53.9378
382 22.3788 53.8928
908 22.5958 53.8478
329 22.8116 53.803
196 23.0564 53.7522
645 26.0304 53.1353
839 26.1779 52.9521
640 26.3122 52.7853
901 26.4517 52.6122
756 26.6054 52.4214
507 26.7581 52.2318
237 26.9395 52.0065
543 27.0904 51.8192
269 27.2415 51.6317
706 27.3949 51.4412
89 27.5032 51.3067
233 27.6115 51.1723
142 27.7386 51.0145
603 27.8741 50.8462
324 28.0033 50.6859
49 28.1467 50.5079
535 28.2745 50.3491
748 28.4057 50.1863
619 28.528 50.0344
302 28.6443 49.8901
413 28.7621 49.7438
929 28.8771 49.6011
913 29.0062 49.4408
127 29.1469 49.2661
191 29.6174 42.1237
566 29.6174 42.1237
687 29.6174 42.1237
917 29.6174 42.1237
78 29.6174 42.1237
612 29.6174 42.1237
414 29.6174 42.1237
438 29.6174 42.1237
508 29.6174 42.1237
486 29.6174 42.1237
480 29.6174 42.1237
549 29.6174 42.1237
783 29.6174 42.1237
989 29.6174 42.1237
692 29.6174 42.1237
529 29.6174 42.1237
811 29.6174 42.1237
356 29.6174 42.1237
679 29.3866 42.105
7 29.1742 42.0878
862 28.9557 42.0701
778 27.7288 41.9707
990 23.3877 41.6185
758 22.2794 41.5287
154 21.2766 41.4475
205 21.1093 41.4339
664 20.9348 41.4198
397 20.7438 41.4044
37 20.5503 41.3887
388 20.3578 41.3731
525 20.1509 41.3564
174 19.9244 41.338
38 19.7362 41.3228
151 19.4883 41.3027
655 19.1272 41.2735
11 18.7736 41.2449
616 18.3665 41.2119
723 18.0154 41.1835
403 17.6391 41.153
391 17.2402 41.1207
475 16.7952 41.0847
797 16.2915 41.0439
496 15.7717 41.0018
731 15.2339 40.9583
125 14.7744 40.9211
476 14.2826 40.8812
65 13.7797 40.8405
663 13.2098 40.7944
123 12.601 40.7451
32 12.0405 40.6997
499 11.3305 40.6422
57 10.9636 40.6125
128 10.6089 40.5837
423 10.327 40.5609
157 10.0071 40.535
312 10.0045 40.375
148 10.002 40.2159
10 9.99945 40.0548
770 9.9971 39.9072
228 9.99467 39.7543
384 9.99225 39.6021
841 9.98991 39.4548
652 9.98728 39.2896
46 9.98443 39.1103
700 9.98168 38.9373
328 9.97918 38.7798
949 9.97669 38.6236
341 9.97401 38.4546
489 9.97094 38.2616
373 9.96146 37.6655
212 9.90919 34.3837
187 9.77669 26.087
87 9.77669 26.087
283 9.77669 26.087
74 9.81217 25.8816
963 9.84585 25.6866
985 9.87681 25.5073
710 9.91221 25.3023
133 9.94597 25.1068
514 9.97972 24.9113
86 10.0162 24.7002
794 10.0606 24.4431
258 10.1058 24.1812
331 10.1507 23.9212
898 10.1925 23.6791
943 10.2544 23.3205
299 10.3285 22.8915
474 10.4043 22.4529
572 10.4738 22.0505
641 10.5488 21.6157
402 10.6255 21.1721
836 10.6982 20.751
741 10.7864 20.24
268 10.8689 19.7622
4 10.9703 19.1753
812 11.5604 15.7585
254 11.6586 15.7999
366 11.7378 15.8332
661 11.82 15.8678
348 11.8952 15.8995
211 11.9724 15.9321
588 12.051 15.9652
455 12.1295 15.9982
674 12.2067 16.0307
412 12.2845 16.0635
646 12.3618 16.0961
61 12.444 16.1307
722 12.5297 16.1668
488 13.0361 16.3801
881 13.4586 16.5581
629 13.9707 16.7739
362 14.6278 17.0506
682 15.4821 17.4105
673 16.6984 17.9229
8 18.1385 18.5295
284 19.9752 19.3032
626 21.3118 19.8663
902 22.0617 20.1822
307 22.8639 20.5201
64 23.5317 20.8014
702 24.1376 21.0566
829 24.7779 21.3264
121 25.2187 21.3511
824 25.7042 21.3784
709 26.1644 21.4042
602 26.5903 21.4281
278 27.0558 21.4542
915 27.4131 21.4743
899 27.7788 21.4948
246 28.1997 21.5184
439 28.6045 21.5411
869 29.0322 21.5651
221 30.2835 21.6353
354 31.77 21.7187
834 34.4446 21.8687
467 36.4621 21.9819
160 38.0667 22.0719
873 39.8639 22.1728
164 39.7085 22.0503
934 39.4828 21.8723
261 39.2654 21.7009
419 39.0714 21.548
289 38.3937 21.0137
573 37.2237 20.0914
643 36.1675 19.2588
351 36.1675 19.2588
669 36.1675 19.2588
704 36.3314 19.2227
363 36.4922 19.1874
287 36.6554 19.1515
653 36.8126 19.1169
337 36.957 19.0851
407 37.1048 19.0526
26 37.2496 19.0208
883 37.3914 18.9896
379 37.5327 18.9585
822 37.6829 18.9254
111 37.8406 18.8908
310 37.996 18.8566
787 38.1409 18.8247
518 43.0235 17.7507
504 55.5593 19.048
959 55.7599 19.0688
598 55.941 19.0875
176 56.0806 19.102
295 56.0557 19.2844
581 56.0324 19.4558
819 56.008 19.6347
777 55.9853 19.8011
209 55.9586 19.9972
24 60.7835 17.6906
103 64.4028 15.9601
721 71.1057 17.6963
