0,721,777,176,598,504,103,295,831,819,24,581,959,419,978,421,848,681,217,164,586,55,821,555,19,355,844,197,276,69,716,63,870,458,785,209,751,873,828,27,781,930,43,594,634,377,675,358,45,6,101,472,66,597,186,843,793,945,30,89,281,732,104,498,264,342,147,706,809,269,922,493,912,765,862,522,512,38,180,127,370,302,452,917,687,210,923,410,839,576,459,533,365,783,194,778,688,471,54,237,957,49,901,142,633,913,535,397,619,891,37,476,543,413,908,403,841,154,182,525,11,748,508,422,723,510,858,414,700,233,603,148,655,438,876,915,475,151,664,811,829,388,125,205,32,549,486,602,989,257,834,529,853,869,356,155,566,480,692,790,679,278,7,111,865,250,379,191,935,287,64,883,289,573,934,626,653,407,351,669,518,337,467,310,307,363,261,160,822,26,704,787,246,284,902,709,354,254,643,824,402,211,682,439,488,702,661,474,8,812,710,641,588,674,348,629,572,881,646,963,722,455,412,741,362,673,187,61,366,87,4,74,514,898,221,836,985,86,331,258,794,299,283,133,65,228,612,121,268,10,943,616,899,391,663,78,527,166,328,157,116,958,46,771,972,336,909,770,352,731,990,330,863,489,373,218,805,100,499,849,128,384,749,47,341,212,123,423,312,463,708,214,505,797,938,698,652,279,496,949,542,57,222,122,303,376,531,371,667,503,879,196,381,130,966,860,3,338,457,686,119,607,445,717,207,734,639,500,97,524,784,219,665,799,77,948,346,347,939,427,703,374,517,925,81,255,234,277,534,174,677,760,936,589,192,970,114,411,739,691,735,772,329,324,729,451,545,705,507,640,267,599,788,764,756,846,565,382,981,398,956,758,903,59,720,361,733,429,137,747,596,604,730,34,501,587,591,390,220,872,927,571,349,645,359,21,266,897,601,132,79,225,724,689,683,894,235,779,676,453,743,621,175,484,715,163,404,144,523,291,56,855,804,910,929,461,558,798,84,350,91,755,109,582,193,614,976,80,649,513,564,294,540,226,454,2,124,41,167,60,308,134,171,231,919,76,256,252,886,635,189,608,658,253,270,885,223,16,168,946,965,789,757,662,878,696,141,333,296,916,50,578,551,275,502,479,400,701,537,272,418,726,954,780,327,526,113,552,971,487,825,574,888,697,339,326,600,88,99,184,58,796,431,162,443,950,560,95,924,482,131,728,630,680,14,694,554,224,759,298,615,90,830,890,321,75,556,657,955,991,433,426,570,628,436,405,401,803,435,953,815,316,693,364,969,944,982,244,719,736,495,568,386,444,263,637,546,304,447,446,153,93,48,325,178,240,236,31,213,300,792,892,914,106,442,718,301,547,199,585,203,138,247,200,1,462,17,380,750,711,827,973,868,39,678,988,249,115,651,288,933,368,712,695,469,360,490,108,44,871,13,399,424,905,169,557,631,306,550,610,699,183,833,139,96,521,773,707,73,409,786,430,227,776,795,36,28,753,441,456,120,146,768,672,20,15,714,491,593,808,611,960,448,271,638,428,22,309,738,389,394,761,215,129,241,230,713,806,859,392,408,470,172,918,181,150,569,766,548,763,72,206,53,752,265,952,807,292,840,974,437,877,539,416,343,105,5,62,866,165,541,559,613,375,239,449,245,511,92,156,874,532,516,406,814,305,40,140,947,126,320,961,659,940,313,737,367,801,315,9,800,561,563,259,832,369,562,530,319,636,94,248,802,82,509,826,18,642,782,297,317,931,378,882,880,229,202,536,856,624,618,179,280,746,344,851,754,896,415,980,911,690,984,23,887,434,118,861,774,584,177,575,622,671,335,273,158,775,477,464,251,992,12,318,544,816,567,42,395,52,937,417,465,71,83,494,185,823,893,983,813,666,845,580,135,149,817,353,620,864,854,820,285,648,740,145,159,818,742,481,889,928,322,528,372,685,473,25,660,311,204,450,725,332,290,962,744,383,152,420,385,900,867,975,579,201,837,110,852,650,907,112,727,904,67,964,577,468,51,208,432,769,617,847,654,605,857,393,987,895,986,460,632,968,921,396,519,35,262,85,595,117,68,656,668,942,647,238,173,340,762,161,282,478,791,286,625,485,538,102,515,810,440,190,842,216,357,188,941,767,623,906,644,926,293,143,875,492,606,314,232,70,323,425,274,670,745,609,466,932,838,951,920,967,198,884,29,107,136,850,170,195,334,583,497,553,684,387,242,977,506,592,835,33,98,520,590,243,260,979,483,627,345,
value : 483.647 running time : 33.900221
0 80 20
721 73.9325 17.9269
777 70.7951 16.8547
176 69.687 16.4759
598 68.7217 16.1458
504 67.7633 15.8182
103 66.7838 15.4833
295 64.6602 18.315
831 63.0507 20.4613
819 62.2434 21.5379
24 61.498 22.5319
581 60.5677 23.7725
959 59.0231 25.8322
419 56.6636 28.9784
978 53.0616 33.7813
421 52.4653 34.5766
848 51.979 35.225
681 51.951 35.2624
217 51.9202 35.3034
164 51.8932 35.3394
586 51.8614 35.3818
55 51.8579 35.4555
821 51.8543 35.5313
555 51.8504 35.6118
19 51.846 35.7041
355 51.8417 35.7934
844 51.8374 35.8841
197 51.8333 35.9711
276 51.8292 36.0554
69 51.8257 36.1296
716 51.8224 36.1987
63 51.8191 36.2676
870 51.816 36.3327
458 51.8129 36.3957
785 51.8099 36.4586
209 51.8068 36.5234
751 51.8035 36.5915
873 51.8003 36.6598
828 51.7966 36.7368
27 51.7929 36.8143
781 51.7891 36.8942
930 51.7849 36.9826
43 51.7809 37.0664
594 51.7771 37.1447
634 51.7734 37.2218
377 51.7697 37.3001
675 51.7658 37.381
358 51.7658 37.381
45 51.7658 37.381
6 51.7658 37.3811
101 47.6766 44.4454
472 47.2898 45.114
66 46.9185 45.7559
597 46.4774 46.5182
186 46.1744 47.0419
843 45.8998 47.5165
793 45.618 48.0037
945 43.8223 48.7373
30 42.1185 49.4335
89 41.4128 49.7217
281 40.8325 49.9586
732 40.2492 50.1968
104 39.6993 50.4213
498 39.6916 50.4245
264 39.6823 50.4283
342 39.6738 50.4317
147 39.6641 50.4357
706 39.6553 50.4393
809 39.6459 50.4431
269 39.6366 50.4469
922 39.6278 50.4505
493 39.6186 50.4543
912 39.6186 50.4543
765 39.6186 50.4543
862 39.6186 50.4543
522 39.6186 50.4543
512 39.6186 50.4543
38 39.6186 50.4543
180 39.6186 50.4543
127 39.6186 50.4543
370 39.6186 50.4543
302 39.6186 50.4543
452 39.6186 50.4543
917 39.6186 50.4543
687 39.6186 50.4543
210 39.2476 51.4722
923 38.8739 52.4977
410 38.4256 53.7276
839 38.3244 53.6788
576 38.2274 53.6322
459 38.1292 53.5849
533 37.9053 53.4773
365 37.6783 53.3681
783 37.1299 53.1044
194 36.6693 52.883
778 36.2028 52.6587
688 35.7448 52.4385
471 35.3097 52.2293
54 34.8168 51.9923
237 34.0648 51.6308
957 33.2753 51.2513
49 32.4694 50.8639
901 31.6555 50.4728
142 30.4478 49.8673
633 29.7422 49.5135
913 29.1049 49.1939
535 28.4682 48.8747
397 27.8791 48.5793
619 27.3337 48.3058
891 26.7593 48.0178
37 25.978 47.626
476 25.2432 47.2577
543 24.6858 46.9781
413 24.1113 46.6901
908 23.45 46.3585
403 22.7821 46.0236
841 22.1084 45.6858
154 22.119 45.6744
182 22.1295 45.663
525 22.1417 45.6498
11 22.1529 45.6376
748 22.1635 45.626
508 22.173 45.6158
422 22.1819 45.6061
723 22.193 45.5941
510 22.2031 45.5831
858 22.2138 45.5715
414 22.2261 45.5581
700 22.2362 45.5472
233 22.2462 45.5364
603 23.1441 44.5623
148 24.1847 43.4334
655 25.3656 42.1523
438 26.6318 40.7787
876 27.9945 39.3003
915 30.4087 36.6812
475 30.4349 36.6769
151 30.4622 36.6724
664 30.4889 36.668
811 30.5157 36.6636
829 30.5413 36.6593
388 30.5683 36.6549
125 30.5943 36.6506
205 30.6497 36.6415
32 30.7057 36.6322
549 30.7663 36.6222
486 30.827 36.6122
602 30.889 36.6019
989 31.5974 36.4845
257 32.1551 36.3921
834 32.6929 36.303
529 33.2307 36.2139
853 33.7527 36.1274
869 34.2963 36.0374
356 34.8411 35.9472
155 35.3325 35.8658
566 35.5282 35.2824
480 35.7451 34.636
692 35.9702 33.9654
790 36.2046 33.2668
679 36.4581 32.5115
278 36.7306 31.6996
7 37.0086 30.8713
111 37.3273 29.922
865 37.6161 29.0616
250 37.602 28.7441
379 37.5867 28.3989
191 37.5723 28.074
935 37.5562 27.7123
287 37.3091 22.1445
64 37.2898 21.7102
883 37.2713 21.2922
289 37.2534 20.8895
573 37.2263 20.2787
934 37.2031 19.7568
626 37.1753 19.129
653 37.146 18.4703
407 37.1168 17.8114
351 37.0933 17.2827
669 37.074 16.8464
518 37.0606 16.5445
337 36.1739 17.1706
467 35.2865 17.7973
310 35.2865 17.7973
307 35.2865 17.7973
363 35.2865 17.7973
261 35.2865 17.7973
160 35.2865 17.7973
822 34.2926 17.6608
26 33.2626 17.5194
704 32.2115 17.3751
787 31.1167 17.2248
246 29.9814 17.069
284 28.885 16.9185
902 27.825 16.773
709 26.8273 16.636
354 25.8133 16.4968
254 24.7534 16.3513
643 23.7036 16.2071
824 22.6545 16.0631
402 21.0846 15.8477
211 19.6717 15.6538
682 18.453 15.4865
439 17.7903 15.3954
488 17.1181 15.3031
702 16.4221 15.2075
661 15.6623 15.1031
474 14.8634 14.9934
8 13.9935 14.8739
812 13.1052 14.752
710 12.966 15.8492
641 12.966 15.8492
588 12.966 15.8492
674 12.966 15.8492
348 12.966 15.8492
629 12.966 15.8492
572 12.966 15.8492
881 12.966 15.8492
646 12.966 15.8493
963 12.966 15.8493
722 12.966 15.8493
455 12.8927 16.6605
412 12.8252 17.4063
741 12.7611 18.1145
362 12.696 18.8339
673 12.6348 19.5099
187 12.5701 20.2248
61 12.474 21.2874
366 12.3569 22.5858
87 12.2628 23.6278
4 12.197 24.3556
74 12.1357 25.0324
514 12.0764 25.6883
898 12.0218 26.2918
221 14.4624 29.7216
836 14.0811 30.6687
985 13.6541 31.729
86 13.2784 32.6621
331 13.2784 32.6621
258 13.2784 32.6621
794 13.2685 32.7144
299 13.2578 32.7711
283 13.2461 32.8325
133 13.2353 32.8894
65 13.2243 32.9477
228 13.213 33.0073
612 13.2027 33.0613
121 13.1923 33.1163
268 13.1813 33.1743
10 13.1692 33.2381
943 13.1582 33.2959
616 13.1459 33.3609
899 13.1354 33.4159
391 10.8914 45.2431
663 10.8455 45.3121
78 10.7985 45.3826
527 10.7473 45.4595
166 10.6976 45.5341
328 10.6976 45.5341
157 10.686 45.6485
116 10.6749 45.7575
958 10.6655 45.8508
46 10.6555 45.9493
771 10.6447 46.0555
972 10.6338 46.163
336 10.6241 46.2579
909 10.6151 46.3467
770 10.606 46.4358
352 10.5964 46.53
731 10.5877 46.6163
990 10.5786 46.7051
330 10.5692 46.7977
863 10.5591 46.8975
489 10.5484 47.0025
373 10.5382 47.1034
218 10.528 47.204
805 10.5185 47.2969
100 10.5092 47.3883
499 10.5004 47.4753
849 10.4541 47.9318
128 10.4323 48.1465
384 10.4103 48.3625
749 10.3863 48.5999
47 10.3623 48.8359
341 10.3394 49.0616
212 10.3164 49.2873
123 10.2921 49.5269
423 10.2669 49.7749
312 10.2384 50.0564
463 10.2083 50.3529
708 10.1778 50.6538
214 10.1494 50.9333
505 10.1221 51.2031
797 10.0947 51.4728
938 10.065 51.7654
698 10.0351 52.0598
652 10.0048 52.3581
279 9.97361 52.666
496 9.94259 52.9717
949 9.90672 53.3254
542 9.8276 54.1065
57 9.74395 54.9325
222 9.65367 55.824
122 9.54413 56.9062
303 9.43102 58.0239
376 9.31384 59.1821
531 9.20513 60.2561
371 9.10017 61.2932
667 9.0117 62.1671
503 8.972 62.5587
879 8.93868 62.8872
196 8.90627 63.2066
381 8.87183 63.5463
130 8.84124 63.8478
966 8.8097 64.1588
860 8.78073 64.4444
3 8.77134 64.5367
338 8.76111 64.6375
457 8.75063 64.7407
686 8.75063 64.7407
119 8.75063 64.7407
607 8.75063 64.7407
445 8.75063 64.7407
717 8.75063 64.7407
207 8.75063 64.7407
734 8.75793 64.7352
639 8.7647 64.7301
500 8.77231 64.7244
97 8.77991 64.7187
524 8.7875 64.713
784 8.7941 64.708
219 8.80043 64.7033
665 8.8068 64.6985
799 8.81341 64.6935
77 8.82009 64.6885
948 8.82666 64.6835
346 8.83332 64.6785
347 8.8404 64.6732
939 8.84701 64.6682
427 8.85358 64.6633
703 8.86057 64.658
374 8.86672 64.6534
517 9.32832 64.306
925 9.90245 63.874
81 10.5036 63.4216
255 11.0255 63.0289
234 11.7177 62.508
277 12.6633 61.7965
534 14.8473 60.1532
174 14.9884 60.1965
677 15.134 60.2413
760 15.2801 60.2862
936 15.426 60.3311
589 15.5873 60.3807
192 15.7504 60.4308
970 15.9123 60.4805
114 16.0727 60.5298
411 16.233 60.5791
739 16.3906 60.6275
691 16.5479 60.6759
735 16.7065 60.7247
772 16.8613 60.7722
329 17.0166 60.82
324 17.1715 60.8676
729 17.3216 60.9137
451 17.4686 60.9589
545 17.6141 61.0036
705 17.7425 61.0431
507 17.8708 61.0826
640 17.9973 61.1215
267 18.1158 61.1579
599 18.1158 61.1579
788 18.1158 61.1579
764 18.1158 61.1579
756 18.1158 61.1579
846 18.1158 61.1579
565 18.1158 61.1579
382 18.1158 61.1579
981 18.1158 61.1579
398 18.1158 61.1579
956 18.1158 61.1579
758 18.1158 61.1579
903 18.4128 61.2663
59 18.7067 61.3736
720 18.9889 61.4766
361 19.2619 61.5763
733 19.4828 61.6569
429 19.6973 61.7352
137 19.9089 61.8124
747 19.9608 61.8314
596 24.9025 63.6385
604 25.5715 63.8828
730 26.0117 64.0435
34 26.4183 64.1919
501 26.8028 64.3323
587 27.1889 64.4733
591 27.5697 64.6123
390 27.9522 64.752
220 28.3357 64.892
872 31.9236 66.2033
927 31.9236 66.2033
571 31.9236 66.2033
349 31.9236 66.2033
645 31.9236 66.2033
359 31.9236 66.2033
21 31.9236 66.2033
266 31.9236 66.2033
897 31.9236 66.2033
601 31.9236 66.2033
132 31.9236 66.2033
79 32.6692 66.0201
225 33.4242 65.8347
724 34.2221 65.6387
689 34.9872 65.4507
683 35.7894 65.2537
894 36.5907 65.0569
235 37.3459 64.8713
779 37.9785 64.7158
676 38.5899 64.5656
453 39.1769 64.4213
743 39.1769 64.4213
621 39.1769 64.4213
175 39.1769 64.4213
484 39.1769 64.4213
715 39.1769 64.4213
163 39.1769 64.4213
404 39.1769 64.4213
144 39.1769 64.4213
523 39.1769 64.4213
291 39.1769 64.4213
56 39.1769 64.4213
855 39.1769 64.4213
804 39.1769 64.4213
910 39.1769 64.4213
929 39.1769 64.4213
461 39.1769 64.4213
558 40.4943 65.7975
798 41.8134 67.1756
84 43.0616 68.4795
350 43.0657 68.6828
91 43.0695 68.8721
755 43.0732 69.0552
109 43.0763 69.2098
582 43.0795 69.3674
193 40.5551 71.312
614 40.0395 71.7092
976 39.6028 72.0456
80 39.1722 72.3773
649 38.7267 72.7205
513 38.3664 72.9981
564 37.8927 73.363
294 37.3996 73.7428
540 36.8931 74.133
226 36.3383 74.5604
454 35.7848 74.9867
2 35.3125 75.3506
124 34.9312 75.6444
41 34.5619 75.9288
167 34.3532 76.0896
60 34.1721 76.2291
308 34.0033 76.3591
134 33.8094 76.5085
171 33.1863 76.9885
231 30.5798 78.9964
919 30.443 78.9836
76 30.3055 78.9707
256 30.1673 78.9578
252 30.0243 78.9444
886 29.8806 78.931
635 29.7501 78.9188
189 29.6247 78.907
608 29.4965 78.895
658 29.3695 78.8831
253 29.2446 78.8715
270 29.1169 78.8595
885 28.9908 78.8477
223 28.8675 78.8362
16 28.7431 78.8245
168 28.6187 78.8129
946 28.5011 78.8019
965 28.385 78.791
789 27.989 78.9505
757 27.5934 79.1099
662 27.2094 79.2646
878 26.7937 79.432
696 25.1773 80.0827
141 24.822 79.9218
333 24.3507 79.7085
296 23.8953 79.5024
916 23.3622 79.2611
50 22.9137 79.0581
578 22.4169 78.8332
551 21.8848 78.5924
275 21.4584 78.3994
502 21.0656 78.2216
479 20.7766 78.0908
400 20.4858 77.9591
701 20.2402 77.848
537 20.0034 77.7408
272 19.7449 77.6238
418 19.6453 77.5787
726 19.5195 77.5217
954 19.4031 77.469
780 19.2598 77.4042
327 19.1324 77.3465
526 19.0014 77.2872
113 18.8658 77.2258
552 18.7378 77.1679
971 18.6133 77.1115
487 18.4836 77.0528
825 18.3529 76.9937
574 18.2281 76.9372
888 18.0724 76.8667
697 17.9149 76.7954
339 17.7414 76.7169
326 17.5703 76.6394
600 17.4011 76.5629
88 17.2322 76.4864
99 17.0579 76.4075
184 16.8832 76.3284
58 16.7066 76.2485
796 16.4937 76.1521
431 16.2962 76.0627
162 16.0769 75.9635
443 15.8825 75.8755
950 15.6723 75.7804
560 15.4506 75.68
95 15.229 75.5797
924 14.8276 75.3981
482 14.384 75.1973
131 13.9811 75.0149
728 13.6687 75.3401
630 13.4528 75.5646
680 13.1917 75.8364
14 12.8971 76.1429
694 12.6016 76.4504
554 12.4493 77.4638
224 12.4085 77.7361
759 12.3314 78.2501
298 12.2573 78.7448
615 12.1813 79.2515
90 12.1058 79.7547
830 12.0386 80.2029
890 11.9718 80.6489
321 11.9043 81.0992
75 11.8381 81.5406
556 11.7701 81.9947
657 11.7001 82.4615
955 11.6265 82.9524
991 11.5512 83.4544
433 11.4717 83.9841
426 11.3898 84.5306
570 11.3052 85.0941
628 11.2182 85.6741
436 11.1313 86.2534
405 11.0473 86.8132
401 10.9668 87.3503
803 10.8882 87.8743
435 10.8121 88.3816
953 10.8121 88.3816
815 10.8121 88.3816
316 10.8121 88.3816
693 10.8121 88.3816
364 10.8121 88.3816
969 10.8121 88.3816
944 10.8121 88.3816
982 10.807 88.4627
244 10.8018 88.5451
719 10.7971 88.6197
736 10.7924 88.6955
495 10.7874 88.7744
568 10.7828 88.8476
386 10.7779 88.926
444 10.7725 89.0105
263 10.7677 89.0881
637 10.7626 89.1681
546 10.7574 89.2511
304 10.7526 89.3272
447 10.7474 89.4104
446 10.7421 89.4947
153 10.7366 89.5809
93 10.731 89.6701
48 10.7254 89.7589
325 10.7201 89.8433
178 10.7148 89.9282
240 10.7089 90.0218
236 10.7034 90.1087
31 10.6971 90.2089
213 10.6916 90.2961
300 10.6916 90.2966
792 10.6915 90.2971
892 10.6915 90.2975
914 10.6915 90.2981
106 10.6914 90.2986
442 10.6914 90.2991
718 10.6914 90.2996
301 10.6913 90.3001
547 10.6913 90.3006
199 10.6913 90.3011
585 10.6912 90.3016
203 10.6912 90.302
138 10.6912 90.3025
247 10.6911 90.303
200 10.6911 90.3036
1 10.6911 90.304
462 10.691 90.3045
17 10.691 90.305
380 10.691 90.3056
750 10.6909 90.3061
711 10.6909 90.3066
827 10.6909 90.3071
973 10.6908 90.3075
868 10.6908 90.308
39 10.6908 90.3084
678 10.6907 90.3088
988 10.6907 90.3092
249 11.2404 90.3474
115 11.723 90.3809
651 12.1779 90.4125
288 12.4975 90.4347
933 12.791 90.4551
368 13.0744 90.4748
712 13.3411 90.4933
695 13.6016 90.5113
469 13.8555 90.529
360 14.104 90.5462
490 14.351 90.5633
108 14.4084 90.5673
44 14.4789 90.5722
871 14.5433 90.5767
13 14.6058 90.581
399 14.6684 90.5853
424 14.7354 90.59
905 14.7935 90.594
169 14.8671 90.5991
557 17.2084 90.7619
631 19.6267 90.93
306 20.6477 91.0009
550 21.6403 91.0699
610 22.2938 91.1153
699 22.9814 91.163
183 24.5661 91.2732
833 26.2806 91.3925
139 27.8985 91.505
96 27.8985 91.505
521 27.8985 91.505
773 27.8985 91.505
707 27.8985 91.505
73 27.8986 91.505
409 27.8986 91.505
786 27.8986 91.505
430 27.8986 91.505
227 27.8986 91.505
776 27.8986 91.505
795 27.9062 91.5034
36 27.9124 91.5022
28 27.9186 91.5009
753 27.9244 91.4997
441 27.9307 91.4984
456 27.9373 91.497
120 27.9448 91.4955
146 27.9518 91.4941
768 27.9572 91.493
672 27.9635 91.4917
20 27.9694 91.4905
15 27.9751 91.4893
714 28.2289 91.4372
491 28.5313 91.3752
593 28.9084 91.2978
808 29.4061 91.1957
611 29.8691 91.1006
960 30.3941 90.9929
448 30.9271 90.8835
271 31.3773 90.7912
638 31.8178 90.7008
428 32.2489 90.6123
22 32.7101 90.5177
309 33.1462 90.4282
738 33.534 90.3486
389 33.9127 90.2709
394 34.2004 90.2119
761 34.4722 90.1562
215 34.8468 90.0793
129 35.14 90.0192
241 35.4155 89.9626
230 35.6789 89.9086
713 35.9492 89.8532
806 36.1093 89.8203
859 36.2727 89.7868
392 36.9433 89.6492
408 37.6279 89.5087
470 37.8274 89.4678
172 38.0414 89.4239
918 38.2504 89.3811
181 38.4785 89.3343
150 38.7022 89.2884
569 38.9613 89.2352
766 39.2178 89.1826
548 39.4694 89.131
763 39.7334 89.0768
72 39.9774 89.0268
206 40.2406 88.9728
53 40.4906 88.9215
752 40.7451 88.8693
265 41.1351 88.7892
952 41.8573 88.641
807 41.9006 88.6321
292 41.9428 88.6235
840 41.9877 88.6143
974 42.0316 88.6053
437 42.1479 88.5814
877 42.2642 88.5575
539 42.3874 88.5323
416 42.5085 88.5074
343 42.6335 88.4818
105 42.7555 88.4568
5 42.8707 88.4331
62 42.9889 88.4089
866 43.0923 88.3877
165 43.199 88.3658
541 43.3063 88.3438
559 43.3889 88.3268
613 43.4713 88.3099
375 43.6181 88.2798
239 43.763 88.25
449 43.9057 88.2207
245 44.0606 88.189
511 44.199 88.1606
92 44.2842 88.1431
156 44.4103 88.1172
874 44.5284 88.093
532 44.6711 88.0637
516 44.8032 88.0365
406 44.9313 88.0103
814 45.058 87.9843
305 45.1903 87.9571
40 45.326 87.9293
140 45.4513 87.9035
947 45.5749 87.8782
126 45.694 87.8537
320 45.8162 87.8286
961 45.9383 87.8036
659 47.1334 87.4469
940 48.4105 87.0658
313 49.6015 86.7103
737 50.6696 86.3916
367 51.3064 86.2015
801 51.9188 86.0188
315 52.3156 85.9004
9 52.3732 85.8831
800 52.417 85.8701
561 52.4584 85.8577
563 52.6795 85.7917
259 52.9249 85.7185
832 53.1625 85.6476
369 53.3312 85.5972
562 53.4921 85.5492
530 53.6929 85.4893
319 53.9087 85.4249
636 54.1462 85.354
94 54.3939 85.2801
248 54.6203 85.2125
802 54.9015 85.1286
82 55.2016 85.039
509 56.211 84.7378
826 56.3106 85.0171
18 56.4261 85.3407
642 56.5451 85.6745
782 56.6774 86.0455
297 56.8821 86.6195
317 57.0788 87.1709
931 57.2877 87.7568
378 57.5155 88.3955
882 57.7986 89.1891
880 57.8284 89.1809
229 57.858 89.1727
202 57.8837 89.1656
536 57.9097 89.1584
856 57.9364 89.151
624 57.9632 89.1436
618 57.9933 89.1353
179 58.0239 89.1269
280 58.0536 89.1187
746 58.0806 89.1112
344 58.111 89.1028
851 58.1437 89.0938
754 58.1757 89.0849
896 58.2066 89.0764
415 58.2393 89.0674
980 58.2704 89.0588
911 58.3018 89.0501
690 58.3349 89.041
984 58.3673 89.032
23 58.3976 89.0237
887 58.4337 89.0137
434 58.4677 89.0043
118 58.5977 88.9684
861 58.7253 88.9332
774 58.8594 88.8961
584 59.0047 88.856
177 59.1562 88.8142
575 59.303 88.7737
622 59.4496 88.7332
671 59.5827 88.6964
335 60.494 88.7332
273 61.4584 88.7721
158 62.3865 88.8095
775 63.1623 88.8408
477 63.5466 88.8562
464 63.9291 88.8715
251 64.3058 88.8866
992 64.6725 88.9013
12 65.0493 88.9164
318 65.4613 88.9329
544 65.8702 88.9493
816 66.2951 88.9664
567 66.713 88.9831
42 67.1358 89.0001
395 67.5833 89.0181
52 68.0316 89.0361
937 68.5167 89.0556
417 68.9816 89.0742
465 69.3895 89.0906
71 69.7958 89.1069
83 70.2003 89.1231
494 70.626 89.1402
185 71.0519 89.1573
823 72.4821 89.2151
893 73.9728 89.2754
983 75.3304 89.3303
813 75.3304 89.3303
666 75.3304 89.3303
845 75.3304 89.3303
580 75.3304 89.3303
135 75.3304 89.3303
149 75.3304 89.3303
817 75.3304 89.3303
353 75.396 89.3186
620 75.4613 89.307
864 75.6313 89.2767
854 75.8004 89.2466
820 75.9731 89.2158
285 76.1362 89.1868
648 76.31 89.1558
740 76.4736 89.1266
145 76.6249 89.0997
159 76.7891 89.0705
818 76.9493 89.0419
742 77.1147 89.0125
481 77.2802 88.983
889 80.1437 88.4718
928 80.941 88.3296
322 83.0106 86.3509
528 85.4308 84.037
372 86.0077 83.4855
685 85.8638 83.3748
473 85.7144 83.2598
25 85.5636 83.1438
660 85.4006 83.0184
311 85.2352 82.8911
204 85.0687 82.763
450 84.9101 82.641
725 82.1327 81.0265
332 78.5281 78.931
290 75.3681 77.094
962 73.6559 76.0987
744 72.3025 75.3122
383 71.0255 74.57
152 69.0615 73.4284
420 67.1221 72.3012
385 67.1221 72.3012
900 67.0933 72.2923
867 67.0646 72.2834
975 67.0378 72.2752
579 67.0101 72.2666
201 66.9818 72.2579
837 66.5965 72.1388
110 66.2031 72.0171
852 65.7756 71.8849
650 64.5567 71.5078
907 63.2927 71.1166
112 62.321 70.816
727 61.4386 70.5431
904 60.49 70.2497
67 59.472 69.9347
964 58.3484 69.5871
577 57.2914 69.2601
468 57.2914 69.2601
51 57.2914 69.2601
208 57.2788 69.2658
432 57.2663 69.2714
769 57.2543 69.2768
617 57.2432 69.2819
847 57.2324 69.2867
654 57.2215 69.2917
605 57.2091 69.2973
857 57.1966 69.3029
393 57.1857 69.3078
987 57.1737 69.3133
895 57.1613 69.3189
986 57.2495 68.9068
460 57.3428 68.4705
632 57.4414 68.0099
968 57.549 67.5067
921 57.655 67.011
396 58.3674 63.6758
519 58.6952 62.1421
35 58.8347 61.4896
262 58.9715 60.85
85 59.0221 60.6134
595 59.0713 60.3835
117 59.1237 60.1387
68 59.1638 59.9515
656 59.2048 59.76
668 59.2268 59.6574
942 59.251 59.5444
647 59.2738 59.4377
238 59.2967 59.3308
173 59.3198 59.223
340 59.3466 59.0978
762 59.3763 58.9591
161 59.407 58.8159
282 59.4381 58.6704
478 59.4707 58.5181
791 59.5021 58.3716
286 59.5358 58.2141
625 59.5688 58.0599
485 59.6032 57.8992
538 59.6359 57.7464
102 59.6689 57.5923
515 59.6994 57.4499
810 59.7318 57.2986
440 59.7648 57.1445
190 59.8029 56.9664
842 59.839 56.7976
216 59.8714 56.6462
357 59.9686 56.1916
188 59.9686 56.1916
941 59.9686 56.1916
767 59.8752 54.4278
623 59.763 52.3096
906 59.6661 50.4792
644 60.0018 50.4925
926 60.3282 50.5054
293 60.6351 50.5176
143 60.9384 50.5296
875 61.225 50.5409
492 61.5463 50.5537
606 63.2664 50.6214
314 64.9184 50.6864
232 66.9102 50.7647
70 68.6628 50.8337
323 70.5836 50.9093
425 72.842 50.9981
274 74.8183 51.0759
670 75.2221 51.0919
745 75.6496 51.1087
609 76.1271 51.1276
466 76.6373 51.1478
932 77.2449 51.1718
838 77.8327 51.195
951 78.3704 51.2162
920 78.8364 51.2347
967 79.3042 51.2532
198 79.781 51.272
884 80.2338 51.29
29 80.6256 51.3055
107 81.095 51.324
136 81.4025 51.3362
850 81.6978 51.3479
170 82.0811 51.3631
195 82.4013 51.3758
334 82.7396 51.3892
583 83.2609 51.4098
497 85.4931 51.4976
553 83.7819 48.5565
684 83.7819 48.5565
387 83.7904 48.451
242 83.799 48.3449
977 83.8077 48.2372
506 83.8193 48.0933
592 84.1308 44.2146
835 84.4808 39.8559
33 84.8139 35.7074
98 85.1118 31.9985
520 85.3483 29.0542
590 85.6507 25.2889
243 86.123 19.4001
260 86.2684 17.5916
979 86.2684 17.5916
483 86.2684 17.5916
627 85.5622 17.8628
345 84.1886 18.3905
