0,721,504,598,176,777,103,419,959,581,24,819,831,295,681,821,55,6,164,217,623,606,29,592,45,70,232,314,875,396,634,358,675,377,842,577,357,188,906,143,293,926,644,452,978,555,594,43,930,781,27,828,873,751,209,785,458,870,63,716,69,342,276,197,844,355,19,692,480,191,935,66,917,257,848,421,111,379,586,250,865,790,811,834,843,512,566,989,793,101,104,597,923,155,281,356,945,461,472,522,194,127,54,508,30,180,210,621,545,756,922,533,929,687,543,38,414,302,723,11,783,706,151,525,147,891,507,471,493,809,788,645,957,603,237,49,370,778,619,59,587,903,839,758,599,640,705,267,956,729,89,633,269,635,398,981,382,565,324,846,137,376,534,735,764,691,739,411,772,114,970,192,589,936,760,677,233,438,748,913,403,422,142,148,655,535,876,174,496,475,949,32,65,228,663,391,908,664,397,37,388,688,679,862,7,413,278,125,486,709,354,205,829,943,915,869,221,836,254,643,529,467,902,284,246,787,704,26,822,160,853,602,261,363,307,310,289,337,653,626,934,573,287,883,64,669,407,351,518,474,8,366,824,661,702,488,439,549,612,682,211,402,572,899,963,646,881,722,61,187,673,362,741,412,455,588,629,348,674,331,812,514,268,4,985,898,258,794,86,641,299,74,133,710,121,542,700,797,283,958,616,87,157,222,46,841,57,771,116,972,505,336,909,770,352,652,858,731,990,476,330,863,489,373,218,805,100,499,328,128,384,154,749,47,10,341,78,212,123,423,279,312,938,698,463,708,214,122,182,272,503,879,196,667,277,925,531,849,166,527,81,255,234,747,303,347,939,427,703,374,860,346,502,733,526,950,888,113,339,429,825,946,552,971,720,924,482,726,327,99,487,131,728,944,371,966,517,3,338,457,686,119,607,445,717,207,381,694,554,224,759,298,615,90,830,890,321,75,556,657,955,14,433,426,570,628,991,184,639,500,97,524,784,219,665,799,77,948,734,361,469,796,275,701,431,162,58,780,680,630,240,236,557,178,108,44,871,13,399,424,905,169,31,490,115,651,360,288,933,368,712,695,885,300,792,892,914,106,442,718,301,547,199,585,203,138,247,200,1,462,17,380,750,711,827,973,868,39,678,213,988,405,401,803,435,953,815,316,693,364,969,95,982,244,719,736,495,568,386,444,263,637,546,304,447,446,153,93,48,325,436,610,699,183,41,757,833,550,96,521,773,707,73,409,786,92,430,227,776,167,795,36,28,753,441,456,120,146,768,761,672,859,20,15,714,491,593,428,808,611,139,752,448,72,271,437,960,306,631,539,470,206,172,918,877,181,150,613,449,239,569,375,265,766,22,541,874,559,961,548,408,156,165,866,62,746,5,105,343,774,416,974,309,738,389,320,394,659,392,516,896,532,511,23,344,737,882,367,536,584,980,642,177,624,434,952,851,202,880,245,763,713,315,832,800,317,671,229,690,369,313,861,826,118,562,561,755,319,782,636,94,248,802,82,179,754,814,305,140,940,947,292,144,807,226,513,134,530,855,270,129,256,406,53,241,294,126,649,840,215,563,564,919,604,252,171,350,965,600,189,806,540,404,193,658,60,230,50,696,253,608,954,418,296,638,223,231,578,76,697,614,2,141,916,124,537,249,443,130,168,886,400,88,551,333,789,479,927,220,326,730,132,560,897,451,501,349,34,329,21,901,454,872,689,79,596,601,163,16,662,266,571,878,459,591,56,976,359,724,365,765,510,291,235,80,676,912,574,715,576,390,175,410,804,910,308,523,91,216,683,894,225,987,769,582,9,779,282,440,208,732,498,453,264,286,161,798,558,492,84,35,625,791,68,117,519,186,485,942,810,964,478,647,85,190,238,595,262,460,509,904,18,432,857,921,112,605,632,468,986,617,515,968,762,109,743,12,895,484,280,847,887,145,654,937,415,149,185,51,817,40,984,816,259,931,465,544,666,52,620,823,992,464,335,567,395,42,158,273,801,575,285,318,856,477,911,618,83,813,622,893,854,251,135,845,820,864,648,353,740,580,725,742,159,928,983,494,322,372,889,685,473,450,660,25,204,311,528,332,71,417,668,962,173,727,818,744,837,378,290,297,481,775,67,383,538,102,656,340,393,152,110,201,975,867,900,385,420,907,650,852,553,977,242,387,684,579,136,583,334,198,967,767,497,941,850,506,884,951,170,920,838,195,107,323,932,466,609,745,670,274,425,835,33,627,345,98,590,520,243,483,979,260,
value : 538.84 running time : 29.782492
0 80 20
721 74.887 18.035
504 72.8825 17.2646
598 71.2691 16.6445
176 69.7644 16.0662
777 68.526 15.5902
103 67.5545 15.2168
419 62.2237 25.7119
959 62.2212 25.8032
581 62.2188 25.8879
24 62.2164 25.9773
819 62.2139 26.0665
831 62.2115 26.1559
295 62.2091 26.243
681 62.2065 26.3364
821 62.2065 26.3364
55 62.2065 26.3364
6 62.2065 26.3364
164 62.2065 26.3364
217 64.4949 38.4838
623 65.3513 43.0311
606 65.3513 43.0311
29 65.3513 43.0311
592 65.3513 43.0311
45 64.6491 43.3117
70 63.9611 43.5866
232 63.282 43.8579
314 62.5189 44.1627
875 61.7424 44.473
396 61.0781 44.7384
634 60.4849 44.9754
358 59.8932 45.2117
675 59.2685 45.4613
377 58.5975 45.7294
842 57.9038 46.0065
577 57.1436 46.3103
357 57.1436 46.3103
188 57.1436 46.3103
906 57.1436 46.3103
143 57.1436 46.3103
293 57.1436 46.3103
926 56.7266 45.9098
644 55.415 44.6503
452 53.2165 42.5389
978 52.0133 41.3835
555 50.4709 39.9022
594 50.4709 39.9022
43 50.4709 39.9022
930 50.4708 39.9022
781 50.4708 39.9022
27 49.806 39.3027
828 49.1481 38.7095
873 48.3384 37.9795
751 48.2338 37.8852
209 48.1203 37.7828
785 48.0131 37.6861
458 47.9086 37.5919
870 47.8006 37.4946
63 47.6856 37.3909
716 47.5664 37.2834
69 47.4512 37.1795
342 47.3328 37.0727
276 47.1017 36.8644
197 46.8512 36.6384
844 46.6094 36.4204
355 46.3604 36.1959
19 46.0778 35.941
692 45.7942 35.6853
480 45.5223 35.4402
191 45.2537 35.198
935 45.0148 34.9825
66 44.7759 34.7671
917 44.504 34.5219
257 44.232 34.2767
848 43.9845 34.0534
421 42.6721 32.8702
111 41.2765 31.612
379 41.3526 32.3729
586 41.4365 33.2135
250 41.522 34.069
865 41.6121 34.9712
790 41.7129 35.981
811 41.8086 36.939
834 42.0237 38.2799
843 42.7661 42.9081
512 43.0287 44.5452
566 43.2581 45.9747
989 43.522 47.6197
793 43.8838 49.8752
101 41.9489 50.1285
104 39.4456 50.4562
597 39.2929 50.4762
923 39.1263 50.498
155 38.9293 50.5238
281 38.7333 50.5494
356 38.5331 50.5756
945 38.3376 50.6012
461 38.1092 50.6311
472 37.9054 50.6578
522 37.6508 50.6911
194 37.4117 50.7224
127 37.1613 50.7552
54 36.9059 50.7886
508 36.6516 50.8219
30 36.4218 50.852
180 36.1983 50.8812
210 35.9635 50.912
621 35.7116 50.9449
545 35.3564 50.9914
756 35.058 51.0305
922 34.8073 51.0633
533 34.5376 51.0986
929 34.2446 51.1369
687 33.9598 51.1742
543 33.6662 51.2126
38 33.4035 51.247
414 33.1365 51.282
302 32.8718 51.3166
723 32.6053 51.3515
11 32.6053 51.3515
783 32.6053 51.3515
706 32.6053 51.3515
151 32.6053 51.3515
525 32.4552 51.4978
147 32.3114 51.6381
891 32.1596 51.7861
507 31.9982 51.9434
471 31.8827 52.0561
493 31.5381 52.3921
809 31.2195 52.7028
788 30.8671 53.0464
645 30.5673 53.3388
957 30.3033 53.5962
603 30.074 53.8197
237 29.8343 54.0535
49 29.5684 54.3128
370 29.2761 54.5978
778 28.9247 54.9404
619 28.5727 55.2837
59 28.0409 55.8023
587 27.538 56.2926
903 27.2337 56.5893
839 26.9558 56.8604
758 26.6516 57.1569
599 26.3713 57.4303
640 26.1091 57.6859
705 25.8414 57.947
267 25.5805 58.2014
956 25.3022 58.4728
729 25.0346 58.7337
89 24.7885 58.9737
633 24.4936 59.2613
269 24.1868 59.5604
635 22.4341 61.2695
398 22.1673 61.051
981 21.9086 60.839
382 21.664 60.6386
565 21.3812 60.407
324 21.1517 60.219
846 20.9252 60.0335
137 20.6811 59.8335
376 19.8067 59.1172
534 19.8182 58.0473
735 19.8182 58.0473
764 19.8182 58.0473
691 19.8182 58.0473
739 19.8182 58.0473
411 19.8182 58.0473
772 19.8182 58.0473
114 19.8182 58.0473
970 19.8182 58.0473
192 19.8182 58.0473
589 19.8182 58.0473
936 19.8182 58.0473
760 19.8182 58.0473
677 20.4302 56.5893
233 21.2099 54.7316
438 22.0685 52.6862
748 22.5035 51.6497
913 22.6945 51.1944
403 22.8792 50.7543
422 23.0548 50.336
142 23.2583 49.8511
148 23.4705 49.3454
655 23.6666 48.878
535 23.8396 48.4658
876 24.0065 48.0681
174 24.1512 47.7233
496 24.3142 47.3348
475 24.4826 46.9337
949 24.6468 46.5424
32 24.8232 46.1219
65 24.9846 45.7373
228 24.9846 45.7373
663 25.2755 45.2757
391 25.5792 44.7937
908 25.9318 44.2342
664 26.3378 43.59
397 26.6672 43.0673
37 27.0084 42.5257
388 27.3658 41.9585
688 27.7014 41.4259
679 28.3803 40.3486
862 28.977 39.4017
7 28.9474 38.7421
413 28.918 38.0885
278 28.8711 37.0469
125 28.8317 36.1705
486 28.7926 35.3006
709 28.7553 34.471
354 28.7299 33.9061
205 28.7076 33.4117
829 28.6835 32.8745
943 28.6586 32.3209
915 28.6368 31.8359
869 28.6171 31.3975
221 28.5949 30.9048
836 28.5734 30.427
254 30.311 26.3064
643 30.4812 26.2265
529 30.6547 26.1451
467 30.8271 26.0642
902 30.964 25.9999
284 31.1257 25.9241
246 31.2934 25.8454
787 31.4664 25.7642
704 31.6426 25.6815
26 31.8037 25.6059
822 31.952 25.5363
160 32.1044 25.4647
853 32.2555 25.3939
602 32.6721 24.9406
261 33.3372 24.2172
363 33.9056 23.599
307 34.2214 23.2555
310 34.639 22.8012
289 34.9993 22.4093
337 34.9692 21.6916
653 34.9407 21.013
626 34.9157 20.4184
934 34.8905 19.8193
573 34.8596 19.0835
287 34.8313 18.4092
883 34.8082 17.8599
64 34.7825 17.2475
669 34.7537 16.5634
407 34.7306 16.0136
351 34.7092 15.504
518 34.6885 15.0113
474 27.336 16.0873
8 26.7112 16.1787
366 26.1706 16.2578
824 25.9022 16.2971
661 25.6004 16.3412
702 25.3827 16.3731
488 25.1531 16.4066
439 23.2848 19.9783
549 21.4196 23.5439
612 21.288 23.7956
682 16.7868 20.3923
211 16.1159 19.8849
402 15.5481 19.4556
572 14.9608 19.0114
899 14.3712 18.5656
963 13.5492 17.944
646 12.8924 17.4473
881 12.4369 17.1029
722 12.0444 16.8061
61 11.9649 16.746
187 11.8853 16.6858
673 11.8128 16.6309
362 11.7298 16.5682
741 11.6535 16.5105
412 11.5727 16.4494
455 11.4963 16.3917
588 11.4156 16.3306
629 11.3301 16.266
348 11.2577 16.2112
674 11.181 16.1532
331 11.1064 16.0968
812 11.0241 16.0346
514 10.8542 23.4745
268 10.8334 24.3838
4 10.814 25.2327
985 10.7951 26.0591
898 10.7801 26.7175
258 10.7671 27.2873
794 10.7528 27.9111
86 10.7385 28.5401
641 10.7261 29.0804
299 10.7116 29.7146
74 10.6961 30.3947
133 10.6795 31.1196
710 10.6628 31.8518
121 10.6441 32.6688
542 10.492 39.3297
700 10.4816 39.7884
797 10.4699 40.2995
283 10.4615 40.665
958 10.4524 41.0633
616 10.4428 41.4873
87 10.4337 41.8822
157 10.4232 42.3431
222 10.4159 42.663
46 10.409 42.9642
841 10.4009 43.3177
57 10.3933 43.6519
771 10.3862 43.962
116 10.3789 44.2843
972 10.3767 44.3809
505 10.3747 44.4689
336 10.3726 44.5598
909 10.3708 44.6387
770 10.3689 44.7193
352 10.3669 44.8083
652 10.365 44.8924
858 10.363 44.9792
731 10.3612 45.0581
990 10.3593 45.1419
476 10.3573 45.2272
330 10.3555 45.3079
863 10.3534 45.3986
489 10.3511 45.4996
373 10.349 45.5935
218 10.3468 45.6886
805 10.3449 45.7728
100 10.343 45.8535
499 10.3413 45.9293
328 10.3394 46.0111
128 10.3323 46.3242
384 10.3256 46.615
154 10.3178 46.9585
749 10.3101 47.2974
47 10.3026 47.6242
10 10.296 47.912
341 10.2877 48.2768
78 10.2803 48.6015
212 10.2696 49.0676
123 10.2579 49.5821
423 10.2454 50.1288
279 10.2287 50.8599
312 10.2142 51.4962
938 10.1945 52.3572
698 10.1763 53.1557
463 10.1576 53.9718
708 10.1354 54.9441
214 10.1138 55.8917
122 10.092 56.8434
182 10.0678 57.9028
272 10.0264 59.7187
503 10.0006 60.8454
879 9.99207 61.2203
196 9.98404 61.5718
667 9.97488 61.9729
277 9.97488 61.9729
925 9.97488 61.9729
531 9.97488 61.9729
849 9.97488 61.9729
166 10.155 62.1437
527 10.3552 62.3335
81 10.5989 62.5646
255 10.808 62.7628
234 11.024 62.9676
747 11.255 63.1866
303 11.4825 63.4023
347 11.7455 63.6517
939 12.0669 63.9564
427 12.6569 64.5158
703 13.274 65.101
374 13.8886 65.6837
860 14.0239 65.812
346 14.1391 65.9212
502 14.2524 66.0286
733 14.367 66.1373
526 14.4288 66.1959
950 14.4885 66.2525
888 14.5472 66.3081
113 14.5537 66.3143
339 14.5609 66.3211
429 14.563 66.3231
825 14.5652 66.3252
946 14.5674 66.3273
552 14.5696 66.3293
971 14.5718 66.3314
720 14.5739 66.3334
924 14.2734 66.9749
482 13.9711 67.6205
726 13.6452 68.3162
327 13.3489 68.9488
99 12.9325 69.8379
487 12.4691 70.8272
131 12.0326 71.7592
728 11.5579 72.7728
944 11.1038 73.7421
371 11.1038 73.7421
966 11.1038 73.7421
517 11.1036 73.7873
3 11.1033 73.8339
338 11.103 73.8822
457 11.1027 73.9309
686 11.1025 73.9728
119 11.1022 74.017
607 11.1019 74.0611
445 11.1017 74.1062
717 11.1014 74.151
207 11.1011 74.1976
381 11.1008 74.2431
694 11.1006 74.2909
554 11.1003 74.3403
224 11.1 74.3839
759 11.0997 74.4309
298 11.0995 74.4734
615 11.0992 74.5202
90 11.0989 74.5644
830 11.0989 74.5644
890 11.0989 74.5644
321 11.0989 74.5644
75 11.0989 74.5644
556 11.0989 74.5644
657 11.0989 74.5644
955 11.0989 74.5644
14 11.0989 74.5644
433 11.0989 74.5644
426 11.0989 74.5644
570 11.0989 74.5644
628 11.0989 74.5644
991 11.0989 74.5644
184 11.0989 74.5644
639 11.0989 74.5644
500 11.0989 74.5644
97 11.0989 74.5644
524 11.0989 74.5644
784 11.0989 74.5644
219 11.1029 74.5893
665 11.1067 74.6134
799 11.1103 74.6362
77 11.1141 74.6595
948 11.1251 74.7287
734 11.1361 74.7983
361 11.1481 74.8731
469 11.1604 74.9509
796 11.17 75.0107
275 11.179 75.0677
701 11.2947 75.7944
431 11.4213 76.5894
162 11.5154 77.1807
58 11.6329 77.9187
780 11.6532 78.0461
680 11.6731 78.1711
630 11.6958 78.3137
240 12.1578 81.2162
236 12.6648 84.401
557 12.7529 84.9541
178 12.836 85.4766
108 12.9601 86.2562
44 13.0895 87.069
871 13.1077 87.1833
13 13.1077 87.1833
399 13.1077 87.1833
424 13.1077 87.1833
905 13.1077 87.1833
169 13.1077 87.1833
31 13.1077 87.1833
490 13.1077 87.1833
115 12.986 87.3859
651 12.8762 87.5687
360 12.771 87.7437
288 12.6532 87.9398
933 12.5327 88.1404
368 12.4198 88.3283
712 12.299 88.5295
695 12.1824 88.7236
885 12.0595 88.9281
300 11.0105 90.6748
792 11.0094 90.677
892 11.0083 90.679
914 11.007 90.6813
106 11.0058 90.6836
442 11.0048 90.6855
718 11.0037 90.6876
301 11.0026 90.6897
547 11.0014 90.6918
199 11.0003 90.6939
585 10.9992 90.6961
203 10.9981 90.698
138 10.997 90.7002
247 10.9958 90.7023
200 10.9946 90.7046
1 10.9936 90.7065
462 10.9925 90.7086
17 10.9914 90.7107
380 10.9901 90.713
750 10.989 90.7151
711 10.9879 90.7172
827 10.9868 90.7193
973 10.9857 90.7212
868 10.9845 90.7235
39 10.9834 90.7257
678 10.9822 90.7278
213 10.981 90.73
988 11.0022 90.729
405 11.1246 90.7229
401 11.244 90.717
803 11.3675 90.7109
435 11.4888 90.7049
953 11.6068 90.699
815 11.7402 90.6924
316 11.8664 90.6862
693 11.9868 90.6802
364 12.1076 90.6742
969 12.2303 90.6682
95 12.3694 90.6613
982 12.498 90.6549
244 12.6275 90.6485
719 12.74 90.6429
736 12.8751 90.6362
495 13.0188 90.6291
568 13.1446 90.6229
386 13.2771 90.6163
444 13.3981 90.6103
263 13.5299 90.6038
637 13.678 90.5965
546 13.8233 90.5893
304 14.0806 90.5765
447 14.3286 90.5643
446 14.5944 90.5511
153 14.8589 90.538
93 15.1713 90.5225
48 15.4595 90.5082
325 15.7436 90.4942
436 16.0461 90.4792
610 17.1747 90.4233
699 17.9736 90.3837
183 18.887 90.3385
41 19.8256 90.292
757 20.536 90.2568
833 21.155 90.2262
550 21.8242 90.1931
96 22.4549 90.1618
521 23.024 90.1336
773 23.6377 90.1032
707 24.1673 90.077
73 24.2723 90.0718
409 24.3762 90.0667
786 24.4914 90.061
92 24.6026 90.0555
430 24.6975 90.0508
227 24.7935 90.046
776 24.9123 90.0401
167 25.0378 90.0339
795 25.149 90.0284
36 25.2462 90.0236
28 25.3481 90.0185
753 25.4464 90.0137
441 25.5541 90.0083
456 25.6702 90.0026
120 25.7935 89.9965
146 25.909 89.9908
768 26.0076 89.9859
761 26.1185 89.9804
672 26.2353 89.9746
859 26.3341 89.9697
20 26.4353 89.9647
15 26.531 89.96
714 26.9136 89.941
491 27.3788 89.918
593 27.952 89.8896
428 28.7176 89.8517
808 29.4267 89.8165
611 30.0778 89.7843
139 30.9117 89.743
752 31.2346 89.727
448 31.5387 89.7119
72 31.8158 89.6982
271 32.0845 89.6849
437 32.3635 89.6711
960 32.6021 89.6592
306 32.851 89.6469
631 33.2379 89.6277
539 33.9379 89.5931
470 34.4463 89.5679
206 34.9989 89.5405
172 35.4502 89.5182
918 35.9086 89.4954
877 36.4279 89.4697
181 36.9329 89.4447
150 37.3853 89.4223
613 37.9183 89.3959
449 38.4876 89.3677
239 39.0333 89.3407
569 39.5072 89.3172
375 40.0108 89.2922
265 40.4489 89.2705
766 40.9803 89.2442
22 41.5058 89.2182
541 42.1149 89.188
874 42.3321 89.1773
559 42.5525 89.1663
961 42.7724 89.1555
548 42.8005 89.1541
408 42.8344 89.1524
156 42.8662 89.1508
165 42.8967 89.1493
866 42.928 89.1477
62 42.961 89.1461
746 42.9916 89.1446
5 43.0216 89.1431
105 43.0527 89.1416
343 43.0823 89.1401
774 43.1136 89.1386
416 43.1418 89.1372
974 43.1723 89.1356
309 43.5521 89.1168
738 43.942 89.0975
389 44.4044 89.0746
320 44.8583 89.0522
394 45.2854 89.031
659 45.7546 89.0078
392 46.2315 88.9842
516 46.9327 88.9495
896 47.6141 88.9157
532 48.2088 88.8863
511 48.81 88.8565
23 49.406 88.827
344 49.6894 88.813
737 49.7942 88.7174
882 49.8913 88.6289
367 50.0079 88.5226
536 50.1188 88.4215
584 50.2276 88.3223
980 50.326 88.2326
642 50.4258 88.1416
177 50.5204 88.0554
624 50.4965 87.9664
434 50.4704 87.8688
952 50.3585 87.4514
851 50.2453 87.0288
202 50.1358 86.6202
880 50.001 86.1173
245 49.8795 85.664
763 49.7599 85.2175
713 49.6201 84.696
315 49.4021 83.8821
832 49.3373 83.6407
800 49.3373 83.6407
317 49.3373 83.6407
671 49.2707 83.5197
229 49.2116 83.4124
690 49.1545 83.3087
369 49.0892 83.1901
313 49.0281 83.0793
861 48.9517 82.9406
826 48.8791 82.8086
118 48.8133 82.6893
562 48.7307 82.5394
561 48.658 82.4074
755 48.5845 82.2738
319 48.5157 82.1489
782 48.4418 82.0149
636 48.3735 81.8907
94 48.2992 81.7559
248 48.2297 81.6297
802 48.1587 81.5008
82 48.0915 81.3788
179 48.0255 81.259
754 47.9601 81.1402
814 47.8834 81.001
305 47.8074 80.863
140 47.7249 80.7132
940 47.6435 80.5654
947 47.5647 80.4223
292 47.4747 80.2591
144 47.3854 80.0968
807 47.3114 79.9625
226 47.2313 79.817
513 47.165 79.6967
134 47.0944 79.5685
530 47.0336 79.4582
855 46.958 79.3209
270 44.5536 81.1815
129 43.1978 82.2308
256 42.217 82.9898
406 41.5175 83.5311
53 40.5878 84.2507
241 40.1814 83.8471
294 39.7819 83.4505
126 39.3949 83.0664
649 38.9017 82.5767
840 38.4244 82.1029
215 37.9521 81.634
563 37.4672 81.1526
564 36.8657 80.5555
919 36.1843 79.879
604 35.461 79.1611
252 34.8774 78.5817
171 34.2941 78.0027
350 33.7967 77.5089
965 33.2343 76.9506
600 33.2343 76.9506
189 33.3383 77.2148
806 33.4335 77.4565
540 33.5248 77.6884
404 33.6156 77.919
193 33.7182 78.1796
658 32.9424 78.6785
60 32.3726 79.045
230 31.8059 79.4095
50 28.2913 80.1953
696 27.5281 80.366
253 27.5281 80.366
608 27.528 80.366
954 27.528 80.366
418 27.528 80.366
296 27.528 80.366
638 27.528 80.366
223 27.528 80.3659
231 27.528 80.3659
578 27.3748 80.2519
76 27.2404 80.1518
697 27.1007 80.0478
614 26.9736 79.9532
2 26.8078 79.8297
141 26.6329 79.6996
916 26.4435 79.5586
124 26.2973 78.7401
537 26.1614 77.979
249 26.0378 77.287
443 25.7092 75.4476
130 25.3779 73.5924
168 25.3779 73.5924
886 25.3779 73.5924
400 25.3779 73.5924
88 25.3779 73.5924
551 25.3779 73.5924
333 25.3806 73.5894
789 25.3833 73.5865
479 25.3856 73.5839
927 25.3882 73.5811
220 25.3905 73.5786
326 25.3928 73.576
730 25.3955 73.5731
132 25.3978 73.5706
560 25.4 73.5681
897 28.3991 70.2724
451 29.7974 68.7358
501 29.848 68.6949
349 29.8981 68.6544
34 29.9478 68.6141
329 29.997 68.5743
21 30.0843 68.5036
901 30.1706 68.4337
454 30.2489 68.3704
872 30.3345 68.3011
689 30.4226 68.2298
79 30.5177 68.1528
596 30.605 68.0821
601 30.6853 68.0171
163 30.7748 67.9447
16 30.8551 67.8796
662 30.9525 67.8008
266 31.0492 67.7225
571 31.1544 67.6373
878 31.2596 67.5522
459 31.3679 67.4646
591 31.4589 67.3909
56 31.5595 67.3095
976 31.6521 67.2345
359 31.708 67.1892
724 31.7656 67.1426
365 31.8262 67.0936
765 31.8857 67.0454
510 31.9405 67.001
291 34.3785 66.6461
235 36.5286 66.3331
80 36.8582 66.2852
676 37.2074 66.2343
912 37.5122 66.19
574 37.8193 66.1452
715 38.444 66.0543
576 39.025 65.9697
390 39.5243 65.897
175 40.2977 65.7844
410 41.088 65.6694
804 41.8075 65.5647
910 42.502 65.4636
308 43.2533 65.3542
523 44.3824 65.1898
91 45.6004 65.0125
216 46.4946 64.8823
683 47.2477 64.7727
894 48.1088 64.6473
225 49.1085 64.5018
987 51.5015 64.1534
769 51.5015 64.1534
582 51.5015 64.1534
9 51.5015 64.1534
779 51.7266 63.9077
282 51.9816 63.6293
440 52.2239 63.3649
208 52.4446 63.1239
732 52.6594 62.8894
498 52.9842 62.5349
453 53.2784 62.2137
264 53.5958 61.8672
286 53.9876 61.4395
161 54.3357 61.0596
798 54.687 60.6761
558 55.0513 60.2783
492 55.5707 59.7114
84 55.6498 59.7044
35 55.7276 59.6976
625 55.8034 59.691
791 55.8793 59.6843
68 55.9655 59.6767
117 56.0362 59.6705
519 56.0567 59.839
186 56.0786 60.0197
485 56.1006 60.2
942 56.1227 60.3819
810 56.1478 60.588
964 56.1725 60.7915
478 56.1963 60.9869
647 56.2194 61.177
85 56.2417 61.3605
190 56.2669 61.5675
238 56.2961 61.8071
595 56.3228 62.0267
262 56.3469 62.2253
460 56.8674 66.5046
509 57.0068 67.6504
904 57.1234 68.6087
18 57.2225 69.4238
432 57.2399 69.5667
857 57.2578 69.7141
921 57.276 69.8633
112 57.2933 70.0055
605 57.3107 70.1486
632 57.3286 70.2957
468 57.3454 70.4338
986 57.3635 70.5828
617 57.3805 70.7224
515 57.398 70.8668
968 57.4163 71.0172
762 57.4356 71.1755
109 57.4553 71.3376
743 57.4743 71.4939
12 57.499 71.6966
895 57.499 71.6966
484 57.499 71.6966
280 58.9532 74.6076
847 59.8799 76.4624
887 61.0508 78.8062
145 61.945 80.5962
654 62.3578 81.4224
937 62.9956 82.699
415 63.5603 83.8293
149 65.1276 86.9666
185 65.1276 86.9666
51 65.1276 86.9666
817 65.1118 87.0525
40 65.0984 87.125
984 65.0855 87.1953
816 65.0728 87.2643
259 65.06 87.3338
931 65.0477 87.4007
465 65.0344 87.4729
544 65.0191 87.5564
666 65.0055 87.6304
52 64.9909 87.7094
620 64.9773 87.7835
823 64.9649 87.8507
992 64.9513 87.9248
464 64.9385 87.9941
335 64.9267 88.0582
567 64.9132 88.1317
395 64.9002 88.2024
42 64.8851 88.2845
158 64.8713 88.3598
273 64.8571 88.4369
801 64.8447 88.5041
575 64.8311 88.5779
285 64.8167 88.6563
318 64.8022 88.7353
856 64.7877 88.8141
477 64.7765 88.875
911 64.764 88.9427
618 64.764 88.9427
83 67.934 88.7767
813 69.3714 88.7014
622 70.6726 88.6333
893 72.1979 88.5534
854 73.0699 88.5077
251 73.9468 88.4618
135 75.0392 88.4046
845 75.3081 88.3905
820 75.619 88.3742
864 75.8988 88.3595
648 76.1951 88.344
353 76.4512 88.3306
740 76.7556 88.3146
580 77.0206 88.3008
725 78.1557 88.2413
742 79.1639 88.1885
159 80.2589 88.1312
928 81.4936 88.0665
983 81.5138 88.0463
494 82.3325 87.2276
322 83.9602 85.5998
372 86.0112 83.5487
889 85.6805 83.2878
685 85.3116 82.9966
473 84.8844 82.6595
450 84.4366 82.3061
660 84.2451 82.1719
25 84.0023 82.0017
204 83.0756 81.3523
311 82.2346 80.7629
528 79.8769 79.1106
332 77.6184 77.5278
71 75.5565 76.0828
417 73.8788 74.907
668 71.2052 73.0334
962 71.2052 73.0334
173 71.2052 73.0334
727 71.2052 73.0334
818 71.2052 73.0334
744 71.2052 73.0334
837 71.2052 73.0334
378 71.2052 73.0334
290 71.2133 72.9513
297 71.22 72.8831
481 71.291 72.16
775 71.3808 71.2454
67 71.6268 68.7391
383 71.8404 66.5625
538 72.045 64.4782
102 72.1379 64.4073
656 72.2256 64.3404
340 72.301 64.2829
393 72.3871 64.2172
152 72.4815 64.1452
110 72.5722 64.0761
201 72.6609 64.0083
975 72.7446 63.9445
867 72.8289 63.8802
900 72.9186 63.8118
385 73.0086 63.7431
420 73.0911 63.6802
907 73.1743 63.6168
650 73.7731 63.16
852 74.4136 62.6713
553 75.0539 62.1829
977 75.2578 62.0274
242 75.4478 61.8824
387 75.6111 61.7579
684 75.7644 61.641
579 75.9016 61.5362
136 77.5583 60.2724
583 77.6448 60.2064
334 77.7358 60.1371
198 77.8342 60.0619
967 77.9207 59.996
767 78.0024 59.9337
497 84.0045 55.3547
941 83.2204 54.0126
850 83.1497 53.4419
506 83.083 52.904
884 83.0027 52.2557
951 82.9217 51.6026
170 82.8456 50.9878
920 82.7548 50.2557
838 82.6673 49.5496
195 82.5707 48.7702
107 82.4847 48.0756
323 81.66 41.425
932 81.7043 41.2412
466 81.7671 40.9805
609 81.8291 40.7234
745 81.8908 40.4671
670 81.9492 40.2248
274 82.031 39.8853
425 82.1083 39.5643
835 82.9198 36.1963
33 84.1361 31.1479
627 85.7593 24.4111
345 85.7593 24.4111
98 85.7593 24.4111
590 85.7593 24.4111
520 85.7593 24.4111
243 86.1651 18.9745
483 86.2684 17.5916
979 86.2684 17.5916
260 86.2684 17.5916
