0,33,345,483,979,627,260,721,243,103,176,504,358,873,831,819,555,821,419,581,598,24,959,777,66,781,295,164,55,865,355,27,930,828,262,844,978,875,681,357,848,906,342,785,69,197,194,843,716,6,458,19,276,790,452,209,751,289,935,862,421,250,7,191,261,518,653,26,351,934,669,363,704,287,573,702,407,787,822,379,883,902,626,337,310,643,64,111,307,709,602,284,254,8,682,673,211,588,455,674,412,646,61,722,812,881,629,488,439,348,366,299,474,572,641,402,943,741,836,829,121,362,278,824,899,246,661,869,221,354,915,74,963,985,710,133,187,86,794,258,331,898,283,4,268,514,128,330,476,990,731,87,154,10,65,125,328,949,341,312,534,758,123,700,157,423,958,542,57,384,78,652,841,499,46,222,116,749,100,863,47,352,805,218,373,212,489,708,677,166,122,142,510,32,228,770,663,391,771,698,936,81,747,909,182,496,797,475,505,858,908,59,463,756,196,422,897,132,764,336,735,957,603,938,545,729,324,846,565,981,382,633,733,691,507,688,269,89,329,903,501,349,34,127,404,410,683,171,54,493,281,30,912,645,788,901,308,365,596,267,640,137,839,471,533,922,147,891,451,535,748,619,302,413,929,913,778,49,956,233,705,972,279,543,403,11,723,616,687,876,205,655,151,38,174,525,388,37,397,664,486,480,148,508,438,414,612,834,467,160,257,853,586,549,679,356,811,529,692,989,783,237,566,104,706,155,180,512,210,461,522,917,63,870,576,793,186,621,597,175,370,732,216,523,715,134,855,791,804,910,484,809,765,513,530,689,215,840,649,126,294,241,857,432,540,248,563,894,986,225,807,638,561,16,320,755,189,773,418,564,92,919,253,2,872,574,226,614,954,459,21,724,587,252,163,56,390,80,291,662,789,806,223,878,113,270,526,950,730,888,599,720,359,604,927,971,79,571,266,924,482,726,327,99,635,487,124,490,697,796,360,469,244,560,431,608,701,601,479,275,680,600,825,537,346,339,398,552,168,780,443,916,400,757,220,589,970,114,14,361,429,326,860,502,965,879,272,338,119,772,946,214,277,381,607,376,966,686,734,717,703,784,925,527,207,665,255,77,224,849,939,303,347,531,517,371,234,955,131,524,130,630,97,219,298,500,739,728,411,760,503,192,433,240,905,736,570,719,615,694,169,556,457,991,184,3,948,892,90,639,667,445,162,427,436,759,799,546,554,374,325,711,827,106,316,39,435,585,750,300,628,75,693,678,213,868,405,547,803,236,426,1,48,108,447,364,914,792,178,718,890,399,953,401,982,153,495,969,203,321,944,657,830,444,651,568,263,304,442,557,551,637,249,247,31,424,50,699,115,95,871,695,761,380,13,446,93,44,301,833,988,17,815,593,973,138,199,933,386,200,521,430,768,462,776,441,227,672,491,73,288,150,960,15,36,753,786,20,146,28,714,409,456,712,707,859,611,808,631,610,76,428,550,306,58,183,368,88,96,591,658,333,885,60,886,454,41,795,167,392,578,141,696,548,230,389,256,120,129,437,296,181,271,309,877,918,448,22,172,449,738,72,5,231,265,62,375,165,559,434,613,139,974,752,206,541,532,874,516,961,105,766,140,292,53,470,866,305,179,343,416,156,763,895,394,539,826,280,406,861,636,980,774,814,713,569,239,896,511,408,746,245,976,193,350,921,91,94,802,9,319,562,659,82,782,947,415,642,575,335,622,317,887,931,832,671,12,940,229,800,18,632,235,112,460,987,109,582,617,668,468,810,67,964,144,264,676,743,779,769,161,84,968,519,282,558,498,472,923,577,293,492,606,907,945,762,942,485,538,842,238,644,101,396,35,623,798,393,605,767,625,85,286,188,453,340,962,68,208,595,941,656,334,515,478,650,579,440,904,847,190,975,867,290,744,900,152,654,837,51,110,583,647,385,850,383,852,420,102,201,775,332,83,727,417,465,937,481,173,378,71,509,395,313,801,477,864,544,285,297,823,42,567,464,984,666,754,620,880,816,369,315,856,273,259,177,845,992,737,882,118,40,367,584,536,690,23,185,344,911,624,202,851,618,952,983,149,52,318,135,817,158,648,353,813,820,854,494,580,740,893,251,725,742,818,159,145,928,372,889,322,473,528,685,311,450,660,25,204,198,242,684,977,170,506,107,497,951,932,466,835,387,136,884,967,838,609,425,29,592,670,117,274,553,920,217,323,143,926,232,70,45,634,675,377,314,594,43,195,745,520,98,590,
value : 560.409 running time : 25.608547
0 80 20
33 82.6896 21.9624
345 83.7698 18.3872
483 84.5923 15.6652
979 84.4966 15.6596
627 84.408 15.6545
260 83.3734 15.5939
721 82.3325 15.5329
243 82.3306 15.5328
103 68.6541 14.7296
176 67.1629 17.0177
504 64.7659 20.6956
358 61.3451 25.9446
873 61.2914 26.0269
831 61.2437 26.1002
819 61.1969 26.172
555 61.1441 26.2531
821 61.0966 26.3259
419 61.054 26.3912
581 61.0138 26.4529
598 60.9679 26.5234
24 60.9196 26.5975
959 60.8672 26.678
777 60.8155 26.7573
66 58.1825 30.7974
781 58.1021 30.9208
295 58.0242 31.0402
164 57.4618 31.9032
55 56.8809 32.7946
865 56.2329 33.7888
355 55.6292 34.7151
27 55.0465 35.6093
930 54.3846 36.6248
828 53.7707 37.5668
262 52.9339 38.8507
844 52.9339 38.8507
978 52.9339 38.8507
875 52.9339 38.8507
681 52.9339 38.8507
357 52.9339 38.8507
848 52.431 38.7105
906 51.9734 38.5828
342 51.5172 38.4556
785 51.2764 38.3885
69 51.0285 38.3194
197 50.7854 38.2516
194 50.5407 38.1834
843 50.4118 37.794
716 49.9581 36.4257
6 49.518 35.0987
458 49.2233 34.8958
19 48.9181 34.6857
276 48.6044 34.4698
790 48.2109 34.1989
452 47.8214 33.9307
209 47.4011 33.6414
751 46.9671 33.3426
289 46.5238 33.0374
935 46.0777 32.7303
862 45.6378 32.4274
421 45.1481 32.0903
250 44.6581 31.7529
7 44.1599 31.4098
191 42.2109 27.676
261 39.4665 22.4189
518 36.136 16.0397
653 35.9437 16.0401
26 35.7299 16.0405
351 35.5108 16.0409
934 35.3198 16.0413
669 34.9909 16.0419
363 34.7031 16.0425
704 34.4189 16.043
287 34.1315 16.0436
573 33.8259 16.0442
702 33.5021 16.0448
407 33.2639 16.0453
787 33.0167 16.0457
822 33.0167 16.0457
379 33.0167 16.0457
883 32.096 15.9787
902 31.036 15.9014
626 30.6444 15.8729
337 30.2517 15.8443
310 29.7499 15.8078
643 29.0848 15.7593
64 28.5026 15.7169
111 27.919 15.6744
307 27.018 15.6088
709 25.9836 15.5334
602 24.3927 15.4175
284 22.6945 15.294
254 20.8223 15.1579
8 18.93 15.0203
682 17.1023 14.8874
673 15.8344 14.7952
211 14.9505 14.7309
588 14.1027 14.6693
455 13.2867 14.6099
674 13.2867 14.6099
412 13.2867 14.6099
646 13.2867 14.6099
61 13.2867 14.6099
722 13.2867 14.6099
812 13.2867 14.6099
881 13.4594 15.003
629 13.6635 15.4671
488 13.9221 16.0554
439 14.404 17.1517
348 14.653 17.7181
366 14.9237 18.334
299 15.228 19.0262
474 15.4643 19.5638
572 15.6795 20.0532
641 15.8687 20.4835
402 16.0395 20.8721
943 16.2178 21.2779
741 16.3605 21.6023
836 16.5215 21.9687
829 16.6688 22.3038
121 16.6688 22.3038
362 16.6688 22.3038
278 20.2562 26.4382
824 19.9787 26.4387
899 19.6781 26.4393
246 19.3858 26.4399
661 18.9948 26.4406
869 18.6216 26.4413
221 17.9149 26.4427
354 16.9935 26.4445
915 15.7622 26.4469
74 13.5456 26.4515
963 12.5157 26.4535
985 11.717 26.4551
710 10.9326 26.4566
133 10.1694 26.458
187 9.42595 26.4595
86 9.43971 27.3474
794 9.45103 28.0771
258 9.46241 28.8101
331 9.47514 29.6313
898 9.49124 30.6703
283 9.50874 31.8006
4 9.52242 32.6822
268 9.54008 33.8221
514 9.5638 35.3548
128 9.60241 37.8559
330 9.60694 38.1479
476 9.61137 38.4334
990 9.61545 38.6956
731 9.61952 38.958
87 9.62337 39.2057
154 9.62763 39.4803
10 9.6313 39.7166
65 9.63507 39.9593
125 9.6398 40.2639
328 9.64509 40.6051
949 9.65055 40.9571
341 9.65544 41.2725
312 9.65986 41.5566
534 9.66439 41.849
758 9.66853 42.1153
123 9.67181 42.3266
700 9.67518 42.5438
157 9.67889 42.7828
423 9.68205 42.986
958 9.68537 43.2
542 9.68911 43.4414
57 9.69232 43.6481
384 9.69517 43.8313
78 9.69827 44.0307
652 9.70161 44.2464
841 9.70485 44.4551
499 9.70785 44.6481
46 9.71118 44.8623
222 9.71491 45.1028
116 9.71849 45.334
749 9.72167 45.5386
100 9.72487 45.7448
863 9.72773 45.9292
47 9.73107 46.1444
352 9.73413 46.3415
805 9.73715 46.5363
218 9.74007 46.7245
373 9.74263 46.889
212 9.7452 47.0543
489 9.74824 47.2505
708 9.75127 47.4464
677 9.75401 47.623
166 9.75647 47.7812
122 9.75882 47.9324
142 14.4155 49.4482
510 16.6437 50.1735
32 16.6437 50.1735
228 16.7207 50.5573
770 16.8018 50.9616
663 16.9035 51.4676
391 17.0084 51.9901
771 17.1245 52.5677
698 17.241 53.1475
936 17.3665 53.7724
81 17.4756 54.3147
747 17.4756 54.3147
909 17.5678 54.3415
182 17.6738 54.3722
496 17.7788 54.4027
797 17.8824 54.4328
475 17.9841 54.4623
505 18.0743 54.4884
858 18.1852 54.5206
908 18.2953 54.5526
59 18.3999 54.5829
463 18.486 54.6079
756 19.011 54.7602
196 19.4222 54.8795
422 19.8727 55.0102
897 20.3153 55.1387
132 20.7379 55.2613
764 21.0845 55.3618
336 21.4496 55.4677
735 21.8493 55.5837
957 22.234 55.6954
603 22.5733 55.7938
938 22.8663 55.8788
545 23.1759 55.9686
729 23.475 56.0554
324 23.7669 56.1401
846 24.0553 56.2237
565 24.3376 56.3056
981 24.7245 56.4179
382 25.1228 56.5335
633 25.5087 56.6454
733 25.9051 56.7605
691 26.2934 56.8731
507 26.7586 57.0081
688 27.2321 57.1455
269 27.7 57.2812
89 28.1486 57.4114
329 28.5776 57.5359
903 29.3115 57.7489
501 30.0396 57.9602
349 30.7131 58.1556
34 31.4612 58.3727
127 32.49 58.6713
404 33.261 58.8951
410 33.3111 58.8184
683 33.3578 58.7468
171 33.4029 58.6777
54 33.456 58.5962
493 33.5069 58.5181
281 33.5607 58.4356
30 33.4008 58.2872
912 33.2406 58.1387
645 33.0792 57.9889
788 32.912 57.8339
901 32.7517 57.6852
308 32.6045 57.5487
365 32.439 57.3952
596 32.2529 57.2226
267 32.029 57.0149
640 31.8173 56.8186
137 31.6148 56.6308
839 31.4036 56.4349
471 31.1936 56.2402
533 30.8466 55.9183
922 30.4125 55.5157
147 29.9256 55.0641
891 29.4476 54.6208
451 28.9384 54.1484
535 28.4631 53.7077
748 28.1004 53.3712
619 27.7959 53.0888
302 27.5047 52.8188
413 27.2185 52.5534
929 26.9401 52.2951
913 26.5826 51.9636
778 26.2404 51.6462
49 25.8508 51.2849
956 25.3434 50.8142
233 24.8489 50.3556
705 24.3068 49.8529
972 23.6657 49.2582
279 23.5903 48.8973
543 23.5126 48.5254
403 23.4351 48.1547
11 23.359 47.7904
723 23.2861 47.4417
616 23.2152 47.1021
687 23.9253 46.7139
876 24.5428 46.3766
205 25.0434 46.1032
655 25.4392 45.8871
151 25.827 45.6753
38 26.2015 45.4708
174 26.5732 45.2679
525 27.1235 44.9673
388 27.678 44.6644
37 28.241 44.3569
397 28.8075 44.0475
664 29.3748 43.7376
486 29.9302 43.4342
480 29.9302 43.4342
148 29.9302 43.4342
508 30.5796 43.114
438 31.2468 42.785
414 32.0107 42.4083
612 32.8213 42.0086
834 35.5313 40.6722
467 36.4017 40.243
160 36.406 40.2511
257 36.4108 40.2599
853 36.4152 40.268
586 36.4194 40.2758
549 36.4236 40.2837
679 36.7898 40.963
356 37.1712 41.6705
811 37.5939 42.4546
529 38.0497 43.3001
692 38.6362 44.3879
989 39.288 45.597
783 39.9971 46.912
237 40.7645 48.3352
566 41.5422 49.7776
104 42.4122 51.3908
706 42.4122 51.3908
155 42.5744 51.3794
180 42.7273 51.3686
512 42.8865 51.3574
210 43.0397 51.3467
461 43.1972 51.3356
522 43.3603 51.3241
917 43.5324 51.312
63 43.7081 51.2996
870 43.8593 51.289
576 43.8642 53.109
793 43.8675 54.3819
186 43.8702 55.428
621 43.8731 56.5483
597 43.8759 57.6583
175 43.8789 58.8064
370 43.8811 59.6774
732 43.8836 60.6315
216 43.8861 61.5934
523 43.8884 62.5036
715 43.8904 63.2842
134 43.8922 64.0078
855 43.8938 64.643
791 43.8953 65.2455
804 43.897 65.8955
910 43.8987 66.572
484 43.9003 67.2148
809 43.9019 67.8361
765 43.9052 69.1228
513 43.9104 71.012
530 43.9148 72.6585
689 43.9156 72.9799
215 43.9162 73.205
840 43.9167 73.4107
649 43.9171 73.6011
126 43.9176 73.7804
294 43.918 73.9535
241 43.9184 74.1246
857 43.9184 74.1246
432 43.9184 74.1246
540 43.4956 74.6597
248 43.0763 75.1901
563 42.6565 75.7213
894 42.2258 76.2662
986 41.7787 76.832
225 41.2521 77.4985
807 40.7123 78.1818
638 40.168 78.8708
561 39.7779 79.3644
16 39.3963 79.8472
320 39.6149 80.2943
755 38.2484 79.7661
189 36.9389 79.2602
773 35.5522 78.7243
418 34.1041 78.1646
564 34.1041 78.1646
92 34.1041 78.1646
919 33.9809 77.7914
253 33.8514 77.3993
2 33.6896 76.9091
872 33.5204 76.3968
574 33.3487 75.877
226 33.1748 75.3502
614 33.0015 74.8254
954 32.8284 74.3013
459 32.6475 73.7536
21 32.4059 73.6874
724 32.1647 73.6212
587 31.9131 73.5522
252 31.6806 73.4884
163 31.4457 73.424
56 31.1882 73.3534
390 30.9135 73.278
80 30.6488 73.2054
291 30.3575 73.1255
662 30.0182 73.0324
789 29.6706 72.937
806 29.3352 72.845
223 28.9814 72.748
878 28.6154 72.6476
113 28.2347 72.5431
270 28.0242 72.4854
526 27.7851 72.4198
950 27.5551 72.3567
730 27.3354 72.2964
888 27.1095 72.2345
599 26.8895 72.1741
720 26.6754 72.1154
359 26.4662 72.058
604 26.2471 71.9979
927 26.0235 71.9366
971 25.8053 71.8768
79 25.5903 71.8178
571 25.1133 72.0302
266 24.6233 72.2484
924 24.1197 72.4727
482 23.6275 72.6919
726 23.2804 72.8464
327 22.9358 72.9998
99 22.5936 73.1522
635 22.2491 73.3055
487 21.9022 73.46
124 21.5614 73.6117
490 21.1446 73.7973
697 21.0544 73.8179
796 20.9572 73.8401
360 20.8719 73.8595
469 20.7898 73.8783
244 20.7061 73.8974
560 20.6252 73.9159
431 20.551 73.9328
608 20.4752 73.9501
701 20.3983 73.9677
601 20.3218 73.9851
479 20.2388 74.0041
275 20.1602 74.022
680 20.0749 74.0415
600 19.9978 74.0591
825 19.913 74.0785
537 19.8363 74.096
346 19.7442 74.117
339 19.6706 74.1338
398 19.596 74.1509
552 19.5214 74.1679
168 19.4373 74.1871
780 19.3523 74.2065
443 19.2797 74.2231
916 19.1995 74.2414
400 18.4261 73.5586
757 17.5885 72.8191
220 16.4111 71.7793
589 15.2962 70.7945
970 15.2962 70.7945
114 15.2962 70.7945
14 15.2962 70.7945
361 15.2962 70.7945
429 15.2962 70.7945
326 15.2962 70.7945
860 15.2962 70.7945
502 15.2962 70.7945
965 15.2962 70.7945
879 14.7557 70.4023
272 14.252 70.0368
338 13.7641 69.6828
119 13.2943 69.3419
772 12.8298 69.0048
946 12.3787 68.6775
214 8.25754 65.6887
277 8.18246 65.6342
381 8.10181 65.5756
607 8.02324 65.5186
376 7.94202 65.4597
966 7.86002 65.4002
686 7.78214 65.3437
734 7.69756 65.2823
717 7.61546 65.2227
703 7.53304 65.1629
784 7.4477 65.101
925 7.35702 65.0352
527 7.27396 64.9749
207 7.21351 64.9311
665 7.14567 64.8818
255 7.07135 64.8279
77 6.9971 64.774
224 6.92393 64.7209
849 6.83965 64.6598
939 6.86841 64.8838
303 6.89564 65.0958
347 6.97173 65.6884
531 7.0535 66.3252
517 7.14714 67.0545
371 7.23992 67.777
234 7.33586 68.5242
955 7.45395 69.4438
131 7.45395 69.4438
524 7.45395 69.4438
130 7.45395 69.4438
630 7.45395 69.4438
97 7.45395 69.4438
219 7.45395 69.4438
298 7.45395 69.4438
500 7.45395 69.4438
739 7.45395 69.4438
728 7.45395 69.4438
411 7.45395 69.4438
760 7.50857 70.1603
503 7.57402 71.0198
192 7.64169 71.9083
433 7.71415 72.8609
240 7.78581 73.8024
905 7.84958 74.6398
736 7.90322 75.3436
570 7.91103 75.4457
719 7.91902 75.5503
615 7.92614 75.6434
694 7.93308 75.7343
169 7.94141 75.8433
556 7.94847 75.9356
457 7.95582 76.0319
991 7.9634 76.1311
184 7.97115 76.2324
3 7.97763 76.3172
948 7.98648 76.4332
892 7.99622 76.5606
90 8.00434 76.667
639 8.01202 76.7674
667 8.02003 76.8722
445 8.02865 76.9851
162 8.03772 77.1037
427 8.04681 77.2227
436 8.05701 77.3563
759 8.06619 77.4765
799 8.07473 77.5882
546 8.19417 79.1616
554 8.32552 80.8899
374 8.45969 82.6559
325 8.57101 84.1241
711 8.66737 85.3955
827 8.75046 86.487
106 8.7848 86.937
316 8.81588 87.3442
39 8.84683 87.7497
435 8.87551 88.1254
585 8.87998 88.1839
750 8.88471 88.2459
300 8.88471 88.2459
628 8.88471 88.2459
75 8.88471 88.2459
693 8.88471 88.2459
678 8.88471 88.2459
213 8.88471 88.2459
868 8.9018 88.1553
405 8.91954 88.0612
547 8.93923 87.9569
803 8.95706 87.8623
236 8.97452 87.7698
426 8.99459 87.6634
1 9.01174 87.5725
48 9.0303 87.474
108 9.04696 87.3857
447 9.06349 87.2981
364 9.08116 87.2045
914 9.09904 87.1097
792 9.11881 87.0048
178 9.13777 86.9043
718 9.15487 86.8137
890 9.17359 86.7144
399 9.18928 86.6312
953 9.20535 86.5461
401 9.22281 86.4535
982 9.23994 86.3627
153 9.25732 86.2705
495 9.2749 86.1773
969 9.29246 86.0843
203 9.3137 85.9717
321 9.3335 85.8667
944 9.35128 85.7724
657 9.36946 85.676
830 9.81729 86.3484
444 10.7203 87.7041
651 11.7055 89.1833
568 11.729 89.2186
263 11.7523 89.2535
304 11.7796 89.2945
442 11.8056 89.3336
557 11.8297 89.3697
551 11.8524 89.4038
637 11.9718 89.583
249 12.1 89.7754
247 12.2173 89.9515
31 12.3383 90.1333
424 12.4766 90.3409
50 12.6035 90.5313
699 12.723 90.7108
115 12.8501 90.9016
95 12.971 91.083
871 13.1033 91.2816
695 13.221 91.4583
761 13.3423 91.6404
380 13.1903 91.7752
13 13.0659 91.8854
446 12.9364 92.0002
93 12.8145 92.1083
44 12.6899 92.2187
301 12.5452 92.347
833 12.4164 92.4611
988 12.2655 92.5948
17 12.8142 92.455
815 13.3581 92.3164
593 13.8897 92.1809
973 14.3813 92.0556
138 14.8746 91.9298
199 15.3795 91.8011
933 15.9261 91.6618
386 16.4827 91.52
200 17.0483 91.3758
521 17.8509 91.1714
430 18.5926 90.9825
768 19.1797 90.8329
462 19.7491 90.6878
776 20.3264 90.5406
441 20.9369 90.3851
227 21.564 90.2253
672 22.2559 90.049
491 22.869 89.8928
73 23.523 89.7261
288 24.1392 89.5691
150 24.7488 89.4138
960 25.3449 89.2618
15 25.3876 89.2124
36 25.4467 89.1439
753 25.5037 89.0779
786 25.5633 89.0088
20 25.6196 88.9436
146 25.6825 88.8708
28 25.7329 88.8124
714 25.7851 88.752
409 25.8632 88.6615
456 25.943 88.5691
712 26.0307 88.4675
707 26.1243 88.3591
859 26.2049 88.2657
611 26.282 88.1764
808 26.3972 88.043
631 26.5075 87.9152
610 26.6466 87.7541
76 26.7954 87.5818
428 26.9373 87.4173
550 27.0719 87.2614
306 27.1909 87.1236
58 27.3733 86.9124
183 27.5582 86.6981
368 27.768 86.4551
88 27.9999 86.1865
96 29.2555 84.7322
591 31.1142 82.5794
658 31.1142 82.5794
333 31.1142 82.5794
885 31.1142 82.5794
60 31.1142 82.5794
886 31.1142 82.5794
454 31.4128 82.7652
41 31.7191 82.9558
795 32.039 83.1548
167 32.347 83.3465
392 32.6619 83.5424
578 32.9584 83.7269
141 33.3001 83.9395
696 33.6432 84.153
548 34.5006 84.6859
230 35.4637 85.2846
389 36.3997 85.8666
256 36.722 86.0671
120 37.0498 86.2711
129 37.386 86.4803
437 37.7188 86.6874
296 38.0528 86.8953
181 38.4647 87.1515
271 38.7965 87.3579
309 39.1264 87.5632
877 39.4514 87.7655
918 39.7781 87.9688
448 40.1353 88.191
22 40.4855 88.409
172 40.8382 88.6284
449 41.2007 88.8539
738 41.5592 89.077
72 41.9115 89.2962
5 42.2702 89.5194
231 42.5804 89.7124
265 42.9156 89.921
62 43.2393 90.1224
375 43.5384 90.3085
165 43.8259 90.4874
559 44.1095 90.6639
434 44.3815 90.8332
613 44.3815 90.8332
139 44.3815 90.8332
974 44.4056 90.792
752 44.431 90.7485
206 44.4892 90.649
541 44.5414 90.5595
532 44.5953 90.4674
874 44.6489 90.3756
516 44.7098 90.2715
961 44.763 90.1804
105 44.8207 90.0816
766 44.8807 89.9791
140 44.9541 89.8535
292 45.0106 89.7567
53 45.0604 89.6715
470 45.118 89.573
866 45.1862 89.4562
305 45.2613 89.3279
179 45.3368 89.1986
343 45.3996 89.0912
416 45.4646 88.98
156 45.5284 88.8707
763 45.5994 88.7492
895 45.679 88.6132
394 45.7397 88.5093
539 45.8051 88.3973
826 45.8783 88.2721
280 45.944 88.1597
406 46.0008 88.0625
861 46.0585 87.9638
636 46.1139 87.869
980 46.1642 87.7829
774 46.2177 87.6914
814 46.2726 87.5974
713 46.3252 87.5074
569 46.3802 87.4133
239 46.4503 87.2934
896 46.5209 87.1724
511 46.6015 87.0346
408 46.9279 86.4761
746 47.2611 85.906
245 47.7051 85.1462
976 48.1279 84.4228
193 48.3926 84.3472
350 48.6563 84.2719
921 49.3157 84.0836
91 49.9169 83.9119
94 50.3887 83.7771
802 50.8187 83.6543
9 51.2487 83.5316
319 51.5902 83.434
562 51.948 83.3319
659 52.339 83.2202
82 52.765 83.0986
782 53.2547 82.9587
947 53.7387 82.8205
415 54.239 82.6776
642 54.7499 82.5317
575 55.3234 82.3679
335 55.8706 82.2116
622 56.4196 82.0549
317 56.3285 81.5387
887 56.2354 81.0112
931 56.1393 80.4661
832 56.0386 79.8957
671 55.9423 79.3499
12 55.8483 78.8171
940 55.7483 78.25
229 55.6445 77.6616
800 55.5376 77.0558
18 55.4316 76.4551
632 55.3112 75.7727
235 55.1969 75.1243
112 55.1229 74.7051
460 55.0507 74.2961
987 54.9762 73.8739
109 54.9008 73.4468
582 54.8281 73.0348
617 54.7534 72.6113
668 54.6846 72.2214
468 54.6184 71.8459
810 54.5571 71.4989
67 54.5224 71.302
964 54.351 71.069
144 54.1765 70.8317
264 55.1219 62.1861
676 55.1219 62.1861
743 55.1219 62.1861
779 55.1219 62.1861
769 55.1219 62.1861
161 55.2537 61.5994
84 55.3888 60.9985
968 55.529 60.3744
519 55.6793 59.7058
282 55.8177 59.0896
558 55.9614 58.4503
498 56.3203 56.856
472 56.6692 55.3066
923 56.9987 55.143
577 57.3476 54.9696
293 57.7 54.7944
492 58.0441 54.6234
606 58.4158 54.4386
907 58.4158 54.4386
945 58.4158 54.4386
762 58.5422 54.7608
942 58.6484 55.0315
485 58.7515 55.2943
538 58.8529 55.5528
842 58.9526 55.8071
238 59.0549 56.0678
644 59.153 56.3181
101 59.2646 56.6026
396 59.3912 56.9253
35 59.521 57.2562
623 59.6533 57.5935
798 59.792 57.9469
393 59.9283 58.2944
605 60.0572 58.6232
767 60.1585 58.8813
625 60.2621 59.1455
85 60.364 59.4054
286 60.4669 59.6676
188 60.5702 59.931
453 60.6771 60.2034
340 62.0156 61.3703
962 63.0224 62.2478
68 63.335 62.5204
208 63.6433 62.7892
595 63.9619 63.0669
941 64.2738 63.3388
656 64.5702 63.5972
334 64.8642 63.8535
515 65.0272 63.9956
478 65.2039 64.1496
650 65.3873 64.3095
579 65.5706 64.4693
440 65.6042 64.4986
904 65.6439 64.5332
847 65.6792 64.564
190 65.7125 64.593
975 65.7593 64.6338
867 65.7981 64.6676
290 65.837 64.7015
744 65.8753 64.7349
900 65.9084 64.7637
152 65.9407 64.7919
654 65.9738 64.8208
837 66.0076 64.8502
51 66.0391 64.8777
110 66.0686 64.9034
583 66.0967 64.9279
647 66.776 65.52
385 67.3892 66.0543
850 67.3892 66.0543
383 67.5323 66.3882
852 67.657 66.6792
420 67.78 66.9664
102 67.9093 67.2682
201 68.5717 68.8152
775 69.2739 70.4554
332 69.477 70.9294
83 68.7788 72.5513
727 68.2442 73.793
417 67.6889 75.0831
465 67.2265 76.1571
937 66.8958 76.9253
481 66.594 77.6263
173 66.3063 78.2946
378 65.8453 79.3655
71 65.4346 80.3195
509 64.9577 81.4273
395 64.2352 83.1059
313 63.4704 84.8823
801 63.4558 84.9164
477 63.4397 84.9537
864 63.425 84.9878
544 63.3552 85.15
285 63.3096 85.256
297 63.2675 85.3537
823 63.2177 85.4695
42 63.1685 85.5837
567 63.1241 85.6869
464 63.0767 85.7971
984 63.0336 85.8973
666 62.9906 85.9971
754 62.9474 86.0975
620 62.903 86.2005
880 62.7199 86.1049
816 62.5412 86.0116
369 62.3684 85.9214
315 62.1989 85.833
856 61.9731 86.9154
273 61.8249 87.6269
259 61.6784 88.3304
177 61.5373 89.0081
845 61.3972 89.6805
992 61.2626 90.3265
737 61.1281 90.9725
882 60.9961 91.6064
118 60.9965 91.6063
40 60.9969 91.6063
367 60.9973 91.6062
584 60.9977 91.6062
536 60.9981 91.6061
690 61.1345 91.5861
23 61.2627 91.5674
185 61.4186 91.5445
344 61.5634 91.5233
911 61.7319 91.4986
624 61.9025 91.4736
202 62.3872 91.4026
851 62.8964 91.3281
618 63.5405 91.2337
952 64.5831 91.081
983 75.0036 89.5551
149 75.0536 89.5477
52 75.1044 89.5403
318 75.1608 89.532
135 75.2189 89.5235
817 75.269 89.5162
158 75.4924 89.4835
648 75.722 89.4499
353 75.9367 89.4184
813 76.1594 89.3858
820 76.3964 89.3511
854 76.6167 89.3189
494 76.8481 89.285
580 77.0783 89.2513
740 77.3281 89.2147
893 77.5766 89.1784
251 77.8152 89.1434
725 78.1038 89.1012
742 78.383 89.0603
818 78.6623 89.0194
159 78.968 88.9746
145 79.2781 88.9292
928 80.081 88.8117
372 86.3695 79.8538
889 86.3632 79.7962
322 86.3538 79.7095
473 86.3299 79.4899
528 86.2994 79.209
685 86.2755 78.9892
311 86.2445 78.7046
450 86.2149 78.432
660 86.1882 78.1869
25 86.1626 77.9514
204 85.5954 72.7313
198 84.7569 65.0124
242 84.6713 64.2252
684 84.6092 63.6542
977 84.5497 63.107
170 84.4932 62.587
506 84.4472 62.1645
107 84.4017 61.746
497 84.3626 61.3862
951 81.8037 56.9128
932 79.8238 53.4525
466 78.0681 50.384
835 77.4378 49.2827
387 77.4378 49.2827
136 77.4378 49.2827
884 77.4378 49.2827
967 76.9807 48.8548
838 76.5051 48.4097
609 75.7918 47.742
425 75.2245 47.211
29 74.6007 46.6271
592 74.0243 46.0876
670 73.4119 45.5144
117 72.8303 44.9699
274 72.4093 44.5759
553 71.9615 44.1568
920 71.4446 43.673
217 69.3901 41.7498
323 69.3901 41.7498
143 69.3901 41.7498
926 69.3901 41.7498
232 69.3901 41.7498
70 69.3901 41.7498
45 69.3901 41.7498
634 69.3901 41.7498
675 69.3901 41.7498
377 69.3901 41.7498
314 69.4399 41.6971
594 69.4888 41.6454
43 69.9987 41.1059
195 72.0799 38.9039
745 75.1576 35.6477
520 79.6552 30.8896
98 82.4842 27.8965
590 81.9723 26.2699
