0,627,243,345,979,260,483,98,590,520,33,242,884,170,932,838,592,195,136,951,466,274,835,387,198,425,745,583,143,29,920,609,553,670,850,926,967,941,232,644,70,625,282,63,117,519,186,84,798,180,281,452,210,69,945,498,623,597,923,194,848,492,843,197,262,844,862,870,790,472,66,917,706,533,388,748,619,522,147,269,891,603,413,324,302,640,788,267,382,403,451,37,908,956,698,688,59,929,493,756,901,735,601,545,510,507,266,924,729,571,645,308,127,21,56,809,30,349,897,89,291,226,501,599,390,965,137,839,104,733,720,697,550,220,658,587,730,454,888,359,872,99,635,333,689,971,574,903,757,132,552,604,365,225,350,910,957,163,724,614,459,878,252,894,134,662,591,215,940,976,540,755,91,94,432,582,921,513,826,617,235,779,294,140,179,126,857,769,832,636,280,895,800,931,618,315,952,782,406,774,887,18,851,567,259,12,229,9,415,659,369,118,297,395,319,335,861,248,880,563,562,378,904,109,816,575,671,393,647,804,558,171,453,404,370,765,54,523,762,216,802,986,80,632,596,968,484,621,912,237,676,743,922,175,512,342,791,715,461,264,855,85,683,732,410,161,793,293,471,576,101,485,286,188,767,650,102,468,987,577,907,964,208,440,668,478,112,810,238,35,340,396,847,801,460,481,852,937,383,818,190,420,900,385,110,962,595,173,51,654,579,837,515,538,67,68,201,290,975,509,942,656,727,867,152,334,605,497,684,977,107,450,332,528,506,372,25,204,648,660,311,740,928,725,685,159,494,473,893,889,983,135,322,83,622,775,417,820,823,251,465,477,71,744,742,353,864,813,318,52,149,273,666,158,285,544,845,854,580,737,856,620,40,992,464,42,185,980,584,145,23,817,763,245,317,177,882,156,5,984,305,206,814,516,320,511,896,911,434,624,344,202,408,564,536,193,642,961,367,146,947,144,256,129,392,530,840,919,139,62,271,766,752,165,309,738,172,239,713,375,532,874,448,265,690,866,561,541,449,559,746,389,313,974,53,82,343,754,105,241,416,807,72,394,548,539,707,230,141,181,73,960,60,2,50,424,833,288,569,96,167,437,954,223,292,150,92,428,613,469,183,189,470,22,296,877,638,806,270,649,231,795,672,456,521,871,753,491,808,859,41,58,253,76,696,885,786,611,88,368,115,712,631,651,418,120,28,761,441,44,776,714,430,610,768,409,773,593,20,537,16,306,918,526,124,789,443,578,36,815,560,249,168,244,360,490,608,184,15,93,916,48,339,442,628,695,13,108,699,227,200,933,585,982,827,969,444,568,693,138,304,547,386,247,462,988,380,316,953,199,678,637,868,736,436,106,39,447,914,546,570,405,213,750,435,711,973,236,325,95,263,203,364,718,446,178,426,615,905,792,557,153,17,1,950,886,946,431,825,701,803,301,892,401,398,948,400,556,97,495,90,482,427,457,551,300,75,890,719,630,955,667,169,780,240,502,429,665,680,860,796,224,517,944,759,479,399,503,81,321,554,433,445,970,524,991,830,119,726,275,219,298,694,207,639,31,374,487,371,728,14,717,607,686,500,326,966,77,927,327,600,739,361,166,346,531,381,734,747,272,703,849,192,122,784,131,411,657,799,760,879,196,347,277,589,925,113,376,162,255,79,677,846,981,233,972,34,691,116,234,338,939,3,130,114,373,527,764,214,329,391,489,936,182,422,938,496,633,565,652,228,705,47,758,222,542,841,218,708,805,771,100,463,57,303,352,858,797,336,505,772,534,731,123,863,283,700,312,341,749,655,148,476,174,985,770,157,384,268,87,10,958,909,212,205,330,898,46,154,128,4,423,499,328,402,455,794,299,133,86,74,963,258,710,514,65,646,331,187,572,812,673,474,8,61,412,488,674,211,682,722,362,629,588,881,366,348,518,363,351,310,26,709,653,337,934,467,284,261,704,407,573,287,669,439,221,191,354,379,64,111,883,822,160,254,246,626,787,307,121,824,741,899,943,836,643,915,661,602,641,902,702,990,549,278,616,397,279,525,913,535,32,142,811,125,723,949,475,663,78,7,687,829,151,869,414,11,438,664,508,543,480,679,783,853,612,486,778,586,876,38,529,257,356,834,49,989,421,250,692,935,276,217,751,978,875,781,566,209,155,555,930,419,873,716,6,458,164,906,865,594,19,831,27,785,289,606,681,355,842,634,828,377,45,675,357,314,821,358,43,55,323,598,959,819,504,581,176,295,777,721,103,24,
value : 629.165 running time : 46.995701
80 20
85.1001 16.3407
85.1001 16.3407
85.1001 16.3407
85.1001 16.3407
85.1001 16.3407
85.1001 16.3407
83.2985 35.6528
83.2985 35.6528
83.2985 35.6528
83.2985 35.6528
81.2645 48.3542
81.2645 48.3542
81.2645 48.3542
81.2645 48.3542
81.2645 48.3542
81.2645 48.3542
81.2645 48.3542
81.2645 48.3542
81.2645 48.3542
81.2645 48.3542
81.2645 48.3542
81.2645 48.3542
81.2645 48.3542
81.2645 48.3542
81.2645 48.3542
73.437 45.0048
73.437 45.0048
73.437 45.0048
73.437 45.0048
73.437 45.0048
73.437 45.0048
73.437 45.0048
73.437 45.0048
73.437 45.0048
73.437 45.0048
69.5593 49.1953
69.5593 49.1953
69.5593 49.1953
69.5593 49.1953
69.5593 49.1953
58.8744 53.3163
58.8744 53.3163
58.8744 53.3163
58.8744 53.3163
58.8744 53.3163
58.8744 53.3163
58.8744 53.3163
56.6877 51.6255
48.9358 45.632
48.9358 45.632
48.9358 45.632
48.9358 45.632
48.9358 45.632
48.9358 45.632
48.9358 45.632
48.9358 45.632
48.9358 45.632
48.9358 45.632
48.9358 45.632
48.9358 45.632
48.9358 45.632
48.9358 45.632
48.9358 45.632
48.9358 45.632
48.9358 45.632
48.9358 45.632
48.9358 45.632
48.9358 45.632
48.9358 45.632
48.9358 45.632
48.9358 45.632
38.3409 48.2501
38.3409 48.2501
38.3409 48.2501
38.3409 48.2501
38.3409 48.2501
38.3409 48.2501
38.3409 48.2501
38.3409 48.2501
28.2236 51.4765
28.2236 51.4765
28.2236 51.4765
28.2236 51.4765
28.2236 51.4765
28.2236 51.4765
28.2236 51.4765
28.2236 51.4765
28.2236 51.4765
28.2236 51.4765
28.2236 51.4765
28.2236 51.4765
26.4981 54.8773
26.4981 54.8773
26.4981 54.8773
26.4981 54.8773
26.4981 54.8773
26.4981 54.8773
26.4981 54.8773
26.4981 54.8773
26.4981 54.8773
26.4981 54.8773
26.4981 54.8773
26.4981 54.8773
26.4981 54.8773
26.4981 54.8773
28.798 62.992
28.798 62.992
28.798 62.992
28.798 62.992
33.1363 62.7829
33.1363 62.7829
33.1363 62.7829
33.1363 62.7829
33.1363 62.7829
33.1363 62.7829
33.1363 62.7829
33.1363 62.7829
33.1363 62.7829
33.1363 62.7829
33.1363 62.7829
33.8088 65.3812
33.8088 65.3812
33.8088 65.3812
33.8088 65.3812
33.8088 65.3812
33.8088 65.3812
33.8088 65.3812
33.8088 65.3812
33.8088 65.3812
33.8088 65.3812
28.3836 68.5394
28.3836 68.5394
28.3836 68.5394
28.3836 68.5394
28.3836 68.5394
28.3836 68.5394
28.3836 68.5394
28.3836 68.5394
28.3836 68.5394
28.3836 68.5394
28.3836 68.5394
28.3836 68.5394
28.3836 68.5394
28.3836 68.5394
28.3836 68.5394
28.3836 68.5394
28.3836 68.5394
28.0648 69.7045
28.0648 69.7045
28.0648 69.7045
28.0648 69.7045
28.0648 69.7045
30.6017 70.8294
30.6017 70.8294
30.6017 70.8294
32.7491 71.7816
32.7491 71.7816
32.7491 71.7816
32.7491 71.7816
32.7491 71.7816
38.5504 78.55
38.5504 78.55
38.5504 78.55
38.5504 78.55
38.5504 78.55
38.5504 78.55
38.5504 78.55
43.4366 74.12
43.4366 74.12
43.4366 74.12
43.4366 74.12
43.4366 74.12
43.4366 74.12
48.8736 77.5732
48.8736 77.5732
48.8736 77.5732
48.8736 77.5732
48.8736 77.5732
48.8736 77.5732
48.8736 77.5732
48.8736 77.5732
48.8736 77.5732
48.8736 77.5732
48.8736 77.5732
48.8736 77.5732
48.8736 77.5732
48.8736 77.5732
48.8736 77.5732
48.8736 77.5732
49.6434 80.1102
49.6434 80.1102
49.6434 80.1102
50.027 81.3741
50.027 81.3741
50.027 81.3741
50.027 81.3741
50.027 81.3741
50.027 81.3741
50.027 81.3741
50.027 81.3741
52.2279 82.8832
52.2279 82.8832
52.2279 82.8832
52.2279 82.8832
52.2279 82.8832
52.2279 82.8832
52.2279 82.8832
52.2279 82.8832
52.2279 82.8832
52.2279 82.8832
52.2279 82.8832
52.9169 82.0934
52.9169 82.0934
52.9169 82.0934
52.9169 82.0934
52.9169 82.0934
52.9169 82.0934
52.9169 82.0934
52.9169 82.0934
52.9169 82.0934
52.9169 82.0934
55.6512 77.4898
55.6512 77.4898
55.6512 77.4898
55.6512 77.4898
55.6512 77.4898
53.0624 71.8008
51.0379 67.3519
51.0379 67.3519
51.0379 67.3519
51.0379 67.3519
51.0379 67.3519
46.0532 64.0171
46.0532 64.0171
46.0532 64.0171
46.0532 64.0171
46.0532 64.0171
46.0532 64.0171
46.0532 64.0171
41.892 67.5407
41.892 67.5407
41.892 67.5407
41.892 67.5407
41.892 67.5407
41.892 67.5407
41.892 67.5407
41.892 67.5407
41.892 67.5407
42.1353 64.4879
42.1353 64.4879
42.1353 64.4879
42.1353 64.4879
42.1353 64.4879
42.4981 57.9258
42.4981 57.9258
42.4981 57.9258
42.4981 57.9258
42.4981 57.9258
47.8125 58.422
47.8125 58.422
47.8125 58.422
47.8125 58.422
47.8125 58.422
47.8125 58.422
47.8125 58.422
47.8125 58.422
47.8125 58.422
47.8125 58.422
47.8125 58.422
47.8125 58.422
55.7718 60.4765
55.7718 60.4765
55.7718 60.4765
55.7718 60.4765
61.5772 64.5047
61.5772 64.5047
61.5772 64.5047
61.5772 64.5047
61.5772 64.5047
61.5772 64.5047
61.5772 64.5047
61.5772 64.5047
61.5772 64.5047
61.5772 64.5047
61.5772 64.5047
61.5772 64.5047
61.5772 64.5047
61.5772 64.5047
61.5772 64.5047
61.5772 64.5047
61.5772 64.5047
61.5772 64.5047
65.0807 69.4724
65.0807 69.4724
65.0807 69.4724
70.3195 70.0136
70.3195 70.0136
70.3195 70.0136
70.3195 70.0136
69.7835 66.799
69.7835 66.799
69.7835 66.799
69.7835 66.799
69.7835 66.799
69.7835 66.799
69.7835 66.799
69.7835 66.799
69.7835 66.799
69.7835 66.799
69.7835 66.799
69.7835 66.799
69.7835 66.799
69.7835 66.799
69.7835 66.799
69.7835 66.799
69.7835 66.799
69.7835 66.799
69.7835 66.799
69.7835 66.799
69.7835 66.799
69.7835 66.799
69.7835 66.799
69.7835 66.799
69.7835 66.799
69.7835 66.799
69.7835 66.799
83.918 59.5185
83.918 59.5185
83.918 59.5185
83.918 59.5185
84.8188 62.7785
84.8188 62.7785
84.8188 62.7785
84.8188 62.7785
85.9989 83.2914
85.9989 83.2914
85.9989 83.2914
85.9989 83.2914
85.9989 83.2914
85.9989 83.2914
85.9989 83.2914
82.7744 87.5819
82.7744 87.5819
82.7744 87.5819
82.7744 87.5819
82.7744 87.5819
82.7744 87.5819
82.7744 87.5819
82.7744 87.5819
79.6688 88.2826
79.6688 88.2826
79.6688 88.2826
75.4084 80.6778
75.4084 80.6778
75.4084 80.6778
75.4084 80.6778
74.3499 86.3764
74.3499 86.3764
74.3499 86.3764
74.3499 86.3764
74.3499 86.3764
74.3499 86.3764
74.3499 86.3764
74.3499 86.3764
74.3499 86.3764
74.3499 86.3764
74.3499 86.3764
74.3499 86.3764
63.3988 89.3257
63.3988 89.3257
63.3988 89.3257
63.3988 89.3257
63.3988 89.3257
63.3988 89.3257
63.3988 89.3257
63.3988 89.3257
63.3988 89.3257
63.5845 95.0313
63.5845 95.0313
63.5845 95.0313
63.5845 95.0313
63.5845 95.0313
63.5845 95.0313
63.5845 95.0313
63.5845 95.0313
63.5845 95.0313
63.5845 95.0313
63.5845 95.0313
63.5845 95.0313
63.5845 95.0313
63.5845 95.0313
52.7635 90.0074
52.7635 90.0074
52.7635 90.0074
52.7635 90.0074
52.7635 90.0074
52.7635 90.0074
52.7635 90.0074
52.7635 90.0074
52.7635 90.0074
52.7635 90.0074
52.7635 90.0074
52.7635 90.0074
52.7635 90.0074
52.7635 90.0074
52.7635 90.0074
52.7635 90.0074
52.7635 90.0074
52.7635 90.0074
52.7635 90.0074
52.7635 90.0074
52.7635 90.0074
49.6252 90.2087
49.6252 90.2087
49.6252 90.2087
49.6252 90.2087
49.6252 90.2087
49.6252 90.2087
46.1275 87.7577
46.1275 87.7577
45.5608 85.5722
45.5608 85.5722
45.5608 85.5722
45.5608 85.5722
45.5608 85.5722
45.5608 85.5722
45.5608 85.5722
44.3128 90.7737
44.3128 90.7737
44.3128 90.7737
44.3128 90.7737
44.3128 90.7737
44.3128 90.7737
44.3128 90.7737
44.3128 90.7737
44.3128 90.7737
44.3128 90.7737
44.3128 90.7737
44.3128 90.7737
44.3128 90.7737
44.3128 90.7737
44.3128 90.7737
44.3128 90.7737
44.3128 90.7737
44.3128 90.7737
44.3128 90.7737
44.3128 90.7737
44.3128 90.7737
44.3128 90.7737
44.3128 90.7737
44.3128 90.7737
44.3128 90.7737
44.3128 90.7737
44.3128 90.7737
44.3128 90.7737
44.3128 90.7737
44.3128 90.7737
44.3128 90.7737
44.3128 90.7737
44.3128 90.7737
44.3128 90.7737
44.3128 90.7737
44.3128 90.7737
41.5896 90.724
41.5896 90.724
41.5896 90.724
41.5896 90.724
41.5896 90.724
41.5896 90.724
38.8675 89.8782
38.8675 89.8782
32.5622 88.5336
32.5622 88.5336
32.5622 88.5336
32.5622 88.5336
32.5622 88.5336
32.5622 88.5336
32.5622 88.5336
32.5622 88.5336
32.5622 88.5336
32.5622 88.5336
32.5622 88.5336
32.5622 88.5336
32.5622 88.5336
32.5622 88.5336
32.5622 88.5336
32.5622 88.5336
32.5622 88.5336
29.6908 83.9731
29.6908 83.9731
29.6908 83.9731
29.6908 83.9731
29.6908 83.9731
29.6908 83.9731
29.6908 83.9731
29.6908 83.9731
29.6908 83.9731
29.6908 83.9731
29.6908 83.9731
29.6908 83.9731
29.6908 83.9731
29.6908 83.9731
25.136 87.7641
25.136 87.7641
25.136 87.7641
25.136 87.7641
25.136 87.7641
25.136 87.7641
25.136 87.7641
25.136 87.7641
25.136 87.7641
25.136 87.7641
25.136 87.7641
25.136 87.7641
25.136 87.7641
25.136 87.7641
24.45 88.1619
24.45 88.1619
24.45 88.1619
24.45 88.1619
24.45 88.1619
24.45 88.1619
24.45 88.1619
24.45 88.1619
24.45 88.1619
24.45 88.1619
24.45 88.1619
24.45 88.1619
24.45 88.1619
24.45 88.1619
24.45 88.1619
24.45 88.1619
24.45 88.1619
24.45 88.1619
24.45 88.1619
24.45 88.1619
24.45 88.1619
24.45 88.1619
23.2429 87.3116
23.2429 87.3116
23.2429 87.3116
23.2429 87.3116
20.5374 83.0895
20.5374 83.0895
20.5374 83.0895
20.5374 83.0895
20.5374 83.0895
17.9576 85.3612
17.9576 85.3612
17.9576 85.3612
17.9576 85.3612
17.9576 85.3612
17.9576 85.3612
17.9576 85.3612
17.9576 85.3612
17.9576 85.3612
17.9576 85.3612
15.8444 87.2477
15.8444 87.2477
15.8444 87.2477
15.8444 87.2477
15.8444 87.2477
15.8444 87.2477
15.8444 87.2477
15.8444 87.2477
15.8444 87.2477
15.8444 87.2477
15.8444 87.2477
15.8444 87.2477
9.82864 89.6006
9.82864 89.6006
9.82864 89.6006
9.82864 89.6006
9.82864 89.6006
9.82864 89.6006
9.82864 89.6006
9.82864 89.6006
9.82864 89.6006
9.82864 89.6006
9.82864 89.6006
9.82864 89.6006
9.82864 89.6006
9.82864 89.6006
9.82864 89.6006
9.82864 89.6006
9.82864 89.6006
9.82864 89.6006
9.82864 89.6006
9.82864 89.6006
9.82864 89.6006
9.82864 89.6006
9.82864 89.6006
9.82864 89.6006
9.82864 89.6006
9.82864 89.6006
9.82864 89.6006
9.82864 89.6006
9.82864 89.6006
9.82864 89.6006
9.82864 89.6006
9.82864 89.6006
9.82864 89.6006
9.82864 89.6006
9.82864 89.6006
9.82864 89.6006
9.82864 89.6006
9.82864 89.6006
9.82864 89.6006
9.82864 89.6006
9.82864 89.6006
9.82864 89.6006
9.82864 89.6006
9.82864 89.6006
9.82864 89.6006
9.82864 89.6006
9.82864 89.6006
9.82864 89.6006
9.82864 89.6006
9.82864 89.6006
9.82864 89.6006
9.82864 89.6006
9.82864 89.6006
9.82864 89.6006
15.4273 78.189
15.4273 78.189
15.4273 78.189
15.4273 78.189
15.4273 78.189
15.4273 78.189
9.70994 78.1028
9.70994 78.1028
9.70994 78.1028
9.70994 78.1028
9.70994 78.1028
9.70994 78.1028
9.31989 76.4614
9.31989 76.4614
9.31989 76.4614
9.31989 76.4614
9.31989 76.4614
9.31989 76.4614
9.31989 76.4614
9.31989 76.4614
9.31989 76.4614
8.67414 75.9914
8.67414 75.9914
8.67414 75.9914
8.67414 75.9914
8.67414 75.9914
8.67414 75.9914
8.67414 75.9914
8.67414 75.9914
8.67414 75.9914
8.67414 75.9914
8.67414 75.9914
8.67414 75.9914
8.67414 75.9914
8.67414 75.9914
8.67414 75.9914
8.67414 75.9914
8.67414 75.9914
8.67414 75.9914
8.67414 75.9914
8.67414 75.9914
8.67414 75.9914
8.67414 75.9914
8.67414 75.9914
11.4283 74.2037
11.4283 74.2037
11.0678 73.65
11.0678 73.65
11.0678 73.65
11.0678 73.65
11.0678 73.65
11.0678 73.65
11.0678 73.65
11.0678 73.65
11.0678 73.65
11.0678 73.65
11.0678 73.65
11.0678 73.65
11.0678 73.65
11.0678 73.65
11.0678 73.65
11.0678 73.65
11.0678 73.65
11.0678 73.65
11.0678 73.65
11.0678 73.65
11.0678 73.65
11.0678 73.65
11.0678 73.65
11.0678 73.65
11.0678 73.65
11.0678 73.65
11.0678 73.65
11.0678 73.65
12.4728 67.2168
12.4728 67.2168
12.4728 67.2168
12.4728 67.2168
12.4728 67.2168
10.0935 64.7269
10.0935 64.7269
10.0935 64.7269
10.0935 64.7269
10.0935 64.7269
10.0935 64.7269
10.0935 64.7269
10.0935 64.7269
7.67189 64.118
7.67189 64.118
7.67189 64.118
7.67189 64.118
7.67189 64.118
7.67189 64.118
7.67189 64.118
7.67189 64.118
7.67189 64.118
7.67189 64.118
7.67189 64.118
7.67189 64.118
7.67189 64.118
7.67189 64.118
7.67189 64.118
10.4425 62.6767
10.4425 62.6767
10.4425 62.6767
10.4425 62.6767
12.7805 58.3405
12.7805 58.3405
12.7805 58.3405
12.7805 58.3405
12.7805 58.3405
12.7805 58.3405
12.7805 58.3405
12.7805 58.3405
9.31134 57.8621
9.31134 57.8621
9.31134 57.8621
9.31134 57.8621
9.31134 57.8621
9.31134 57.8621
9.31134 57.8621
9.31134 57.8621
9.31134 57.8621
9.31134 57.8621
9.31134 57.8621
9.31134 57.8621
13.6257 51.0071
13.6257 51.0071
13.6257 51.0071
13.6257 51.0071
13.6257 51.0071
13.6257 51.0071
13.6257 51.0071
13.6257 51.0071
13.6257 51.0071
13.6257 51.0071
13.6257 51.0071
13.6257 51.0071
13.6257 51.0071
13.6257 51.0071
13.6257 51.0071
13.6257 51.0071
13.6257 51.0071
13.6257 51.0071
13.6257 51.0071
13.6257 51.0071
13.6257 51.0071
13.6257 51.0071
13.6257 51.0071
13.6257 51.0071
13.6257 51.0071
13.6257 51.0071
13.6257 51.0071
13.6257 51.0071
13.6257 51.0071
13.6257 51.0071
13.6257 51.0071
13.6257 51.0071
13.6257 51.0071
13.6257 51.0071
11.5559 45.1675
11.5559 45.1675
11.5559 45.1675
11.5559 45.1675
11.5559 45.1675
11.5559 45.1675
11.5559 45.1675
11.5559 45.1675
11.5559 45.1675
11.5559 45.1675
11.5559 45.1675
11.5559 45.1675
11.5559 45.1675
11.5559 45.1675
12.1628 39.8217
12.1628 39.8217
12.1628 39.8217
12.1628 39.8217
12.1628 39.8217
12.1628 39.8217
12.1628 39.8217
12.1628 39.8217
8.61386 38.2093
8.61386 38.2093
8.61386 38.2093
8.61386 38.2093
8.61386 38.2093
8.61386 38.2093
8.61386 38.2093
8.61386 38.2093
12.9017 30.3508
12.9017 30.3508
12.9017 30.3508
12.9017 30.3508
12.9017 30.3508
12.9017 30.3508
12.9017 30.3508
12.9017 30.3508
12.9017 30.3508
12.9017 30.3508
12.9017 30.3508
12.9017 30.3508
9.73182 25.0302
9.73182 25.0302
9.73182 25.0302
9.73182 25.0302
12.0984 15.4458
12.0984 15.4458
12.0984 15.4458
12.0984 15.4458
12.0984 15.4458
12.0984 15.4458
12.0984 15.4458
12.0984 15.4458
12.0984 15.4458
12.0984 15.4458
12.0984 15.4458
12.0984 15.4458
12.0984 15.4458
12.0984 15.4458
12.0984 15.4458
12.0984 15.4458
12.0984 15.4458
37.8877 16.912
37.8877 16.912
37.8877 16.912
37.8877 16.912
37.8877 16.912
37.8877 16.912
37.8877 16.912
37.8877 16.912
37.8877 16.912
37.1686 18.71
37.1686 18.71
37.1686 18.71
37.1686 18.71
37.1686 18.71
37.1686 18.71
37.1686 18.71
32.0733 21.1593
32.0733 21.1593
32.0733 21.1593
30.7531 23.1793
30.7531 23.1793
30.7531 23.1793
30.7531 23.1793
30.7531 23.1793
30.7531 23.1793
30.7531 23.1793
30.7531 23.1793
30.7531 23.1793
30.6809 26.0631
30.6809 26.0631
30.6809 26.0631
30.6809 26.0631
30.6809 26.0631
30.6809 26.0631
21.0005 26.7395
21.0005 26.7395
21.0005 26.7395
21.0005 26.7395
21.0005 26.7395
21.0005 26.7395
21.0005 26.7395
21.0005 26.7395
21.0005 26.7395
21.0005 26.7395
21.0005 26.7395
19.4021 31.8372
19.4021 31.8372
19.4021 31.8372
22.0323 37.7592
22.0323 37.7592
25.1114 44.6918
25.1114 44.6918
25.1114 44.6918
25.1114 44.6918
25.1114 44.6918
25.1114 44.6918
25.1114 44.6918
25.1114 44.6918
25.1114 44.6918
25.1114 44.6918
25.1114 44.6918
25.1114 44.6918
25.1114 44.6918
25.1114 44.6918
25.1114 44.6918
28.0988 42.8637
33.3661 39.6404
33.3661 39.6404
33.3661 39.6404
33.3661 39.6404
33.3661 39.6404
33.3661 39.6404
33.3661 39.6404
33.3661 39.6404
33.3661 39.6404
33.3661 39.6404
33.3661 39.6404
33.3661 39.6404
33.3661 39.6404
33.3661 39.6404
33.3661 39.6404
33.3661 39.6404
33.3661 39.6404
33.3661 39.6404
33.3661 39.6404
33.3661 39.6404
41.3238 41.1127
41.3238 41.1127
41.3238 41.1127
41.3238 41.1127
41.3238 41.1127
42.4497 40.5689
42.4497 40.5689
42.4497 40.5689
42.4497 40.5689
49.2026 38.1679
49.2026 38.1679
49.2026 38.1679
49.2026 38.1679
49.2026 38.1679
49.2026 38.1679
49.2026 38.1679
49.2026 38.1679
49.2026 38.1679
49.2026 38.1679
51.6488 34.7107
51.6488 34.7107
51.6488 34.7107
51.6488 34.7107
51.6488 34.7107
51.6488 34.7107
51.6488 34.7107
51.6488 34.7107
51.6488 34.7107
51.6488 34.7107
51.6488 34.7107
51.6488 34.7107
51.6488 34.7107
51.6488 34.7107
59.6312 39.0206
59.6312 39.0206
59.6312 39.0206
60.4556 38.7188
60.4556 38.7188
60.4556 38.7188
60.4556 38.7188
60.4556 38.7188
60.4556 38.7188
60.4556 38.7188
60.4556 38.7188
60.4556 38.7188
60.4556 38.7188
60.4556 38.7188
60.4556 38.7188
69.9626 28.7501
69.9626 28.7501
69.9626 28.7501
69.9626 28.7501
69.9626 28.7501
70.2496 16.6029
70.2496 16.6029
70.2496 16.6029
70.2496 16.6029
70.2496 16.6029
69.0817 14.503
69.0817 14.503
