0,260,979,627,345,483,243,98,590,835,33,520,70,675,606,117,842,926,594,951,425,553,920,670,387,583,592,143,136,242,334,767,884,29,107,745,466,274,232,932,195,609,967,198,110,190,102,385,850,383,852,420,170,497,450,977,838,684,506,740,204,201,332,372,311,660,648,528,685,25,473,725,928,893,135,889,322,820,983,580,937,813,854,864,477,622,666,158,285,544,845,52,273,823,251,465,742,159,353,494,149,818,837,417,71,83,775,975,579,984,654,620,145,42,318,464,185,817,18,659,319,62,882,156,511,896,177,434,737,202,317,856,584,367,992,816,118,624,911,754,23,313,344,961,851,532,193,690,618,536,140,980,887,40,5,763,541,866,561,774,245,952,516,814,408,206,305,82,389,752,343,53,181,105,309,165,960,231,239,713,569,416,642,795,230,672,392,172,2,807,840,530,72,539,974,375,613,707,548,564,559,449,746,271,766,139,874,448,265,120,954,129,256,96,92,786,738,877,22,773,768,495,871,58,418,916,76,17,44,368,36,28,808,761,288,610,470,223,13,776,631,227,15,409,521,714,491,593,441,973,651,699,50,247,249,469,183,20,918,695,611,696,430,306,833,933,885,753,456,859,321,399,750,138,115,95,711,200,339,364,796,301,547,759,325,431,424,48,815,380,693,169,199,300,106,792,405,1,914,39,868,401,803,628,678,75,316,88,988,718,213,108,304,637,263,905,462,446,712,442,953,944,615,585,827,736,426,386,153,447,982,568,444,557,236,969,436,435,93,90,178,203,546,487,657,556,400,224,830,991,554,955,113,298,560,361,886,374,31,825,719,728,445,680,780,892,240,890,207,219,686,570,607,860,717,433,14,667,948,457,119,427,132,639,946,608,552,275,272,277,747,703,764,694,665,517,346,966,970,502,255,925,411,97,939,381,3,950,81,846,524,630,376,347,799,691,234,551,326,739,635,482,503,479,600,220,162,888,192,927,500,429,924,587,398,130,526,114,701,266,338,196,879,760,122,100,784,734,772,116,972,371,589,527,936,214,849,531,77,131,858,123,805,142,182,771,166,677,708,336,663,403,510,391,422,938,496,341,463,154,57,633,565,303,652,489,34,397,37,770,218,841,542,222,758,47,174,731,373,909,128,212,534,46,312,330,352,125,228,616,78,505,514,990,476,863,10,499,328,86,749,958,384,949,148,985,157,794,4,898,836,423,283,32,87,133,673,641,402,661,899,299,588,258,74,710,331,455,412,366,488,8,362,722,254,741,646,211,963,881,682,629,187,674,812,61,572,348,221,943,702,474,902,602,268,626,787,284,439,704,669,883,407,111,351,573,518,643,310,934,287,26,709,653,363,379,261,822,246,307,65,811,655,11,869,612,834,205,64,354,915,829,824,543,414,783,706,529,549,486,121,700,797,269,151,723,664,438,508,748,525,535,413,388,7,480,989,38,687,619,147,370,839,475,913,705,49,688,876,59,756,324,729,603,79,698,922,302,451,956,329,908,601,981,279,233,382,237,501,56,903,965,640,537,971,662,327,689,604,545,897,733,779,127,54,507,957,929,558,404,365,410,645,459,715,308,225,574,359,175,171,137,163,735,512,923,210,765,778,621,522,912,891,180,901,596,788,599,267,493,21,349,30,804,390,910,89,720,124,732,533,809,104,443,571,757,550,360,244,168,428,99,184,726,697,333,658,167,150,41,146,253,490,454,789,60,226,578,591,872,270,437,73,638,241,16,141,394,252,296,724,878,683,730,614,540,144,189,806,919,649,294,976,743,134,523,894,755,563,215,802,109,855,513,292,562,350,947,895,940,369,91,826,80,453,762,315,632,986,406,582,880,832,460,94,378,415,921,509,769,931,280,800,126,9,179,335,782,248,671,575,259,12,861,229,320,567,636,297,801,987,744,481,152,605,51,395,857,112,727,668,810,208,468,67,515,964,650,962,904,867,432,647,173,440,900,68,340,393,238,907,942,485,847,595,941,478,290,656,798,101,293,968,282,235,396,625,85,216,538,161,791,35,484,519,262,286,577,793,188,84,264,676,617,291,597,281,471,576,906,848,69,716,452,843,498,186,492,66,875,472,63,342,194,461,566,155,623,978,377,43,314,357,644,276,945,870,862,358,355,458,209,164,917,289,27,865,55,356,790,930,634,197,781,19,421,785,257,681,217,679,692,467,191,160,337,586,935,278,250,751,873,844,853,598,831,828,419,555,323,819,6,45,821,295,581,504,777,959,103,721,176,24,
value : 499.512 running time : 59.240852
80 20
85.9144 17.6152
85.9807 17.5885
86.0459 17.5622
86.1123 17.5354
86.1795 17.5083
85.8379 18.508
83.7215 24.7025
81.022 27.9311
78.667 30.7475
78.0231 31.5175
77.221 32.4767
70.043 41.0631
69.9467 41.1782
69.8552 41.2876
69.7667 41.3934
69.692 41.4828
69.6229 41.5654
69.557 41.6442
75.0603 47.53
75.1034 47.5761
75.1449 47.6204
75.1881 47.6666
75.2272 47.7085
75.2742 47.7587
75.3149 47.8022
75.3539 47.8439
75.3943 47.8871
75.4441 47.9403
75.4862 47.9854
75.5226 48.0243
75.5226 48.0243
78.6477 50.0985
79.2124 50.4735
79.9311 50.9507
79.6088 50.9122
79.6088 50.9122
79.6088 50.9122
79.6088 50.9122
79.425 51.335
79.2418 51.7563
79.0492 52.1992
78.6843 53.0388
78.3186 53.8802
77.9201 54.7975
77.9201 54.7975
78.7877 55.7682
80.7936 58.0122
80.8931 58.1235
81.01 58.2543
81.1142 58.3709
81.2214 58.4908
83.1595 60.659
84.7683 62.4588
84.8827 63.7353
84.913 64.0741
84.9458 64.4396
85.0606 65.7202
85.1996 67.2721
85.4884 70.4943
85.5146 70.7869
85.5398 71.0685
85.8234 74.2332
86.3383 79.9777
86.0677 80.398
85.7724 80.8568
85.3572 81.5018
84.9937 82.0665
84.5344 82.78
84.0551 83.5247
82.9655 85.2171
81.9458 86.8011
80.9718 88.314
80.6761 88.2948
80.3946 88.2765
80.1924 88.2634
79.9261 88.2461
79.6287 88.2267
79.3363 88.2077
76.7809 88.0418
76.3628 87.9105
76.0334 87.8071
75.7131 87.7065
75.3834 87.6029
75.0458 87.4969
74.9679 87.4725
74.897 87.4502
74.8212 87.4264
74.7456 87.4027
74.6704 87.379
74.5964 87.3558
74.5241 87.3331
74.4559 87.3117
74.4559 87.3117
74.4559 87.3117
74.4559 87.3117
74.4559 87.3117
74.4559 87.3117
74.4559 87.3117
74.4559 87.3117
74.4559 87.3117
73.5421 85.4165
72.8423 83.9649
72.5325 83.3224
72.2133 82.6602
71.9163 82.0443
71.6363 81.4635
71.339 80.8468
70.1915 81.7405
68.0294 83.4239
67.4074 83.9084
65.1728 85.6485
65.1647 85.6547
65.1563 85.6613
65.1483 85.6676
63.4437 85.985
61.8159 86.2882
60.4283 86.5466
58.4357 86.9177
55.4345 87.4768
54.5719 87.6375
53.8689 87.7684
53.1671 87.8991
53.1303 87.906
53.0963 87.9123
53.0641 87.9183
53.0324 87.9242
52.9955 87.9311
52.9627 87.9372
52.9294 87.9434
52.8964 87.9496
52.8605 87.9563
52.825 87.9629
52.7885 87.9697
52.7545 87.9761
52.7134 87.9837
52.6695 87.9919
52.6258 88.0001
52.5839 88.0079
52.5281 88.0183
52.4718 88.0288
52.4145 88.0395
52.3554 88.0505
51.2236 88.2108
50.8766 88.26
50.5068 88.3124
50.1826 88.3584
49.8852 88.4005
49.5574 88.447
49.2247 88.4941
48.9114 88.5385
48.5871 88.5845
48.2405 88.6336
47.8389 88.6905
47.3971 88.7531
47.0293 88.8052
46.693 88.8529
46.3442 88.9023
46.0177 88.9486
45.7165 88.9913
45.3992 89.0362
45.0509 89.0856
44.653 89.142
44.2446 89.1998
43.8397 89.2572
43.3971 89.3199
42.9856 89.3782
42.5573 89.4389
42.0895 89.5052
41.6164 89.5722
41.2925 89.6181
40.9274 89.6699
40.5843 89.7185
40.2604 89.7644
39.8417 89.8237
39.4346 89.8814
38.9602 89.9486
38.9602 89.9486
38.9602 89.9486
38.9602 89.9486
38.9602 89.9486
38.9602 89.9486
38.9602 89.9486
38.889 89.9441
38.8294 89.9404
38.769 89.9366
38.7147 89.9332
38.6607 89.9297
38.6057 89.9263
38.5562 89.9232
38.5038 89.9198
38.4533 89.9167
38.3918 89.9128
38.3359 89.9093
38.277 89.9055
38.2213 89.902
38.1601 89.8982
38.1026 89.8945
38.0492 89.8912
37.9988 89.888
37.9452 89.8846
37.8862 89.8809
37.8286 89.8773
37.6588 89.8666
37.5102 89.8572
37.3501 89.8471
37.1989 89.8375
36.3503 89.784
35.4725 89.7286
34.3225 89.6561
33.2982 89.5915
32.9012 89.5665
32.4187 89.536
31.9359 89.5056
31.4767 89.4766
31.0078 89.447
30.5648 89.4191
29.9699 89.3815
29.2828 89.3382
28.4131 89.2834
27.4927 89.2253
26.7834 89.1806
26.658 89.1727
26.5377 89.1651
26.4232 89.1579
26.3011 89.1502
26.1983 89.1437
26.085 89.1365
25.9844 89.1302
25.8819 89.1237
25.7847 89.1176
25.6867 89.1114
25.5891 89.1052
25.4756 89.0981
25.3651 89.0911
25.2657 89.0848
25.168 89.0787
25.0445 89.0709
24.847 89.0584
24.6677 89.0471
24.5167 89.0376
24.3433 89.0267
24.2001 89.0177
24.0733 89.0097
23.9395 89.0012
23.8036 88.9927
23.6684 88.9841
23.5318 88.9755
23.3936 88.9668
23.2475 88.9576
23.1262 88.9499
22.9916 88.9415
22.8845 88.9347
22.7674 88.9273
22.7631 88.927
22.7586 88.9268
22.7543 88.9265
22.7502 88.9262
22.6834 88.922
22.6071 88.9173
22.5379 88.9129
22.0596 88.883
21.5665 88.8521
20.9567 88.8139
20.204 88.7667
19.427 88.718
18.6639 88.6702
17.8383 88.6184
17.0113 88.5665
16.0144 88.5039
14.9402 88.4362
14.9004 88.4337
14.8625 88.4313
14.8625 88.4313
14.8625 88.4313
14.8625 88.4313
14.8625 88.4313
14.8625 88.4313
14.8625 88.4313
14.8625 88.4313
14.8625 88.4313
13.9768 88.5996
13.2486 88.7379
12.7927 88.8246
12.6841 88.8452
12.5776 88.8654
12.4456 88.8905
12.2742 88.9231
12.1037 88.9554
11.9342 88.9877
11.7841 89.0162
11.6341 89.0447
11.4926 89.0716
11.344 89.0998
11.2323 89.121
11.1204 89.1423
11.0136 89.1626
10.9081 89.1826
10.795 89.2041
10.6829 89.2254
10.5748 89.2459
10.4745 89.265
10.3764 89.2836
10.2774 89.3024
10.1733 89.3222
10.0751 89.3409
9.99439 89.3562
9.90949 89.3723
9.79822 89.3935
9.80218 89.3565
9.80567 89.3241
9.81061 89.278
9.8151 89.2362
9.81972 89.1931
9.82426 89.1508
9.82885 89.1081
9.83298 89.0695
9.8374 89.0283
9.84169 88.9884
9.84608 88.9474
9.85058 88.9055
9.85547 88.8599
9.85968 88.8207
9.86314 88.7885
9.86705 88.752
9.87169 88.7087
9.8761 88.6676
9.87998 88.6315
9.88406 88.5935
9.88808 88.556
9.89236 88.5161
9.89645 88.478
9.90087 88.4369
9.90494 88.3989
9.90895 88.3616
9.91355 88.3186
9.91854 88.2721
9.92268 88.2335
10.0501 87.0463
10.1685 85.9429
10.2526 85.1591
10.3297 84.4407
10.4056 83.7334
10.4841 83.0023
10.5503 82.3851
10.6057 81.8696
10.6591 81.3719
10.7033 80.9595
10.7238 80.7689
10.7455 80.5663
10.7664 80.3719
10.7877 80.1735
10.8107 79.9587
10.8313 79.7675
10.8507 79.5867
10.8713 79.3945
10.8895 79.2251
10.9092 79.0411
10.9283 78.863
10.949 78.6707
10.9685 78.4888
10.9924 78.2661
11.017 78.0365
11.038 77.8411
11.0549 77.6835
11.0734 77.5114
11.0947 77.3132
11.1163 77.1116
11.1391 76.8993
11.1594 76.7093
11.1776 76.5401
11.1948 76.3801
11.2147 76.1943
11.2324 76.0296
11.2519 75.8475
11.2672 75.7047
11.2852 75.5369
11.301 75.3898
11.3166 75.2449
11.3318 75.1034
11.3486 74.9466
11.3644 74.7991
11.3796 74.6571
11.388 74.5794
11.3962 74.5026
11.4051 74.4197
11.518 73.368
11.5895 72.7015
11.6465 72.1711
11.7018 71.6561
11.7606 71.1077
11.8082 70.6647
11.8505 70.2705
11.8783 70.0113
11.9087 69.7285
11.94 69.437
11.9711 69.1473
12.0052 68.8298
12.0422 68.4851
12.0767 68.1639
12.1124 67.8311
12.1498 67.4823
12.1498 67.4823
12.1498 67.4823
12.1498 67.4823
12.1498 67.4823
12.1498 67.4823
12.1498 67.4823
12.1498 67.4823
12.1498 67.4823
12.1498 67.4823
12.1498 67.4823
12.1498 67.4823
12.1498 67.4823
12.2913 67.4478
12.4527 67.4084
12.5745 67.3787
12.7212 67.3429
12.8723 67.3061
13.0125 67.2719
13.1571 67.2366
13.2703 67.209
13.3872 67.1805
13.5178 67.1486
13.6444 67.1178
13.76 67.0896
13.8707 67.0626
13.9942 67.0324
14.0001 67.031
14.007 67.0293
14.0131 67.0278
14.0196 67.0263
14.0262 67.0247
14.0326 67.0231
14.0326 67.0231
14.0326 67.0231
14.0326 67.0231
14.0326 67.0231
14.0326 67.0231
14.0326 67.0231
13.3997 65.5084
12.7175 63.8757
12.1025 62.4034
11.4011 60.7249
10.7337 59.1276
10.5741 58.7455
10.4383 58.4202
10.2919 58.0697
10.109 57.6318
9.88931 57.1059
9.88931 57.1059
9.88931 57.1059
9.94083 57.0638
9.989 57.0245
10.0388 56.9839
10.085 56.9462
10.1322 56.9076
10.1807 56.8681
10.2323 56.826
11.2223 56.0177
12.2937 55.1429
13.1365 54.4549
13.324 54.3018
13.527 54.1361
13.713 53.9844
13.8979 53.8335
14.0474 53.7114
14.25 53.5461
14.4509 53.3821
14.7959 53.1005
15.1484 52.8128
15.444 52.5715
15.6961 52.3657
15.6658 52.2562
15.6369 52.1514
15.6054 52.0374
15.5717 51.9153
15.5397 51.7997
15.5093 51.6897
15.4804 51.5848
15.4526 51.4844
15.4268 51.3909
15.3985 51.2886
15.3683 51.1793
15.3385 51.0711
15.3126 50.9774
15.2898 50.8949
14.6912 48.7277
14.494 48.3957
14.286 48.0454
14.1196 47.7653
13.9239 47.4357
13.7332 47.1145
13.5329 46.7771
13.3425 46.4565
13.1355 46.108
12.9287 45.7596
12.6958 45.3675
12.488 45.0175
12.2706 44.6514
12.0402 44.2633
11.8408 43.9276
11.6567 43.6175
11.4462 43.263
11.2602 42.9499
11.0793 42.6452
10.9225 42.3812
10.7223 42.044
10.5306 41.7212
10.3346 41.3911
10.1394 41.0625
9.91764 40.6889
9.58883 40.1352
9.58459 40.1281
9.58006 40.1204
9.5748 40.1116
9.56964 40.1029
9.56441 40.0941
9.55924 40.0854
9.55431 40.0771
9.55431 40.0771
9.55431 40.0771
9.55431 40.0771
9.55431 40.0771
9.55431 40.0771
9.55431 40.0771
9.55431 40.0771
9.99642 35.9594
10.0935 35.0528
10.163 34.4042
10.2172 33.8983
10.2648 33.4531
10.3227 32.9127
10.3831 32.3482
10.5035 31.225
10.6372 29.9764
10.7687 28.7495
10.8829 27.6831
10.9842 26.737
11.0729 25.9085
11.1567 25.1268
11.2333 24.4115
11.3167 23.6326
11.3832 23.0116
11.4525 22.3641
11.5338 21.6045
11.6269 20.7351
11.7247 19.8227
11.839 18.7552
11.9525 17.6956
12.0593 16.699
12.0704 16.5948
12.0803 16.5029
12.0914 16.3987
12.1006 16.3132
12.11 16.2251
12.1202 16.1301
12.13 16.0383
12.1389 15.9561
12.1505 15.8476
12.16 15.7588
12.1699 15.6662
12.1788 15.5827
12.1894 15.4846
12.2003 15.3822
12.5471 15.5046
12.9742 15.6553
16.0297 16.5335
20.5371 17.829
20.5371 17.829
20.5371 17.829
20.5371 17.829
20.5371 17.829
20.5371 17.829
20.5371 17.829
24.671 16.7958
27.2046 16.1623
27.8446 15.9751
28.5508 15.7685
29.3944 15.5218
30.1018 15.3149
30.826 15.1031
31.4955 14.9073
32.0878 14.734
32.6673 14.5645
33.2594 14.3913
33.8281 14.225
33.3758 15.7316
32.9987 16.9881
32.6172 18.2588
32.6003 18.3151
32.5804 18.3814
32.5607 18.4472
32.5437 18.5038
32.1774 19.7251
31.6346 21.5345
31.2324 22.8755
30.8145 24.2687
30.3826 25.7086
29.7776 27.7254
29.0839 30.0383
28.8508 30.8155
28.6549 31.4685
28.6173 31.5938
28.5842 31.7041
28.5495 31.8197
28.5172 31.9274
28.4815 32.0465
28.4503 32.1506
28.2743 32.7372
28.089 33.355
27.8689 34.0889
27.6596 34.7867
27.3569 35.7957
27.238 36.1921
27.126 36.5656
27.0263 36.8979
26.9342 37.205
26.836 37.5322
26.7359 37.866
26.6236 38.2405
26.4959 38.6663
26.6733 39.5071
26.794 40.0787
26.8129 40.1679
26.8331 40.2639
26.8531 40.3584
26.8738 40.4566
26.8945 40.5549
26.9139 40.6468
26.9338 40.7408
26.9531 40.8322
26.9726 40.9248
26.9906 41.01
27.0091 41.0978
27.0281 41.1875
27.2496 43.8812
27.3685 45.3267
27.4917 46.8238
27.6639 48.9169
27.8686 51.4063
28.0616 53.7531
28.0696 53.8503
28.077 53.9397
28.0853 54.0401
28.0938 54.1444
28.1022 54.2455
28.1105 54.3463
28.1189 54.4486
28.1275 54.5533
28.1361 54.6574
28.1445 54.7591
28.1531 54.8647
28.1614 54.9649
28.1697 55.0656
28.1776 55.1614
28.1864 55.2687
28.1943 55.3642
28.2027 55.4669
28.2109 55.5656
28.2193 55.6685
28.2254 55.7419
28.2326 55.8294
28.2326 55.8294
28.2326 55.8294
28.5061 56.9177
28.7858 58.0306
29.0554 59.1033
29.3628 60.3261
29.6214 61.3551
29.8261 62.1699
30.0253 62.9626
30.2141 63.7143
30.4237 64.5485
30.4237 64.5485
30.4237 64.5485
30.6559 64.3496
30.8915 64.1479
31.2158 63.8703
31.8546 63.3236
32.4078 62.8502
33.22 62.1554
34.0253 61.4665
34.0253 61.4665
34.0253 61.4665
34.0253 61.4665
34.0253 61.4665
34.0253 61.4665
34.0253 61.4665
34.0253 61.4665
34.0253 61.4665
34.0253 61.4665
34.0253 61.4665
34.0253 61.4665
34.0253 61.4665
34.0253 61.4665
34.0253 61.4665
34.0253 61.4665
34.2377 61.2432
34.4647 61.0045
34.6828 60.7751
34.9124 60.5337
35.1645 60.2686
35.4104 60.0101
37.3468 57.973
37.3468 57.973
37.246 58.209
37.1368 58.4649
37.044 58.6823
36.9397 58.9267
36.8325 59.1778
36.6981 59.4927
36.5764 59.7776
36.4483 60.0779
36.1909 60.6807
35.9767 61.1824
35.7847 61.6322
35.5945 62.0778
35.4258 62.473
35.249 62.8872
35.059 63.3322
34.8915 63.7245
34.7512 64.0533
34.594 64.4214
34.4168 64.8366
34.2515 65.2239
34.1023 65.5733
33.7674 66.3578
33.4589 67.0805
33.3414 67.3558
33.1675 67.7632
32.9169 68.35
32.3323 69.7195
30.634 73.6978
30.1595 74.8093
29.5749 76.1787
29.1409 77.1952
28.7518 78.1068
28.7011 78.2256
28.8872 78.324
29.1077 78.4407
29.2925 78.5384
29.4936 78.6448
29.8052 78.8096
30.2937 79.068
30.7864 79.3287
31.3019 79.6013
31.9712 79.9554
32.6255 80.3015
32.8551 80.2728
33.0908 80.2433
33.1705 80.2085
33.2584 80.1702
33.3566 80.1274
33.4462 80.0883
33.5377 80.0484
33.6308 80.0078
33.7085 79.9739
33.8015 79.9334
33.8842 79.8973
33.9683 79.8606
34.047 79.8263
34.12 79.7945
34.5904 79.5894
35.0916 79.3709
35.5505 79.1708
36.097 78.9325
36.7303 78.6564
37.3573 78.383
37.9801 78.1115
38.9118 77.7053
39.7828 77.3255
40.7884 76.8871
40.7884 76.8871
41.0412 76.8532
41.2933 76.8195
41.5359 76.7871
41.7699 76.7558
42.0069 76.7241
42.2895 76.6863
43.6267 76.5071
45.0982 76.3097
46.665 76.0996
48.2077 75.8926
48.2077 75.8926
48.2077 75.8926
48.2077 75.8926
48.2077 75.8926
48.2077 75.8926
48.2077 75.8926
48.2077 75.8926
48.2077 75.8926
48.2077 75.8926
48.2077 75.8926
48.2077 75.8926
48.4603 75.9058
48.7114 75.9188
49.005 75.9342
49.2611 75.9475
49.5191 75.9609
49.7791 75.9745
49.9954 75.9858
50.2158 75.9973
50.4383 76.0089
51.4836 76.0634
52.5832 76.1207
52.6311 76.1785
52.6751 76.2318
52.7201 76.2862
52.7701 76.3466
52.8135 76.3991
52.8607 76.4561
52.9034 76.5077
52.9469 76.5603
52.9907 76.6133
53.0387 76.6713
53.0823 76.724
53.1217 76.7717
53.1643 76.8231
53.2072 76.875
53.2543 76.9319
53.296 76.9822
53.3367 77.0315
53.3796 77.0833
53.4216 77.1341
53.4675 77.1896
53.5111 77.2423
53.5529 77.2929
53.5961 77.3451
53.6412 77.3996
53.6894 77.4579
53.7346 77.5124
53.7765 77.563
53.8172 77.6122
53.8575 77.661
53.9026 77.7155
56.6744 77.8905
56.9356 77.4362
57.2276 76.9284
57.5191 76.4215
57.8178 75.9021
58.093 75.4235
58.2981 75.0669
60.9686 69.2134
60.9686 69.2134
60.9686 69.2134
60.9686 69.2134
60.9788 69.1312
60.989 69.0488
60.9992 68.9672
61.0096 68.883
61.0199 68.8005
61.029 68.7267
61.0388 68.648
61.0482 68.5722
61.0577 68.496
61.067 68.4208
61.0761 68.348
61.0846 68.2794
61.0934 68.2085
61.1028 68.1331
61.112 68.0591
61.1222 67.9768
61.1312 67.9043
61.1407 67.8279
61.15 67.7528
61.2011 67.3405
61.2491 66.9533
61.2986 66.5536
61.3492 66.1456
61.4001 65.7342
61.4496 65.3351
61.488 65.0251
61.5209 64.7594
61.5621 64.4274
61.603 64.0969
61.3729 64.0119
61.1468 63.9284
60.7902 63.7968
58.2532 62.8598
56.9656 62.3844
56.5696 62.2382
56.1421 62.0804
55.7253 61.9266
55.3171 61.7758
54.9669 61.6466
54.5957 61.5096
54.217 61.3698
53.8417 61.2312
53.4961 61.1036
53.0809 60.9504
52.6782 60.8017
52.2807 60.655
51.8509 60.4963
51.5281 60.3772
51.1944 60.254
50.8727 60.1352
50.5333 60.0099
50.1872 59.8822
49.8368 59.7528
49.4663 59.616
49.0502 59.4624
48.6991 59.3328
48.3663 59.2099
47.9424 59.0534
48.1874 58.0185
48.418 57.0451
48.6494 56.0678
48.911 54.9632
49.4182 52.8214
49.5508 52.2613
49.6722 51.7486
49.7878 51.2607
49.8741 50.8962
49.952 50.5676
50.0295 50.2401
50.121 49.854
50.2171 49.4481
50.3147 49.036
50.3957 48.6941
50.4723 48.3704
50.5528 48.0305
50.6262 47.7208
50.7019 47.4013
50.7776 47.0815
50.9339 46.4215
51.0759 45.8218
51.2166 45.2278
51.3772 44.5496
51.5328 43.8926
51.6575 43.3661
51.7782 42.8562
51.7782 42.8562
51.7782 42.8562
51.5125 42.3726
51.2565 41.9066
50.9721 41.389
50.6741 40.8465
50.4258 40.3945
50.1265 39.8496
49.8284 39.3071
49.5101 38.7277
49.2592 38.271
49.232 38.2215
49.2026 38.1679
49.2026 38.1679
49.2026 38.1679
49.2026 38.1679
49.2026 38.1679
49.2026 38.1679
49.2026 38.1679
49.2026 38.1679
49.2026 38.1679
49.2026 38.1679
48.9356 38.0147
48.6625 37.8579
48.4218 37.7198
48.1693 37.5749
47.963 37.4565
47.7291 37.3222
42.0417 34.0579
42.2391 33.4581
42.4729 32.7475
42.6835 32.1075
42.9143 31.406
43.1568 30.6691
43.1568 30.6691
43.1568 30.6691
43.1568 30.6691
44.9082 30.6909
46.5381 30.7112
47.7394 30.7262
48.862 30.7403
49.9211 30.7535
59.4367 30.8684
59.4367 30.8684
59.4367 30.8684
59.4367 30.8684
60.7154 30.8929
62.7741 30.9325
63.1179 29.9132
63.3855 29.12
63.6492 28.3384
64.157 26.833
64.9811 24.3903
65.6625 22.3704
66.2094 20.7491
66.7386 19.1806
67.1963 17.8237
68.1609 14.9645
69.6327 15.5905
71.0636 16.1991
73.3401 17.1674
