0,260,979,345,243,627,483,103,721,176,295,504,24,598,581,777,377,634,785,55,781,819,959,831,355,828,6,27,821,675,45,314,670,466,358,102,644,606,70,425,920,323,143,29,926,668,485,117,767,334,152,727,286,942,647,867,68,186,577,216,35,625,293,810,453,396,743,85,84,238,650,440,67,907,190,842,471,676,576,621,161,492,264,791,804,370,188,798,968,282,101,964,194,217,519,472,155,923,66,843,848,342,623,498,127,945,69,210,452,281,732,597,63,461,262,43,906,250,844,19,751,458,681,978,594,865,935,209,197,875,870,276,790,357,930,257,419,653,467,934,289,421,555,873,164,822,692,716,989,783,512,778,388,508,356,917,706,522,862,480,38,748,278,687,529,7,853,414,771,78,397,876,37,30,302,180,566,922,413,147,267,11,151,49,269,913,525,756,543,891,237,981,603,858,438,619,403,507,688,972,475,599,545,510,423,59,535,758,956,279,846,524,565,222,542,505,352,336,382,633,57,698,476,148,708,123,616,908,451,705,324,391,174,990,770,797,664,655,723,384,142,283,10,949,652,829,869,700,205,985,836,612,549,663,228,496,65,811,125,602,307,915,643,787,661,474,439,943,379,284,354,834,221,626,261,160,679,586,486,191,121,254,824,709,64,310,883,337,573,111,407,704,26,287,518,899,246,351,702,669,488,363,8,641,629,812,881,722,187,362,61,366,348,588,741,74,331,258,268,299,211,646,682,902,673,402,674,412,32,86,898,963,455,710,328,731,499,514,863,330,4,572,87,794,312,133,749,47,489,212,958,46,534,182,157,214,166,841,128,154,463,341,303,218,734,100,373,531,948,686,717,482,234,677,966,371,116,527,909,936,938,680,233,114,764,3,589,398,445,192,691,925,196,879,760,939,805,849,122,411,376,799,119,747,219,207,500,255,277,607,503,338,321,81,347,77,329,784,703,578,487,739,950,796,296,469,50,699,526,600,275,162,93,991,361,443,955,639,14,427,970,860,665,759,381,890,728,657,433,517,263,153,554,203,31,667,694,90,298,178,944,570,615,75,401,224,436,426,547,447,364,815,240,780,399,546,95,431,719,495,914,556,108,316,792,1,300,374,905,301,551,886,169,988,457,444,693,568,973,48,803,892,442,637,718,446,325,213,17,380,711,405,39,827,585,435,106,969,236,736,868,982,678,830,953,168,249,750,441,456,696,871,593,628,13,138,304,491,199,695,200,918,761,76,786,73,253,714,115,424,306,150,631,20,430,96,368,288,183,15,386,462,776,712,247,227,44,833,557,490,611,613,885,36,753,795,859,768,521,933,28,409,651,271,231,610,773,82,960,738,129,72,470,548,230,840,638,416,189,662,375,22,141,866,516,172,415,292,392,707,206,40,569,120,874,713,449,265,448,105,882,156,541,763,877,92,752,139,239,53,808,343,766,165,539,309,618,511,814,389,974,559,434,961,5,118,624,202,532,320,181,530,408,754,896,335,774,851,567,12,259,952,367,746,23,856,911,584,980,177,185,42,464,344,273,563,294,62,319,305,807,564,642,562,280,536,614,394,540,672,193,437,954,2,223,404,241,561,144,163,256,872,806,591,428,339,270,124,976,21,608,501,604,327,146,919,58,16,99,789,726,88,916,697,184,41,167,418,924,888,550,560,658,825,971,97,244,360,60,757,326,730,333,927,113,946,701,220,502,346,400,429,897,479,34,266,772,689,635,720,901,571,903,587,132,537,272,131,130,630,422,965,601,552,454,308,957,79,839,493,137,89,640,349,735,733,788,729,929,912,390,350,855,533,878,809,291,410,779,225,104,715,765,365,645,574,80,683,596,459,558,54,484,523,175,56,171,359,861,724,910,649,226,252,215,940,769,857,315,921,762,636,617,94,755,513,235,894,134,793,468,986,208,880,109,248,112,91,800,782,632,582,9,987,460,51,575,378,801,395,229,432,895,802,140,947,690,406,369,826,245,179,126,671,659,290,832,71,887,622,823,845,666,353,816,145,984,317,742,494,813,251,992,544,854,285,931,158,465,18,297,737,477,620,313,52,135,149,318,580,817,983,928,820,322,725,893,660,25,889,473,372,204,740,685,332,311,450,83,837,818,648,864,417,159,775,481,937,900,605,509,744,538,420,515,478,173,393,654,340,904,962,383,847,595,975,579,201,385,110,387,583,656,852,528,941,977,884,107,951,136,198,170,553,497,838,967,850,506,242,932,684,520,592,195,274,232,745,609,33,835,98,590,
value : 547.923 running time : 44.533472
80 20
83.0309 16.7097
83.4746 16.2282
83.8502 15.8207
84.122 15.5257
84.3401 15.2891
84.3401 15.2891
69.7202 14.1215
69.3532 15.1192
68.8813 16.4022
68.3429 17.8661
67.9121 19.0372
67.5004 20.1567
67.1094 21.2196
66.7257 22.263
66.3005 23.4189
63.8778 30.0107
63.4428 31.1934
63.1692 31.937
63.2448 32.2869
63.326 32.6626
63.4073 33.0388
63.5045 33.4883
63.6219 34.0318
63.7543 34.6449
63.8879 35.2635
64.0267 35.9059
64.2038 36.7265
64.4256 37.7541
64.6651 38.8645
64.9045 39.974
65.1544 41.1325
65.4096 42.3155
65.6453 43.4076
65.8809 44.4992
66.1402 45.7023
66.302 46.4516
66.4657 47.2093
66.6374 48.0045
66.8066 48.788
66.9572 49.4856
66.7437 50.0402
66.4921 50.6936
66.239 51.3512
65.1724 54.1268
64.4311 56.0556
64.4306 56.0568
64.4302 56.058
64.4296 56.0594
64.4291 56.0607
62.8696 60.0917
62.5246 60.985
62.2919 60.8663
62.1082 60.7726
61.924 60.6786
61.7433 60.5864
61.3653 60.3936
60.9342 60.1737
60.6315 60.0192
60.3592 59.8803
60.1264 59.7615
59.8975 59.6447
59.672 59.5296
59.4427 59.4127
59.2127 59.2953
59.0223 59.1981
58.836 59.1031
58.6646 59.0157
58.5062 58.9348
58.3525 58.8564
58.1879 58.7724
57.9597 58.6559
57.7385 58.5431
57.3074 58.3231
56.8576 58.0936
56.3014 57.8098
52.9153 56.0834
52.2547 55.7464
51.7519 55.4899
51.6637 55.4449
51.5827 55.4036
51.4927 55.3576
51.4058 55.3133
51.3276 55.2734
51.2332 55.2253
51.1975 55.0604
51.1672 54.9203
51.1378 54.7848
51.1071 54.6432
51.0482 54.3711
50.9809 54.0608
50.9165 53.7636
50.8121 53.2815
50.7398 52.9476
50.7113 52.8161
50.6803 52.6734
50.6507 52.5365
50.6258 52.4216
50.5959 52.2838
50.5959 52.2838
50.5959 52.2838
50.5959 52.2838
50.5959 52.2838
50.5959 52.2838
50.5959 52.2838
50.5959 52.2838
50.5959 52.2838
50.5959 52.2838
50.5959 52.2838
50.5959 52.2838
50.5959 52.2838
50.7183 51.2547
50.8645 50.0254
50.9853 49.0099
51.2158 47.0731
51.4753 44.894
51.6711 43.2484
51.8587 41.6723
51.863 41.6358
51.8676 41.5971
51.8719 41.5611
51.8759 41.5272
51.8801 41.4924
51.8838 41.4607
51.8882 41.4238
51.8932 41.3822
51.8975 41.3458
51.9019 41.3083
51.9019 41.3083
51.9019 41.3083
51.9019 41.3083
51.9019 41.3083
51.9019 41.3083
51.9019 41.3083
49.4571 37.7776
47.9654 35.625
45.4435 31.9835
44.0051 29.9054
43.764 30.204
43.5496 30.4695
43.3289 30.7429
43.0925 31.0356
42.8801 31.2986
42.6164 31.6252
42.2476 32.082
41.6785 32.7867
40.9101 33.7383
40.2917 34.5042
38.4811 36.7461
37.3408 38.1581
36.541 39.1486
36.0251 39.7876
35.8128 40.0504
35.6107 40.3008
35.4358 40.5174
35.2486 40.7493
35.0467 40.9994
34.85 41.2429
34.673 41.4621
34.4855 41.6944
34.2822 41.9461
34.0947 42.1784
33.9212 42.3933
33.6346 42.7482
33.3598 43.0886
33.0545 43.4668
32.7355 43.8618
31.4635 45.4369
30.0781 47.1525
30.0597 47.1752
29.8821 47.8025
29.7001 48.4457
29.516 49.0958
29.3244 49.7729
29.3244 49.7729
29.3244 49.7729
29.3244 49.7729
29.1316 49.8212
28.9241 49.8732
28.7245 49.9232
28.5156 49.9755
28.3175 50.0252
28.1317 50.0717
27.9359 50.1207
27.7151 50.1761
27.4892 50.2327
27.2683 50.288
27.0552 50.3414
26.8456 50.3939
26.6478 50.4435
26.4353 50.4967
25.9865 50.6092
25.6277 50.6991
25.2274 50.7994
24.8851 50.8851
24.5373 50.9722
24.1175 51.0774
23.7215 51.1767
23.3332 51.2739
22.8949 51.3838
22.5855 51.4613
22.2639 51.5418
21.4521 51.7453
20.5614 51.9685
19.5278 52.2276
19.3778 52.3369
19.2348 52.4411
19.0664 52.5637
18.8943 52.6891
18.7274 52.8107
18.5583 52.9339
18.5583 52.9339
18.4217 52.8657
18.2856 52.7979
18.1702 52.7404
18.0598 52.6853
17.9578 52.6345
17.8597 52.5856
17.7629 52.5373
17.2077 52.2607
16.5695 51.9426
16.1159 51.7165
15.6326 51.4757
15.1616 51.241
14.6792 51.0006
14.8084 50.7834
14.9322 50.5755
15.0499 50.3779
15.1592 50.1943
15.4857 49.6455
15.8806 48.9815
16.2754 48.3176
16.6703 47.6538
17.0562 47.0048
17.4435 46.3538
17.8406 45.6861
18.22 45.0481
18.4031 44.7405
18.581 44.4415
18.7525 44.1534
18.9581 43.8081
19.1647 43.4609
19.3673 43.1205
19.5693 42.781
19.7704 42.4432
20.1188 41.8572
20.4273 41.3387
20.6387 40.9834
20.8541 40.6217
21.0578 40.2794
22.1012 38.5728
22.2676 38.3006
22.43 38.0351
22.5741 37.7993
22.7405 37.5271
22.971 37.1502
23.6308 36.0709
24.2922 34.9892
24.9386 33.9319
25.8451 32.4494
26.5998 31.215
27.1412 30.3294
27.6537 29.4912
27.6537 29.4912
27.6537 29.4912
27.7951 29.2715
27.9371 29.0509
28.072 28.8411
28.2179 28.6145
28.3617 28.3911
28.4986 28.1783
28.6375 27.9625
28.7783 27.7436
28.9223 27.5199
29.057 27.3107
29.178 27.1225
29.2985 26.9353
29.5833 26.4928
29.6856 26.1015
29.805 25.6446
29.9694 25.0153
30.2861 23.8033
30.4997 22.9859
30.7389 22.0702
30.9993 21.0738
31.2579 20.084
31.4692 19.2751
31.6796 18.4698
31.8877 17.6736
32.0744 16.9591
32.2858 16.1501
32.458 15.491
32.6297 14.8341
32.8362 14.0436
33.0231 13.3285
25.6735 13.6779
25.2972 13.6956
24.9192 13.7134
24.4905 13.7336
24.0773 13.7531
23.6308 13.7741
23.2433 13.7923
20.5914 13.9173
17.897 14.0444
15.2023 14.1714
13.7271 14.2409
13.7045 14.3686
13.6821 14.4951
12.7248 19.8922
12.7014 20.0665
12.6786 20.2363
12.6549 20.4132
12.63 20.5984
12.6045 20.789
12.5775 20.9901
12.5506 21.1901
12.5274 21.3634
12.5042 21.5363
12.4819 21.7022
12.4616 21.8536
12.4429 21.9932
12.4213 22.1539
12.3511 22.6771
12.2696 23.2846
12.1815 23.9418
12.095 24.5866
12.0056 25.2531
11.7605 27.0827
11.282 30.6582
11.2186 31.1307
11.1581 31.5815
11.0961 32.0438
11.0104 32.6823
10.8542 33.8483
10.6706 35.2182
10.6304 35.5184
10.5945 35.7858
10.5819 35.8794
10.5677 35.9853
10.5548 36.0813
10.5433 36.1669
10.5296 36.2694
10.5134 36.3899
10.4977 36.507
10.3369 37.7073
10.1806 38.8734
9.93279 40.7266
9.71868 42.3257
9.60753 43.1546
9.50464 43.9216
9.4003 44.6996
9.28895 45.5301
9.16962 46.4204
9.05024 47.3109
8.93069 48.2026
8.81829 49.041
8.71602 49.8036
8.62043 50.5162
8.52205 51.2497
8.41638 52.0377
8.30228 52.8887
8.18046 53.7974
8.04882 54.7797
7.91366 55.7882
7.77936 56.7904
7.70267 57.362
7.62201 57.9634
7.52215 58.7084
7.42603 59.4254
7.38692 59.7168
7.38692 59.7168
7.38692 59.7168
7.38692 59.7168
7.38692 59.7168
7.38692 59.7168
7.38692 59.7168
7.38692 59.7168
8.18975 59.7777
8.99221 59.8387
9.84082 59.9032
10.6562 59.9653
10.6187 60.1175
10.5886 60.2393
10.5411 60.4324
10.4969 60.6117
10.4492 60.8051
10.405 60.9847
10.3571 61.179
10.312 61.3622
10.312 61.3622
10.312 61.3622
10.312 61.3622
10.312 61.3622
10.312 61.3622
10.312 61.3622
10.312 61.3622
10.312 61.3622
10.312 61.3622
10.312 61.3622
10.4463 62.4604
10.5717 63.4879
10.6945 64.494
10.8095 65.4355
10.921 66.3496
11.0414 67.3351
11.164 68.3388
11.1947 68.3755
11.2194 68.4049
11.2474 68.4384
11.2762 68.4727
11.3066 68.509
11.3345 68.5423
11.3632 68.5766
11.3882 68.6064
11.4117 68.6344
11.9293 69.2523
12.5822 70.0319
13.2525 70.8323
14.0878 71.8299
15.1112 73.0535
15.6724 73.7236
16.2307 74.3901
16.9675 75.2701
17.7228 76.172
18.4636 77.0568
18.3121 77.0666
18.1616 77.0764
16.7504 77.1687
16.3745 77.1931
15.9518 77.2206
15.4871 77.2508
14.9137 77.2882
14.3464 77.3251
13.7837 77.3618
13.3119 77.3924
12.8069 77.4253
12.2249 77.4633
11.6592 77.5001
11.179 77.5314
10.934 77.5473
10.7002 77.5625
10.4311 77.58
10.153 77.5981
9.89184 77.6151
9.63593 77.6317
9.6309 77.7278
9.6262 77.8176
9.62161 77.9056
9.61676 77.9982
9.61215 78.0862
9.59593 78.3962
9.58645 78.5776
9.57867 78.7267
9.57054 78.8823
9.5628 79.0308
9.55554 79.1699
9.54659 79.3414
9.53512 79.5609
9.52468 79.7609
9.51285 79.9873
9.50159 80.2027
9.49053 80.4145
9.47963 80.6232
9.46862 80.8341
9.45743 81.0483
9.44776 81.2337
9.43545 81.4692
9.42317 81.7042
9.41049 81.9468
9.39878 82.171
9.38844 82.3692
9.37892 82.5517
9.36973 82.728
9.36002 82.9141
9.34971 83.1117
9.33982 83.3012
9.32947 83.4994
9.31996 83.6818
9.30902 83.8913
9.29821 84.0985
9.28775 84.2988
9.27876 84.4714
9.26723 84.6921
9.25646 84.8984
9.24616 85.0958
9.23554 85.2993
9.22592 85.4838
9.21639 85.6666
9.20514 85.8822
9.19376 86.1001
9.18384 86.2904
9.17169 86.5231
9.11416 87.6207
9.05436 88.7615
9.17033 88.7259
9.17033 88.7259
9.17033 88.7259
9.17033 88.7259
9.17033 88.7259
9.17033 88.7259
9.17033 88.7259
9.17033 88.7259
9.17034 88.7259
9.17034 88.7259
9.17034 88.7259
9.17034 88.7259
9.17034 88.7259
9.17034 88.7259
9.17034 88.7259
9.17034 88.7259
9.17034 88.7259
9.17034 88.7259
9.17034 88.7259
9.17034 88.7259
9.17034 88.7259
9.17035 88.7259
9.17035 88.7259
9.17035 88.7259
9.17035 88.7259
9.17035 88.7259
9.17035 88.7259
9.17035 88.7259
9.17035 88.7259
9.17035 88.7259
12.9166 88.7767
15.186 88.8068
15.348 88.8089
15.5021 88.8108
15.6702 88.813
15.8155 88.8148
15.9549 88.8166
16.081 88.8182
16.2079 88.8198
16.331 88.8214
16.4571 88.823
16.5822 88.8245
16.7139 88.8262
16.8514 88.828
16.9675 88.8294
17.1052 88.8312
17.2274 88.8327
19.0031 88.8565
19.4469 88.8622
19.8768 88.8677
20.2756 88.8728
20.5861 88.8768
20.8792 88.8805
21.1595 88.8841
21.4389 88.8877
21.7289 88.8914
22.0072 88.8949
22.2823 88.8984
22.5392 88.9017
22.7772 88.9047
22.7772 88.9047
22.7772 88.9047
22.7772 88.9047
22.7772 88.9047
22.7772 88.9047
22.7772 88.9047
22.7772 88.9047
22.7772 88.9047
22.7772 88.9047
22.7772 88.9047
22.7772 88.9047
23.0936 88.8803
23.4775 88.8507
23.8494 88.822
24.2182 88.7935
25.359 88.7052
26.5356 88.6142
27.6949 88.5245
27.7418 88.5208
27.7919 88.517
27.8413 88.5132
27.8994 88.5087
27.9504 88.5048
28.0019 88.5008
28.0601 88.4963
28.3711 88.4723
28.9444 88.428
29.5521 88.381
30.2808 88.3247
31.1523 88.2571
32.0632 88.1865
33.0202 88.1123
34.0445 88.0328
35.0382 87.9556
35.0382 87.9556
35.0507 87.9479
35.064 87.9398
35.0759 87.9325
35.0884 87.9248
35.1015 87.9167
35.1148 87.9085
35.1285 87.9001
35.1405 87.8927
35.1529 87.8851
35.165 87.8777
35.1767 87.8705
37.6623 88.9383
38.384 89.2481
39.1061 89.5581
40.039 89.9586
40.8432 90.3038
41.4383 90.5593
42.1031 90.8446
42.1166 90.8504
42.1317 90.8569
42.1486 90.8642
42.1675 90.8723
42.1858 90.8801
42.1533 90.918
42.1231 90.9533
42.3162 91.1037
42.4819 91.2327
42.6357 91.3525
42.7929 91.4749
42.9529 91.5995
43.1311 91.7383
43.2927 91.8642
43.2927 91.8642
43.2927 91.8642
43.2927 91.8642
43.2927 91.8642
43.2927 91.8642
43.2927 91.8642
43.2927 91.8642
43.2927 91.8642
43.2927 91.8642
43.2927 91.8642
43.5676 91.8466
43.8073 91.8313
44.0618 91.8151
44.3014 91.7997
44.5499 91.7839
44.8359 91.7656
45.0631 91.7511
45.2724 91.7377
45.4777 91.7246
45.6873 91.7112
46.0465 91.6882
46.426 91.664
46.7338 91.6443
47.0366 91.625
47.382 91.6029
47.6634 91.5849
47.9312 91.5678
48.1504 91.5538
48.3739 91.5395
48.5974 91.5252
48.9728 91.5013
49.3753 91.4755
49.7881 91.4492
50.1623 91.4253
50.5168 91.4026
50.7393 91.3884
50.981 91.373
51.2324 91.3569
51.389 91.3469
51.5418 91.3371
51.6907 91.3276
51.8437 91.3178
51.9923 91.3084
52.1635 91.2974
52.3417 91.286
52.5096 91.2753
52.672 91.2649
52.8279 91.255
52.995 91.2443
53.1432 91.2348
53.2862 91.2257
53.2862 91.2257
53.0234 91.0467
52.7396 90.8533
48.8489 88.2027
48.056 87.6624
47.5796 87.3378
46.9674 86.9207
46.4077 86.5394
45.7861 86.1158
45.2866 85.7754
44.8266 85.462
44.3482 85.136
43.9092 84.8369
43.2306 84.3746
42.1282 83.6234
41.3212 83.0736
40.5023 82.5157
39.8197 82.0505
39.3977 81.763
38.906 81.4279
38.3553 81.0528
37.9696 80.79
37.5907 80.5318
37.2488 80.2988
36.9696 80.1086
36.6614 79.8986
36.315 79.6626
35.9473 79.412
34.9921 79.3524
34.0585 79.2941
33.1948 79.2402
32.3332 79.1864
31.4915 79.1338
30.6906 79.0838
30.6906 79.0838
30.6906 79.0838
30.6906 79.0838
30.6906 79.0838
30.6906 79.0838
30.6906 79.0838
30.6906 79.0838
30.6906 79.0838
30.6374 81.2178
29.7275 80.6362
28.6381 79.9398
27.8491 79.4354
27.052 78.9259
26.4226 78.5235
25.817 78.1365
25.3068 77.8104
24.861 77.5254
24.7034 77.2599
24.5435 76.9908
24.3944 76.7397
24.2349 76.4712
24.0553 76.1688
23.8203 75.7731
23.6449 75.4776
23.476 75.1933
23.2926 74.8844
23.1124 74.581
22.9285 74.2713
22.7403 73.9544
22.563 73.656
22.5309 73.6018
22.4961 73.5432
22.4596 73.4819
22.4162 73.4088
22.3692 73.3296
22.3266 73.258
22.2808 73.1809
22.2293 73.0941
22.1817 73.014
22.1382 72.9407
22.0903 72.8602
22.0441 72.7823
21.9956 72.7007
21.9516 72.6267
21.9686 72.3601
21.9856 72.0911
22.0034 71.8109
22.0175 71.5892
22.0336 71.3358
22.0437 71.1769
22.0554 70.9917
22.0647 70.8457
22.0763 70.6618
22.0895 70.4547
22.1014 70.2672
22.1112 70.1123
22.1219 69.9433
22.132 69.784
22.1421 69.6258
22.1515 69.4767
22.1634 69.2905
22.175 69.1065
22.825 68.6511
23.5268 68.1594
24.575 67.4249
25.2387 67.3303
25.8541 67.2427
26.5212 67.1476
27.2975 67.0371
28.0119 66.9353
28.6132 66.8496
29.2101 66.7646
29.8931 66.6673
30.4675 66.5854
31.0041 66.509
31.5296 66.4341
31.7324 66.5102
31.941 66.5886
32.1568 66.6696
32.5218 66.8068
32.9285 66.9595
33.3481 67.1171
34.0665 67.3869
34.8936 67.6975
35.7549 68.021
36.9176 68.4577
37.7282 68.7621
37.8563 68.8102
37.9928 68.8615
38.1377 68.9159
38.2912 68.9736
38.4514 69.0337
38.5985 69.089
38.7278 69.1375
38.8518 69.1841
38.9868 69.2348
39.1149 69.2829
39.2444 69.3315
39.3731 69.3799
39.5166 69.4338
39.8117 69.5446
40.0778 69.6445
40.3286 69.7387
40.6042 69.8423
40.8782 69.9452
41.1239 70.0374
41.4054 70.1432
41.6496 70.2349
41.8845 70.3231
42.1386 70.4185
42.4074 70.5195
42.6781 70.6212
46.1424 71.9222
46.1424 71.9222
46.1424 71.9222
46.1424 71.9222
46.1563 71.9127
46.171 71.9026
46.3685 71.7668
46.6579 71.568
46.9744 71.3504
47.2661 71.1499
47.5494 70.9552
47.7992 70.7835
48.0612 70.6034
48.2225 70.4925
48.5202 70.2878
48.7919 70.101
49.0617 69.9155
49.3893 69.6903
49.7263 69.4586
50.0504 69.2358
50.3956 68.9985
50.7778 68.7359
51.2303 69.5429
51.6802 70.3452
52.1264 71.141
52.576 71.9428
52.8697 72.467
53.1652 72.9945
53.4494 73.5017
53.736 74.0133
54.0223 74.5242
54.3085 75.0351
54.5938 75.5445
54.8816 76.0582
55.1716 76.5757
55.4625 77.0949
55.7548 77.6165
56.0473 78.1385
56.0469 78.154
56.0465 78.168
56.0462 78.1819
56.0458 78.1958
56.0455 78.2096
56.0451 78.2233
56.0447 78.2387
56.0443 78.2541
56.0439 78.2703
56.0435 78.286
56.0432 78.3006
56.0428 78.3134
56.0425 78.3259
56.0422 78.339
56.0419 78.3526
56.0415 78.3651
56.0412 78.3776
56.0409 78.3898
56.0406 78.4034
59.967 81.1827
60.5864 82.0224
61.1583 82.7974
61.7642 83.619
62.2909 84.3329
62.8282 85.0614
63.3409 85.7567
63.821 86.408
64.1328 86.8312
64.3862 87.1752
64.6392 87.5186
64.8935 87.8637
65.144 88.2037
65.408 88.5619
65.5826 88.7989
65.5826 88.7989
65.5826 88.7989
65.5826 88.7989
65.5826 88.7989
65.5826 88.7989
65.5826 88.7989
65.5826 88.7989
65.5826 88.7989
65.5826 88.7989
65.5826 88.7989
65.5826 88.7989
65.5826 88.7989
65.5826 88.7989
65.5826 88.7989
65.5826 88.7989
69.8616 88.6182
74.4671 88.4238
74.4896 88.4229
74.5149 88.4218
74.5425 88.4206
74.5701 88.4195
79.5335 88.2104
81.3437 88.1345
81.6646 87.7882
82.1218 87.2949
82.5744 86.8065
83.031 86.3138
85.546 83.6011
85.6559 83.4826
85.7599 83.3704
85.8703 83.2512
85.9937 83.1181
85.4103 82.5439
84.9263 82.0675
84.4893 81.6374
83.5491 80.712
83.1019 80.2719
82.5532 79.7318
80.8414 78.0469
80.164 77.3802
79.7839 77.006
79.4245 76.6523
79.0124 76.2467
78.5371 75.7789
78.0646 75.3139
77.1806 74.4437
76.2156 73.4939
75.2779 72.571
72.6261 69.9608
70.0169 67.3925
70.0812 67.2556
70.1546 67.0991
70.2324 66.9332
70.3108 66.8921
70.3787 66.8566
70.4589 66.8146
70.5326 66.776
70.6121 66.7344
70.6947 66.6911
70.7781 66.6475
70.869 66.5999
70.9728 66.5455
71.0768 66.4911
71.1585 66.4483
71.6827 66.1738
72.261 65.8709
72.8261 65.575
73.4067 65.271
73.9694 64.9763
74.509 64.6938
75.0603 64.4051
75.3606 64.2479
75.6551 64.0937
75.9669 63.9304
76.2872 63.7627
77.7245 62.0801
79.2171 60.3328
80.4676 58.8689
81.0343 58.2056
81.3357 57.8528
81.5905 57.5546
81.8269 57.2779
82.0622 57.0025
82.2699 56.7595
84.2092 54.4893
84.1256 53.9947
84.0433 53.5081
83.9654 53.047
83.8257 52.2047
83.6677 51.2517
83.5004 50.2422
83.3311 49.2206
82.9333 46.814
82.7448 45.6769
82.5635 44.5835
82.3805 43.4793
82.2072 42.4336
82.2112 40.601
82.2149 38.897
82.22 36.476
82.2241 34.5905
82.2301 31.7061
81.6691 28.7637
