0,243,345,483,979,260,627,721,295,176,103,777,581,598,504,819,24,959,421,873,55,785,419,458,781,831,675,828,681,377,19,821,357,355,594,27,6,634,257,906,209,194,480,692,276,862,264,566,210,621,43,644,512,358,716,843,342,472,492,930,69,870,217,155,66,356,63,452,848,606,485,945,188,197,875,85,558,186,286,281,923,810,453,104,765,809,533,732,237,683,461,617,577,793,101,396,791,282,968,35,597,623,519,262,804,582,523,410,161,498,468,964,173,216,654,850,208,102,515,68,907,625,767,238,538,112,190,668,656,478,975,420,852,340,942,334,152,293,727,867,440,67,110,650,847,84,782,987,986,134,632,798,229,647,395,18,931,605,801,378,51,509,800,575,94,769,432,9,109,671,513,12,225,540,802,642,562,350,921,762,471,404,715,82,976,459,54,56,614,365,91,662,857,895,484,235,779,894,743,855,171,144,561,226,137,724,163,878,971,601,21,80,910,676,903,599,272,279,772,510,291,645,127,576,839,640,30,735,965,390,59,267,175,957,507,929,493,522,876,688,603,79,324,756,956,706,49,34,729,475,451,545,382,233,403,147,922,180,778,269,698,302,370,89,891,912,897,565,771,391,422,938,633,797,413,655,438,758,336,505,114,705,909,990,858,182,142,663,700,32,496,723,148,65,37,397,78,677,616,770,985,908,423,489,463,154,534,731,222,228,123,841,312,476,748,549,902,439,64,121,787,709,205,943,915,221,191,836,486,661,829,612,619,917,388,989,679,508,11,664,151,7,543,535,525,529,811,783,687,38,853,414,834,586,913,790,844,555,250,865,935,751,164,379,289,467,602,643,307,160,246,261,822,278,869,354,284,111,310,704,824,934,573,669,351,653,26,626,407,363,287,337,518,883,402,258,629,362,8,455,963,881,641,211,299,682,488,673,588,722,812,348,674,412,366,646,187,331,61,702,133,74,741,474,899,254,4,898,268,794,499,949,125,283,10,710,328,384,212,87,572,330,958,46,128,514,86,122,116,749,352,174,373,157,652,589,691,972,805,849,100,341,936,542,527,708,57,218,47,166,863,371,192,119,799,277,703,760,717,77,132,970,503,482,14,764,234,347,879,531,214,939,981,925,524,734,966,747,219,607,657,948,3,630,131,303,81,196,376,338,780,207,427,686,381,517,224,97,374,400,955,784,667,665,546,556,694,325,298,433,860,890,445,255,924,501,587,398,130,329,411,739,266,361,16,275,333,697,571,296,846,888,574,454,526,773,789,99,327,124,635,726,487,490,502,733,359,537,927,604,872,689,349,720,788,308,596,901,252,270,591,701,600,730,113,680,552,168,950,479,88,796,326,429,500,184,658,220,167,469,886,757,428,608,560,550,244,443,339,892,830,991,240,759,316,300,431,719,551,825,162,360,946,321,639,48,436,578,50,916,815,728,31,346,711,368,736,426,386,153,447,982,568,444,557,236,554,75,792,457,953,637,1,115,628,570,95,442,247,108,399,364,446,718,301,905,304,495,90,969,944,615,585,827,93,547,203,169,178,803,401,693,263,199,462,138,213,988,712,868,914,380,405,678,39,106,435,200,750,699,933,776,651,714,885,249,833,424,418,13,631,58,17,227,593,183,288,491,306,20,768,456,223,36,271,638,611,409,808,761,610,430,753,871,15,973,919,141,76,92,695,859,28,44,441,41,707,521,696,918,806,172,53,448,394,877,548,139,752,974,309,165,72,22,613,265,738,181,189,954,960,146,150,807,840,256,241,292,786,392,73,253,129,96,120,795,672,60,569,539,206,437,231,649,215,2,230,470,766,294,335,343,851,755,636,406,763,866,5,746,62,280,313,952,861,105,690,530,245,434,754,532,874,511,559,882,961,887,816,40,118,193,416,239,814,415,389,305,408,896,320,140,248,319,23,624,541,375,156,713,449,564,659,369,367,826,126,737,947,259,984,297,832,563,516,618,880,856,464,42,177,980,584,911,179,940,774,536,477,817,344,202,992,145,318,149,185,465,353,820,494,317,580,666,620,158,251,823,273,52,845,544,285,893,928,322,135,983,648,742,854,372,889,725,25,818,685,660,311,450,473,740,864,204,837,159,622,71,813,481,775,290,460,393,315,904,567,937,595,332,201,528,385,83,900,383,417,962,579,744,884,951,684,136,242,506,838,932,387,170,195,977,198,497,107,117,70,941,314,978,592,143,670,583,967,842,232,45,323,425,920,553,745,926,98,274,33,590,520,835,466,609,29,
value : 519.652 running time : 47.519493
80 20
83.5471 16.1498
83.9824 15.6774
84.3401 15.2891
84.3401 15.2891
84.3401 15.2891
84.3401 15.2891
75.5645 14.9625
71.6442 14.8166
70.0703 14.758
68.6987 14.7069
67.3394 16.7335
66.136 18.5278
65.0097 20.207
63.8961 21.8672
62.6068 23.7895
61.3417 25.6757
59.3797 28.6008
56.1737 33.3807
56.1737 33.3807
56.1737 33.3807
56.1737 33.3807
56.1737 33.3807
55.9112 33.8239
55.6591 34.2496
55.3965 34.693
55.0972 35.1984
54.8092 35.6846
54.5139 36.1831
54.2259 36.6695
53.9323 37.1652
53.6474 37.6463
53.2533 38.3117
53.2495 38.3175
53.2456 38.3233
53.242 38.3287
53.2384 38.3341
52.2426 39.8313
51.1558 41.4654
51.1541 41.468
51.1524 41.4705
50.6394 42.2488
50.239 42.8562
50.0981 43.0699
49.9219 44.8809
49.7534 46.6124
49.4951 49.2657
49.7619 49.0821
50.2125 48.7719
50.7549 48.3987
51.6638 47.773
52.2463 47.3721
52.5947 47.1323
53.0656 46.8082
53.0481 46.8417
53.0302 46.8761
53.0137 46.9077
52.9984 46.9369
52.9838 46.9649
52.9699 46.9915
52.9543 47.0215
52.9398 47.0493
52.9247 47.0783
52.9079 47.1103
52.8933 47.1383
52.8771 47.1694
52.8771 47.1694
52.8771 47.1694
52.8771 47.1694
52.8771 47.1694
52.0708 50.6086
52.0708 50.6086
52.0708 50.6086
52.0708 50.6086
51.6332 51.598
51.0772 52.8554
50.508 54.1423
50.2433 54.7408
49.9554 55.3917
49.6629 56.0532
49.3808 56.6909
49.0781 57.3755
48.7604 58.0938
48.4972 58.6889
48.4972 58.6889
48.4972 58.6889
48.4972 58.6889
48.4972 58.6889
48.4972 58.6889
48.676 58.8728
48.839 59.0404
49.0449 59.2521
49.2122 59.424
49.3756 59.592
49.5359 59.7568
49.7101 59.9359
49.8773 60.1077
50.0372 60.2722
50.1939 60.4332
50.3407 60.5842
50.478 60.7253
50.6329 60.8846
50.9567 61.2175
51.2989 61.5693
51.7447 62.0276
52.3539 62.6539
52.3539 62.6539
52.9998 62.7105
53.9956 62.7977
54.9629 62.8825
56.2734 62.9973
57.6145 63.1147
59.01 63.237
60.1291 63.335
62.5437 63.5465
63.823 63.6586
63.8446 63.6605
63.8704 63.6627
63.8934 63.6647
63.919 63.667
63.9432 63.6691
63.9667 63.6712
63.9936 63.6735
64.0177 63.6756
64.0421 63.6778
64.0654 63.6798
64.0944 63.6823
64.1202 63.6846
64.1507 63.6873
64.1776 63.6896
64.2065 63.6922
64.2331 63.6945
64.2587 63.6967
64.2815 63.6987
64.3082 63.7011
64.335 63.7034
63.9477 64.037
63.5287 64.3979
63.1252 64.7454
62.7448 65.073
62.3441 65.4181
61.9777 65.7337
61.6066 66.0533
60.7728 66.7715
59.6634 67.7269
58.6825 68.5718
57.6635 69.4494
56.9558 70.059
56.2232 70.6899
55.5812 71.2429
55.5819 71.2436
55.5826 71.2443
55.7055 71.369
55.8472 71.5126
55.9629 71.6299
56.0744 71.743
56.1823 71.8523
56.1823 71.8523
56.1823 71.8523
56.1823 71.8523
56.1823 71.8523
56.0702 71.8375
55.959 71.8229
55.856 71.8093
55.7403 71.794
55.6351 71.7802
55.5336 71.7668
55.4314 71.7533
55.3249 71.7393
55.2241 71.726
55.1098 71.711
55.0101 71.6978
52.0979 71.314
51.1748 71.1923
50.5942 71.1158
49.9875 71.0359
49.3315 70.9494
48.7444 70.872
48.2142 70.8021
47.6755 70.7311
42.5638 70.0574
42.5424 70.0619
42.5233 70.0659
42.5042 70.0699
42.4852 70.0739
42.4671 70.0777
42.4479 70.0817
42.4279 70.0859
42.408 70.0901
42.3901 70.0939
42.3719 70.0977
42.3522 70.1018
42.3347 70.1055
42.3155 70.1095
42.297 70.1134
42.2785 70.1173
42.2591 70.1213
42.2398 70.1254
42.2218 70.1292
42.2017 70.1334
42.1796 70.138
42.1587 70.1424
42.1377 70.1468
40.42 69.4768
38.8133 68.8501
37.8043 68.4565
36.7312 68.0379
35.4982 67.557
34.2575 67.073
33.4802 66.7698
33.4403 66.7542
33.3989 66.7381
33.3534 66.7204
33.3072 66.7023
29.8772 65.3644
27.1791 64.312
24.6744 63.335
26.1333 60.317
26.7064 59.804
27.4819 59.1098
28.2167 58.4521
28.7952 57.9343
29.4035 57.3898
29.6469 57.1719
29.6459 57.1679
29.6449 57.1639
29.644 57.1602
29.6431 57.1562
29.6422 57.1526
29.6413 57.1488
29.6403 57.1447
29.6394 57.1411
29.6386 57.1377
29.4934 56.5379
29.349 55.942
29.2071 55.3559
29.0597 54.7473
28.9045 54.1064
28.8463 54.0131
28.7873 53.9184
28.7306 53.8275
28.6722 53.7339
28.6147 53.6416
28.5596 53.5534
28.5024 53.4615
28.4493 53.3764
28.4407 53.3768
28.4311 53.3771
28.4223 53.3775
28.414 53.3778
28.4055 53.3782
28.3975 53.3785
28.3893 53.3788
28.3812 53.3791
28.3739 53.3794
28.367 53.3797
28.3597 53.38
28.352 53.3803
28.3052 53.3821
28.2587 53.3839
28.2115 53.3858
28.1727 53.3873
28.1338 53.3889
27.6592 53.4076
27.169 53.4269
26.6389 53.4478
25.7826 53.4816
25.0769 53.5094
24.8973 53.5165
24.7187 53.5235
24.5326 53.5309
24.3568 53.5378
24.1848 53.5446
24.0099 53.5515
23.8449 53.558
23.6642 53.5651
23.0618 53.6285
22.3324 53.7054
21.645 53.7778
21.0324 53.8423
20.6224 53.8855
20.1863 52.5181
19.6305 50.7752
19.3726 49.9667
19.2709 49.6476
19.1603 49.3008
19.0465 48.944
18.9217 48.5529
18.8018 48.1769
18.715 47.9048
18.6362 47.6578
18.5541 47.4003
18.4713 47.1405
18.3885 46.8809
18.3796 46.8531
18.3703 46.8238
18.3609 46.7946
18.3525 46.768
18.0282 45.7511
17.7421 44.8542
17.482 44.0384
17.482 44.0384
17.482 44.0384
17.482 44.0384
17.4966 44.0173
17.5115 43.9957
17.5264 43.974
17.5413 43.9525
17.5563 43.9309
17.572 43.908
17.5867 43.8868
17.6014 43.8655
17.6172 43.8426
19.3995 41.2622
21.6549 37.9967
23.6621 35.0906
25.4212 32.5438
25.7296 32.0972
25.8088 31.9824
25.8088 31.9824
25.8088 31.9824
25.8088 31.9824
25.8088 31.9824
25.8088 31.9824
25.8088 31.9824
25.8088 31.9824
25.8088 31.9824
25.8088 31.9824
25.8088 31.9824
25.8088 31.9824
26.7788 33.0333
27.8101 34.1507
28.9007 35.3323
29.442 35.9188
29.5387 36.0236
29.6401 36.1334
29.6926 36.1903
29.7492 36.2517
29.7991 36.3057
29.8508 36.3617
29.9047 36.4201
29.9606 36.4807
30.0154 36.5401
30.0682 36.5972
30.1207 36.6541
30.1698 36.7074
30.2228 36.7647
30.2799 36.8266
30.3313 36.8824
30.3831 36.9384
30.4328 36.9923
30.4847 37.0485
30.5345 37.1024
30.588 37.1604
30.6458 37.223
36.867 33.7947
41.6929 31.1353
41.7888 31.0824
41.8666 31.0396
41.9469 30.9954
42.025 30.9523
42.1073 30.9069
41.0485 29.8797
39.6291 28.5024
38.4433 27.3519
36.8246 25.7813
34.7663 23.7842
34.7508 23.7692
34.7508 23.7692
34.7508 23.7692
34.7508 23.7692
34.7508 23.7692
34.7508 23.7692
34.7508 23.7692
34.7508 23.7692
34.7216 23.2243
34.6888 22.6126
34.6579 22.0358
34.627 21.4601
34.5981 20.9195
34.5725 20.4433
34.5431 19.8938
34.5063 19.2082
34.4715 18.5599
34.4471 18.1041
34.4257 17.7054
34.403 17.2818
34.3796 16.8446
34.3526 16.341
34.3288 15.8972
34.3059 15.4714
34.2852 15.0843
34.2614 14.6401
30.0862 14.8045
17.603 15.296
11.9809 15.5173
11.9809 15.5173
11.9809 15.5173
11.9809 15.5173
11.9809 15.5173
11.9809 15.5173
11.9809 15.5173
11.9809 15.5173
11.9809 15.5173
11.9809 15.5173
11.9809 15.5173
11.9809 15.5173
11.9809 15.5173
11.9809 15.5173
11.9809 15.5173
11.9809 15.5173
11.9577 16.0126
11.9356 16.4839
11.9134 16.9559
11.8927 17.3975
11.8706 17.87
11.8468 18.3763
11.8234 18.8758
11.8025 19.3222
11.7803 19.7958
11.739 20.6759
11.7087 21.3227
11.6831 21.8686
11.6559 22.4481
11.6285 23.0324
11.6019 23.5989
11.4752 26.3026
11.3571 28.8196
11.272 30.636
11.1799 32.6001
11.0012 36.4094
10.9947 36.5493
10.9873 36.7056
10.98 36.8611
10.973 37.0122
10.9663 37.1552
10.9586 37.3193
10.9512 37.4755
10.9443 37.6236
10.9379 37.7596
10.9315 37.8961
10.9229 38.0795
10.9148 38.2526
10.9068 38.4228
10.899 38.5889
10.899 38.5889
10.899 38.5889
11.2484 50.7815
11.2503 50.848
11.2521 50.9108
11.254 50.9757
11.2558 51.0392
11.2576 51.1034
11.2595 51.1689
11.2614 51.236
11.2635 51.3089
11.2654 51.3752
11.2672 51.4379
11.269 51.5001
11.2709 51.5642
11.2726 51.6259
11.2744 51.6871
11.2763 51.7537
11.2782 51.8205
11.2802 51.889
11.2821 51.9557
11.2839 52.0199
11.2859 52.0892
11.2878 52.156
11.2897 52.2233
11.2916 52.2873
11.4837 58.993
11.4928 59.3113
11.5019 59.6297
11.51 59.9117
11.5168 60.1496
11.5229 60.36
11.5292 60.5816
11.5361 60.8202
11.5423 61.0366
11.5481 61.2417
11.554 61.4453
11.5599 61.6538
11.565 61.8313
11.5702 62.0113
11.5749 62.177
11.5801 62.3573
11.5854 62.5421
11.5908 62.73
11.5956 62.898
11.6006 63.073
11.6081 63.3363
11.6146 63.5628
11.622 63.8213
11.6302 64.1069
11.6381 64.3827
11.646 64.6583
11.6471 64.694
11.6482 64.733
11.6493 64.7726
11.6504 64.8101
11.6514 64.8443
11.6523 64.8783
11.6533 64.9136
11.6543 64.948
11.6553 64.9815
11.6802 65.8512
11.7052 66.7219
11.7328 67.687
11.7611 68.6752
11.7895 69.6669
11.806 70.2406
11.8706 70.3726
11.9357 70.5058
12.0006 70.6383
12.0743 70.789
12.155 70.9539
12.2394 71.1264
12.3256 71.3027
12.4052 71.4653
12.4826 71.6235
12.547 71.7552
12.6247 71.9141
12.7119 72.0921
12.8069 72.2865
12.8625 72.294
12.9173 72.3015
12.9769 72.3097
13.0309 72.317
13.0913 72.3253
13.1536 72.3338
13.2121 72.3417
13.4509 72.3743
13.7472 72.4148
16.3755 72.7733
18.4497 73.0564
18.7989 73.104
19.093 73.1441
19.4154 73.1881
19.7579 73.2348
20.1016 73.2817
20.4483 73.329
20.8925 73.3896
21.2965 73.4448
21.7564 73.5075
22.1582 73.5623
22.5779 73.6196
22.9936 73.6763
23.4237 73.735
23.8084 73.7875
24.1452 73.8334
24.512 73.8835
24.8948 73.9357
25.2613 73.9857
25.6 74.0319
25.9695 74.0823
25.9695 74.0823
25.9695 74.0823
25.9695 74.0823
25.9695 74.0823
25.9695 74.0823
25.9695 74.0823
25.9695 74.0823
25.9695 74.0823
25.9695 74.0823
26.0963 73.98
26.1843 73.909
26.2615 73.8467
26.346 73.7785
26.4315 73.7095
26.5195 73.6385
26.6108 73.5648
26.7024 73.4908
26.7941 73.4169
26.8863 73.3424
26.9606 73.2825
27.03 73.2265
27.03 73.2265
26.6987 73.4973
26.3522 73.7805
25.9772 74.087
25.5423 74.4425
25.1655 74.7505
24.8008 75.0486
24.3955 75.3799
24.0272 75.6809
23.9361 75.7554
23.8359 75.8373
23.7422 75.9139
23.643 75.995
23.5429 76.0768
23.4509 76.152
23.3623 76.2244
23.2719 76.2983
23.1813 76.3724
23.0947 76.4432
23.0099 76.5124
22.9196 76.5862
22.8298 76.6597
22.7347 76.7374
22.6485 76.8079
22.5655 76.8757
22.4785 76.9469
21.3217 77.5102
20.1653 78.0733
19.1683 78.5588
18.0652 79.096
17.0565 79.5872
15.8232 80.1877
14.3355 80.9122
13.2 81.4651
12.9847 81.57
12.7715 81.6738
12.5646 81.7746
12.3828 81.8631
12.1941 81.955
12.1941 81.955
12.1941 81.955
12.1941 81.955
12.1941 81.955
12.194 81.955
12.194 81.955
12.194 81.955
12.194 81.955
12.194 81.955
12.1534 82.1637
12.1142 82.3646
12.0765 82.5584
12.019 82.8536
11.9674 83.1181
11.9171 83.3765
11.8704 83.6159
11.8161 83.8949
11.7631 84.1667
11.6951 84.5159
11.6887 84.5484
11.6828 84.579
11.6766 84.6106
11.6695 84.6474
11.663 84.6807
11.6563 84.7151
11.6499 84.7479
11.6432 84.7819
11.637 84.8138
11.6303 84.8482
11.6237 84.8824
11.6182 84.9104
11.6032 84.9872
11.5872 85.0697
11.5719 85.148
11.5539 85.2404
11.538 85.3222
11.5224 85.4021
11.5073 85.4796
11.4932 85.5517
11.4788 85.6261
11.463 85.707
11.4471 85.7887
11.432 85.8661
11.4172 85.9419
11.4024 86.0181
11.3867 86.0987
11.3718 86.1752
11.3572 86.25
11.3424 86.3262
11.3281 86.3994
11.3127 86.4784
11.2989 86.549
11.2854 86.6186
11.2413 86.8447
11.2042 87.0353
11.157 87.2774
11.1015 87.5623
11.0607 87.7715
11.0293 87.9332
10.9954 88.1069
10.9634 88.2714
10.9291 88.4471
10.8951 88.6219
10.8559 88.8227
10.8186 89.0141
10.7812 89.2064
10.7439 89.3979
10.7064 89.59
10.6696 89.7789
10.6308 89.9784
10.5903 90.1863
10.5887 90.1943
10.86 90.1709
11.0823 90.1519
11.3316 90.1304
11.5777 90.1093
11.8366 90.0871
12.1021 90.0642
12.385 90.0399
12.707 90.0123
13.0631 89.9817
13.6377 89.9323
14.2718 89.8779
15.0149 89.814
15.7879 89.7476
16.4987 89.6866
17.2218 89.6245
17.8666 89.5691
18.3485 89.5277
18.7921 89.4896
19.246 89.4506
19.6964 89.4119
20.1358 89.3741
20.5369 89.3397
21.0008 89.2998
21.2709 89.2766
21.544 89.2532
21.8404 89.2277
22.1676 89.1996
22.4868 89.1722
22.8187 89.1437
23.1577 89.1145
23.5174 89.0836
23.8624 89.054
24.1132 89.0325
24.3741 89.0101
24.652 88.9862
24.652 88.9862
24.652 88.9862
24.652 88.9862
24.652 88.9862
24.652 88.9862
24.652 88.9862
24.652 88.9862
24.652 88.9862
24.652 88.9862
24.652 88.9862
24.652 88.9862
24.652 88.9862
24.652 88.9862
25.0566 88.9772
25.3626 88.9703
25.6455 88.964
25.9369 88.9575
26.1866 88.9519
26.477 88.9455
26.7652 88.939
27.0418 88.9329
27.3331 88.9264
27.6659 88.9189
28.0047 88.9114
28.2751 88.9054
28.9542 88.8902
29.7178 88.8732
30.4646 88.8565
31.191 88.8403
31.8551 88.8255
32.2924 88.8157
32.702 88.8066
33.0994 88.7977
33.4898 88.789
33.88 88.7803
34.2163 88.7728
34.5559 88.7652
34.8712 88.7582
35.1851 88.7512
35.2411 88.7499
35.3008 88.7486
35.3618 88.7472
35.4237 88.7459
35.4837 88.7445
35.5431 88.7432
35.5979 88.742
35.6526 88.7408
35.7368 88.7389
35.8247 88.7369
35.9077 88.7351
35.9978 88.7331
36.0809 88.7312
36.1627 88.7294
36.2484 88.7275
36.3291 88.7257
36.4068 88.7239
36.4926 88.722
36.573 88.7202
36.6592 88.7183
36.7541 88.7162
36.8321 88.7144
36.9143 88.7126
36.9998 88.7107
37.0849 88.7088
37.1729 88.7068
37.777 88.6934
38.3601 88.6803
38.8998 88.6683
39.3952 88.6573
39.8786 88.6465
40.4247 88.6343
40.9747 88.622
41.4885 88.6105
42.1776 88.5952
42.9262 88.5785
43.9745 88.5551
45.1334 88.5292
46.4334 88.5002
46.5075 88.4986
46.59 88.4967
46.6657 88.495
46.7434 88.4933
46.8165 88.4917
46.8861 88.4901
46.9618 88.4884
47.0412 88.4867
47.1279 88.4847
47.2163 88.4828
47.3044 88.4808
47.3825 88.4791
47.4599 88.4773
47.5368 88.4756
47.6119 88.4739
47.6951 88.4721
47.768 88.4705
47.8453 88.4687
47.9195 88.4671
47.9195 88.4671
47.9195 88.4671
47.9195 88.4671
48.2583 88.4266
48.5741 88.3888
48.9798 88.3403
49.0992 88.326
49.2283 88.3106
49.3479 88.2963
49.4567 88.2832
49.568 88.2699
49.6618 88.2587
49.7619 88.2468
49.8794 88.2327
50.0001 88.2183
50.127 88.2031
50.232 88.1905
50.3535 88.176
50.4813 88.1607
50.61 88.1453
50.7247 88.1316
50.8437 88.1174
50.9568 88.1039
51.0763 88.0896
51.2012 88.0746
51.2012 88.0746
51.2012 88.0746
51.2013 88.0746
51.2013 88.0746
51.2013 88.0746
51.2013 88.0746
51.4461 88.0244
51.7259 87.9671
52.0343 87.9038
52.3025 87.8489
52.5513 87.7979
52.8256 87.7416
53.1149 87.6823
53.3758 87.6288
53.6606 87.5704
53.9524 87.5106
54.2154 87.4567
54.3645 87.4261
54.3645 87.4261
54.5575 87.4902
54.7587 87.557
54.9577 87.623
55.1729 87.6944
55.3726 87.7607
55.4592 87.7895
55.5343 87.8144
55.6083 87.8389
55.6862 87.8648
55.7625 87.8901
55.831 87.9129
55.9031 87.9368
55.979 87.962
56.0554 87.9873
56.1424 88.0162
56.222 88.0427
56.2468 88.0509
58.529 88.0633
60.9727 88.0766
63.2957 88.0892
65.2063 88.0996
66.4953 88.1066
67.4642 88.1119
68.9201 88.1198
70.357 88.1276
71.7517 88.1352
71.8223 88.1356
71.8877 88.1359
72.4617 88.1391
72.6942 88.1403
72.9204 88.1416
73.1995 88.1431
73.471 88.1445
73.7407 88.146
74.0216 88.1475
74.5084 88.1502
75.1297 88.1536
75.8176 88.1573
77.2087 88.1649
79.2495 88.176
81.232 88.1867
81.232 88.1867
81.232 88.1867
81.2974 88.1207
81.6824 87.7321
82.021 87.3904
82.3659 87.0423
86.0022 83.3722
85.9412 83.3206
85.8755 83.265
85.8136 83.2127
85.7409 83.1512
85.7409 83.1512
85.7409 83.1512
85.7409 83.1512
85.7409 83.1511
84.3548 82.7346
82.5076 82.1795
80.7239 81.6435
79.2586 81.2032
76.685 80.4298
75.2419 79.9961
73.543 79.4856
72.869 79.283
72.227 79.0901
71.4566 78.8586
70.7193 78.637
69.9096 78.3937
69.1139 78.1546
68.4864 77.966
68.4638 78.0154
68.4437 78.0595
68.4208 78.1094
69.8676 76.1323
71.6779 73.6585
72.2454 72.8829
72.7003 72.2612
73.0627 71.766
73.3536 71.3685
73.6166 71.0091
73.948 70.5562
74.2752 70.109
74.5439 69.7417
74.9923 69.129
75.452 68.5008
75.9694 67.7937
80.8089 61.1802
81.4076 60.362
81.702 59.9597
82.0125 59.5353
82.2735 59.1787
82.5349 58.8215
82.7955 58.4654
83.0456 58.1236
83.296 57.7814
83.5551 57.4273
83.7905 57.1056
83.7905 57.1056
83.7905 57.1056
83.7905 57.1056
81.9321 55.4532
74.2622 48.6334
73.3391 47.8126
72.6415 47.1923
70.5206 45.3065
69.3442 44.2605
69.5748 44.0903
69.7698 43.9464
69.9864 43.7865
70.1869 43.6385
70.5226 43.3908
70.8204 43.171
71.1743 42.9099
71.5121 42.6605
71.8765 42.3916
72.2318 42.1294
72.5831 41.8701
72.9204 41.6212
73.309 41.3344
73.6578 41.077
82.7806 34.3444
82.7228 34.3444
82.6704 34.3445
82.6148 34.3445
82.5543 34.3445
82.4909 34.3446
82.4212 34.3446
82.3722 34.3447
82.3297 34.3447
