0,103,581,176,721,504,24,777,819,598,458,959,295,419,357,821,377,785,45,355,358,55,250,751,781,27,164,43,831,6,930,209,63,873,257,865,19,828,555,197,844,66,681,906,716,870,934,421,566,935,289,848,917,467,869,612,486,32,221,529,155,49,147,706,790,205,811,11,7,278,687,414,302,543,397,403,388,663,476,438,37,508,525,535,829,679,65,836,307,549,655,915,902,824,641,284,354,586,664,160,602,246,439,834,191,787,883,351,669,287,704,310,261,407,363,573,626,111,64,26,518,379,822,709,337,653,661,646,722,211,8,488,474,348,61,187,588,674,682,362,629,412,881,812,254,741,299,643,702,366,258,268,87,74,673,10,899,402,898,4,331,794,963,455,572,514,125,958,283,133,985,943,86,384,710,121,499,328,312,100,841,222,218,505,909,303,616,990,174,463,534,652,154,341,863,849,330,57,352,157,116,423,46,731,212,749,770,182,142,858,128,489,708,166,234,122,228,936,123,148,373,531,805,47,214,527,799,81,336,972,772,329,589,400,279,97,784,196,764,939,517,503,524,347,272,277,601,422,901,391,510,705,700,797,89,633,938,771,723,565,956,78,698,908,903,677,496,451,691,758,542,507,913,475,981,949,600,703,756,324,735,132,365,275,809,897,56,34,59,390,327,733,571,587,965,599,79,16,789,888,701,550,720,552,454,321,635,526,266,927,697,730,846,739,361,726,338,657,371,879,734,717,607,860,3,427,77,192,694,374,113,398,411,130,760,119,255,970,162,376,131,114,925,665,966,381,445,667,747,482,924,346,991,556,401,680,825,554,316,298,224,178,892,240,14,207,570,686,219,830,546,203,639,457,948,950,326,780,551,339,93,695,249,500,433,99,886,502,325,487,630,41,495,469,946,17,719,168,560,333,885,712,247,244,429,443,658,220,608,479,184,578,728,447,953,301,803,718,446,615,386,153,736,304,916,424,31,796,360,75,759,955,431,792,815,988,48,914,944,905,426,169,547,90,364,108,405,199,444,568,693,462,969,699,890,300,213,868,39,183,711,678,637,585,263,436,1,106,115,456,776,833,399,593,138,750,827,982,380,15,58,435,95,442,628,13,88,236,973,200,368,491,227,418,557,306,753,288,428,167,714,231,933,409,871,859,430,441,768,651,610,50,954,60,757,139,44,146,96,521,808,611,20,92,696,773,230,918,296,872,840,672,181,36,866,265,490,28,253,960,150,631,73,761,76,292,449,738,389,569,206,548,189,394,919,807,416,271,806,120,795,392,786,72,448,874,2,141,22,437,638,974,559,752,118,470,877,613,172,408,763,129,239,193,245,156,561,814,947,256,539,294,415,940,636,319,343,707,511,53,40,766,713,105,961,375,309,516,320,5,774,259,536,62,882,165,622,177,434,746,851,754,541,816,992,42,690,367,464,911,802,618,896,887,980,532,140,241,671,659,649,229,642,895,406,952,530,313,248,12,513,880,861,826,986,305,335,175,124,689,291,226,564,270,350,591,82,223,804,134,94,484,315,9,921,91,126,857,769,800,112,632,782,582,432,453,109,968,562,468,282,715,621,235,540,404,459,171,84,563,910,308,779,604,410,662,225,215,144,163,614,596,359,755,894,724,252,976,537,501,382,957,349,574,971,80,683,878,558,855,676,104,576,523,471,732,533,765,30,929,788,912,54,545,233,922,729,137,267,640,21,645,783,688,778,891,493,151,603,748,38,413,839,356,692,853,480,194,862,210,989,619,269,843,876,127,186,512,945,452,498,522,69,923,237,370,180,276,101,472,798,117,342,461,875,597,842,35,396,793,577,286,262,519,492,978,217,594,85,623,188,762,440,907,964,625,264,743,281,634,232,323,143,314,926,478,670,70,942,609,195,656,967,932,190,850,583,941,102,538,238,334,216,904,987,161,293,852,152,208,420,867,509,460,110,173,515,810,767,67,647,485,617,668,791,937,83,605,847,727,837,68,393,340,650,975,595,417,832,317,775,931,51,579,744,818,856,23,584,624,344,202,149,273,567,477,817,544,823,18,52,251,620,801,395,378,280,179,575,984,369,494,185,465,285,297,737,353,813,481,962,654,290,159,845,71,145,666,928,983,742,580,820,854,318,135,893,158,372,450,864,889,648,685,322,725,25,473,311,204,660,385,332,528,740,900,383,884,201,107,838,977,136,242,170,506,684,497,951,425,520,387,198,274,920,745,33,835,29,592,644,675,466,553,606,590,98,627,260,483,345,243,979,
value : 630.201 running time : 57.336930
80 20
69.4591 14.284
69.4591 14.284
69.4591 14.284
69.4591 14.284
69.4591 14.284
69.4591 14.284
69.4591 14.284
69.4591 14.284
69.4591 14.284
60.2855 30.0798
60.2855 30.0798
60.2855 30.0798
58.8429 31.4717
58.3975 33.9169
58.3975 33.9169
58.3975 33.9169
58.3975 33.9169
58.3975 33.9169
58.3975 33.9169
58.3975 33.9169
58.3975 33.9169
58.3975 33.9169
58.3975 33.9169
58.3975 33.9169
58.3975 33.9169
58.3975 33.9169
58.3975 33.9169
58.3975 33.9169
58.3975 33.9169
58.3975 33.9169
58.3975 33.9169
51.7603 35.8227
51.7603 35.8227
51.7603 35.8227
51.7603 35.8227
51.7603 35.8227
51.7603 35.8227
51.7603 35.8227
51.7603 35.8227
51.7603 35.8227
51.7603 35.8227
51.7603 35.8227
51.7603 35.8227
51.7603 35.8227
51.7603 35.8227
41.5366 36.9826
41.5366 36.9826
41.5366 36.9826
41.5366 36.9826
41.5366 36.9826
41.5366 36.9826
41.5366 36.9826
41.5366 36.9826
31.6444 37.375
31.6444 37.375
31.6444 37.375
31.6444 37.375
31.6444 37.375
31.6444 37.375
31.3336 42.7148
31.3336 42.7148
31.3336 42.7148
31.3336 42.7148
31.3336 42.7148
31.3336 42.7148
31.3336 42.7148
31.3336 42.7148
31.3336 42.7148
31.3336 42.7148
31.3336 42.7148
31.3336 42.7148
31.3336 42.7148
31.3336 42.7148
31.3336 42.7148
31.3336 42.7148
27.7116 38.8399
27.7116 38.8399
27.7116 38.8399
27.7116 38.8399
27.7116 38.8399
27.7116 38.8399
27.7116 38.8399
27.7116 38.8399
27.7116 38.8399
27.7116 38.8399
27.7116 38.8399
27.4086 33.847
27.4086 33.847
27.4086 33.847
27.4086 33.847
27.4086 33.847
29.1745 30.46
29.1745 30.46
29.1745 30.46
29.1745 30.46
29.1745 30.46
29.1745 30.46
29.1745 30.46
29.1745 30.46
29.1745 30.46
29.1745 30.46
29.1745 30.46
29.1745 30.46
29.1745 30.46
29.1745 30.46
33.1935 22.0718
33.1935 22.0718
34.9888 20.007
34.9888 20.007
34.9888 20.007
34.9888 20.007
34.9888 20.007
34.9888 20.007
34.9888 20.007
34.9888 20.007
34.9888 20.007
34.9888 20.007
34.9888 20.007
34.9888 20.007
38.1927 17.0292
38.1927 17.0292
38.1927 17.0292
38.1927 17.0292
38.1927 17.0292
38.1927 17.0292
13.3534 15.0708
13.3534 15.0708
13.3534 15.0708
13.3534 15.0708
13.3534 15.0708
13.3534 15.0708
13.3534 15.0708
13.3534 15.0708
13.3534 15.0708
12.5261 15.207
12.5261 15.207
12.5261 15.207
12.5261 15.207
12.5261 15.207
12.5261 15.207
12.5261 15.207
12.5261 15.207
12.2898 15.3253
12.2898 15.3253
12.2898 15.3253
12.2898 15.3253
13.2895 15.5531
13.2895 15.5531
13.2895 15.5531
16.1614 23.0286
16.1614 23.0286
12.35 23.574
12.35 23.574
12.35 23.574
11.8106 29.0168
11.8106 29.0168
11.8106 29.0168
11.8106 29.0168
11.8106 29.0168
11.8106 29.0168
11.8106 29.0168
11.8106 29.0168
11.8106 29.0168
11.8106 29.0168
11.8106 29.0168
11.8106 29.0168
10.7184 35.6153
10.7184 35.6153
10.7184 35.6153
10.7184 35.6153
10.7184 35.6153
10.7184 35.6153
10.7184 35.6153
16.0074 37.3651
16.0074 37.3651
11.1486 42.103
11.1486 42.103
11.1486 42.103
11.1486 42.103
11.1486 42.103
11.1486 42.103
11.3642 45.3602
11.3642 45.3602
11.3642 45.3602
11.3642 45.3602
11.3642 45.3602
11.3642 45.3602
11.3642 45.3602
11.3642 45.3602
11.3642 45.3602
11.3642 45.3602
11.3642 45.3602
11.3642 45.3602
11.3642 45.3602
9.93521 50.3196
9.93521 50.3196
9.93521 50.3196
9.93521 50.3196
9.93521 50.3196
9.93521 50.3196
9.93521 50.3196
9.93521 50.3196
9.93521 50.3196
9.93521 50.3196
9.93521 50.3196
9.93521 50.3196
9.93521 50.3196
9.93521 50.3196
9.93521 50.3196
9.93521 50.3196
9.93521 50.3196
9.93521 50.3196
9.93521 50.3196
10.9663 52.5528
10.9663 52.5528
10.9663 52.5528
10.9663 52.5528
10.9663 52.5528
10.9663 52.5528
10.9663 52.5528
10.9663 52.5528
10.9663 52.5528
8.577 57.0661
8.577 57.0661
8.577 57.0661
8.577 57.0661
8.577 57.0661
10.4125 62.4178
10.4125 62.4178
10.4125 62.4178
10.4125 62.4178
10.4125 62.4178
10.4125 62.4178
10.4125 62.4178
10.4125 62.4178
10.4125 62.4178
10.4125 62.4178
10.4125 62.4178
10.4125 62.4178
10.4125 62.4178
10.4125 62.4178
10.4125 62.4178
10.4125 62.4178
10.4125 62.4178
10.4125 62.4178
10.4125 62.4178
10.4125 62.4178
17.3884 53.2838
17.3884 53.2838
17.3884 53.2838
17.3884 53.2838
17.9174 49.6706
17.9174 49.6706
20.9697 52.7122
20.9697 52.7122
20.9697 52.7122
20.9697 52.7122
20.9697 52.7122
20.9697 52.7122
20.9697 52.7122
20.9697 52.7122
20.9697 52.7122
20.9697 52.7122
22.0302 54.0943
22.0302 54.0943
22.0302 54.0943
22.0302 54.0943
22.0302 54.0943
22.0302 54.0943
22.0302 54.0943
22.0302 54.0943
22.0302 54.0943
22.0302 54.0943
22.0302 54.0943
22.0302 54.0943
21.7959 60.3822
21.7959 60.3822
21.7959 60.3822
21.7959 60.3822
21.7959 60.3822
21.7959 60.3822
27.1532 62.3716
27.1532 62.3716
27.1532 62.3716
27.1532 62.3716
27.1532 62.3716
27.1532 62.3716
27.1532 62.3716
27.1532 62.3716
27.1532 62.3716
27.1532 62.3716
27.1532 62.3716
27.1532 62.3716
27.1532 62.3716
27.1532 62.3716
27.1532 62.3716
27.1089 71.2308
27.1089 71.2308
27.1089 71.2308
27.1089 71.2308
27.1089 71.2308
27.1089 71.2308
27.1089 71.2308
27.1089 71.2308
17.124 73.3692
17.124 73.3692
17.124 73.3692
17.124 73.3692
17.124 73.3692
17.124 73.3692
17.124 73.3692
17.124 73.3692
17.124 73.3692
17.124 73.3692
17.124 73.3692
17.124 73.3692
17.124 73.3692
12.9483 71.0832
12.9483 71.0832
12.9483 71.0832
12.9483 71.0832
12.9483 71.0832
12.9483 71.0832
12.9483 71.0832
12.9483 71.0832
12.9483 71.0832
12.9483 71.0832
12.9483 71.0832
12.9483 71.0832
12.9483 71.0832
12.9483 71.0832
12.9483 71.0832
12.9483 71.0832
12.9483 71.0832
12.9483 71.0832
12.9483 71.0832
12.9483 71.0832
12.9483 71.0832
12.9483 71.0832
12.9483 71.0832
12.9483 71.0832
8.91525 69.3131
8.91525 69.3131
8.91525 69.3131
8.91525 69.3131
8.91525 69.3131
8.91525 69.3131
8.91525 69.3131
8.91525 69.3131
8.91525 69.3131
8.91525 69.3131
8.91525 69.3131
8.91525 69.3131
9.42426 76.5224
9.42426 76.5224
9.42426 76.5224
9.42426 76.5224
9.42426 76.5224
9.42426 76.5224
9.42426 76.5224
9.42426 76.5224
9.42426 76.5224
9.42426 76.5224
9.42426 76.5224
9.42426 76.5224
9.42426 76.5224
9.42426 76.5224
9.42426 76.5224
9.42426 76.5224
9.42426 76.5224
9.42426 76.5224
9.42426 76.5224
9.42426 76.5224
9.42426 76.5224
11.1242 78.8947
11.1242 78.8947
11.1242 78.8947
11.1242 78.8947
11.1242 78.8947
11.1242 78.8947
11.1242 78.8947
11.1242 78.8947
11.1242 78.8947
12.806 78.668
12.806 78.668
12.806 78.668
12.806 78.668
12.9446 78.7076
12.9446 78.7076
12.9446 78.7076
16.1789 80.1702
16.1789 80.1702
16.1789 80.1702
16.1789 80.1702
16.1789 80.1702
15.1648 81.4656
15.1648 81.4656
15.1648 81.4656
15.1648 81.4656
15.1648 81.4656
15.1648 81.4656
15.1648 81.4656
15.1648 81.4656
15.1648 81.4656
15.1648 81.4656
15.1648 81.4656
15.1648 81.4656
15.1648 81.4656
15.1648 81.4656
15.1648 81.4656
15.1648 81.4656
12.5769 85.4279
12.5769 85.4279
12.5769 85.4279
12.5769 85.4279
12.5769 85.4279
12.5769 85.4279
12.5769 85.4279
12.5769 85.4279
12.5769 85.4279
12.5769 85.4279
12.5769 85.4279
12.5769 85.4279
12.5769 85.4279
12.5769 85.4279
12.5769 85.4279
12.5769 85.4279
12.5769 85.4279
12.5769 85.4279
12.5769 85.4279
12.5769 85.4279
12.5769 85.4279
12.5769 85.4279
12.5769 85.4279
8.93703 88.6709
8.93703 88.6709
8.93703 88.6709
8.93703 88.6709
8.93703 88.6709
8.93703 88.6709
8.93703 88.6709
8.93703 88.6709
8.93703 88.6709
8.93703 88.6709
8.93703 88.6709
8.93703 88.6709
8.93703 88.6709
8.93703 88.6709
8.93703 88.6709
8.93703 88.6709
8.93703 88.6709
8.93703 88.6709
8.93703 88.6709
8.93703 88.6709
8.93703 88.6709
8.93703 88.6709
8.93703 88.6709
8.93703 88.6709
8.93703 88.6709
12.6342 90.0269
12.6342 90.0269
12.6342 90.0269
12.6342 90.0269
12.6342 90.0269
12.6342 90.0269
12.6342 90.0269
12.6342 90.0269
12.6342 90.0269
12.6342 90.0269
12.6342 90.0269
12.6342 90.0269
12.6342 90.0269
12.6342 90.0269
14.111 90.9757
14.111 90.9757
14.111 90.9757
14.111 90.9757
14.111 90.9757
14.111 90.9757
14.111 90.9757
14.111 90.9757
14.111 90.9757
14.111 90.9757
14.111 90.9757
14.111 90.9757
14.111 90.9757
14.111 90.9757
14.111 90.9757
14.111 90.9757
14.111 90.9757
14.111 90.9757
14.111 90.9757
14.111 90.9757
14.111 90.9757
20.9701 90.6002
20.9701 90.6002
20.9701 90.6002
20.9701 90.6002
20.9701 90.6002
20.9701 90.6002
22.3504 90.3514
22.3504 90.3514
22.3504 90.3514
22.3504 90.3514
22.3504 90.3514
22.3504 90.3514
22.3504 90.3514
22.3504 90.3514
22.3504 90.3514
22.3504 90.3514
22.3504 90.3514
25.6426 90.0746
25.6426 90.0746
25.6426 90.0746
26.4398 93.3284
26.4398 93.3284
26.4398 93.3284
26.4398 93.3284
26.4398 93.3284
26.4398 93.3284
26.4398 93.3284
26.4398 93.3284
26.4398 93.3284
26.4398 93.3284
26.4398 93.3284
26.4398 93.3284
26.4398 93.3284
26.4398 93.3284
34.524 89.8589
34.524 89.8589
34.524 89.8589
34.524 89.8589
34.524 89.8589
34.524 89.8589
34.524 89.8589
34.524 89.8589
34.524 89.8589
34.524 89.8589
34.524 89.8589
34.524 89.8589
34.524 89.8589
34.524 89.8589
34.524 89.8589
34.524 89.8589
34.524 89.8589
36.8441 86.0507
36.8441 86.0507
36.8441 86.0507
36.8441 86.0507
36.8441 86.0507
36.8441 86.0507
36.8441 86.0507
36.8441 86.0507
36.8441 86.0507
36.8441 86.0507
36.8441 86.0507
36.8441 86.0507
36.8441 86.0507
36.8441 86.0507
36.8441 86.0507
36.8441 86.0507
36.8441 86.0507
36.8441 86.0507
36.8441 86.0507
40.789 89.5864
40.789 89.5864
40.789 89.5864
40.789 89.5864
40.789 89.5864
40.789 89.5864
40.789 89.5864
40.789 89.5864
40.789 89.5864
44.3045 89.619
44.3045 89.619
44.3045 89.619
44.3045 89.619
44.3045 89.619
44.3045 89.619
44.3045 89.619
44.3045 89.619
44.3045 89.619
44.3045 89.619
44.3045 89.619
44.3045 89.619
44.3045 89.619
44.3045 89.619
44.3045 89.619
44.3045 89.619
44.3045 89.619
44.3045 89.619
44.3045 89.619
44.3045 89.619
44.3045 89.619
44.3045 89.619
44.3045 89.619
44.3045 89.619
44.3045 89.619
44.3045 89.619
44.3045 89.619
44.3045 89.619
44.3045 89.619
44.3045 89.619
44.3045 89.619
44.3045 89.619
44.3045 89.619
44.3045 89.619
44.3045 89.619
44.3045 89.619
44.3045 89.619
44.3045 89.619
44.3045 89.619
44.3045 89.619
55.4742 92.8478
55.4742 92.8478
55.4742 92.8478
55.4742 92.8478
55.4742 92.8478
55.4742 92.8478
55.4742 92.8478
55.4742 92.8478
55.4742 92.8478
55.4742 92.8478
55.4742 92.8478
55.4742 92.8478
55.4742 92.8478
55.4742 92.8478
55.4742 92.8478
55.4742 92.8478
53.3548 87.3266
53.3548 87.3266
53.3548 87.3266
53.3548 87.3266
53.3548 87.3266
53.3548 87.3266
53.3548 87.3266
50.2118 85.6694
50.2118 85.6694
50.2118 85.6694
49.7846 84.2531
49.7846 84.2531
49.7846 84.2531
49.7846 84.2531
49.7846 84.2531
49.7846 84.2531
49.7846 84.2531
49.7846 84.2531
49.7846 84.2531
49.7846 84.2531
49.7846 84.2531
49.7846 84.2531
49.7846 84.2531
49.7846 84.2531
44.1704 79.3606
44.1704 79.3606
44.1704 79.3606
40.2499 75.3013
40.2499 75.3013
40.2499 75.3013
40.2499 75.3013
40.2499 75.3013
40.2499 75.3013
40.2499 75.3013
40.2499 75.3013
40.2499 75.3013
40.2499 75.3013
40.2499 75.3013
41.9747 74.5462
41.9747 74.5462
41.9747 74.5462
41.9747 74.5462
47.844 70.1012
47.844 70.1012
47.844 70.1012
47.844 70.1012
47.844 70.1012
47.844 70.1012
47.844 70.1012
47.844 70.1012
47.844 70.1012
47.844 70.1012
47.844 70.1012
47.844 70.1012
47.844 70.1012
47.844 70.1012
47.844 70.1012
47.844 70.1012
47.844 70.1012
47.844 70.1012
47.844 70.1012
47.844 70.1012
44.9922 68.5757
44.9922 68.5757
44.9922 68.5757
44.9922 68.5757
44.9922 68.5757
44.9922 68.5757
44.9922 68.5757
44.9922 68.5757
44.9922 68.5757
44.9922 68.5757
44.9922 68.5757
38.7348 68.8153
38.7348 68.8153
38.7348 68.8153
38.7348 68.8153
37.2616 70.0188
37.2616 70.0188
37.2616 70.0188
37.2616 70.0188
37.2616 70.0188
37.2616 70.0188
35.503 73.4365
35.503 73.4365
35.503 73.4365
35.503 73.4365
35.503 73.4365
35.503 73.4365
35.503 73.4365
34.0627 67.3391
34.0627 67.3391
34.0627 67.3391
34.0627 67.3391
34.0627 67.3391
34.0627 67.3391
34.0627 67.3391
34.0627 67.3391
38.5696 65.6378
38.5696 65.6378
38.5696 65.6378
38.5696 65.6378
38.5696 65.6378
39.2506 65.5782
39.2506 65.5782
39.2506 65.5782
39.2506 65.5782
39.2506 65.5782
39.2506 65.5782
39.2506 65.5782
39.2506 65.5782
39.2506 65.5782
39.2506 65.5782
32.0035 58.239
32.0035 58.239
32.0035 58.239
32.0035 58.239
32.0035 58.239
32.0035 58.239
32.0035 58.239
32.0035 58.239
32.0035 58.239
38.9456 53.3894
38.9456 53.3894
38.9456 53.3894
38.9456 53.3894
38.9456 53.3894
38.6394 48.2911
38.6394 48.2911
38.6394 48.2911
38.6394 48.2911
38.6394 48.2911
38.6394 48.2911
40.5882 45.3451
40.5882 45.3451
40.5882 45.3451
40.5882 45.3451
40.5882 45.3451
40.5882 45.3451
40.5882 45.3451
40.5882 45.3451
40.5882 45.3451
40.5882 45.3451
40.5882 45.3451
40.5882 45.3451
40.5882 45.3451
42.6464 52.208
42.6464 52.208
42.6464 52.208
42.6464 52.208
42.6464 52.208
42.6464 52.208
42.6464 52.208
42.6464 52.208
42.6464 52.208
42.6464 52.208
42.6464 52.208
42.6464 52.208
42.6464 52.208
50.509 49.7929
50.509 49.7929
51.8657 47.8001
51.8657 47.8001
51.8657 47.8001
51.8657 47.8001
51.8657 47.8001
55.8549 50.9541
55.8549 50.9541
55.8549 50.9541
55.8549 50.9541
55.8549 50.9541
55.8549 50.9541
55.8549 50.9541
55.8549 50.9541
55.8549 50.9541
55.8549 50.9541
55.8549 50.9541
55.8549 50.9541
55.8549 50.9541
55.8549 50.9541
55.8549 50.9541
55.0651 55.0105
55.0651 55.0105
55.0651 55.0105
55.0651 55.0105
55.0651 55.0105
54.7937 55.8292
54.7937 55.8292
54.7937 55.8292
62.9398 49.6355
62.9398 49.6355
62.9398 49.6355
62.9398 49.6355
62.9398 49.6355
62.9398 49.6355
65.7243 49.3786
65.7243 49.3786
65.7243 49.3786
65.7243 49.3786
65.7243 49.3786
67.0757 52.1573
67.0757 52.1573
67.0757 52.1573
67.0757 52.1573
67.0757 52.1573
67.0757 52.1573
67.0757 52.1573
67.0757 52.1573
67.0757 52.1573
67.0757 52.1573
66.4929 58.1463
66.4929 58.1463
60.3119 62.5925
60.3119 62.5925
60.3119 62.5925
60.3119 62.5925
60.3119 62.5925
64.5769 64.4231
64.5769 64.4231
64.5769 64.4231
64.5769 64.4231
64.5769 64.4231
64.5769 64.4231
64.5769 64.4231
64.5769 64.4231
64.5769 64.4231
64.5769 64.4231
64.5769 64.4231
64.5769 64.4231
64.5769 64.4231
64.5769 64.4231
64.5769 64.4231
64.4614 64.8014
64.4614 64.8014
64.4614 64.8014
67.3205 69.868
67.3205 69.868
67.3205 69.868
67.3205 69.868
67.3205 69.868
67.3205 69.868
67.3205 69.868
67.3205 69.868
67.3205 69.868
67.3205 69.868
67.3205 69.868
67.3205 69.868
66.1359 72.7138
66.1359 72.7138
66.1359 72.7138
66.1359 72.7138
66.1359 72.7138
66.1359 72.7138
66.1359 72.7138
66.1359 72.7138
66.1359 72.7138
58.9106 89.0019
58.9106 89.0019
58.9106 89.0019
58.9106 89.0019
58.9106 89.0019
58.9106 89.0019
62.4241 88.4106
62.4241 88.4106
62.4241 88.4106
62.4241 88.4106
62.4241 88.4106
62.4241 88.4106
62.4241 88.4106
62.4241 88.4106
62.4241 88.4106
62.4241 88.4106
62.4241 88.4106
62.4241 88.4106
62.4241 88.4106
62.4241 88.4106
62.4241 88.4106
62.5958 87.672
62.5958 87.672
62.5958 87.672
62.5958 87.672
65.1443 89.889
65.1443 89.889
65.1443 89.889
65.1443 89.889
65.1443 89.889
65.1443 89.889
65.1443 89.889
65.1443 89.889
65.1443 89.889
70.1939 82.3928
70.1939 82.3928
70.1939 82.3928
70.1939 82.3928
70.1939 82.3928
70.1939 82.3928
70.1939 82.3928
70.1939 82.3928
77.0558 91.4681
77.0558 91.4681
77.0558 91.4681
77.0558 91.4681
77.0558 91.4681
77.0558 91.4681
77.0558 91.4681
77.0558 91.4681
77.0558 91.4681
77.0558 91.4681
86.2773 80.2381
86.2773 80.2381
86.2773 80.2381
86.2773 80.2381
86.2773 80.2381
86.2773 80.2381
86.2773 80.2381
86.2773 80.2381
86.2773 80.2381
86.2773 80.2381
86.2773 80.2381
86.2773 80.2381
86.2773 80.2381
77.7608 72.2509
77.7608 72.2509
77.7608 72.2509
77.7608 72.2509
77.7608 72.2509
77.7608 72.2509
82.322 61.9579
82.322 61.9579
82.322 61.9579
82.322 61.9579
82.322 61.9579
82.322 61.9579
82.322 61.9579
82.322 61.9579
82.322 61.9579
82.322 61.9579
83.9275 59.5789
83.9275 59.5789
78.7674 44.4324
78.7674 44.4324
78.7674 44.4324
78.7674 44.4324
78.7674 44.4324
78.7674 44.4324
78.7674 44.4324
79.8847 43.3467
79.8847 43.3467
79.8847 43.3467
79.8847 43.3467
74.6082 44.7339
74.6082 44.7339
74.6082 44.7339
74.6082 44.7339
74.6082 44.7339
82.3323 28.6722
82.3323 28.6722
86.2684 17.5916
86.2684 17.5916
86.2684 17.5916
86.2684 17.5916
86.2684 17.5916
86.2684 17.5916
