0,598,504,295,176,721,103,24,777,581,959,314,419,831,828,681,555,819,323,821,6,358,781,873,865,55,250,209,870,355,906,978,377,43,27,197,848,356,217,945,458,63,468,798,842,485,767,644,623,843,69,492,262,161,188,35,293,577,923,625,101,180,85,286,793,519,917,452,597,498,472,471,155,512,692,480,853,66,586,289,467,276,164,566,844,935,716,19,421,930,257,751,875,634,834,687,748,342,778,522,619,862,989,876,790,337,934,278,785,284,704,407,363,287,26,709,261,822,310,518,653,351,246,883,64,669,602,111,573,474,221,354,366,902,626,899,829,8,211,646,61,722,348,488,881,674,682,629,812,187,412,741,588,331,283,258,362,898,74,299,963,661,4,794,943,133,455,86,836,65,212,328,710,863,499,990,222,663,958,700,749,514,87,384,985,116,10,403,37,312,476,174,616,723,641,205,572,268,673,402,486,612,787,679,379,307,702,439,254,32,824,549,811,643,414,869,508,664,191,160,915,797,783,706,529,391,121,125,151,7,543,38,388,49,949,11,603,302,438,756,735,601,938,913,535,771,34,525,349,397,901,858,59,510,545,698,972,705,758,764,196,422,908,78,382,79,496,451,329,805,303,956,57,154,341,652,142,688,148,373,565,633,475,729,936,423,655,47,505,770,228,46,100,589,330,157,731,123,128,336,708,182,279,925,218,352,691,542,534,841,463,376,909,162,503,277,234,527,214,338,760,347,799,77,489,677,981,122,97,411,131,784,849,371,939,114,130,3,445,524,970,166,703,272,747,734,381,531,346,728,219,686,607,717,14,924,192,966,266,955,113,560,361,374,31,469,220,927,886,946,81,321,398,739,658,635,326,487,132,600,339,639,207,694,298,719,517,224,815,796,860,680,665,429,502,240,780,169,825,667,482,630,401,948,457,427,255,657,556,400,48,879,443,495,90,17,399,759,554,433,300,890,551,431,75,263,153,184,386,557,792,905,615,426,178,446,718,364,93,203,991,830,547,803,892,301,953,405,570,546,914,447,39,106,1,436,736,868,637,678,199,444,568,693,462,969,944,138,750,827,982,213,585,988,316,244,247,380,15,360,58,933,435,227,95,442,628,13,325,88,236,973,200,430,757,699,711,916,304,697,490,108,168,424,871,96,20,672,28,409,695,249,288,183,714,456,593,441,776,696,712,833,92,50,707,36,611,631,608,768,150,44,253,651,306,491,115,521,753,610,761,418,333,859,73,786,368,41,470,296,919,60,638,146,808,167,885,76,120,428,578,954,950,479,454,918,552,720,550,701,888,99,789,16,537,526,846,501,599,965,587,571,733,327,390,872,365,574,56,772,726,897,957,500,275,119,640,788,267,21,839,30,233,912,147,89,269,645,903,533,194,413,891,493,324,104,732,54,765,264,809,210,910,137,507,929,226,291,689,124,715,804,294,730,971,171,359,225,662,410,564,292,806,394,215,895,308,596,141,614,163,144,755,223,270,976,241,350,252,724,894,604,591,94,189,437,855,12,513,406,540,642,649,245,952,265,530,840,807,2,392,230,795,559,738,22,416,539,231,239,773,172,877,618,181,746,960,449,271,139,561,256,309,206,548,814,375,752,541,874,53,974,613,448,72,23,866,569,713,193,766,105,165,129,5,754,659,940,156,861,690,344,816,305,961,319,536,947,140,532,82,389,624,763,896,177,584,202,343,980,118,367,408,851,62,335,179,880,911,774,511,320,516,313,882,434,40,856,575,145,984,369,18,666,801,185,817,620,494,318,273,42,580,813,854,52,477,285,622,992,937,845,544,864,158,149,353,737,317,297,464,481,727,887,567,931,744,229,509,826,986,904,671,395,654,259,378,465,248,282,280,9,921,91,415,126,636,857,769,800,112,632,782,582,315,453,109,968,562,459,576,878,743,558,523,127,134,922,216,676,461,237,370,802,563,683,80,432,175,621,235,484,404,281,779,84,186,396,68,832,987,810,791,668,617,964,440,595,208,907,340,67,152,647,393,650,762,942,867,579,818,515,238,460,173,478,847,605,417,290,775,83,51,740,725,251,823,159,71,820,473,889,135,928,983,893,322,648,742,528,685,660,25,372,450,204,311,110,420,975,962,332,837,932,900,383,201,838,684,385,506,425,195,592,107,497,242,136,334,170,920,884,198,387,835,466,274,232,977,951,967,941,102,538,357,852,656,850,117,190,70,45,926,594,606,675,143,745,583,29,609,553,670,590,520,33,98,483,345,979,260,243,627,
value : 668.644 running time : 44.860277
80 20
67.6111 15.1949
67.6111 15.1949
67.6111 15.1949
67.6111 15.1949
67.6111 15.1949
67.6111 15.1949
67.6111 15.1949
67.6111 15.1949
67.6111 15.1949
67.6111 15.1949
60.8789 28.9381
60.8789 28.9381
60.8789 28.9381
60.8789 28.9381
60.8789 28.9381
60.8789 28.9381
60.8789 28.9381
62.4824 31.1444
62.4824 31.1444
62.4824 31.1444
62.4824 31.1444
62.4824 31.1444
59.0655 33.8437
59.0655 33.8437
59.0655 33.8437
59.0655 33.8437
59.0655 33.8437
59.0655 33.8437
59.0655 33.8437
59.0655 33.8437
59.0655 33.8437
59.0655 33.8437
59.0655 33.8437
59.0655 33.8437
51.7782 42.8563
51.7782 42.8563
51.7782 42.8563
51.7782 42.8563
51.7782 42.8563
51.7782 42.8563
51.7782 42.8563
54.9813 53.4575
54.9813 53.4575
54.9813 53.4575
54.9813 53.4575
54.9813 53.4575
54.9813 53.4575
54.9813 53.4575
54.9813 53.4575
54.9813 53.4575
54.9813 53.4575
54.9813 53.4575
54.9813 53.4575
54.9813 53.4575
54.9813 53.4575
54.9813 53.4575
54.9813 53.4575
54.9813 53.4575
54.9813 53.4575
54.9813 53.4575
47.1079 51.5988
47.1079 51.5988
47.1079 51.5988
47.1079 51.5988
47.1079 51.5988
45.5414 48.7875
45.5414 48.7875
45.5414 48.7875
45.5414 48.7875
45.5414 48.7875
45.5414 48.7875
45.5414 48.7875
45.5414 48.7875
45.5414 48.7875
45.5414 48.7875
49.0769 37.9647
49.0769 37.9647
49.0769 37.9647
49.0769 37.9647
47.2714 38.3954
47.2714 38.3954
47.2704 36.3662
47.2704 36.3662
47.2704 36.3662
47.2704 36.3662
47.2704 36.3662
47.2704 36.3662
47.2704 36.3662
47.2704 36.3662
47.2704 36.3662
47.2704 36.3662
47.2704 36.3662
47.2704 36.3662
47.2704 36.3662
40.0702 41.4613
40.0702 41.4613
40.0702 41.4613
40.0702 41.4613
40.0702 41.4613
40.0702 41.4613
40.0702 41.4613
40.0702 41.4613
40.0702 41.4613
40.0702 41.4613
39.7783 31.5761
39.7783 31.5761
39.7783 31.5761
39.7783 31.5761
37.598 19.8513
37.0801 17.0661
37.0801 17.0661
37.0801 17.0661
37.0801 17.0661
37.0801 17.0661
37.0801 17.0661
37.0801 17.0661
37.0801 17.0661
37.0801 17.0661
34.8898 15.1744
34.8898 15.1744
34.8898 15.1744
34.8898 15.1744
34.8898 15.1744
34.8898 15.1744
34.8898 15.1744
26.7852 16.3143
26.7852 16.3143
26.7852 16.3143
26.7852 16.3143
27.1364 20.4463
27.1364 20.4463
24.3213 22.125
24.3213 22.125
24.3213 22.125
24.3213 22.125
24.3213 22.125
13.6337 15.0039
13.6337 15.0039
13.6337 15.0039
13.6337 15.0039
12.5557 15.1493
12.5557 15.1493
12.5557 15.1493
12.5557 15.1493
12.5557 15.1493
12.5557 15.1493
12.5557 15.1493
12.5557 15.1493
12.617 15.6103
12.617 15.6103
12.617 15.6103
12.617 15.6103
12.617 15.6103
9.56788 28.7537
9.56788 28.7537
9.56788 28.7537
9.56788 28.7537
9.56788 28.7537
9.56788 28.7537
9.56788 28.7537
9.56788 28.7537
9.56788 28.7537
9.56788 28.7537
9.56788 28.7537
9.56788 28.7537
9.56788 28.7537
9.56788 28.7537
9.56788 28.7537
9.56788 28.7537
11.1432 38.8194
11.1432 38.8194
11.1432 38.8194
11.1432 38.8194
11.1432 38.8194
11.1432 38.8194
11.1432 38.8194
11.1432 38.8194
11.1432 38.8194
11.1432 38.8194
11.1432 38.8194
6.50817 41.7715
6.50817 41.7715
6.50817 41.7715
6.50817 41.7715
6.50817 41.7715
6.50817 41.7715
15.4091 39.782
15.4091 39.782
15.4091 39.782
15.4091 39.782
15.4091 39.782
15.4091 39.782
15.4091 39.782
18.3377 31.4051
18.3377 31.4051
18.3377 31.4051
18.3377 31.4051
18.3377 31.4051
18.3377 31.4051
18.3377 31.4051
18.3377 31.4051
24.3779 28.2383
24.3779 28.2383
24.3779 28.2383
24.3779 28.2383
24.3779 28.2383
24.3779 28.2383
24.3779 28.2383
24.3779 28.2383
24.3779 28.2383
24.3779 28.2383
24.3779 28.2383
24.3779 28.2383
28.1089 36.0292
28.1089 36.0292
28.1089 36.0292
28.1089 36.0292
28.1089 36.0292
28.1089 36.0292
28.1089 36.0292
26.8779 39.874
26.8779 39.874
26.8779 39.874
26.8779 39.874
26.8779 39.874
26.8779 39.874
26.8779 39.874
26.8779 39.874
26.8779 39.874
26.8779 39.874
26.8779 39.874
26.8779 39.874
27.5267 41.7889
27.5267 41.7889
27.5267 41.7889
27.5539 48.7385
27.5539 48.7385
27.5539 48.7385
27.5539 48.7385
27.5539 48.7385
24.4075 55.8434
24.4075 55.8434
24.4075 55.8434
24.4075 55.8434
24.4075 55.8434
24.4075 55.8434
24.4075 55.8434
22.5198 54.5567
22.5198 54.5567
22.5198 54.5567
22.5198 54.5567
22.5198 54.5567
22.5198 54.5567
22.5198 54.5567
22.5198 54.5567
22.5198 54.5567
22.5198 54.5567
19.6256 53.1692
19.6256 53.1692
19.6256 53.1692
19.6256 53.1692
19.6256 53.1692
19.6256 53.1692
19.6256 53.1692
19.6256 53.1692
19.6256 53.1692
19.6256 53.1692
19.6256 53.1692
19.6256 53.1692
19.6256 53.1692
19.6256 53.1692
19.0133 51.2356
19.0133 51.2356
19.0133 51.2356
19.0133 51.2356
19.0133 51.2356
19.0133 51.2356
19.0133 51.2356
19.0133 51.2356
19.0133 51.2356
19.0133 51.2356
19.0133 51.2356
19.0133 51.2356
19.0133 51.2356
19.0133 51.2356
19.0133 51.2356
12.1404 50.1991
12.1404 50.1991
12.1404 50.1991
12.1404 50.1991
12.1404 50.1991
9.5904 50.4446
9.5904 50.4446
9.5904 50.4446
9.5904 50.4446
9.5904 50.4446
9.5904 50.4446
9.5904 50.4446
9.5904 50.4446
10.492 56.0076
10.492 56.0076
10.492 56.0076
10.492 56.0076
10.492 56.0076
10.492 56.0076
10.492 56.0076
10.492 56.0076
10.492 56.0076
10.492 56.0076
10.492 56.0076
10.492 56.0076
10.492 56.0076
12.4107 60.1409
12.4107 60.1409
12.4107 60.1409
12.4107 60.1409
12.4107 60.1409
12.4107 60.1409
12.4107 60.1409
12.4107 60.1409
12.4107 60.1409
12.4107 60.1409
12.4107 60.1409
12.4107 60.1409
12.4107 60.1409
12.4107 60.1409
10.7817 60.5293
10.7817 60.5293
10.7817 60.5293
10.7817 60.5293
10.7817 60.5293
10.7817 60.5293
10.7817 60.5293
10.7817 60.5293
10.7817 60.5293
10.7817 60.5293
10.7817 60.5293
10.6087 61.8846
10.6087 61.8846
10.6087 61.8846
10.6087 61.8846
10.6087 61.8846
10.6087 61.8846
10.6087 61.8846
10.6087 61.8846
10.6087 61.8846
11.8896 65.4085
11.8896 65.4085
9.36229 66.6661
9.36229 66.6661
9.36229 66.6661
9.36229 66.6661
9.36229 66.6661
9.36229 66.6661
9.36229 66.6661
9.36229 66.6661
9.36229 66.6661
17.1439 73.6294
17.1439 73.6294
17.1439 73.6294
17.1439 73.6294
17.1439 73.6294
17.1439 73.6294
17.1439 73.6294
17.1439 73.6294
17.1439 73.6294
17.1439 73.6294
17.1439 73.6294
17.1439 73.6294
17.1439 73.6294
17.1439 73.6294
17.1439 73.6294
17.1439 73.6294
17.1439 73.6294
17.1439 73.6294
17.1439 73.6294
17.1439 73.6294
17.1439 73.6294
17.1439 73.6294
17.1439 73.6294
10.4835 73.887
10.4835 73.887
10.4835 73.887
10.4835 73.887
7.7178 74.2615
7.7178 74.2615
7.7178 74.2615
9.06786 76.992
9.06786 76.992
9.06786 76.992
9.06786 76.992
9.06786 76.992
9.06786 76.992
9.06786 76.992
9.06786 76.992
9.06786 76.992
9.06786 76.992
9.06786 76.992
9.06786 76.992
9.06786 76.992
9.06786 76.992
9.06786 76.992
9.06786 76.992
9.06786 76.992
9.06786 76.992
9.06786 76.992
9.06786 76.992
9.06786 76.992
9.06786 76.992
9.06786 76.992
9.06786 76.992
9.06786 76.992
9.06786 76.992
9.06786 76.992
11.2153 81.6887
11.2153 81.6887
11.2153 81.6887
11.2153 81.6887
11.2153 81.6887
11.2153 81.6887
11.2153 81.6887
11.2153 81.6887
11.2153 81.6887
11.2153 81.6887
11.2153 81.6887
11.2153 81.6887
11.2153 81.6887
11.2153 81.6887
9.34148 85.2947
9.34148 85.2947
9.34148 85.2947
9.34148 85.2947
9.34148 85.2947
9.34148 85.2947
9.34148 85.2947
9.34148 85.2947
9.34148 85.2947
9.34148 85.2947
9.34148 85.2947
9.34148 85.2947
9.34148 85.2947
9.34148 85.2947
9.34148 85.2947
9.34148 85.2947
9.34148 85.2947
9.34148 85.2947
9.34148 85.2947
9.34148 85.2947
9.34148 85.2947
9.34148 85.2947
9.34148 85.2947
9.34148 85.2947
9.34148 85.2947
9.34148 85.2947
9.34148 85.2947
9.34148 85.2947
9.34148 85.2947
9.34148 85.2947
9.34148 85.2947
9.34148 85.2947
9.34148 85.2947
9.34148 85.2947
9.34148 85.2947
9.34148 85.2947
9.34148 85.2947
9.34148 85.2947
9.34148 85.2947
9.81178 89.2117
9.81178 89.2117
9.81178 89.2117
9.81178 89.2117
9.81178 89.2117
9.78823 89.3843
9.78823 89.3843
9.78823 89.3843
9.78823 89.3843
9.78823 89.3843
10.4017 89.0889
10.4017 89.0889
10.4017 89.0889
10.4017 89.0889
10.4017 89.0889
13.482 88.066
13.482 88.066
13.482 88.066
13.482 88.066
13.482 88.066
13.482 88.066
13.482 88.066
13.482 88.066
13.482 88.066
13.482 88.066
18.0788 89.6558
18.0788 89.6558
18.0788 89.6558
18.0788 89.6558
18.0788 89.6558
18.0788 89.6558
18.0788 89.6558
18.0788 89.6558
18.1141 87.236
18.1141 87.236
18.1141 87.236
24.4637 88.1227
24.4637 88.1227
24.4637 88.1227
24.4637 88.1227
24.4637 88.1227
24.4637 88.1227
24.4637 88.1227
24.4637 88.1227
24.4637 88.1227
24.4637 88.1227
24.4637 88.1227
24.4637 88.1227
24.4637 88.1227
24.4637 88.1227
24.4637 88.1227
24.4637 88.1227
24.4637 88.1227
24.4637 88.1227
24.4637 88.1227
24.4637 88.1227
24.8347 88.2818
24.8347 88.2818
24.8347 88.2818
24.8347 88.2818
24.8347 88.2818
24.8347 88.2818
24.8347 88.2818
24.8347 88.2818
24.8347 88.2818
24.8347 88.2818
24.8347 88.2818
24.8347 88.2818
24.8347 88.2818
24.8347 88.2818
24.8347 88.2818
24.8347 88.2818
24.8347 88.2818
24.8347 88.2818
24.8347 88.2818
24.8347 88.2818
24.8347 88.2818
24.8347 88.2818
24.8347 88.2818
24.8347 88.2818
24.8347 88.2818
24.8347 88.2818
24.8347 88.2818
24.8347 88.2818
24.8347 88.2818
24.8347 88.2818
24.8347 88.2818
24.8347 88.2818
24.8347 88.2818
24.8347 88.2818
24.8347 88.2818
24.8347 88.2818
24.8347 88.2818
24.8347 88.2818
30.0985 78.2057
30.0985 78.2057
30.0985 78.2057
30.0985 78.2057
30.1377 73.0712
30.1377 73.0712
30.1377 73.0712
29.803 68.6398
29.803 68.6398
29.803 68.6398
29.803 68.6398
29.803 68.6398
29.803 68.6398
29.803 68.6398
29.803 68.6398
29.803 68.6398
29.803 68.6398
29.803 68.6398
29.803 68.6398
29.803 68.6398
29.803 68.6398
29.803 68.6398
29.803 68.6398
29.803 68.6398
29.803 68.6398
29.803 68.6398
29.803 68.6398
22.6817 65.8709
22.6817 65.8709
22.6817 65.8709
22.6817 65.8709
22.6817 65.8709
19.2617 60.4354
19.2617 60.4354
19.2617 60.4354
19.2617 60.4354
19.2617 60.4354
25.1392 59.9697
25.1392 59.9697
25.1392 59.9697
25.1392 59.9697
25.1392 59.9697
25.1392 59.9697
25.1392 59.9697
25.1392 59.9697
29.1059 58.311
29.1059 58.311
29.1059 58.311
34.2476 55.8016
34.2476 55.8016
34.2476 55.8016
34.2476 55.8016
34.2476 55.8016
34.2476 55.8016
34.2476 55.8016
34.2476 55.8016
34.2476 55.8016
34.2476 55.8016
34.2476 55.8016
34.2476 55.8016
33.9009 66.2307
33.9009 66.2307
33.9009 66.2307
33.9009 66.2307
33.9009 66.2307
33.9009 66.2307
33.9009 66.2307
33.9009 66.2307
33.9009 66.2307
33.9009 66.2307
33.7949 72.0896
33.7949 72.0896
33.7949 72.0896
33.7949 72.0896
33.7949 72.0896
33.7949 72.0896
33.7949 72.0896
33.7949 72.0896
36.6489 75.4924
36.6489 75.4924
36.6489 75.4924
36.6489 75.4924
36.6489 75.4924
37.8073 76.5959
37.8073 76.5959
37.8073 76.5959
37.8073 76.5959
37.8073 76.5959
37.8073 76.5959
37.8073 76.5959
37.8073 76.5959
37.8073 76.5959
37.8073 76.5959
37.8073 76.5959
37.8073 76.5959
37.8073 76.5959
37.8073 76.5959
37.8073 76.5959
37.8073 76.5959
37.8073 76.5959
37.8073 76.5959
43.8855 78.232
43.8855 78.232
43.8855 78.232
43.8855 78.232
43.9923 83.7802
43.9923 83.7802
43.9923 83.7802
43.9923 83.7802
43.9923 83.7802
43.9923 83.7802
43.9923 83.7802
41.9035 89.0818
41.9035 89.0818
41.9035 89.0818
41.9035 89.0818
41.9035 89.0818
41.9035 89.0818
41.9035 89.0818
41.9035 89.0818
41.9035 89.0818
41.9035 89.0818
41.9035 89.0818
41.9035 89.0818
41.9035 89.0818
41.9035 89.0818
41.9035 89.0818
41.9035 89.0818
41.9035 89.0818
41.9035 89.0818
41.9035 89.0818
41.9035 89.0818
41.9035 89.0818
41.9035 89.0818
41.2928 92.3194
41.2928 92.3194
41.2928 92.3194
41.2928 92.3194
41.2928 92.3194
41.2928 92.3194
41.2928 92.3194
41.2928 92.3194
41.2928 92.3194
41.2928 92.3194
41.2928 92.3194
41.2928 92.3194
41.2928 92.3194
41.2928 92.3194
41.2928 92.3194
41.2928 92.3194
41.2928 92.3194
41.2928 92.3194
41.2928 92.3194
43.7596 93.5449
43.7596 93.5449
43.7596 93.5449
43.7596 93.5449
43.7596 93.5449
43.7596 93.5449
43.7596 93.5449
43.7596 93.5449
43.7596 93.5449
43.7596 93.5449
43.7596 93.5449
43.7596 93.5449
44.2271 90.742
44.2271 90.742
44.2271 90.742
52.4174 89.9606
52.4174 89.9606
52.4174 89.9606
52.4174 89.9606
52.4174 89.9606
52.4174 89.9606
52.4174 89.9606
52.4174 89.9606
52.4174 89.9606
52.4174 89.9606
52.4174 89.9606
52.4174 89.9606
52.4174 89.9606
52.4174 89.9606
52.4174 89.9606
52.4174 89.9606
52.4174 89.9606
52.4174 89.9606
52.4174 89.9606
52.4174 89.9606
52.4174 89.9606
52.4174 89.9606
52.4174 89.9606
52.4174 89.9606
52.4174 89.9606
52.4174 89.9606
52.4174 89.9606
52.4174 89.9606
52.7644 89.6452
52.7644 89.6452
52.7644 89.6452
52.7644 89.6452
52.7644 89.6452
52.7644 89.6452
52.7644 89.6452
52.7644 89.6452
52.7644 89.6452
52.7644 89.6452
52.7644 89.6452
62.3634 90.7122
62.3634 90.7122
62.3634 90.7122
62.3634 90.7122
62.3634 90.7122
62.3634 90.7122
65.7022 90.2039
65.7022 90.2039
65.7022 90.2039
65.7022 90.2039
65.7022 90.2039
65.7022 90.2039
65.7022 90.2039
67.0803 90.4702
67.0803 90.4702
67.0803 90.4702
67.0803 90.4702
67.0803 90.4702
67.0803 90.4702
67.0803 90.4702
67.0803 90.4702
67.0803 90.4702
67.0803 90.4702
67.0803 90.4702
67.0803 90.4702
67.0803 90.4702
67.0803 90.4702
67.0803 90.4702
67.0803 90.4702
67.0803 90.4702
67.0803 90.4702
67.0803 90.4702
67.0803 90.4702
59.4934 81.1943
59.4934 81.1943
59.4934 81.1943
59.4934 81.1943
59.4934 81.1943
59.4934 81.1943
59.4934 81.1943
59.4934 81.1943
58.1988 79.986
58.1988 79.986
58.1988 79.986
58.1988 79.986
58.1988 79.986
58.1988 79.986
58.1988 79.986
58.1988 79.986
52.0624 74.5218
52.0624 74.5218
52.0624 74.5218
52.0624 74.5218
52.0624 74.5218
52.0624 74.5218
52.0624 74.5218
52.0624 74.5218
52.0624 74.5218
52.0624 74.5218
52.0624 74.5218
52.0624 74.5218
52.0624 74.5218
52.0624 74.5218
52.0624 74.5218
52.0624 74.5218
52.0624 74.5218
52.0624 74.5218
52.0624 74.5218
52.0624 74.5218
52.0624 74.5218
40.7013 68.4107
40.7013 68.4107
40.7013 68.4107
40.7013 68.4107
42.6137 60.5944
42.6137 60.5944
42.6137 60.5944
42.6137 60.5944
42.6137 60.5944
42.6137 60.5944
42.6137 60.5944
42.6137 60.5944
42.6137 60.5944
42.6137 60.5944
46.9275 66.1408
46.9275 66.1408
46.9275 66.1408
46.9275 66.1408
46.9275 66.1408
46.9275 66.1408
46.9275 66.1408
46.9275 66.1408
46.9275 66.1408
46.9275 66.1408
46.9275 66.1408
46.9275 66.1408
46.9275 66.1408
53.8663 65.3417
61.1223 64.5062
61.1223 64.5062
61.1223 64.5062
61.1223 64.5062
61.1223 64.5062
61.1223 64.5062
61.1223 64.5062
61.1223 64.5062
61.1223 64.5062
61.1223 64.5062
61.1223 64.5062
61.1223 64.5062
61.1223 64.5062
61.1223 64.5062
61.1223 64.5062
61.1223 64.5062
61.1223 64.5062
61.1223 64.5062
61.1223 64.5062
61.1223 64.5062
61.1223 64.5062
61.1223 64.5062
69.8517 69.0267
69.8517 69.0267
69.8517 69.0267
69.8517 69.0267
69.8517 69.0267
69.8517 69.0267
69.8517 69.0267
69.8517 69.0267
69.8517 69.0267
70.0706 75.3014
70.0706 75.3014
70.0706 75.3014
70.0706 75.3014
70.0706 75.3014
76.3354 81.7102
76.3354 81.7102
73.7455 85.051
73.7455 85.051
73.7455 85.051
73.7455 85.051
82.0606 87.6803
82.0606 87.6803
82.0606 87.6803
82.4162 88.5646
82.4162 88.5646
82.4162 88.5646
82.4162 88.5646
82.4162 88.5646
82.4162 88.5646
82.4162 88.5646
85.8191 80.7535
85.8191 80.7535
85.8191 80.7535
85.8191 80.7535
86.6229 79.0014
86.6229 79.0014
86.6229 79.0014
86.6229 79.0014
75.1759 66.3763
75.1759 66.3763
75.1759 66.3763
75.1759 66.3763
75.1759 66.3763
75.1759 66.3763
78.1924 62.7929
78.1924 62.7929
78.1924 62.7929
78.1924 62.7929
78.1924 62.7929
78.1924 62.7929
78.1924 62.7929
78.1924 62.7929
81.0684 56.5911
81.0684 56.5911
81.0684 56.5911
81.0684 56.5911
84.3384 54.0534
84.3384 54.0534
84.3384 54.0534
84.3384 54.0534
84.3384 54.0534
84.3384 54.0534
84.3384 54.0534
84.3384 54.0534
84.3384 54.0534
78.8223 50.2238
78.8223 50.2238
78.8223 50.2238
78.8223 50.2238
78.8223 50.2238
78.8223 50.2238
78.8223 50.2238
78.8223 50.2238
78.8223 50.2238
68.5252 55.5536
68.5252 55.5536
68.5252 55.5536
68.5252 55.5536
68.5252 55.5536
68.5252 55.5536
68.5252 55.5536
68.5252 55.5536
65.6909 48.4918
65.6909 48.4918
65.6909 48.4918
65.6909 48.4918
65.6909 48.4918
65.6909 48.4918
71.7176 49.232
71.7176 49.232
71.7176 49.232
71.7176 49.232
71.7176 49.232
71.7176 49.232
81.5878 29.06
81.5878 29.06
81.5878 29.06
84.4746 23.5299
86.1715 17.5007
86.1715 17.5007
86.1715 17.5007
86.1715 17.5007
86.1715 17.5007
86.1715 17.5007
