0,959,504,24,295,777,103,176,598,721,819,581,355,377,197,844,217,66,681,675,63,906,716,870,875,821,978,785,45,19,865,6,209,276,358,873,55,250,751,634,781,27,458,164,43,935,257,930,357,831,828,555,232,644,606,798,810,282,743,472,923,512,492,621,843,461,342,623,519,262,286,577,793,210,85,945,188,791,396,453,538,101,238,968,964,468,762,515,264,186,907,293,625,832,857,802,668,35,173,340,440,921,144,80,208,755,91,986,800,563,671,562,245,369,826,432,126,782,632,769,801,536,335,259,861,9,690,94,280,582,109,82,894,193,513,248,636,319,134,724,215,659,976,241,895,540,484,910,235,617,175,683,226,291,56,216,804,365,161,84,779,523,225,471,855,662,163,171,350,715,21,281,137,596,54,720,878,493,912,645,410,789,729,79,788,730,965,89,576,676,558,459,533,604,839,732,922,765,370,104,597,269,498,862,69,891,237,194,452,522,848,480,356,421,7,586,147,619,989,692,853,679,160,467,811,278,566,790,687,155,180,151,26,834,307,787,709,822,379,419,934,289,704,824,64,111,626,573,363,407,261,310,287,518,653,669,337,883,351,641,702,899,915,602,284,354,221,943,366,836,673,254,246,439,643,629,61,412,902,187,646,722,812,211,881,348,474,488,8,74,794,299,674,588,362,682,258,741,572,710,4,963,133,661,402,87,514,331,455,86,283,330,78,268,384,154,663,534,463,936,770,949,616,505,841,312,652,700,898,10,863,499,123,46,403,47,212,148,805,542,328,708,972,182,218,303,373,279,476,228,797,496,122,157,527,489,858,849,116,909,749,57,352,341,128,731,214,633,705,510,748,688,771,174,698,100,956,222,958,423,414,37,990,985,829,205,917,397,11,388,535,191,32,664,612,869,549,121,486,529,125,65,49,127,778,706,324,302,783,545,876,267,30,809,413,929,603,756,38,508,758,938,913,59,908,525,475,451,422,655,733,438,723,543,391,142,897,772,764,589,981,411,901,565,691,275,233,677,925,427,799,376,371,3,760,703,277,336,500,119,131,130,192,400,338,630,166,747,347,784,162,970,517,607,665,948,272,680,482,879,219,14,77,531,381,667,657,639,694,207,196,97,114,717,939,734,524,234,255,556,398,966,429,560,971,726,113,321,739,443,601,81,349,587,957,846,501,327,266,507,382,359,886,502,390,361,454,99,184,735,132,599,329,552,34,658,640,308,903,296,806,404,614,16,189,689,41,757,574,924,537,600,672,60,697,919,394,256,591,649,571,252,564,786,120,288,635,333,526,479,431,495,927,490,550,888,872,167,950,701,360,50,954,168,220,946,368,944,445,860,570,426,546,830,487,326,890,240,178,346,374,457,991,796,686,551,93,316,300,615,914,90,75,108,169,298,31,905,503,433,759,982,955,554,728,224,792,263,892,48,58,825,693,868,153,637,1,585,339,115,815,916,199,753,988,247,712,447,436,17,695,699,213,380,568,628,719,301,446,138,304,973,462,442,547,203,803,711,969,827,405,736,678,236,39,953,15,386,200,364,435,106,444,424,718,95,401,325,750,249,244,776,608,780,183,399,227,578,418,557,13,833,88,456,696,469,768,441,430,859,871,409,933,36,96,521,306,253,44,638,651,610,20,611,808,146,470,795,73,761,76,231,918,28,960,631,150,230,223,92,773,428,885,491,593,714,613,974,72,172,392,877,265,752,139,124,2,270,952,774,713,105,763,129,239,156,561,814,947,313,406,840,141,181,292,416,271,866,807,530,642,165,437,532,305,624,539,294,343,707,140,408,548,22,766,309,516,320,375,53,738,389,569,206,874,448,961,511,449,559,5,434,746,851,754,541,882,940,177,315,584,887,367,179,618,880,477,980,415,344,23,202,229,317,896,737,992,40,62,856,575,911,273,185,984,823,297,464,52,112,460,118,937,987,744,847,904,395,845,145,378,51,931,816,813,290,465,666,159,864,12,251,318,817,353,158,567,622,42,620,18,544,285,149,83,71,417,775,494,854,818,580,893,983,135,322,820,928,528,648,725,889,685,473,372,311,25,450,660,742,383,204,740,332,385,595,481,837,900,152,579,962,654,509,393,67,767,727,605,650,867,110,975,647,478,850,201,656,941,420,852,583,485,942,68,323,926,745,143,314,594,835,609,117,387,838,29,70,842,553,136,334,670,592,102,190,884,684,977,967,951,170,920,195,932,198,425,506,242,107,497,466,98,33,520,274,590,243,627,483,260,979,345,
value : 515.827 running time : 48.008928
80 20
71.2849 16.9508
70.2914 16.6031
69.3585 16.2767
68.4676 15.9649
67.6194 15.668
66.9455 15.4322
66.3661 16.2638
65.7378 17.1657
65.1075 18.0702
63.158 20.8701
61.2416 23.622
58.7788 27.1592
57.2043 29.4199
55.9913 31.1613
55.5429 31.8048
55.2066 32.2874
54.988 32.6012
54.7882 32.8879
54.5898 33.1725
54.4546 33.3664
54.3435 33.5258
54.2389 33.6758
54.1394 33.8185
54.0441 33.9552
53.9661 34.0671
53.8835 34.1857
53.8062 34.2964
53.729 34.4073
53.6474 34.5243
53.5677 34.6386
53.4887 34.7519
53.4022 34.876
53.3142 35.0021
53.2997 35.0229
53.2848 35.0444
53.2677 35.0688
53.2497 35.0946
53.2325 35.1194
53.215 35.1445
53.1982 35.1685
53.1805 35.194
53.1622 35.2202
53.1449 35.245
53.1264 35.2716
53.1069 35.2995
53.0881 35.3265
53.7118 36.3641
54.3049 37.3509
54.3889 37.4908
54.7221 38.045
55.0671 38.6191
58.258 43.9268
57.4273 45.6261
56.5116 47.4996
54.5504 51.5128
54.1477 52.3364
53.8201 53.0063
53.5808 53.4958
53.4518 53.7594
53.3142 54.0408
53.1814 54.3123
53.0142 54.6542
52.8357 55.0194
52.6752 55.3475
52.5036 55.6984
52.4899 55.8747
52.4752 56.0656
52.4598 56.2642
52.4442 56.4655
52.4279 56.676
52.4121 56.8804
52.3964 57.083
52.3809 57.2836
52.3539 57.6325
52.326 57.9938
52.2928 58.4232
52.2584 58.8681
52.2256 59.2931
52.1891 59.7646
52.1566 60.1853
52.1223 60.6296
52.086 61.0987
52.0534 61.5215
52.0223 61.9228
51.9915 62.3211
51.9615 62.7095
51.9322 63.0885
51.903 63.4656
51.8725 63.86
51.8341 64.3568
51.7883 64.95
51.7115 65.9454
51.6186 67.1506
51.5983 67.4136
51.579 67.662
51.5623 67.8777
51.5454 68.0964
51.5223 68.3945
51.5156 68.4731
51.4684 69.0212
51.4218 69.5621
51.3701 70.1623
51.3206 70.7383
51.2743 71.2776
51.2334 71.7538
51.1909 72.249
51.1488 72.7394
51.1078 73.2166
51.0675 73.6858
51.0257 74.1725
50.9867 74.6273
50.9479 75.0792
50.9109 75.5109
50.8755 75.9241
50.8391 76.3492
50.8052 76.7449
50.7698 77.1592
50.7346 77.5702
50.6997 77.9777
50.6653 78.3785
50.6325 78.7616
50.6325 78.7616
50.6325 78.7617
50.6325 78.7617
50.6325 78.7617
50.6325 78.7617
50.4223 78.6331
50.2047 78.4999
49.9898 78.3684
49.7728 78.2357
49.545 78.0963
49.3303 77.9649
49.1137 77.8324
48.9049 77.7046
48.6883 77.5721
48.4717 77.4396
48.265 77.3132
48.0674 77.1922
47.863 77.0672
47.6646 76.9458
47.473 76.8286
47.2931 76.7185
47.1076 76.6051
46.8091 76.0025
46.5021 75.3824
46.1971 74.7667
45.9107 74.1884
45.6504 73.6627
45.408 73.1729
45.1824 72.7173
44.9863 72.3213
44.8005 71.9458
44.626 71.5933
44.4689 71.2759
44.318 70.971
44.1797 70.6915
44.0473 70.424
43.9168 70.1602
43.9168 70.1602
43.5885 69.9332
43.2634 69.7084
42.9442 69.4878
42.6285 69.2695
42.4059 69.1156
42.1693 68.952
41.9477 68.7988
41.7308 68.6488
41.5183 68.5019
41.2931 68.3462
41.0713 68.1928
40.861 68.0475
39.9191 67.8722
39.0571 67.7119
38.2361 67.5592
37.4573 67.4144
37.0486 67.3384
36.6532 67.2649
36.2641 67.1926
35.8789 67.121
35.4865 67.0481
35.1151 66.9791
35.2389 66.0568
35.3362 65.3319
35.3379 65.3193
35.3395 65.3073
35.3416 65.292
35.3438 65.2757
35.3454 65.2633
35.347 65.2513
35.3487 65.2391
35.3503 65.2271
35.3519 65.2148
35.3534 65.2038
35.5258 63.9165
35.6934 62.6648
35.8526 61.476
36.0044 60.3418
36.1496 59.2574
36.2921 58.1932
36.4386 57.0992
36.5784 56.0555
36.7089 55.0802
36.9991 50.5802
37.1258 48.6189
37.1603 48.0862
37.1996 47.4803
37.2441 46.7914
37.2885 46.1057
37.3304 45.4577
37.3759 44.7553
37.4221 44.0415
37.4642 43.3902
37.5062 42.7414
37.5326 42.3344
37.5585 41.9337
37.574 41.6962
37.5954 41.3646
37.6184 41.0104
37.6421 40.6447
37.6653 40.2866
37.6871 39.9499
37.7092 39.608
37.7269 39.3359
37.7399 39.1352
37.7535 38.9258
37.7655 38.7398
37.7784 38.541
37.791 38.3472
37.8038 38.1494
37.8174 37.9402
37.981 35.4048
38.2767 30.8206
38.3481 29.7151
38.4208 28.5911
38.4767 27.7266
38.5341 26.8385
38.588 26.0056
38.6408 25.1905
38.6965 24.3289
38.4941 23.7325
38.2812 23.1055
38.0011 22.2802
37.7861 21.6467
37.5374 20.914
37.3239 20.285
37.1059 19.6427
36.8897 19.006
36.686 18.4056
36.5106 17.889
36.3634 17.4552
36.1774 16.9073
35.9851 16.3409
35.8146 15.8384
34.9097 15.9233
33.4764 16.0577
32.1751 16.1797
30.55 16.332
28.655 16.5096
26.3453 16.7259
25.7589 16.7809
25.1862 16.8347
24.6756 16.8827
24.1771 16.9295
23.713 16.9731
23.2401 17.0175
22.7568 17.0629
19.7476 17.3445
19.1895 17.1953
18.6727 17.0571
18.1178 16.9088
17.6622 16.787
17.1934 16.6616
16.4807 16.4711
15.5719 16.2282
14.412 15.9182
13.5345 15.6837
13.1993 15.5941
12.8853 15.5101
12.4437 15.392
12.378 15.3744
12.3164 15.3579
12.2617 15.3433
12.2284 15.534
12.1956 15.7218
12.1591 15.9306
12.1233 16.1358
12.0925 16.3121
12.0304 16.6679
11.4714 19.8684
11.3108 20.7884
11.2379 21.2061
11.1718 21.5843
11.0962 22.0171
11.0117 22.5013
10.9214 23.0183
10.805 23.6846
10.6993 24.2899
10.5827 24.9579
10.4737 25.5819
10.3687 26.1828
10.2701 26.7476
10.1654 27.3469
10.0685 27.9022
9.95671 28.5422
9.80185 29.4289
9.67501 30.1553
9.55735 30.829
9.39725 31.7458
9.13451 33.2503
8.86054 34.8191
8.62376 36.175
8.45077 37.1656
8.41198 37.3877
8.34416 37.7761
8.27882 38.1502
8.22485 38.4592
8.17321 38.755
8.13251 38.988
8.09528 39.2012
8.09528 39.2012
8.09528 39.2012
8.06887 39.1798
8.04335 39.1591
7.98901 39.1151
7.93305 39.0698
7.8778 39.025
7.82029 38.9784
7.76196 38.9312
8.20744 39.9232
8.67743 40.9698
9.15882 42.0417
9.67123 43.1828
10.1983 44.3565
10.7135 45.5041
10.7135 45.5041
10.7135 45.5041
10.7135 45.5041
10.7135 45.5041
10.7135 45.5041
10.7135 45.5041
10.6072 45.7937
10.5257 46.016
10.4483 46.2268
10.3738 46.43
10.3015 46.6269
10.2293 46.8238
10.158 47.018
10.0861 47.2141
10.0157 47.406
9.94651 47.5945
9.87525 47.7887
9.80129 47.9903
9.91536 47.9858
10.0355 47.9811
10.1615 47.9761
10.291 47.971
10.4022 47.9666
10.5848 47.9593
10.8325 47.9495
11.074 47.94
11.3236 47.9301
11.5854 47.9197
11.836 47.9098
12.0885 47.8998
12.4321 47.8862
12.7843 47.8723
16.2707 47.7346
17.8372 47.6727
18.5232 47.6455
18.5374 46.2415
18.5374 46.2415
18.5374 46.2415
18.5373 46.2414
18.5373 46.2414
18.5373 46.2414
18.1489 45.3387
17.8573 44.6603
17.532 43.9039
17.6561 43.8674
17.7806 43.8307
17.7806 43.8307
17.7806 43.8307
17.7806 43.8307
21.8946 43.003
24.9564 42.3868
28.163 41.7415
28.3275 41.7083
28.4978 41.674
28.6704 41.6392
28.8427 41.6045
29.0238 41.5679
29.0238 41.5679
29.0238 41.5679
29.0238 41.5679
29.0238 41.5679
29.0238 41.5679
29.0238 41.5679
29.0188 41.6904
29.0133 41.8224
29.0076 41.9607
28.9971 42.2125
28.8141 46.679
28.6411 50.8971
28.6205 50.9436
28.6005 50.9888
28.5774 51.0409
28.5576 51.0854
28.5375 51.1308
28.5148 51.182
28.4951 51.2264
28.4732 51.2758
28.4529 51.3215
28.4335 51.3653
28.2897 51.4647
28.1418 51.567
27.9942 51.669
27.8445 51.7725
27.6981 51.8738
27.544 51.9803
27.384 52.091
27.2349 52.1941
27.0911 52.2935
26.9419 52.3967
26.7996 52.4951
26.6571 52.5936
26.5092 52.6959
26.3538 52.8034
26.2128 52.9009
26.0785 52.9937
25.5724 53.3439
25.0838 53.6818
24.5424 54.0564
23.879 54.5154
23.0956 55.0576
22.278 55.6234
21.4392 56.2038
20.6672 56.7381
19.9734 57.2182
19.3344 57.6603
18.7832 58.0417
18.2362 58.4202
17.7224 58.7756
17.1446 59.1753
16.574 59.5702
15.9941 59.9714
15.4216 60.3675
14.7865 60.807
14.1675 61.2353
13.6683 61.5807
13.4341 61.7427
13.3711 61.7862
13.3051 61.8319
13.2617 61.8619
13.2164 61.8932
13.1705 61.9249
13.1227 61.958
13.0804 61.9872
13.0336 62.0196
12.9894 62.0501
12.9472 62.0793
12.9047 62.1087
12.8583 62.1408
12.8117 62.173
12.7666 62.2041
12.7227 62.2345
12.6769 62.2662
12.5447 62.6206
12.4119 62.9768
12.2954 63.289
12.1806 63.5969
12.0694 63.8951
11.9601 64.1882
11.8614 64.4529
11.7823 64.6647
11.7062 64.8688
11.6314 65.0692
11.5575 65.2672
11.4838 65.4648
11.4097 65.6633
11.3359 65.8611
11.2623 66.0584
11.1905 66.2508
11.1202 66.4393
11.0487 66.6309
10.9811 66.812
10.9172 66.9834
10.8548 67.1505
10.7961 67.3077
10.7394 67.4598
10.8482 67.4855
10.9491 67.5094
11.0484 67.5329
11.1409 67.5548
11.2383 67.5778
11.3509 67.6044
11.4702 67.6327
11.578 67.6582
11.6968 67.6863
11.824 67.7164
11.9567 67.7478
12.078 67.7764
13.0207 67.9998
13.9099 68.2105
14.5108 68.3528
14.9492 68.4566
15.3511 68.5518
15.7457 68.6452
16.5133 68.827
17.2991 69.0132
18 69.1792
18.6689 69.3376
19.3597 69.5012
19.984 69.649
20.5616 69.7858
20.6757 69.8128
20.7926 69.8405
20.9023 69.8664
21.0125 69.8925
21.1229 69.9186
21.2325 69.9446
21.3407 69.9702
21.4332 69.992
21.5259 70.0139
21.6268 70.0378
21.7185 70.0595
21.8162 70.0826
21.9044 70.1035
21.9938 70.1246
22.0889 70.1471
22.1823 70.1692
22.2795 70.1922
22.3709 70.2138
22.4674 70.2367
22.5654 70.2598
22.6635 70.2831
22.7689 70.308
24.4014 71.7992
25.1843 72.5142
26.0409 73.2965
26.7114 73.9087
27.2276 74.38
27.6084 74.7276
27.8601 74.9574
28.1079 75.1835
28.3276 75.3841
28.5436 75.5812
28.7569 75.776
28.9707 75.971
29.1859 76.1674
29.5831 76.5301
30.0012 76.9118
30.5117 77.3779
30.7502 77.5956
30.9883 77.8129
31.2363 78.0393
31.4702 78.2529
31.6428 78.4104
31.81 78.5629
31.983 78.7208
32.1487 78.872
32.3286 79.0363
32.5102 79.202
27.8214 82.2621
27.1962 82.1362
26.2908 81.954
25.4922 81.7932
24.8233 81.6585
24.1616 81.5253
23.5848 81.4092
23.0854 81.3086
22.6034 81.2115
22.187 81.1277
21.9275 81.0999
21.661 81.0714
21.393 81.0427
21.1232 81.0138
20.7228 80.9709
20.2775 80.9233
19.8303 80.8755
19.3913 80.8285
18.9605 80.7824
18.5133 80.7346
17.817 80.6601
17.1096 80.5845
16.3676 80.5051
15.5386 80.4165
11.9135 80.0297
10.694 79.8994
10.692 79.9407
10.69 79.9819
10.6881 80.0221
10.6862 80.0615
10.6843 80.0999
10.6824 80.141
10.6805 80.1803
10.6786 80.2193
10.6767 80.2599
10.6747 80.2997
10.6728 80.3392
10.6709 80.3798
10.6689 80.4205
10.667 80.4614
10.665 80.5035
10.6631 80.5425
10.6608 80.5908
10.6584 80.6393
10.6564 80.6816
10.6545 80.7219
10.6525 80.763
10.6504 80.8069
10.6486 80.8437
10.6468 80.8827
10.6448 80.9233
10.643 80.9613
10.6412 80.9978
10.6392 81.041
10.6372 81.0818
10.6354 81.119
10.6334 81.1603
10.6314 81.2028
10.6293 81.246
10.6274 81.2851
10.6256 81.3244
10.6236 81.3656
10.6215 81.4089
10.5909 82.0456
10.5622 82.6437
10.5374 83.1603
10.5128 83.6725
10.4881 84.1874
10.464 84.6896
10.4345 85.3038
10.4075 85.8663
10.4057 85.9039
10.4038 85.9429
10.4019 85.9819
10.4001 86.0209
10.3987 86.0495
10.3595 86.8666
10.3305 87.4702
10.3014 88.0772
10.2707 88.7153
10.2417 89.3203
10.2186 89.8006
10.2311 89.8002
10.2428 89.7998
10.2532 89.7995
10.2648 89.7991
10.2764 89.7988
10.2874 89.7984
10.2967 89.7981
10.3055 89.7979
10.4014 89.7948
10.4986 89.7917
10.5949 89.7887
10.6898 89.7857
10.7864 89.7826
10.8845 89.7795
10.9816 89.7765
11.079 89.7734
11.1765 89.7703
11.273 89.7672
11.3689 89.7642
11.4635 89.7612
11.5629 89.758
11.6622 89.7549
11.7626 89.7517
11.8632 89.7485
11.9654 89.7453
12.0719 89.7419
12.1817 89.7384
12.2914 89.735
12.4072 89.7313
12.5209 89.7277
12.645 89.7238
12.7783 89.7196
12.9042 89.7156
13.0279 89.7117
13.1563 89.7076
13.2856 89.7036
13.461 89.698
13.6583 89.6918
13.865 89.6853
14.0533 89.6794
14.2474 89.6733
14.4426 89.6671
14.7576 89.6572
15.0818 89.6471
15.4496 89.6355
15.8086 89.6243
16.1546 89.6134
16.5052 89.6024
16.8229 89.5925
17.1531 89.5821
17.4842 89.5717
17.8192 89.5612
18.1548 89.5507
18.4565 89.5412
18.7519 89.5319
19.0471 89.5226
19.3457 89.5133
19.6429 89.5039
19.949 89.4943
20.2519 89.4848
20.5496 89.4755
20.8477 89.4661
21.1295 89.4572
21.408 89.4485
21.6664 89.4404
21.9205 89.4324
22.1763 89.4243
22.4265 89.4165
22.681 89.4085
22.9321 89.4006
23.1704 89.3931
23.4105 89.3855
23.6503 89.378
23.8791 89.3708
24.1101 89.3635
24.3258 89.3567
24.5433 89.3499
24.7595 89.3431
24.9615 89.3367
25.1579 89.3305
25.3454 89.3246
25.4846 89.3202
25.6171 89.316
25.7462 89.3119
25.8738 89.3079
26.0039 89.3038
26.1344 89.2997
26.2597 89.2957
26.3831 89.2918
26.5068 89.2879
26.6141 89.2845
26.7248 89.281
26.8354 89.2775
26.9378 89.2742
27.0353 89.2711
27.1313 89.2681
27.2268 89.2651
27.3216 89.2621
27.4177 89.259
27.5211 89.2557
27.63 89.2523
29.8922 89.1828
31.8773 89.1215
32.3884 89.1055
32.8789 89.0901
33.3633 89.075
33.8394 89.0601
34.308 89.0454
34.7147 89.0327
35.117 89.0201
35.5273 89.0072
37.1463 88.957
38.7595 88.9071
41.8735 88.8118
41.9996 88.8078
42.1108 88.8043
42.2213 88.8008
42.3273 88.7974
42.4333 88.7941
42.5414 88.7907
42.6485 88.7873
42.7531 88.784
42.859 88.7806
42.9644 88.7773
43.0655 88.7741
43.1463 88.7715
43.2245 88.769
43.3032 88.7665
43.4307 88.7625
43.5629 88.7583
43.6958 88.7541
43.8285 88.7499
44.0372 88.7433
44.2493 88.7366
44.4626 88.7299
44.6729 88.7233
44.8807 88.7167
45.0881 88.7102
45.3009 88.7035
45.5043 88.6971
45.7067 88.6907
45.7067 88.6907
45.7067 88.6907
45.7067 88.6907
45.7067 88.6907
45.7067 88.6907
45.7067 88.6907
45.7067 88.6907
45.7067 88.6907
45.7067 88.6907
45.7067 88.6907
45.7067 88.6907
45.7067 88.6907
45.7067 88.6907
45.7067 88.6907
45.7067 88.6907
45.9005 88.6627
46.1008 88.6339
46.3025 88.6048
46.5111 88.5747
46.7364 88.5421
47.0405 88.4981
47.3501 88.4533
47.6827 88.4052
48.0056 88.3585
48.3349 88.3108
48.6655 88.2629
48.8673 88.2337
49.0627 88.2055
49.2626 88.1767
49.4726 88.1464
49.6854 88.1157
51.5157 87.5716
53.3865 87.0154
54.4488 86.6995
54.635 86.8656
54.769 86.9851
54.9101 87.1109
55.0449 87.2312
55.1933 87.3635
55.336 87.4907
55.4938 87.6314
55.6349 87.7573
55.7715 87.8791
55.9231 88.0143
55.9303 88.0207
56.0765 87.9668
56.2218 87.9133
56.3648 87.8606
56.5054 87.8088
56.6505 87.7553
56.7951 87.702
56.934 87.6508
57.0756 87.5986
57.2224 87.5445
57.3725 87.4892
57.5233 87.4336
57.6869 87.3733
57.8458 87.3148
58.0058 87.2558
58.1672 87.1963
58.3156 87.1416
58.4619 87.0877
58.6074 87.0341
60.6217 82.8724
60.8834 82.9475
61.1464 83.0229
61.4155 83.1001
61.6713 83.1734
61.9384 83.25
62.1893 83.322
62.4604 83.3997
62.7375 83.4792
63.0148 83.5587
63.2719 83.6324
63.5214 83.704
63.7707 83.7755
64.0198 83.8469
64.2713 83.919
64.5255 83.9919
64.7559 84.058
65.3451 84.2619
65.9048 84.4556
66.3891 84.6232
66.8007 84.7655
67.2314 84.9144
67.8578 85.1312
68.3179 85.2904
68.6751 85.4138
69.0193 85.5328
69.3563 85.6493
69.6994 85.768
70.039 85.8854
70.3795 86.0031
70.7321 86.125
71.2084 86.2789
71.7085 86.4406
72.2248 86.6074
72.7512 86.7775
73.193 86.9203
73.6452 87.0665
74.1023 87.2143
74.5727 87.3663
75.0575 87.523
75.5389 87.6786
76.0184 87.8335
76.5231 87.9966
78.3832 88.021
80.1666 88.0444
80.2403 88.0454
80.6621 88.051
81.0781 88.0565
81.5034 88.0622
84.4017 84.7685
84.6496 84.4868
84.9006 84.2014
85.1689 83.8964
85.4437 83.584
85.7073 83.2843
85.9911 82.9617
85.5556 82.486
85.1446 82.0371
84.2262 81.034
83.5499 80.2952
82.0914 78.7022
79.9554 76.369
79.3292 75.6852
78.5477 74.8315
77.2925 73.4606
75.9627 72.008
74.6073 70.5276
74.4021 70.3035
73.9075 69.7632
73.4022 69.2114
72.9018 68.6648
72.4304 68.1499
71.8812 67.55
71.32 66.937
70.7177 66.2792
70.3788 65.909
70.0487 65.5484
69.7243 65.1941
69.4289 64.8714
69.1323 64.5475
69.0789 64.0677
69.0259 63.5926
68.9682 63.0745
68.9081 62.5352
68.8361 61.8885
68.7642 61.2431
68.6926 60.6001
68.6286 60.026
68.5552 59.3665
68.4832 58.7206
68.4121 58.0821
68.3381 57.4177
68.2305 56.4516
68.1254 55.5074
68.0221 54.5797
67.9138 53.6066
67.5965 50.753
67.4917 49.8112
67.3866 48.8669
67.3866 48.8669
67.3866 48.8669
67.3866 48.8669
75.7701 47.6876
75.626 48.1748
75.4759 48.6823
75.4759 48.6823
75.4759 48.6823
75.4759 48.6823
75.4759 48.6823
75.4759 48.6823
75.4759 48.6823
75.4759 48.6823
75.4759 48.6823
75.4759 48.6823
75.4759 48.6823
75.4759 48.6823
75.4759 48.6823
79.8895 49.0651
81.7817 49.229
82.1786 49.2633
82.55 49.2954
82.9411 49.3292
83.3191 49.3619
83.6494 49.3904
83.9921 49.4201
84.3578 49.4517
84.7429 49.4849
85.1274 49.5182
85.5711 49.5565
85.9918 49.5929
86.4277 49.6306
86.8462 49.6667
85.1073 40.8469
85.326 36.4662
85.4083 34.8218
85.4881 33.2285
85.5737 31.5193
85.8083 26.8187
86.1544 19.8669
86.2134 18.6893
86.2684 17.5916
86.2684 17.5916
85.0039 18.0773
83.5399 18.6396
