0,103,721,581,777,176,295,959,831,819,24,598,504,164,27,458,553,102,926,609,670,466,29,232,323,592,842,43,675,357,314,941,117,425,70,515,867,852,68,334,190,942,420,647,650,644,143,453,625,440,478,485,762,668,964,810,907,35,498,101,798,968,161,855,126,317,140,895,208,649,523,193,642,857,259,987,335,605,460,9,575,509,894,558,235,976,144,216,617,779,109,468,84,632,636,800,280,563,847,986,880,940,769,369,921,513,530,826,802,264,791,540,432,91,840,294,215,614,239,807,755,231,292,562,404,561,225,226,134,724,350,252,910,715,533,645,410,163,484,901,596,21,683,765,574,324,501,705,599,545,733,137,839,104,382,30,957,175,809,922,267,56,689,359,662,903,888,275,640,171,308,720,924,79,80,757,189,16,591,886,490,550,223,927,878,526,333,697,537,571,965,296,270,60,954,454,730,946,41,76,780,424,321,326,429,551,99,971,327,701,487,220,244,443,635,604,726,266,789,124,361,680,219,970,772,130,601,764,600,168,891,59,54,587,510,34,147,729,688,735,897,349,945,370,342,210,237,788,676,576,471,929,912,365,291,493,459,804,732,390,876,597,281,743,282,127,356,66,519,716,843,186,621,923,69,512,293,396,793,577,286,262,870,522,461,188,85,623,751,197,377,606,978,634,828,594,875,906,217,681,781,358,785,55,555,209,355,873,257,276,63,821,19,45,472,492,452,865,844,930,6,467,586,566,480,194,862,848,917,421,692,535,7,687,790,160,619,180,706,935,155,811,853,151,11,413,37,549,65,388,397,302,486,679,869,78,664,989,125,529,602,38,783,278,205,121,612,709,419,26,883,191,787,250,834,287,934,310,64,573,379,246,653,289,407,518,307,351,363,822,704,111,337,626,221,261,669,474,402,943,899,902,284,824,354,254,812,629,488,722,187,674,741,646,682,348,258,211,299,268,362,412,8,643,702,661,366,61,881,588,836,74,331,283,514,46,673,86,710,455,963,731,898,863,700,133,312,794,87,572,384,4,328,499,212,958,330,439,641,915,655,32,985,829,10,949,148,174,616,423,496,49,534,723,663,508,269,525,778,414,938,913,748,475,698,507,981,279,858,603,908,438,956,756,476,422,403,142,797,391,89,543,990,841,771,336,114,451,524,505,373,100,633,760,157,57,128,233,849,749,154,758,222,691,228,909,708,123,341,463,770,352,47,182,652,805,565,936,489,542,303,196,218,214,527,116,3,166,531,122,925,630,739,398,329,677,734,234,347,517,371,686,381,589,338,665,346,694,113,479,457,97,277,77,552,503,784,272,796,119,500,132,411,502,427,846,14,81,445,703,255,657,879,948,972,339,747,607,192,376,860,950,939,717,966,799,560,224,298,991,482,131,207,667,728,316,615,93,325,263,759,75,547,955,374,304,905,301,718,446,364,399,699,554,386,240,892,890,203,546,830,570,433,178,431,436,400,639,825,31,162,556,944,90,300,628,88,815,115,199,495,405,213,557,953,401,803,236,988,469,48,247,227,13,973,15,868,138,380,106,1,914,39,462,750,435,442,637,444,982,693,969,568,426,95,153,169,719,792,678,736,585,711,827,200,447,360,108,776,712,916,872,658,418,58,183,695,17,368,184,578,608,288,249,833,141,672,885,773,638,92,441,28,631,470,2,230,918,696,437,256,241,738,786,129,150,146,569,795,73,167,761,456,409,768,120,859,306,753,933,491,871,919,651,44,611,521,593,430,610,50,253,96,714,806,428,36,394,808,766,448,877,960,271,343,265,613,181,105,548,874,752,559,974,309,165,72,866,22,139,53,20,416,5,707,389,541,375,206,511,882,434,746,392,408,961,172,532,449,305,516,564,319,659,814,82,536,851,156,671,229,582,248,539,179,887,245,690,94,754,12,202,315,782,320,763,896,713,118,415,861,856,911,584,980,177,185,42,984,344,273,801,23,40,62,624,774,367,618,947,406,832,737,952,620,464,313,817,297,477,992,622,823,845,816,145,465,567,417,51,18,395,818,159,251,931,544,854,285,52,318,149,648,742,158,580,494,813,864,135,322,666,353,820,893,983,928,372,25,685,889,204,660,311,473,725,740,450,528,332,71,744,937,654,378,173,775,83,837,383,579,481,900,595,727,975,962,110,112,340,67,238,538,393,290,201,152,904,385,583,767,656,977,850,838,387,195,170,242,198,684,497,951,884,506,920,932,967,136,107,98,835,590,33,520,745,274,345,627,260,979,243,483,
value : 522.291 running time : 61.514506
80 20
67.7783 15.1282
67.4182 15.9398
66.9278 17.0455
66.5007 18.0083
66.0723 18.9741
65.5081 20.246
64.9771 21.4431
64.4927 22.5353
64.1067 23.4055
63.7255 24.2647
63.3042 25.2146
62.8268 26.2908
62.1128 27.9006
62.8437 32.2328
63.6272 36.8767
64.6985 43.2266
64.9081 44.4688
64.9402 44.6592
64.9706 44.8394
65.0036 45.0347
65.0354 45.2233
65.0684 45.4187
65.1005 45.6095
65.1332 45.8028
65.1684 46.012
65.1449 46.598
65.1242 47.1134
65.1011 47.6891
65.0743 48.3557
65.0468 49.0398
65.0089 49.9837
64.9858 50.559
64.9619 51.1539
64.8545 53.827
64.7335 56.8384
64.6724 58.3591
64.6711 58.3925
64.6711 58.3925
64.6711 58.3925
64.6711 58.3925
64.6711 58.3925
64.6711 58.3925
64.6711 58.3925
64.6711 58.3925
64.6711 58.3925
63.9742 58.8532
60.7546 60.9817
60.4803 61.163
60.2206 61.3347
59.9651 61.5035
59.6869 61.6874
59.3809 61.8897
59.0899 62.082
58.7963 62.2761
58.5096 62.4656
58.2251 62.6537
57.9186 62.8563
57.5972 63.0688
57.3197 63.2522
56.6469 64.9374
55.9408 66.706
55.2683 68.3904
54.4126 70.5337
53.5086 72.7978
53.027 74.0042
51.9606 74.3699
51.0207 74.6923
50.1486 74.9915
48.8928 75.4223
48.8928 75.4223
48.8928 75.4223
48.8928 75.4223
48.8928 75.4223
48.8928 75.4223
49.0398 75.2796
49.1629 75.1602
49.2961 75.031
49.4123 74.9182
49.5116 74.8219
49.6103 74.7262
49.6532 74.6749
49.622 74.6448
49.5963 74.62
49.5732 74.5977
49.55 74.5753
49.5287 74.5548
49.5079 74.5347
49.4873 74.5149
49.4657 74.494
49.447 74.4759
49.4266 74.4563
49.4065 74.4369
49.3875 74.4185
49.3684 74.4001
49.3484 74.3809
49.3285 74.3616
49.3071 74.341
49.2876 74.3222
49.1643 74.2031
49.0595 74.102
48.9346 73.9815
48.8019 73.8534
48.6776 73.7336
48.332 73.4
47.9909 73.0708
47.6767 72.7677
47.2308 72.3374
46.7261 71.8504
46.1426 71.2873
45.9963 71.6975
45.6011 72.8056
45.2695 73.7356
44.755 75.1783
44.1414 76.8991
43.6688 78.2243
43.2136 79.5009
42.794 80.6776
42.3341 81.9673
42.3341 81.9672
42.3341 81.9672
42.3341 81.9672
41.5327 80.8411
40.7492 79.7402
39.9052 78.5541
39.3057 77.7118
38.6371 76.7722
38.0279 75.9162
37.4419 75.0927
36.8491 74.2597
36.2653 73.4393
35.6141 72.5243
34.9497 71.5907
34.2794 70.6488
33.602 69.6969
33.602 69.6969
33.602 69.6969
33.602 69.6969
33.602 69.6969
32.8424 68.8786
32.4199 68.4233
31.9782 67.9474
31.5238 67.4578
30.8489 66.7306
30.1473 65.9747
29.2984 65.0601
29.2984 65.0601
29.2984 65.0601
29.2984 65.0601
29.2984 65.0601
29.2984 65.0601
29.2984 65.0601
29.2984 65.0601
29.2984 65.0601
29.2984 65.0601
29.2984 65.0601
29.2984 65.0601
29.2984 65.0601
29.2984 65.0601
29.2984 65.0601
29.2324 65.2483
29.1619 65.4496
29.0898 65.6554
29.0285 65.8304
28.9617 66.0209
28.9116 66.1638
28.8546 66.3265
28.8065 66.4638
28.7609 66.594
28.7057 66.7516
28.6512 66.9069
28.5969 67.0619
28.5388 67.2277
28.4854 67.3801
28.4248 67.5531
27.275 70.8264
26.4974 73.0399
26.3561 73.146
26.2262 73.2436
26.0667 73.3634
25.943 73.4563
25.8663 73.5138
25.7946 73.5677
25.7197 73.624
25.6456 73.6796
25.5552 73.7475
25.4675 73.8134
25.3857 73.8748
25.3114 73.9306
25.2383 73.9855
25.1584 74.0455
25.0717 74.1106
24.9929 74.1698
24.8916 74.2459
24.7941 74.3191
24.6982 74.3912
24.6007 74.4644
24.4913 74.5465
24.3862 74.6255
24.2827 74.7032
22.5834 74.2283
22.249 74.1349
20.1466 73.5474
20.1466 73.5474
20.1466 73.5474
20.1466 73.5474
20.1466 73.5474
20.1466 73.5474
20.1466 73.5474
20.1466 73.5474
20.1466 73.5474
20.1466 73.5474
20.1466 73.5474
20.1466 73.5474
20.1466 73.5474
20.1466 73.5474
20.1466 73.5474
20.1466 73.5474
20.1466 73.5474
20.1466 73.5474
20.0657 73.011
19.9821 72.4558
19.9009 71.9175
20.4157 71.5599
21.0779 71.0998
21.6773 70.6833
22.2945 70.2545
22.8799 69.8478
23.7615 69.2352
24.7033 68.5808
30.0346 64.8765
30.4643 64.5779
30.8977 64.2768
31.2448 64.0357
31.6452 63.7574
32.0295 63.4904
32.5021 63.162
32.6463 63.0618
32.8092 62.9487
32.9366 62.8602
33.0748 62.7641
34.3611 61.8704
39.2199 58.4942
39.2333 58.4849
39.2486 58.4744
39.2605 58.466
39.2721 58.458
39.2833 58.4502
39.2961 58.4413
39.3085 58.4327
39.3208 58.4242
39.3323 58.4162
39.3442 58.4079
39.3562 58.3996
39.3687 58.3909
39.3816 58.3819
39.3953 58.3724
39.409 58.3628
39.4222 58.3537
39.4341 58.3454
40.824 57.3797
42.1744 56.4413
43.4335 55.5664
44.6652 54.7106
45.8698 53.8736
46.7566 53.2574
47.7851 52.5428
48.7861 51.8472
48.935 51.7437
49.088 51.6375
49.2177 51.5473
49.3484 51.4565
49.4761 51.3678
49.6257 51.2639
49.7833 51.1543
49.9254 51.0556
50.0738 50.9525
50.1775 50.6121
50.2763 50.288
50.3837 49.9354
50.5025 49.5453
50.6382 49.1
50.7729 48.6579
50.8812 48.3026
51.0156 47.8616
51.2208 47.1879
51.476 46.3504
51.8248 45.2057
52.233 43.866
52.3356 43.5292
52.4381 43.1927
52.5319 42.8848
52.4981 42.5343
52.4622 42.1634
52.4272 41.8008
52.3982 41.5012
52.3679 41.1872
52.3356 40.8531
52.303 40.5166
52.2681 40.1545
52.2353 39.816
52.2079 39.5322
52.1775 39.2177
52.1493 38.9263
52.1254 38.6781
52.1056 38.4738
52.0869 38.2804
52.0661 38.0655
52.055 37.9505
52.0446 37.8424
52.0323 37.7151
52.0185 37.572
52.0185 37.572
52.0185 37.572
52.0185 37.572
52.0185 37.572
52.0185 37.572
52.0185 37.572
52.0185 37.572
52.0185 37.572
52.0185 37.572
46.2649 37.74
45.0402 37.7756
44.0064 37.8057
43.0625 37.8332
42.208 37.8581
41.3603 37.8828
40.546 37.9065
39.4875 37.9373
38.4517 37.9674
37.2164 38.0034
35.9254 38.041
35.9254 38.041
35.9254 38.041
35.9254 38.041
35.9254 38.041
35.9254 38.041
35.9254 38.041
35.6101 37.9713
35.3255 37.9084
34.9638 37.8284
34.4424 37.7131
33.9932 37.6138
33.4798 37.5003
32.9902 37.392
32.5508 37.2949
32.0829 37.1914
31.6742 37.1011
31.2613 37.0098
31.1457 36.9842
31.0221 36.9569
30.9034 36.9306
30.7764 36.9026
30.6534 36.8754
30.5197 36.8458
30.3804 36.815
30.4495 36.6949
30.5186 36.5748
30.5821 36.4644
30.9205 35.8761
31.244 35.3136
31.4808 34.9019
31.7738 34.3925
32.1565 33.7271
32.485 33.1558
32.9026 32.4298
33.4812 31.4239
35.7608 27.4604
38.5952 22.5321
38.5952 22.5321
38.5952 22.5321
38.5952 22.5321
38.5952 22.5321
38.5952 22.5321
38.4408 22.116
38.2679 21.6499
38.1536 21.3416
38.0203 20.9823
37.8919 20.6362
37.7726 20.3145
37.665 20.0246
37.5383 19.6829
37.437 19.4101
37.3298 19.1209
36.6732 17.3511
36.2012 16.0788
35.141 16.2292
34.564 16.311
34.0077 16.3899
33.441 16.4703
32.8657 16.5518
32.2698 16.6364
31.6461 16.7248
30.9016 16.8304
30.1884 16.9315
30.1884 16.9315
27.3339 17.06
23.8835 17.2152
21.68 17.3145
20.1391 17.3839
19.9761 17.3373
19.8129 17.2907
19.6536 17.2452
19.4824 17.1963
19.0794 17.0812
16.5866 16.3692
12.4844 15.1975
12.4753 15.2788
12.4667 15.3562
12.4577 15.4362
12.4469 15.533
12.4385 15.6084
12.4298 15.6864
12.422 15.7562
12.4138 15.8295
12.4054 15.905
12.3963 15.9865
12.3916 16.0282
12.3862 16.0772
12.3816 16.1181
12.3816 16.1181
12.3816 16.1182
12.3816 16.1182
12.3816 16.1182
12.242 16.7557
12.1131 17.3446
12.0029 17.8475
11.8836 18.3924
11.7618 18.949
11.3774 20.7044
10.8908 22.9267
10.5297 24.5761
10.2251 25.9671
9.86909 27.5931
9.71108 28.3148
9.55896 29.0095
9.4897 29.3259
9.41031 29.6884
9.34064 30.0066
9.26746 30.3408
9.18524 30.7163
9.08583 31.1704
9.04996 31.3342
9.01003 31.5165
8.97446 31.679
8.94038 31.8346
8.90043 32.0171
8.87457 32.1352
8.84572 32.2669
8.81798 32.3936
8.78587 32.5402
8.75986 32.659
8.72709 32.8087
8.69848 32.9394
9.38154 32.7879
10.0582 32.6378
10.8146 32.47
18.1958 30.8328
18.4922 31.7133
18.8498 32.7757
19.3184 34.1681
19.619 35.0613
19.8983 35.891
20.2703 36.9962
20.6894 38.2413
21.1799 39.6988
21.5667 40.8478
21.9583 42.0114
22.2389 42.8452
22.6209 43.9801
23.1343 45.5052
23.6376 47.0009
23.5636 47.086
23.5028 47.1558
23.4376 47.2308
23.3847 47.2916
23.3254 47.3597
23.263 47.4315
23.2018 47.5018
23.1334 47.5804
23.0557 47.6697
22.9933 47.7414
22.927 47.8176
22.8516 47.9043
22.7727 47.9949
22.7036 48.0744
22.7036 48.0744
22.7036 48.0744
22.7036 48.0744
22.7036 48.0744
22.7036 48.0744
22.7036 48.0744
22.7036 48.0744
22.7036 48.0744
22.7036 48.0744
22.7036 48.0744
22.7036 48.0744
22.7036 48.0744
22.7036 48.0744
22.7036 48.0744
22.7036 48.0744
21.0952 48.9266
19.2217 49.9193
17.8123 50.666
16.6447 51.2847
15.2857 52.0048
13.9706 52.7016
13.3154 53.0488
12.2888 53.5928
12.2208 53.6104
12.1512 53.6285
12.0827 53.6462
12.0198 53.6626
11.7266 53.7385
11.4906 53.7997
11.3158 53.8451
11.1372 53.8914
11.1364 53.9122
11.1359 53.9277
11.1353 53.9438
11.1347 53.9609
11.1341 53.979
11.1335 53.9962
11.1329 54.0145
11.1323 54.0303
11.1311 54.0668
11.1298 54.103
11.1286 54.137
11.1273 54.1747
11.126 54.2114
11.1248 54.2472
11.1232 54.2916
11.1218 54.3341
11.1203 54.3762
11.1189 54.416
11.1173 54.4613
11.1158 54.5062
11.1144 54.5455
11.113 54.5859
11.1115 54.6285
11.11 54.6725
11.1084 54.7183
11.1071 54.7559
11.1057 54.7951
11.1044 54.8348
11.103 54.8748
11.0811 55.5035
11.0609 56.0851
11.0404 56.6751
11.0205 57.2449
10.998 57.8915
10.9752 58.548
10.9541 59.154
10.934 59.731
10.9168 60.2261
10.8993 60.7288
10.8808 61.2589
10.8642 61.7375
10.8476 62.2131
10.8311 62.6871
10.816 63.1209
10.8015 63.5392
10.7887 63.9065
10.7781 64.2114
10.7663 64.5506
10.7547 64.8843
10.7435 65.2056
10.7335 65.492
10.7245 65.7502
10.7154 66.0123
10.7154 66.0124
10.7154 66.0125
10.7154 66.0127
10.7154 66.0128
10.7154 66.0129
10.7153 66.013
10.7153 66.0131
10.7153 66.0133
10.7153 66.0134
10.7153 66.0135
10.7153 66.0137
10.7153 66.0138
10.7153 66.0139
10.7153 66.014
10.7153 66.0142
10.7153 66.0143
10.7119 66.1028
10.7086 66.1896
10.7052 66.2787
10.7021 66.3604
10.6984 66.4548
10.6947 66.5525
10.6915 66.6351
10.6883 66.7192
10.6855 66.794
10.5983 69.0699
10.5881 69.3366
10.5769 69.6301
10.5661 69.9133
10.5545 70.2158
10.5416 70.5523
10.5303 70.8483
10.5215 71.0795
10.5087 71.413
10.4954 71.7628
10.4808 72.1431
10.4641 72.5808
10.4504 72.9387
10.4368 73.2954
10.4232 73.6503
10.4106 73.9802
10.3973 74.3275
10.3746 74.921
10.3514 75.5297
10.324 76.2463
10.2966 76.9608
10.2768 77.4782
10.2567 78.0052
10.2402 78.4361
10.2239 78.8642
10.2156 79.0812
10.207 79.3049
10.1981 79.5372
10.1908 79.7288
10.1836 79.9167
10.1748 80.1477
10.1707 80.2529
10.1664 80.3659
10.1624 80.4704
10.1584 80.5757
10.1546 80.6759
10.151 80.768
10.1474 80.8638
10.1439 80.9535
10.1401 81.054
10.1369 81.1377
10.1335 81.2272
10.1301 81.3148
10.1265 81.4091
10.123 81.5025
10.1195 81.5927
10.116 81.6852
10.1125 81.7762
10.1089 81.8712
10.1054 81.961
10.1019 82.0528
10.0987 82.1361
10.0949 82.2359
10.0908 82.3431
10.0867 82.4509
10.083 82.5475
10.064 83.0432
10.043 83.5943
10.0216 84.1539
9.99854 84.7559
9.97626 85.3384
9.9545 85.9079
9.92997 86.5491
9.90541 87.1913
9.88539 87.7148
9.8664 88.2116
9.84558 88.7562
9.82689 89.2451
9.8259 89.2709
9.82481 89.2993
9.82374 89.3271
9.82264 89.3558
9.82152 89.385
9.82041 89.414
10.3755 89.3503
10.7869 89.3032
11.1843 89.2576
11.5906 89.211
11.6292 89.2066
11.6662 89.2024
11.7035 89.1981
11.7356 89.1944
11.7715 89.1903
11.806 89.1864
11.8422 89.1822
11.8819 89.1777
11.9195 89.1734
11.9585 89.1689
12.0044 89.1636
12.0421 89.1593
12.0791 89.1551
12.1197 89.1504
12.1557 89.1463
12.1934 89.142
12.2335 89.1374
12.2713 89.133
12.3091 89.1287
12.3503 89.124
12.3882 89.1197
12.4303 89.1148
12.4686 89.1104
12.507 89.106
12.5467 89.1015
12.5862 89.097
12.6263 89.0924
12.6684 89.0875
12.7091 89.0829
13.049 89.044
13.3871 89.0052
13.9924 88.9359
14.6859 88.8565
15.554 88.757
16.3311 88.668
17.8347 88.4958
19.5739 88.2966
21.6107 88.0632
24.4036 87.7433
24.4036 87.7433
24.5335 87.807
24.6544 87.8663
24.7785 87.9272
24.8994 87.9865
25.0235 88.0475
25.1539 88.1114
25.2724 88.1696
25.4294 88.2467
25.5823 88.3216
25.7424 88.4002
25.9021 88.4786
26.0772 88.5645
26.2636 88.656
26.4282 88.7368
26.5775 88.81
26.7451 88.8923
26.9078 88.9721
27.065 89.0493
27.2056 89.1182
27.364 89.196
27.5199 89.2725
27.6751 89.3486
27.8155 89.4175
27.9624 89.4896
28.0934 89.5539
28.2286 89.6203
28.3882 89.6986
28.5058 89.7563
28.6298 89.8171
28.743 89.8726
28.838 89.9193
28.9449 89.9717
29.0295 90.0132
29.1234 90.0593
29.2149 90.1042
29.2149 90.1042
29.2149 90.1042
29.2149 90.1042
29.2149 90.1042
29.2149 90.1042
29.2149 90.1042
29.2149 90.1042
29.2149 90.1042
29.2149 90.1042
29.2149 90.1042
29.2149 90.1042
29.2149 90.1042
29.2149 90.1042
29.2149 90.1042
29.2149 90.1042
29.2149 90.1042
29.2149 90.1042
29.2149 90.1042
29.2149 90.1042
29.2149 90.1042
29.2149 90.1042
29.2149 90.1042
29.2149 90.1042
29.2149 90.1042
29.2149 90.1042
29.2149 90.1042
29.9047 90.1963
30.5824 90.2868
31.2949 90.382
32.0878 90.4878
32.8112 90.5844
33.5663 90.6852
34.0269 90.7467
34.4713 90.806
34.9095 90.8645
35.3732 90.9264
35.8682 90.9925
36.2792 91.0474
36.6816 91.1011
37.1015 91.1572
37.5153 91.2124
37.5153 91.2124
37.5153 91.2124
37.5153 91.2124
37.5153 91.2124
37.5153 91.2124
37.5153 91.2124
37.5153 91.2124
37.5153 91.2124
37.5153 91.2124
37.5153 91.2124
37.5153 91.2124
37.5153 91.2124
37.5153 91.2124
38.884 90.8876
40.1648 90.5836
41.1308 90.3543
42.2994 90.077
43.4834 89.796
44.3974 89.579
45.3568 89.3513
46.4434 89.0934
47.3932 88.868
47.3932 88.868
47.3932 88.868
47.3932 88.868
47.6312 88.7801
47.8468 88.7005
48.0484 88.6261
48.3819 88.503
48.695 88.3873
49.0653 88.2506
49.4385 88.1128
49.7894 87.9833
50.153 87.849
50.5238 87.7121
50.9099 87.5696
51.3013 87.4251
51.7441 87.2615
52.1892 87.0972
52.6043 86.9439
53.0677 86.7729
53.3934 86.6526
53.6765 86.5481
53.6826 86.5458
53.6886 86.5436
53.6957 86.541
53.7025 86.5385
53.7091 86.536
53.7158 86.5336
53.7229 86.5309
53.729 86.5287
53.7357 86.5262
53.7421 86.5239
53.7493 86.5212
53.7493 86.5212
53.7493 86.5212
53.7493 86.5212
53.9806 86.6594
54.1752 86.7758
54.393 86.906
54.6001 87.0298
54.8179 87.16
55.0811 87.3173
55.2944 87.4447
55.4642 87.5463
55.6199 87.6393
55.7862 87.7387
55.9504 87.8369
56.103 87.9281
56.2373 88.0084
56.3717 88.0887
56.3928 88.1014
56.4132 88.1136
56.4374 88.128
56.695 88.1078
56.9538 88.0874
57.2236 88.0662
57.5689 88.039
57.9421 88.0097
58.3129 87.9805
58.6909 87.9508
59.1087 87.9179
59.6519 87.8752
60.1174 87.8386
60.609 87.8
61.2374 87.7505
61.6684 87.7166
62.0511 87.6866
62.5415 87.648
62.9946 87.6124
63.4274 87.5783
63.8623 87.5441
64.317 87.5084
64.7529 87.4741
65.1578 87.4422
65.5232 87.4135
65.9991 87.3761
66.441 87.3413
66.8505 87.3091
67.3316 87.2713
67.6782 87.244
68.053 87.2744
68.463 87.3077
68.9792 87.3495
69.391 87.3829
69.7481 87.4119
70.1099 87.4413
70.5659 87.4782
71.0593 87.5183
71.5067 87.5545
71.9514 87.5906
72.4757 87.6331
73.0097 87.6765
73.6672 87.7298
74.1763 87.7711
74.6552 87.8099
75.2055 87.8546
75.8766 87.8703
76.5114 87.8851
77.2182 87.9017
77.9447 87.9187
78.4186 87.9298
78.8139 87.9391
79.2828 87.9501
79.8425 87.9632
80.3798 87.9758
80.9391 87.9889
81.6852 87.9832
86.0125 83.5698
85.8513 83.441
85.6782 83.3026
85.4952 83.1563
85.3084 83.0069
85.1436 82.8752
84.9874 82.7503
84.8371 82.6301
84.6746 82.5002
84.5126 82.3707
84.3604 82.249
81.6035 80.2771
79.1001 78.4865
76.8341 76.8657
74.944 75.5138
73.4182 74.4224
71.8013 73.2659
70.3637 72.2376
70.1733 72.1014
70.0159 71.9889
69.8359 71.8601
69.6545 71.7304
69.4814 71.6066
69.2828 71.4645
69.0759 71.3165
68.866 71.1664
68.6392 71.0042
68.448 70.8674
68.264 70.7358
68.0551 70.5864
67.8444 70.4357
67.6054 70.2648
68.2755 69.4249
68.9731 68.5504
69.6702 67.6766
70.4463 66.7038
70.8188 66.343
71.2303 65.9444
71.7267 65.4636
72.1444 65.059
72.555 64.6613
73.5908 63.658
74.5993 62.6812
75.4211 61.8852
76.4978 60.8423
77.6989 59.6789
78.69 58.7189
79.8152 57.6291
80.721 56.7517
81.6233 55.8777
82.3407 55.1828
82.9294 54.6127
83.5286 54.0323
84.1234 53.4562
84.8252 52.7764
84.8536 52.0842
84.8792 51.4605
84.9053 50.8221
84.9411 49.9511
84.9755 49.1123
85.0122 48.2162
85.0532 47.2172
85.1007 46.0582
85.4323 37.9751
85.4581 37.3463
85.4866 36.6512
85.5137 35.9916
85.5387 35.3812
85.5635 34.7769
85.6429 32.8413
86.03 23.4036
86.1716 19.9527
86.2684 17.5916
86.2684 17.5916
86.2684 17.5916
86.2684 17.5916
