0,98,33,520,745,590,609,835,29,932,198,425,967,466,274,323,842,242,926,506,684,838,553,592,195,334,920,670,387,583,941,977,951,170,107,383,497,110,656,385,136,900,884,450,332,528,740,579,201,204,852,473,725,685,648,372,311,660,928,889,983,25,580,893,845,135,251,353,322,285,158,666,622,820,544,742,159,818,937,83,931,481,177,71,477,465,149,494,854,813,864,318,417,775,856,801,62,367,118,980,584,464,42,185,911,620,575,344,18,52,817,40,992,737,823,273,202,816,12,690,145,624,82,317,782,126,415,562,984,802,23,245,541,516,814,659,140,536,947,239,259,618,754,320,434,375,713,313,896,882,961,309,165,763,774,305,206,193,389,343,532,105,866,5,511,874,851,952,416,559,746,292,449,563,319,561,564,807,139,437,840,129,752,766,156,271,265,2,974,707,470,22,53,72,172,613,548,181,350,976,408,134,179,530,636,755,56,175,878,404,540,215,163,910,144,724,894,226,715,30,912,359,732,779,365,804,471,264,267,596,927,645,327,59,729,733,809,459,291,225,965,390,640,950,550,578,99,662,903,252,189,41,757,270,872,223,806,454,60,946,418,21,308,501,689,701,591,954,16,124,490,697,571,604,443,167,76,266,275,730,296,761,574,649,150,231,368,44,877,960,672,918,638,146,428,539,73,919,241,394,738,569,141,696,409,833,795,753,448,714,491,288,871,933,386,442,786,773,631,28,92,20,611,456,521,593,776,36,859,610,885,230,808,306,430,120,392,15,651,227,441,768,256,96,326,424,608,253,886,726,988,200,236,183,792,58,321,469,495,750,31,944,568,50,628,815,719,557,247,301,446,138,304,93,973,462,13,711,199,712,585,695,249,718,115,1,637,953,969,827,447,405,736,678,39,106,17,693,380,868,914,213,435,554,916,399,263,108,547,95,570,203,169,178,615,803,401,364,153,48,240,90,444,982,300,360,244,955,699,759,400,346,374,316,728,694,426,75,639,667,657,207,255,487,338,630,436,88,503,298,445,224,560,339,479,500,381,556,825,427,119,457,433,860,686,830,546,890,892,796,905,113,325,780,635,220,184,966,517,991,431,939,77,81,131,14,219,130,739,879,482,680,272,948,665,192,361,552,897,601,846,132,587,349,924,600,788,168,551,429,333,658,888,398,971,537,526,789,502,531,607,162,717,214,524,277,703,760,371,114,784,97,196,376,970,691,764,411,708,463,341,303,218,799,329,589,677,925,234,373,858,734,3,279,565,505,841,166,47,100,747,347,128,527,116,936,909,805,849,122,157,123,228,423,476,770,616,57,542,652,352,749,771,336,972,772,507,510,475,34,382,174,633,705,797,451,391,543,422,938,182,142,525,137,496,269,493,735,929,839,535,49,508,403,758,438,748,599,901,233,237,981,89,956,756,603,688,79,957,908,723,324,545,148,414,913,698,10,663,154,534,949,222,328,489,990,499,655,958,212,514,283,312,829,985,32,46,330,402,384,572,87,794,731,133,700,863,898,331,673,4,902,899,943,74,86,963,455,710,258,348,588,412,362,268,299,211,812,8,722,682,646,741,674,187,661,488,629,643,61,366,836,881,474,702,351,363,669,439,573,64,518,626,337,111,704,287,934,379,310,407,824,250,653,289,822,354,26,787,191,883,254,261,307,246,641,915,709,612,284,602,11,869,679,664,38,397,388,65,549,37,413,125,121,205,278,783,302,147,529,78,989,486,221,834,512,151,853,811,935,706,180,619,160,687,7,467,692,421,917,194,480,566,586,197,19,720,778,533,922,891,876,410,576,281,597,370,765,798,356,127,522,452,286,396,793,577,492,621,843,461,342,623,519,262,35,743,188,498,210,676,101,282,85,293,186,923,69,870,54,964,762,632,80,294,91,921,683,642,558,104,315,791,171,235,986,523,94,513,484,617,216,161,968,855,335,671,832,229,9,826,880,895,369,248,614,727,395,887,378,744,509,861,406,940,567,654,340,605,857,769,800,297,280,582,51,847,837,152,975,290,962,460,173,432,112,904,109,208,867,668,515,538,453,987,468,595,647,393,478,102,420,190,907,67,440,650,238,84,850,767,942,810,625,68,70,485,232,117,644,606,45,358,314,143,945,276,831,865,875,821,906,848,63,55,472,43,594,217,978,357,675,66,862,27,155,873,790,458,751,785,209,257,164,844,716,355,555,930,419,377,828,634,681,781,819,959,295,24,6,581,598,777,721,103,176,504,979,627,345,243,483,260,
value : 500.77 running time : 62.471620
80 20
82.1892 30.0726
81.625 31.8939
81.0499 33.7505
80.4808 35.5876
80.0734 36.9026
79.4161 39.0245
78.9062 40.6702
78.2995 42.6286
77.7519 44.3962
77.3887 45.5686
77.2631 45.974
77.1417 46.3656
77.0325 46.7178
76.9178 47.0881
76.7803 47.5317
76.614 48.0683
77.4232 49.2253
77.9229 49.9395
78.9968 51.4753
79.1445 51.6863
79.2554 51.8447
79.3616 51.9965
79.4758 52.1597
79.601 52.3386
79.7334 52.5278
79.8507 52.6954
79.9674 52.8621
80.3687 53.4357
80.7529 53.9849
81.1837 54.6005
81.704 55.3442
82.1618 55.9985
82.6444 56.6884
83.0721 57.2997
83.4599 57.8539
83.7942 58.3317
82.894 59.9722
82.7654 60.2065
82.9375 61.2941
83.0394 61.9385
83.3191 63.7061
83.3563 63.9416
83.8105 66.8128
84.0077 68.059
84.1906 69.2146
84.3524 70.2373
84.3867 70.4538
84.4204 70.6664
84.4665 70.9581
84.5077 71.2185
85.7716 79.2135
85.8872 79.9439
85.9668 80.4468
86.0312 80.8537
86.0957 81.2608
85.8708 81.7619
85.5751 82.4212
83.1755 87.7699
83.0853 87.9709
82.9906 88.182
82.9906 88.182
77.1169 88.3193
76.8298 88.3261
76.5238 88.3333
76.2859 88.3389
75.9724 88.3462
75.712 88.3524
75.4666 88.3582
75.0341 88.3683
74.6498 88.3774
74.2867 88.386
73.9181 88.3946
73.6068 88.402
73.183 88.412
72.8456 88.4199
72.4738 88.4287
72.0598 88.4384
71.5928 88.4494
71.1488 88.4599
70.6863 88.4708
70.391 88.4778
70.0866 88.4849
69.8229 88.4911
69.5399 88.4978
69.2891 88.5037
69.0422 88.5095
68.7952 88.5154
68.5012 88.5223
68.1953 88.5295
67.8816 88.5369
67.5199 88.5454
67.169 88.5537
65.9243 88.583
63.427 88.6418
62.7868 88.6569
62.1727 88.6713
61.8469 88.679
61.5506 88.686
61.2676 88.6926
61.0117 88.6987
60.7696 88.7044
60.5054 88.7106
60.2195 88.7173
59.9345 88.724
59.6794 88.7301
59.012 88.7458
58.3658 88.761
58.2566 88.7636
58.1356 88.7664
57.99 88.7699
57.8318 88.7736
57.6898 88.7769
57.5414 88.7804
57.3998 88.7838
57.2266 88.7879
57.0398 88.7923
56.8656 88.7964
56.6867 88.8006
56.5057 88.8049
56.3315 88.809
54.7438 88.8463
53.2713 88.881
53.113 88.8847
52.9281 88.8891
52.3619 88.9252
51.8351 88.9587
51.2873 88.9936
50.9802 89.0133
50.0364 89.0733
49.9385 89.0819
49.8279 89.0915
49.7161 89.1013
49.605 89.111
49.491 89.121
49.3828 89.1305
49.2836 89.1391
49.1796 89.1482
49.0766 89.1572
48.9706 89.1665
48.8721 89.1751
48.7684 89.1842
48.6599 89.1936
48.5458 89.2036
48.4385 89.213
48.3165 89.2237
48.2091 89.2331
48.106 89.2421
47.9929 89.252
47.8719 89.2625
47.7367 89.2744
47.5984 89.2865
47.4779 89.297
47.3596 89.3073
47.248 89.3171
47.1188 89.3284
46.9914 89.3395
46.873 89.3499
46.7511 89.3605
46.6356 89.3706
46.5209 89.3806
46.4019 89.3911
46.2808 89.4016
46.1655 89.4117
46.0555 89.4213
45.9353 89.4318
45.8317 89.4409
45.7096 89.4516
45.5687 89.4639
45.4419 89.475
45.3244 89.4852
45.2005 89.4961
45.0874 89.506
44.9853 89.5149
44.5678 89.5514
44.1298 89.5897
43.7174 89.6257
43.2772 89.6642
42.8543 89.7012
42.8284 89.6337
42.8031 89.5679
42.7811 89.5104
42.7608 89.4575
42.734 89.3876
42.7045 89.3108
42.675 89.2339
42.6457 89.1574
42.6091 89.0622
42.5823 88.9921
42.5086 88.8002
42.4358 88.6104
42.3646 88.4249
42.2936 88.2397
42.216 88.0376
42.1359 87.8287
42.0614 87.6345
41.922 87.2712
41.7803 86.9019
40.9766 84.8072
40.6518 83.9606
40.4164 83.3471
39.8418 81.8493
39.8026 81.7473
39.542 81.0679
39.223 80.2365
38.5874 78.5796
37.7474 76.39
37.4501 75.6151
37.2729 75.1532
37.1118 74.7334
36.959 74.335
36.7977 73.9147
36.5834 73.356
36.3958 72.8671
36.2229 72.4161
36.0306 71.915
35.8304 71.3932
35.6125 70.8251
35.3516 70.145
35.096 69.4789
34.9309 69.0485
34.7972 68.7
34.662 68.3475
34.552 68.0608
34.4251 67.7301
34.2965 67.3947
34.1696 67.064
34.1127 67.05
33.7449 66.9594
33.4335 66.8827
33.0937 66.7989
32.8103 66.7291
32.524 66.6586
32.263 66.5943
32.2154 66.8856
32.1642 67.1991
32.1112 67.5232
32.0448 67.9294
31.9771 68.3438
31.9066 68.7755
31.8388 69.1905
31.7682 69.622
31.6946 70.0728
31.5102 71.1999
31.3739 72.0339
31.3151 72.3936
31.2813 72.6001
31.2467 72.812
31.2135 73.0158
31.1716 73.2718
31.1311 73.5199
31.0936 73.7491
31.0611 73.9479
31.0322 74.125
31.0022 74.3088
30.9722 74.4924
30.9428 74.6724
30.9148 74.844
30.8863 75.018
30.8587 75.1876
30.83 75.3627
30.83 75.3627
30.83 75.3627
30.83 75.3627
30.83 75.3627
30.83 75.3627
30.8277 75.4516
30.8251 75.5493
30.8227 75.6396
30.8203 75.7295
30.8179 75.8198
30.8159 75.8938
30.8139 75.9666
30.8118 76.0474
30.8096 76.1306
30.8073 76.2166
30.8052 76.2945
30.8034 76.3615
30.8016 76.431
30.7486 78.4268
30.6888 80.6847
30.6288 82.9478
30.6236 83.143
30.6035 83.8944
30.5806 84.7534
30.5611 85.4816
30.5425 86.1757
30.527 86.7566
30.5148 87.2113
30.5026 87.6669
30.5012 87.7177
30.4998 87.7713
30.4984 87.8255
30.4968 87.8853
30.4953 87.9409
30.4938 87.9979
30.4921 88.0605
30.4904 88.1225
30.4886 88.1894
30.4868 88.2599
30.4848 88.3348
30.4831 88.3977
30.2 88.4381
29.9178 88.4784
29.6567 88.5157
29.4192 88.5496
29.207 88.5799
28.9747 88.6131
28.8192 88.6353
26.0104 89.0365
25.6291 89.091
25.3063 89.1371
24.9782 89.1839
24.6708 89.2278
24.3763 89.2699
24.3841 89.2689
24.3928 89.2678
24.4001 89.2668
24.407 89.2659
24.4139 89.265
24.4209 89.2641
24.427 89.2633
24.433 89.2625
24.4388 89.2617
24.445 89.2609
24.4513 89.2601
24.4576 89.2593
24.465 89.2583
24.472 89.2573
24.4791 89.2564
24.4862 89.2555
24.4944 89.2544
24.398 89.2206
24.2959 89.1849
24.1957 89.1498
24.0951 89.1146
23.9921 89.0786
23.7841 89.0057
23.5976 88.9405
23.4122 88.8755
23.2416 88.8158
23.0711 88.7562
22.8887 88.6923
21.8752 88.3375
20.3254 87.7951
20.0229 87.6892
19.7149 87.5814
19.4156 87.4766
19.0672 87.3546
18.7277 87.2358
9.5881 89.2042
9.58857 89.1989
9.58901 89.1938
9.58949 89.1883
9.58998 89.1827
9.59047 89.1771
9.59096 89.1714
9.59137 89.1667
9.59175 89.1623
9.59211 89.1581
9.59261 89.1523
9.59303 89.1475
9.59341 89.1431
9.59382 89.1384
9.59422 89.1338
9.59461 89.1294
9.59499 89.1249
9.59537 89.1205
9.59576 89.1161
9.59614 89.1117
9.59652 89.1073
9.5969 89.103
9.5973 89.0984
9.59771 89.0937
9.59808 89.0895
9.59846 89.0851
9.59884 89.0806
9.59923 89.0761
9.59966 89.0712
9.60009 89.0663
9.6005 89.0616
9.60096 89.0564
9.60136 89.0518
9.60174 89.0473
9.60213 89.0429
9.60252 89.0383
9.60291 89.0338
9.60329 89.0294
9.60367 89.025
9.60406 89.0206
9.60447 89.0158
9.60487 89.0112
9.6053 89.0062
9.60568 89.0018
9.60608 88.9973
9.60649 88.9925
9.60693 88.9875
9.60733 88.9828
9.60771 88.9785
9.60814 88.9736
9.60859 88.9684
9.609 88.9637
9.63265 88.6815
9.75314 87.2506
9.776 86.9778
9.79784 86.7173
9.81862 86.4692
9.84058 86.2072
9.86266 85.9437
9.88571 85.6687
9.90905 85.3903
9.93108 85.1275
9.95214 84.8761
9.97401 84.6151
9.99463 84.369
10.0141 84.1365
10.0354 83.8824
10.0572 83.622
10.0809 83.3397
10.1056 83.0446
10.1294 82.7609
10.1526 82.4837
10.175 82.2172
10.1978 81.9442
10.2222 81.6537
10.2493 81.3301
10.2764 81.0065
10.3033 80.6858
10.3297 80.3707
10.3595 80.0155
10.3915 79.6343
10.4187 79.3095
10.4448 78.9985
10.4699 78.6978
10.5003 78.3358
10.5303 77.9781
10.5515 77.7244
10.575 77.4443
10.6018 77.1248
10.6276 76.8172
10.6493 76.558
10.6707 76.3026
10.6914 76.0561
10.6992 75.9631
10.7076 75.8622
10.7158 75.7654
10.7227 75.6822
10.7303 75.5914
10.7395 75.4823
10.748 75.381
10.7563 75.2813
10.7641 75.1884
10.7718 75.096
10.7799 75
10.7883 74.8993
10.7971 74.7953
10.8057 74.6921
10.8134 74.6001
10.8211 74.508
10.83 74.4028
10.8379 74.3078
10.8454 74.2187
10.8532 74.1252
10.8612 74.0301
10.8693 73.9331
10.8765 73.8477
10.884 73.758
10.8922 73.6594
10.9001 73.5652
10.9092 73.4572
10.918 73.3516
10.9281 73.2318
10.9373 73.1217
10.9477 72.9982
10.9585 72.8686
10.9584 72.8618
10.9583 72.8551
10.9581 72.8474
10.958 72.8404
10.9579 72.8341
10.9577 72.8275
10.9317 71.4287
11.2226 71.2979
11.5666 71.1431
11.8628 71.0099
12.1454 70.8828
12.4746 70.7348
12.8139 70.5821
13.119 70.4449
13.4064 70.3157
13.7094 70.1794
14.0018 70.0479
14.2892 69.9187
14.5686 69.793
14.8669 69.6589
15.249 69.487
15.6319 69.3147
16.0188 69.1407
16.3811 68.9777
16.7042 68.8324
17.0139 68.6931
17.3021 68.5635
17.5929 68.4327
17.8511 68.3166
18.0799 68.2137
18.3174 68.1069
18.5616 67.9971
18.5616 67.9971
18.5616 67.9971
18.5616 67.9971
18.5616 67.9971
18.3922 67.8845
18.2093 67.7628
18.0085 67.6292
17.8304 67.5107
17.6445 67.3871
17.2195 67.1043
16.7402 66.7854
15.115 65.7027
13.5759 64.6771
12.9531 64.2627
12.8433 63.6084
12.7353 62.9661
12.634 62.3632
12.6071 62.2022
12.58 62.0403
12.5504 61.863
12.5215 61.6905
12.4938 61.5246
12.463 61.3402
12.4324 61.157
12.4022 60.9765
12.3689 60.7771
12.3373 60.5886
12.3048 60.3941
12.2697 60.1843
12.2371 59.989
12.2047 59.7951
12.168 59.5763
12.1341 59.3735
12.1341 59.3735
12.1341 59.3735
12.1341 59.3735
12.1341 59.3735
12.1158 59.2547
12.0956 59.1236
12.0759 58.996
12.0567 58.8718
12.0378 58.7489
12.0169 58.6138
11.9999 58.5036
11.9837 58.3984
11.9561 58.2191
11.9261 58.0248
11.8974 57.8389
11.8675 57.645
11.8396 57.4637
11.8146 57.3017
11.7897 57.1401
11.766 56.9869
11.7431 56.8384
11.7191 56.6826
11.2655 53.7285
11.3153 53.7234
11.3636 53.7186
11.4467 53.7102
11.523 53.7025
11.599 53.6948
11.6709 53.6876
11.7492 53.6797
11.8862 53.6659
12.9992 53.5534
14.19 53.4331
15.1211 53.339
15.1211 53.339
15.1211 53.339
15.2938 53.3241
15.5307 53.3036
15.7903 53.2812
16.0516 53.2586
16.3363 53.234
16.628 53.2088
17.0535 53.1722
17.4936 53.1343
17.9415 53.0958
18.392 53.057
18.8333 53.0192
19.2751 52.9812
19.7032 52.9443
20.102 52.9099
20.4974 52.8758
20.8694 52.8437
21.2426 52.8115
21.6093 52.7798
21.9798 52.7479
22.3472 52.7162
22.7297 52.6832
23.1099 52.6504
23.4752 52.6189
23.8542 52.5862
24.2418 52.5528
24.7066 52.5128
25.1733 52.4727
25.649 52.4317
25.649 52.4317
25.649 52.4317
25.649 52.4317
25.649 52.4317
25.649 52.4317
25.649 52.4317
25.649 52.4317
25.649 52.4317
25.649 52.4317
25.649 52.4317
25.649 52.4317
25.649 52.4317
25.649 52.4317
25.649 52.4317
25.649 52.4317
25.649 52.4317
25.649 52.4317
25.4625 52.244
25.2826 52.0629
25.0789 51.8577
24.8962 51.6739
24.697 51.4733
24.4881 51.2629
24.2816 51.0549
24.0527 50.8245
23.4701 50.2379
22.9401 49.7043
22.496 49.2571
21.9848 48.7424
21.292 48.0449
20.7696 47.5188
20.1219 46.8667
19.0262 45.7635
17.6714 44.3995
16.908 43.6308
16.1252 42.8426
15.3856 42.0979
14.5524 41.259
13.4493 40.1483
12.0349 38.7243
12.0349 38.7243
11.9357 38.5601
11.8306 38.3862
11.8404 38.0571
11.8543 37.5885
11.8685 37.107
11.884 36.586
11.8938 36.2542
11.9038 35.9172
11.9159 35.5086
11.9262 35.1622
11.9363 34.8227
11.9469 34.4639
11.9587 34.0665
11.9827 33.2526
11.9895 33.0235
11.9978 32.746
12.0049 32.5046
12.0124 32.2526
12.019 32.0305
12.0315 31.6089
12.0428 31.2297
12.0551 30.8129
12.0802 29.9641
12.0983 29.3551
12.1131 28.8542
12.1269 28.389
12.1408 27.9225
12.1482 27.6731
12.155 27.4456
12.162 27.2096
12.169 26.9737
12.1989 25.9634
12.226 25.0468
12.2519 24.1724
12.2806 23.2048
12.3115 22.1578
12.337 21.2979
12.3594 20.5423
12.3804 19.8351
12.3998 19.1801
12.4283 18.2179
12.4758 16.6079
12.5182 15.1748
12.5182 15.1748
12.5182 15.1748
12.5182 15.1748
12.5182 15.1748
12.5182 15.1748
12.5182 15.1748
12.5182 15.1748
12.8213 15.2451
13.0794 15.3049
13.3314 15.3633
13.6199 15.4302
13.8175 15.476
15.6681 15.904
17.5458 16.3381
17.5458 16.3381
20.0107 16.2048
23.1453 16.0354
26.1915 15.8707
27.8002 15.7836
28.9315 15.7224
30.046 15.6621
31.8712 15.5634
33.2359 15.4895
35.1639 15.3852
35.3513 16.1699
35.5136 16.8491
35.6641 17.4791
35.8046 18.0672
35.9548 18.6957
36.1568 19.5413
36.3063 20.1674
36.4228 20.655
36.549 21.1832
36.9486 22.8556
37.2901 24.2851
36.8634 24.3888
36.2806 24.5305
35.2775 24.7745
34.2941 25.0137
33.7016 25.1577
32.995 25.3295
32.3412 25.4884
31.5758 25.6745
30.6935 25.8891
30.6935 25.8891
30.6935 25.8891
30.6935 25.8891
30.6935 25.8891
30.6924 26.8989
30.6914 27.9251
30.6902 29.0313
30.6893 29.8124
30.6881 30.9895
30.6867 32.3966
30.6862 32.8497
30.6856 33.3187
30.6851 33.7655
30.6846 34.1757
30.6843 34.508
30.6839 34.762
30.6836 34.999
30.6833 35.2487
30.683 35.515
30.6828 35.7318
30.6828 35.7318
30.7608 36.2873
30.853 36.9438
30.9504 37.6366
31.0573 38.3968
31.1565 39.1022
31.2382 39.6838
31.2382 39.6838
31.2382 39.6838
31.3186 39.5235
31.4158 39.3296
31.4989 39.1639
33.3563 39.5875
35.0174 39.9665
35.1939 40.0068
35.3948 40.0527
35.5803 40.0951
35.7959 40.1443
35.9766 40.1856
36.1647 40.2285
36.3332 40.267
36.5132 40.3082
36.6903 40.3486
36.8808 40.3921
37.0758 40.4367
37.4211 40.5346
37.7694 40.6334
38.0763 40.7204
38.3852 40.8081
38.6757 40.8904
38.9659 40.9728
39.2616 41.0566
39.5608 41.1415
39.8115 41.2126
35.3591 56.16
35.9821 56.0557
36.6085 55.9508
37.2047 55.851
37.7992 55.7514
38.4686 55.6394
39.1885 55.5189
39.8397 55.4098
40.5007 55.2992
41.0837 55.2016
41.6016 55.1149
42.1513 55.0228
42.8097 54.9126
43.3467 54.8227
43.9788 54.7169
44.6645 54.6021
45.4268 54.4744
46.1704 54.3499
46.7303 54.2562
46.8191 54.2413
46.9069 54.2266
46.9908 54.2126
47.0712 54.1991
47.1621 54.1839
47.2457 54.1699
47.3447 54.1533
47.4502 54.1357
47.5418 54.1203
47.6292 54.1057
47.7134 54.0916
47.7903 54.0787
47.8734 54.0648
47.9468 54.0525
48.0209 54.0401
48.1035 54.0263
48.1984 54.0104
48.2955 53.9941
48.3915 53.9781
48.4786 53.9635
48.4786 53.9635
48.4786 53.9635
48.4786 53.9635
48.4786 53.9635
47.6084 59.0014
47.175 61.5095
46.746 63.9916
46.3053 66.5419
46.074 67.8802
45.8784 69.0119
45.81 69.4077
45.7413 69.8052
45.6783 70.1695
45.6058 70.589
45.5751 70.5449
45.5495 70.5081
46.2025 70.946
46.3416 71.0393
46.4729 71.1273
46.6301 71.2327
46.7851 71.3367
46.9358 71.4377
47.1032 71.5499
47.253 71.6504
47.4042 71.7517
47.563 71.8582
47.7151 71.9602
47.8731 72.0662
48.0416 72.1791
48.209 72.2914
48.3892 72.4122
48.5134 72.4955
48.6245 72.57
48.7208 72.6346
48.8008 72.6882
48.8762 72.7387
48.9607 72.7954
49.0366 72.8463
49.118 72.9008
49.118 72.9008
49.118 72.9008
55.9867 76.2052
56.3774 76.3932
56.7124 76.5543
57.04 76.7119
57.3382 76.8554
57.4807 76.9239
57.6221 76.9919
57.7777 77.0668
57.9394 77.1446
58.1221 77.2325
58.4377 76.4897
58.6583 75.9706
58.8268 75.5742
58.9777 75.2191
59.1372 74.8438
59.2966 74.4685
59.4591 74.0861
59.6905 73.5416
60.076 72.6345
60.5045 71.6262
60.9424 70.5956
61.4053 69.5064
61.9106 68.3173
62.1637 67.7217
62.1312 67.5213
62.0967 67.3093
62.0617 67.0936
62.0229 66.8552
61.9856 66.6256
61.9455 66.3784
61.9048 66.1283
61.8593 65.8481
61.8127 65.5615
61.7662 65.275
61.715 64.96
61.6631 64.6403
61.6123 64.3277
61.5663 64.0446
61.517 63.7411
61.4496 63.3265
61.3867 62.9393
61.3213 62.5367
61.257 62.1409
61.1864 61.7067
61.1159 61.2725
61.0528 60.8841
60.9866 60.4768
60.926 60.1036
60.8656 59.732
60.7962 59.3049
60.7213 58.8437
60.6353 58.3148
60.54 57.728
60.4361 57.0887
60.3612 56.6274
60.2877 56.1747
60.2137 55.7192
60.1338 55.2275
60.047 54.6933
59.7147 52.6472
59.3928 50.6645
58.7978 47.0005
58.5782 46.5435
58.3368 46.0409
58.0889 45.525
57.8323 44.9907
57.6138 44.5361
57.4211 44.1349
57.2308 43.739
56.9303 43.1133
55.7114 40.5753
54.3084 37.6539
54.2194 37.6663
54.1359 37.678
54.0595 37.6887
53.9567 37.7031
53.8609 37.7165
53.7858 37.727
53.7143 37.737
53.6296 37.7489
53.6296 37.7489
53.6296 37.7489
53.6296 37.7489
53.6296 37.7489
53.6296 37.7489
53.1445 37.7064
52.3309 37.6351
51.5279 37.5647
51.6309 37.4264
51.7119 37.3176
51.8537 37.1273
51.9672 36.9749
52.1307 36.7554
52.2836 36.5502
52.4233 36.3628
52.5564 36.184
52.687 36.0088
53.1642 35.3682
53.494 34.9256
53.8929 34.3901
54.4311 33.6678
54.9692 32.9454
55.4401 32.3133
56.0262 31.5266
56.4287 30.9864
56.8857 30.3729
57.3568 29.7406
58.0119 28.8613
58.99 27.5484
60.1627 25.9742
61.1116 24.7006
61.9932 23.5172
62.7375 22.5181
63.375 21.6624
64.4576 20.2092
65.4724 18.8471
66.5628 17.3834
67.7992 15.7238
68.4734 14.8188
70.2298 14.8709
72.862 14.9489
81.0705 15.1922
84.3401 15.2891
84.3401 15.2891
84.3401 15.2891
84.3401 15.2891
83.4906 16.2115
