0,260,243,345,483,979,627,98,33,590,951,520,425,884,323,29,553,835,334,242,136,143,592,583,387,670,920,107,274,466,745,232,609,195,932,170,497,967,198,450,506,684,838,977,290,420,941,478,740,332,201,204,744,481,818,579,975,775,83,71,417,837,372,725,473,25,685,528,648,660,311,928,983,820,322,889,135,893,580,149,494,353,159,742,465,251,823,273,52,845,544,285,158,666,622,477,864,854,813,937,911,754,620,185,464,318,42,145,23,344,313,817,624,118,816,992,367,584,856,317,202,737,434,177,896,511,156,882,62,319,659,415,9,229,861,12,259,575,671,248,782,335,179,774,389,82,305,206,408,814,516,952,245,961,40,887,980,140,536,618,690,193,532,851,92,773,22,877,738,786,559,766,271,746,449,541,561,866,139,265,448,874,5,763,752,165,309,105,181,53,343,960,564,548,707,613,375,974,539,72,530,840,807,2,172,392,672,230,795,642,416,569,713,239,231,144,806,189,919,649,150,96,256,129,167,454,437,270,872,591,578,226,950,60,789,443,571,73,394,141,16,241,638,469,183,611,696,20,886,695,918,954,490,253,146,41,120,430,859,456,753,885,933,833,306,223,768,470,610,288,761,808,28,36,368,44,17,76,916,418,58,871,495,13,651,973,441,593,491,714,521,409,15,227,631,776,386,825,946,168,244,360,608,428,184,99,699,249,247,50,750,200,711,615,95,169,944,115,138,988,693,300,792,405,914,953,401,803,426,557,982,447,568,442,39,712,106,1,446,462,199,905,436,628,736,868,444,263,637,678,380,304,236,108,827,435,213,585,718,969,830,890,203,546,321,399,153,346,339,48,424,431,719,728,639,31,445,427,556,400,325,759,75,547,955,374,113,301,796,364,90,554,240,892,178,224,298,316,88,815,487,219,686,570,607,860,717,433,14,667,948,457,119,338,93,550,757,551,780,537,697,560,429,333,326,680,275,482,703,694,665,517,991,500,479,657,503,277,502,207,799,658,347,234,255,677,376,81,846,524,630,726,97,131,381,192,747,784,162,552,327,600,220,691,196,879,760,272,266,114,764,888,587,701,361,971,739,411,329,130,398,635,903,589,3,233,652,858,705,352,218,489,565,303,925,966,157,371,970,128,100,734,373,531,77,214,166,57,939,527,116,936,909,805,849,122,972,545,279,475,772,510,507,655,174,505,451,688,981,79,698,735,341,476,403,212,770,749,990,422,938,949,496,142,123,841,542,228,222,758,148,47,797,708,336,32,312,268,985,330,863,283,499,731,328,898,4,700,154,463,46,384,86,10,87,661,423,958,514,133,74,963,258,794,741,299,455,943,836,722,362,629,588,881,366,812,402,331,572,211,646,187,682,61,412,348,488,674,8,899,474,915,518,704,111,573,407,246,669,824,586,26,310,337,883,287,702,363,709,439,64,653,307,351,191,205,529,643,641,811,679,65,354,284,278,486,602,626,710,902,254,549,673,221,787,723,391,829,543,534,78,182,37,771,663,121,388,664,151,125,748,397,612,908,616,414,687,356,508,38,619,778,783,11,49,989,147,917,706,421,7,692,869,876,525,913,535,269,897,34,599,382,633,603,413,756,956,438,302,324,965,390,788,729,308,89,720,349,267,924,927,601,901,493,839,733,765,56,291,922,175,54,59,132,604,526,137,957,640,365,730,501,614,563,662,540,683,484,350,410,163,779,296,225,724,878,689,294,252,976,124,562,235,21,30,104,596,359,459,171,370,281,732,891,574,492,161,621,576,676,929,912,237,793,804,264,791,404,533,809,645,617,134,523,894,715,558,855,513,755,94,282,910,369,947,292,80,215,940,320,986,112,769,904,280,509,378,987,762,802,895,453,91,632,432,801,800,857,126,605,847,931,315,297,18,395,460,582,636,921,826,567,984,832,880,406,964,173,654,51,650,962,385,152,293,67,440,867,727,656,942,340,852,595,383,468,850,647,110,900,109,101,515,68,907,625,767,238,538,968,286,102,393,84,85,743,485,396,810,216,577,186,668,190,208,35,498,623,597,923,471,798,188,978,127,945,342,644,522,472,519,262,461,180,197,63,566,452,194,210,606,70,926,842,117,19,828,634,45,594,217,875,821,358,843,357,314,55,675,43,930,831,6,276,906,853,377,69,781,512,935,155,66,848,862,865,164,844,716,355,555,790,870,681,480,289,822,834,873,27,257,458,751,785,209,419,261,467,160,379,250,934,777,959,103,598,581,176,504,819,24,295,721,
value : 510.988 running time : 58.124668
80 20
86.2684 17.5916
86.2684 17.5916
86.2684 17.5916
86.2684 17.5916
86.0131 18.6219
85.5554 20.4692
83.7872 27.6071
82.753 31.7814
81.7843 35.6913
80.2745 41.7849
80.0299 42.7722
79.4791 44.9951
79.047 46.7392
78.9812 47.0047
78.9015 47.3266
78.8167 47.6689
78.7441 47.9616
78.6419 48.3741
78.6419 48.3741
78.6419 48.3741
78.6419 48.3741
78.9069 48.6641
79.166 48.9477
79.4296 49.2363
79.6665 49.4956
79.9634 49.8206
80.2607 50.146
80.2374 50.1456
80.2158 50.1451
80.1964 50.1448
80.1758 50.1444
80.4553 50.81
81.0662 52.2645
81.9313 54.3243
82.9826 56.8273
83.8341 58.8548
83.6192 59.9045
83.273 61.5963
82.6381 64.6984
82.3109 64.806
81.9612 64.9209
81.6034 65.0385
79.9542 65.5807
77.8272 66.2799
77.3983 66.4209
77.0018 66.5512
76.6161 66.678
78.1442 71.022
78.3729 71.672
78.5994 72.3157
78.9049 73.1841
79.1529 73.8893
79.4301 74.6771
79.6633 74.9621
79.882 75.2295
80.1049 75.5019
80.3752 75.8323
80.6317 76.1458
80.9172 76.4947
81.254 76.9064
81.5827 77.3081
85.9915 82.6966
85.8767 82.83
85.7839 82.9379
85.6965 83.0394
85.6039 83.147
85.5113 83.2547
85.4065 83.3765
85.3174 83.48
84.7745 84.1109
81.2914 88.1588
80.8739 88.1648
80.5146 88.17
80.1853 88.1748
79.8415 88.1797
78.1481 88.2042
76.8067 88.2237
75.3765 88.2443
74.5327 88.2566
74.0366 88.2637
73.4912 88.2716
72.99 88.2789
72.4441 88.2868
71.8613 88.2952
71.3346 88.3028
70.7992 88.3106
70.2785 88.3181
69.822 88.3247
69.3808 88.3311
68.9425 88.3374
68.5114 88.3436
68.074 88.35
67.6167 88.3566
67.1177 88.3638
66.6337 88.3708
66.194 88.3772
65.6421 88.3852
64.9956 88.3945
64.2475 88.4053
63.3569 88.4182
63.0108 88.4232
62.7526 88.4269
62.4465 88.4314
62.1519 88.4356
61.8554 88.4399
60.6754 88.457
59.4408 88.4749
57.58 88.5018
57.5051 88.5029
57.4392 88.5038
57.3757 88.5047
57.3001 88.5058
57.2369 88.5067
57.1725 88.5077
57.1026 88.5087
57.0286 88.5098
56.9581 88.5108
56.8893 88.5118
56.8254 88.5127
56.7524 88.5138
56.6798 88.5148
56.6059 88.5159
56.5405 88.5168
56.4662 88.5179
56.3935 88.5189
56.324 88.52
56.2592 88.5209
55.7093 88.0638
55.1174 87.5716
54.6673 87.1974
54.3134 86.9032
53.9488 86.6001
53.7306 86.6487
53.4879 86.7028
53.2687 86.7517
53.041 86.8024
52.8197 86.8517
52.5921 86.9024
52.1822 86.9938
51.8381 87.0705
51.4745 87.1515
51.061 87.2437
50.6506 87.3352
50.2258 87.4298
49.9067 87.501
49.592 87.5711
49.2782 87.641
48.9961 87.7039
48.6988 87.7702
48.4185 87.8326
48.1379 87.8952
47.8398 87.9616
47.5265 88.0314
47.2691 88.0888
46.9924 88.1504
46.6748 88.2212
46.3309 88.2979
45.9699 88.3783
45.633 88.4534
45.269 88.5345
44.6772 88.6664
44.1297 88.7885
43.5425 88.9193
42.567 89.1367
41.9108 89.283
41.7297 89.3234
41.547 89.3641
41.3598 89.4058
41.1724 89.4476
41.1724 89.4476
41.1724 89.4476
41.1724 89.4476
41.1724 89.4476
41.1724 89.4476
41.1724 89.4476
41.0151 89.4471
40.8636 89.4467
40.6998 89.4462
40.5568 89.4458
40.4176 89.4454
40.2874 89.445
40.1498 89.4446
39.9944 89.4442
39.8286 89.4437
39.6864 89.4433
39.5335 89.4429
39.3911 89.4425
39.0958 89.4416
38.8207 89.4408
38.5576 89.4401
38.2434 89.4392
38.194 89.3261
38.1558 89.2384
38.1163 89.148
38.0772 89.0583
38.0371 88.9662
37.9915 88.8618
37.9408 88.7454
37.8936 88.6371
37.8424 88.5199
37.7916 88.4033
37.747 88.3011
37.7022 88.1984
37.6604 88.1026
37.6168 88.0025
37.5711 87.8976
37.5275 87.7978
37.4817 87.6928
37.4383 87.5932
37.3699 87.4685
37.3038 87.348
37.2329 87.2188
36.9298 86.6664
36.0803 85.1179
35.0926 83.3177
34.7968 83.2326
34.5323 83.1565
34.2603 83.0782
33.9973 83.0025
33.7093 82.9196
33.4326 82.84
33.165 82.763
32.8951 82.6853
32.565 82.5903
32.2768 82.5074
32.0178 82.4328
31.7091 82.344
31.3862 82.251
31.0695 82.1599
30.7993 82.0822
30.5691 82.0159
30.2886 81.9352
30.2886 81.9352
30.2886 81.9352
30.2886 81.9352
30.2886 81.9352
29.7681 82.5235
29.2868 83.0674
28.7528 83.6711
28.2214 84.2716
27.6999 84.8611
26.9838 85.6705
26.2094 86.5458
25.5038 87.3433
24.8701 88.0596
24.8701 88.0596
24.8701 88.0596
24.8701 88.0596
24.8701 88.0596
24.8701 88.0596
24.8701 88.0596
24.8701 88.0596
24.8701 88.0596
24.8701 88.0596
24.8318 88.0577
24.7978 88.056
24.7617 88.0543
24.7257 88.0525
24.6894 88.0507
24.6541 88.049
24.62 88.0473
24.5833 88.0455
24.5512 88.044
24.521 88.0425
24.4901 88.041
24.4559 88.0393
24.4245 88.0378
24.386 88.0359
24.3482 88.034
24.314 88.0323
24.2807 88.0307
24.244 88.0289
24.2062 88.0271
24.1675 88.0252
24.131 88.0234
24.0941 88.0216
24.062 88.02
24.0224 88.0181
23.9888 88.0164
23.9504 88.0145
23.9146 88.0128
23.8777 88.011
23.8431 88.0093
23.8095 88.0076
23.7729 88.0059
23.742 88.0043
23.7095 88.0028
23.6772 88.0012
23.645 87.9996
23.6091 87.9978
23.573 87.9961
23.5342 87.9942
23.497 87.9923
23.3664 87.8586
23.0885 87.574
22.5687 87.0417
22.1633 86.6265
21.8618 86.3178
21.6035 86.0532
21.3754 85.8197
21.1564 85.5954
20.9468 85.3807
20.7483 85.1774
20.4797 84.9024
20.2402 84.657
18.1536 85.5086
16.6725 86.1131
14.9568 86.8133
13.5762 87.3767
11.6206 88.1749
11.3044 88.3039
11.0234 88.4186
10.7713 88.5215
10.521 88.6236
10.2487 88.7347
9.99249 88.8393
9.82918 88.906
9.63491 88.9852
9.43102 89.0685
9.43258 89.0617
9.43403 89.0553
9.43543 89.0492
9.43672 89.0435
9.43818 89.0372
9.43963 89.0308
9.44111 89.0244
9.44256 89.018
9.44405 89.0115
9.44547 89.0053
9.4469 88.999
9.44825 88.9931
9.44966 88.987
9.45108 88.9807
9.45241 88.975
9.45394 88.9682
9.45531 88.9623
9.45683 88.9556
9.4583 88.9492
9.45972 88.943
9.46116 88.9367
9.46269 88.93
9.46415 88.9236
9.46551 88.9177
9.46685 88.9118
9.46815 88.9061
9.46971 88.8993
9.47113 88.8931
9.47255 88.8869
9.47389 88.8811
9.47524 88.8751
9.47684 88.8681
9.47833 88.8616
9.47985 88.855
9.48117 88.8492
9.48258 88.843
9.48403 88.8367
9.58471 88.3966
9.69651 87.9079
9.805 87.4336
9.92598 86.9048
10.0176 86.5045
10.0972 86.1564
10.177 85.8074
10.2567 85.4592
10.3296 85.1402
10.4048 84.8117
10.4872 84.4513
10.56 84.1333
10.6229 83.8581
10.6859 83.5829
10.8077 82.8281
10.9236 82.1097
11.0482 81.3377
11.1713 80.5743
11.2779 79.9141
11.3834 79.26
11.3834 79.26
11.3834 79.26
11.3834 79.26
11.3834 79.26
11.3834 79.26
11.3834 79.26
11.3834 79.26
11.405 79.1669
11.4267 79.0731
11.447 78.9854
11.4638 78.9127
11.4857 78.8181
11.5052 78.7341
11.5388 78.5888
11.5724 78.4435
11.6058 78.2993
11.6397 78.153
11.6759 77.9966
11.7141 77.8314
11.7485 77.6829
11.7796 77.5484
11.8148 77.3965
11.8502 77.2433
11.8906 77.0688
11.9324 76.8885
11.9675 76.7366
11.9999 76.597
12.0383 76.4308
12.0728 76.282
12.1097 76.1224
12.2099 76.1011
12.309 76.08
12.4167 76.0572
12.6491 76.0079
12.8711 75.9607
13.0987 75.9124
13.3238 75.8646
13.562 75.8141
13.8085 75.7617
14.0132 75.7183
13.9618 75.6
13.9142 75.4902
13.8685 75.3849
13.8114 75.2535
13.7369 75.082
13.6615 74.9082
13.5937 74.752
13.4379 74.3932
13.272 74.0113
13.1216 73.6648
12.9638 73.3014
12.8144 72.9573
12.7297 72.7623
12.6485 72.5752
12.5697 72.3937
12.5006 72.2347
12.4285 72.0686
12.355 71.8994
12.2756 71.7164
12.198 71.5378
12.1176 71.3526
12.0463 71.1883
11.9694 71.0113
11.9694 71.0113
11.9694 71.0113
11.9399 67.9084
12.0126 67.858
12.0895 67.8047
12.1766 67.7443
12.2517 67.6923
12.3339 67.6353
12.4155 67.5788
12.4826 67.5322
12.5506 67.4851
12.6196 67.4373
12.6866 67.3909
12.7561 67.3428
12.8193 67.299
12.9827 67.1857
13.1304 67.0833
13.2793 66.9801
13.4307 66.8752
13.5961 66.7606
13.7468 66.6561
13.879 66.5645
14.0098 66.4739
14.1461 66.3794
14.269 66.2942
14.3886 66.2113
14.5183 66.1214
14.6517 66.029
14.7917 65.932
14.8311 65.9047
14.8737 65.8751
14.9182 65.8443
14.9601 65.7663
14.9953 65.7008
15.0336 65.6295
15.0762 65.5502
15.1149 65.4781
15.1557 65.4022
15.1965 65.3264
15.2356 65.2537
15.2747 65.1807
15.3161 65.1038
15.3623 65.0178
14.3447 63.2481
13.4875 61.7574
12.5542 60.1341
11.3089 57.9684
11.3089 57.9684
11.3089 57.9684
10.8642 58.1574
10.3824 58.3623
9.95629 58.5435
9.51251 58.7322
9.03892 58.9335
8.5402 59.1456
8.04692 59.3553
8.40332 57.8651
8.49986 57.4615
8.64986 56.8344
8.82709 56.0936
8.82709 56.0936
8.82709 56.0936
8.82709 56.0936
8.82709 56.0936
8.82709 56.0936
8.82709 56.0936
8.82709 56.0936
8.82709 56.0936
8.82709 56.0936
9.15639 55.8923
9.48626 55.6907
9.89211 55.4427
10.2606 55.2175
10.6041 55.0075
10.9218 54.8133
11.3508 54.5512
13.3694 53.3174
15.5175 52.0045
15.7105 51.8866
15.9169 51.7604
16.0902 51.6545
16.3036 51.5241
16.4429 51.439
16.5653 51.3641
16.6565 51.3084
16.7526 51.2497
16.8622 51.1827
16.977 51.1125
16.9046 51.0516
16.8323 50.9907
16.651 50.8381
16.4883 50.7011
16.2555 50.5051
16.0708 50.3496
15.8889 50.1965
15.6668 50.0095
15.5342 49.8979
15.4077 49.7913
15.288 49.6906
15.182 49.6013
15.0561 49.4953
14.9239 49.3841
14.7965 49.2768
14.6733 49.173
14.5174 49.0418
14.3863 48.9315
14.26 48.8251
14.13 48.7157
14.0065 48.6117
13.891 48.5145
13.7611 48.4051
13.6266 48.2919
13.5092 48.193
13.3776 48.0823
13.0092 46.544
12.2768 43.4864
11.7571 41.3169
11.222 39.0827
11.1372 38.7286
11.0598 38.4056
10.9766 38.0582
10.888 37.6881
10.8015 37.327
10.7064 36.9302
10.5988 36.4811
10.4818 35.9923
10.4818 35.9923
10.4818 35.9923
10.4818 35.9923
10.4818 35.9923
10.531 35.3809
10.5822 34.7446
10.6403 34.024
10.6891 33.4175
10.7438 32.7383
10.8014 32.0228
10.8375 31.5746
10.8961 30.8476
10.9732 29.8897
11.0506 28.9291
11.1273 27.9764
11.202 27.0483
11.2702 26.2015
11.3361 25.3832
11.4128 24.4312
11.4782 23.6188
11.548 22.7522
11.6174 21.8902
11.7374 20.3998
12.0311 16.7527
12.0498 16.5206
12.0697 16.274
12.0863 16.0679
12.1044 15.8427
12.1207 15.6407
12.1383 15.4211
12.1383 15.4211
12.1383 15.4211
12.1383 15.4211
12.2366 15.4153
12.323 15.4103
12.4166 15.4048
12.8294 15.3807
13.231 15.3572
14.0783 15.3077
15.2497 15.2393
16.4631 15.1684
17.4678 15.1098
19.1949 15.0089
20.6886 14.9216
22.2427 14.8308
24.6437 14.6906
33.762 14.158
33.6938 14.9964
33.6267 15.8223
33.5681 16.5418
33.5084 17.2761
33.4365 18.1604
33.3715 18.9595
33.2341 20.6477
33.1321 21.9017
33.1321 21.9017
33.1321 21.9017
33.1321 21.9017
33.1321 21.9017
33.1321 21.9017
33.1321 21.9017
33.1321 21.9017
33.1321 21.9017
33.1321 21.9017
33.1321 21.9017
33.1321 21.9017
32.8264 22.1232
32.5716 22.3078
30.2696 23.9758
27.7872 25.7745
27.0294 26.3235
26.3437 26.8203
25.5273 27.4119
24.8241 27.9214
24.4482 28.1938
24.1831 28.3371
23.9542 28.4609
23.7189 28.5881
23.4694 28.723
23.201 28.8681
22.9475 29.0052
22.7021 29.1379
21.1438 29.9805
21.1438 29.9805
21.1438 29.9805
21.1459 30.0061
21.1476 30.0265
21.2591 31.3596
21.3848 32.863
21.7124 36.7817
21.8835 38.8283
21.9299 39.3833
21.9916 40.1221
22.041 40.7129
22.041 40.7129
22.041 40.7129
22.2079 40.7227
22.3577 40.7314
22.5173 40.7408
22.6923 40.7511
22.8706 40.7615
23.0351 40.7712
23.1901 40.7802
23.3219 40.788
23.4874 40.7977
23.6359 40.8064
23.7822 40.815
23.9254 40.8234
24.0681 40.8317
26.5353 40.9764
28.5351 41.0936
30.2699 41.1953
30.6032 41.2149
30.9589 41.2357
31.3326 41.2576
31.7103 41.2798
32.0617 41.3004
32.3994 41.3202
32.7893 41.343
33.1516 41.3643
33.4861 41.3839
33.8384 41.4045
34.1576 41.4232
34.5031 41.4435
34.3974 41.8457
34.2904 42.2526
34.1812 42.6679
33.5848 44.9355
33.0899 46.8174
32.6239 48.5896
32.1968 50.2139
31.6202 52.4065
30.9897 54.8039
30.9897 54.8039
30.9897 54.8039
30.9897 54.8039
30.9897 54.8039
30.9897 54.8039
30.9897 54.8039
30.9897 54.8039
30.9897 54.8039
30.9897 54.8039
31.0468 55.639
31.1169 56.6652
31.1968 57.8346
31.2457 58.5511
31.2892 59.1875
31.3319 59.8121
31.3763 60.4621
31.4136 61.0074
31.4621 61.7182
31.5067 62.3712
31.549 62.9898
31.5967 63.6872
31.5967 63.6872
31.5967 63.6872
31.5967 63.6872
31.5967 63.6872
31.5967 63.6872
31.5967 63.6872
31.5967 63.6872
31.5967 63.6872
31.5967 63.6872
31.5967 63.6872
31.5967 63.6872
31.5967 63.6872
31.5967 63.6872
31.5967 63.6872
32.1714 64.6542
32.5506 65.2921
32.9266 65.9246
33.3224 66.5905
33.7577 67.3229
34.3112 68.254
34.8884 69.225
35.4523 70.1738
36.0574 71.1917
36.6015 72.1071
36.6015 72.1071
36.6015 72.1071
36.6015 72.1071
36.6015 72.1071
36.6015 72.1071
36.6015 72.1071
36.6015 72.1071
36.6015 72.1071
36.6015 72.1071
36.6321 71.9456
36.6607 71.7947
36.69 71.64
36.717 71.4977
36.744 71.3555
36.7738 71.1983
36.8033 71.0423
36.8327 70.8874
36.8626 70.7295
37.0234 69.8815
37.135 69.293
37.2511 68.6803
37.3407 68.2079
37.4247 67.7649
37.5096 67.3173
37.5974 66.8542
37.6831 66.402
37.7853 65.8628
37.8592 65.4729
37.9054 65.2295
37.9515 64.9864
37.9515 64.9864
44.5687 59.5146
44.5466 59.7178
44.526 59.9066
44.5041 60.1084
44.4825 60.3069
44.4632 60.4838
44.4427 60.6718
44.4231 60.8521
44.4019 61.0463
44.3785 61.2619
44.3569 61.4598
44.3345 61.6651
44.3107 61.8841
44.2927 62.0494
44.2732 62.2288
44.2516 62.4268
44.5606 63.5588
44.8329 64.5565
45.0706 65.4272
45.3011 66.2718
45.5098 67.0364
45.7249 67.8245
45.9727 68.7324
46.2288 69.6707
46.4598 70.5167
46.6375 71.1679
46.8 71.7632
47.1547 73.0627
47.6506 74.8793
47.7335 75.1831
47.7335 75.1831
48.3121 75.44
49.1053 75.7923
50.2092 76.2825
51.2175 76.7303
51.9324 76.7636
52.7027 76.7994
53.4144 76.8325
54.1573 76.8671
54.2203 76.87
54.2941 76.8735
54.3618 76.8766
54.4255 76.8796
54.4894 76.8826
54.6467 76.9774
54.8102 77.076
54.9688 77.1716
55.1607 77.2873
55.3531 77.4033
55.5559 77.5256
55.7604 77.6489
55.9398 77.7571
56.1181 77.8646
56.3174 77.9848
56.5204 78.1072
56.7353 78.2368
56.9446 78.363
57.1307 78.4752
57.3446 78.6042
57.5309 78.7165
57.7107 78.8249
57.8823 78.9284
58.0492 79.029
58.2247 79.1348
58.4048 79.2434
58.6052 79.3643
58.8635 79.5201
59.079 79.65
59.3413 79.2853
59.5771 78.9575
59.8371 78.5958
65.9034 70.1609
66.0662 69.9404
66.2218 69.7298
66.3781 69.5182
66.5492 69.2863
66.7009 69.081
66.8577 68.8687
66.6339 68.4608
66.3952 68.0258
66.3952 68.0258
66.3952 68.0258
66.3952 68.0258
66.3952 68.0258
66.3952 68.0258
66.3952 68.0258
66.3952 68.0258
66.3952 68.0258
66.3952 68.0258
66.3952 68.0258
64.4899 65.0284
63.3002 63.1564
63.2184 63.0942
63.1442 63.0379
63.0578 62.9724
61.6669 61.9168
59.3155 59.3727
59.2462 59.2977
59.1732 59.2187
59.093 59.132
59.0131 59.0454
58.9402 58.9666
58.8668 58.8872
58.7852 58.7989
58.7056 58.7128
58.625 58.6256
58.5562 58.5512
58.4848 58.4739
58.3918 58.3733
58.303 58.2773
58.2233 58.191
58.144 58.1052
58.0604 58.0147
57.9812 57.9291
57.8981 57.8391
57.8137 57.7479
57.7299 57.6572
57.6587 57.5801
57.58 57.495
57.4993 57.4077
56.5614 56.3929
55.5554 55.3045
54.7183 54.3989
53.8857 53.4981
53.1391 52.6903
52.3948 51.885
52.2863 51.5744
52.1589 51.2099
52.022 50.818
51.9162 50.5152
51.9162 50.5152
51.9162 50.5152
51.9162 50.5152
51.6596 49.8814
51.5514 49.614
51.4495 49.3624
51.3384 49.088
51.2192 48.7935
51.0984 48.4951
50.9972 48.245
50.9089 48.0271
50.8133 47.7908
51.1671 47.6137
51.5378 47.4281
51.9801 47.2066
54.5137 45.9381
55.4488 45.4699
56.0376 45.1751
55.8993 44.7493
55.7251 44.213
55.4799 43.4585
55.3185 42.9616
55.179 42.5323
55.0418 42.11
54.9084 41.6993
54.7715 41.2779
54.6299 40.8421
54.4779 40.3744
54.3902 40.1044
54.3092 39.855
54.2047 39.5334
54.0716 39.1236
53.9282 38.6822
53.8266 38.3696
53.7078 38.004
53.5711 37.5831
53.4238 37.1297
52.9097 37.182
52.0849 37.2658
51.4287 37.3324
50.7714 37.3992
50.5837 37.4183
50.3414 37.4429
50.1331 37.4641
49.8572 37.4921
49.7222 37.1592
49.6095 36.8812
49.482 36.5669
49.3548 36.2531
49.2019 35.8762
49.0328 35.4593
48.8792 35.0803
48.7449 34.7493
48.5979 34.3866
48.4343 33.9832
48.2559 33.5432
48.112 33.1885
47.9625 32.8198
47.7511 32.2986
47.5329 31.7604
46.8185 29.9988
46.1646 28.3864
46.5429 28.1712
47.021 27.8992
47.4342 27.6642
47.7679 27.4743
48.2251 27.2142
48.2251 27.2142
48.2251 27.2142
48.2251 27.2142
48.2251 27.2142
48.2251 27.2142
48.2251 27.2142
48.2251 27.2142
48.2251 27.2142
49.6784 26.2398
51.4458 25.0547
58.2142 20.5168
61.2694 18.4683
65.1544 15.8635
66.0621 16.1164
66.862 16.3393
67.7023 16.5734
68.6415 16.8351
69.5527 17.0891
70.8732 17.457
72.3657 17.8729
74.6594 18.512
