0,260,979,243,483,819,721,598,103,504,581,831,959,24,6,873,777,295,176,653,419,379,934,555,337,704,573,407,351,669,518,246,111,883,287,26,363,626,310,643,474,899,221,8,439,331,366,674,682,362,588,646,412,741,211,812,661,488,881,629,722,187,61,702,258,348,4,963,74,710,794,299,455,836,863,46,514,328,958,86,898,133,943,499,612,121,476,174,655,616,37,663,330,32,228,841,463,268,700,10,87,985,990,391,496,78,423,673,572,902,278,65,824,602,549,307,709,787,915,284,354,402,822,254,869,64,829,641,205,486,619,38,508,664,151,125,748,397,302,688,679,956,182,908,336,981,324,79,475,599,269,510,797,633,543,929,788,891,376,114,735,925,879,3,130,849,142,422,534,949,760,698,403,677,312,128,384,341,352,212,57,731,858,489,157,214,652,805,771,283,123,909,770,154,758,222,148,100,749,527,122,531,234,116,131,218,936,542,970,279,972,47,303,708,373,277,14,81,255,703,196,97,691,166,162,846,630,764,589,784,272,113,398,59,505,897,233,329,705,524,565,552,587,99,946,658,361,560,574,948,825,503,219,184,739,119,326,429,500,132,411,400,275,701,600,77,338,772,680,427,799,517,502,192,347,939,482,747,966,686,371,381,667,301,346,457,796,95,263,982,657,734,694,554,207,607,665,321,717,445,944,615,433,892,803,551,426,178,75,203,719,728,401,300,88,93,955,991,556,759,374,224,240,90,639,830,890,570,316,247,108,1,953,444,792,628,153,693,446,557,298,860,364,914,405,436,115,39,442,568,447,712,199,462,106,213,699,736,585,969,547,169,988,13,17,15,711,304,200,973,227,138,905,435,380,678,637,868,546,714,750,827,236,490,776,491,431,815,31,399,249,718,325,48,780,886,888,635,124,424,418,479,526,296,795,60,537,443,695,92,333,495,339,368,36,761,386,871,58,360,469,916,726,244,168,16,2,521,593,183,918,638,288,885,808,768,50,430,786,456,409,610,696,253,933,550,859,833,753,41,807,189,806,954,591,428,265,181,20,28,271,230,394,76,470,631,96,611,707,441,223,44,150,651,306,960,672,437,256,120,73,416,231,773,139,53,974,613,129,146,877,172,659,72,22,874,245,564,562,840,561,239,649,826,335,305,193,614,511,367,737,532,866,375,569,389,642,215,320,851,961,392,766,746,449,530,752,814,548,206,448,541,5,156,105,309,763,165,738,559,882,952,344,434,584,774,23,343,980,690,408,40,618,318,911,620,464,273,285,52,624,896,62,817,185,259,713,317,580,854,845,544,158,666,622,477,864,145,937,820,149,417,893,983,823,353,494,251,135,928,322,204,311,685,372,450,473,725,889,25,660,727,648,742,740,159,775,465,83,383,801,813,177,378,567,12,481,654,887,931,71,229,509,395,280,415,744,112,856,984,42,992,202,754,369,880,536,82,313,319,947,516,636,861,118,816,297,632,248,800,18,940,986,782,9,921,140,769,857,126,582,987,575,671,460,94,617,762,847,540,802,91,315,895,216,832,109,668,968,468,533,558,84,432,779,743,809,563,80,523,453,264,171,235,175,894,484,404,597,621,689,878,225,855,163,406,167,294,179,141,454,539,919,755,144,270,292,252,350,241,976,683,513,724,487,757,608,578,697,390,327,220,950,266,903,451,729,912,765,493,720,308,924,226,662,733,137,382,645,957,730,910,21,872,365,501,571,927,596,359,291,839,965,104,922,134,30,459,676,576,804,715,971,507,267,901,349,34,789,56,604,938,601,756,640,913,410,732,54,127,461,370,194,783,723,603,413,545,147,917,566,49,525,876,89,180,210,790,535,778,388,687,438,811,7,989,834,706,11,414,160,250,529,467,191,289,935,716,848,480,164,342,692,209,870,681,865,586,355,853,356,261,751,785,257,828,377,875,63,675,821,458,55,314,358,197,19,276,217,781,421,945,357,978,45,844,906,66,522,155,862,281,452,237,512,623,843,282,471,577,472,810,798,923,498,519,793,293,492,69,262,791,634,606,644,117,396,43,27,930,926,594,190,485,70,85,553,161,286,208,188,186,440,515,101,625,842,102,907,767,238,538,656,67,35,964,51,852,850,595,900,942,605,650,647,393,173,68,340,904,110,867,152,583,818,385,290,579,975,837,962,478,198,941,420,967,387,201,107,838,884,684,528,332,497,932,951,977,242,334,425,506,609,170,592,195,136,670,920,143,29,323,274,466,745,232,835,520,590,98,33,627,345,
value : 541.287 running time : 43.780622
80 20
82.5547 16.4929
83.1358 15.6955
83.628 15.0199
83.931 14.6042
70.2247 15.5528
68.6496 15.6623
66.602 15.8045
64.4926 15.9511
63.4321 16.0989
62.1834 16.2728
60.9233 16.4484
60.1593 16.5548
59.3292 16.6705
58.0974 16.8421
57.0822 16.9836
56.7436 17.0307
56.3759 17.082
55.9026 17.1479
50.0579 17.9617
47.6096 18.3027
44.3371 18.7584
44.3371 18.7584
44.3371 18.7584
43.0025 18.3872
41.7819 18.0477
40.7453 17.7592
39.8088 17.4986
39.022 17.2797
38.4445 17.1189
38.4445 17.1189
37.1658 17.0309
36.1904 16.9635
35.2432 16.898
34.2811 16.8316
33.2512 16.7604
32.21 16.6886
31.1437 16.615
30.0084 16.5366
28.986 16.4662
27.933 16.3936
27.7075 16.378
27.511 16.3644
22.9157 15.8109
19.4105 15.3886
15.0179 14.8595
14.8182 14.8354
14.6099 14.8103
14.4135 14.7866
14.2259 14.764
14.0546 14.7433
13.8739 14.7215
13.7131 14.7021
13.5624 14.684
13.4056 14.6651
13.2421 14.6453
13.2246 14.7985
13.2091 14.9351
13.1935 15.0716
13.1781 15.2071
13.1623 15.3454
12.7942 18.5819
12.7244 19.1937
12.6112 20.1874
12.4688 21.4364
12.3481 22.4958
12.1994 23.8007
12.0834 24.8183
11.9661 25.8474
11.8557 26.8167
11.7456 27.7821
11.6378 28.7282
11.5229 29.7358
11.3769 31.0169
11.2158 32.4312
11.1122 33.3404
11.0259 34.0974
10.9315 34.9256
10.9243 34.9881
10.9174 35.0492
10.9101 35.1127
10.8841 35.3405
10.8581 35.5684
10.8294 35.8201
12.5387 36.718
13.2116 37.0713
13.8053 37.383
14.4041 37.6973
14.4511 37.722
14.4967 37.7459
14.5457 37.7716
14.5457 37.7716
14.5457 37.7716
14.7231 37.8415
14.8938 37.9087
15.064 37.9757
15.2341 38.0428
15.4815 38.1402
15.7485 38.2453
16.0149 38.3502
16.2825 38.4557
16.5588 38.5645
16.8523 38.68
17.1527 38.7983
17.8882 36.8673
18.6195 34.948
19.3553 33.0175
19.6818 32.1611
19.9064 32.0374
20.3304 31.8038
20.7007 31.5997
21.0028 31.4333
21.3076 31.2653
21.5995 31.1045
21.8918 30.9435
22.1808 30.7843
22.4531 30.6343
22.7058 30.4951
22.9439 30.364
23.1822 30.2327
23.4157 30.1041
23.6466 29.977
24.0611 29.7486
24.0611 29.7486
24.0566 30.1616
24.0526 30.5401
24.041 31.6126
24.0296 32.6572
24.0094 34.5123
23.9892 36.3653
23.9636 38.704
23.9537 39.6127
23.9452 40.4001
23.9386 41.0158
23.9319 41.6433
23.9247 42.3055
23.9162 43.094
23.9078 43.8688
23.8995 44.6442
23.8918 45.3587
23.8853 45.9592
23.8731 47.0841
23.8653 47.8065
23.8583 48.4551
23.8514 49.0988
23.8461 49.5871
23.842 49.9731
23.838 50.347
23.8347 50.6594
23.8309 51.0087
23.8305 51.0459
23.8301 51.088
23.8297 51.126
23.8292 51.1677
23.8287 51.2095
23.8282 51.261
23.2395 51.5919
22.5149 51.9991
16.2659 55.5095
15.6921 55.832
15.1658 56.1278
14.5987 56.4465
14.1287 56.7106
13.8621 55.9525
13.5351 55.0227
12.44 51.9101
12.4069 51.8159
12.3734 51.7206
12.3356 51.6132
12.3022 51.518
12.27 51.4265
12.234 51.3239
12.1965 51.2172
12.1638 51.1242
12.1271 51.0199
12.0945 50.927
12.0647 50.8421
12.0418 50.7771
12.0183 50.7102
11.9921 50.6357
11.9685 50.5685
11.9434 50.497
11.9207 50.4324
11.8955 50.3606
11.8707 50.2902
11.8475 50.2241
11.8227 50.1534
11.7985 50.0847
11.7727 50.0111
11.7454 49.9334
11.7411 50.1771
11.7367 50.4256
11.7323 50.6734
11.7278 50.9307
11.7232 51.1919
11.7187 51.4457
11.7141 51.7079
11.7091 51.9884
11.7042 52.2693
11.6991 52.5548
11.6941 52.8382
11.6905 53.0426
11.6873 53.2229
11.6873 53.2229
11.8287 53.8459
11.9428 54.3485
12.0584 54.8579
12.1781 55.385
12.3031 55.936
12.3969 56.3491
12.4927 56.7711
12.5898 57.1986
12.7 57.6842
12.8164 58.197
12.9635 58.8452
13.3159 60.3998
13.4754 61.1031
13.4754 61.1031
13.4754 61.1031
13.4754 61.1031
13.4755 61.1031
13.4755 61.1031
13.4755 61.1031
13.4755 61.1031
13.6104 61.1867
13.7681 61.2843
13.9135 61.3743
14.0667 61.4692
14.2158 61.5615
14.3568 61.6487
14.4984 61.7364
14.6404 61.8243
14.7937 61.9192
14.9569 62.0202
14.9569 62.0202
15.1205 62.4695
15.2879 62.9293
15.453 63.3829
15.6174 63.8343
15.7837 64.2913
15.9543 64.76
16.1321 65.2485
16.3128 65.7452
16.4783 66.1998
16.6323 66.6227
16.7675 66.994
16.879 67.3001
16.9877 67.5985
16.9877 67.5985
16.6235 67.7502
16.317 67.8779
16.0196 68.0017
15.7404 68.118
15.4752 68.2284
15.2422 68.3255
15.0034 68.4249
14.7755 68.5198
14.5443 68.6161
14.3142 68.7119
14.0928 68.8041
13.8514 68.9046
13.6023 69.0084
13.367 69.1064
13.107 69.2147
12.8357 69.3276
12.5145 69.4614
12.2649 69.5653
12.026 69.6648
11.7419 69.7832
11.4431 69.9076
11.1635 70.0241
10.9143 70.1279
10.6881 70.2221
10.4538 70.3196
10.1961 70.427
10.0814 70.8098
9.94611 71.2614
9.80419 71.7351
9.59835 72.4218
9.38066 73.1481
9.16058 73.8824
8.87588 74.8321
8.52632 75.9979
8.12127 77.3486
8.12127 77.3486
8.12127 77.3486
8.12127 77.3486
8.12127 77.3486
8.12126 77.3486
8.12126 77.3486
8.12126 77.3486
8.12126 77.3486
8.13797 77.4599
8.15548 77.5767
8.17156 77.6838
8.18808 77.794
8.20531 77.9088
8.2243 78.0355
8.24136 78.1492
8.26602 78.3136
8.29393 78.4996
8.32002 78.6736
8.34528 78.8419
8.37134 79.0157
8.39575 79.1784
8.41584 79.3123
8.43678 79.4519
8.45735 79.589
8.47817 79.7278
8.49943 79.8695
8.52056 80.0104
8.53998 80.1398
8.56229 80.2885
8.58253 80.4234
8.60262 80.5573
8.62265 80.6908
8.64017 80.8076
8.65759 80.9237
8.67661 81.0505
8.69673 81.1846
8.71492 81.3059
8.73342 81.4292
8.7556 81.5771
8.77658 81.7169
8.79688 81.8522
8.82079 82.0116
8.84489 82.1723
8.87055 82.3433
8.897 82.5196
8.92173 82.6845
8.94406 82.8333
8.96658 82.9835
8.98708 83.1201
9.00734 83.2552
9.02832 83.395
9.04996 83.5393
9.07193 83.6857
9.09423 83.8344
9.11516 83.9739
9.13528 84.108
9.1533 84.2281
9.21844 84.6623
9.29758 85.1898
9.37157 85.6829
9.44023 86.1405
9.49378 86.4973
9.55554 86.909
9.60412 87.2328
9.6474 87.5213
9.68934 87.8008
9.72983 88.0707
9.77096 88.3448
9.80961 88.6024
9.84871 88.863
9.88451 89.1016
9.91895 89.3311
9.92302 89.3583
9.92727 89.3867
9.9318 89.4169
9.93609 89.4455
9.94034 89.4738
9.94475 89.5032
9.94959 89.5355
10.2835 89.5698
10.5664 89.5988
10.833 89.6261
11.0179 89.6451
11.2147 89.6653
11.4074 89.685
11.6146 89.7063
11.8102 89.7263
11.9523 89.7409
12.0924 89.7552
12.2519 89.7716
12.4206 89.7889
12.598 89.8071
12.7926 89.827
12.9901 89.8473
13.5305 89.9027
15.2229 90.0765
15.2229 90.0765
15.2229 90.0765
15.4757 89.8233
15.7318 89.5669
15.9691 89.3291
16.2122 89.0857
16.5424 88.7551
16.8522 88.4447
17.1561 88.1405
17.4545 87.8415
17.7528 87.5429
18.0549 87.2403
18.581 86.7138
19.1454 86.1488
19.7085 85.5853
20.271 85.0224
20.8192 84.4737
21.1645 84.128
21.4188 83.8733
21.5474 83.7444
21.6762 83.6154
21.8104 83.4809
21.9406 83.3505
22.0668 83.5606
22.1908 83.7667
22.2577 83.8782
22.3254 83.9909
22.3974 84.1106
22.4762 84.2418
22.5538 84.3709
22.5937 84.4374
22.6362 84.508
22.6792 84.5796
22.7321 84.6677
22.7813 84.7496
22.8244 84.8214
22.8655 84.8897
23.0781 85.2432
23.1776 85.4088
23.2778 85.5755
23.3785 85.743
23.48 85.912
23.5799 86.0781
23.7261 86.3212
23.874 86.5674
24.0401 86.8435
24.2141 87.1329
24.3961 87.4355
24.3967 87.4348
24.3974 87.4341
24.3981 87.4333
24.3987 87.4326
24.3993 87.432
24.3999 87.4313
24.4005 87.4307
24.401 87.4301
24.449 87.377
24.4924 87.3291
24.6236 87.184
24.7516 87.0425
24.8947 86.8843
25.0682 86.6925
25.2464 86.4955
25.4275 86.2954
25.6008 86.1037
25.8095 85.873
26.0064 85.6554
26.208 85.4325
26.4195 85.1987
27.6462 83.8436
28.9163 82.4405
28.9602 82.392
29.0014 82.3465
29.0415 82.3021
29.081 82.2585
30.0848 86.1728
31.0207 89.8223
31.0207 89.8223
31.0207 89.8223
31.0207 89.8223
31.0207 89.8223
31.0207 89.8223
31.0207 89.8223
31.0207 89.8223
31.0207 89.8223
31.0207 89.8223
31.0207 89.8223
31.0207 89.8223
31.0207 89.8223
31.0207 89.8223
31.2566 89.7828
31.4578 89.7492
31.6964 89.7094
31.9236 89.6714
32.2126 89.6231
32.6037 89.5577
33.0216 89.4879
33.4608 89.4145
33.818 89.3548
34.1658 89.2967
34.5439 89.2336
34.9675 89.1628
35.3489 89.0991
35.7398 89.0337
36.1576 88.9639
36.6188 88.8869
37.0421 88.8162
37.5039 88.739
38.0081 88.6547
38.4912 88.574
38.9899 88.4907
39.5047 88.4047
40.0492 88.3137
40.509 88.2369
41.0332 88.1493
41.6406 88.0478
42.2429 87.9472
42.6426 87.8804
43.0307 87.8155
43.4007 87.7537
43.7984 87.6873
44.2099 87.6185
44.6101 87.5517
45.0897 87.4715
45.5408 87.3962
45.5408 87.3962
45.5408 87.3962
45.5408 87.3962
45.8759 89.5446
46.0673 90.7712
46.2768 92.1134
46.2768 92.1134
46.2768 92.1134
46.2768 92.1134
46.2768 92.1134
46.2768 92.1134
46.2768 92.1134
46.2768 92.1134
46.2583 92.172
46.2389 92.2336
46.216 92.306
46.1973 92.3654
46.1777 92.4277
46.1592 92.4863
46.1396 92.5484
46.1212 92.6069
46.0971 92.6833
46.2616 92.7079
46.4191 92.7315
46.5883 92.7568
46.7564 92.782
46.9392 92.8094
47.1134 92.8354
47.2866 92.8614
47.4564 92.8868
47.6229 92.9117
47.8011 92.9384
47.9812 92.9654
48.1591 92.992
48.8114 93.0895
49.4941 93.1915
50.1633 93.2916
50.8367 93.3923
51.47 93.4869
52.072 93.577
52.6406 93.662
53.208 93.7469
53.7826 93.8328
54.4312 93.9297
55.0901 94.0282
55.756 94.1278
56.564 94.2486
57.4092 94.3749
58.2602 94.502
58.2557 94.5011
58.2516 94.5002
58.2473 94.4993
58.243 94.4984
58.2388 94.4976
58.2342 94.4966
58.2289 94.4955
58.2241 94.4945
58.2198 94.4936
58.2165 94.4929
58.2121 94.492
58.2075 94.4911
58.2027 94.4901
62.1128 93.449
65.6486 92.5073
66.3841 92.3112
67.0545 92.1324
67.7099 91.9577
68.3685 91.782
69.0168 91.6091
69.6526 91.4396
70.3036 91.266
71.0087 91.078
71.6755 90.9001
72.368 90.7155
73.0796 90.5257
73.7114 90.3572
74.4351 90.1642
75.0942 89.9884
75.714 89.8232
76.1628 89.7034
76.6699 89.5682
77.2239 89.4204
77.796 89.2678
78.8527 88.9861
80.562 88.5306
82.3591 86.8536
84.2271 85.1104
85.1063 84.2902
85.5686 83.859
86.0059 83.4512
85.1262 82.7827
84.9533 82.6905
84.7679 82.5917
84.5976 82.5008
84.3953 82.3929
84.1425 82.258
77.0084 78.4525
76.9932 78.4444
76.9762 78.4354
76.9585 78.4259
76.9397 78.4159
76.919 78.4049
76.8992 78.3943
76.8802 78.3841
76.8617 78.3743
71.6021 79.7243
69.2757 80.321
66.8508 80.9429
66.4332 81.0499
66.0305 81.1531
65.6426 81.2524
65.3173 81.3358
64.9779 81.4227
64.6164 81.5153
64.306 81.5948
64.0015 81.6728
63.6583 81.7607
63.3372 81.843
63.0146 81.9256
62.6882 82.0093
62.3966 82.084
62.158 82.1451
61.8836 82.2154
58.4217 85.982
58.2587 85.7319
58.0957 85.482
57.8868 85.1615
57.6453 84.7912
57.3941 84.4058
57.1377 84.0127
56.8883 83.6302
56.6386 83.2472
56.378 82.8476
56.3427 82.7933
56.3018 82.7306
56.2636 82.672
56.2252 82.613
56.0424 82.3326
55.867 82.0636
55.6961 81.8014
55.5116 81.5182
55.3127 81.2131
55.0746 80.8479
54.8659 80.5277
54.6803 80.2429
54.4977 79.9629
54.3023 79.663
54.1074 79.3641
53.9341 79.0982
53.7635 78.8365
53.5923 78.5738
53.4274 78.3208
53.2568 78.0591
53.0887 77.8011
52.9266 77.5525
52.7635 77.3022
52.6031 77.0561
52.4421 76.8091
52.2618 76.5325
52.0806 76.2544
51.8841 75.9531
51.6898 75.655
51.5178 75.3911
51.4782 75.3304
51.4351 75.2643
51.3971 75.206
51.3572 75.1447
51.3182 75.0849
51.2774 75.0223
51.233 74.9543
51.1992 74.9024
51.1646 74.8492
51.13 74.7962
48.907 72.3876
47.239 70.5804
45.6238 68.8304
45.5608 68.762
45.4991 68.6952
45.4392 68.6302
45.3588 68.5431
45.2787 68.4563
45.1978 68.3686
45.1978 68.3686
45.1978 68.3686
45.1978 68.3686
45.1978 68.3686
45.1978 68.3686
45.1978 68.3686
45.1978 68.3686
45.1978 68.3686
45.1978 68.3686
45.1978 68.3686
45.1978 68.3686
45.1978 68.3686
44.9884 68.72
43.3797 71.4215
42.7613 72.4597
42.1592 73.4703
41.541 74.5079
40.538 76.1918
39.498 77.9384
39.4271 78.0544
39.98 78.1855
40.4993 78.3086
40.2159 78.1187
39.9817 77.9619
39.8055 77.8439
39.4954 77.6362
39.1965 77.4361
38.8675 77.2157
38.5355 76.9934
38.2129 76.7773
37.8767 76.5521
37.5611 76.3408
37.2356 76.1228
36.8741 75.8807
36.5016 75.6312
36.0286 75.4568
32.7166 74.2346
29.1075 72.9025
29.2042 72.6575
29.3018 72.4099
29.4458 72.0449
29.6226 71.5964
29.8117 71.1169
30.0036 70.6301
30.2021 70.1265
30.4626 69.4659
30.7916 68.6309
31.1867 67.6282
31.5961 66.589
31.6146 66.5706
31.6344 66.5507
31.6515 66.5336
31.6685 66.5166
31.6852 66.4999
31.7032 66.4819
31.7185 66.4666
31.7356 66.4495
31.7525 66.4327
31.7691 66.416
31.7871 66.398
31.8045 66.3806
31.8228 66.3624
31.8393 66.3459
31.8552 66.33
31.8748 66.3104
31.8915 66.2937
31.9075 66.2776
31.9903 66.1949
32.0691 66.1161
32.1507 66.0346
32.2331 65.9522
32.3247 65.8606
32.4084 65.777
32.495 65.6904
32.5761 65.6094
32.656 65.5295
32.748 65.4375
32.8364 65.3492
32.922 65.2636
32.9461 65.1188
32.9698 64.9768
32.9936 64.8343
32.9897 64.8214
32.9859 64.809
32.9822 64.797
32.9784 64.7844
32.9742 64.7705
32.9702 64.7574
32.9665 64.745
32.9627 64.7327
32.9588 64.72
32.9554 64.7086
32.8756 64.4464
32.7952 64.1818
31.0433 58.4192
31.0433 58.4192
31.6072 58.2019
32.2654 57.9483
32.7671 57.755
33.4721 57.4833
33.5843 56.5279
33.7156 55.4095
33.848 54.2831
33.9882 53.0902
34.129 51.8924
34.2605 50.7755
34.4237 49.3857
34.5852 48.0104
34.6991 47.8538
34.8191 47.6887
34.9345 47.5299
35.0955 47.3083
35.2652 47.0749
35.4083 46.8779
35.5403 46.6963
35.6755 46.5103
35.8206 46.3107
35.9646 46.1126
36.1328 45.8811
36.2957 45.657
36.4572 45.4348
36.5958 45.244
36.7547 45.0255
36.9192 44.7991
37.0964 44.5554
37.2652 44.3231
37.7092 43.7121
38.1606 43.091
38.6002 42.486
39.039 41.8822
39.039 41.8822
39.039 41.8822
39.5939 41.3538
41.3968 39.6369
41.9105 39.1477
42.2 38.872
42.6978 38.398
43.0836 38.0305
43.4864 37.6469
43.6426 37.4982
43.7986 37.3496
43.9529 37.2027
44.1223 37.0413
44.3159 36.857
44.3159 36.857
44.3562 36.711
44.3971 36.5625
44.4348 36.4257
44.4751 36.2796
44.515 36.1349
44.5528 35.9978
44.5891 35.8664
44.623 35.7434
44.6566 35.6216
44.6938 35.4867
45.8093 35.9098
46.8676 36.3109
47.9138 36.7075
48.912 37.086
49.8124 37.4272
50.6385 37.7402
51.4014 38.0292
52.1348 38.3071
52.4786 38.4373
52.4529 38.6075
52.428 38.7721
52.4016 38.9475
52.3752 39.1221
52.3478 39.3033
52.3216 39.477
52.2948 39.6542
52.2701 39.8182
52.2456 39.9803
52.2169 40.1699
52.1888 40.3562
52.1642 40.5194
52.1642 40.5194
52.1642 40.5194
51.7243 41.781
51.2647 43.0991
50.7883 44.4654
50.2767 45.933
50.0045 46.7133
49.7315 47.496
49.4211 48.3862
49.1779 49.0832
48.928 49.7995
49.3338 50.0609
49.7492 50.3286
50.1408 50.5809
50.5328 50.8334
50.5361 50.8356
50.5396 50.8379
50.5428 50.8399
50.5467 50.8424
50.5502 50.8447
50.5535 50.8468
50.557 50.849
50.5605 50.8513
50.564 50.8536
50.5674 50.8558
50.5707 50.8579
50.5742 50.8602
50.5779 50.8625
50.5815 50.8649
52.549 48.2856
53.4793 47.067
53.871 46.5541
54.2254 46.09
54.5609 45.6508
54.8989 45.2081
55.226 44.7798
56.0503 46.1851
57.0481 47.8865
57.6723 48.9505
58.3743 50.1473
58.8893 51.025
59.367 51.8391
59.8236 52.6172
60.2749 53.3864
60.1238 54.9041
59.9812 56.3342
59.8497 57.6522
59.8497 57.6522
59.8497 57.6522
59.8497 57.6522
59.8497 57.6522
59.8497 57.6522
60.4758 58.0689
61.1309 58.505
61.7778 58.9356
62.4134 59.3587
63.0488 59.7816
63.6773 60.2001
64.3123 60.6227
64.9433 61.0427
65.5911 61.4739
66.2606 61.9196
67.0347 62.4349
68.3256 63.2941
68.3562 63.3145
68.3844 63.3332
68.4137 63.3527
68.4446 63.3733
68.4705 63.3906
68.4977 63.4087
68.859 63.6493
69.2383 63.9019
69.6246 64.1592
70.0179 64.4211
70.4207 64.6893
70.8362 64.9661
71.2741 65.2577
71.7254 65.5582
72.19 65.8677
72.6525 66.1757
73.1183 66.4859
73.971 67.0537
74.3242 66.7735
74.6762 66.4942
75.0503 66.1974
75.4375 65.8903
75.8314 65.5779
76.2914 65.213
76.8026 64.8076
77.9391 63.907
78.4522 63.5
78.9643 63.0938
79.5613 62.6203
80.0613 62.2237
80.5469 61.8385
81.0223 61.4615
81.0223 61.4615
81.0223 61.4615
81.0223 61.4615
81.0223 61.4615
82.3021 59.4312
83.7924 57.0662
83.4328 56.3401
83.1015 55.6711
82.7504 54.9623
82.4052 54.2653
82.0511 53.5503
81.6821 52.8052
81.2998 52.0334
80.8813 51.188
80.622 50.6648
80.2745 49.963
79.9348 49.2771
79.5933 48.5878
79.2492 47.8929
78.9245 47.2374
78.5973 46.5768
78.9545 45.2362
79.3093 43.9048
79.6355 42.6803
79.9468 41.5123
80.2667 40.3114
80.595 39.0795
81.3355 36.2984
82.0723 33.5307
82.824 30.7073
83.5851 27.8481
84.2755 25.2557
84.9307 22.7933
82.7943 21.5835
