0,483,627,345,243,979,260,103,176,721,504,24,777,581,598,458,959,295,819,6,930,209,875,873,831,865,19,828,555,197,844,66,681,906,716,870,257,821,785,45,355,358,55,250,751,781,27,164,43,357,276,63,472,843,180,421,566,935,289,848,917,934,356,692,853,480,194,862,679,989,619,269,210,49,155,706,147,508,525,535,829,413,37,549,655,65,307,869,612,486,32,268,221,529,467,205,811,11,7,278,687,790,586,664,160,602,354,419,26,191,787,834,379,822,709,337,883,518,287,704,310,261,407,363,573,626,111,64,669,351,653,824,641,284,673,902,836,915,899,702,366,643,439,246,254,812,331,963,402,299,588,741,674,682,362,258,629,412,61,187,646,722,211,8,488,474,348,881,661,943,148,121,125,78,74,123,455,572,499,330,985,794,133,958,87,283,710,86,898,4,841,514,463,328,312,142,46,949,700,936,527,770,174,228,909,10,212,616,341,384,990,128,863,749,652,805,57,489,166,182,352,908,731,122,116,505,100,154,47,222,218,849,157,708,423,373,858,214,698,303,534,219,680,130,948,234,925,132,81,336,34,552,972,772,329,589,599,400,279,97,784,196,764,939,517,503,524,657,272,531,347,119,255,970,162,376,131,114,760,381,445,667,747,482,966,799,371,879,734,717,607,860,3,427,77,192,338,703,601,600,233,422,739,361,726,720,965,735,846,729,571,137,267,957,640,359,21,587,922,391,897,901,545,510,733,349,302,543,397,797,388,663,476,438,414,677,496,451,691,324,758,542,507,913,475,981,403,903,633,938,771,723,565,956,89,705,756,59,603,891,748,38,876,151,783,688,778,645,104,839,493,597,512,945,452,370,498,461,522,621,69,923,237,117,342,798,101,188,623,85,594,217,978,492,519,262,286,577,793,396,35,293,186,842,440,625,964,907,987,109,208,468,617,485,647,67,767,810,515,173,110,432,282,460,509,867,201,420,583,538,102,941,962,238,334,801,395,481,937,595,975,650,340,393,71,315,68,855,800,921,112,837,727,847,857,9,605,465,83,94,564,980,313,952,335,769,614,215,241,484,12,986,134,861,802,406,659,826,140,126,91,774,671,642,530,779,248,724,689,649,235,562,895,229,782,668,791,161,453,582,762,264,683,281,175,632,743,968,84,513,225,56,558,216,171,894,878,127,676,365,291,471,459,576,976,54,79,912,715,501,390,788,929,308,596,382,804,809,30,765,533,732,410,755,252,223,662,540,163,563,144,350,80,523,270,910,404,226,92,296,591,918,230,773,696,399,418,99,469,495,41,428,183,167,954,17,321,730,550,697,537,124,327,927,701,266,604,526,635,60,789,578,454,429,886,184,479,608,220,658,574,443,630,502,113,275,168,411,398,946,360,971,888,686,665,14,277,207,75,433,759,955,554,224,249,757,431,924,487,991,792,178,825,694,830,639,892,339,457,557,88,796,298,500,346,374,240,950,48,914,695,699,780,93,944,905,426,890,169,547,90,300,364,108,405,199,628,719,803,728,203,316,868,301,556,436,326,153,570,551,213,263,615,678,736,988,447,442,833,31,13,386,637,325,815,718,444,982,693,916,401,969,953,39,827,585,15,236,106,435,462,200,50,138,368,1,304,380,58,776,115,424,973,568,546,95,446,714,456,750,711,593,491,227,560,244,247,712,885,333,306,288,753,231,768,441,430,859,871,409,933,265,76,761,73,631,150,960,253,28,490,651,610,139,20,611,808,521,96,146,44,872,866,36,181,672,840,82,292,437,638,806,72,786,392,795,120,16,271,416,807,919,394,189,548,206,569,389,738,449,375,320,516,309,448,22,141,2,874,118,707,343,319,636,940,415,294,539,256,947,814,561,156,245,193,239,129,763,408,172,613,877,470,974,752,559,511,961,105,713,766,40,53,23,202,344,624,584,5,464,367,690,42,992,816,541,754,851,746,434,177,622,165,882,62,536,737,532,259,305,911,880,280,575,297,887,856,618,149,318,823,52,620,817,813,544,185,832,369,179,896,285,290,984,864,18,317,378,775,477,145,567,931,273,51,494,648,742,845,854,251,158,725,740,417,580,893,135,983,820,353,666,928,159,322,372,473,311,660,25,889,685,744,818,900,450,332,204,528,579,383,904,385,654,152,884,506,852,951,684,656,497,107,170,198,920,242,136,967,932,190,850,977,195,592,670,425,838,387,609,70,942,606,644,478,29,675,745,466,553,634,926,314,143,323,232,377,590,520,33,835,98,274,
value : 517.598 running time : 45.700854
80 20
84.3401 15.2891
84.3401 15.2891
84.0575 15.2798
83.4135 15.2588
81.381 15.1925
78.775 15.1076
68.5609 14.7761
68.0013 15.558
67.4467 16.3328
66.372 17.8343
65.3977 19.1955
64.5093 20.4368
63.4198 21.959
62.0606 23.8579
59.4353 27.5258
59.1306 27.9515
58.7804 28.4408
58.1997 29.2521
57.3415 30.4512
56.3154 31.8848
55.6642 32.7946
55.0471 33.6567
54.9206 33.8334
54.7805 34.0291
54.61 34.2673
54.4454 34.4973
54.2953 34.7071
54.135 34.931
53.9604 35.1749
53.8008 35.3979
53.6559 35.6003
53.5193 35.7912
53.3711 35.9984
53.235 36.1885
53.1086 36.3651
52.9862 36.5361
53.024 36.639
53.0595 36.7358
53.1 36.8462
53.1345 36.9401
53.1691 37.0343
53.2005 37.1199
53.2344 37.2121
53.2728 37.3166
53.3111 37.4209
53.3477 37.5206
53.3838 37.619
53.4471 37.7915
53.4999 37.9352
51.5428 37.9777
50.2542 38.0057
48.8996 38.0351
47.8503 38.0579
43.7275 38.1476
43.5222 37.9703
43.3322 37.8063
43.1306 37.6323
42.9332 37.4619
42.7748 37.3252
42.5992 37.1736
42.419 37.018
41.9171 37.4453
41.4412 37.8506
40.9755 38.2472
40.5024 38.6501
40.0324 39.0502
39.5913 39.4259
39.1668 39.7874
38.7506 40.1419
38.3492 40.4836
37.9925 40.7875
37.9925 40.7875
37.8321 40.6602
37.6688 40.5306
37.5013 40.3977
37.3429 40.272
36.004 39.2097
34.6221 38.1134
33.5333 37.2494
32.6498 36.5484
32.4023 36.352
31.4379 35.5868
30.4612 34.8118
29.6062 34.1334
28.8017 33.495
28.2323 33.0432
27.7307 32.6451
27.2255 32.2442
26.7268 31.8485
26.2324 31.4562
25.746 31.0702
26.5779 30.9435
27.4145 30.8162
28.1995 30.6967
28.1995 30.6967
28.1995 30.6967
28.1995 30.6967
29.5309 30.3301
30.641 30.0245
31.7752 29.7123
33.5397 29.2262
33.5397 29.2262
33.5397 29.2262
34.0202 28.5207
34.4938 27.8253
35.5857 26.2222
38.6359 21.7454
38.5683 21.5978
38.5074 21.4646
38.3259 21.0678
38.1311 20.6418
37.8693 20.0693
37.5568 19.3861
37.2186 18.6466
36.8355 17.809
36.4245 16.9103
35.9833 15.9458
35.7538 15.9515
35.5251 15.9571
35.306 15.9625
35.0787 15.9681
34.8347 15.9741
34.5902 15.9801
34.3491 15.9861
34.0938 15.9923
33.863 15.998
33.6125 16.0042
33.3762 16.01
33.1569 16.0154
32.9401 16.0207
27.4147 16.1565
22.7524 16.2711
21.2171 16.3089
18.8824 16.3663
18.5026 16.3756
18.0865 16.3859
18.0061 16.3657
17.7535 16.3023
17.4907 16.2363
17.2099 16.1658
16.9511 16.1008
16.6721 16.0308
16.3663 15.954
14.794 15.5595
12.7162 15.0381
12.699 15.2159
12.6835 15.3755
12.6702 15.5123
12.6574 15.6436
12.6493 15.7274
12.6408 15.815
12.6328 15.8981
12.6245 15.9833
12.616 16.0703
12.6075 16.1582
12.605 16.1837
12.6023 16.2122
12.5997 16.2389
12.597 16.2665
12.5945 16.2919
12.5921 16.3173
12.5772 16.4705
12.5624 16.6229
12.5448 16.8037
12.4848 17.4216
12.4367 17.9171
12.3868 18.4316
11.9046 23.3983
11.3952 28.6444
10.9014 33.7301
10.8913 33.834
10.8791 33.96
10.867 34.0848
10.8572 34.1855
10.8453 34.3084
10.8354 34.4098
10.7818 34.9626
10.7184 35.6153
10.7184 35.6153
10.7184 35.6153
10.7184 35.6153
10.7184 35.6153
10.7184 35.6153
10.7184 35.6153
10.7184 35.6153
10.7184 35.6153
10.7184 35.6153
10.7184 35.6153
10.7468 36.0447
10.8249 37.222
10.8645 37.8217
10.9705 39.4173
11.049 40.6016
11.1486 42.103
11.247 43.5873
11.2693 43.9246
11.293 44.2827
11.3158 44.6283
11.341 45.0098
11.3642 45.3602
11.3796 45.594
11.3959 45.8404
11.4112 46.0729
11.4273 46.3161
11.4426 46.5481
11.4594 46.8032
11.4768 47.0662
11.4948 47.3392
11.5123 47.6035
11.5312 47.89
11.5516 48.1989
11.5724 48.5141
11.5958 48.8685
11.6192 49.2218
11.6434 49.5876
11.6667 49.9401
11.69 50.2932
11.7137 50.6527
11.7358 50.9867
11.7581 51.3243
11.7804 51.6612
11.8064 52.056
11.8398 52.56
11.8398 52.56
11.8562 52.6078
11.8719 52.6535
11.887 52.6973
11.9028 52.7433
11.9186 52.7891
11.9349 52.8365
11.9503 52.8814
11.9657 52.9261
11.983 52.9766
11.9993 53.0239
12.2153 53.6525
12.4446 54.3196
12.6741 54.9874
12.9292 55.7297
13.1814 56.4637
13.4545 57.2583
13.7516 58.123
13.9963 58.8353
14.1832 59.3788
14.3578 59.8867
14.3786 59.9473
14.4011 60.0128
14.4258 60.0845
14.4483 60.1498
14.4694 60.2113
14.4927 60.2791
14.5157 60.3459
14.5348 60.4014
14.5569 60.4655
14.5785 60.5283
14.5996 60.5898
14.6229 60.6576
14.0475 61.4021
13.8346 61.6775
13.5502 62.0454
13.3049 62.3627
13.0676 62.6697
12.8184 62.9922
12.5524 63.3362
12.4954 63.41
12.4452 63.475
12.3974 63.5369
12.3377 63.614
12.2939 63.6707
12.2467 63.7318
12.1999 63.7923
12.1559 63.8492
12.1113 63.9069
12.0696 63.9609
12.0261 64.0171
11.9845 64.0711
11.9429 64.1248
11.8993 64.1812
11.8522 64.2421
11.7975 64.3129
11.7567 64.3657
11.7193 64.4141
11.6895 64.4526
11.6574 64.4942
11.6212 64.5411
11.6212 64.5411
11.6212 64.5411
11.6212 64.5411
11.6212 64.5411
11.6212 64.5411
11.6212 64.5411
11.6212 64.5411
11.9548 64.4798
12.2961 64.4171
12.6556 64.3511
13.0728 64.2744
13.5002 64.1959
13.9285 64.1172
14.3735 64.0354
14.794 63.9582
15.1229 63.8978
15.4326 63.8409
15.734 63.7856
16.042 63.729
16.349 63.6726
17.7809 63.1595
18.8923 62.7614
19.7957 62.4378
20.6408 62.1351
21.4623 61.8408
22.254 61.5573
22.6914 61.4006
23.0743 61.2635
23.436 61.134
23.7856 61.0088
24.1294 60.8857
24.4442 60.773
24.6662 58.7838
24.9458 56.2793
24.8952 56.0175
24.853 55.7992
24.8074 55.5629
24.7579 55.3066
24.709 55.0538
24.6604 54.8022
24.6093 54.5375
24.5469 54.2146
24.4885 53.9124
24.4345 53.6327
24.3875 53.3896
24.3423 53.1553
24.3244 53.0627
24.3097 52.9866
24.2971 52.9216
24.2846 52.8567
23.3396 53.3148
23.3846 53.3083
23.4293 53.3019
23.4708 53.2959
23.5162 53.2893
23.5579 53.2833
23.5999 53.2773
23.8598 53.2398
24.1289 53.201
24.3676 53.1666
24.5903 53.1345
24.8408 53.0984
25.082 53.0637
25.1038 53.0584
25.1251 53.0532
25.1473 53.0478
25.1705 53.0421
25.1907 53.0372
25.7461 52.9018
26.3727 52.749
26.9019 52.62
27.4952 52.4754
28.0872 52.331
28.728 52.1748
29.3384 52.026
29.9096 51.8868
30.453 51.7543
30.9783 51.6262
31.468 51.5068
32.0926 51.546
32.695 51.5838
33.3383 51.6241
33.9676 51.6635
35.3126 51.7479
36.3344 51.812
37.456 51.8824
39.0171 51.9804
40.0947 52.048
41.0615 52.1087
41.8748 52.1597
42.6464 52.208
43.4634 52.2593
44.1766 52.304
44.9342 52.3515
45.7899 52.4051
46.6589 52.4596
47.4901 52.5118
48.2941 52.5622
51.9395 52.7915
52.0023 52.7954
52.0699 52.7996
52.1388 52.804
52.2139 52.8087
52.2859 52.8132
52.3561 52.8176
52.4246 52.8219
52.6779 53.094
52.9914 53.4309
53.381 53.8495
53.8199 54.3212
54.2619 54.7961
54.7382 55.308
55.1878 55.7911
55.6336 56.2702
56.0903 56.761
56.5488 57.2537
56.996 57.7343
57.4183 58.1881
57.9085 58.7148
58.5394 59.3928
59.0802 59.9739
59.6439 60.5797
60.2179 61.1966
60.7784 61.7989
60.8926 61.9216
61.0031 62.0404
61.1083 62.1533
61.218 62.2713
61.3289 62.3904
61.4502 62.5208
61.5696 62.6491
61.6785 62.7661
61.7937 62.8899
61.9139 63.0191
62.0378 63.1522
62.1538 63.2768
62.2501 63.3803
62.3611 63.4138
62.497 63.4547
63.0318 63.4502
63.607 63.4454
64.1612 63.4407
64.2076 63.4403
64.2534 63.4399
64.2534 63.4399
64.2534 63.4399
64.2534 63.4399
64.2534 63.4399
64.2534 63.4399
64.2534 63.4399
62.9407 69.7568
62.6966 70.9322
62.5459 71.658
62.4485 72.127
62.4485 72.127
62.4485 72.127
62.1512 72.3191
61.8117 72.5384
61.4662 72.7617
61.1136 72.9895
60.6644 73.2797
60.2215 73.5658
59.5085 74.0267
59.4659 74.3318
59.4245 74.6276
59.3839 74.9186
59.3417 75.2207
59.2916 75.5792
59.2395 75.9519
59.1863 76.3328
59.1317 76.7236
59.0762 77.1204
59.0136 77.5681
58.9615 77.601
56.2783 79.2965
53.8462 80.8333
52.7986 81.4952
52.361 81.4016
51.8267 81.2874
51.1571 81.1443
50.4498 80.9931
49.7345 80.8403
49.6698 80.8264
49.6029 80.8121
49.6029 80.8121
49.6029 80.8121
49.6029 80.8121
49.6029 80.8121
49.6029 80.8121
49.6029 80.8121
49.6029 80.8121
49.6029 80.8121
49.6029 80.8121
49.6029 80.8121
49.6029 80.8121
49.6029 80.8121
49.6029 80.8121
48.8787 80.0862
48.0425 79.2479
47.2032 78.4065
46.4063 77.6075
45.7219 76.9216
45.064 76.2621
44.4392 75.636
45.0933 75.0036
45.9319 74.1927
46.709 73.4415
47.5483 72.6299
48.4242 71.783
48.7329 71.2689
49.0604 70.7235
48.7438 70.5616
48.4363 70.4042
48.1365 70.2508
47.844 70.1012
47.5165 69.9336
46.2142 69.2673
45.5225 68.9135
44.9399 68.6154
44.7205 68.5031
44.5268 68.404
44.2856 68.2806
44.0451 68.1576
43.7829 68.0234
43.3586 67.8063
42.8342 67.538
42.3272 67.2786
41.8881 67.054
41.4361 66.8227
40.8363 66.5159
40.2588 66.2204
39.5547 65.8601
38.9414 65.5463
38.5696 65.6378
38.1541 65.74
37.7549 65.8383
37.3689 65.9332
36.902 66.0481
36.4163 66.1676
35.871 66.3018
35.2688 66.45
34.5975 66.6152
34.6174 66.7651
34.6377 66.9176
34.6571 67.0638
34.6762 67.2077
34.6954 67.3523
34.715 67.4993
34.7384 67.6754
34.7607 67.8432
34.7825 68.0076
34.8098 68.2126
34.8373 68.4194
34.8681 68.6515
34.9025 68.9107
34.9379 69.177
34.9882 69.5553
35.16 70.8502
35.4353 72.9267
35.4693 73.1822
35.503 73.4365
35.5359 73.6835
35.569 73.9332
35.601 74.1742
35.6357 74.4354
35.4121 74.6971
35.1752 74.9742
34.9272 75.2643
34.6625 75.574
34.28 76.0215
33.9182 76.4448
33.4343 77.011
32.7718 77.786
32.0221 78.663
31.8097 78.9114
31.6108 79.1442
31.3389 79.4622
31.1151 79.724
27.9271 79.8982
24.3595 80.0933
23.141 80.1404
22.9384 80.1484
22.7374 80.1564
22.5243 80.1648
22.3165 80.173
22.1197 80.1808
21.9181 80.1888
21.7078 80.1971
21.5058 80.2051
21.2982 80.2133
21.0754 80.2221
20.7578 79.921
20.6865 79.8533
20.6123 79.7829
20.5369 79.7113
20.4596 79.6379
20.383 79.5652
20.2975 79.4841
20.2211 79.4116
20.1479 79.3421
20.076 79.2738
20.0043 79.2058
19.93 79.1353
19.8585 79.0675
19.7891 79.0016
19.7133 78.9296
19.6395 78.8596
19.5654 78.7893
19.4869 78.7148
19.4114 78.6432
19.3339 78.5695
19.2555 78.4952
19.1799 78.4234
19.0989 78.3465
19.0213 78.2729
18.9431 78.1987
18.8628 78.1225
18.7791 78.043
18.7791 78.043
18.7791 78.043
18.7791 78.043
18.7791 78.043
18.7791 78.043
18.7791 78.043
18.7791 78.043
18.7791 78.043
18.7791 78.043
15.2137 77.5755
13.4712 77.347
12.4954 77.2189
11.8504 77.1343
11.6599 77.1093
11.479 77.0855
11.5905 77.1529
11.7062 77.2229
11.8228 77.2935
11.9506 77.3708
12.0668 77.4411
12.2307 77.5402
12.8238 77.899
13.1003 78.0663
13.1003 78.0663
13.1003 78.0663
12.725 78.1924
12.2973 78.336
11.9182 78.4634
11.6604 78.55
11.4206 78.6306
11.1446 78.7233
11.1393 78.7679
11.1344 78.8093
11.129 78.8546
11.1242 78.8947
11.119 78.9384
11.1134 78.9848
11.1088 79.0235
11.1041 79.0629
11.0992 79.1043
11.0944 79.1446
11.0891 79.1885
11.0837 79.2337
11.0782 79.2803
11.0732 79.3221
10.9827 80.0795
10.8947 80.8169
10.861 81.099
10.8304 81.3555
10.8011 81.6013
10.7703 81.8593
10.7413 82.1024
10.7107 82.3588
10.6808 82.6093
10.6514 82.8554
10.6194 83.1239
10.5889 83.3799
10.561 83.6137
10.5305 83.8688
10.5006 84.1198
10.4725 84.3551
10.4442 84.5921
10.4273 84.7335
10.4116 84.8659
10.395 85.0043
10.3784 85.1436
10.3631 85.2716
10.3462 85.414
10.3288 85.5594
10.3113 85.7064
10.421 85.6756
10.5289 85.6452
10.6358 85.6151
10.7437 85.5848
10.6957 86.2796
10.6477 86.9741
10.5896 87.8135
10.441 89.963
10.4402 89.9754
10.4393 89.9876
10.4384 90.0012
10.4375 90.0137
10.4365 90.028
10.5464 90.028
10.6612 90.0279
10.774 90.0279
10.8569 90.0279
10.9441 90.0278
11.0289 90.0278
11.1127 90.0277
11.202 90.0277
11.2878 90.0276
11.3718 90.0276
11.4588 90.0275
11.5505 90.0275
11.639 90.0274
11.7312 90.0274
11.8104 90.0273
11.8995 90.0273
11.9946 90.0272
12.0898 90.0272
12.1925 90.0271
12.2951 90.0271
12.4242 90.027
12.5293 90.027
12.6342 90.0269
12.7504 90.0269
12.8795 90.0268
12.9958 90.0268
13.1251 90.0267
13.2389 90.0266
13.3645 90.0266
13.4695 90.0265
13.5781 90.0265
13.6923 90.0264
13.8245 90.0263
13.9452 90.0263
14.064 90.0262
14.1837 90.0261
14.2907 90.0261
14.3983 90.026
14.5091 90.026
15.0483 90.0257
15.6064 90.0255
16.2037 90.0253
16.5082 90.0252
16.7855 90.025
17.1498 90.0249
17.6502 90.0247
18.1184 90.0245
18.5482 90.0243
18.9856 90.0241
19.6526 90.0238
20.3555 90.0235
21.3485 90.0233
22.4066 90.023
23.4426 90.0227
23.9041 90.0225
24.3789 90.0223
24.858 90.0221
25.3608 90.022
25.816 90.0218
26.2891 90.0216
26.7889 90.0214
27.2998 90.0212
27.8065 90.0211
28.4416 90.0208
29.1201 90.0206
30.744 90.0205
30.744 90.0205
30.744 90.0205
30.744 90.0205
30.744 90.0205
30.744 90.0205
30.744 90.0205
30.744 90.0205
30.744 90.0205
30.744 90.0205
30.744 90.0205
30.744 90.0205
30.744 90.0205
30.744 90.0205
30.744 90.0205
30.744 90.0205
30.744 90.0205
31.3075 89.7403
31.8808 89.4553
32.4141 89.1902
33.7389 88.5315
34.6775 88.0648
34.7312 88.0381
34.802 88.0029
34.8659 87.9711
34.9344 87.937
35.0003 87.9043
35.0003 87.9043
35.0003 87.9043
35.0003 87.9043
35.0003 87.9043
35.0003 87.9043
35.0003 87.9043
35.0003 87.9043
35.0003 87.9043
35.0003 87.9043
35.0003 87.9043
35.4177 88.0195
35.8344 88.1346
36.2331 88.2447
36.6107 88.3489
37.0089 88.4588
37.4017 88.5673
37.8201 88.6828
38.2417 88.7992
38.6347 88.9077
39.0159 89.0129
39.3685 89.1103
39.7238 89.2083
40.073 89.3047
40.392 89.3928
40.6884 89.4746
40.9434 89.545
41.202 89.6163
41.4638 89.6886
41.7267 89.7612
42.0677 89.8553
43.2611 90.185
44.3275 90.4796
44.3275 90.4796
44.3275 90.4796
44.3275 90.4796
44.3275 90.4796
44.3275 90.4796
44.3275 90.4796
44.3275 90.4796
44.3275 90.4796
44.3275 90.4796
44.3275 90.4796
44.3275 90.4796
44.3275 90.4796
44.3275 90.4796
44.3275 90.4796
44.3275 90.4796
44.3275 90.4796
44.3275 90.4796
44.3275 90.4796
44.3275 90.4796
44.3275 90.4796
44.3275 90.4796
44.3275 90.4796
44.3275 90.4796
44.3275 90.4796
44.3275 90.4796
44.8644 90.4219
45.4089 90.3635
45.8961 90.3111
46.3585 90.2615
46.8201 90.2119
47.2841 90.1621
47.8772 90.0984
48.4144 90.0407
49.2767 89.9481
49.915 89.8795
50.4727 89.8196
50.9552 89.7678
51.4318 89.7167
51.8421 89.6726
54.188 89.42
54.2668 89.4116
54.3478 89.4029
54.4328 89.3938
54.501 89.3864
54.5636 89.3797
54.6246 89.3732
54.7004 89.3651
54.7738 89.3572
54.8465 89.3494
54.9277 89.3407
55.0104 89.3318
55.0881 89.3235
55.1471 89.3172
55.3058 89.3002
55.4714 89.2824
55.64 89.2643
55.8154 89.2455
55.984 89.2274
56.3568 89.1874
56.7347 89.1468
57.2673 89.0896
57.7913 89.0333
58.3502 88.9732
58.9486 88.9089
59.5591 88.8433
60.1397 88.781
60.7691 88.7133
61.4315 88.6422
62.2227 88.5571
62.259 88.471
62.298 88.3785
62.3358 88.2888
62.3748 88.1964
62.417 88.0962
62.4616 87.9903
62.5028 87.8926
62.5461 87.79
62.5958 87.672
62.5958 87.672
62.5958 87.672
62.6117 87.6641
65.6386 86.1574
68.7495 84.6088
68.9503 84.6934
69.1603 84.7818
69.346 84.8601
69.549 84.9456
69.7658 85.0369
70.0043 85.1374
70.2415 85.2373
70.4872 85.3408
70.7288 85.4426
70.9873 85.5515
71.3088 85.6869
71.6517 85.8313
72.2817 86.0966
72.8067 86.3177
73.2727 86.5139
73.7278 86.7056
74.2077 86.9077
74.6738 87.104
75.1529 87.3058
75.6415 87.5116
76.0873 87.6993
76.5192 87.8813
77.005 88.0859
77.9885 88.0942
78.9058 88.102
79.9925 88.1112
80.2582 88.1135
80.524 88.1157
80.9107 88.119
81.3688 88.1229
82.6495 86.6076
84.1057 84.8845
85.9921 82.652
85.8015 82.4111
85.6038 82.1615
85.4161 81.9243
85.2404 81.7024
85.0027 81.4022
84.355 80.5839
80.6412 75.8897
80.4866 75.6944
80.3306 75.4973
80.2019 75.3348
79.7482 74.7615
79.3164 74.2161
78.8119 73.5788
78.269 72.893
77.7608 72.2509
77.2927 71.6594
77.7965 70.6879
78.2808 69.7541
79.9786 66.4787
81.8232 62.9193
81.9908 62.5964
82.1465 62.2962
82.322 61.9579
82.322 61.9579
82.322 61.9579
83.9409 59.6611
83.2762 59.1813
82.5445 58.6532
81.7124 58.0525
80.885 57.4552
80.1725 56.9409
79.4358 56.4091
78.649 55.8411
77.9146 55.311
77.1917 54.7892
76.8563 54.5472
76.5331 54.3139
76.1526 54.0393
75.7869 53.7754
75.4424 53.5268
75.1508 53.3163
74.862 53.1079
74.5372 52.8735
74.1986 52.6291
73.9185 52.427
73.6721 52.2492
73.4244 52.0705
73.4244 52.0705
73.4244 52.0705
72.1534 48.068
71.3844 45.6465
71.059 44.622
70.7747 43.7268
70.5018 42.8676
70.0151 41.3353
69.9783 41.2192
69.9363 41.0871
69.8979 40.9662
69.8567 40.8366
69.8143 40.7028
69.767 40.5538
77.639 33.1092
78.9143 31.9036
79.8577 31.0117
80.701 30.2145
82.3323 28.6722
82.3323 28.6722
