0,483,627,345,243,979,260,103,176,721,504,24,777,581,598,458,959,295,819,43,357,594,978,217,27,873,831,555,55,785,358,781,681,716,870,828,930,66,209,355,164,751,197,865,844,6,45,19,821,63,276,257,945,875,906,282,843,186,621,923,69,512,293,396,793,577,286,262,519,492,452,472,498,101,798,35,127,356,370,522,461,188,85,623,596,210,566,342,732,49,151,421,848,862,194,480,237,891,438,705,603,748,688,756,839,956,771,913,938,414,778,876,525,535,269,508,922,981,729,908,174,32,529,423,758,476,602,302,397,388,65,549,37,413,125,121,205,278,783,38,147,989,664,586,790,687,7,11,811,155,935,706,180,619,692,467,486,612,869,679,853,917,246,250,289,419,653,518,26,934,669,702,351,363,704,160,191,883,337,709,379,834,787,354,307,254,64,573,824,287,626,111,407,284,822,310,221,643,915,261,488,474,881,812,61,629,412,8,722,641,646,682,402,299,211,588,348,674,362,187,87,899,366,661,902,133,439,794,283,74,4,673,836,455,898,572,331,963,741,258,330,514,86,78,700,710,829,943,990,985,958,268,384,123,499,863,10,708,214,403,46,652,312,841,505,616,949,770,936,463,534,663,154,222,328,157,542,805,148,212,47,122,731,128,341,352,57,749,909,116,849,858,489,527,524,234,747,166,545,735,100,698,303,218,655,228,373,720,349,797,723,182,142,496,422,901,691,972,633,34,475,772,507,451,543,279,924,600,89,324,391,361,677,589,233,971,327,645,510,132,733,493,571,574,443,965,275,81,897,601,59,846,552,137,336,970,162,764,784,565,630,338,400,192,599,130,131,119,500,411,479,502,925,427,347,717,114,97,196,531,966,639,657,667,381,329,799,277,703,760,3,371,376,255,556,694,398,939,517,77,14,219,739,879,482,680,272,948,665,607,207,734,445,433,830,892,759,628,240,93,550,888,457,796,792,615,263,224,780,178,860,991,719,686,554,75,503,442,547,203,316,728,153,570,551,546,95,426,568,346,298,890,953,969,401,693,982,444,718,325,637,944,108,364,300,90,169,495,446,184,950,405,436,115,815,916,885,199,17,469,955,695,183,399,386,31,905,868,213,678,736,13,48,447,39,711,750,988,424,58,1,368,200,435,106,236,15,585,827,249,247,833,380,227,462,557,301,138,304,973,697,578,418,288,699,339,914,803,374,113,757,326,333,220,560,608,360,244,168,946,658,825,321,76,490,886,429,903,171,537,404,872,390,526,683,308,640,957,788,79,587,927,267,878,359,533,291,365,912,382,929,809,765,471,576,910,558,410,104,743,281,597,216,56,54,804,459,225,226,30,755,540,724,976,894,80,144,350,21,99,501,715,163,638,428,773,92,223,124,662,591,252,789,270,266,487,431,296,726,60,604,954,635,730,701,88,712,776,871,491,933,753,714,960,256,150,306,20,859,120,768,253,696,610,409,456,786,430,50,808,230,437,96,918,146,631,28,593,521,611,44,36,651,441,569,139,265,448,974,231,41,454,919,761,530,814,408,206,82,53,181,309,752,613,16,141,241,672,642,689,659,215,189,167,806,73,22,470,707,564,795,416,539,271,5,532,766,72,807,129,172,392,2,851,947,292,861,940,877,738,548,516,313,763,259,202,754,690,774,713,389,105,449,239,866,952,511,541,624,874,305,559,375,165,961,156,882,343,746,23,248,335,992,344,911,575,856,62,40,434,536,42,584,12,118,980,880,816,618,179,367,464,177,320,126,369,317,737,896,460,921,394,562,840,561,649,826,280,563,294,676,614,193,134,895,636,109,617,484,986,406,802,513,94,415,229,523,112,319,800,264,964,175,468,235,779,855,968,161,582,671,478,208,515,762,842,117,867,201,420,583,538,102,941,962,238,190,801,395,481,937,595,975,650,340,393,432,810,485,67,315,625,907,110,987,68,791,668,647,440,173,832,904,71,453,509,847,727,837,84,245,91,140,632,769,857,9,605,51,83,782,297,887,465,318,823,52,620,817,813,544,185,285,378,984,864,18,775,477,145,567,931,273,417,494,622,648,742,845,854,251,158,725,740,149,580,893,322,135,820,353,666,928,159,983,372,473,311,660,25,889,685,744,818,900,450,332,204,528,579,383,290,385,654,152,884,506,852,951,656,684,198,242,107,497,920,170,136,967,932,767,850,977,195,592,670,425,838,387,609,70,942,232,606,334,29,675,377,466,553,634,926,314,143,323,644,835,590,520,33,745,98,274,
value : 515.834 running time : 46.016975
80 20
84.3401 15.2891
84.3401 15.2891
84.0453 15.2776
83.4686 15.2551
81.7661 15.1886
79.6765 15.107
68.7505 14.6804
68.0507 15.7498
67.3159 16.8726
66.2744 18.4644
65.2295 20.0614
64.1824 21.6617
63.0053 23.4607
61.6686 25.5038
60.0662 27.9533
59.4657 28.8707
58.8083 29.8754
57.618 31.6946
55.6339 34.7277
53.8781 37.4115
53.8781 37.4115
53.8781 37.4116
53.8781 37.4116
53.8781 37.4116
53.8781 37.4116
53.8781 37.4116
53.855 37.4418
53.8318 37.4721
53.8078 37.5035
53.7839 37.5346
53.7604 37.5654
53.7357 37.5976
53.7106 37.6304
53.6869 37.6614
53.664 37.6913
53.6399 37.7228
53.616 37.7541
53.5929 37.7842
53.5692 37.8152
53.5457 37.8459
53.4983 37.9079
53.4498 37.9712
53.4028 38.0326
53.3545 38.0956
53.3077 38.1568
53.2059 38.2897
53.0949 38.4348
52.9826 38.5814
52.6667 38.9937
52.3585 39.396
52.0751 39.7659
51.458 43.2339
51.0401 45.5832
50.6141 47.9778
50.0884 50.9325
50.0884 50.9325
50.0884 50.9325
50.0884 50.9325
50.0884 50.9325
50.0884 50.9325
50.0884 50.9325
50.0884 50.9325
49.8779 51.0316
49.6578 51.1352
49.4379 51.2388
49.2169 51.3429
48.9908 51.4494
48.7611 51.5575
48.5259 51.6683
48.2888 51.78
48.0535 51.8907
47.8168 52.0022
47.5831 52.1122
47.3511 52.2215
47.122 52.3294
46.7852 52.488
46.4626 52.6398
46.1443 52.7897
45.8433 52.9314
45.5465 53.0712
45.2494 53.2111
44.9271 53.3628
44.4298 53.5969
41.4995 54.9745
41.0919 53.5432
40.6932 52.1434
40.4085 51.1436
40.1302 50.166
39.5346 48.075
38.9401 45.9881
38.6697 45.0386
38.0405 45.2558
37.2638 45.5239
36.4082 45.8191
35.3955 46.1686
34.0561 46.6309
32.6352 47.1212
31.3242 47.5737
30.232 47.9506
30.0604 48.0098
29.8872 48.0696
29.7054 48.1323
29.5268 48.194
29.3576 48.2524
29.179 48.314
29.0505 48.3583
28.9439 48.3951
28.8264 48.4357
28.7244 48.4709
28.6175 48.5078
28.5074 48.5458
28.3928 48.5854
28.281 48.6239
28.1719 48.6616
28.0619 48.6996
27.9451 48.7399
27.7947 48.7918
27.7947 48.7918
27.4896 47.4498
27.1905 46.1343
26.7725 44.2957
26.5446 43.2931
26.3811 42.5739
26.5583 42.1838
27.0791 41.0375
28.3521 38.2357
28.5433 38.2905
28.7091 38.338
28.8775 38.3862
29.0413 38.4332
29.2325 38.488
29.4279 38.544
29.624 38.6002
29.8026 38.6514
30.1337 38.7462
30.601 38.8801
31.1414 39.0349
31.7077 39.1971
32.2262 39.3457
32.7549 39.4971
32.8164 39.4714
32.8762 39.4463
32.9389 39.42
32.9929 39.3974
33.0455 39.3753
33.0996 39.3527
33.153 39.3303
33.2085 39.307
33.2655 39.2831
33.3187 39.2608
33.3187 39.2608
33.3187 39.2608
33.5731 38.4128
33.8879 37.3627
34.2024 36.3139
34.41 35.6215
34.6106 34.9526
34.8742 34.0738
35.1481 33.1601
35.4729 32.0769
35.809 30.9559
37.5973 24.9881
37.7715 24.4073
38.2018 22.972
38.6683 21.4159
38.5194 19.1953
38.3786 17.096
38.0432 17.463
37.7168 17.8201
37.4083 18.1577
35.3711 20.3863
35.1948 20.5793
34.9923 20.8009
34.7745 21.0393
34.5459 21.2895
34.3344 21.521
34.1011 21.4504
33.8701 21.3806
33.6292 21.3078
33.4039 21.2397
33.1632 21.1669
32.8852 21.0829
32.6092 20.9995
32.369 20.9269
32.1271 20.8538
31.9529 20.8011
31.7811 20.7492
31.5952 20.693
31.4195 20.6399
31.1803 20.5676
30.9457 20.4967
30.6971 20.4215
30.4335 20.3419
30.1905 20.2684
29.9253 20.1883
29.6191 20.0957
29.317 20.0044
29.043 19.9216
28.7798 19.842
19.4245 17.0162
17.1563 16.3309
14.1992 15.4375
12.7643 15.004
12.7577 15.17
12.7514 15.3269
12.7448 15.4917
12.7385 15.6501
12.7316 15.8224
12.7089 16.3918
12.6926 16.8011
12.6759 17.2208
12.6588 17.6489
12.6425 18.0574
12.6286 18.4055
12.614 18.7707
12.5992 19.1435
12.5839 19.5266
12.5679 19.9259
12.5516 20.3364
12.4371 23.2277
12.4371 23.2277
12.4371 23.2277
12.4371 23.2277
12.4371 23.2277
12.4371 23.2277
12.4371 23.2277
12.312 24.9773
12.1986 26.5649
12.165 27.0387
12.1322 27.5001
12.0993 27.9633
12.0662 28.4291
12.0329 28.8976
11.9986 29.3804
11.9675 29.8181
11.936 30.2628
11.9023 30.736
11.8648 31.2649
11.8076 32.0673
11.7301 33.1547
11.6974 33.6156
11.6633 34.0953
11.626 34.6197
11.5951 35.0548
11.5644 35.4873
11.5321 35.9423
11.4959 36.4517
11.4538 37.0436
11.4116 37.6373
11.3687 38.2417
11.325 38.8558
11.2495 39.9158
11.1731 40.9878
11.0973 42.052
11.0237 43.0845
10.9495 44.1273
10.8739 45.1881
10.8739 45.1881
10.8739 45.1881
10.8739 45.1881
10.8739 45.1881
10.8739 45.1881
10.8739 45.1881
10.8739 45.1881
10.8739 45.1881
10.8739 45.1881
10.8739 45.1881
10.8739 45.1881
10.8739 45.1881
10.8739 45.1881
10.8739 45.1881
10.8739 45.1881
10.8739 45.1881
10.8739 45.1881
11.0093 46.2221
11.1323 47.1603
11.2449 48.02
11.3442 48.7777
11.4629 49.6836
11.6547 51.1478
11.8397 52.5598
11.8397 52.5598
11.8397 52.5598
11.8397 52.5599
11.8397 52.5599
11.8397 52.5599
11.8398 52.5599
11.8398 52.56
11.8398 52.56
11.8908 52.7731
11.9442 52.9959
11.9992 53.2255
12.0529 53.4493
12.1048 53.666
12.1048 53.666
12.8638 53.515
13.7617 53.3364
15.3861 53.0136
15.6693 52.9572
15.9263 52.906
16.1976 52.852
16.4638 52.7989
16.7512 52.7417
17.842 52.5248
17.971 52.7484
18.3274 53.3665
19.0817 54.6746
19.103 54.7117
19.1222 54.7449
19.1426 54.7803
19.2137 54.9036
19.287 55.0307
19.36 55.1573
19.4415 55.2988
19.5214 55.4372
19.5915 55.5589
19.6621 55.6813
19.7373 55.8117
19.8147 55.9459
19.8836 56.0654
19.9889 56.2481
20.0895 56.4226
20.1825 56.5839
20.2715 56.7382
20.9408 57.8991
21.8338 59.4479
22.371 60.3795
22.371 60.3795
22.1573 60.7826
21.9349 61.2019
21.4825 62.0553
21.4306 62.1531
21.3787 62.251
21.3284 62.3456
21.2768 62.4429
21.2257 62.5392
21.1756 62.6334
21.1224 62.7337
21.0667 62.8387
21.0126 62.9405
20.9585 63.0425
20.5978 63.7228
20.2658 64.349
19.9769 64.8938
19.9769 64.8938
19.9769 64.8938
19.9769 64.8938
19.9769 64.8938
19.9769 64.8938
19.9769 64.8938
19.9769 64.8938
19.9769 64.8938
19.9769 64.8938
19.4255 65.0762
18.9016 65.2494
18.4756 65.3903
18.1099 65.5113
17.7265 65.638
17.4163 65.7406
17.1004 65.8451
16.7872 65.9487
16.5106 66.0401
16.2511 66.126
16.0081 66.2063
15.515 66.3694
15.0131 66.5354
14.5411 66.6915
14.1058 66.8354
13.6889 66.9733
13.2131 67.1306
12.686 67.3049
12.1498 67.4823
12.1498 67.4823
12.1498 67.4823
12.1479 67.544
12.1459 67.606
12.144 67.6675
12.1421 67.7278
12.1402 67.7889
12.138 67.8592
12.1359 67.924
12.134 67.9849
12.1321 68.044
12.1303 68.1025
12.1285 68.1606
12.1266 68.2189
12.1248 68.2778
12.123 68.3355
12.1211 68.3945
12.1192 68.4556
12.1173 68.5161
12.1154 68.5771
12.1134 68.6391
12.1114 68.7023
12.1095 68.7618
12.1077 68.8208
12.1059 68.8786
12.0975 69.146
12.0892 69.4122
12.0806 69.6901
12.0719 69.9691
12.0631 70.2511
12.0539 70.5444
12.0447 70.8391
12.0353 71.1421
12.0257 71.4487
12.0158 71.7656
12.0059 72.0841
11.9958 72.4075
11.9857 72.7346
11.9766 73.0234
11.9657 73.3754
11.9543 73.7416
11.9434 74.0924
11.9355 74.3446
11.9285 74.5707
11.9237 74.7226
11.9206 74.8212
11.9177 74.9155
11.9177 74.9155
11.9177 74.9155
11.8537 76.0367
11.788 77.1881
11.723 78.3276
11.6841 79.0103
11.6463 79.6728
11.6439 79.7152
11.6386 79.8068
11.6335 79.8975
11.6285 79.9857
11.6233 80.0769
11.6178 80.172
11.6131 80.2563
11.606 80.3802
11.5991 80.5006
11.5926 80.6148
11.5842 80.7635
11.5779 80.8743
11.5724 80.9701
11.5667 81.0695
11.5614 81.1632
11.5555 81.2663
11.5502 81.3595
11.5449 81.4533
11.5392 81.5534
11.5335 81.6536
11.5281 81.7479
11.5226 81.8448
11.5181 81.9239
11.5131 82.0108
11.5057 82.1404
11.4979 82.2782
11.4917 82.3875
11.5447 82.3778
11.5991 82.3678
11.6541 82.3576
11.7077 82.3478
11.7624 82.3377
11.8186 82.3274
11.8714 82.3177
11.9253 82.3077
11.9829 82.2971
12.0403 82.2866
12.098 82.276
12.2202 82.2535
12.3847 82.2232
12.5622 82.1905
12.732 82.1592
12.9161 82.1254
13.0839 82.0945
12.4605 85.3074
12.4605 85.3074
12.4605 85.3074
12.4605 85.3074
12.4605 85.3074
12.4605 85.3074
12.2813 85.6665
12.1068 86.0166
11.9343 86.3625
11.7578 86.7163
11.5763 87.0802
11.3924 87.4489
11.2059 87.823
11.0177 88.2002
10.827 88.5825
10.6318 88.974
10.4347 89.3691
10.254 89.7314
10.2501 89.7392
10.2464 89.7467
10.2426 89.7544
10.2387 89.7621
10.2345 89.7706
10.2304 89.7789
10.2266 89.7866
10.2229 89.794
10.2193 89.8012
11.061 89.3989
11.1041 89.3783
11.1437 89.3594
11.1859 89.3393
11.2249 89.3207
11.2649 89.3016
11.3075 89.2813
11.3518 89.2601
11.3961 89.239
11.4374 89.2193
11.4819 89.1981
11.529 89.1756
11.5728 89.1547
11.6178 89.1332
11.6598 89.1131
11.705 89.0916
12.0717 88.7347
12.4398 88.3763
12.8005 88.0252
13.2044 87.6319
13.6628 87.1858
14.2013 86.6616
14.904 85.9775
15.046 85.8393
15.1663 85.7222
15.2795 85.612
15.3908 85.5036
15.5111 85.3865
15.6144 85.286
15.8908 85.017
16.5941 84.3323
17.2805 83.6641
17.6244 83.3294
17.925 83.0367
18.2076 82.7617
18.4523 82.5234
18.6634 82.3179
18.8837 82.1036
19.0955 81.8974
19.3149 81.6837
19.5423 81.4624
19.7658 81.2449
19.9745 81.0417
20.1668 80.8545
20.3616 80.6648
21.2458 79.8041
22.1783 78.8965
23.2298 77.8728
24.6138 76.5257
27.7744 73.449
28.9806 72.2748
29.3548 71.9106
29.7998 71.4774
30.1562 71.1305
30.5612 70.7363
30.9332 70.3741
31.394 69.9256
31.4947 69.8276
31.5936 69.7313
31.6869 69.6405
31.7777 69.5521
31.8659 69.4662
32.2131 69.2714
32.5775 69.0669
32.995 68.8327
33.3804 68.6164
33.7693 68.3982
34.1622 68.1777
34.465 68.0078
34.7591 67.8428
35.0477 67.6808
35.3233 67.5261
35.7528 67.2851
36.144 67.0656
36.5099 66.8603
36.8643 66.6614
37.1566 66.4974
37.4326 66.3425
37.7195 66.1815
37.9814 66.0345
38.2368 65.8912
38.495 65.7463
38.5334 65.7247
38.5701 65.7041
38.5701 65.7041
38.2803 66.3292
37.9898 66.9555
37.6833 67.6166
37.3521 68.3308
37.0032 69.083
36.6523 69.8397
36.3245 70.5467
35.43 72.4746
35.1788 72.734
34.9242 72.9969
34.6669 73.2626
34.4021 73.536
34.1198 73.8276
33.8294 74.1274
33.5249 74.4419
33.2004 74.7771
32.8855 75.1023
32.5908 75.4067
32.2877 75.7196
31.8472 76.1748
31.2311 76.8115
30.6203 77.4427
30.0584 78.0233
29.5176 78.5819
29.5176 78.582
29.5176 78.582
29.5176 78.582
29.5176 78.582
29.5176 78.582
29.5176 78.582
29.5176 78.582
29.5176 78.582
29.5176 78.582
29.5176 78.582
29.5176 78.582
29.5176 78.582
29.5175 78.582
29.5175 78.582
29.5175 78.582
29.5175 78.582
29.5175 78.5821
29.5175 78.5821
28.2272 83.5353
27.1621 87.6236
26.5882 89.8255
26.6631 89.8114
26.7385 89.7971
26.8171 89.7822
26.8983 89.7668
26.9832 89.7508
27.0792 89.7326
27.1708 89.7152
27.2523 89.6998
27.3309 89.6849
27.4167 89.6687
27.5024 89.6524
27.5893 89.636
27.6718 89.6204
27.7632 89.6031
27.8488 89.5869
27.9361 89.5703
28.0236 89.5538
28.1132 89.5368
28.2102 89.5184
28.301 89.5012
28.3963 89.4832
28.5032 89.463
28.6085 89.443
28.7046 89.4248
28.7811 89.4103
28.8607 89.3953
28.9402 89.3802
29.0142 89.3662
29.0914 89.3516
29.1681 89.337
29.2589 89.3198
29.3979 89.2935
29.5392 89.2668
29.687 89.2388
29.836 89.2106
30.0002 89.1795
31.974 88.8059
32.9325 88.6245
33.4134 88.5335
33.57 88.432
33.7277 88.3298
33.9821 88.1651
34.2385 87.999
34.5171 87.8186
34.8445 87.7417
35.1695 87.6653
36.5636 87.3376
37.0313 87.2277
37.419 87.1366
37.419 87.1366
37.419 87.1366
37.419 87.1366
37.419 87.1366
37.419 87.1366
37.419 87.1366
37.2142 86.7038
36.8824 86.0024
37.0168 86.0307
37.157 86.0603
37.2914 86.0887
37.4392 86.1198
37.5393 86.1409
37.7763 86.1909
37.9842 86.2348
38.1886 86.2779
38.3981 86.3221
38.6709 86.3796
38.9576 86.4401
39.3498 86.5229
39.7372 86.6046
40.151 86.6919
40.5976 86.7861
41.0022 86.8715
41.5048 86.9775
42.0028 87.0825
42.4813 87.1835
43.7682 87.455
43.8646 87.4753
43.8779 87.4781
43.8913 87.4809
43.9054 87.4839
43.92 87.487
43.9344 87.49
43.949 87.4931
43.9641 87.4963
44.0146 87.5069
44.0578 87.516
44.0985 87.5246
44.1451 87.5344
44.1891 87.5437
44.23 87.5523
44.2732 87.5615
44.6112 87.6327
45.0018 87.7151
45.3619 87.791
45.6531 87.8524
45.957 87.9165
46.2294 87.9739
46.2659 87.9816
46.3021 87.9892
46.3367 87.9965
46.3708 88.0037
46.4054 88.011
46.4415 88.0186
46.4758 88.0259
46.5116 88.0334
46.5474 88.0409
46.5842 88.0487
46.6195 88.0561
46.6536 88.0633
46.6874 88.0705
46.6874 88.0705
47.1444 88.0985
47.606 88.1268
48.1149 88.1581
48.6573 88.1914
49.2281 88.2264
49.7881 88.2607
50.3602 88.2958
50.7497 88.3198
51.1644 88.3452
51.585 88.371
51.9029 88.3906
52.2977 88.4148
52.6923 88.439
52.9082 88.4523
53.1054 88.4644
53.283 88.4754
53.4623 88.4864
53.6283 88.4966
53.7971 88.507
53.9684 88.5175
54.1385 88.528
54.3212 88.5392
54.3475 88.5409
54.3728 88.5424
54.3993 88.5441
54.4254 88.5457
54.4508 88.5472
54.4775 88.5489
54.5026 88.5504
54.5274 88.552
54.5549 88.5537
54.5831 88.5554
54.3594 88.1255
54.0965 87.6202
53.8462 87.1391
53.6391 86.741
53.441 86.3603
53.2442 85.982
52.9534 85.4231
51.8856 83.3705
50.3434 82.3546
48.888 81.3959
48.9088 80.8406
48.929 80.3039
48.9499 79.7449
48.9721 79.1529
48.9989 78.4357
49.0265 77.6999
49.0559 76.9144
49.0859 76.1131
49.1199 75.2052
49.1223 75.1406
49.1249 75.072
49.1277 74.9986
49.1302 74.9309
49.1328 74.8612
49.1357 74.7839
49.1385 74.7104
49.1411 74.6413
49.1436 74.5743
49.146 74.5102
49.1487 74.4377
49.1514 74.3647
49.154 74.2949
49.1566 74.227
49.1682 73.9166
49.1816 73.5585
49.1936 73.2397
49.205 72.9348
49.2514 71.6947
49.313 70.048
49.313 70.048
49.313 70.048
50.1186 69.5541
50.8422 69.1105
51.5819 68.657
52.4191 68.1439
53.295 67.6069
54.1707 67.0702
55.0258 66.546
56.0054 65.9455
57.7822 64.8566
58.8745 64.187
60.1004 63.4356
61.3761 62.6537
62.8267 61.7646
62.9923 61.9622
63.6338 62.7276
64.0993 63.2831
64.0993 63.2831
64.0993 63.2831
64.1655 63.693
64.2362 64.1306
64.3261 64.687
64.4482 65.4425
64.5468 66.0529
64.6481 66.6799
65.1734 69.9331
65.2163 70.1984
65.2428 70.3623
65.265 70.4999
65.0239 70.159
64.8055 69.8502
64.5619 69.5059
64.3281 69.1752
64.095 68.8457
63.8654 68.5211
63.6318 68.1909
63.449 67.9323
63.4406 67.9473
63.432 67.9625
63.4249 67.9754
63.4174 67.9887
63.4098 68.0023
63.4018 68.0166
63.3945 68.0297
63.3868 68.0435
63.27 68.3084
63.1509 68.5786
63.0324 68.8473
62.9139 69.1161
62.7958 69.3839
62.681 69.6443
62.5678 69.9012
62.5118 70.0281
62.4796 70.4569
62.4491 70.8627
62.4191 71.2621
62.3888 71.665
62.36 72.0481
61.8456 78.8898
61.8456 78.8898
61.9116 78.9616
61.9766 79.0323
62.0622 79.1255
62.1537 79.225
62.3018 79.3861
62.4565 79.5544
62.6927 79.8114
62.919 80.0575
63.1166 80.2726
64.0414 81.2786
64.87 82.18
66.3488 83.7888
67.6264 85.1787
67.7448 85.3075
67.8632 85.4363
67.9686 85.551
67.9686 85.551
67.9686 85.551
67.9686 85.551
67.9686 85.551
68.197 85.6165
68.4068 85.6768
68.6426 85.7444
68.9046 85.8196
69.1354 85.8858
69.3962 85.9607
69.6442 86.0319
69.9085 86.1077
70.169 86.1825
70.4548 86.2645
70.8052 86.3651
71.2042 86.4795
71.583 86.5883
71.9034 86.6802
72.2573 86.7817
72.5388 86.8625
72.8079 86.9398
73.0976 87.0229
73.3781 87.1034
73.6657 87.1859
73.9609 87.2707
74.2142 87.3433
74.4394 87.408
76.4514 87.9851
77.2484 88.0121
77.9886 88.0373
78.5106 88.055
79.02 88.0723
79.5108 88.0889
80.2577 88.1143
81.3102 88.15
81.3435 88.1076
81.3751 88.0674
86.0099 82.1642
85.8659 81.9304
85.7103 81.6779
85.566 81.4437
85.4319 81.226
85.2627 80.9514
84.746 80.1128
80.3866 73.0341
80.3075 72.9057
80.2276 72.7759
80.1533 72.6554
80.054 72.4942
79.9568 72.3365
79.853 72.168
79.7446 71.9921
79.6402 71.8226
79.5381 71.6569
79.4522 71.5175
79.3628 71.3724
80.5416 67.6221
81.9926 63.0052
82.1027 62.6552
82.206 62.3266
82.322 61.9579
82.322 61.9578
82.6648 61.2585
82.9972 60.5802
83.2992 59.9638
83.5861 59.3783
83.8355 58.8694
82.6299 57.2971
81.6424 56.0092
80.4692 54.4791
79.2537 52.8938
78.0482 51.3216
76.8194 49.7191
76.8194 49.7191
76.8194 49.7191
76.7556 49.6207
76.6921 49.523
76.6293 49.4263
76.5672 49.3306
76.5049 49.2348
76.4406 49.1359
76.3751 49.0349
76.3111 48.9365
76.2919 48.9068
75.9956 48.4504
75.7463 48.0663
75.7377 48.0531
73.4968 44.6001
71.3203 41.2463
70.0274 39.2541
70.0849 39.2047
70.1393 39.158
70.2212 39.0875
70.3623 38.9663
70.5695 38.7882
70.7892 38.5993
71.0535 38.3721
71.3239 38.1397
75.3015 34.7183
77.4938 32.8329
78.5627 31.9138
79.4353 31.1634
80.2507 30.4624
82.3323 28.6722
82.3323 28.6722
