0,483,243,345,627,979,260,98,33,590,553,592,323,136,838,520,232,29,198,274,466,745,387,670,920,170,835,195,609,951,932,926,102,941,583,884,967,425,107,497,242,684,506,977,117,867,152,650,850,647,420,942,656,190,334,68,852,383,962,385,332,201,975,727,595,900,481,579,528,204,372,322,725,889,648,473,685,450,864,740,25,660,311,928,983,937,893,318,820,135,494,823,465,818,71,273,544,149,620,285,52,580,622,417,159,813,317,185,395,845,567,817,353,251,854,158,477,666,464,837,83,775,742,173,378,904,624,774,313,980,62,408,40,618,367,145,23,882,856,952,992,42,984,746,911,344,434,737,816,229,415,584,118,713,896,763,320,931,782,315,202,177,12,754,94,690,245,887,179,539,248,582,540,91,432,369,802,826,530,513,921,406,947,744,51,259,575,9,460,605,335,987,509,769,297,832,671,940,140,880,18,801,986,847,654,563,280,800,895,636,632,126,84,468,109,779,617,216,144,976,235,558,894,404,715,910,252,350,724,134,226,225,561,453,857,642,193,523,614,56,903,662,359,689,683,765,484,21,596,901,888,640,275,54,34,510,587,171,79,924,720,308,533,163,410,645,324,267,922,809,175,957,30,382,104,839,137,733,545,599,705,501,60,946,730,454,954,965,270,296,80,571,537,697,333,526,878,927,223,550,490,886,591,16,189,757,206,861,129,146,150,437,786,738,241,256,840,294,239,755,807,470,230,2,215,649,231,562,292,961,851,536,82,814,659,319,564,516,305,449,532,172,613,181,5,511,156,375,541,389,707,808,265,343,271,960,877,448,766,105,53,139,22,866,72,165,309,974,559,752,874,548,20,416,714,394,36,428,806,41,76,918,696,569,96,253,50,610,430,593,753,631,92,491,859,695,773,919,392,672,795,73,141,495,871,17,409,776,167,249,833,424,418,651,456,578,183,120,638,28,761,441,44,611,521,768,306,15,885,750,115,892,227,368,933,13,435,736,169,108,815,803,637,153,436,364,444,914,106,868,693,304,988,447,462,711,236,969,628,678,263,547,568,442,944,973,718,200,316,1,585,405,546,792,557,446,95,386,615,48,213,380,138,199,827,39,953,982,433,431,487,399,916,90,240,203,719,905,75,426,554,301,728,401,300,88,955,991,556,759,374,224,298,207,830,58,247,825,325,31,400,701,162,712,321,93,551,780,600,604,168,244,360,608,99,469,699,872,789,443,327,574,288,971,361,560,635,124,630,570,890,639,178,667,658,680,799,482,131,966,747,607,192,376,860,950,339,517,371,686,381,589,338,665,346,694,113,479,726,457,97,277,77,552,503,184,784,272,739,796,266,119,326,429,500,132,220,411,502,427,846,14,81,445,703,255,657,879,948,972,347,717,939,925,122,398,970,219,114,451,524,505,373,100,336,677,734,234,329,3,166,531,116,760,157,57,633,233,849,749,154,758,222,691,128,841,771,990,909,708,123,341,463,770,352,47,182,652,805,565,936,228,542,303,196,218,214,527,489,422,403,142,797,391,476,130,601,764,772,507,981,279,147,858,603,908,438,956,756,698,413,729,688,735,897,349,535,945,210,281,59,194,291,370,237,512,891,732,493,788,390,461,180,804,791,264,492,912,929,676,576,621,161,855,365,459,519,188,798,968,282,112,340,67,35,238,293,767,85,396,538,393,290,110,644,208,625,440,478,485,286,762,668,964,810,186,907,515,743,101,471,262,127,793,923,597,623,498,69,155,790,66,843,848,342,522,472,566,577,356,681,870,43,197,63,821,675,357,314,842,358,45,875,217,594,70,143,458,606,781,209,785,978,751,452,634,828,377,55,379,862,555,355,716,844,164,865,261,934,250,257,7,930,906,19,160,467,480,853,276,935,692,289,388,414,525,876,664,151,421,89,32,655,869,913,687,787,783,269,302,612,397,748,778,811,679,917,989,49,11,706,475,174,938,534,148,37,616,543,78,496,949,663,508,619,38,829,723,125,46,10,87,661,423,915,943,836,86,700,312,384,4,212,268,985,330,863,283,499,731,328,898,710,794,299,958,514,133,258,963,74,812,402,331,572,211,646,187,682,348,362,629,588,881,366,722,412,61,488,674,8,254,474,741,455,641,902,549,673,205,824,65,899,191,626,221,834,822,354,284,278,486,602,529,643,121,586,26,310,337,883,287,702,363,709,439,64,653,307,518,704,111,573,407,246,669,351,103,419,873,831,27,6,721,777,598,581,176,504,819,24,295,959,
value : 507.864 running time : 57.663735
80 20
86.2684 17.5916
86.2684 17.5916
86.2684 17.5916
86.2684 17.5916
86.2684 17.5916
86.2684 17.5916
84.2716 28.0503
83.4995 32.0944
82.7755 35.8864
81.3317 43.449
81.3081 43.5726
81.2856 43.6903
81.206 44.1072
81.1327 44.4912
81.073 44.8039
80.9895 45.2413
80.9067 45.6749
80.8235 46.1106
80.7519 46.4856
80.6711 46.9088
80.5864 47.3528
80.4865 47.8758
80.3989 48.3346
80.3095 48.803
80.2235 49.2535
80.0536 49.3899
79.8603 49.5451
79.677 49.6923
79.5112 49.8254
79.3098 49.9871
79.1029 50.1533
79.14 50.1868
79.7818 50.7661
80.4647 51.3826
81.2687 52.1084
81.8606 52.6428
82.5263 53.2437
83.4492 54.0769
84.1505 54.7099
82.7415 55.0454
81.3466 55.3775
79.8298 55.7387
77.3576 56.3273
73.3938 57.271
73.564 58.8538
73.5942 59.1344
73.6207 59.3804
73.646 59.6159
73.6739 59.8747
73.8223 60.2581
73.9671 60.6322
74.1244 61.0384
74.2836 61.4496
74.4892 61.9806
74.6889 62.4966
74.9044 63.0533
75.1143 63.5953
75.3113 64.1041
75.4983 64.5872
75.6789 65.0537
75.8259 65.4334
75.9862 65.8474
76.1405 66.246
76.2749 66.5932
77.5304 69.8361
79.3507 74.5381
80.3323 75.7487
81.9115 77.6962
83.7919 80.0154
85.9912 82.7277
85.9469 82.7801
85.9084 82.8258
85.8722 82.8687
85.8351 82.9126
85.7995 82.9549
85.7653 82.9953
85.7316 83.0353
85.6123 83.1766
85.5245 83.2806
85.4415 83.379
85.3548 83.4818
84.8819 84.0422
81.4811 88.0721
80.8018 88.0517
78.8789 87.9942
78.3409 87.9781
77.7688 87.961
77.5673 87.955
77.3517 87.9485
76.796 87.9319
76.2151 87.9145
75.7363 87.9002
75.3075 87.8874
74.8509 87.8737
74.425 87.861
74.2984 87.8572
74.1736 87.8535
74.0519 87.8498
74.0519 87.8498
74.0519 87.8498
74.0519 87.8498
72.8775 87.3789
71.9765 87.0176
71.0371 86.6409
69.8551 86.167
68.3885 85.5789
67.424 85.1921
67.371 85.1448
67.3245 85.1032
67.2746 85.0585
67.2267 85.0158
67.1775 84.9718
67.1256 84.9253
66.9867 84.8011
66.824 84.6557
66.6434 84.4943
66.483 84.3508
66.2893 84.1777
66.0721 83.9835
65.8856 83.8167
65.7057 83.6558
65.5173 83.4874
63.1344 81.3569
62.1851 82.1113
61.2353 82.8659
56.0135 87.0148
56.0053 87.0213
55.9983 87.0269
55.9916 87.0323
55.9851 87.0374
55.9788 87.0424
55.9729 87.0472
55.9666 87.0521
55.9608 87.0568
55.9552 87.0611
54.7968 87.9816
54.6726 88.0803
54.6726 88.0803
54.6726 88.0803
54.6726 88.0803
54.6726 88.0803
54.6726 88.0803
54.6726 88.0803
54.6726 88.0803
54.6726 88.0803
54.6726 88.0803
54.6726 88.0803
54.6726 88.0803
54.6726 88.0803
54.6726 88.0803
54.6726 88.0803
54.6726 88.0803
54.6726 88.0803
54.6726 88.0803
54.6726 88.0803
54.5216 87.6681
54.3697 87.2536
54.2227 86.8522
54.0891 86.4876
54.0538 86.3913
54.0152 86.2859
53.9744 86.1745
53.9353 86.0677
53.8933 85.9532
53.86 85.8622
53.8229 85.7608
53.7858 85.6597
53.7483 85.5572
53.7111 85.4557
53.0945 82.9392
52.6179 80.994
52.2222 79.379
52.5919 79.1575
52.9425 78.9474
53.2708 78.7506
53.5798 78.5655
53.8997 78.3738
54.2365 78.172
54.636 77.9326
55.057 77.6803
55.4775 77.4284
55.9748 77.1304
56.8563 76.6022
56.8145 76.5823
56.7712 76.5617
56.7306 76.5423
56.6892 76.5226
56.6495 76.5037
56.6072 76.4835
56.566 76.4639
56.5261 76.4448
56.4859 76.4257
56.4434 76.4054
56.4056 76.3874
56.3604 76.3659
56.3157 76.3445
56.2699 76.3227
56.2286 76.3031
56.1892 76.2843
56.1526 76.2668
56.1093 76.2462
56.0615 76.2234
56.0223 76.2047
55.9798 76.1845
55.3874 75.9021
54.8793 75.66
54.3483 75.4069
53.8046 75.1477
53.2784 74.8969
52.7441 74.6422
52.2215 74.3932
51.6711 74.1308
51.1539 73.8843
50.6544 73.6462
50.1162 73.3897
49.6473 73.1662
49.1659 72.9368
48.7121 72.7205
48.2685 72.5091
47.8456 72.3075
47.4241 72.1066
47.0406 71.9238
46.642 71.7338
46.3058 71.5735
45.9977 71.4267
45.7102 71.2897
45.6211 71.2472
45.527 71.2024
45.4368 71.1594
45.3446 71.1154
45.2562 71.0733
45.1738 71.034
45.0846 70.9915
44.9978 70.9502
44.9053 70.906
44.3681 70.65
42.7751 69.8907
41.2921 69.1839
39.6107 68.3825
38.0627 67.6447
37.6442 67.4452
37.1924 67.2299
36.7797 67.0332
36.3738 66.8397
35.9319 66.6291
35.5317 66.4384
34.4478 65.9218
33.4108 65.4275
32.2149 64.8575
31.2794 64.4116
31.2631 64.4038
31.2466 64.396
31.2301 64.3881
31.2096 64.3783
31.1904 64.3692
31.1713 64.3601
31.1536 64.3516
31.1301 64.3404
31.1088 64.3302
31.088 64.3203
31.0686 64.3111
31.049 64.3017
31.0285 64.292
31.0073 64.2819
30.9547 64.2568
30.9035 64.2324
30.9007 64.351
30.898 64.4684
30.8951 64.5929
30.8921 64.7223
30.8895 64.8371
30.8867 64.9566
30.8838 65.0822
30.8809 65.2087
30.878 65.3323
30.8749 65.4665
30.8719 65.5971
30.8689 65.7279
30.8634 65.9658
30.858 66.1988
30.8223 67.7427
30.786 69.3123
30.7684 70.0715
30.7587 70.4939
30.7489 70.9143
30.7399 71.3032
30.7319 71.6512
30.7227 72.0486
30.7139 72.4319
30.7067 72.7401
30.6988 73.084
30.6902 73.4558
30.6818 73.8189
30.6742 74.1487
30.667 74.4605
30.6596 74.7783
30.6514 75.1336
30.6424 75.5241
30.6336 75.9046
30.6251 76.2695
30.6184 76.5616
31.3719 77.4631
32.3233 78.6013
33.4079 79.8988
34.405 81.0917
39.0214 86.6144
40.6711 88.588
40.6987 88.6746
40.7255 88.7587
40.7518 88.8414
40.7778 88.9229
40.805 89.0082
40.8298 89.0861
40.8535 89.1603
40.8788 89.2398
40.9043 89.3197
40.9306 89.4024
40.959 89.4915
40.9831 89.5669
41.0105 89.6529
41.0409 89.7482
41.0686 89.8352
41.0945 89.9163
41.1221 90.003
41.1509 90.0934
41.1817 90.1901
41.2117 90.2842
41.2457 90.3908
41.2822 90.5052
41.3077 90.5855
41.3077 90.5855
41.3077 90.5855
41.3077 90.5855
41.3077 90.5855
41.3077 90.5855
41.3077 90.5855
41.3077 90.5855
41.3077 90.5855
41.3077 90.5855
41.3077 90.5855
41.3077 90.5855
41.3077 90.5855
41.3077 90.5855
41.3077 90.5855
41.3077 90.5855
41.134 90.5794
40.9544 90.5731
40.7746 90.5669
40.5142 90.5577
40.2446 90.5483
40.003 90.5399
39.7958 90.5326
39.5842 90.5252
39.3471 90.5169
39.1347 90.5095
38.9902 90.5045
38.8492 90.4995
38.7125 90.4947
38.5726 90.4899
38.3723 90.4829
38.1762 90.476
37.9873 90.4694
37.808 90.4631
37.6112 90.4563
37.43 90.4499
37.2285 90.4429
37.0316 90.436
36.8416 90.4294
36.61 90.4213
36.3921 90.4137
34.5639 90.3497
32.6673 90.2834
31.2668 90.2344
29.2795 90.165
29.2709 90.1647
29.2605 90.1643
29.2514 90.164
29.2425 90.1637
29.2326 90.1633
29.2233 90.163
29.2143 90.1627
29.2048 90.1624
29.1966 90.1621
28.9572 90.1537
28.7189 90.1454
28.4721 90.1367
28.2555 90.1292
28.0362 90.1215
27.8175 90.1138
27.6144 90.1067
27.4332 90.1004
27.2488 90.094
27.023 90.0861
26.833 90.0794
26.6415 90.0727
26.4794 90.067
26.3052 90.061
26.1166 90.0544
25.8984 90.0467
25.6884 90.0394
25.4614 90.0314
25.2325 90.0234
24.9586 90.0139
24.7411 90.0063
24.5309 89.9989
24.3464 89.9925
24.1488 89.9855
23.9763 89.9795
23.7777 89.9726
23.5938 89.9661
23.4132 89.9598
23.2338 89.9535
23.0473 89.947
22.8621 89.9406
22.6847 89.9343
22.5008 89.9279
22.3386 89.9222
22.1537 89.9158
21.9763 89.9096
21.7882 89.903
21.5995 89.8964
21.4163 89.89
21.2375 89.8837
20.7454 89.8665
20.2272 89.8484
19.6282 89.8274
18.6821 89.7944
17.7787 89.7628
16.6487 89.7233
16.212 89.708
15.7576 89.6921
15.367 89.6784
14.9319 89.6632
14.4381 89.6459
13.9068 89.6274
13.3174 89.6068
13.0762 89.5983
12.8445 89.5902
12.6216 89.5824
12.4053 89.5749
12.1769 89.5669
11.9595 89.5593
11.7442 89.5517
11.5371 89.5445
11.3191 89.5369
11.1066 89.5294
10.8944 89.522
10.6856 89.5147
10.484 89.5077
10.2966 89.5011
10.1051 89.4944
9.89869 89.4872
9.8978 89.4777
9.89696 89.4686
9.89615 89.46
9.89531 89.4509
9.89445 89.4417
9.89357 89.4323
9.89278 89.4238
9.89191 89.4144
9.89104 89.4051
9.89019 89.396
9.88931 89.3865
9.88844 89.3772
9.88783 89.3706
9.88717 89.3635
9.88656 89.357
9.88585 89.3494
9.8852 89.3425
9.88459 89.3359
9.88391 89.3285
9.88313 89.3202
9.88247 89.3132
9.88182 89.3062
9.88117 89.2992
9.88051 89.2921
9.87987 89.2852
9.87919 89.2779
9.87856 89.2712
9.87805 89.2657
9.84983 88.9629
9.81645 88.6046
9.7818 88.2328
9.74745 87.8642
9.70484 87.4069
9.65779 86.902
9.61205 86.4111
9.56339 85.8889
9.52352 85.461
9.50109 85.2203
9.48468 85.0442
9.46764 84.8613
9.44885 84.6597
9.43155 84.4739
9.41492 84.2955
9.39883 84.1228
9.38164 83.9383
9.36434 83.7527
9.34804 83.5777
9.33174 83.4029
9.31663 83.2406
9.29845 83.0455
9.28315 82.8813
9.26639 82.7015
9.25003 82.5258
9.23205 82.3329
9.21361 82.135
9.19677 81.9543
9.18109 81.786
9.16413 81.604
9.14697 81.4199
9.13136 81.2523
9.1167 81.095
9.85303 81.0783
10.8008 81.0567
11.3284 81.0447
11.8724 81.0323
12.3696 81.021
12.8837 81.0093
13.4216 80.9971
13.9623 80.9848
14.4082 80.9746
14.868 80.9641
15.288 80.7107
15.7441 80.4354
16.2449 80.1332
16.7401 79.8344
17.3119 79.4893
17.7869 79.2026
17.9523 79.1028
18.1239 78.9992
18.3103 78.8867
18.5094 78.7666
18.7045 78.6488
18.8714 78.5482
19.0464 78.4425
19.6806 78.0598
19.6503 78.0405
19.6194 78.0209
19.5901 78.0023
19.5611 77.9838
19.5295 77.9637
19.4964 77.9427
19.4629 77.9214
19.432 77.9017
19.4038 77.8838
19.374 77.8648
15.2666 75.2524
13.2759 73.9863
13.1739 73.9214
13.0749 73.8584
12.9794 73.7977
12.8068 73.2039
12.6903 72.8034
12.5461 72.3072
12.4085 71.834
12.298 71.4539
12.1907 71.0848
12.0918 70.7448
12.118 70.7107
12.1423 70.6792
12.1689 70.6446
12.1936 70.6125
12.2177 70.5811
12.2453 70.5454
12.2681 70.5156
12.2888 70.4888
12.3122 70.4584
12.3355 70.4281
12.3598 70.3966
12.386 70.3625
12.4096 70.3318
12.4326 70.3019
12.4568 70.2705
12.4811 70.2389
12.5092 70.2024
12.5347 70.1693
12.5584 70.1385
12.5804 70.1099
12.6057 70.077
12.629 70.0467
12.6534 70.0151
12.6816 69.9785
12.7049 69.9482
12.7295 69.9163
12.7538 69.8846
12.7786 69.8524
12.8031 69.8205
12.8269 69.7896
12.8532 69.7555
12.8265 69.458
12.8005 69.1689
12.7714 68.8454
12.7425 68.5231
12.7119 68.1828
12.6839 67.871
12.6535 67.533
12.6247 67.2123
12.5952 66.8842
12.5625 66.5199
12.5344 66.2076
12.5032 65.8596
12.4743 65.5384
12.4399 65.1559
12.4092 64.8143
12.3786 64.4728
12.3368 64.0084
12.2948 63.5402
12.248 63.0196
12.2094 62.5906
12.1737 62.1927
12.1339 61.7497
11.9528 59.7348
11.7804 57.8172
11.7804 57.8172
11.7804 57.8172
11.7804 57.8172
11.7804 57.8172
11.7804 57.8172
11.7804 57.8172
11.7804 57.8172
11.7804 57.8172
11.7804 57.8172
11.7804 57.8172
11.7804 57.8172
11.7804 57.8172
11.7725 57.2987
11.764 56.7494
11.7532 56.0456
11.7393 55.1411
11.7263 54.2985
11.7085 53.1401
11.7267 53.1077
11.7462 53.0727
11.7664 53.0366
11.7862 53.0013
11.7862 53.0013
11.7862 53.0013
11.7862 53.0013
11.7862 53.0013
11.7862 53.0013
11.7862 53.0013
11.7862 53.0013
11.7862 53.0013
12.3208 52.8815
12.8694 52.7586
13.305 52.661
13.3915 52.6755
13.4797 52.6903
13.5831 52.7076
13.6859 52.7249
13.7883 52.742
13.8907 52.7592
13.9959 52.7768
14.094 52.7932
14.2104 52.8127
14.3139 52.8301
14.422 52.8482
14.5333 52.8668
14.6343 52.8838
14.7408 52.9016
14.8445 52.919
14.9461 52.936
15.0549 52.9542
15.1524 52.9706
15.2601 52.9886
15.4329 53.0175
15.8918 53.0944
16.5096 53.1979
17.036 53.2861
17.4976 53.3634
17.9416 53.4378
18.3908 53.513
18.8097 53.5832
19.2444 53.656
21.4595 54.0271
21.8266 54.0886
22.233 54.1567
22.6741 54.2306
23.0882 54.3
23.5021 54.3693
23.9899 54.451
24.3623 54.5134
24.7921 54.5854
25.1548 54.6462
25.5435 54.7113
25.9383 54.7774
26.367 54.8492
26.7518 54.9137
27.2478 54.9968
27.6989 55.0724
28.1571 55.1491
28.5984 55.223
29.0623 55.3007
29.6631 55.4014
30.3101 55.5098
37.6514 56.7396
37.6514 56.7396
37.6514 56.7396
37.6514 56.7396
37.7173 56.7573
37.7753 56.7729
37.8357 56.7891
37.8942 56.8048
37.954 56.8208
38.0098 56.8358
38.0704 56.8521
38.1259 56.867
38.1838 56.8825
38.2446 56.8988
39.3426 57.1934
40.4228 57.4833
41.6897 57.8232
42.9168 58.1524
43.3316 58.2638
43.7585 58.3783
44.0147 58.447
44.3246 58.5302
44.7339 58.64
45.1069 58.7401
45.5093 58.8481
45.9247 58.9595
46.2808 59.0551
46.5975 59.14
47.7411 59.4469
49.425 59.8987
50.706 60.2424
51.7877 60.5327
52.9878 60.8546
54.1515 61.1669
55.3917 61.4996
56.3139 61.7471
56.9216 61.9101
57.3741 62.0316
57.8927 62.1707
58.3559 62.295
58.8369 62.4241
59.2238 62.5279
59.6747 62.6489
60.1621 62.7796
60.6568 62.9124
61.1346 63.0406
61.1346 63.0406
58.1041 57.3368
58.1041 57.3368
57.9725 57.2087
57.8496 57.0891
57.7207 56.9637
57.5727 56.8198
57.4252 56.6763
57.2935 56.5481
57.1538 56.4122
56.8293 56.0965
56.4957 55.7719
56.15 55.4356
55.8396 55.1337
55.4776 54.7814
54.8853 54.2052
53.4907 52.8484
52.2354 51.6272
51.9099 50.688
51.6088 49.819
51.4867 49.4667
51.347 49.0637
51.2029 48.6478
51.0426 48.1853
50.8794 47.7144
50.6794 47.137
50.4918 46.5958
50.318 46.0942
50.3917 46.0998
50.463 46.1052
50.5288 46.1101
50.5978 46.1153
50.6656 46.1204
50.7407 46.1261
50.8122 46.1315
50.9086 46.1387
51.657 45.684
52.856 44.9555
53.6273 44.4869
54.3994 44.0178
55.0755 43.607
55.8329 43.1468
56.6434 42.6544
56.6434 42.6544
56.6434 42.6544
56.6434 42.6544
56.6434 42.6544
56.6434 42.6544
56.6434 42.6544
56.6434 42.6544
56.6434 42.6544
56.6434 42.6544
56.6434 42.6544
56.4176 42.5313
55.6075 42.0897
54.8793 41.6927
53.5169 40.95
52.1587 40.2096
51.6807 39.9491
51.2681 39.7242
50.7803 39.4583
50.299 39.1959
49.8871 38.9713
49.4003 38.706
48.8202 38.3898
48.0887 37.991
44.596 36.0871
44.5436 36.0585
44.4883 36.0283
44.4345 35.999
44.3642 35.9607
44.2885 35.9195
44.2068 35.8749
44.1303 35.8332
44.0506 35.7898
44.0506 35.7898
44.0506 35.7898
44.0506 35.7898
44.0506 35.7898
44.0506 35.7898
43.8191 35.9333
43.5907 36.075
43.3425 36.2288
43.0998 36.3794
42.8325 36.5451
42.5943 36.6928
42.354 36.8418
42.1187 36.9877
41.8615 37.1472
41.6222 37.2956
37.8079 39.6609
37.0446 40.1341
36.3983 40.5349
36.0554 40.7475
35.7286 40.9502
35.4189 41.1422
35.1245 41.3248
33.2112 42.5112
30.8462 40.8307
30.5033 40.587
30.1879 40.3629
29.9049 40.1618
29.5876 39.9364
29.2466 39.694
29.2466 39.694
29.2466 39.694
29.2466 39.694
29.2466 39.694
29.2466 39.694
29.2466 39.694
29.2466 39.694
29.0864 39.7326
28.9268 39.7711
28.771 39.8087
28.5833 39.8539
28.3686 39.9057
27.3256 40.1572
26.2428 40.4182
24.9345 40.7336
23.6362 41.0466
22.9643 41.2086
21.2703 39.8619
21.2703 39.8619
21.2703 39.8619
21.2703 39.8619
21.2703 39.8619
21.2703 39.8619
21.2703 39.8619
21.2703 39.8619
21.2703 39.8619
21.2703 39.8619
21.2702 39.8619
20.8358 39.388
20.0313 38.5107
19.2747 37.6855
18.3598 36.6877
17.4768 35.7247
17.4548 35.7007
17.4325 35.6764
17.4109 35.6528
17.4109 35.6528
17.4109 35.6528
15.8649 35.3519
14.1962 35.0272
12.381 34.6739
12.1443 34.6278
11.8685 34.5742
11.6112 34.5241
11.3509 34.4734
11.1386 34.4321
10.9274 34.391
10.6902 34.3449
10.4425 34.2967
10.2311 34.2555
10.0139 34.2132
9.77176 34.1661
9.79285 33.8925
9.81466 33.6098
9.90406 32.4503
9.97337 31.5514
10.035 30.7525
10.0914 30.0202
10.1413 29.3732
10.242 28.067
10.3578 26.5655
10.4885 24.8708
10.618 23.1913
10.7526 21.4447
11.1756 15.96
11.2581 16.0123
11.3243 16.0543
11.3915 16.097
11.4503 16.1342
11.5108 16.1726
11.5758 16.2138
11.6462 16.2584
11.7179 16.3039
11.7841 16.3459
11.8508 16.3881
11.9246 16.4349
11.9917 16.4775
12.068 16.5259
12.133 16.567
12.4296 16.7551
12.727 16.9437
13.106 17.184
13.5628 17.4736
14.08 17.8015
14.5837 18.1208
15.0224 18.399
15.4161 18.6485
15.8438 18.9197
18.4162 20.5506
20.4371 21.8319
22.3653 23.0544
22.4238 23.0915
22.745 23.2951
22.8923 23.3885
23.0432 23.4842
25.8281 23.511
30.235 23.5535
30.235 23.5535
30.235 23.5535
30.235 23.5535
30.235 23.5535
30.235 23.5535
30.235 23.5535
30.235 23.5535
30.235 23.5535
30.235 23.5535
30.235 23.5535
30.4144 23.4478
30.5921 23.3431
33.4507 21.6585
33.6901 21.441
33.9061 21.2446
34.1122 21.0572
34.312 20.8756
34.5141 20.6919
34.6857 20.5359
34.9285 20.3152
35.1337 20.1286
35.3695 19.9142
35.8711 19.4583
36.4499 18.9321
36.8929 18.5294
38.4445 17.1189
38.4445 17.1189
38.4445 17.1189
38.4445 17.1189
38.4445 17.1189
38.4445 17.1189
38.4445 17.1189
40.342 16.8746
57.6752 14.6426
59.0916 17.3859
60.3253 19.7755
60.9893 21.0616
61.5775 22.2007
64.6959 21.8282
70.8692 21.0907
70.8994 21.0871
71.1437 21.0579
71.3924 21.0282
71.6692 20.9951
71.9949 20.9562
72.3241 20.9169
72.7771 20.8628
73.2568 20.8055
73.8168 20.7386
