0,627,345,243,483,260,979,98,520,745,590,33,29,932,198,425,967,466,274,323,835,609,553,592,195,334,920,670,387,583,941,884,684,926,506,838,143,107,170,951,900,656,385,136,152,497,383,242,977,975,290,110,332,528,740,579,201,204,852,372,473,725,685,648,450,660,311,25,983,889,928,580,353,322,285,158,666,622,820,251,742,159,818,937,544,845,135,893,494,854,813,864,318,417,775,149,931,481,177,71,477,465,83,52,817,40,992,737,823,273,280,801,62,367,118,980,584,464,42,185,911,620,575,856,344,297,690,18,582,51,847,727,145,395,887,378,744,509,861,406,940,567,654,340,605,857,769,800,837,82,317,782,126,415,562,984,802,624,816,12,202,369,895,245,541,516,814,659,140,536,947,239,259,618,754,320,434,375,713,313,896,882,23,319,561,564,807,563,309,165,763,774,305,206,193,389,343,532,105,866,5,511,874,851,952,416,559,961,437,840,129,139,766,752,96,256,292,449,746,271,265,156,974,707,470,22,53,72,172,613,548,181,2,614,248,73,919,241,394,738,569,141,696,539,150,231,368,44,877,960,672,918,638,146,428,649,933,491,288,871,714,448,442,786,773,631,28,92,20,611,456,521,593,776,36,859,610,885,230,808,306,430,120,392,15,651,227,441,768,386,833,795,753,409,424,608,253,886,326,726,200,236,183,792,58,321,469,495,750,31,944,568,50,628,815,719,557,247,301,446,138,304,93,973,462,13,711,199,712,585,695,249,718,115,1,637,953,969,827,447,405,736,678,39,106,17,693,380,868,914,213,435,988,916,399,263,108,547,95,570,203,169,178,615,803,401,364,153,48,240,90,444,982,300,360,244,955,699,554,426,75,639,667,657,207,255,487,338,630,436,502,400,346,374,316,728,759,607,162,970,517,966,892,780,224,457,991,830,427,686,546,556,325,298,433,905,860,503,890,445,168,184,381,897,694,119,398,88,924,113,888,537,339,796,846,825,560,635,526,601,349,333,551,500,971,479,361,658,220,600,132,429,691,701,587,789,788,965,764,347,411,939,192,665,948,272,680,482,879,739,130,219,14,131,81,77,214,805,717,376,196,97,784,114,371,760,703,277,524,166,218,303,531,747,100,47,858,734,527,799,373,234,925,677,489,589,329,142,698,949,228,3,841,505,565,849,909,122,731,936,279,476,336,771,749,708,116,352,652,542,57,341,499,863,616,770,128,312,990,463,157,87,328,222,10,534,154,663,330,384,212,46,283,700,985,86,123,423,963,299,4,133,572,794,958,258,514,32,741,898,674,74,331,682,455,268,362,412,187,673,211,488,661,61,629,366,474,588,710,812,646,348,643,722,402,881,8,407,351,363,653,64,518,704,287,573,669,934,160,586,111,261,246,822,278,289,529,121,354,787,310,26,883,337,439,702,824,254,836,626,915,221,379,191,899,943,641,125,284,307,902,602,709,535,748,486,438,706,65,758,829,388,664,78,37,612,205,869,403,549,655,834,11,853,508,38,619,413,679,397,49,19,692,356,250,467,480,917,127,913,811,525,197,421,989,276,522,512,452,935,778,180,876,194,891,923,922,566,69,533,688,687,151,302,7,414,148,545,324,723,908,957,79,137,839,929,735,493,783,269,496,972,147,182,938,422,543,391,451,797,705,633,174,382,34,475,510,507,772,599,603,756,956,89,981,237,233,901,720,410,798,765,370,597,281,576,459,471,171,291,683,350,976,715,732,359,912,264,30,267,809,733,729,59,327,645,927,596,552,640,390,779,54,225,804,365,946,689,501,308,21,175,418,950,903,662,99,578,550,431,296,730,275,266,76,167,443,604,571,697,490,124,16,954,591,761,574,134,60,454,806,223,872,270,757,41,189,408,252,56,523,226,80,894,724,144,513,910,163,215,540,404,826,216,112,878,986,617,484,104,671,91,642,235,558,179,755,921,315,855,109,229,636,294,335,530,880,832,94,632,9,460,810,904,67,478,238,987,68,453,161,791,35,293,962,396,668,968,647,907,942,232,70,850,767,85,190,102,867,282,420,440,485,595,964,625,101,393,173,762,84,208,468,538,432,515,650,676,210,793,498,188,743,186,577,492,621,843,461,342,623,519,262,286,870,945,644,606,45,358,314,842,117,43,594,217,978,357,675,55,472,865,875,821,906,848,63,66,831,27,155,873,862,781,377,828,634,419,458,751,785,209,257,164,844,716,355,555,790,930,681,721,959,295,24,819,504,176,581,598,777,6,103,
value : 501.554 running time : 60.390431
80 20
84.7783 18.1641
85.3334 17.9508
85.8428 17.7551
86.2684 17.5916
86.2684 17.5916
85.9411 18.9396
83.8921 27.3853
82.8819 31.547
82.1856 34.4153
81.8232 35.908
81.3784 37.7403
80.6592 40.7028
80.132 42.8747
79.8559 44.0119
79.7567 44.4205
79.6611 44.8142
79.5736 45.1745
79.4831 45.5473
79.3842 45.9545
79.273 46.4124
79.1375 46.9709
78.9923 47.5688
78.8703 48.0715
78.738 48.6162
78.5948 49.206
78.5204 49.5127
78.4423 49.8344
78.3568 50.1864
78.2734 50.5302
78.1937 50.8583
78.1242 51.1444
78.0442 51.4741
77.9902 51.6965
77.9338 51.9289
77.922 51.9349
77.9096 51.9412
79.9202 56.8027
80.3961 57.9533
80.8254 58.9913
81.5844 60.8266
81.843 60.9367
82.2503 61.1101
82.6505 61.2805
83.0185 61.4372
84.6284 62.1226
84.0204 63.5208
83.5517 64.5984
82.7255 66.4984
81.4108 69.5215
80.3509 71.9586
80.4893 72.2005
80.654 72.4883
80.8125 72.7655
80.9686 73.0384
81.0985 73.2654
81.2382 73.5096
81.4297 73.8444
81.5951 74.1334
86.029 81.8856
85.8956 82.0508
85.7789 82.1951
85.6801 82.3173
85.5748 82.4475
85.4811 82.5634
85.2818 82.8101
84.8147 83.3879
84.0266 84.3629
80.9284 88.1961
80.8385 88.3073
80.733 88.4378
78.1378 88.6661
77.8119 88.6948
77.5338 88.7193
77.1523 88.7529
76.8292 88.7813
76.5272 88.8079
76.2259 88.8345
75.9676 88.8572
75.6791 88.8826
75.4306 88.9045
75.16 88.9283
74.8795 88.953
74.5856 88.9789
74.3066 89.0035
74.0416 89.0268
73.8064 89.0475
73.4473 89.0792
73.0613 89.1132
72.6625 89.1483
72.2743 89.1824
71.8896 89.2163
71.4719 89.2531
71.0837 89.2873
70.6553 89.325
70.2066 89.3645
69.7986 89.4004
69.4686 89.4295
69.1104 89.461
68.7889 89.4893
68.4241 89.5215
68.0911 89.5508
67.756 89.5803
66.6007 89.682
65.4691 89.7816
64.3399 89.881
63.7414 89.9337
63.1203 89.9883
62.5722 90.0366
61.9508 90.0913
61.3043 90.1482
61.3043 90.1482
61.3043 90.1482
61.3043 90.1482
61.3043 90.1482
61.3043 90.1482
61.3043 90.1482
61.3043 90.1482
61.3043 90.1482
61.3043 90.1482
61.3043 90.1482
61.3043 90.1482
61.3043 90.1482
61.3043 90.1482
61.3043 90.1482
61.1862 88.294
61.0854 86.7125
60.9748 84.9764
60.8796 83.4831
60.8513 83.0391
60.8258 82.6386
60.8045 82.3053
60.7962 82.1745
60.7854 82.0059
60.7751 81.8433
60.7645 81.677
60.7539 81.5113
60.7435 81.3482
60.7342 81.2027
60.7248 81.0544
60.7148 80.8981
60.705 80.7441
60.6925 80.5491
60.6815 80.3758
60.6815 80.3758
60.6815 80.3758
60.6815 80.3758
60.6815 80.3758
60.6815 80.3758
55.5909 84.145
55.2021 84.433
54.7582 84.7617
54.2924 85.1067
53.844 85.4387
53.3954 85.7709
53.0139 86.0534
52.5862 86.3701
52.143 86.6984
52.0115 86.7958
51.8685 86.9016
51.7157 87.0148
51.57 87.1227
51.4156 87.2371
51.2514 87.3586
51.0787 87.4865
51.0021 87.5433
50.9269 87.599
50.8538 87.6531
50.7812 87.7069
50.6995 87.7673
50.6232 87.8238
50.5437 87.8827
50.4736 87.9347
50.3929 87.9944
50.316 88.0513
50.2355 88.1109
50.1539 88.1714
50.0778 88.2277
50.0069 88.2802
49.9396 88.3301
49.8663 88.3844
49.791 88.4401
49.7248 88.4891
49.4069 88.5012
49.0979 88.5129
48.8407 88.5227
48.5772 88.5327
48.3491 88.5413
48.1074 88.5505
47.8864 88.5589
47.6671 88.5672
47.4602 88.575
47.2231 88.584
46.9906 88.5928
46.7696 88.6012
46.5538 88.6094
46.3415 88.6174
46.1333 88.6253
45.9099 88.6338
45.6806 88.6425
45.4681 88.6505
45.2621 88.6583
45.0313 88.6671
44.8272 88.6748
44.5968 88.6836
44.3356 88.6935
44.1019 88.7023
43.8701 88.7111
43.1019 88.7403
42.3884 88.7674
41.7109 88.7931
41.0161 88.8194
40.9418 88.8222
40.8628 88.8252
40.7874 88.8281
40.7141 88.8309
40.6408 88.8336
40.5639 88.8366
40.4863 88.8395
40.401 88.8427
40.3229 88.8457
40.2501 88.8485
40.1657 88.8517
40.0872 88.8546
40.0077 88.8577
39.9317 88.8605
39.8546 88.8635
39.775 88.8665
39.6982 88.8694
39.6183 88.8724
39.5433 88.8753
39.4668 88.8782
39.3907 88.881
39.3203 88.8837
39.244 88.8866
38.4931 88.9151
37.943 88.9359
37.4351 88.9552
36.9139 88.9749
36.3895 88.9948
35.8325 89.0159
35.2041 89.0397
34.6247 89.0617
34.2018 89.0777
33.6945 89.0969
33.2205 89.1149
32.702 89.1345
32.399 89.146
32.1456 89.1556
31.8448 89.167
31.5469 89.1783
31.253 89.1894
30.9652 89.2003
30.6812 89.2111
30.3606 89.2233
30.0567 89.2348
28.8669 89.2799
28.4478 89.2958
28.2785 89.3022
28.1159 89.3083
27.9621 89.3142
27.9621 89.3142
25.8629 88.8157
25.7978 88.8002
25.7263 88.7832
25.6538 88.766
25.58 88.7484
25.5066 88.731
25.4299 88.7128
25.3498 88.6938
25.2661 88.6739
25.1868 88.6551
25.106 88.6359
25.0267 88.617
24.966 88.6026
24.9024 88.5875
24.84 88.5727
24.7768 88.5577
24.7187 88.5439
24.59 88.5133
24.4509 88.4803
24.3179 88.4487
24.1891 88.4181
24.0549 88.3863
23.6568 88.2917
23.3646 88.2223
23.0724 88.1529
22.8415 88.0981
22.6029 88.0414
22.3031 87.9702
22.0736 87.9157
21.8468 87.8618
21.5459 87.7903
21.2738 87.7257
20.9446 87.6475
20.617 87.5697
20.3065 87.496
19.9427 87.4096
19.5967 87.3274
19.3035 87.2577
15.7809 87.9891
15.0339 88.1442
14.3284 88.2907
13.6112 88.4396
13.1616 88.533
12.6829 88.6324
12.2419 88.724
11.7587 88.8243
11.2596 88.9279
10.6956 89.0451
10.1044 89.1679
10.0948 89.1699
10.0855 89.1718
10.0739 89.1742
10.0632 89.1764
10.0524 89.1787
10.0423 89.1808
10.0316 89.183
10.0206 89.1853
10.0103 89.1874
9.99989 89.1896
9.98962 89.1917
9.97986 89.1937
9.96945 89.1959
9.95918 89.198
9.94857 89.2002
9.93682 89.2027
9.92591 89.2049
9.91614 89.2069
9.90481 89.2093
9.89525 89.2113
9.88497 89.2134
9.87268 89.216
9.86195 89.2182
9.84991 89.2207
9.83822 89.2231
9.82647 89.2256
9.81555 89.2278
9.805 89.23
9.79448 89.2322
9.78366 89.2344
9.77312 89.2366
9.76225 89.2389
9.75149 89.2411
9.74107 89.2433
9.73103 89.2454
9.71972 89.2477
9.70857 89.25
9.69748 89.2523
9.68656 89.2546
9.67498 89.257
9.66424 89.2592
9.65284 89.2616
9.69406 88.8093
9.73129 88.4007
9.76489 88.0319
9.79938 87.6533
9.83371 87.2765
9.86875 86.8919
9.90456 86.4989
9.93766 86.1355
9.96935 85.7877
10.0021 85.4285
10.0327 85.0928
10.062 84.7709
10.0938 84.4219
10.126 84.0678
10.159 83.7056
10.1941 83.3208
10.2281 82.9468
10.2616 82.5794
10.2937 82.2277
10.3265 81.8671
10.3613 81.4849
10.3993 81.0683
10.4376 80.6477
10.4761 80.2254
10.5137 79.8129
10.5575 79.3319
10.6007 78.8573
10.6468 78.3513
10.6974 77.7964
10.7448 77.276
10.7812 76.877
10.8181 76.4715
10.853 76.089
10.8619 75.9906
10.8722 75.8778
10.8817 75.7732
10.8901 75.681
10.901 75.5614
10.9111 75.4506
10.9209 75.3431
10.9306 75.2375
10.9398 75.1361
10.9571 74.9468
10.9732 74.7697
10.9918 74.566
11.0084 74.3835
11.0258 74.193
11.0419 74.016
11.0584 73.8351
11.1148 73.7831
11.1731 73.7295
11.2268 73.6801
11.2855 73.6261
11.3426 73.5736
11.3999 73.5208
11.466 73.46
11.5274 73.4035
11.5872 73.3485
11.6514 73.2894
11.7152 73.2307
11.7778 73.1731
11.8411 73.1148
11.9064 73.0548
11.9985 72.97
12.0885 72.8871
12.1692 72.8129
12.2618 72.7277
12.3625 72.635
12.4561 72.5489
12.5442 72.4679
13.8339 71.281
13.8339 71.281
13.9774 71.2141
14.1225 71.1465
14.266 71.0796
14.4178 71.0089
14.5541 70.9453
14.7001 70.8773
14.8327 70.8155
14.9212 70.7742
15.013 70.7314
15.1115 70.6855
15.1973 70.6455
15.2886 70.603
15.3912 70.5552
15.4886 70.5098
15.5828 70.4659
15.6789 70.4211
15.7583 70.3841
15.8456 70.0897
15.9391 69.7742
16.0361 69.4471
16.1211 69.1603
16.2122 68.8531
16.3054 68.5386
16.4055 68.201
16.5097 67.8496
16.6162 67.4901
16.7183 67.1458
16.8376 66.7434
16.9195 66.4672
17.0183 66.1338
17.1079 65.8315
17.3184 65.1217
16.5415 64.4289
14.5768 62.677
12.6019 60.9158
12.2361 60.5897
11.7818 60.1845
11.7822 60.1562
11.7826 60.1297
11.7831 60.0997
11.7836 60.0678
11.784 60.037
11.7845 60.0058
11.785 59.9757
11.7855 59.9437
11.7859 59.9131
11.7864 59.8838
11.7869 59.8543
11.7874 59.8211
11.7879 59.7895
11.7883 59.7595
11.7889 59.7245
11.7893 59.6923
11.7898 59.6651
11.7903 59.6331
11.7908 59.6004
11.7912 59.5707
11.7917 59.5391
11.7922 59.5077
11.7927 59.4779
11.7931 59.4458
11.7936 59.415
11.7941 59.3855
11.7946 59.3514
11.7951 59.318
11.7956 59.2854
11.7961 59.2538
11.7966 59.224
11.797 59.1932
11.7976 59.16
11.798 59.1296
11.7985 59.1003
11.7989 59.0742
11.7994 59.0423
11.7998 59.0145
11.8084 58.4535
11.815 58.0292
11.8222 57.5595
11.8295 57.0885
11.8368 56.6148
11.8433 56.1904
11.8502 55.7464
11.8582 55.226
11.8652 54.7697
11.8722 54.3214
11.8777 53.964
11.8795 53.8502
11.8817 53.7079
11.8837 53.5753
11.8857 53.4466
11.8878 53.3137
11.8899 53.1798
11.8918 53.0546
11.9005 52.4887
11.907 52.069
11.9136 51.6458
11.9207 51.1859
11.9265 50.8087
11.933 50.3858
11.9389 50.0077
11.9446 49.6372
11.9508 49.2327
11.9645 48.3449
11.9788 47.4173
11.9921 46.5484
12.0063 45.6255
12.0222 44.5956
12.0386 43.5243
12.0386 43.5215
12.0387 43.5187
12.0387 43.516
12.0388 43.5133
12.0388 43.5105
12.0388 43.5078
12.0389 43.5051
12.0389 43.5023
12.0548 42.4936
12.0908 40.2025
12.1006 39.9022
12.1123 39.5468
12.1231 39.217
12.1361 38.8211
12.1505 38.3825
12.1656 37.9237
12.1808 37.4598
12.1964 36.9846
12.2129 36.4812
12.2301 35.9565
12.2476 35.425
12.266 34.8642
12.2838 34.3214
12.2974 33.9062
12.3155 33.3575
12.339 32.6425
12.3487 32.3462
12.3577 32.0723
12.3662 31.8138
12.375 31.5455
12.3837 31.2801
12.3916 31.0378
12.4016 30.7343
12.4099 30.4822
12.418 30.2335
12.4251 30.0193
12.431 29.838
12.5805 25.6967
12.6094 24.8895
12.6419 23.9826
12.6747 23.0669
12.7004 22.3472
12.7272 21.5981
12.7579 20.742
12.7862 19.9496
12.8138 19.1803
12.9047 18.5903
13.0167 17.8637
13.1157 17.2214
13.1364 17.0874
13.1609 16.9281
13.1876 16.7555
13.2103 16.6078
13.2324 16.4649
13.2563 16.3096
13.2789 16.1629
13.5519 14.392
13.6004 14.3926
13.6601 14.3934
13.7188 14.3942
13.7602 14.3948
15.1559 14.4136
16.4631 14.4313
21.389 14.4979
28.0555 14.5878
29.9771 14.6138
31.8068 14.6385
33.5221 14.6617
33.8716 14.6664
34.2967 14.6722
34.3862 15.4513
34.4719 16.197
34.5673 17.0266
34.6623 17.8538
34.8319 19.33
34.9472 20.3337
35.0256 21.0157
35.0433 21.1699
35.0634 21.3447
35.0819 21.5061
35.1031 21.6906
35.1243 21.8748
35.1428 22.0364
32.4665 24.2385
31.9323 24.6779
31.863 24.7349
31.7985 24.788
31.7326 24.8422
31.6579 24.9037
31.5785 24.969
31.5009 25.0329
31.414 25.1043
31.3347 25.1695
31.2559 25.2344
31.1768 25.2995
28.2935 31.6299
28.2935 31.6299
28.2935 31.6299
28.2935 31.6299
28.2935 31.6299
28.2935 31.6299
28.2935 31.6299
28.2935 31.6299
28.2935 31.6299
28.2935 31.6299
28.2935 31.6299
28.2935 31.6299
28.2935 31.6299
28.1447 32.5536
27.9759 33.6021
27.6438 35.6641
27.4829 36.6632
27.3572 37.4433
27.202 38.4075
27.0738 39.2031
26.9532 39.9517
26.8064 40.8637
27.1753 40.821
27.5572 40.7768
27.9269 40.734
28.2737 40.6939
28.683 40.6465
29.1034 40.5979
29.5333 40.5482
30.0004 40.4941
30.4384 40.4434
30.993 40.3793
31.5625 40.3134
32.33 40.2246
32.7364 40.1776
33.2298 40.1205
33.6189 40.0755
34.0497 40.0256
34.4984 39.9737
34.9557 39.9208
35.4362 39.8652
35.9146 39.8098
37.3081 39.6486
39.1325 39.4375
39.2291 39.4264
39.3291 39.4148
39.4319 39.4029
39.4199 39.8779
39.3894 41.0809
39.3582 42.313
39.3265 43.5648
39.3075 44.3162
39.2989 44.6529
39.287 45.1257
39.2858 45.1722
39.2845 45.2235
39.2797 45.4098
39.2752 45.589
39.2706 45.7695
39.2662 45.9419
39.2619 46.1085
39.2577 46.2766
39.2509 46.5408
39.245 46.7729
39.2392 47.002
39.2334 47.2297
39.2271 47.4757
39.2214 47.702
38.6763 47.8918
38.2008 48.0574
37.6946 48.2337
36.6015 48.6143
35.5629 48.976
34.7264 49.2673
33.904 49.5537
33.086 49.8386
32.3272 50.1028
29.609 51.0492
25.7718 52.385
25.7718 52.385
25.7718 52.385
25.7718 52.385
25.7718 52.385
25.7718 52.385
25.7718 52.385
25.7718 52.385
25.7718 52.385
25.7718 52.385
25.7718 52.385
25.7718 52.385
25.7718 52.385
25.5454 52.6858
25.3136 52.9937
25.0744 53.3116
25.1843 53.3894
25.2733 53.4524
25.3792 53.5274
25.4818 53.6
25.5849 53.673
25.6835 53.7428
25.7852 53.8148
25.8802 53.8821
25.9887 53.9589
26.0905 54.0309
26.1883 54.1002
26.3 54.1793
26.3991 54.2495
26.4953 54.3175
26.6002 54.3918
26.7 54.4624
26.7965 54.5307
27.435 54.9828
27.9885 55.3746
28.5366 55.7626
29.0715 56.1414
29.7183 56.5993
30.318 57.0239
31.1082 57.5832
31.7868 58.0637
32.9321 58.8745
34.2946 59.8391
36.3376 61.2854
37.5967 62.1769
37.4261 62.364
37.2778 62.5266
37.128 62.6909
36.94 62.8971
36.7317 63.1255
36.5257 63.3515
36.3287 63.5675
36.1045 63.8134
35.8947 64.0434
35.6907 64.2672
35.4686 64.5107
35.3761 64.5404
35.2818 64.5706
35.1866 64.6012
35.0838 64.6342
34.9936 64.6631
34.9036 64.692
34.8039 64.7239
34.7015 64.7568
34.6088 64.7865
34.503 64.8205
34.4081 64.8509
34.3188 64.8795
34.0031 66.0321
33.7856 66.8267
33.5525 67.6781
33.3558 68.3965
33.151 69.1444
33.1133 69.2819
33.0695 69.4419
33.0279 69.5941
32.9781 69.776
32.9212 69.984
32.8697 70.172
32.5832 71.2186
32.2062 72.5957
32.1038 72.9698
32.0091 73.3157
31.9076 73.6866
31.7927 74.1062
31.6698 74.555
31.3433 75.7476
31.3315 75.791
31.32 75.8327
31.3058 75.8846
31.2917 75.9364
31.2769 75.9905
31.2634 76.0396
31.2499 76.0889
31.2499 76.0889
31.2499 76.0889
31.2499 76.0889
31.2699 76.6225
31.2919 77.2073
31.308 77.6359
31.3226 78.0265
31.3378 78.4319
31.3536 78.8526
31.3736 79.3852
31.3925 79.8901
31.409 80.3306
31.4265 80.7953
31.4436 81.2532
31.4603 81.6974
31.5072 82.9466
33.5593 81.9935
36.6609 80.5531
36.6609 80.5531
36.6609 80.5531
36.6609 80.5531
36.6609 80.5531
36.6609 80.5531
36.6609 80.5531
36.6609 80.5531
36.9414 80.5296
39.0856 80.3501
41.6181 80.1382
42.0657 78.6248
42.5161 77.1017
42.6083 76.79
42.6982 76.4861
42.7971 76.1515
42.8921 75.8304
42.9826 75.5243
43.0749 75.2122
43.1682 74.8967
43.2668 74.5632
43.3594 74.2502
43.4393 73.9801
43.5326 73.6646
43.6277 73.3428
43.7152 73.0469
43.8152 72.7088
43.8863 72.4684
43.9273 72.3299
43.9698 72.1863
44.0139 72.0372
44.053 71.9049
44.0931 71.7693
47.4222 71.8244
47.5127 71.8259
47.6005 71.8274
47.6899 71.8288
47.7818 71.8304
47.8796 71.832
47.959 71.8333
48.0462 71.8348
48.133 71.8362
48.2087 71.8374
48.2939 71.8389
48.379 71.8403
48.379 71.8403
48.379 71.8403
48.379 71.8403
48.379 71.8403
48.8715 71.7986
50.241 70.7931
51.1164 70.1503
52.0603 69.4573
53.0915 68.7002
54.1704 67.9081
55.1841 67.1638
56.0655 66.5166
56.64 66.0948
57.1381 65.7291
57.5226 65.4468
57.901 65.1689
58.3325 64.8522
58.7002 64.5821
59.1264 64.2692
59.5627 63.9489
60.0459 63.5941
60.5276 63.2405
60.9895 62.9013
61.3189 62.146
61.5562 61.6021
61.827 60.9812
62.4546 59.5422
63.1534 57.9402
63.9782 56.049
64.8238 54.1103
64.3822 54.8702
63.9362 55.6374
63.4159 56.5328
62.8803 57.4542
62.3804 58.3144
61.8297 59.2618
61.0739 60.5623
60.7274 60.7199
60.4251 60.8575
60.0725 61.0179
59.7425 61.1681
59.3892 61.3288
59.0221 61.4958
58.6736 61.6543
58.3259 61.8125
58.3259 61.8125
58.3259 61.8125
58.3259 61.8125
58.3259 61.8125
58.3259 61.8125
58.3259 61.8125
58.3259 61.8125
58.3259 61.8125
57.8484 61.2114
57.3554 60.5909
55.4069 58.1378
53.6524 53.4828
53.5969 53.3357
53.5387 53.1811
53.4825 53.032
53.428 52.8875
53.3356 52.6424
53.2467 52.4066
53.1503 52.1506
53.0605 51.9125
52.9646 51.6581
52.8696 51.406
52.9779 50.7737
53.0796 50.18
53.1806 49.5903
53.2834 48.99
53.3846 48.3996
53.5335 47.5298
53.6598 46.7929
53.7998 45.9753
53.9364 45.1776
54.0526 44.4992
54.0526 44.4992
54.0526 44.4992
54.0526 44.4992
53.9914 44.1871
53.883 43.6349
53.7778 43.0985
53.6737 42.5679
53.5678 42.0284
53.4585 41.4713
53.3136 40.7331
53.1534 39.9169
53.0827 39.5562
52.991 39.0889
52.9162 38.7079
52.8285 38.2609
52.7697 37.961
52.7075 37.6442
52.6344 37.2716
52.5552 36.8682
52.4712 36.4399
51.9191 36.4539
51.3261 36.469
51.1637 36.4731
50.9728 36.478
51.2266 36.0639
51.4515 35.697
51.6672 35.3452
51.8802 34.9978
52.0847 34.6642
52.0847 34.6642
52.0847 34.6642
52.0847 34.6642
52.0847 34.6642
52.0847 34.6642
52.0847 34.6642
52.0847 34.6642
52.0847 34.6642
52.0847 34.6642
52.0847 34.6642
52.0847 34.6642
53.9481 32.2271
56.8539 28.4267
64.5695 18.3369
64.6218 18.2685
64.6783 18.1946
64.7339 18.1219
64.7877 18.0516
64.8458 17.9755
64.9034 17.9002
64.9537 17.8344
65.006 17.766
65.0602 17.6951
65.1138 17.625
66.7413 15.4963
