0,24,103,721,176,295,777,504,581,250,598,323,681,358,43,314,675,821,6,27,873,819,959,831,355,828,55,117,844,458,63,377,594,906,875,978,186,848,945,716,217,930,289,785,555,66,751,781,934,19,209,164,257,865,634,935,467,452,197,790,155,512,49,180,619,876,566,917,834,356,989,853,421,529,191,38,388,748,147,194,210,522,471,276,692,778,342,623,843,862,69,492,870,577,281,293,286,842,485,767,188,262,161,576,264,732,410,597,621,472,498,798,35,101,216,625,964,923,468,290,987,832,654,440,810,538,907,668,340,847,68,201,102,152,208,671,460,579,744,904,369,415,297,317,509,229,18,931,567,887,378,940,156,754,618,746,259,294,395,315,632,769,857,513,126,582,140,826,280,782,9,921,91,715,432,855,112,800,968,109,484,596,84,793,617,791,282,94,986,80,802,459,175,765,54,523,453,291,89,370,237,676,743,922,461,562,134,558,235,171,804,779,971,266,137,697,225,910,404,957,658,454,552,99,789,16,537,526,132,846,501,599,965,587,730,226,443,571,390,872,365,574,635,726,879,275,119,640,788,267,329,391,729,397,496,57,154,222,303,655,705,797,475,936,148,142,908,422,196,764,771,758,403,956,972,949,698,688,59,545,174,938,535,913,565,981,327,929,633,493,756,901,735,601,302,525,903,720,645,308,127,359,21,56,809,451,233,30,349,269,507,839,104,733,912,382,79,510,533,783,706,679,603,413,324,891,687,278,151,869,414,663,11,438,723,78,121,32,664,37,125,508,543,480,7,811,702,254,476,486,902,829,228,612,366,307,915,354,474,643,661,246,626,787,824,602,883,221,641,439,899,669,379,261,586,704,64,284,419,363,351,310,26,160,822,709,653,337,111,518,573,8,287,407,211,646,61,812,455,412,741,187,348,722,629,682,674,881,488,588,514,4,794,898,362,86,74,283,299,572,87,65,402,673,258,205,985,836,331,943,963,909,268,133,549,805,373,858,423,330,328,384,312,710,46,212,863,700,652,505,770,990,499,341,958,116,10,589,100,123,749,47,616,463,841,534,542,691,352,218,925,279,182,708,336,128,731,157,527,214,489,772,677,34,113,897,376,234,277,503,162,338,77,799,347,760,924,966,192,122,784,131,411,657,849,346,531,381,734,747,272,703,166,970,524,445,3,130,114,939,371,728,14,717,607,686,500,431,757,326,333,487,600,888,739,701,220,927,886,946,81,321,398,255,400,556,97,495,90,482,427,457,948,401,630,955,667,825,169,780,240,502,429,665,680,860,796,224,517,719,298,694,207,639,31,374,219,17,301,892,803,830,991,203,364,718,446,178,426,615,905,792,557,153,263,75,890,300,433,554,759,479,184,399,551,950,608,361,944,200,933,585,982,827,969,444,568,360,693,138,304,547,386,247,462,988,380,316,953,199,678,637,868,736,436,106,39,447,914,546,570,405,213,750,15,711,973,236,325,95,435,167,244,93,578,916,48,339,442,628,695,13,490,108,699,227,815,560,550,249,168,1,469,885,88,120,2,918,76,808,73,859,41,368,96,20,441,672,28,306,651,150,44,521,753,183,593,761,871,631,491,776,611,36,707,50,92,115,833,712,714,253,696,610,409,456,786,430,768,58,141,424,428,418,172,60,954,231,288,638,72,470,146,296,292,683,163,144,755,223,270,976,241,350,252,724,894,604,878,689,215,662,614,895,124,591,540,806,437,248,189,563,861,245,416,649,795,877,773,659,22,960,448,613,974,53,874,541,752,375,814,548,206,309,256,561,139,271,449,919,181,239,539,738,559,230,392,807,840,265,569,193,713,766,575,335,82,532,947,319,961,305,344,5,129,165,105,911,856,434,882,313,516,511,774,564,642,406,12,394,23,866,636,816,40,62,851,408,530,367,690,118,980,343,202,584,177,896,763,624,389,320,952,880,536,179,801,145,620,817,185,666,984,52,544,845,937,992,622,285,477,494,42,273,318,149,481,464,737,353,251,864,158,580,854,813,322,685,648,983,135,820,928,893,25,473,159,889,660,204,450,311,372,775,823,417,742,740,725,727,867,71,51,83,465,110,67,478,332,385,852,837,818,647,515,900,975,393,962,595,238,605,762,650,173,528,383,884,506,170,932,684,838,497,592,195,977,136,107,926,466,274,850,835,420,387,198,242,951,425,334,656,967,45,396,583,143,29,920,609,606,553,670,745,357,232,942,644,70,190,85,519,941,590,520,33,98,243,345,979,260,483,627,
value : 563.883 running time : 46.369263
80 20
72.7153 17.2051
67.5444 15.2207
67.0938 16.1035
66.3935 17.4754
65.5082 19.2095
64.7323 20.7295
63.7719 22.6108
62.5386 25.0267
59.5214 30.9354
59.5214 30.9354
59.0762 35.1275
59.0762 35.1275
59.0762 35.1275
59.0762 35.1275
59.0762 35.1275
59.0762 35.1275
59.0762 35.1275
59.0762 35.1275
59.0762 35.1275
59.0762 35.1275
59.0762 35.1275
59.0065 35.2493
58.5718 36.01
57.9946 37.0201
57.4203 38.0251
56.8097 39.0938
55.3785 41.5996
55.2194 41.6775
55.0744 41.7485
54.9259 41.8212
54.7906 41.8874
54.6449 41.9588
54.491 42.0341
54.3456 42.1053
54.2027 42.1753
54.046 42.252
53.2908 41.6152
52.6026 41.0349
51.8354 40.388
51.0806 39.7517
50.1749 38.9879
49.2026 38.1679
49.2026 38.1679
49.2026 38.1679
49.2026 38.1679
49.2026 38.1679
49.2026 38.1679
46.6981 36.2441
46.6981 36.2441
46.6981 36.2441
46.6981 36.2441
46.6981 36.2441
46.6981 36.2441
46.6981 36.2441
46.1455 36.7446
45.5972 37.2412
45.0087 37.7743
44.4649 38.2669
43.9131 38.7666
43.3635 39.2644
42.8393 39.7393
42.3533 40.1795
42.1545 40.3596
41.9684 40.5283
41.8377 40.6468
41.7227 40.751
41.6079 40.8551
41.4957 40.9568
41.3238 41.1127
41.1525 41.2679
40.9871 41.4178
40.8195 41.5698
40.6316 41.74
40.4549 41.9002
40.2604 42.0765
40.0814 42.2387
40.6239 42.7664
41.5407 43.6581
42.4135 44.5069
43.2345 45.3053
43.9448 45.9961
44.6776 46.7089
44.8574 46.8838
45.0341 47.0556
45.2672 47.2823
45.9239 47.921
46.5731 48.5523
47.0228 48.9897
47.4513 49.4064
48.1987 50.1334
49.0133 50.9256
49.8213 51.7114
51.0736 52.9293
52.0214 53.8511
53.1379 54.937
53.9334 55.7106
54.6826 56.4393
54.6826 56.4393
54.6826 56.4393
54.2355 56.9484
53.7865 57.4595
53.3451 57.9622
52.8913 58.4789
52.8913 58.4789
52.8913 58.4789
52.8913 58.4789
52.8913 58.4789
52.8913 58.4789
52.8913 58.4789
53.4295 58.8521
53.9895 59.2405
54.5748 59.6463
55.1472 60.0433
55.7718 60.4765
56.4258 60.93
57.0793 61.3833
57.7416 61.8426
59.4015 62.9948
60.9474 64.0679
61.5772 64.5047
62.1752 64.9194
62.3748 65.0577
62.5558 65.1831
62.7406 65.3112
62.9389 65.4487
63.1435 65.5904
63.3519 65.7349
63.5618 65.8804
63.7687 66.0238
63.9758 66.1673
64.1882 66.3145
64.0779 66.4587
63.8676 66.7339
63.6404 67.0311
63.4342 67.3009
63.272 67.5131
63.1204 67.7113
61.4641 69.88
59.907 71.9187
58.1502 74.2192
57.0476 75.6626
56.5767 76.2787
56.1073 76.893
55.6512 77.4898
55.1287 78.1735
54.5993 78.8663
53.9257 79.7479
53.1716 80.7348
52.6578 81.2898
52.1443 81.8445
51.4048 82.6431
50.6572 83.4506
50.6186 83.3233
50.5801 83.1964
50.5377 83.0568
50.4447 82.7503
50.3483 82.4327
50.2647 82.1573
50.027 81.3741
49.8234 80.7031
49.6434 80.1102
49.4769 79.5613
49.3194 79.0423
49.1727 78.5589
49.0194 78.0536
48.8736 77.5732
48.7106 77.036
48.5429 76.4834
48.358 75.8741
48.1685 75.2498
47.9684 74.5903
47.7597 73.9026
47.548 73.2051
47.3934 72.6956
47.2226 72.1329
47.0639 71.61
46.894 71.0502
46.6247 70.1629
46.3734 69.3348
46.0941 68.4146
45.8044 67.4603
45.5537 66.6343
45.3039 65.8115
45.291 65.8085
45.2777 65.8054
45.2643 65.8023
45.2507 65.7991
45.2364 65.7958
45.2217 65.7924
45.2084 65.7893
44.5333 65.6323
43.834 65.4696
43.1414 65.3085
42.4194 65.1406
41.6557 64.963
40.9165 64.7911
40.2384 64.6333
39.525 64.4674
39.525 64.4674
39.525 64.4674
39.525 64.4674
39.525 64.4674
39.525 64.4674
39.525 64.4674
37.9991 69.726
37.6499 69.6796
37.2842 69.631
36.8801 69.5774
36.123 69.4771
35.319 69.3706
34.4246 69.2522
33.1893 69.0888
31.8928 68.9172
30.6234 68.7491
29.3985 68.5869
29.3985 68.5869
29.3336 68.5385
29.2652 68.4876
29.1919 68.433
29.1292 68.3862
29.0635 68.3373
28.9914 68.2835
28.9275 68.2359
28.8658 68.19
28.8048 68.1445
28.7363 68.0934
28.6644 68.0399
28.5935 67.987
28.5313 67.9407
28.4722 67.8966
28.4093 67.8497
28.3499 67.8055
28.2916 67.762
28.2375 67.7217
28.1808 67.6794
28.0283 67.5658
27.8924 67.4646
27.7557 67.3627
27.6267 67.2666
27.0999 66.8741
26.4032 66.3549
25.6123 65.7656
24.7389 65.1148
20.1403 61.6876
20.0914 61.3948
20.0389 61.0807
19.9083 60.3002
19.7777 59.5189
19.6234 58.5964
19.4437 57.5221
19.2263 56.2227
19.0518 55.1793
18.8279 53.8412
18.8279 53.8412
18.8279 53.8412
19.0158 53.8053
19.2281 53.7647
19.4707 53.7183
20.9 53.4452
21.0196 53.5116
21.1275 53.5714
21.2399 53.6338
21.3457 53.6925
21.4904 53.7728
21.6593 53.8665
21.8217 53.9566
21.9788 54.0439
22.1309 54.1283
22.2953 54.2195
22.4564 54.3089
22.6311 54.4058
22.8142 54.5074
22.9963 54.6085
23.1672 54.7033
23.3599 54.8103
23.5883 54.937
23.8351 55.074
24.0547 55.1958
24.2587 55.3091
24.4538 55.4174
24.6899 55.5484
24.9337 55.6837
25.198 55.8304
25.4403 55.9648
26.7216 56.6759
28.3871 57.6002
28.4705 57.6155
28.5425 57.6286
28.6224 57.6432
28.6939 57.6562
28.7657 57.6693
28.8373 57.6824
28.9117 57.6959
28.9919 57.7106
29.0703 57.7249
29.1535 57.7401
29.2367 57.7552
29.3232 57.771
29.4073 57.7864
29.4882 57.8012
29.5513 57.8127
29.6161 57.8245
29.6809 57.8363
29.6376 57.557
29.5943 57.2785
29.552 57.0057
29.5122 56.7488
29.4709 56.4826
29.4253 56.1894
29.3831 55.9172
29.3405 55.6422
29.2972 55.3638
29.2482 55.0476
29.1968 54.7167
29.1422 54.3651
29.0848 53.995
29.0247 53.6081
28.9643 53.2189
28.6006 50.8808
28.3729 49.4161
28.2025 48.3196
28.1059 47.6976
27.9989 47.0093
27.8921 46.3212
27.7622 45.485
27.5406 44.0604
27.3327 42.7232
27.3293 42.701
27.3257 42.6782
27.3227 42.6587
27.3196 42.6385
27.3163 42.6174
27.313 42.5963
27.3096 42.5741
27.306 42.5513
27.3023 42.5277
27.3023 42.5277
27.3023 42.5277
27.3023 42.5277
27.3023 42.5277
27.3023 42.5276
27.3023 42.5276
27.3023 42.5276
25.7498 39.5415
23.6538 35.5106
21.1791 30.7521
20.7666 29.9583
19.4314 31.7968
19.4225 31.8091
19.4135 31.8214
19.4021 31.8372
19.391 31.8525
20.6071 28.9807
22.8757 23.6231
23.3259 23.5026
23.746 23.3902
24.1626 23.2787
24.5771 23.1678
25.0175 23.0499
25.4521 22.9336
25.9443 22.8018
26.425 22.6732
26.8821 22.5508
27.3263 22.432
27.7732 22.3123
28.2527 22.184
28.6816 22.0692
29.123 21.9511
29.8948 21.7444
30.7419 21.5175
32.2556 21.1118
33.9524 20.6612
35.6298 20.2158
37.3217 19.7664
37.371 19.7518
37.421 19.7369
37.4753 19.7208
39.1231 19.2304
38.9171 18.9783
38.7437 18.7662
38.6107 18.6035
38.4773 18.4401
38.3413 18.2737
38.1023 17.9813
37.8647 17.6906
37.6366 17.4114
37.3833 17.1014
37.1195 16.7786
36.8357 16.4313
33.1067 16.1786
28.6686 15.878
28.0716 15.8373
26.228 15.7121
19.5367 15.26
14.2708 14.9034
13.3939 14.8438
13.0181 14.8182
12.9189 15.2784
12.8523 15.5876
12.7864 15.8937
12.7225 16.19
12.7225 16.19
12.7225 16.19
12.7162 16.3501
12.7093 16.5258
12.7026 16.6941
12.6962 16.8563
12.6892 17.0333
12.547 20.5848
12.3702 24.9946
12.3356 25.8639
12.3033 26.6749
12.2729 27.441
12.2729 27.441
12.3523 27.8086
12.4175 28.1101
12.4864 28.4292
12.5445 28.6978
12.6062 28.9836
12.6701 29.2791
12.7302 29.5571
12.7836 29.8041
12.8414 30.0717
12.9017 30.3508
12.9736 30.6833
13.0306 30.9473
13.0865 31.2056
13.1419 31.4622
13.2105 31.7796
13.2764 32.0845
14.5418 37.9615
14.5418 37.9615
14.5418 37.9615
14.5418 37.9615
12.5225 40.4582
12.5225 40.4582
12.5225 40.4582
12.3448 40.0927
12.1714 39.7362
11.9985 39.3807
11.9516 39.2842
11.9033 39.1849
11.8504 39.0761
11.8199 39.7071
11.7907 40.3107
11.7627 40.8904
11.7349 41.4656
11.7048 42.0881
11.6767 42.6695
11.6534 43.1521
11.6296 43.6434
11.605 44.1517
11.5559 45.1675
11.5123 46.07
11.4463 47.4354
11.429 47.7952
11.4037 48.3181
11.3915 48.5693
11.3803 48.8025
11.3675 49.0668
11.3547 49.3303
11.3431 49.5719
11.3299 49.8437
11.3169 50.113
11.3036 50.3874
11.2899 50.6724
11.2759 50.9613
11.2633 51.2224
11.2502 51.4924
11.2376 51.7528
11.2266 51.9809
11.2153 52.2142
11.2035 52.458
11.1924 52.6884
11.1819 52.9058
11.1659 53.2359
11.1417 53.737
11.102 54.5593
11.0623 55.3797
11.0233 56.1866
10.9748 57.1901
10.9312 58.0906
10.8872 59.0011
10.4425 62.6767
10.4425 62.6767
10.4425 62.6767
10.4425 62.6767
10.4425 62.6767
10.4425 62.6767
10.4425 62.6767
10.4425 62.6767
10.4425 62.6767
10.4424 62.6767
10.4424 62.6767
10.4424 62.6767
10.4424 62.6767
10.1327 62.6156
9.82309 62.5544
9.51919 62.4944
9.51919 62.4944
9.51919 62.4944
9.51919 62.4944
9.51919 62.4944
9.51919 62.4944
9.93352 63.6227
9.97027 63.7227
10.0121 63.8367
10.0515 63.9438
10.0905 64.05
10.132 64.163
10.1701 64.2666
10.2086 64.3716
10.4008 64.8947
10.5844 65.3946
10.7615 65.8768
10.9293 66.3335
11.1015 66.8023
11.2699 67.2606
11.4424 67.7303
11.745 68.5542
12.1329 69.6106
12.3225 70.1267
12.5339 70.7023
12.7952 71.4137
13.1234 72.3075
13.518 73.3821
13.9116 74.4539
14.2291 75.3184
14.1827 75.3274
14.1383 75.336
14.0902 75.3453
14.0438 75.3542
13.995 75.3636
13.9418 75.3739
13.8925 75.3835
13.8427 75.3931
13.7929 75.4027
13.4346 75.4721
13.0455 75.5474
12.62 75.6297
12.1893 75.7131
11.7558 75.797
11.3049 75.8843
11.2375 76.0483
11.1702 76.2118
11.1069 76.3656
11.0371 76.5354
10.979 76.6767
10.9283 76.7999
10.8719 76.9371
10.8111 77.0846
10.7536 77.2244
10.6885 77.3827
10.6885 77.3827
10.6885 77.3827
10.6885 77.3827
10.6885 77.3827
10.6885 77.3827
10.6885 77.3827
10.6885 77.3827
10.6885 77.3827
10.6885 77.3827
10.6885 77.3827
10.6885 77.3827
10.6885 77.3827
10.6885 77.3827
10.6885 77.3827
10.6885 77.3827
10.7322 77.5121
10.7671 77.6155
10.8041 77.7253
10.8468 77.852
10.9145 78.0526
10.9856 78.2636
11.0511 78.4578
11.1174 78.6543
11.7691 80.583
11.7691 80.583
11.7691 80.583
11.7691 80.583
11.7691 80.583
11.7691 80.583
11.7691 80.583
11.7691 80.583
11.7691 80.583
11.7691 80.583
11.7691 80.583
11.7691 80.583
11.7691 80.583
11.7691 80.583
11.7691 80.583
11.7691 80.583
11.7691 80.583
11.7691 80.583
11.7691 80.583
11.7691 80.583
11.7691 80.583
11.7757 80.5842
11.7822 80.5853
11.789 80.5866
11.797 80.588
11.8034 80.5891
11.8091 80.5901
11.8153 80.5912
11.8216 80.5923
11.6745 81.4961
11.512 82.4948
11.2517 84.0924
10.9751 85.7901
10.8802 86.3734
10.8043 86.8403
10.7597 87.1144
10.7144 87.3932
10.6814 87.5959
10.6489 87.7962
10.6143 88.0088
10.5817 88.2097
10.5468 88.4241
10.5117 88.6399
10.4782 88.8458
10.4455 89.047
10.411 89.2596
10.377 89.4689
10.3417 89.6857
10.3081 89.8925
10.3122 89.892
10.3166 89.8915
10.3206 89.891
10.3249 89.8904
10.329 89.8899
10.3334 89.8894
10.3377 89.8889
10.3423 89.8883
10.347 89.8877
10.3512 89.8872
10.3556 89.8866
10.3604 89.886
10.3651 89.8855
10.37 89.8849
10.3747 89.8843
10.3794 89.8837
10.3843 89.8831
10.7821 89.8337
11.1699 89.7856
11.4714 89.7482
11.7936 89.7083
12.1036 89.6698
12.4153 89.6312
12.7351 89.5915
13.0579 89.5514
18.1201 88.9238
18.1266 88.923
18.1332 88.9222
18.1404 88.9213
18.1463 88.9206
18.1526 88.9198
18.1593 88.919
18.1656 88.9182
18.172 88.9174
18.1801 88.9164
18.1875 88.9155
18.1953 88.9145
18.2017 88.9137
18.453 88.8825
18.705 88.8513
18.9786 88.8173
19.2615 88.7822
19.5354 88.7482
19.7974 88.7157
20.0663 88.6823
20.3385 88.6485
20.7621 88.596
21.1883 88.5431
21.6336 88.4878
22.0578 88.4352
22.4947 88.381
22.7426 88.3502
22.9842 88.3202
23.2165 88.2914
23.4222 88.2659
23.6255 88.2406
23.8305 88.2152
24.0235 88.1912
24.218 88.1671
24.4077 88.1436
24.4179 88.1423
24.4289 88.1409
24.4393 88.1396
24.4495 88.1384
24.4596 88.1371
24.4704 88.1358
24.4802 88.1346
24.4904 88.1333
24.5003 88.1321
24.5108 88.1308
24.5218 88.1294
24.5328 88.1281
24.5434 88.1268
24.5545 88.1254
24.565 88.1241
24.5755 88.1228
24.6764 88.1103
24.6941 88.1081
24.7119 88.1059
24.7119 88.1059
24.7119 88.1059
24.7119 88.1059
24.7119 88.1059
24.7119 88.1059
24.7119 88.1059
24.7869 88.0455
24.8548 87.9908
24.9228 87.9359
24.991 87.881
25.0613 87.8243
25.136 87.7641
25.2083 87.7059
25.2882 87.6415
25.5827 87.404
25.8841 87.1608
26.1782 86.9235
26.4734 86.6854
26.765 86.4502
27.0578 86.214
27.3153 86.0063
27.5625 85.8069
27.8053 85.6111
28.0404 85.4215
28.2796 85.2286
28.5188 85.0357
29.6908 83.9731
31.1891 82.6145
33.4547 80.5598
35.7721 78.4579
38.132 76.3175
38.1616 76.4754
38.1957 76.6571
38.2306 76.8433
38.2626 77.0145
38.2944 77.1842
38.3266 77.3557
38.3609 77.5389
38.3904 77.6964
38.4212 77.8607
38.4521 78.0254
38.4837 78.194
38.5161 78.3671
38.5504 78.55
38.5891 78.7563
38.6288 78.9683
38.6648 79.1606
38.7027 79.363
38.7404 79.5639
38.7759 79.7535
38.8117 79.9442
38.9387 80.6223
39.0795 81.374
39.2222 82.1358
39.3498 82.8166
39.4863 83.5453
39.6313 84.3193
39.8229 85.3428
40.0909 86.7739
40.0784 87.2369
40.0662 87.6837
40.0524 88.195
40.0393 88.6759
40.0271 89.126
40.0132 89.6382
39.9968 90.2464
39.981 90.8272
40.1462 90.8166
40.3096 90.8061
40.4801 90.7952
40.6541 90.784
40.8283 90.7729
40.995 90.7622
41.1352 90.7532
41.2962 90.7429
41.448 90.7331
41.5896 90.724
41.7435 90.7142
41.891 90.7047
42.0367 90.6954
42.1949 90.6852
42.3427 90.6757
42.5053 90.6653
42.6853 90.6538
42.8522 90.6431
43.057 90.6299
43.2623 90.6168
43.4481 90.6049
43.6317 90.5931
43.8335 90.5801
44.0157 90.5685
44.2126 90.5558
44.4264 90.5421
44.6409 90.5284
44.8753 90.5133
45.5371 90.4709
46.2768 90.4234
47.0527 90.3737
47.8176 90.3246
48.9664 90.2509
48.9986 90.2489
49.0257 90.2471
49.055 90.2452
49.0869 90.2432
49.1157 90.2413
49.145 90.2395
49.1755 90.2375
49.207 90.2355
49.2351 90.2337
49.2648 90.2318
49.2989 90.2296
49.3344 90.2273
49.3725 90.2249
49.4031 90.2229
49.4306 90.2211
49.4586 90.2194
49.4867 90.2175
49.5136 90.2158
49.5416 90.214
49.5692 90.2123
49.595 90.2106
49.6252 90.2087
49.6547 90.2068
49.6838 90.2049
49.7103 90.2032
49.9035 90.1908
50.0781 90.1796
50.281 90.1666
50.4891 90.1533
50.6626 90.1421
50.8321 90.1313
51.0054 90.1202
51.1724 90.1095
51.3474 90.0982
51.5382 90.086
51.7223 90.0742
51.8969 90.063
52.0633 90.0523
52.2252 90.0419
52.4153 90.0298
52.5907 90.0185
52.7635 90.0074
52.9074 89.9982
53.0524 89.9889
53.2271 89.9777
53.3939 89.967
54.0748 89.9234
54.837 89.8745
55.5982 89.8257
56.3814 89.7755
57.3844 89.7112
58.7599 89.623
59.914 89.5491
60.7419 89.496
61.3689 89.4558
61.9565 89.4181
62.5958 89.3771
62.9787 89.3526
63.3988 89.3257
63.8067 89.2995
64.1992 89.2743
64.5796 89.25
64.9186 89.2282
65.2804 89.205
65.6412 89.1819
65.9799 89.1602
66.3553 89.1361
66.5876 89.1212
66.8403 89.105
67.1112 89.0877
67.3679 89.0712
67.6164 89.0553
67.8528 89.0401
68.1047 89.024
69.3648 88.9432
70.5297 88.8685
71.7806 88.7883
72.8723 88.7183
74.0547 88.6425
75.5749 88.5451
77.3525 88.4311
79.6688 88.2826
81.2185 88.1832
81.2185 88.1832
81.2185 88.1832
81.2185 88.1832
81.2313 88.1821
81.244 88.1811
82.1556 87.2435
83.5187 85.8413
84.0299 85.3157
84.5459 84.7852
85.1137 84.2014
85.6863 83.6125
85.8449 83.4496
85.9989 83.2914
85.9989 83.2914
85.9989 83.2914
78.7532 81.6362
75.5126 80.8963
75.4084 80.6778
75.3115 80.4747
75.207 80.2557
75.101 80.0337
74.1551 78.0517
73.6835 77.0635
73.3654 76.3968
73.0325 75.6992
72.7206 75.0456
72.3951 74.3634
71.7951 73.1061
71.3425 72.1576
70.9997 71.4392
70.8826 71.1937
70.7401 70.895
70.594 70.589
70.4609 70.3098
70.3195 70.0136
70.1221 69.5999
69.9813 69.3047
69.935 69.2078
69.8845 69.1019
69.8302 68.9881
69.7805 68.884
69.7255 68.7688
69.6742 68.6612
69.6256 68.5593
69.5771 68.4577
70.8568 67.5638
72.1313 66.6736
76.2168 63.8193
78.0409 62.1129
80.2512 60.0449
81.0282 59.3182
81.7298 58.6621
82.257 58.1691
82.7766 57.6833
83.3013 57.1927
83.816 56.7114
82.1194 54.5094
81.7139 53.9831
81.4038 53.5805
81.034 53.1007
80.6545 52.6081
78.9954 50.4547
78.9463 50.3909
78.9008 50.3319
78.8588 50.2773
78.8138 50.2189
74.5693 49.6128
74.5693 49.6128
74.5693 49.6128
74.5693 49.6128
74.5693 49.6128
73.7982 49.4651
72.9851 49.3093
71.6148 49.0466
70.1124 48.7586
68.3876 48.4277
68.2736 48.4059
68.1597 48.3842
68.0358 48.3605
67.9213 48.3386
67.8022 48.3158
67.6583 48.2883
67.5054 48.2591
67.3668 48.2326
67.2237 48.2053
67.0813 48.178
66.8891 48.1413
66.7122 48.1075
66.5313 48.0729
66.3433 48.0369
66.166 48.003
65.992 47.9698
65.8113 47.9352
65.6667 47.9076
65.8591 47.6611
77.2559 33.04
79.1673 30.5894
81.2208 27.9565
83.6312 24.8659
85.5936 19.1779
85.7926 18.6013
85.9885 18.0337
86.1577 17.5434
86.1722 17.5013
85.3204 17.8462
