0,260,627,345,979,243,483,33,590,98,45,274,835,745,520,592,609,670,466,29,232,323,425,941,117,926,553,102,850,884,242,951,920,387,195,967,107,497,506,170,932,684,136,977,838,198,478,579,340,904,767,238,727,595,417,83,465,837,975,900,290,393,383,528,110,867,152,201,332,385,654,25,685,204,311,660,450,740,372,725,889,473,928,742,135,158,820,983,893,494,666,322,71,648,285,864,318,580,477,854,567,823,544,845,149,52,145,962,159,775,937,481,818,813,273,251,353,921,378,202,620,317,984,42,992,952,817,18,622,395,856,754,690,511,911,584,179,896,118,774,980,851,408,305,344,464,185,335,62,40,297,737,826,313,801,530,802,861,887,23,541,961,624,816,618,746,156,434,389,12,177,713,763,320,319,947,406,516,636,294,5,416,343,532,129,882,215,367,659,807,280,564,562,561,649,536,245,642,415,814,707,437,375,206,392,172,449,193,20,394,808,448,877,960,271,265,613,105,548,874,974,309,72,139,53,766,840,256,241,292,569,559,165,866,22,752,181,786,738,578,608,288,249,833,672,885,773,638,92,441,28,631,470,2,230,918,696,714,150,146,795,73,167,761,456,409,768,120,859,306,753,933,491,871,651,44,611,521,593,430,610,50,253,96,36,806,428,141,333,16,604,99,244,124,726,490,296,76,41,757,954,60,223,168,697,226,886,526,537,730,635,946,502,398,443,113,551,796,487,903,970,338,574,411,220,132,500,429,326,119,266,376,277,272,764,97,196,424,368,916,776,447,360,108,227,469,48,247,184,418,58,183,695,17,712,988,300,628,88,815,115,199,495,405,213,557,953,401,803,236,200,13,973,15,868,138,380,106,1,914,39,462,750,435,442,637,444,982,693,969,568,426,95,153,169,719,792,678,736,585,711,827,316,699,364,446,718,301,905,304,615,955,547,75,759,263,93,374,554,436,178,433,570,830,546,203,890,892,240,386,400,321,639,346,457,550,399,479,431,90,701,503,361,325,825,31,162,556,944,860,131,81,14,950,728,667,207,482,991,298,224,560,524,717,339,607,703,879,657,255,780,799,925,680,897,114,552,517,381,371,445,686,665,734,708,677,939,966,694,849,427,747,192,948,219,303,336,373,739,601,77,720,451,630,760,347,784,157,214,489,527,234,531,166,3,589,47,116,797,100,218,542,936,565,805,652,182,352,770,463,341,909,691,222,154,749,122,863,496,57,174,123,384,698,616,312,731,534,212,128,898,985,990,228,700,330,499,328,958,86,794,673,943,836,455,87,133,74,299,514,4,283,268,46,362,348,643,702,187,588,211,674,741,710,412,61,812,646,488,254,8,881,629,722,572,402,682,331,258,963,121,602,439,824,354,915,307,64,246,829,366,474,661,899,902,641,822,351,379,704,337,518,310,363,407,26,284,669,653,626,709,287,883,111,934,573,529,191,261,419,257,209,467,781,844,421,586,27,276,342,848,19,197,452,480,935,69,862,414,49,679,706,790,811,7,692,549,38,787,278,687,302,221,869,486,388,748,160,151,356,853,989,566,834,917,664,949,476,663,32,78,148,10,205,37,655,612,423,65,125,11,758,841,505,771,525,269,543,89,438,508,397,688,908,858,279,956,723,422,475,640,267,705,324,846,965,34,729,510,981,972,876,391,142,403,59,783,913,922,545,461,603,535,413,619,155,512,522,147,210,180,623,519,923,597,127,472,621,576,281,843,778,577,793,978,237,282,459,410,291,471,264,732,912,929,194,349,308,735,54,390,957,891,645,30,382,104,839,137,733,804,370,493,924,927,788,938,233,79,772,130,633,599,365,587,501,404,175,715,163,910,56,888,329,507,901,809,756,275,540,662,614,971,789,327,454,600,591,571,872,976,171,596,359,21,683,724,878,689,658,144,248,350,270,252,189,225,82,231,539,919,755,239,453,523,80,563,676,779,235,558,894,743,229,582,880,484,94,315,940,855,126,140,895,208,259,987,460,9,575,509,617,109,468,84,632,800,847,986,931,35,671,857,744,51,668,605,216,369,112,832,769,782,765,513,533,791,432,91,134,161,625,440,485,907,498,101,798,968,647,583,762,964,810,286,173,656,67,852,334,70,515,68,650,190,942,420,538,293,945,870,634,262,716,188,594,377,875,186,930,217,492,63,396,85,314,842,43,675,357,143,644,355,906,606,828,6,55,873,250,821,865,66,751,358,289,555,785,458,164,681,504,176,295,959,831,819,598,24,721,777,581,103,
value : 635.056 running time : 61.841532
80 20
86.2684 17.5916
86.2684 17.5916
86.2684 17.5916
86.2684 17.5916
86.2684 17.5916
86.2684 17.5916
85.4323 37.9751
85.4323 37.9751
85.4323 37.9751
75.7581 37.0287
75.7581 37.0287
75.7581 37.0287
75.7581 37.0287
75.7581 37.0287
75.7581 37.0287
75.7581 37.0287
75.7581 37.0287
75.7581 37.0287
75.7581 37.0287
75.7581 37.0287
75.7581 37.0287
73.7683 49.1212
73.7683 49.1212
73.7683 49.1212
73.7683 49.1212
73.7683 49.1212
73.7683 49.1212
73.7683 49.1212
84.8792 51.4605
84.8792 51.4605
84.8792 51.4605
84.8792 51.4605
84.8792 51.4605
84.8792 51.4605
84.8792 51.4605
84.8792 51.4605
84.2848 54.227
84.2848 54.227
84.2848 54.227
84.2848 54.227
84.2848 54.227
84.2848 54.227
84.2848 54.227
84.2848 54.227
84.2848 54.227
72.555 64.6613
72.555 64.6613
72.555 64.6613
72.555 64.6613
72.555 64.6613
72.555 64.6613
72.555 64.6613
72.555 64.6613
69.8359 71.8601
69.8359 71.8601
71.8013 73.2659
71.8013 73.2659
71.8013 73.2659
71.8013 73.2659
71.8013 73.2659
71.8013 73.2659
71.8013 73.2659
71.8013 73.2659
71.8013 73.2659
71.8013 73.2659
71.8013 73.2659
71.8013 73.2659
71.8013 73.2659
71.8013 73.2659
71.8013 73.2659
85.0061 83.5016
85.0061 83.5016
85.0061 83.5016
85.0061 83.5016
85.0061 83.5016
85.6993 83.1278
85.6993 83.1278
86.0053 83.4398
86.0053 83.4398
86.0053 83.4398
86.0053 83.4398
83.5114 87.3757
83.5114 87.3757
80.1443 88.0089
80.1443 88.0089
80.1443 88.0089
80.1443 88.0089
80.1443 88.0089
78.8139 87.9391
78.8139 87.9391
78.8139 87.9391
74.1763 87.7711
74.1763 87.7711
74.1763 87.7711
74.1763 87.7711
72.8658 89.0338
72.8658 89.0338
72.8658 89.0338
72.8658 89.0338
72.8658 89.0338
72.8658 89.0338
72.8658 89.0338
72.8658 89.0338
72.8658 89.0338
72.8658 89.0338
72.8658 89.0338
68.8122 82.2934
68.8122 82.2934
68.8122 82.2934
68.8122 82.2934
68.8122 82.2934
68.8122 82.2934
68.8122 82.2934
68.8122 82.2934
64.317 87.5084
64.317 87.5084
59.6696 83.2506
59.6696 83.2506
59.6696 83.2506
60.609 87.8
60.609 87.8
60.609 87.8
60.609 87.8
60.609 87.8
60.609 87.8
60.609 87.8
60.609 87.8
60.609 87.8
60.609 87.8
60.609 87.8
60.0445 89.4241
60.0445 89.4241
58.2923 88.8107
58.2923 88.8107
58.2923 88.8107
58.2923 88.8107
58.2923 88.8107
58.2923 88.8107
58.2923 88.8107
58.2923 88.8107
58.2923 88.8107
58.2923 88.8107
56.6852 88.1425
56.6852 88.1425
56.6852 88.1425
56.6852 88.1425
56.6852 88.1425
56.6852 88.1425
56.6852 88.1425
56.6852 88.1425
56.6852 88.1425
56.6852 88.1425
56.6852 88.1425
56.6852 88.1425
53.7493 86.5212
53.7493 86.5212
53.7493 86.5212
53.7493 86.5212
53.9617 88.5791
53.9617 88.5791
53.9617 88.5791
53.9617 88.5791
53.9617 88.5791
53.9617 88.5791
53.9617 88.5791
53.9617 88.5791
53.9617 88.5791
52.7618 88.3353
52.7618 88.3353
52.7618 88.3353
52.7618 88.3353
52.7618 88.3353
52.7618 88.3353
51.3013 87.4251
51.3013 87.4251
51.3013 87.4251
51.3013 87.4251
51.3013 87.4251
51.3013 87.4251
48.3819 88.503
48.3819 88.503
48.3819 88.503
48.3819 88.503
48.3819 88.503
48.3819 88.503
48.3819 88.503
48.3819 88.503
48.3819 88.503
43.8365 86.545
43.8365 86.545
43.8365 86.545
43.8365 86.545
43.8365 86.545
43.8365 86.545
43.8365 86.545
43.8365 86.545
43.8365 86.545
43.8365 86.545
43.8365 86.545
43.8365 86.545
43.8365 86.545
43.8365 86.545
41.0417 90.0095
41.0417 90.0095
41.0417 90.0095
41.0417 90.0095
41.0417 90.0095
38.302 92.159
38.302 92.159
38.302 92.159
38.302 92.159
38.302 92.159
38.302 92.159
38.302 92.159
38.302 92.159
38.302 92.159
38.302 92.159
38.302 92.159
38.302 92.159
38.302 92.159
38.302 92.159
38.302 92.159
38.302 92.159
38.302 92.159
38.302 92.159
38.302 92.159
38.302 92.159
38.302 92.159
38.302 92.159
38.302 92.159
38.302 92.159
38.302 92.159
38.302 92.159
38.302 92.159
38.302 92.159
38.302 92.159
38.302 92.159
38.302 92.159
27.826 90.0152
27.826 90.0152
27.826 90.0152
27.826 90.0152
27.826 90.0152
27.826 90.0152
27.826 90.0152
27.826 90.0152
27.826 90.0152
27.826 90.0152
27.826 90.0152
27.826 90.0152
27.826 90.0152
27.826 90.0152
27.826 90.0152
27.826 90.0152
27.826 90.0152
27.826 90.0152
27.826 90.0152
27.826 90.0152
27.826 90.0152
27.826 90.0152
27.826 90.0152
27.826 90.0152
27.826 90.0152
27.826 90.0152
27.826 90.0152
27.826 90.0152
27.826 90.0152
27.826 90.0152
27.826 90.0152
27.826 90.0152
27.826 90.0152
27.826 90.0152
27.826 90.0152
27.826 90.0152
27.826 90.0152
27.826 90.0152
27.826 90.0152
27.826 90.0152
27.826 90.0152
27.826 90.0152
27.826 90.0152
27.826 90.0152
27.826 90.0152
27.826 90.0152
27.826 90.0152
27.826 90.0152
27.826 90.0152
28.2469 79.9476
28.2469 79.9476
28.2469 79.9476
28.2469 79.9476
28.2469 79.9476
28.2469 79.9476
28.2469 79.9476
28.2469 79.9476
28.2469 79.9476
28.2469 79.9476
28.2469 79.9476
28.2469 79.9476
28.2469 79.9476
28.2469 79.9476
28.2469 79.9476
28.2469 79.9476
28.2469 79.9476
28.2469 79.9476
28.2469 79.9476
28.2469 79.9476
28.2469 79.9476
28.2469 79.9476
28.2469 79.9476
28.2469 79.9476
20.1466 73.5474
20.1466 73.5474
20.1466 73.5474
20.1466 73.5474
20.1466 73.5474
20.1466 73.5474
20.1466 73.5474
20.1466 73.5474
20.1466 73.5474
20.1466 73.5474
20.1466 73.5474
20.1466 73.5474
20.1466 73.5474
20.1466 73.5474
20.1466 73.5474
20.1466 73.5474
20.1466 73.5474
20.1466 73.5474
20.1466 73.5474
17.1025 68.4349
17.1025 68.4349
17.1025 68.4349
17.1025 68.4349
17.1025 68.4349
17.1025 68.4349
19.3278 80.5387
19.3278 80.5387
19.3278 80.5387
15.659 86.2138
15.659 86.2138
15.659 86.2138
15.659 86.2138
15.2554 87.4009
15.2554 87.4009
15.2554 87.4009
15.2554 87.4009
15.2554 87.4009
15.2554 87.4009
15.2554 87.4009
15.2554 87.4009
15.2554 87.4009
15.2554 87.4009
15.2554 87.4009
10.7107 90.3321
10.7107 90.3321
10.7107 90.3321
10.7107 90.3321
10.7107 90.3321
10.7107 90.3321
10.7107 90.3321
10.7107 90.3321
10.7107 90.3321
10.7107 90.3321
10.7107 90.3321
10.7107 90.3321
10.7107 90.3321
10.7107 90.3321
10.7107 90.3321
10.7107 90.3321
10.7107 90.3321
10.7107 90.3321
10.7107 90.3321
10.7107 90.3321
10.7107 90.3321
10.7107 90.3321
10.7107 90.3321
10.7107 90.3321
10.7107 90.3321
10.7107 90.3321
10.7107 90.3321
10.7107 90.3321
10.7107 90.3321
10.7107 90.3321
10.7107 90.3321
10.7107 90.3321
10.7107 90.3321
10.7107 90.3321
10.7107 90.3321
10.7107 90.3321
10.7107 90.3321
10.7107 90.3321
10.7107 90.3321
10.7107 90.3321
10.7107 90.3321
10.7107 90.3321
10.7107 90.3321
10.7107 90.3321
10.7107 90.3321
10.7107 90.3321
10.7107 90.3321
10.7107 90.3321
10.7107 90.3321
10.7107 90.3321
10.7107 90.3321
10.7107 90.3321
10.7107 90.3321
10.7107 90.3321
10.7107 90.3321
10.7107 90.3321
10.3524 87.9902
10.3524 87.9902
10.3524 87.9902
10.3524 87.9902
10.3524 87.9902
10.3524 87.9902
10.3524 87.9902
9.94179 87.5588
9.94179 87.5588
9.94179 87.5588
9.94179 87.5588
9.94179 87.5588
9.94179 87.5588
9.94179 87.5588
9.94179 87.5588
9.94179 87.5588
9.94179 87.5588
9.94179 87.5588
9.94179 87.5588
9.80833 83.288
9.80833 83.288
9.80833 83.288
9.80833 83.288
9.80833 83.288
10.9767 79.7986
10.9767 79.7986
10.9767 79.7986
10.9767 79.7986
10.9767 79.7986
10.9767 79.7986
10.9767 79.7986
10.9767 79.7986
10.9767 79.7986
10.9767 79.7986
10.9767 79.7986
10.9767 79.7986
10.9767 79.7986
10.9767 79.7986
10.9767 79.7986
8.73192 73.9857
8.73192 73.9857
8.73192 73.9857
9.6242 73.0413
9.6242 73.0413
9.6242 73.0413
9.6242 73.0413
9.6242 73.0413
9.6242 73.0413
9.6242 73.0413
9.6242 73.0413
9.6242 73.0413
9.6242 73.0413
9.6242 73.0413
9.6242 73.0413
9.6242 73.0413
9.6242 73.0413
9.6242 73.0413
9.6242 73.0413
9.6242 73.0413
9.6242 73.0413
9.6242 73.0413
11.9644 67.6264
11.9644 67.6264
11.9644 67.6264
11.9644 67.6264
10.7154 66.0129
10.7154 66.0129
10.7154 66.0129
10.7154 66.0129
10.7154 66.0129
10.7154 66.0129
10.7154 66.0129
10.7154 66.0129
10.3242 62.671
10.3242 62.671
10.3242 62.671
10.3242 62.671
10.3242 62.671
10.5822 60.9021
10.5822 60.9021
10.5822 60.9021
10.5822 60.9021
10.5822 60.9021
10.5822 60.9021
10.5822 60.9021
10.5822 60.9021
11.9102 60.4515
11.9102 60.4515
11.9102 60.4515
11.9102 60.4515
15.5439 58.9168
15.5439 58.9168
15.5439 58.9168
15.5439 58.9168
9.28808 56.327
9.28808 56.327
9.28808 56.327
9.28808 56.327
9.28808 56.327
9.28808 56.327
9.28808 56.327
9.28808 56.327
9.28808 56.327
9.28808 56.327
9.28808 56.327
9.28808 56.327
9.28808 56.327
11.1341 53.979
11.1341 53.979
11.1341 53.979
11.1341 53.979
11.1341 53.979
11.1341 53.979
11.1341 53.979
11.1341 53.979
11.1341 53.979
11.1341 53.979
11.1341 53.979
11.1341 53.979
11.1341 53.979
11.1341 53.979
11.1341 53.979
11.1341 53.979
11.1341 53.979
11.1341 53.979
11.1341 53.979
12.3701 51.8264
12.3701 51.8264
12.3701 51.8264
12.3701 51.8264
12.3701 51.8264
11.4898 46.5059
11.4898 46.5059
11.4898 46.5059
11.4898 46.5059
11.4898 46.5059
11.4898 46.5059
11.4898 46.5059
11.4898 46.5059
8.69848 32.9394
8.69848 32.9394
8.69848 32.9394
8.69848 32.9394
8.69848 32.9394
8.69848 32.9394
8.69848 32.9394
8.69848 32.9394
8.69848 32.9394
8.69848 32.9394
8.69848 32.9394
8.69848 32.9394
8.69848 32.9394
8.69848 32.9394
9.40778 28.8066
9.40778 28.8066
9.40778 28.8066
9.40778 28.8066
9.40778 28.8066
9.40778 28.8066
9.40778 28.8066
9.40778 28.8066
9.40778 28.8066
9.40778 28.8066
9.40778 28.8066
14.2491 24.6432
14.2491 24.6432
14.2491 24.6432
11.8836 18.3924
11.8836 18.3924
11.8836 18.3924
11.8836 18.3924
11.8836 18.3924
11.8836 18.3924
11.8836 18.3924
11.8836 18.3924
11.4383 15.8244
11.4383 15.8244
11.4383 15.8244
11.4383 15.8244
11.4383 15.8244
11.4383 15.8244
11.4383 15.8244
11.4383 15.8244
11.4383 15.8244
11.4383 15.8244
11.4383 15.8244
11.4383 15.8244
11.4383 15.8244
11.4383 15.8244
22.8469 23.7833
22.8469 23.7833
22.8469 23.7833
22.8469 23.7833
22.8469 23.7833
22.8469 23.7833
22.8469 23.7833
22.8469 23.7833
22.8469 23.7833
22.8469 23.7833
23.2979 23.2375
23.2979 23.2375
23.2979 23.2375
23.2979 23.2375
23.2979 23.2375
23.2979 23.2375
23.2979 23.2375
31.6461 16.7248
31.6461 16.7248
31.6461 16.7248
31.6461 16.7248
35.4571 15.5973
35.4571 15.5973
35.4571 15.5973
35.4571 15.5973
35.4571 15.5973
35.4571 15.5973
35.4571 15.5973
35.4571 15.5973
35.4571 15.5973
35.4571 15.5973
35.4571 15.5973
35.4571 15.5973
35.4571 15.5973
35.4571 15.5973
35.4571 15.5973
40.6089 27.2949
40.6089 27.2949
40.6089 27.2949
40.6089 27.2949
40.6089 27.2949
48.1979 32.7941
48.1979 32.7941
48.1979 32.7941
48.1979 32.7941
48.1979 32.7941
48.1979 32.7941
48.1979 32.7941
44.2515 37.6202
44.2515 37.6202
44.2515 37.6202
44.2515 37.6202
44.2515 37.6202
44.2515 37.6202
44.2515 37.6202
44.2515 37.6202
44.2515 37.6202
44.2515 37.6202
37.2164 38.0034
37.2164 38.0034
37.2164 38.0034
37.2164 38.0034
37.2164 38.0034
37.2164 38.0034
37.2164 38.0034
37.2164 38.0034
37.2164 38.0034
37.2164 38.0034
35.9254 38.041
35.9254 38.041
35.9254 38.041
35.9254 38.041
33.4798 37.5003
33.4798 37.5003
33.4798 37.5003
33.4798 37.5003
33.4798 37.5003
33.4798 37.5003
33.4798 37.5003
33.4798 37.5003
33.4798 37.5003
33.4798 37.5003
33.4798 37.5003
33.4798 37.5003
33.4798 37.5003
33.4798 37.5003
20.6864 38.2326
20.6864 38.2326
20.6864 38.2326
20.6864 38.2326
20.6864 38.2326
20.6864 38.2326
20.6864 38.2326
20.6864 38.2326
20.6864 38.2326
20.6864 38.2326
20.6864 38.2326
20.6864 38.2326
20.6864 38.2326
20.6864 38.2326
20.6864 38.2326
20.6864 38.2326
22.2954 47.3921
22.2954 47.3921
22.2954 47.3921
22.2954 47.3921
22.2954 47.3921
22.2954 47.3921
23.3847 47.2916
23.3847 47.2916
23.3847 47.2916
23.3847 47.2916
23.3847 47.2916
23.3847 47.2916
23.3847 47.2916
23.3847 47.2916
23.3847 47.2916
23.3847 47.2916
23.3847 47.2916
23.3847 47.2916
21.9339 49.908
21.9339 49.908
21.9339 49.908
21.9339 49.908
23.3134 56.2915
23.3134 56.2915
23.3134 56.2915
23.3134 56.2915
23.3134 56.2915
23.3134 56.2915
23.3134 56.2915
30.2666 47.2722
30.2666 47.2722
30.2666 47.2722
30.2666 47.2722
30.2666 47.2722
30.2666 47.2722
30.2666 47.2722
30.2666 47.2722
30.2666 47.2722
30.2666 47.2722
30.2666 47.2722
30.2666 47.2722
30.2666 47.2722
30.2666 47.2722
39.5247 48.7479
39.5247 48.7479
39.5247 48.7479
39.5247 48.7479
39.5247 48.7479
39.5247 48.7479
43.8559 49.1958
43.8559 49.1958
43.8559 49.1958
43.8559 49.1958
43.8559 49.1958
43.8559 49.1958
43.8559 49.1958
43.8559 49.1958
43.8559 49.1958
43.8559 49.1958
43.8559 49.1958
49.8924 51.2084
49.8924 51.2084
49.8924 51.2084
45.8698 53.8736
45.8698 53.8736
39.3323 58.4162
39.3323 58.4162
39.3323 58.4162
39.3323 58.4162
39.3323 58.4162
39.3323 58.4162
39.3323 58.4162
39.3323 58.4162
39.3323 58.4162
34.0726 60.7758
34.0726 60.7758
34.0726 60.7758
34.0726 60.7758
34.0726 60.7758
34.0726 60.7758
34.0726 60.7758
34.0726 60.7758
34.0726 60.7758
34.0726 60.7758
34.0726 60.7758
34.0726 60.7758
34.0726 60.7758
34.0726 60.7758
34.0726 60.7758
34.0726 60.7758
34.0726 60.7758
28.2555 59.4575
28.2555 59.4575
28.2555 59.4575
28.2555 59.4575
28.2555 59.4575
28.2555 59.4575
28.2555 59.4575
27.0936 62.8683
27.0936 62.8683
27.0936 62.8683
27.0936 62.8683
27.0936 62.8683
27.0936 62.8683
29.2984 65.0601
29.2984 65.0601
29.2984 65.0601
29.2984 65.0601
29.2984 65.0601
29.2984 65.0601
29.2984 65.0601
29.2984 65.0601
29.2984 65.0601
29.2984 65.0601
29.2984 65.0601
29.2984 65.0601
29.2984 65.0601
30.1722 69.9061
30.1722 69.9061
30.1722 69.9061
30.1722 69.9061
30.1722 69.9061
30.1722 69.9061
30.1722 69.9061
30.1722 69.9061
30.1722 69.9061
30.1722 69.9061
30.1722 69.9061
30.1722 69.9061
30.1722 69.9061
33.1046 72.1658
33.1046 72.1658
33.1046 72.1658
33.1046 72.1658
33.1046 72.1658
33.1046 72.1658
33.1046 72.1658
33.1046 72.1658
33.1046 72.1658
38.6371 76.7722
38.6371 76.7722
38.6371 76.7722
38.6371 76.7722
38.6371 76.7722
38.6371 76.7722
38.6371 76.7722
42.3341 81.9673
42.3341 81.9673
42.3341 81.9673
42.3341 81.9673
42.3341 81.9673
49.3071 74.341
49.3071 74.341
49.3071 74.341
49.3071 74.341
49.3071 74.341
49.3071 74.341
49.3071 74.341
49.3071 74.341
49.3071 74.341
49.3071 74.341
49.3071 74.341
49.3071 74.341
49.3071 74.341
49.3071 74.341
49.3071 74.341
52.5844 75.8557
52.5844 75.8557
52.5844 75.8557
52.5844 75.8557
52.5844 75.8557
52.5844 75.8557
52.5844 75.8557
52.5844 75.8557
52.5844 75.8557
52.5844 75.8557
52.5844 75.8557
52.5844 75.8557
52.5844 75.8557
52.5844 75.8557
52.5844 75.8557
52.5844 75.8557
56.8419 74.0392
56.8419 74.0392
56.8419 74.0392
56.8419 74.0392
56.8419 74.0392
56.8419 74.0392
59.1985 70.6229
59.1985 70.6229
59.1985 70.6229
59.1985 70.6229
59.1985 70.6229
59.1985 70.6229
59.1985 70.6229
59.1985 70.6229
59.1985 70.6229
59.1985 70.6229
59.1985 70.6229
59.1985 70.6229
51.646 68.7014
50.2536 64.7196
50.2536 64.7196
50.2529 63.1577
50.2529 63.1577
50.2529 63.1577
50.2529 63.1577
50.2529 63.1577
50.2529 63.1577
50.2529 63.1577
50.2529 63.1577
53.1496 62.9583
53.1496 62.9583
53.1496 62.9583
53.1496 62.9583
53.1496 62.9583
53.1496 62.9583
53.1496 62.9583
64.6711 58.3925
64.6711 58.3925
64.6711 58.3925
64.6711 58.3925
64.6711 58.3925
64.6711 58.3925
64.6711 58.3925
64.6711 58.3925
64.6711 58.3925
64.6711 58.3925
64.6711 58.3925
64.6711 58.3925
64.6711 58.3925
64.6711 58.3925
64.6711 58.3925
64.6711 58.3925
64.6711 58.3925
64.6711 58.3925
64.6711 58.3925
55.1625 48.4855
55.1625 48.4855
55.1625 48.4855
55.1625 48.4855
55.1625 48.4855
55.1625 48.4855
55.1625 48.4855
55.1625 48.4855
55.1625 48.4855
55.1625 48.4855
55.1625 48.4855
55.1625 48.4855
55.1625 48.4855
55.1625 48.4855
55.1625 48.4855
55.1625 48.4855
55.1625 48.4855
55.1625 48.4855
55.1625 48.4855
55.1625 48.4855
55.1625 48.4855
55.1625 48.4855
55.1625 48.4855
55.9553 42.2071
55.9553 42.2071
55.9553 42.2071
55.9553 42.2071
52.2372 37.7288
52.2372 37.7288
52.2372 37.7288
52.2372 37.7288
52.2372 37.7288
52.2372 37.7288
51.8192 34.6944
51.8192 34.6944
51.8192 34.6944
51.8192 34.6944
51.8192 34.6944
51.8192 34.6944
51.8192 34.6944
51.8192 34.6944
51.8192 34.6944
61.3938 20.5339
61.3938 20.5339
61.3938 20.5339
61.3938 20.5339
61.3938 20.5339
61.3938 20.5339
61.3938 20.5339
61.3938 20.5339
63.2657 16.0157
63.2657 16.0157
63.2657 16.0157
63.2657 16.0157
