0,721,24,504,959,819,598,176,295,581,777,103,831,555,634,55,751,781,27,45,785,828,675,606,314,164,323,644,821,377,342,262,492,155,472,458,355,935,930,865,43,197,844,217,681,906,716,875,419,873,6,209,358,289,69,978,19,250,594,923,452,522,848,480,356,421,7,461,512,843,687,790,945,63,276,66,862,870,257,732,30,706,798,577,85,597,396,804,186,188,282,485,281,519,793,623,478,208,498,968,907,468,440,515,625,238,293,101,743,161,621,84,791,986,35,286,810,964,668,762,112,650,647,605,67,340,460,109,744,563,895,280,632,800,91,847,369,530,248,861,826,802,582,642,857,229,94,320,179,887,245,335,395,801,18,880,140,940,671,832,259,9,575,509,769,921,513,315,987,782,432,163,410,453,683,124,21,193,596,614,523,855,561,225,226,134,724,350,471,291,171,144,976,676,235,558,894,216,459,484,765,910,56,617,715,779,264,576,210,404,175,540,501,599,237,839,912,788,901,735,59,601,493,891,756,922,545,981,267,913,390,127,370,645,382,104,137,688,510,876,729,533,640,89,54,929,809,846,365,438,147,957,603,403,664,49,269,475,451,79,956,233,391,633,324,507,771,938,422,37,32,142,908,655,388,121,194,748,413,566,543,302,586,508,529,414,783,486,397,180,619,989,692,853,679,869,525,917,38,191,205,778,307,787,151,467,261,246,643,811,354,824,834,829,934,337,899,902,915,111,883,822,379,160,549,221,278,284,363,709,518,310,653,407,573,287,626,669,26,704,64,702,351,254,412,641,629,362,331,963,211,881,474,8,488,348,455,646,722,187,588,741,366,673,812,602,439,402,572,299,674,682,794,258,836,61,74,514,268,661,710,943,985,4,863,958,154,46,499,125,330,86,65,87,10,148,898,128,328,731,341,312,909,212,616,652,133,283,123,700,384,612,352,57,463,100,805,182,174,770,496,336,11,858,949,677,303,489,797,535,990,698,423,758,534,505,476,841,222,157,542,218,723,663,228,78,936,347,131,589,130,192,116,77,749,279,760,373,3,214,764,122,47,939,196,972,166,849,708,565,527,897,691,705,772,502,600,34,99,587,965,132,925,97,717,734,524,551,234,531,860,376,433,162,639,427,219,747,374,799,686,517,784,607,879,119,479,272,703,630,739,329,398,701,970,694,411,500,429,400,657,381,371,255,224,298,830,680,457,277,667,321,14,966,207,244,114,955,113,604,327,552,339,560,81,971,946,168,733,266,789,903,888,591,571,537,697,333,526,878,927,252,308,924,662,359,689,635,275,574,80,454,270,296,349,720,730,443,326,658,726,167,482,886,418,916,693,184,361,950,550,556,944,796,718,399,699,792,240,338,665,948,445,546,825,780,325,503,890,346,991,31,570,892,953,547,203,300,728,431,90,905,815,615,719,759,48,75,608,554,178,711,304,301,868,106,585,736,426,386,982,568,557,200,442,88,1,405,401,446,447,914,462,364,436,153,637,803,316,108,169,444,263,678,628,969,236,988,213,750,39,827,199,138,380,15,435,95,973,220,424,833,631,487,773,469,93,28,761,441,44,495,183,430,610,13,17,776,521,871,753,115,712,859,757,490,247,695,360,249,141,58,651,368,933,593,227,288,885,578,60,919,428,223,92,16,189,129,672,795,120,96,840,253,73,392,786,292,241,256,456,960,150,146,491,714,768,306,50,20,707,808,409,611,638,954,806,41,76,918,696,36,394,872,181,807,53,105,766,448,877,548,294,239,139,874,752,559,974,309,165,72,866,22,613,416,343,265,947,738,532,5,2,406,271,470,230,569,215,649,231,437,755,206,636,539,434,882,23,690,172,624,367,618,40,408,62,980,313,774,511,961,541,375,156,118,763,896,713,389,449,305,516,564,319,659,814,82,536,851,584,562,415,746,344,911,856,816,737,202,754,126,567,845,817,42,12,177,992,952,145,931,251,984,297,52,285,620,149,544,273,317,464,185,742,666,477,158,854,813,159,622,71,823,353,580,465,318,135,893,494,983,820,928,204,322,648,889,725,25,818,685,660,311,450,473,740,864,372,83,528,385,201,656,942,332,190,975,867,727,900,595,852,68,579,775,904,51,937,481,654,290,837,378,420,110,417,962,102,393,334,173,152,383,538,70,553,932,592,232,670,195,842,357,143,117,583,967,767,745,466,926,941,850,520,29,425,387,609,951,838,920,977,684,497,884,107,506,136,170,198,242,33,274,835,98,590,345,260,243,979,627,483,
value : 479.587 running time : 58.945529
80 20
75.9297 18.3586
73.7677 17.4864
72.1969 16.8527
70.8098 16.2931
70.215 16.053
69.8008 15.8859
69.3765 15.7146
68.9873 15.5576
68.59 15.3972
68.2044 15.2416
67.8502 15.0986
65.0996 21.5945
62.767 27.1049
62.1662 28.5246
61.9175 29.1124
61.6758 29.6836
61.4603 30.193
61.2481 30.6945
61.0456 31.1732
60.8578 31.6172
60.6817 32.0334
60.5062 32.4482
60.354 32.808
60.354 32.808
60.354 32.808
60.0201 33.6262
56.3513 36.6395
55.5027 37.1383
54.1408 37.9389
52.5647 38.8653
52.5647 38.8653
52.4528 38.673
52.3285 38.4594
52.2118 38.2588
52.0751 38.0238
51.9392 37.7901
51.7997 37.5503
51.6776 37.3405
51.5418 37.1071
51.4262 36.9083
51.2851 36.6658
51.1529 36.4386
51.0241 36.2173
50.8671 35.9474
50.7202 35.6949
50.5685 35.4342
50.4116 35.1644
50.1704 34.7498
50.0839 34.8769
49.9941 35.0088
49.7949 35.3016
49.6007 35.587
49.1859 36.1966
48.576 37.0931
48.1138 37.7725
47.6507 38.453
47.152 39.186
46.4954 40.1512
43.9459 43.8994
43.9163 43.9429
43.8845 43.9897
43.8562 44.0311
43.8272 44.0737
43.7974 44.1176
43.7691 44.1592
43.7367 44.2068
43.7045 44.2542
43.6756 44.2966
43.6469 44.3388
43.6176 44.3818
43.6278 44.5932
43.6393 44.8329
43.6496 45.0481
43.6602 45.2709
43.6706 45.4866
43.6814 45.7116
43.6922 45.9382
43.7037 46.1767
43.8523 49.2701
43.8721 49.6843
43.8721 49.6843
44.9449 51.2168
46.1369 52.9204
47.1009 54.2982
47.9087 55.4527
48.7046 56.5904
49.4235 57.618
50.1272 58.6239
50.8504 59.6576
51.5888 60.7132
52.3219 61.761
52.3252 61.7657
52.3286 61.7707
52.3323 61.7759
52.3359 61.781
54.279 64.5579
54.279 64.5579
54.279 64.5579
54.279 64.5579
54.279 64.558
54.279 64.558
54.279 64.558
54.279 64.558
54.279 64.558
54.279 64.558
54.279 64.558
54.279 64.558
54.279 64.558
54.279 64.558
54.279 64.558
54.487 64.8805
54.6991 65.2094
54.9087 65.5345
55.1412 65.8951
55.3672 66.2455
55.5939 66.5971
55.8232 66.9528
56.0542 67.3109
56.2859 67.6703
56.5145 68.0248
56.7528 68.3945
56.8482 68.8727
56.9557 69.4115
57.0616 69.9419
57.1722 70.4964
57.2858 71.066
57.388 71.578
57.497 72.1242
56.5799 72.9125
56.1596 73.2737
55.8125 73.5721
55.4873 73.8516
55.1648 74.1288
54.8372 74.4104
54.5258 74.6781
54.1788 74.9763
53.8367 75.2704
53.6189 75.4576
53.4188 75.6296
53.2215 75.7992
53.0379 75.957
52.8591 76.1107
52.66 76.2819
52.4909 76.4272
52.3154 76.5781
52.1175 76.7482
51.919 76.9188
51.919 76.9188
51.919 76.9188
51.919 76.9188
51.919 76.9188
51.919 76.9188
51.919 76.9188
51.919 76.9188
51.7524 76.8285
51.5892 76.74
51.4267 76.6518
51.2757 76.5699
51.1104 76.4803
50.9399 76.3878
50.7579 76.2891
50.5838 76.1946
50.3822 76.0853
49.9816 75.8681
49.5896 75.6555
49.194 75.441
48.8219 75.2391
48.4006 75.0107
47.5865 74.5692
46.6763 74.0756
45.2933 73.3257
44.2416 72.7554
43.3552 72.2747
42.2633 71.6826
41.2875 71.1535
41.2792 71.0806
41.2716 71.0134
41.2619 70.9283
41.2531 70.8512
41.243 70.7622
41.2336 70.6794
41.2252 70.6058
41.2144 70.5113
41.2042 70.4219
41.1931 70.3243
41.1824 70.2303
41.1714 70.1329
41.1595 70.0284
41.1595 70.0284
41.1595 70.0284
41.1595 70.0284
41.1595 70.0284
41.1595 70.0284
41.1595 70.0284
41.1595 70.0284
41.1595 70.0284
41.1595 70.0284
41.1595 70.0284
41.1595 70.0284
41.1595 70.0283
41.1595 70.0283
41.1595 70.0283
41.1595 70.0283
40.4092 68.6612
39.6319 67.2447
38.9052 65.9204
38.1861 64.61
37.4839 63.3303
37.4839 63.3303
37.4839 63.3303
37.4839 63.3303
36.5151 62.6583
35.715 62.1033
35.1345 61.7006
34.5826 61.3179
34.0498 60.9483
33.5017 60.5681
32.9748 60.2027
32.477 59.8573
32.0538 59.5638
31.674 59.3003
31.6468 59.1576
31.619 59.0111
31.5933 58.8758
31.5676 58.7407
31.5422 58.607
31.5182 58.4802
31.4935 58.3504
31.4671 58.2116
31.4455 58.0977
31.4204 57.9655
31.3975 57.8449
31.3756 57.7296
31.3517 57.6037
31.3276 57.4769
31.3024 57.3442
31.2745 57.1974
31.2494 57.0652
31.2237 56.9299
31.2016 56.8136
31.1774 56.6863
31.1529 56.5572
31.127 56.421
31.1034 56.2964
31.0776 56.1608
31.0527 56.0295
31.0284 55.902
30.9545 55.5126
30.6943 54.1437
30.6175 53.7393
30.5415 53.3389
30.4488 52.8513
30.3555 52.36
30.2771 51.9473
30.2701 51.9103
30.2625 51.8706
30.2548 51.8297
30.2477 51.7925
30.2026 51.5553
30.1531 51.2942
30.1019 51.0249
30.0435 50.7177
29.9891 50.431
29.9358 50.1506
29.8813 49.8634
29.7166 48.9969
29.7166 48.9969
29.7166 48.9969
30.0794 46.2589
30.3918 43.9009
30.4132 43.7389
30.507 43.0312
30.6368 42.0516
30.7676 41.0642
30.9083 40.0028
32.6039 39.7434
32.6039 39.7434
32.6039 39.7434
32.6039 39.7434
32.6039 39.7434
32.6039 39.7434
32.6039 39.7434
32.6039 39.7434
32.6039 39.7434
32.6039 39.7434
32.6039 39.7434
32.6039 39.7434
32.6039 39.7434
32.6039 39.7434
32.6024 39.6683
32.601 39.5916
32.5994 39.5127
32.5979 39.4348
32.5966 39.3651
32.5952 39.2935
32.594 39.2293
32.5925 39.1518
32.591 39.0748
32.5893 38.9892
32.5879 38.9149
32.5866 38.8452
32.4957 34.1965
32.471 32.9217
32.4498 31.8301
32.4202 30.3017
32.3918 28.8393
32.3678 27.5995
32.3528 26.826
32.3528 26.826
32.3528 26.826
32.3528 26.826
32.3528 26.826
32.3528 26.826
32.3788 26.5712
32.4038 26.3256
32.4253 26.1143
32.4459 25.9112
32.4634 25.7396
32.4818 25.559
32.4996 25.3835
32.5166 25.2167
32.5335 25.0503
32.5508 24.88
32.5687 24.7039
32.6755 23.6565
32.7992 22.4427
32.9881 20.5904
33.194 18.5715
33.3741 16.8054
33.6555 14.0476
33.5222 14.0547
33.3891 14.0618
32.8795 14.0889
32.3694 14.116
31.8387 14.1442
31.2588 14.1751
30.6917 14.2052
30.1468 14.2342
28.7937 14.3063
27.0665 14.3984
25.2396 14.4959
23.507 14.5882
19.9496 14.7784
16.3047 14.9734
15.6357 15.009
14.8418 15.0512
14.1647 15.0873
13.6016 15.1172
13.1557 15.1409
13.0988 15.144
13.0376 15.1472
12.9806 15.1502
12.9193 15.1535
12.8551 15.1569
12.7828 15.1607
12.71 15.1646
12.6459 15.168
12.581 15.1715
12.5182 15.1748
12.5182 15.1748
12.5182 15.1748
12.5182 15.1748
12.5182 15.1748
12.5182 15.1748
12.3 22.5916
12.3 22.5916
12.2993 22.5974
12.2986 22.6034
12.2979 22.6089
12.2973 22.6141
12.2966 22.6198
12.2958 22.6262
12.2951 22.6321
12.2944 22.6381
12.2937 22.6434
12.0528 24.6272
11.8671 26.1567
11.7639 27.0065
11.6614 27.8503
11.5379 28.867
11.4106 29.9151
11.2733 31.0463
11.1505 32.0572
10.9877 33.3974
10.874 34.3343
10.7713 35.1794
10.7449 35.3973
10.7184 35.6153
10.7184 35.6153
10.7184 35.6153
10.7184 35.6153
10.7184 35.6153
10.7184 35.6153
10.7184 35.6153
10.7184 35.6153
10.7184 35.6153
12.0896 40.2503
12.0896 40.2503
12.1063 40.2688
12.1224 40.2867
12.1368 40.3027
12.1524 40.32
12.1674 40.3366
12.1835 40.3544
12.199 40.3717
12.2127 40.3868
12.6219 40.841
13.0469 41.3126
13.4757 41.7884
13.908 42.2681
14.3876 42.8004
14.4651 42.9203
14.5366 43.0309
14.6076 43.1408
14.6811 43.2544
14.7496 43.3605
14.816 43.4632
14.8799 43.5621
14.9393 43.654
15.0091 43.7619
15.0782 43.8689
15.1353 43.9572
14.9452 44.4711
14.7724 44.9384
14.5788 45.4617
14.5192 45.6229
14.4685 45.7599
14.4177 45.8971
14.3654 46.0384
14.2581 46.3285
14.1376 46.6544
14.0283 46.9499
13.9056 47.2815
13.7866 47.6033
13.668 47.9237
13.5579 48.2215
13.4343 48.5556
13.3127 48.8842
13.1891 49.2184
13.1571 49.3048
13.1241 49.3941
13.0963 49.4693
12.9785 49.7877
12.8477 50.1413
12.7069 50.5218
11.8594 52.8128
10.9469 55.2793
10.9469 55.2793
10.9469 55.2793
10.9469 55.2793
10.9469 55.2793
10.9469 55.2793
11.2679 57.768
11.2808 57.8679
11.2967 57.9913
11.3132 58.1191
11.3279 58.2335
11.3461 58.374
11.3605 58.4858
11.3765 58.6099
11.3914 58.7253
11.4406 59.1072
11.5035 59.5948
11.5035 59.5948
11.5035 59.5948
11.5035 59.5948
11.5035 59.5948
11.7109 59.9235
11.9671 60.3296
12.2196 60.7299
12.6272 61.3762
12.9861 61.945
13.353 62.5267
13.6964 63.0711
14.0381 63.6128
14.3565 64.1175
14.5078 64.3574
14.6644 64.6056
14.7554 64.7497
14.8289 64.8662
14.5626 65.0748
14.2825 65.2942
14.2492 65.3768
14.2182 65.4536
14.1873 65.5302
14.1553 65.6096
14.1234 65.6886
14.1234 65.6886
14.1234 65.6886
13.4631 67.4855
13.1232 68.4107
12.7544 69.4145
12.7227 69.5008
12.6887 69.5935
12.658 69.6769
12.6277 69.7594
12.5965 69.8444
12.5593 69.9458
12.5293 70.0273
12.4981 70.1123
12.4671 70.1968
12.437 70.2788
12.4033 70.3705
12.3724 70.4547
12.3406 70.5412
12.3085 70.6288
12.2789 70.7094
12.2492 70.7903
12.2163 70.8799
12.1838 70.9682
12.151 71.0576
12.113 71.1611
12.075 71.2645
12.0399 71.3601
12.0018 71.4639
11.9689 71.5534
11.9306 71.6576
11.8931 71.7597
11.8554 71.8625
11.8176 71.9653
11.7822 72.0617
11.7473 72.1568
11.7098 72.259
11.6701 72.367
11.634 72.4652
11.599 72.5607
11.599 72.5607
11.599 72.5607
11.599 72.5607
11.599 72.5607
11.599 72.5607
11.599 72.5607
11.599 72.5607
11.8105 72.5696
13.077 72.6236
14.0856 72.6665
15.0804 72.7088
16.2817 72.76
17.4403 72.8094
17.9141 72.8294
18.3523 72.848
18.7798 72.8661
19.2103 72.8843
19.6735 72.9039
20.1563 72.9244
20.6103 72.9437
21.0663 72.963
21.5476 72.9834
21.9084 72.9987
22.269 73.0139
22.6299 73.0292
22.9673 73.0435
23.3145 73.0582
23.6268 73.0714
23.9245 73.084
24.2248 73.0967
24.5315 73.1097
24.8413 73.1228
25.1603 73.1363
25.4441 73.1483
25.7417 73.1609
26.0045 73.172
26.227 73.1814
26.4827 73.1922
26.7221 73.2023
26.9474 73.2118
27.1641 73.2209
27.3886 73.2304
27.6334 73.2407
27.8781 73.2511
27.3179 73.4448
26.7496 73.6412
26.1149 73.8607
25.4583 74.0877
24.7791 74.3226
23.9714 74.6019
23.1536 74.8847
22.3355 75.1677
21.5177 75.4505
20.7126 75.7289
19.9371 75.9971
18.875 76.3645
17.8656 76.7137
16.8596 77.0616
14.7282 77.7997
11.8092 78.8105
11.8092 78.8105
11.8092 78.8105
11.8092 78.8105
11.8092 78.8105
11.8091 78.8105
11.8091 78.8105
11.8091 78.8105
11.8091 78.8105
11.8091 78.8105
11.8091 78.8105
11.8091 78.8105
11.809 78.8105
11.809 78.8105
11.809 78.8105
11.809 78.8105
11.809 78.8105
11.7515 79.0681
11.6969 79.3127
11.6404 79.5662
11.5841 79.8186
11.5297 80.0623
11.4714 80.3234
11.4149 80.5766
11.3558 80.8419
11.2956 81.1117
11.2356 81.3806
11.1766 81.6448
11.1179 81.908
11.074 82.1049
11.033 82.2886
10.9908 82.4776
10.9527 82.6483
10.9135 82.8239
10.8696 83.0206
10.8271 83.2111
10.785 83.3997
10.7437 83.5846
10.7015 83.7737
10.6611 83.9549
10.6211 84.1339
10.5796 84.3198
10.5396 84.4993
10.4837 84.7499
10.4261 85.0079
10.3669 85.2734
10.3194 85.486
10.2728 85.6949
10.2256 85.9067
10.1999 86.0215
10.1758 86.1297
10.1552 86.2217
10.1342 86.3157
10.1121 86.4149
10.0901 86.5132
10.068 86.6122
10.0468 86.7072
10.0249 86.8056
10.0052 86.8938
9.9857 86.981
9.96143 87.0897
9.93783 87.1954
9.91655 87.2908
9.89505 87.3871
9.87305 87.4856
9.85157 87.5818
9.83058 87.6758
9.80979 87.769
9.78948 87.8599
9.76759 87.958
9.7461 88.0542
9.72485 88.1494
9.70402 88.2427
9.68234 88.3398
9.66093 88.4357
9.63915 88.5333
9.61652 88.6347
9.59424 88.7345
9.57344 88.8277
9.55048 88.9306
9.52844 89.0293
9.50547 89.1322
9.56635 89.1089
9.77589 89.0287
9.9942 88.9451
10.2166 88.8599
10.4508 88.7703
10.6843 88.6809
10.9178 88.5915
11.1837 88.4897
11.1855 88.4891
13.5308 87.5929
16.0554 86.6282
19.0126 85.4981
20.2275 86.254
21.4676 87.0256
22.7168 87.8027
22.7168 87.8027
22.7168 87.8027
22.7168 87.8027
22.7168 87.8027
22.7168 87.8027
22.7168 87.8027
22.7168 87.8027
22.7168 87.8027
22.7168 87.8027
22.7168 87.8027
22.7168 87.8027
22.7168 87.8027
22.7168 87.8027
22.7168 87.8027
22.7168 87.8027
22.7168 87.8027
22.7168 87.8027
22.7168 87.8027
22.7168 87.8027
22.7168 87.8027
22.7168 87.8027
22.7168 87.8027
22.7168 87.8027
22.7168 87.8027
22.7706 87.8127
22.8237 87.8226
22.8791 87.8329
22.9376 87.8437
22.9843 87.8524
23.0352 87.8618
23.0855 87.8712
23.1362 87.8806
23.1894 87.8904
23.2414 87.9001
23.8036 88.0044
24.3892 88.113
24.9664 88.22
25.5736 88.3326
26.1514 88.4398
26.661 88.5343
27.1557 88.626
27.633 88.7145
28.0694 88.7955
28.5629 88.887
28.8363 88.9377
29.0148 88.9709
29.2001 89.0052
29.3827 89.0391
29.568 89.0735
29.755 89.1082
29.7605 89.2191
29.7662 89.3325
29.7718 89.4456
29.7773 89.5565
29.7821 89.6528
29.7878 89.7674
29.7941 89.8934
29.801 90.032
29.807 90.152
29.8122 90.2571
29.8176 90.3656
29.8233 90.4802
29.8281 90.5769
29.9596 90.5579
30.1031 90.5372
30.2466 90.5165
30.4109 90.4927
30.5795 90.4684
30.7274 90.447
30.8709 90.4263
31.03 90.4033
31.198 90.3791
31.357 90.3561
31.5304 90.3311
31.6867 90.3085
31.8573 90.2839
32.0351 90.2582
32.205 90.2337
32.3881 90.2072
32.6024 90.1763
32.7875 90.1496
34.702 90.0695
36.3745 89.9995
37.6322 89.9469
38.8684 89.8951
39.0154 89.889
39.1603 89.8829
39.3093 89.8766
39.4605 89.8703
39.6208 89.8636
39.7607 89.8577
39.8921 89.8522
40.0396 89.8461
40.1754 89.8404
40.3277 89.834
40.4622 89.8284
40.6112 89.8221
40.7626 89.8158
40.9006 89.81
41.0559 89.8035
41.1921 89.7978
41.3377 89.7917
41.4999 89.7849
41.6622 89.7781
41.8055 89.7721
41.9757 89.765
42.1127 89.7592
42.2736 89.7525
42.4076 89.7469
42.5335 89.7416
42.7755 89.7315
42.9547 89.7239
43.183 89.7144
43.4422 89.7035
43.7165 89.692
43.9907 89.6806
44.2595 89.6693
44.5507 89.6571
44.9644 89.6398
45.4037 89.6214
45.8228 89.6038
46.2841 89.5845
46.6773 89.568
47.1184 89.5495
47.4415 89.536
47.7096 89.5248
47.8179 89.5202
47.9098 89.5164
48.0533 89.5104
48.1837 89.5049
48.3025 89.5
48.4188 89.4951
48.5288 89.4905
48.6459 89.4856
48.7626 89.4807
48.8722 89.4761
48.9794 89.4716
49.0852 89.4672
49.1905 89.4628
49.2962 89.4583
49.4011 89.4539
49.5138 89.4492
49.6297 89.4444
49.7283 89.4402
49.8403 89.4356
49.9416 89.4313
50.0459 89.4269
50.1572 89.4223
50.2795 89.4172
50.4027 89.412
50.5145 89.4073
50.6397 89.4021
50.7663 89.3968
50.8951 89.3914
51.0266 89.3859
51.1715 89.3798
51.3198 89.3736
51.4616 89.3677
51.5779 89.3628
52.1796 89.3376
52.7501 89.3137
53.4018 89.2864
54.0167 89.2606
54.557 89.238
55.0663 89.2166
55.5478 89.1964
56.0154 89.1768
56.464 89.158
56.9194 89.139
57.8792 89.0987
58.7266 89.0632
59.2993 89.0392
59.7966 89.0184
60.2487 88.9994
60.7635 88.9779
61.2608 88.957
61.732 88.9373
62.3648 88.9108
62.9129 88.8878
63.4799 88.864
63.9273 88.8453
64.4091 88.8251
64.8803 88.8054
65.3471 88.7858
65.7767 88.7678
66.2091 88.7497
66.61 88.7329
66.9925 88.7168
67.3876 88.7003
67.8302 88.6817
68.294 88.6623
68.9365 88.6354
69.4254 88.6149
69.8679 88.5963
70.3969 88.5742
70.9112 88.5526
71.4091 88.5317
71.9077 88.5108
72.3529 88.4922
72.851 88.4713
73.3658 88.4497
73.9384 88.4257
74.5396 88.4005
75.1616 88.3745
75.9001 88.3435
77.079 88.2941
78.0212 88.2547
78.9212 88.217
79.9284 88.1748
80.6231 88.1457
81.3892 88.1136
83.2129 86.1786
83.486 85.8888
83.7658 85.5921
84.0497 85.2909
84.3243 84.9997
84.6179 84.6882
84.8654 84.4256
85.2921 83.973
85.6888 83.5522
85.8339 83.3983
85.9664 83.2578
85.9728 83.251
85.98 83.2433
85.9874 83.2354
85.9966 83.2257
79.4569 77.1119
77.7009 75.47
75.2167 73.1474
72.6389 70.7374
70.5996 68.8306
70.0292 68.2973
69.9572 68.23
69.2504 67.5691
69.17 67.8625
69.0949 68.1367
69.0222 68.4019
68.9547 68.6484
68.8887 68.8892
68.8167 69.1521
68.7406 69.4297
68.6539 69.7463
68.5694 70.0546
68.5468 70.1373
68.5227 70.2252
68.4983 70.3141
68.4765 70.3937
68.4571 70.4644
68.4371 70.5374
68.4165 70.6128
68.3957 70.6887
68.3957 70.6887
68.3957 70.6887
68.3957 70.6887
68.9093 68.3826
69.507 65.6987
69.6764 64.9382
69.876 64.0423
70.0327 63.3386
70.2638 62.301
70.5279 61.115
70.8939 59.4718
71.3332 57.4994
71.6137 56.2398
71.8455 55.1991
72.048 54.2897
72.1562 53.8041
72.2289 53.4776
72.2949 53.1814
72.3545 52.9136
72.4178 52.6292
72.9018 52.4551
73.3976 52.2768
74.0757 52.0329
74.7679 51.7839
75.4237 51.5481
76.4451 51.1806
77.0002 50.981
77.5534 50.782
78.6107 50.4017
80.644 49.6701
85.1851 48.0352
85.1851 48.0352
85.1851 48.0352
85.1851 48.0352
85.1851 48.0352
85.6878 48.1776
86.1432 48.3066
86.591 48.4334
87.1233 48.5842
87.7178 48.7525
87.754 48.7582
87.7429 48.5253
87.7321 48.2991
87.7211 48.067
87.6973 47.5683
87.6738 47.0748
87.6455 46.4822
87.6092 45.7197
87.3455 40.1872
87.2538 38.2638
87.1402 35.882
86.9614 32.1294
86.822 29.2075
86.4821 22.0743
86.2684 17.5916
86.2684 17.5916
86.2684 17.5916
86.2684 17.5916
86.2684 17.5916
