0,176,721,598,103,295,581,504,777,24,377,819,6,45,555,821,785,828,419,355,43,323,959,978,66,716,358,458,209,217,681,55,27,865,257,930,634,197,781,19,421,831,853,250,751,873,844,289,917,848,862,594,164,945,357,293,314,472,262,843,623,875,492,342,155,356,452,276,63,870,69,906,161,281,498,101,186,471,597,519,793,625,923,577,35,188,432,986,216,282,779,910,404,235,621,175,264,617,791,676,459,84,894,396,286,85,798,654,962,290,152,51,605,847,656,478,941,595,538,395,907,238,393,340,68,440,173,647,867,650,964,515,67,208,810,668,727,975,900,465,775,83,937,837,818,816,42,947,369,980,18,415,320,659,940,762,744,801,636,229,861,12,259,575,671,248,335,179,931,509,378,460,832,880,904,513,855,987,802,468,562,968,109,453,315,582,782,632,112,800,769,857,126,91,921,9,280,895,406,319,743,134,523,563,215,292,94,724,484,540,826,252,144,755,614,294,189,41,789,16,394,241,437,591,350,976,454,99,635,360,244,697,443,550,872,168,720,291,576,124,226,689,730,552,89,410,359,171,604,225,662,104,533,809,601,501,599,965,571,733,327,390,596,308,349,715,957,878,683,80,971,574,137,645,756,558,54,365,929,127,180,461,732,210,603,876,765,912,891,788,267,493,21,30,804,163,382,566,512,846,49,688,324,729,922,302,233,237,56,903,640,79,897,475,619,147,370,839,735,507,78,901,59,510,545,698,758,422,908,34,797,989,480,778,269,37,397,633,354,915,829,824,543,706,529,549,486,121,700,687,151,664,438,508,748,525,535,413,388,7,38,822,307,65,811,655,11,869,612,834,205,602,64,702,284,787,626,883,337,679,692,467,191,379,522,783,414,790,935,194,278,586,934,26,310,643,363,653,709,287,407,160,261,573,518,474,111,704,351,669,246,439,629,362,674,682,211,812,61,187,588,412,710,8,254,661,902,488,366,722,348,881,646,836,958,283,133,86,673,943,258,514,899,963,572,455,331,794,402,4,898,741,299,268,74,384,46,125,423,949,221,641,32,10,863,222,403,985,87,723,909,157,330,499,57,352,936,849,116,312,328,128,731,212,505,531,691,391,182,142,858,938,770,123,148,771,373,228,565,451,913,663,616,476,990,174,463,279,542,534,652,956,154,341,303,705,166,981,218,527,708,589,496,805,841,100,784,749,677,489,47,972,122,371,336,3,77,214,799,347,524,81,970,734,925,376,445,275,272,277,703,665,517,966,346,991,400,556,657,924,132,374,113,398,739,411,329,130,764,114,694,747,500,526,939,479,192,381,131,97,234,879,338,772,760,196,266,503,927,946,339,361,220,600,429,560,780,551,726,950,630,680,587,717,162,207,860,607,570,686,219,830,546,203,639,482,825,554,298,224,178,892,240,255,14,728,427,119,457,948,667,433,502,537,487,888,757,223,399,321,469,699,495,17,701,890,886,658,955,326,615,90,736,426,386,153,447,568,444,557,969,436,31,39,914,1,405,792,106,300,199,169,719,693,815,48,424,431,325,759,547,301,796,916,585,637,263,905,462,446,953,944,628,868,316,75,678,803,401,988,304,108,213,718,827,982,750,711,138,380,442,95,247,973,933,58,15,435,364,776,236,88,13,200,638,578,608,184,490,93,249,695,786,859,333,418,761,610,753,521,115,491,306,651,253,44,768,631,36,50,92,833,712,696,430,227,773,808,141,806,428,120,76,885,167,611,919,296,470,20,441,593,456,714,183,288,409,28,368,871,146,73,60,960,954,649,96,270,82,129,874,548,265,974,150,231,256,918,448,22,707,72,172,738,2,807,840,877,40,5,763,541,866,561,774,952,516,814,532,206,305,389,752,343,53,181,105,309,165,239,713,569,416,642,795,230,672,392,530,539,375,613,564,559,449,746,271,766,139,408,62,887,624,911,754,23,313,344,961,851,367,193,690,618,536,140,245,118,185,584,882,156,511,896,177,434,737,202,317,856,984,52,494,297,285,417,992,742,481,622,813,353,251,620,149,823,544,817,477,567,464,273,159,845,145,71,158,864,580,318,854,820,928,983,135,893,666,660,204,311,473,25,725,322,685,648,889,450,372,506,579,332,740,684,383,497,977,838,107,201,528,385,170,767,583,143,334,110,420,852,850,102,190,942,485,644,70,675,606,117,842,242,136,926,33,745,466,274,232,932,195,967,198,387,884,609,592,29,835,553,951,425,670,920,520,98,590,483,260,979,627,345,243,
value : 505.108 running time : 61.079001
80 20
72.2183 16.9836
70.5999 16.3562
69.1246 15.7842
67.6079 15.1961
66.598 17.2472
65.935 18.5939
65.304 19.8754
64.643 21.218
63.6096 23.317
62.0945 26.394
62.0664 26.4511
62.0357 26.5135
62.0046 26.5766
61.9784 26.6299
61.9524 26.6827
61.9261 26.736
61.9044 26.7801
61.8835 26.8225
60.9531 30.7319
60.5397 32.4685
60.3722 33.1718
59.6465 33.5119
58.2992 34.1432
57.4322 34.5494
56.8187 34.837
56.3997 35.0333
55.9369 35.2502
55.4903 35.4595
55.0825 35.6506
54.6873 35.8358
54.2988 36.0179
53.8659 36.2207
53.398 36.44
52.9399 36.6547
52.9273 36.6606
52.9144 36.6666
52.901 36.6729
52.8884 36.6788
52.8743 36.6854
52.8606 36.6919
52.8481 36.6977
51.1035 37.5151
51.1035 37.5151
51.1035 37.5151
51.1035 37.5151
51.1035 37.5151
51.1035 37.5151
51.1434 37.6604
51.1804 37.7955
51.213 37.9144
51.2435 38.0253
51.2715 38.1276
52.7502 43.5183
53.3889 45.8464
53.8631 47.5748
53.8631 47.5748
53.5991 47.808
53.3723 48.0084
53.1486 48.2061
52.9348 48.3949
52.7146 48.5896
52.4771 48.7994
52.244 49.0054
52.0258 49.1982
51.8273 49.3736
51.7468 49.6945
51.6569 50.0529
51.5633 50.426
51.46 50.8377
51.3277 51.3648
51.1812 51.9488
50.8741 53.1734
50.6932 53.8943
50.5333 54.532
50.3812 55.1382
50.2334 55.7271
50.0732 56.3659
49.9374 56.9072
49.8058 57.4317
49.6412 58.0878
49.4695 58.7723
49.3029 59.4365
49.116 60.1815
48.9085 61.0084
48.6544 62.0216
48.0298 64.5118
48.0298 64.5118
48.0298 64.5118
48.0298 64.5118
48.0298 64.5118
48.0298 64.5118
48.0298 64.5118
48.2929 64.5355
48.5387 64.5576
48.7968 64.5809
49.2064 64.6178
49.6865 64.661
50.1119 64.6993
50.5024 64.7344
50.9429 64.7741
51.746 64.8464
52.4534 64.9101
55.6773 65.2002
56.3294 65.2589
57.0162 65.3208
57.8785 65.3984
60.2847 65.615
61.0842 65.6869
61.5093 65.7252
61.852 65.7561
62.0641 65.7751
62.2338 65.7904
62.419 65.8071
62.611 65.8244
62.7563 65.8375
62.9035 65.8507
62.8852 66.6479
62.8659 67.4934
62.8235 69.3511
62.8217 69.4275
62.8198 69.5133
62.8177 69.6016
62.8157 69.6902
62.8138 69.775
62.8117 69.8644
62.8097 69.9544
62.8077 70.0413
62.8055 70.1357
62.8035 70.2246
62.8014 70.3175
62.7991 70.4189
62.7967 70.5219
62.7943 70.6263
62.792 70.7281
62.7834 71.105
62.7745 71.4955
62.7658 71.8739
62.745 72.7841
62.6906 75.1707
62.6793 75.6643
62.6717 75.9961
62.6642 76.3232
62.6575 76.6163
62.6499 76.9495
61.2485 81.0675
60.6662 82.7788
60.6662 82.7788
60.6661 82.7788
60.6661 82.7788
59.3597 81.7533
57.8956 80.604
56.5397 79.5397
56.5396 79.5395
56.7137 78.5267
56.9156 77.3527
56.9156 77.3527
56.7737 77.3283
56.6293 77.3034
56.5002 77.2812
56.364 77.2577
56.238 77.236
56.1102 77.214
55.9838 77.1922
55.8502 77.1692
55.7072 77.1446
55.5929 77.1249
55.4749 77.1046
55.3621 77.0851
55.2409 77.0643
55.113 77.0422
54.9769 77.0188
54.833 76.994
54.6844 76.9684
54.5447 76.9444
54.2147 76.8875
53.9368 76.8397
53.7125 76.801
53.4546 76.7566
53.218 76.7159
53.0074 76.6796
52.829 76.6489
52.6559 76.6191
52.4796 76.5887
52.3187 76.561
52.1401 76.5302
51.9596 76.4991
51.7805 76.4683
51.6064 76.4383
51.4253 76.4071
51.2357 76.3744
51.042 76.3411
50.8508 76.3081
50.6611 76.2755
50.4743 76.2433
50.29 76.2116
50.0882 76.1768
49.8708 76.1393
49.6574 76.1026
49.4364 76.0645
49.222 76.0276
47.9287 76.0162
46.9088 76.0072
46.1428 76.0004
45.3264 75.9932
44.6337 75.9871
44.1203 75.9825
43.4005 75.9762
42.806 75.9709
42.1632 75.9652
41.5477 75.9598
40.7344 75.9526
40.0767 75.9468
39.38 75.9406
38.4968 75.9328
37.6437 75.9253
36.5479 75.9156
35.4563 75.906
35.3032 75.9046
35.1775 75.9035
35.0611 75.9025
34.9222 75.9012
34.776 75.8999
34.1161 75.8941
33.5052 75.8887
32.5826 75.8805
30.9375 75.866
29.4041 75.8525
28.3882 75.8435
27.5431 75.8361
27.5431 75.8361
27.7218 75.4245
27.9119 74.9869
28.1182 74.5117
28.3627 73.9486
28.6165 73.364
29.973 70.2396
30.7939 68.3488
31.3012 67.1804
31.3519 67.0637
31.4201 66.9066
31.4977 66.7278
31.5851 66.5266
31.6829 66.3013
31.8037 66.0231
31.8566 65.9013
31.9015 65.7979
31.9471 65.6928
31.9911 65.5916
32.0444 65.4688
32.0951 65.3521
32.1604 65.2017
32.2202 65.0638
32.2713 64.9462
32.316 64.8432
32.3687 64.7218
32.4241 64.5942
32.4777 64.4709
32.5336 64.3421
32.5932 64.2049
32.6504 64.0731
32.7162 63.9215
32.7816 63.771
32.8451 63.6245
32.9089 63.4777
32.9753 63.3247
33.0406 63.1744
33.1038 63.0288
33.1744 62.8662
33.239 62.7175
33.3118 62.5498
33.3992 62.3484
33.5447 62.0134
33.6874 61.6846
33.8352 61.3441
33.9739 61.0248
33.9831 60.7328
33.9924 60.4378
34.003 60.102
34.0132 59.7817
34.0221 59.499
34.0264 59.3632
34.0303 59.2396
34.0347 59.1018
34.0385 58.9814
34.0422 58.864
34.0452 58.7691
34.0484 58.6676
34.0518 58.5617
34.0549 58.4641
34.0581 58.3611
34.0614 58.2593
34.0646 58.1587
34.0684 58.0368
34.0721 57.9204
34.0759 57.8012
34.1162 56.5268
34.1875 54.2697
34.0443 54.3829
31.5974 56.3177
31.5974 56.3177
31.5974 56.3177
31.5974 56.3177
31.5974 56.3177
31.5974 56.3177
31.5974 56.3177
31.5974 56.3177
31.5974 56.3177
31.5974 56.3177
31.4847 56.0649
31.3547 55.7736
31.2235 55.4796
31.0882 55.1762
30.4965 53.8505
30.2937 53.396
30.1208 53.0084
29.948 52.621
29.7147 52.0981
29.4365 51.4745
29.106 50.7338
28.532 49.4477
28.532 49.4477
28.532 49.4477
28.532 49.4477
28.532 49.4476
28.532 49.4476
28.532 49.4476
28.532 49.4476
28.532 49.4476
28.532 49.4476
28.1213 47.1057
27.7094 44.7565
27.2736 42.2716
27.2442 42.1043
27.1998 41.851
27.1391 41.5052
27.0773 41.1529
27.0134 40.7886
26.5659 38.2372
26.5113 37.9256
26.5071 37.9016
26.5029 37.8777
26.5029 37.8777
26.5029 37.8777
26.5029 37.8777
26.5029 37.8777
26.5029 37.8777
26.5029 37.8777
26.5029 37.8776
26.558 37.7561
26.6139 37.6329
26.6694 37.5108
26.7239 37.3906
26.7813 37.2642
26.8457 37.1223
26.9103 36.98
26.9823 36.8214
27.0583 36.6538
27.3089 36.1018
27.596 35.4694
27.8789 34.8463
28.3201 33.8742
28.42 33.6542
28.5032 33.4709
28.5966 33.265
28.6917 33.0555
28.8193 32.7744
28.999 32.3784
29.1759 31.9887
29.3784 31.5426
29.5476 31.17
29.7566 30.7095
29.9674 30.2451
30.1155 29.9188
30.4987 29.9213
30.935 29.9242
31.3732 29.927
31.8258 29.93
32.1918 29.9324
33.2936 31.9888
34.0079 33.3221
34.4383 34.1254
34.9374 35.0571
35.4473 36.0088
36.5005 37.9747
36.482 37.7806
36.462 37.5694
36.4414 37.3531
36.4204 37.1313
36.3996 36.9129
36.0387 33.1119
35.7819 30.408
35.4664 27.0855
35.216 24.4494
35.041 22.6068
34.9214 21.3475
34.869 20.7955
34.8283 20.3665
34.7899 19.9628
34.7447 19.4859
34.7098 19.1192
34.6826 18.8323
34.5945 17.9044
34.4371 16.2477
34.2866 14.6631
26.8276 14.6924
26.5941 14.6933
26.1036 14.6952
25.2956 14.6983
24.1449 14.7028
22.5504 14.7089
20.1703 14.7182
16.2265 14.7337
15.1069 14.738
14.5294 14.7402
14.0193 14.7422
13.5744 14.7439
13.1134 14.7457
12.8978 15.5421
12.7225 16.19
12.7225 16.19
12.7225 16.19
12.7225 16.19
12.7225 16.19
12.7225 16.19
12.7225 16.19
12.7225 16.19
12.7225 16.19
12.7225 16.19
12.7225 16.19
12.7037 16.8502
12.6852 17.5013
12.6386 19.1446
12.4797 24.7584
12.3806 28.2522
12.3806 28.2522
12.3806 28.2522
12.3806 28.2522
12.3806 28.2522
12.3806 28.2522
12.3806 28.2522
12.3806 28.2522
12.3806 28.2522
12.3806 28.2522
12.3806 28.2522
12.3806 28.2522
12.3806 28.2522
12.3806 28.2522
12.3806 28.2522
12.3806 28.2522
12.3806 28.2522
12.6163 28.6461
12.9145 29.1444
13.2621 29.7254
13.6119 30.31
14.4415 31.6963
14.8952 32.4547
15.2076 32.9768
15.5062 33.4758
15.7624 33.9041
15.7624 33.9041
15.4851 34.5185
14.8469 35.933
14.2209 37.3204
13.6368 38.6151
13.1673 39.6557
12.8688 40.3171
12.6626 40.7739
12.4246 41.3014
12.1449 41.9213
11.5246 43.296
11.0677 44.3086
10.8751 44.7354
10.6728 45.1838
10.4815 45.6077
10.3096 45.9887
10.1433 46.3571
9.98144 46.7158
9.98144 46.7158
9.98144 46.7158
9.98144 46.7158
10.1577 47.3552
10.3507 48.0551
10.5756 48.8708
10.9057 50.0676
11.2269 51.2323
11.8951 51.3138
12.4246 51.3783
12.7872 51.4225
13.1571 51.4676
13.4738 51.5063
13.7718 51.5426
14.0384 51.5751
14.3617 51.6145
14.7453 51.6613
15.0968 51.7041
15.419 51.7434
15.8026 51.7902
16.2334 51.8427
16.6952 51.899
17.0736 51.9451
17.0736 51.9451
17.0736 51.9451
17.0736 51.9451
17.0736 51.9451
16.8556 52.212
16.6297 52.4885
16.4207 52.7444
16.2117 53.0002
16.0089 53.2484
15.7992 53.5051
15.5826 53.7702
15.3575 54.0458
15.1135 54.3444
14.8633 54.6507
14.6387 54.9257
14.3723 55.2517
14.2053 55.4562
14.0266 55.6749
13.8646 55.8732
13.7208 56.0492
13.5991 56.1981
13.4866 56.3358
13.3233 56.5358
13.1619 56.7333
12.9795 56.9566
12.7919 57.1862
12.6337 57.3799
12.4325 57.6262
12.2284 57.876
12.0024 58.1526
11.7778 58.4276
11.5233 58.7392
11.584 59.7331
11.6063 60.0972
11.6316 60.5093
11.6541 60.8783
11.6727 61.1821
11.6985 61.6026
11.7189 61.9361
11.74 62.2811
11.7604 62.6137
11.7795 62.9258
11.7979 63.226
11.8153 63.5103
11.8358 63.8449
11.8565 64.1843
11.871 64.4212
11.8835 64.6251
11.8957 64.8242
11.9075 65.0174
11.9204 65.2272
11.9325 65.425
11.9445 65.6207
12.2854 66.3702
12.6122 67.0882
12.6122 67.0882
12.6122 67.0882
12.6122 67.0882
12.6122 67.0882
12.6122 67.0882
12.6122 67.0882
12.6122 67.0882
12.6122 67.0883
12.6122 67.0883
12.6122 67.0883
12.6122 67.0883
12.6122 67.0883
12.6122 67.0883
12.6122 67.0883
12.6122 67.0883
12.6122 67.0883
12.6122 67.0883
12.6122 67.0883
12.6122 67.0883
12.6653 67.1538
12.7094 67.2082
12.7543 67.2634
12.8233 67.3486
12.894 67.4357
12.9599 67.517
13.0598 67.6401
13.1583 67.7615
13.2543 67.8799
13.3506 67.9986
13.468 68.1433
13.6088 68.3169
13.6587 68.3784
13.7116 68.4437
13.7613 68.5048
13.8053 68.5591
13.8452 68.6084
13.8861 68.6588
13.9262 68.7082
13.9641 68.7549
14.0034 68.8034
14.0399 68.8483
14.0676 68.8824
14.095 68.9163
14.1213 68.9486
14.1455 68.9785
14.1719 69.0111
14.1992 69.0448
13.0826 72.1243
12.5101 73.7032
11.9648 75.207
11.9603 75.2194
11.956 75.2314
11.9514 75.2441
11.9473 75.2553
11.9431 75.2668
11.9382 75.2803
11.9336 75.293
11.9293 75.305
11.9252 75.3162
11.9211 75.3274
11.9167 75.3398
11.9121 75.3523
11.9121 75.3523
11.9121 75.3523
11.9121 75.3523
11.9121 75.3523
11.9121 75.3523
11.9121 75.3523
11.9833 75.3932
12.0641 75.4397
12.1465 75.4871
12.2347 75.5377
12.3214 75.5876
12.4066 75.6366
12.4934 75.6865
13.417 76.2176
14.7488 76.9834
16.3387 77.8978
17.2169 78.4027
18.0934 78.9067
18.8908 79.3653
19.5595 79.7497
18.3829 80.5891
17.6613 81.1037
17.1253 81.486
16.5603 81.889
16.1162 82.2058
15.7016 82.5014
15.3587 82.746
13.9465 83.7533
13.9465 83.7533
13.9465 83.7533
13.4872 84.2342
13.039 84.7034
12.2275 85.553
11.5189 86.2949
11.5112 86.3357
11.5037 86.3748
11.4957 86.4169
11.4882 86.4563
11.4806 86.4963
11.4732 86.5351
11.4662 86.572
11.4588 86.6112
11.4516 86.6489
11.4447 86.6853
11.4374 86.7233
11.4297 86.7638
11.4232 86.7981
11.4167 86.8323
11.4102 86.8664
11.4042 86.8983
11.3976 86.9329
11.3915 86.965
11.3851 86.9983
11.3792 87.0298
11.373 87.0623
11.3667 87.0954
11.3605 87.1277
11.3545 87.1597
11.3482 87.1929
11.3421 87.2248
11.3358 87.2581
11.3294 87.2918
11.3225 87.3276
11.3159 87.3626
11.3096 87.3955
11.3014 87.4387
11.2933 87.4814
11.2861 87.5193
11.2789 87.5568
11.2718 87.5944
11.264 87.6352
11.2569 87.6726
11.2498 87.7101
11.2428 87.7469
11.2078 87.9304
11.1717 88.1205
11.1429 88.2719
11.1133 88.4272
11.0158 88.9392
10.9253 89.4146
10.8355 89.8861
10.7434 90.3698
10.7434 90.3698
10.7434 90.3698
10.7434 90.3698
10.9408 90.3621
11.1356 90.3546
11.3465 90.3465
11.552 90.3385
11.7557 90.3307
11.9686 90.3224
12.1807 90.3142
12.4325 90.3045
12.6675 90.2954
12.9061 90.2862
13.1545 90.2766
13.4056 90.2669
13.6379 90.258
13.8398 90.2502
14.0262 90.243
14.445 90.2268
14.9824 90.206
15.4616 90.1875
16.0074 90.1664
16.5277 90.1463
17.0358 90.1267
21.4212 89.9573
21.5713 89.9515
21.7157 89.946
21.8598 89.9404
22.0257 89.934
22.1759 89.9282
22.3516 89.9214
22.5295 89.9145
22.7172 89.9073
22.8775 89.9011
23.0376 89.8949
23.154 89.8904
23.2675 89.886
23.3806 89.8817
23.4885 89.8775
23.6028 89.8731
23.7167 89.8687
23.8425 89.8638
23.9709 89.8589
24.095 89.8541
24.2246 89.8491
24.3398 89.8446
24.4588 89.84
24.5835 89.8352
24.7028 89.8306
24.8207 89.826
24.9493 89.8211
25.0604 89.8168
25.1756 89.8123
25.3023 89.8074
25.4257 89.8027
25.5481 89.7979
25.7283 89.791
25.8924 89.7846
26.0478 89.7786
26.1941 89.773
26.3192 89.7681
26.4445 89.7633
26.5663 89.7586
26.6887 89.7539
26.8169 89.7489
26.9409 89.7441
27.0716 89.7391
27.1874 89.7346
27.3049 89.7301
27.4109 89.726
27.515 89.7219
27.6286 89.7175
27.7518 89.7128
27.8819 89.7078
28.0788 89.7001
28.2945 89.6918
28.5301 89.6827
28.7729 89.6733
29.0088 89.6642
29.2789 89.6538
30.043 89.6243
30.6472 89.6009
31.2729 89.5768
31.957 89.5503
32.6356 89.5241
34.1496 89.4656
35.1028 89.4288
36.3114 89.3821
37.073 89.3671
37.4979 89.3587
37.9188 89.3503
38.1002 89.3467
38.2816 89.3431
38.4665 89.3394
38.6553 89.3357
38.8579 89.3317
39.0635 89.3276
39.2699 89.3235
39.4872 89.3192
39.7092 89.3147
39.9342 89.3103
40.1643 89.3057
40.4017 89.301
40.6391 89.2963
40.8932 89.2912
41.1559 89.286
41.4231 89.2807
41.6985 89.2752
41.9337 89.2706
41.9371 89.2705
41.9407 89.2704
41.9443 89.2704
41.9478 89.2703
41.9514 89.2702
41.9551 89.2701
41.9586 89.2701
41.962 89.27
41.9654 89.2699
41.9687 89.2699
41.972 89.2698
41.9753 89.2697
41.9786 89.2697
41.9818 89.2696
41.9854 89.2695
41.9888 89.2695
41.9922 89.2694
41.9958 89.2693
41.9992 89.2693
42.0027 89.2692
42.0062 89.2691
42.0096 89.2691
42.013 89.269
42.0165 89.2689
42.0201 89.2688
42.0232 89.2688
42.0265 89.2687
42.0299 89.2686
42.0347 89.2686
42.0399 89.2684
42.0443 89.2684
42.0487 89.2683
42.0531 89.2682
42.058 89.2681
42.0624 89.268
42.0669 89.2679
42.0716 89.2678
42.0757 89.2677
42.0805 89.2676
42.0852 89.2675
44.9128 89.2114
47.116 89.1676
48.7806 89.1346
49.9164 89.1122
50.8663 89.0934
51.1196 89.0884
51.369 89.0835
51.6007 89.0789
51.8288 89.0744
52.0345 89.0704
52.2692 89.0658
52.5033 89.0612
52.7263 89.0568
53.0071 89.0512
53.2663 89.0461
53.5231 89.0411
53.8008 89.0356
54.0862 89.03
54.3831 89.0241
54.6725 89.0184
54.9203 89.0136
55.1559 89.0089
55.4436 89.0033
55.7946 88.9963
56.2401 88.9876
56.7095 88.9783
57.1236 88.9701
58.1854 88.9491
59.2619 88.9278
60.3982 88.9053
61.5143 88.8832
63.1375 88.851
64.8656 88.8167
66.4425 88.7854
66.8172 88.778
67.2286 88.7699
67.6163 88.7622
67.8659 88.7573
68.1491 88.7517
68.3869 88.7471
68.6275 88.7423
68.8811 88.7373
69.1199 88.7326
69.3518 88.7281
69.5811 88.7235
69.8231 88.7188
70.0641 88.714
70.3091 88.7092
70.5557 88.7044
70.8207 88.6992
71.1086 88.6935
71.4483 88.6868
71.8416 88.679
72.3269 88.6694
72.7517 88.661
73.2078 88.652
73.7073 88.6422
74.285 88.6307
74.8961 88.6187
75.491 88.6069
76.2327 88.5923
77.4889 88.5674
79.0517 88.5363
80.6077 88.5055
80.6521 88.4388
80.7118 88.3494
81.1162 87.7427
81.7151 86.8445
84.6595 82.4291
84.8107 82.2024
84.9423 82.0051
85.0496 81.8441
85.1696 81.664
85.2786 81.5005
85.4034 81.3134
85.5619 81.0756
85.7141 80.8474
85.88 80.5986
86.1551 80.1859
86.365 79.871
85.6121 71.2513
85.612 71.2498
85.5789 70.8699
85.5462 70.4948
85.261 67.213
85.0701 65.0175
84.8668 62.6797
84.6296 62.4362
84.4076 62.2082
84.2194 62.015
84.0299 61.8203
83.8538 61.6395
82.9631 60.725
81.4631 59.185
77.6273 55.2474
77.1573 54.7649
76.7176 54.3133
76.7176 54.3133
76.7176 54.3133
76.4506 54.0189
76.191 53.7327
75.6597 53.1468
75.1347 52.568
74.6464 52.0295
74.2153 51.5542
73.7845 51.0791
73.6068 49.2915
73.5228 48.4473
73.4202 47.4149
73.6707 47.3112
73.9594 47.1917
74.5755 46.9367
77.3474 45.7892
77.5948 45.6868
77.8049 45.5998
81.3023 44.1519
81.3023 44.1519
81.3023 44.1519
81.3023 44.1519
81.3023 44.1519
81.3023 44.1519
81.3023 44.1519
81.3023 44.1519
81.3023 44.1519
81.3023 44.1519
81.3023 44.1519
81.3214 44.0499
81.3401 43.9498
81.359 43.8486
81.3781 43.7464
81.395 43.6561
81.4692 43.2593
81.5601 42.7735
81.6776 42.1448
81.8553 41.1947
82.9098 35.5551
83.9015 30.2511
84.3478 27.8644
86.2684 17.5916
86.2684 17.5916
86.0086 17.6914
85.7469 17.7919
85.3759 17.9344
84.9156 18.1112
