0,345,483,243,979,627,260,98,590,33,520,592,835,609,232,323,466,670,29,274,745,497,838,242,684,506,977,195,932,387,951,553,198,425,967,884,136,170,920,107,385,478,102,583,941,110,173,579,383,393,152,867,727,900,595,852,68,334,190,656,942,420,647,850,650,668,810,964,286,975,201,340,238,35,67,767,440,485,117,644,625,208,101,84,907,515,923,498,161,791,623,69,793,293,597,282,276,862,577,945,19,716,519,522,452,342,155,538,85,396,186,377,314,357,828,606,143,675,594,188,217,926,842,70,262,45,634,930,781,27,821,43,785,458,935,358,492,978,870,63,831,55,164,848,843,66,875,906,555,834,681,751,379,197,209,257,844,289,865,250,355,934,467,261,356,586,191,566,421,853,989,917,790,679,160,748,480,529,913,388,49,237,194,512,151,692,269,414,7,778,413,147,438,922,89,603,535,472,127,811,391,688,901,461,545,756,210,525,956,38,508,797,633,589,162,846,630,764,574,552,587,99,946,658,526,591,888,635,220,327,950,266,451,924,789,604,872,903,359,662,804,645,30,382,104,839,137,733,370,732,390,957,21,308,720,927,571,965,730,596,226,134,779,715,267,349,501,971,601,507,640,54,912,729,34,599,510,281,471,163,410,291,891,929,788,180,621,617,365,171,493,144,976,676,235,558,894,216,459,484,765,910,56,264,576,533,809,404,175,855,109,743,94,968,798,468,782,315,112,762,605,460,754,432,202,931,564,319,659,814,82,536,851,335,800,632,126,562,895,280,563,847,986,801,18,880,140,940,671,832,12,992,984,42,229,415,395,769,904,509,987,744,9,575,259,51,937,481,177,297,159,622,71,813,378,417,962,654,290,837,775,83,725,332,372,450,685,528,660,311,818,25,740,864,204,928,893,322,648,889,473,983,135,823,494,318,820,145,465,580,52,285,620,149,544,273,317,464,185,742,666,477,158,854,251,353,817,567,845,245,816,737,434,344,911,856,952,584,23,882,896,172,624,367,618,40,408,62,980,313,774,511,961,541,375,156,118,763,5,416,343,265,947,738,532,271,392,530,752,206,105,766,448,877,548,569,866,559,309,165,826,672,437,256,120,73,231,773,139,53,974,129,146,72,22,874,840,561,239,649,516,713,389,449,305,690,320,179,887,746,724,513,369,582,636,861,248,921,857,215,91,683,919,755,270,292,252,350,241,453,540,802,80,523,406,689,878,225,642,539,167,294,141,454,614,193,124,41,807,189,806,954,613,181,960,428,20,28,230,394,76,470,631,96,611,707,441,223,44,150,651,491,697,757,608,578,431,490,424,306,753,244,168,16,2,521,593,183,918,638,288,885,808,768,50,430,786,456,409,610,696,253,933,550,859,833,418,776,726,296,795,60,537,443,695,92,333,495,339,368,36,761,386,871,58,360,469,916,249,399,714,227,13,17,15,711,304,200,973,546,138,905,435,380,678,637,868,31,815,988,364,914,405,436,115,39,442,568,447,712,199,462,106,213,699,736,585,969,547,169,236,750,827,557,890,570,316,247,108,1,953,444,792,628,153,693,446,982,301,346,457,796,95,263,830,240,780,639,224,944,615,433,892,803,551,426,178,75,203,719,728,401,300,88,93,955,991,556,759,374,487,560,886,718,325,48,90,207,694,554,860,298,361,479,600,948,825,503,219,184,739,119,326,429,500,132,411,400,275,701,734,657,113,784,272,321,607,665,97,277,14,81,255,114,196,966,77,338,772,680,427,799,517,502,192,347,939,482,747,667,686,371,381,445,717,130,925,879,3,565,524,705,505,897,233,329,735,376,703,59,398,116,100,749,527,122,531,234,970,131,218,936,542,849,166,691,123,79,324,981,336,908,760,142,422,534,949,148,698,403,677,312,128,384,341,352,212,57,731,858,489,157,214,652,805,771,283,182,909,770,154,758,222,373,279,972,47,303,708,938,463,876,174,783,475,397,612,302,423,706,619,664,11,278,307,549,602,824,65,709,354,284,915,787,687,661,439,626,402,486,205,641,829,64,869,254,822,125,985,10,836,543,663,496,78,616,121,37,723,655,32,476,228,841,990,700,958,863,330,514,4,328,499,299,74,133,898,86,87,268,46,710,258,794,673,902,572,187,474,943,963,682,362,348,331,455,812,722,629,741,674,211,588,881,61,412,646,488,8,366,702,643,351,111,310,899,883,337,221,407,363,287,653,518,246,26,669,573,704,581,6,419,598,873,103,959,295,24,819,504,777,176,721,
value : 493.647 running time : 48.383581 iter# fitness diversity
80 20
84.8149 18.1496
86.2684 17.5916
86.2684 17.5916
86.2684 17.5916
86.2684 17.5916
86.2684 17.5916
84.5306 26.2876
83.8364 29.7561
83.3312 32.2797
82.8343 34.7618
82.3413 37.225
82.1263 38.2988
81.9023 39.4176
81.7033 40.4116
81.6774 40.5404
81.9133 41.5399
82.1635 42.6003
82.4079 43.6359
82.6745 44.7659
83.0042 46.163
84.6574 53.1696
84.3632 53.3574
84.078 53.5394
83.7916 53.7222
83.5161 53.8981
83.2256 54.0836
82.9505 54.2591
82.6696 54.4385
82.3996 54.6108
82.1364 54.7789
81.8166 54.983
81.5763 55.1364
81.3109 55.3058
81.0629 55.4641
80.8409 55.6058
80.5869 55.768
80.3112 55.9439
79.9942 56.1463
79.7027 56.3324
75.9786 58.7096
75.0946 59.2739
74.4966 59.6556
73.9325 60.0157
73.311 60.4124
72.6885 60.8098
72.0672 61.2065
72.0063 61.2453
71.6823 61.1538
71.3111 61.0491
71.0087 60.9637
70.6968 60.8757
70.384 60.7874
70.1761 60.7288
69.9414 60.6627
69.7404 60.6061
69.5029 60.5391
69.2926 60.4799
69.0515 60.412
68.8364 60.3514
68.6088 60.2872
68.3934 60.2266
68.1617 60.1613
67.9588 60.1041
67.7351 60.0411
67.4873 59.9713
67.2544 59.9057
67.0514 59.8485
66.9039 59.8069
66.8383 59.7884
66.4613 59.6822
65.8768 59.5176
65.3271 59.3627
64.8023 59.2149
64.3699 59.0931
63.898 58.9602
63.3761 58.8132
62.9106 58.6821
62.44 58.5495
61.9626 58.415
61.9626 58.415
61.9626 58.415
59.3982 55.7016
59.118 55.4052
58.8133 55.0828
58.4994 54.7506
58.0676 54.2937
57.727 53.9334
57.4344 53.6238
57.1078 53.2782
56.7098 52.8571
56.3188 52.4434
56.0762 52.1866
55.8159 51.9112
55.5049 51.5821
55.2433 51.3053
53.066 49.0017
51.5298 47.3763
51.5298 47.3763
51.5298 47.3763
51.5298 47.3763
51.5844 47.3914
51.6393 47.4066
51.6852 47.4193
52.1593 47.5505
52.7484 47.7136
53.387 47.8904
55.2778 48.4137
55.3498 48.0553
55.4267 47.6724
55.5091 47.262
55.6065 46.7775
55.6791 46.4157
55.7429 46.0984
55.811 45.7592
55.811 45.7592
55.811 45.7592
55.811 45.7592
55.811 45.7592
55.811 45.7592
55.811 45.7592
55.811 45.7592
55.7158 45.4262
55.6075 45.0477
55.3669 44.2065
55.0837 43.2169
54.8696 42.4684
54.6671 41.7605
54.4606 41.0384
54.3043 40.492
54.1616 39.993
54.0885 39.7373
54.0051 39.4458
53.933 39.1938
53.859 38.9351
53.7883 38.688
53.7204 38.4504
53.6312 38.1385
53.5387 37.815
53.4412 37.4743
53.3238 37.0638
52.5093 37.1594
51.5788 37.2685
50.7013 37.3715
50.0108 37.4525
49.4037 37.3274
48.7751 37.1979
47.9739 37.0328
47.1151 36.8558
46.0537 36.6371
45.6291 36.5496
45.1234 36.4454
44.4282 36.3022
44.4037 36.2971
44.3746 36.2911
44.3452 36.285
44.3192 36.2797
44.2885 36.2733
44.2612 36.2677
44.2332 36.2619
44.2067 36.2565
43.8716 36.1873
43.5955 36.1303
43.3314 36.0757
42.9638 36.5353
42.6634 36.9109
42.3339 37.3228
41.9977 37.7432
41.7176 38.0934
41.3909 38.5018
41.0447 38.9346
40.7434 39.3112
40.4492 39.679
40.1368 40.0696
39.8682 40.4054
39.3358 41.071
38.9655 41.5338
38.5603 42.0405
38.1077 42.6062
37.9421 42.8133
37.7879 43.006
37.6357 43.1964
37.5075 43.3566
37.368 43.531
37.2209 43.7149
37.0795 43.8916
36.9205 44.0904
36.789 44.2548
36.6611 44.4147
36.5139 44.5988
36.3754 44.7719
36.2408 44.9402
36.1093 45.1045
35.9883 45.2558
35.8725 45.4006
35.7658 45.534
35.6681 45.6561
35.5805 45.7656
34.6232 46.9624
33.7908 48.0031
32.469 49.6556
31.8797 50.3923
31.3046 51.1113
31.1135 51.3502
30.8811 51.6408
30.6661 51.9096
30.4707 52.1539
30.1033 52.6132
29.706 53.11
29.415 53.4739
29.0526 53.9269
28.6409 54.4417
26.3214 57.4863
22.491 62.5148
22.6787 63.6128
23.0129 63.747
23.307 63.865
23.6437 64.0001
24.0209 64.1515
24.3335 64.277
24.6606 64.4083
24.9693 64.5322
25.2749 64.6548
25.6109 64.7652
25.9296 64.8699
26.2576 64.9776
26.5404 65.0705
26.8305 65.1658
27.1256 65.2628
27.4653 65.3743
27.8045 65.4858
28.1656 65.6044
28.5096 65.7174
28.9153 65.8506
29.3552 65.995
29.8035 66.1422
30.2444 66.287
30.4634 66.1504
30.6783 66.0164
30.8824 65.8891
31.1198 65.7411
31.2727 65.6457
31.4402 65.5412
31.5832 65.452
31.7646 65.3389
31.9296 65.236
32.0836 65.1399
32.2375 65.0438
32.422 64.9289
32.4481 64.9126
32.4722 64.8975
32.4984 64.8811
32.5248 64.8646
32.5517 64.8478
32.5759 64.8327
32.6002 64.8175
32.6275 64.8005
32.6536 64.7842
32.6793 64.7681
32.7094 64.7493
32.7348 64.7334
33.5055 64.2539
33.5055 64.2539
33.5055 64.2539
33.5055 64.2539
33.5055 64.2539
33.5055 64.2539
33.5056 64.2539
33.5056 64.2539
33.5871 64.202
33.6725 64.1475
33.7586 64.0926
33.8348 64.0441
33.9026 64.0009
33.9789 63.9522
34.4928 63.6245
35.1086 63.2318
35.8361 62.7677
36.1213 62.5859
36.3724 62.4258
36.6483 62.2499
36.9175 62.0782
37.2056 61.8945
37.4708 61.7254
37.7389 61.5544
38.082 61.3356
39.5871 62.994
41.1662 64.734
41.3037 64.8855
41.4558 65.0532
41.5979 65.2097
41.8097 65.4431
41.9893 65.6411
42.1474 65.8152
42.3191 66.0044
42.4802 66.182
42.6545 66.374
42.812 66.5476
42.9649 66.716
43.1335 66.9018
43.281 67.0643
43.448 67.2483
43.609 67.4257
43.7697 67.6028
43.9387 67.7891
44.1073 67.9749
44.3005 68.1878
44.6596 68.5834
45.0102 68.9697
45.4179 69.4189
45.8088 69.8496
46.1326 70.2064
46.4927 70.6032
46.7941 70.9353
47.0969 71.2689
47.5147 71.7293
47.9539 72.2132
48.339 72.6374
48.6562 72.9869
48.9638 73.3258
50.6722 75.3277
52.3537 77.2982
53.5944 78.7519
54.12 79.3676
54.7173 80.0675
54.7173 80.0675
54.7173 80.0675
54.7173 80.0675
54.7173 80.0675
54.7173 80.0675
54.7416 80.0892
54.7662 80.1112
54.9531 80.1625
55.1272 80.2103
55.2917 80.2555
55.4528 80.2997
55.6166 80.3447
55.7793 80.3894
55.9956 80.4488
56.2159 80.5093
56.42 80.5653
56.6638 80.6322
56.868 80.6883
57.4667 80.8526
58.0121 81.0024
58.4692 81.1278
58.9782 81.2675
59.549 81.4242
60.3072 81.6323
61.0623 81.8396
61.8257 82.0492
62.7189 82.2944
62.7189 82.2944
62.7189 82.2944
62.7189 82.2944
62.7189 82.2944
62.7189 82.2944
62.7189 82.2944
63.0559 82.2987
63.3549 82.3026
63.6575 82.3065
64.0015 82.3109
64.2736 82.3144
64.6134 82.3188
64.9785 82.3235
65.4784 82.33
65.9359 82.3359
66.3463 82.3412
66.7408 82.3463
67.2072 82.3523
67.7125 82.3588
68.0753 82.3635
68.465 82.3685
68.8512 82.3735
69.1988 82.378
69.6305 82.3836
69.991 82.3882
70.8049 82.4284
71.7957 82.4773
73.1326 82.5433
74.6857 82.62
76.4047 82.7048
78.8658 82.8263
80.756 82.9196
85.9989 83.2914
85.9989 83.2914
85.8771 83.4209
85.7685 83.5365
85.6587 83.6533
85.2446 84.0938
84.5986 84.7809
84.3494 85.0461
84.0275 85.3885
83.6883 85.7494
83.4173 86.0377
81.5221 88.0539
81.2545 88.0581
80.992 88.0622
80.713 88.0666
80.4683 88.0705
80.1887 88.0749
79.9019 88.0795
78.3771 88.1041
77.2463 88.1224
76.5086 88.1343
75.7471 88.1465
75.1877 88.1556
74.4764 88.167
73.8764 88.1767
73.3427 88.1853
72.3403 88.2016
71.5972 88.2136
70.8602 88.2255
70.2587 88.2353
69.6576 88.245
69.0506 88.2548
68.4757 88.2641
67.9906 88.272
67.5066 88.2798
67.1345 88.2859
66.6503 88.2937
66.0947 88.3027
65.6371 88.3101
65.1357 88.3182
64.5005 88.3285
63.7369 88.3409
62.6864 88.3579
61.5889 88.3756
60.5324 88.3927
58.9628 88.4182
57.8739 88.4358
56.7135 88.4546
55.4768 88.4746
54.9797 88.4827
54.5789 88.4892
54.1072 88.4968
53.5626 88.5056
53.0384 88.5141
52.3605 88.5251
51.4136 88.5405
50.2164 88.56
48.6654 88.5852
48.493 88.588
48.2907 88.5913
48.076 88.5948
47.8573 88.5983
47.6238 88.6021
47.4056 88.6057
47.1903 88.6092
46.9533 88.6131
46.7 88.6172
46.4437 88.6214
46.1741 88.6258
45.8876 88.6304
45.5876 88.6353
45.3138 88.6398
45.0438 88.6442
44.4734 88.6535
43.9493 88.6621
43.4061 88.671
42.9039 88.6792
42.3566 88.6882
42.2862 88.6894
42.2065 88.6907
42.134 88.6919
42.0316 88.6936
41.9456 88.695
41.866 88.6963
41.7715 88.6979
41.7237 88.6987
41.6739 88.6995
41.6197 88.7004
41.5651 88.7013
41.5137 88.7022
41.4617 88.703
41.4113 88.7039
41.3625 88.7047
41.3118 88.7055
41.2607 88.7064
41.2121 88.7072
41.1644 88.708
41.1028 88.709
41.0515 88.7099
40.9973 88.7108
40.942 88.7117
40.8928 88.7125
40.8928 88.7125
40.8928 88.7125
40.8928 88.7125
40.9722 88.6429
41.0492 88.5755
41.1558 88.4822
41.2509 88.3989
41.3485 88.3135
41.4527 88.2222
41.5616 88.1268
41.8842 87.8442
42.2054 87.5629
42.5079 87.298
42.8185 87.026
43.1402 86.7442
43.4373 86.4841
43.7434 86.2161
44.088 85.9142
44.5008 85.5527
44.9287 85.1777
44.8915 84.8925
44.8546 84.6101
44.8197 84.3429
44.7837 84.0669
44.7137 83.5305
44.7137 83.5305
44.7137 83.5305
43.889 80.4247
43.7879 80.0441
43.6783 79.6311
43.5578 79.1772
43.4369 78.7215
43.318 78.2736
43.2053 77.8491
43.0775 77.3676
42.9542 76.9031
42.9542 76.9031
43.0079 76.8334
43.0538 76.7739
43.1014 76.7122
43.1529 76.6455
43.2049 76.578
43.2511 76.5182
43.3119 76.4393
42.9939 76.8123
42.6831 77.1771
42.3645 77.5509
42.0335 77.9392
41.6357 78.406
41.2661 78.8397
40.9333 79.2301
40.5133 79.7229
39.94 80.3955
39.2659 81.1864
38.7153 81.8324
38.3719 82.2353
37.9599 82.7187
37.6104 83.1287
37.2672 83.5314
36.8959 83.967
36.4542 84.4853
35.9947 85.0244
35.729 85.3361
35.4135 85.7064
35.0777 86.1003
34.7295 86.5089
34.3484 86.956
34.0525 87.3032
30.8682 87.5363
30.2743 87.5793
29.7275 87.6189
29.477 87.6371
29.2549 87.6532
29.0046 87.6714
28.7214 87.6919
28.4621 87.7108
28.1709 87.7319
27.9222 87.75
27.6636 87.7688
27.285 87.7308
26.7756 87.6798
26.4364 87.6458
26.0495 87.607
25.7004 87.572
25.3015 87.532
24.9322 87.495
24.9208 87.4939
24.9092 87.4927
24.8973 87.4915
24.8857 87.4904
24.8739 87.4892
24.8628 87.4881
24.8512 87.487
24.8398 87.4858
24.8275 87.4846
24.8161 87.4835
24.805 87.4824
24.8048 87.4824
24.8046 87.4823
24.8043 87.4823
24.7797 87.478
24.7556 87.4737
24.7345 87.47
24.7118 87.466
24.6852 87.4613
24.6618 87.4571
24.6403 87.4533
24.6154 87.4489
24.5041 87.4293
24.4019 87.4114
24.2245 87.3802
24.0409 87.3479
23.8597 87.316
23.6755 87.2836
23.4905 87.251
23.305 87.2184
23.117 87.1853
22.9316 87.1526
22.7395 87.1188
22.5494 87.0854
22.3617 87.0523
22.1763 87.0197
22.0029 86.9892
22.0029 86.9892
22.0029 86.9892
22.0029 86.9892
22.0029 86.9892
21.8765 87.043
21.7529 87.0957
21.6469 87.1409
21.4823 87.211
21.2854 87.2948
21.1205 87.3651
20.9449 87.4399
20.7698 87.5145
20.5843 87.5935
20.3846 87.6786
20.2147 87.751
20.0514 87.8205
19.8757 87.8953
19.6977 87.9712
19.511 88.0507
19.3306 88.1276
19.1369 88.2101
18.9592 88.2858
18.03 88.4212
17.2384 88.5367
16.4748 88.648
15.7107 88.7595
14.8604 88.8835
14.2981 88.9655
13.7511 89.0452
13.3102 89.1095
12.8294 89.1796
12.4128 89.2404
11.9839 89.3029
11.5805 89.3617
11.3324 89.3979
11.1024 89.4315
10.889 89.4626
10.6598 89.496
10.4679 89.524
10.2486 89.556
10.0075 89.5911
10.0086 89.5808
10.0097 89.5711
10.0108 89.5614
10.0121 89.5504
10.0132 89.541
10.0142 89.5317
10.0154 89.5212
10.0166 89.5112
10.0178 89.501
10.0189 89.4907
10.0201 89.4809
10.0212 89.4708
10.0223 89.4613
10.0234 89.4511
10.0414 89.2915
10.0569 89.1538
10.0711 89.0277
10.0868 88.8875
10.1033 88.7415
10.119 88.6017
10.1333 88.4748
10.1479 88.3449
10.1857 88.0091
10.2342 87.5775
10.28 87.1702
10.3094 86.9086
10.3368 86.6648
10.3645 86.4188
10.3929 86.166
10.4212 85.9145
10.4504 85.6553
10.4819 85.3745
10.5119 85.1082
10.5416 84.8441
10.5701 84.5905
10.5993 84.3315
10.6302 84.0564
10.6621 83.7726
10.6945 83.4845
10.7324 83.1473
10.7635 82.8706
10.7924 82.6138
10.8187 82.3804
10.8472 82.1263
10.8804 81.8317
10.9119 81.551
10.9448 81.2586
10.9773 80.9698
11.0054 80.7195
11.0141 80.6428
11.0233 80.5605
11.0328 80.476
11.0417 80.3967
11.0509 80.3155
11.0621 80.2154
11.0715 80.1322
11.0813 80.0449
11.091 79.958
11.1007 79.8715
11.1103 79.7862
11.1208 79.6935
11.1298 79.6132
11.1401 79.5212
11.1611 79.3342
11.1811 79.1564
11.2035 78.957
11.226 78.7563
11.2471 78.5689
11.267 78.3915
11.2895 78.1906
11.3106 78.0027
11.3311 77.8207
11.3513 77.6409
11.3706 77.4688
11.3943 77.2578
11.4184 77.043
11.443 76.8238
11.4731 76.5556
11.4956 76.3557
11.5147 76.1857
11.5378 75.9794
11.5616 75.7672
11.5847 75.5613
11.6076 75.358
11.6311 75.1482
11.6529 74.9541
11.6733 74.7724
11.6966 74.5644
11.7197 74.3587
11.7397 74.1803
11.7639 73.9648
11.7836 73.7897
11.8022 73.6236
11.8232 73.4364
11.8442 73.2494
11.8665 73.0507
11.8859 72.8777
11.9037 72.7191
11.9233 72.545
11.941 72.3871
11.9591 72.2255
11.9764 72.0717
11.9956 71.9005
12.0156 71.7221
12.032 71.5757
12.0472 71.4403
12.0647 71.2841
12.0825 71.1256
12.1002 70.9682
12.1172 70.8171
12.1343 70.6645
12.152 70.5067
12.1685 70.3593
12.186 70.2039
12.2024 70.0575
12.2164 69.9331
12.265 69.5425
12.3124 69.1617
12.3631 68.7543
12.4051 68.417
12.4482 68.0706
12.4957 67.6886
12.5424 67.3134
12.5915 66.9195
12.6439 66.4981
12.6922 66.1105
12.6922 66.1105
12.6922 66.1105
12.6922 66.1105
12.6922 66.1105
12.6922 66.1105
12.6922 66.1105
12.6922 66.1105
12.7529 65.7452
12.8392 65.2263
12.9303 64.6789
13.0298 64.0806
13.1047 63.6301
13.1903 63.1155
13.2811 62.5696
13.3585 62.1041
13.4457 61.5797
13.5244 61.1067
13.5723 60.8185
13.6261 60.4953
13.675 60.2006
13.7292 59.8748
13.7782 59.5804
13.8311 59.2622
13.8857 58.9336
13.4008 58.1608
11.2107 54.6709
11.3052 54.6471
11.3939 54.6247
11.4788 54.6033
11.5651 54.5815
11.6668 54.5558
11.77 54.5297
11.8905 54.4993
12.0132 54.4684
12.1253 54.4401
12.253 54.4078
12.3756 54.3769
12.4833 54.3497
12.8641 54.2536
13.344 54.1325
13.7584 54.0279
14.265 53.9
14.1947 53.6605
14.124 53.4196
14.0448 53.1498
13.9681 52.8884
13.9008 52.659
13.8244 52.3989
13.7519 52.1519
13.6682 51.8666
13.591 51.6035
13.5182 51.3554
13.4551 51.1403
13.3846 50.9003
13.3193 50.6777
13.2351 50.3907
13.1667 50.1579
13.1667 50.1579
13.1667 50.1579
13.1667 50.1579
13.1667 50.1579
13.1667 50.1579
13.1667 50.1579
13.1667 50.1579
13.1667 50.1579
13.1667 50.1579
13.3294 50.0035
13.5081 49.8338
13.6949 49.6564
13.8679 49.4919
14.0461 49.3227
14.0461 49.3227
14.0461 49.3227
14.0461 49.3227
14.0461 49.3227
14.0461 49.3227
14.0461 49.3227
14.0461 49.3227
14.0461 49.3227
14.0461 49.3227
14.0461 49.3227
14.0461 49.3227
14.0461 49.3227
15.831 48.133
17.3707 47.1067
24.0998 42.6231
24.0987 42.2467
24.0974 41.8242
24.0961 41.3833
24.0947 40.9345
24.0933 40.4618
24.0922 40.0807
24.0907 39.5825
24.0892 39.1019
24.0876 38.5512
24.0852 37.7656
24.0829 36.9948
24.0801 36.0467
24.0777 35.2437
24.0767 34.932
24.0757 34.5837
24.0747 34.2629
24.0739 33.9879
24.0729 33.655
24.0721 33.3813
24.0712 33.1027
24.0707 32.9082
24.0701 32.7181
24.0696 32.5368
24.0662 31.424
24.0639 30.6605
24.0624 30.1581
24.0615 29.8534
24.0615 29.84
24.0614 29.8255
24.0613 29.8097
24.0613 29.7955
24.0612 29.7795
24.0612 29.7653
24.0611 29.7486
24.0611 29.7486
22.6616 32.406
21.6749 34.2795
21.2619 35.064
20.9541 35.6485
20.566 36.3855
19.9932 36.3634
19.4725 36.3433
18.9729 36.324
18.4517 36.3039
18.0319 36.2877
17.6035 36.2712
17.02 36.2486
16.3056 36.2211
15.4726 36.1889
14.59 36.1549
13.6279 36.1177
12.6847 36.0813
12.4245 35.9831
12.1584 35.8827
11.8718 35.7745
11.6064 35.6743
11.3305 35.5702
11.0791 35.4753
10.8552 35.3908
10.6649 35.319
10.5146 35.2623
10.6582 34.1548
10.756 33.4007
10.8333 32.8047
10.9075 32.2333
10.9737 31.7223
11.0418 31.1971
11.1147 30.6355
11.178 30.1473
11.3679 28.683
11.5423 27.3377
11.6987 26.1316
11.8877 24.6743
12.0756 23.2253
12.2275 22.054
12.4218 20.5559
12.4595 20.265
12.4964 19.9799
12.5674 19.4327
12.6518 18.781
12.7279 18.1941
12.8032 17.6129
12.8719 17.0829
12.9586 16.4139
13.1815 14.6929
13.2559 14.7017
13.3522 14.7131
13.4491 14.7245
13.5387 14.7351
13.6325 14.7462
13.7212 14.7567
13.8059 14.7667
13.8905 14.7767
14.2312 14.8169
14.6047 14.861
16.4722 15.0815
18.1631 15.2811
19.69 15.4614
21.6399 15.6917
23.3518 15.8938
25.0509 16.0945
26.2198 16.2325
26.7476 16.2949
26.8193 16.3033
26.9135 16.3145
26.9976 16.3244
27.0348 16.3288
30.2363 16.3003
32.4012 16.281
34.4437 16.2628
36.2182 16.2469
37.3643 16.2366
37.6155 16.2344
37.9937 16.231
38.3304 16.2279
40.4668 16.2087
43.2671 16.1835
54.5634 16.0828
57.1412 16.0597
57.1412 16.0597
57.1412 16.0597
57.1412 16.0597
62.0494 15.9556
63.2771 16.2322
64.393 16.4836
65.4437 16.7203
66.4243 16.9413
67.5351 17.1915
68.5907 17.4294
70.351 17.826
73.2914 18.4885
