0,176,598,581,721,24,777,103,959,419,504,295,819,6,831,873,355,781,865,917,828,785,870,421,681,278,853,586,250,160,935,467,706,221,379,529,834,191,862,751,906,19,458,209,844,63,716,934,989,289,314,55,164,594,875,930,555,257,821,644,978,606,634,27,43,377,69,472,843,396,210,356,790,512,692,480,264,180,66,186,276,848,492,623,217,197,566,945,342,262,101,842,293,577,810,519,35,804,461,907,161,84,238,923,793,597,68,112,617,942,286,798,791,743,282,190,290,647,393,650,152,188,762,216,968,109,964,85,595,460,420,538,656,340,67,852,383,900,727,867,850,605,440,625,515,668,201,818,385,654,509,975,904,579,857,744,468,395,683,235,558,281,576,809,621,370,929,498,267,30,891,676,291,484,127,533,404,732,175,922,788,390,957,459,645,846,308,720,493,765,54,912,233,34,903,789,327,587,56,604,501,99,733,382,839,545,422,950,640,275,89,397,403,599,688,778,349,897,901,510,391,137,811,302,543,664,11,748,603,388,59,908,525,475,758,324,756,876,783,49,508,913,7,194,452,413,237,269,147,687,619,155,522,679,151,438,78,700,612,869,549,121,943,284,702,268,641,709,125,836,65,602,486,205,474,902,254,787,354,439,822,64,261,669,351,246,310,626,287,111,26,883,337,363,704,573,653,518,407,307,899,824,643,881,348,8,362,646,682,61,412,187,812,722,963,366,673,629,488,402,211,741,258,915,572,661,331,794,299,74,455,588,710,674,514,4,463,841,499,328,958,863,46,384,212,87,86,133,898,985,829,655,535,38,37,663,723,414,142,858,938,534,771,352,949,279,797,496,476,174,616,182,527,157,154,47,489,749,542,505,330,708,214,283,972,10,423,956,32,222,341,990,770,312,228,123,148,698,981,731,691,336,633,705,116,166,128,303,909,936,373,652,100,531,677,925,57,849,277,347,939,799,162,805,196,77,760,784,122,735,329,451,234,119,255,218,630,338,81,114,565,665,411,764,589,371,272,192,97,130,376,398,219,970,948,924,729,507,220,658,443,339,479,796,502,266,526,552,361,600,726,168,500,971,132,860,686,524,79,574,954,730,701,3,946,888,772,381,694,667,374,113,879,457,346,431,635,780,551,429,326,739,298,427,639,615,482,657,14,966,747,734,680,131,703,207,717,607,982,892,153,890,401,556,503,400,426,445,955,93,316,224,31,546,178,944,203,554,75,90,433,240,991,803,247,719,728,830,517,333,386,58,360,469,244,916,699,50,495,399,48,321,487,300,325,568,1,462,792,557,405,953,39,95,447,547,570,263,364,446,718,914,106,988,368,442,628,868,444,637,678,380,236,827,435,213,585,969,200,711,712,88,436,560,815,759,108,905,736,304,138,301,750,825,249,491,973,17,776,227,15,693,199,169,610,288,20,183,521,428,871,651,441,593,430,886,695,833,933,885,753,859,611,714,409,786,115,456,13,120,44,490,808,631,768,696,306,36,28,253,92,146,638,150,96,761,73,141,738,877,22,139,960,559,2,172,392,672,230,795,866,872,256,918,470,394,223,927,601,41,418,184,76,60,919,189,270,16,649,292,608,424,454,689,578,296,537,757,550,697,614,167,878,965,571,359,596,591,21,124,104,225,523,910,226,662,471,855,294,241,806,540,80,252,779,365,715,350,171,410,453,976,659,215,724,134,319,636,248,513,193,894,406,163,561,437,562,375,320,516,814,408,140,536,947,144,548,642,707,206,305,564,713,569,773,416,539,231,239,511,179,774,532,82,343,389,807,72,530,840,974,766,271,746,449,752,265,448,874,541,5,156,53,181,613,105,309,763,165,367,880,832,755,801,12,690,575,40,415,9,229,861,259,618,129,23,856,624,280,118,816,992,464,817,851,952,344,434,882,896,62,313,961,145,177,980,91,315,769,632,782,126,432,826,369,245,887,940,208,563,800,986,921,335,671,802,94,582,847,173,987,895,317,297,42,984,273,353,159,742,465,251,823,754,567,202,620,185,911,584,737,477,937,481,378,318,494,83,71,417,837,51,18,931,775,893,580,52,845,544,285,158,666,622,864,854,149,135,983,889,820,322,813,928,372,725,473,25,685,528,311,660,648,110,332,204,740,450,962,506,107,684,497,170,951,838,242,884,835,941,745,932,195,136,425,977,198,583,478,334,967,387,485,323,358,767,102,926,143,553,274,670,675,592,29,232,70,45,609,357,117,466,920,590,98,33,520,243,345,260,979,627,483,
value : 636.388 running time : 46.697173
80 20
64.1683 16.903
64.1683 16.903
64.1683 16.903
64.1683 16.903
64.1683 16.903
64.1683 16.903
63.6906 16.0076
63.6906 16.0076
61.9465 18.8712
61.9465 18.8712
61.9465 18.8712
61.9465 18.8712
61.9465 18.8712
56.815 30.461
56.815 30.461
56.815 30.461
56.815 30.461
56.815 30.461
46.7835 32.7727
46.7835 32.7727
46.7835 32.7727
46.7835 32.7727
46.7835 32.7727
46.7835 32.7727
43.1398 32.3811
43.1398 32.3811
43.1398 32.3811
43.1398 32.3811
43.1398 32.3811
43.1398 32.3811
43.1398 32.3811
37.8186 31.3734
37.8186 31.3734
37.8186 31.3734
37.8186 31.3734
37.8186 31.3734
37.8186 31.3734
37.8186 31.3734
44.8725 38.4506
44.8725 38.4506
44.8725 38.4506
44.8725 38.4506
44.8725 38.4506
44.8725 38.4506
44.8725 38.4506
44.8725 38.4506
46.2251 36.4115
46.2251 36.4115
46.2251 36.4115
52.3375 36.8265
52.3375 36.8265
52.3375 36.8265
52.3375 36.8265
52.3375 36.8265
52.3375 36.8265
52.3375 36.8265
52.3375 36.8265
52.3375 36.8265
57.3258 43.814
57.3258 43.814
57.3258 43.814
57.3258 43.814
57.3258 43.814
57.3258 43.814
57.3258 43.814
57.3258 43.814
57.3258 43.814
57.3258 43.814
57.3258 43.814
48.9905 43.6647
48.9905 43.6647
48.9905 43.6647
48.9905 43.6647
48.9905 43.6647
48.9905 43.6647
46.5277 48.0182
46.5277 48.0182
46.5277 48.0182
46.5277 48.0182
46.5277 48.0182
46.5277 48.0182
46.5277 48.0182
46.5277 48.0182
46.5277 48.0182
46.5277 48.0182
46.5277 48.0182
46.5277 48.0182
51.3367 48.1616
51.3367 48.1616
51.3367 48.1616
52.8788 51.6202
52.8788 51.6202
52.8788 51.6202
52.8788 51.6202
52.8788 51.6202
52.8788 51.6202
50.6146 54.4857
50.6146 54.4857
57.7669 58.7153
57.7669 58.7153
57.7669 58.7153
57.7669 58.7153
57.7669 58.7153
57.7669 58.7153
57.7669 58.7153
57.7669 58.7153
58.7391 64.2907
58.7391 64.2907
58.7391 64.2907
58.7391 64.2907
58.7391 64.2907
58.7391 64.2907
58.7391 64.2907
58.7391 64.2907
58.7391 64.2907
62.2821 64.8761
62.2821 64.8761
62.2821 64.8761
62.2821 64.8761
62.2821 64.8761
62.2821 64.8761
62.2821 64.8761
62.2821 64.8761
62.2821 64.8761
62.2821 64.8761
62.2821 64.8761
62.2821 64.8761
62.2821 64.8761
62.2821 64.8761
62.2821 64.8761
69.651 66.7717
69.651 66.7717
69.651 66.7717
69.651 66.7717
69.651 66.7717
69.651 66.7717
69.651 66.7717
69.651 66.7717
69.651 66.7717
69.651 66.7717
66.4781 68.5616
66.4781 68.5616
64.6769 69.1854
64.6769 69.1854
64.6769 69.1854
66.4348 71.0682
66.4348 71.0682
67.2624 72.8625
67.2624 72.8625
67.2624 72.8625
67.2624 72.8625
67.2624 72.8625
67.2624 72.8625
63.4704 74.7761
63.4704 74.7761
60.4348 72.1604
60.4348 72.1604
46.7027 63.7752
46.7027 63.7752
46.7027 63.7752
46.7027 63.7752
46.7027 63.7752
46.7027 63.7752
42.3533 64.1409
42.3533 64.1409
42.3533 64.1409
42.3533 64.1409
37.5242 65.017
37.5242 65.017
37.5242 65.017
37.5242 65.017
37.5242 65.017
37.5242 65.017
37.5242 65.017
37.5242 65.017
37.5242 65.017
37.5242 65.017
37.5242 65.017
37.5242 65.017
37.5242 65.017
37.5242 65.017
37.5242 65.017
37.5242 65.017
37.5242 65.017
29.6245 65.9914
29.6245 65.9914
29.6245 65.9914
29.6245 65.9914
29.6245 65.9914
29.6245 65.9914
29.6245 65.9914
29.6245 65.9914
29.6245 65.9914
29.6245 65.9914
29.6245 65.9914
29.6245 65.9914
29.6245 65.9914
29.6245 65.9914
29.6245 65.9914
29.6245 65.9914
29.6245 65.9914
29.6245 65.9914
29.6245 65.9914
29.6245 65.9914
29.6245 65.9914
26.1112 62.6504
26.1112 62.6504
26.1112 62.6504
26.1112 62.6504
26.1112 62.6504
25.7586 56.026
25.7586 56.026
25.7586 56.026
25.7586 56.026
25.7586 56.026
25.7586 56.026
25.7586 56.026
25.7586 56.026
25.7586 56.026
25.7586 56.026
25.7586 56.026
28.7243 50.4266
28.7243 50.4266
28.7243 50.4266
28.7243 50.4266
28.7243 50.4266
28.7243 50.4266
28.7243 50.4266
28.7243 50.4266
28.7243 50.4266
28.7243 50.4266
28.7243 50.4266
28.7243 50.4266
28.7243 50.4266
28.7243 50.4266
28.7243 50.4266
28.7243 50.4266
28.7243 50.4266
28.7243 50.4266
28.7243 50.4266
28.7243 50.4266
32.6655 46.9645
32.6655 46.9645
32.6655 46.9645
32.6655 46.9645
32.6655 46.9645
32.6655 46.9645
32.6655 46.9645
32.6655 46.9645
32.6655 46.9645
32.6655 46.9645
32.6655 46.9645
32.6655 46.9645
32.6655 46.9645
32.6655 46.9645
25.6724 33.7704
25.6724 33.7704
25.6724 33.7704
25.6724 33.7704
25.6724 33.7704
25.6724 33.7704
25.6724 33.7704
25.6724 33.7704
23.6281 28.7583
23.6281 28.7583
23.6281 28.7583
23.6281 28.7583
23.6281 28.7583
23.6281 28.7583
23.6281 28.7583
23.6281 28.7583
23.6281 28.7583
23.6281 28.7583
23.6281 28.7583
23.6281 28.7583
23.6281 28.7583
23.6281 28.7583
23.6281 28.7583
23.6281 28.7583
23.6281 28.7583
23.6281 28.7583
33.738 14.1334
33.738 14.1334
33.738 14.1334
33.738 14.1334
33.738 14.1334
33.738 14.1334
33.738 14.1334
33.738 14.1334
33.738 14.1334
33.738 14.1334
33.738 14.1334
33.738 14.1334
33.738 14.1334
33.738 14.1334
33.738 14.1334
33.1949 13.5356
33.1949 13.5356
19.8332 18.8864
19.8332 18.8864
19.8332 18.8864
19.8332 18.8864
17.1886 15.1845
17.1886 15.1845
17.1886 15.1845
17.1886 15.1845
13.9424 14.7407
13.9424 14.7407
13.9424 14.7407
13.9424 14.7407
12.4816 15.0303
12.4816 15.0303
12.4816 15.0303
12.4816 15.0303
12.4816 15.0303
12.4816 15.0303
14.0281 15.9632
14.0281 15.9632
14.0281 15.9632
14.0281 15.9632
14.0281 15.9632
12.8694 24.1407
12.8694 24.1407
12.8694 24.1407
12.8694 24.1407
12.8694 24.1407
12.8694 24.1407
12.8694 24.1407
12.8694 24.1407
12.8694 24.1407
12.8694 24.1407
12.8694 24.1407
12.8694 24.1407
12.8176 27.7675
12.8176 27.7675
10.4818 35.9923
10.4818 35.9923
10.4818 35.9923
10.4818 35.9923
10.4818 35.9923
10.4818 35.9923
10.4818 35.9923
10.4818 35.9923
10.4818 35.9923
10.4818 35.9923
10.4818 35.9923
10.4818 35.9923
10.4818 35.9923
10.4818 35.9923
10.4818 35.9923
19.9408 41.8359
19.9408 41.8359
19.9408 41.8359
19.9408 41.8359
19.9408 41.8359
19.9408 41.8359
19.9408 41.8359
19.9408 41.8359
19.9408 41.8359
19.9408 41.8359
19.9408 41.8359
19.9408 41.8359
19.9408 41.8359
19.9408 41.8359
13.5325 43.6674
13.5325 43.6674
13.5325 43.6674
13.5325 43.6674
13.5325 43.6674
13.5325 43.6674
13.5325 43.6674
12.6376 45.7551
12.6376 45.7551
12.6376 45.7551
12.6376 45.7551
12.6376 45.7551
12.6376 45.7551
12.6376 45.7551
12.6376 45.7551
12.6376 45.7551
11.0699 45.6544
11.0699 45.6544
11.0699 45.6544
11.0699 45.6544
11.0699 45.6544
11.0699 45.6544
14.5442 49.3892
14.5442 49.3892
14.5442 49.3892
14.5442 49.3892
14.5442 49.3892
14.5442 49.3892
14.5442 49.3892
14.5442 49.3892
14.5442 49.3892
14.5442 49.3892
14.5442 49.3892
14.5442 49.3892
14.5442 49.3892
14.5442 49.3892
14.5442 49.3892
14.5442 49.3892
14.5442 49.3892
11.8318 52.5994
11.8318 52.5994
11.8318 52.5994
11.8318 52.5994
11.8318 52.5994
11.8318 52.5994
11.8318 52.5994
11.8318 52.5994
11.8318 52.5994
11.8318 52.5994
11.8318 52.5994
11.8318 52.5994
11.7261 58.8296
11.7261 58.8296
11.7261 58.8296
11.7261 58.8296
11.3026 59.3638
11.3026 59.3638
11.3026 59.3638
11.3026 59.3638
11.3026 59.3638
11.3026 59.3638
11.3026 59.3638
11.3026 59.3638
11.3026 59.3638
12.1788 60.5496
12.1788 60.5496
12.1788 60.5496
12.1788 60.5496
12.1788 60.5496
12.1788 60.5496
12.1788 60.5496
12.1788 60.5496
12.1788 60.5496
12.1788 60.5496
12.1788 60.5496
12.1788 60.5496
12.1788 60.5496
12.1788 60.5496
12.1788 60.5496
12.1788 60.5496
12.1788 60.5496
12.1788 60.5496
12.1788 60.5496
12.1788 60.5496
12.1788 60.5496
12.1788 60.5496
12.1788 60.5496
12.1788 60.5496
12.1788 60.5496
12.1788 60.5496
12.1788 60.5496
14.1458 65.1529
14.9923 67.1339
14.9923 67.1339
14.9923 67.1339
14.9923 67.1339
14.9923 67.1339
14.9923 67.1339
14.9923 67.1339
14.9923 67.1339
14.9923 67.1339
14.9923 67.1339
14.9923 67.1339
14.9923 67.1339
14.9923 67.1339
14.9923 67.1339
14.9923 67.1339
14.9923 67.1339
14.9923 67.1339
14.9923 67.1339
14.9923 67.1339
14.9923 67.1339
14.9923 67.1339
16.7576 68.8608
16.7576 68.8608
19.5899 71.4681
19.5899 71.4681
19.5899 71.4681
19.5899 71.4681
19.5899 71.4681
19.5899 71.4681
19.5899 71.4681
12.4135 72.4667
12.4135 72.4667
12.4135 72.4667
12.4135 72.4667
12.4135 72.4667
12.4135 72.4667
12.4135 72.4667
12.4135 72.4667
12.4135 72.4667
12.4135 72.4667
12.4135 72.4667
12.4135 72.4667
12.4135 72.4667
12.4135 72.4667
12.4135 72.4667
12.4135 72.4667
12.4135 72.4667
12.4135 72.4667
12.4135 72.4667
12.4135 72.4667
12.4135 72.4667
12.4135 72.4667
11.4093 73.0563
11.4093 73.0563
11.4093 73.0563
11.4093 73.0563
11.4093 73.0563
11.4093 73.0563
11.4093 73.0563
11.4093 73.0563
11.4093 73.0563
9.83196 77.8919
9.83196 77.8919
9.83196 77.8919
9.83196 77.8919
9.83196 77.8919
9.83196 77.8919
9.83196 77.8919
9.83196 77.8919
9.83196 77.8919
9.83196 77.8919
9.83196 77.8919
9.83196 77.8919
9.83196 77.8919
9.83196 77.8919
9.83196 77.8919
9.83196 77.8919
9.83196 77.8919
9.83196 77.8919
9.83196 77.8919
9.83196 77.8919
9.83196 77.8919
9.83196 77.8919
9.83196 77.8919
9.83196 77.8919
9.83196 77.8919
9.75524 78.1183
9.75524 78.1183
9.75524 78.1183
9.75524 78.1183
9.75524 78.1183
9.75524 78.1183
14.009 83.3693
14.009 83.3693
14.009 83.3693
14.009 83.3693
14.009 83.3693
14.009 83.3693
14.009 83.3693
14.009 83.3693
14.009 83.3693
14.009 83.3693
14.009 83.3693
14.009 83.3693
14.009 83.3693
14.009 83.3693
10.303 86.6853
10.303 86.6853
10.303 86.6853
10.303 86.6853
10.303 86.6853
10.303 86.6853
10.303 86.6853
10.303 86.6853
10.303 86.6853
10.303 86.6853
10.303 86.6853
10.303 86.6853
10.303 86.6853
10.303 86.6853
10.303 86.6853
10.303 86.6853
10.303 86.6853
10.303 86.6853
10.303 86.6853
10.303 86.6853
9.9806 89.5652
9.9806 89.5652
9.9806 89.5652
9.9806 89.5652
9.9806 89.5652
9.9806 89.5652
9.9806 89.5652
9.9806 89.5652
9.9806 89.5652
9.9806 89.5652
9.9806 89.5652
9.9806 89.5652
9.9806 89.5652
9.9806 89.5652
9.9806 89.5652
9.9806 89.5652
9.9806 89.5652
9.9806 89.5652
9.9806 89.5652
9.9806 89.5652
9.9806 89.5652
9.9806 89.5652
9.9806 89.5652
9.9806 89.5652
9.9806 89.5652
9.9806 89.5652
9.9806 89.5652
9.9806 89.5652
9.9806 89.5652
9.9806 89.5652
12.3306 89.0044
12.3306 89.0044
12.6282 91.6344
12.6282 91.6344
12.6282 91.6344
12.6282 91.6344
12.6282 91.6344
12.6282 91.6344
12.6282 91.6344
12.6282 91.6344
12.6282 91.6344
15.8786 88.3413
15.8786 88.3413
19.7815 91.3082
19.7815 91.3082
19.7815 91.3082
19.7815 91.3082
19.7815 91.3082
19.7815 91.3082
19.7815 91.3082
19.7815 91.3082
19.7815 91.3082
19.7815 91.3082
19.7815 91.3082
19.7815 91.3082
19.7815 91.3082
19.7815 91.3082
19.7815 91.3082
19.7815 91.3082
19.7815 91.3082
19.7815 91.3082
19.7815 91.3082
19.7815 91.3082
23.9444 87.4095
23.9444 87.4095
23.9444 87.4095
23.9444 87.4095
23.9444 87.4095
23.9444 87.4095
23.9444 87.4095
23.9444 87.4095
23.9444 87.4095
23.9444 87.4095
23.9444 87.4095
23.9444 87.4095
23.9444 87.4095
23.9444 87.4095
23.9444 87.4095
25.0336 87.5954
25.0336 87.5954
25.0336 87.5954
25.0336 87.5954
25.0336 87.5954
25.0336 87.5954
25.0336 87.5954
28.7944 91.4512
28.7944 91.4512
28.7944 91.4512
28.7944 91.4512
28.7944 91.4512
33.6165 93.6106
33.6165 93.6106
33.6165 93.6106
33.6165 93.6106
33.6165 93.6106
33.6165 93.6106
33.6165 93.6106
33.6165 93.6106
30.1607 82.4735
30.1607 82.4735
30.1607 82.4735
30.1607 82.4735
30.1607 82.4735
30.1607 82.4735
29.3071 75.0433
29.3071 75.0433
29.3071 75.0433
29.3071 75.0433
29.3071 75.0433
29.3071 75.0433
29.3071 75.0433
29.3071 75.0433
29.3071 75.0433
29.3071 75.0433
29.3071 75.0433
29.3071 75.0433
29.3071 75.0433
29.3071 75.0433
30.4721 76.941
30.4721 76.941
30.4721 76.941
30.4721 76.941
30.4721 76.941
30.4721 76.941
30.4721 76.941
30.4721 76.941
30.4721 76.941
30.4721 76.941
30.4721 76.941
30.4721 76.941
30.4721 76.941
30.4721 76.941
30.4721 76.941
35.2083 74.8649
35.2083 74.8649
35.2083 74.8649
35.2083 74.8649
37.8991 74.0621
37.8991 74.0621
37.8991 74.0621
37.8991 74.0621
37.8991 74.0621
37.8991 74.0621
40.0498 69.888
40.0498 69.888
40.0498 69.888
40.4556 76.5751
40.4556 76.5751
40.4556 76.5751
40.4556 76.5751
40.4556 76.5751
40.4556 76.5751
40.4556 76.5751
40.4556 76.5751
40.4556 76.5751
40.4556 76.5751
40.4556 76.5751
44.2199 77.1075
44.2199 77.1075
44.2199 77.1075
44.2199 77.1075
44.2199 77.1075
44.2199 77.1075
44.2199 77.1075
44.2199 77.1075
44.2199 77.1075
44.2199 77.1075
44.2199 77.1075
44.2199 77.1075
44.2199 77.1075
44.2199 77.1075
45.2226 76.6245
45.2226 76.6245
45.2226 76.6245
42.6619 85.482
42.6619 85.482
42.6619 85.482
42.6619 85.482
42.6619 85.482
42.6619 85.482
42.6619 85.482
42.6619 85.482
42.6619 85.482
42.6619 85.482
42.6619 85.482
42.6619 85.482
42.6619 85.482
42.6619 85.482
42.6619 85.482
42.6619 85.482
42.6619 85.482
42.6619 85.482
42.6619 85.482
42.6619 85.482
42.6619 85.482
42.6619 85.482
43.9248 88.1637
43.9248 88.1637
43.9248 88.1637
43.9248 88.1637
43.9248 88.1637
43.9248 88.1637
43.9248 88.1637
43.9248 88.1637
43.9248 88.1637
43.9248 88.1637
43.9248 88.1637
43.6094 89.3369
43.6094 89.3369
43.6094 89.3369
43.6094 89.3369
43.6094 89.3369
44.3638 90.5154
44.3638 90.5154
44.3638 90.5154
44.3638 90.5154
44.3638 90.5154
44.3638 90.5154
44.3638 90.5154
44.3638 90.5154
44.3638 90.5154
44.3638 90.5154
44.3638 90.5154
44.3638 90.5154
44.3638 90.5154
44.3638 90.5154
44.3638 90.5154
44.3638 90.5154
49.6618 84.0406
49.6618 84.0406
49.6618 84.0406
49.6618 84.0406
49.6618 84.0406
49.6618 84.0406
49.6618 84.0406
49.6618 84.0406
49.6618 84.0406
49.6618 84.0406
49.6618 84.0406
49.6618 84.0406
49.6618 84.0406
49.6618 84.0406
53.3935 88.0595
53.3935 88.0595
53.3935 88.0595
53.3935 88.0595
53.3935 88.0595
53.3935 88.0595
53.3935 88.0595
55.6759 88.656
55.6759 88.656
55.6759 88.656
55.6759 88.656
55.6759 88.656
55.6759 88.656
55.6759 88.656
55.6759 88.656
55.6759 88.656
55.6759 88.656
57.2366 90.8467
57.2366 90.8467
57.2366 90.8467
57.2366 90.8467
55.7883 78.7435
55.7883 78.7435
55.7883 78.7435
55.7883 78.7435
55.7883 78.7435
55.7883 78.7435
55.7883 78.7435
55.7883 78.7435
55.7883 78.7435
55.7883 78.7435
55.7883 78.7435
55.7883 78.7435
55.7883 78.7435
55.7883 78.7435
55.7883 78.7435
55.7883 78.7435
55.7883 78.7435
55.7883 78.7435
55.7883 78.7435
55.7883 78.7435
55.7883 78.7435
55.7883 78.7435
55.7883 78.7435
56.8574 78.9343
56.8574 78.9343
56.8574 78.9343
56.8574 78.9343
56.8574 78.9343
60.7822 83.0865
60.7822 83.0865
60.7822 83.0865
65.1615 85.6421
65.1615 85.6421
65.1615 85.6421
65.1615 85.6421
65.1615 85.6421
65.1615 85.6421
65.1615 85.6421
65.1615 85.6421
65.1615 85.6421
65.2463 85.624
65.2463 85.624
65.3 89.3672
65.3 89.3672
65.3 89.3672
65.3 89.3672
65.3 89.3672
65.3 89.3672
65.3 89.3672
65.3 89.3672
69.7977 85.3448
69.7977 85.3448
69.7977 85.3448
69.7977 85.3448
69.7977 85.3448
69.7977 85.3448
69.7977 85.3448
69.7977 85.3448
69.7977 85.3448
75.3932 87.8658
75.3932 87.8658
75.3932 87.8658
75.3932 87.8658
75.3932 87.8658
75.3932 87.8658
75.3932 87.8658
75.3932 87.8658
75.3932 87.8658
75.3932 87.8658
75.3932 87.8658
75.3932 87.8658
77.448 87.8148
80.9203 87.9887
80.9203 87.9887
80.9203 87.9887
80.9203 87.9887
80.9203 87.9887
83.7531 87.319
86.1566 84.8348
86.1566 84.8348
86.1566 84.8348
86.1566 84.8348
86.1566 84.8348
86.1566 84.8348
86.1566 84.8348
85.6885 84.1056
85.6885 84.1056
75.3316 75.7748
75.3316 75.7748
75.3316 75.7748
75.3316 75.7748
79.6926 74.1669
79.6926 74.1669
84.1295 62.7657
84.1295 62.7657
84.1295 62.7657
84.5852 62.0125
84.5852 62.0125
84.5852 62.0125
84.5852 62.0125
84.5852 62.0125
84.5852 62.0125
79.0813 48.5235
79.0813 48.5235
79.0813 48.5235
79.0813 48.5235
79.0813 48.5235
79.0813 48.5235
79.0813 48.5235
79.0813 48.5235
79.0813 48.5235
79.0813 48.5235
72.4509 51.3565
72.4509 51.3565
72.4509 51.3565
72.4509 51.3565
72.4509 51.3565
72.4509 51.3565
69.7034 46.1031
69.7034 46.1031
69.7034 46.1031
69.7034 46.1031
69.7034 46.1031
69.7034 46.1031
69.7034 46.1031
69.7034 46.1031
69.7034 46.1031
69.7034 46.1031
69.7034 46.1031
69.7034 46.1031
69.7034 46.1031
69.7034 46.1031
69.7034 46.1031
69.7034 46.1031
69.7034 46.1031
69.7034 46.1031
69.7034 46.1031
83.314 35.5343
83.314 35.5343
83.314 35.5343
83.314 35.5343
86.2684 17.5916
86.2684 17.5916
86.2684 17.5916
86.2684 17.5916
86.2684 17.5916
86.2684 17.5916
