0,627,483,260,979,345,243,103,504,24,295,777,176,598,721,959,865,19,581,819,831,828,555,357,377,197,844,217,66,681,675,63,906,716,870,875,821,978,785,45,355,594,314,358,873,55,250,751,634,781,27,458,164,43,935,257,930,276,209,6,7,586,421,498,69,891,237,194,452,522,848,862,810,282,743,472,923,512,492,621,843,461,342,623,519,262,286,577,793,210,85,945,281,188,798,370,597,269,104,356,480,508,922,981,729,151,748,688,756,839,174,956,771,397,11,388,913,529,938,125,413,908,603,65,423,612,147,664,486,121,38,566,783,778,32,687,876,525,535,191,354,37,302,180,679,917,989,49,706,869,811,619,692,155,467,414,26,549,419,160,787,379,790,853,709,363,883,289,934,337,704,653,834,518,246,307,64,351,669,573,824,287,626,111,407,284,822,310,254,261,602,278,205,643,221,61,629,412,8,812,641,646,722,474,881,488,187,963,455,331,702,915,514,899,87,402,299,211,588,348,674,362,682,661,902,133,366,794,283,74,4,673,836,741,439,710,829,943,990,985,958,258,700,86,78,330,572,898,222,123,499,863,10,268,46,652,312,841,505,616,949,770,936,463,534,663,154,384,403,328,542,805,148,212,47,122,731,128,341,352,57,749,909,116,849,858,489,527,157,556,694,398,939,255,234,524,734,207,717,114,97,196,531,966,639,657,667,381,329,347,77,14,219,739,879,482,680,272,948,665,607,517,970,162,764,784,565,630,338,400,192,599,130,131,119,500,411,479,361,336,277,703,760,3,371,376,799,427,925,677,589,233,429,691,901,166,747,735,100,698,303,218,545,214,708,228,655,723,182,142,496,422,476,543,391,451,797,758,705,438,720,349,373,633,34,475,772,507,972,324,279,89,510,132,733,493,571,574,443,965,275,81,897,601,59,846,552,137,645,490,886,113,903,76,726,971,560,608,360,244,168,946,658,220,600,924,757,326,333,502,487,431,830,546,426,570,860,445,888,718,325,401,95,890,796,991,457,374,346,178,240,792,693,825,58,48,892,263,686,224,728,554,955,982,759,433,503,905,31,298,169,108,75,90,914,615,300,944,93,780,551,15,424,444,106,435,364,200,386,988,699,695,13,368,316,868,750,585,1,833,288,637,399,153,213,953,39,236,678,736,405,447,827,969,711,803,203,547,442,712,462,973,304,138,446,301,247,557,719,628,568,380,227,339,249,88,199,885,418,916,815,115,436,17,954,167,28,441,651,36,183,44,611,521,593,776,761,808,50,430,786,456,409,610,696,253,768,120,859,20,306,150,256,428,960,714,753,933,491,871,437,631,41,146,918,96,495,469,99,184,321,578,789,60,635,526,604,266,701,950,454,927,327,124,806,919,537,697,638,550,730,591,872,804,54,732,533,765,30,809,267,359,640,957,21,587,976,382,596,308,929,788,390,501,715,912,79,410,127,576,459,471,291,365,855,161,676,782,968,84,724,894,171,216,175,779,558,235,468,56,319,800,683,878,225,270,163,484,617,109,636,895,404,910,134,755,226,193,614,16,540,189,215,662,223,659,689,642,252,672,92,241,296,141,73,539,416,795,230,564,707,470,22,613,548,773,738,877,940,861,292,947,851,2,392,172,129,807,72,766,532,5,434,259,569,231,974,448,265,139,746,271,752,309,181,53,82,206,408,814,516,320,343,882,156,961,165,375,559,305,874,624,541,511,952,866,239,449,105,389,713,774,690,754,202,536,763,313,23,801,335,248,582,432,294,369,126,513,857,769,632,140,91,921,9,245,986,94,802,406,394,530,563,280,826,649,561,840,562,523,112,80,350,144,460,671,453,904,51,727,847,605,509,297,415,229,317,984,896,52,273,823,737,992,40,62,856,575,911,185,344,931,42,464,567,887,367,179,618,816,880,477,980,118,12,584,832,290,864,813,395,71,18,481,378,744,620,159,740,494,318,353,149,83,177,465,285,622,817,251,666,742,775,845,544,158,820,145,937,580,417,854,983,893,135,928,322,889,725,25,311,685,473,372,660,648,385,837,818,204,528,383,450,152,332,201,579,867,884,387,684,942,650,393,975,70,485,190,907,117,478,900,656,842,850,186,625,315,67,110,293,35,173,340,420,654,440,647,668,396,962,791,68,987,264,964,595,767,238,101,762,515,538,208,232,606,644,941,583,553,609,967,425,198,932,195,670,920,838,334,592,102,852,170,29,951,497,242,107,977,136,506,466,835,926,745,143,323,33,520,274,590,98,
value : 529.941 running time : 43.255690
80 20
84.3401 15.2891
84.3401 15.2891
84.0593 15.2778
83.8077 15.2677
83.5725 15.2582
82.8893 15.2308
68.7834 14.6634
68.3026 15.4103
67.8918 16.0483
67.5237 16.6202
67.198 17.1261
66.877 17.6247
66.5119 18.1919
66.185 18.6997
63.0946 23.5006
60.1859 28.0191
59.6874 28.7935
59.5165 29.0591
58.8076 30.1603
57.9275 31.5275
56.925 33.0849
55.951 34.598
54.883 36.257
54.8068 36.3072
54.7261 36.3604
54.6548 36.4074
54.5881 36.4513
54.5202 36.4961
54.4579 36.5371
54.3946 36.5788
54.3202 36.6278
54.2531 36.672
54.1889 36.7143
54.1274 36.7548
54.0668 36.7948
54.0124 36.8306
53.9445 36.8753
53.8817 36.9167
53.8205 36.957
53.7544 37.0006
53.6889 37.0437
53.6281 37.0838
53.5629 37.1267
53.4961 37.1707
53.4263 37.2167
53.353 37.265
53.2862 37.309
53.2181 37.3538
53.1505 37.3984
53.075 37.4481
52.998 37.4989
52.924 37.5476
52.844 37.6003
52.7561 37.6582
52.6761 37.7109
52.6311 37.7405
52.58 37.7742
52.5377 37.8021
52.4936 37.8312
46.9879 41.4581
46.9879 41.4581
46.6749 43.1187
45.8696 47.3916
45.5479 49.0986
45.1557 51.1796
45.318 51.399
45.4775 51.6147
45.6423 51.8375
45.8173 52.0742
46.0002 52.3217
46.1918 52.5807
47.1035 53.8136
46.9915 53.7862
46.8702 53.7566
46.7414 53.7251
46.6189 53.6951
46.4908 53.6637
46.3739 53.6352
46.252 53.6053
46.132 53.576
46.0053 53.545
45.8874 53.5162
45.7785 53.4895
45.6579 53.46
45.5304 53.4288
45.4051 53.3982
45.2619 53.3632
45.1095 53.3259
44.9441 53.2854
44.8042 53.2512
44.5269 53.1834
44.2573 53.1174
43.999 53.0543
43.235 52.8674
42.0086 52.5674
40.9221 52.3017
39.5011 51.9541
38.5147 51.7128
37.4649 51.456
36.2388 51.1561
33.8459 50.6513
31.9123 50.2434
28.8305 49.5933
28.7665 49.4194
28.6526 49.1095
28.5597 48.8568
28.4771 48.6319
28.3921 48.4008
28.3016 48.1547
28.0732 47.5333
27.9551 47.212
27.7903 46.7638
27.6464 46.3723
27.508 45.9958
27.3732 45.629
27.2462 45.2835
27.1005 44.8872
26.9855 44.5744
26.8399 44.1783
26.7585 43.957
26.6688 43.713
26.5769 43.4629
26.4455 43.1054
26.3502 42.8462
26.5912 42.4947
26.8018 42.1873
27.0836 41.7762
27.3589 41.3745
27.6018 41.0201
27.8119 40.7135
28.0357 40.3869
28.0523 40.3628
28.0685 40.3392
28.2654 40.0518
28.4718 39.7507
28.6636 39.471
28.8744 39.1634
29.1056 38.8262
29.3778 38.4291
29.5773 38.1381
30.7714 38.3375
32.3147 38.5952
33.9851 38.8742
34.0826 38.6545
34.1738 38.4493
34.2616 38.2517
34.35 38.0525
34.474 37.7734
34.6031 37.4827
34.7177 37.2246
34.8326 36.966
34.9658 36.6662
35.0949 36.3753
35.6291 35.1726
36.0002 34.3371
37.0701 31.9283
37.2153 31.6014
39.3185 26.8661
39.3185 26.8661
39.3185 26.8661
39.3185 26.8661
39.3185 26.8661
39.11 25.8979
38.7814 24.3712
38.4873 23.0053
38.3742 22.4802
38.2678 21.986
38.1397 21.3909
37.999 20.7372
37.863 20.1054
37.7384 19.5269
37.6115 18.9374
37.1005 16.564
36.1776 17.0148
35.5022 17.3447
35.031 17.575
34.6079 17.7816
34.1454 18.0076
33.6885 18.2308
33.1865 18.476
32.818 18.656
32.3561 18.8817
31.9335 19.0881
31.4952 19.3022
30.9195 19.5834
30.4466 19.8144
29.9648 20.0498
29.3047 20.3722
28.7594 20.6386
26.9076 21.5432
25.5292 22.2166
23.8024 23.0601
22.0898 21.9454
20.4613 20.8854
13.677 16.4707
13.2352 16.1832
12.8608 15.9394
12.5117 15.7122
12.1004 15.4445
12.1323 15.7293
12.1503 15.8901
12.1699 16.0657
12.1977 16.3135
12.2192 16.5055
12.2444 16.7308
12.3715 17.8669
12.5365 19.3407
12.672 20.5511
12.7964 21.6627
12.9186 22.7545
13.0869 24.2582
13.1596 24.908
13.1596 24.908
13.1596 24.908
13.1596 24.908
13.1596 24.908
13.1596 24.908
13.2 25.0035
13.2411 25.1007
13.2819 25.1971
13.3274 25.3047
13.3775 25.4231
13.4642 25.6282
13.5423 25.8128
13.617 25.9894
13.6893 26.1605
13.819 26.4672
13.9693 26.8226
13.9693 26.8226
13.9693 26.8226
13.9693 26.8226
13.9693 26.8226
13.9693 26.8226
13.9693 26.8226
13.7002 27.6201
13.443 28.382
13.1978 29.1086
12.9217 29.9269
12.7577 30.4127
12.5933 30.9
12.4678 31.2717
12.314 31.7274
12.171 32.1513
12.036 32.5513
11.9649 32.7618
11.9649 32.7618
11.9649 32.7618
11.5636 36.8278
11.496 37.5129
11.4344 38.1368
11.4053 38.4317
11.3776 38.7124
11.35 38.9914
11.2942 39.5566
11.2417 40.0887
11.195 40.5614
11.149 41.028
11.1062 41.4608
11.07 41.8277
11.0321 42.2119
10.9949 42.5884
10.9553 42.9901
10.9208 43.3395
10.8869 43.6821
10.8548 44.0072
10.8204 44.3558
10.7881 44.6832
10.7536 45.0327
10.7353 45.1973
10.6481 45.9814
10.5682 46.6991
10.4998 47.3147
10.4205 48.0273
10.3227 48.9071
10.234 49.7043
10.193 50.0737
10.1434 50.5192
10.0917 50.9839
10.0388 51.46
9.98647 51.9302
9.93466 52.3961
9.87949 52.8921
9.82056 53.4221
9.75869 53.9783
9.7018 54.4898
9.63523 55.0884
9.56248 55.7425
9.48831 56.4094
8.599 64.4044
8.59658 64.4261
8.59433 64.4464
8.59208 64.4666
8.58983 64.4868
8.5877 64.506
8.58543 64.5264
8.58306 64.5477
8.58061 64.5697
8.72663 64.5514
8.87898 64.5323
9.00842 64.5161
9.13527 64.5002
9.25594 64.4851
9.38215 64.4692
9.52446 64.4514
9.678 64.4322
9.82526 64.4137
9.99069 64.393
10.1827 64.3689
10.3124 64.3527
10.4657 64.3335
10.6295 64.3129
10.8039 64.2911
10.9766 64.2694
11.1446 64.2484
11.3189 64.2266
11.4863 64.2056
11.649 64.1852
11.8021 64.166
11.956 64.1467
12.1205 64.1261
12.3245 64.1005
12.5617 64.0708
12.7861 64.0427
13.007 64.015
13.2092 63.9897
13.4274 63.9623
13.6403 63.9356
13.8493 63.9094
14.0707 63.8817
14.2888 63.8544
14.5243 63.8249
14.5243 63.8249
14.5243 63.8249
14.5243 63.8249
14.5243 63.8249
14.5243 63.8249
14.5243 63.8249
14.4651 63.7543
14.3987 63.6752
14.3367 63.6014
14.2762 63.5293
14.2163 63.458
14.1594 63.3901
14.1004 63.3199
14.1129 63.2336
14.125 63.1498
14.1693 62.8429
14.2271 62.4426
14.2781 62.0893
14.3263 61.756
14.3743 61.4235
14.4174 61.1252
14.5768 60.0214
14.7186 59.0394
15.0003 57.088
15.0171 57.0137
15.0351 56.9344
15.0535 56.8532
15.0716 56.7731
15.0885 56.6988
15.1055 56.6237
15.123 56.5462
15.059 56.4389
15.005 56.3483
18.976 52.9712
18.976 52.9712
19.0201 53.0549
19.0642 53.1385
19.1083 53.2221
19.1512 53.3036
19.1979 53.3922
19.2379 53.4681
19.2855 53.5585
19.3329 53.6485
19.3819 53.7414
19.4223 53.8181
19.4668 53.9026
19.5159 53.9959
19.5604 54.0803
19.6205 54.1944
19.6255 54.2038
19.6296 54.2115
19.7851 54.5068
19.944 54.8083
20.0847 55.0753
20.2625 55.4129
20.4263 55.7237
20.5764 56.0086
20.746 56.3305
20.9117 56.6449
21.096 56.9948
21.0237 58.0715
20.9467 59.2193
20.8837 60.157
20.8225 61.0692
20.6447 63.7197
20.5965 64.4385
20.5617 64.9557
20.5581 65.0097
20.5543 65.0669
20.5505 65.1239
20.5467 65.1799
20.5428 65.2387
20.539 65.2951
20.5347 65.3585
20.5304 65.4228
20.5263 65.4834
20.522 65.5483
19.9376 74.2736
19.9376 74.2736
19.9376 74.2736
19.9376 74.2736
18.9656 77.1567
18.7406 77.1819
18.5328 77.2053
18.2599 77.2359
18.0079 77.2642
17.741 77.2941
17.4768 77.3238
17.2199 77.3526
16.9651 77.3812
16.705 77.4104
16.432 77.4411
16.1618 77.4714
15.8817 77.5028
15.5996 77.5345
15.2559 77.5731
14.928 77.6099
14.5423 77.6532
14.18 77.6939
13.805 77.736
13.3477 77.7873
13.1763 77.8066
13.0105 77.8252
12.8581 77.8423
12.7177 77.8581
12.5688 77.8748
12.5688 77.8748
12.3989 78.2483
12.2652 78.5423
12.1311 78.8369
12.108 78.8878
12.0857 78.9368
12.0634 78.9858
12.0393 79.0388
12.0154 79.0913
11.9911 79.1448
11.966 79.2
11.9393 79.2586
11.9146 79.313
11.8894 79.3682
11.8654 79.421
11.845 79.4659
11.8221 79.5164
11.7994 79.5662
11.776 79.6176
11.7525 79.6692
11.7525 79.6692
11.7525 79.6692
11.7285 79.9019
11.7039 80.1407
11.6797 80.3755
11.6548 80.6165
11.6331 80.8271
11.6118 81.0339
11.59 81.2449
11.5643 81.4947
11.5404 81.7263
11.5169 81.9542
11.4632 82.4744
11.4139 82.9528
11.3688 83.3897
11.321 83.8529
11.2665 84.3812
11.219 84.8416
11.167 85.3457
11.1162 85.8387
11.0556 86.426
10.9922 87.0407
10.9229 87.7127
10.815 88.7583
10.815 88.7583
10.7756 88.9596
10.7322 89.1814
10.6903 89.3955
10.6539 89.5809
10.6159 89.7752
10.58 89.9584
10.5436 90.1444
10.5463 90.1441
10.5487 90.1439
10.5511 90.1437
10.5535 90.1434
10.5556 90.1432
10.5576 90.143
10.5598 90.1428
10.5619 90.1426
10.5643 90.1424
10.5668 90.1421
10.569 90.1419
10.5709 90.1417
10.5729 90.1415
10.5749 90.1413
10.5768 90.1411
10.6994 90.1291
10.825 90.1168
10.9582 90.1037
11.0762 90.0922
11.2024 90.0798
11.3314 90.0672
11.464 90.0542
11.5967 90.0412
11.7319 90.0279
11.8747 90.0139
12.0136 90.0003
12.1565 89.9863
12.3013 89.9721
12.4752 89.955
12.6378 89.9391
12.781 89.9251
12.9159 89.9118
13.0492 89.8988
13.1857 89.8854
13.3221 89.872
13.4583 89.8587
13.6059 89.8442
13.7501 89.8301
13.8849 89.8169
14.0343 89.8022
14.1934 89.7866
14.3543 89.7709
15.9066 89.6183
17.4502 89.4667
17.4502 89.4667
17.4502 89.4667
17.4502 89.4667
17.4502 89.4667
17.4502 89.4667
17.4502 89.4667
17.4502 89.4667
17.4502 89.4667
17.4502 89.4667
19.9324 89.2842
22.8872 89.0671
23.0036 89.0586
23.1086 89.0508
23.2142 89.0431
23.3226 89.0351
23.4317 89.0271
23.5363 89.0194
23.645 89.0114
23.7543 89.0034
23.8552 88.9959
23.9582 88.9884
24.0645 88.9806
24.1791 88.9721
24.291 88.9639
24.3907 88.9566
24.5 88.9485
24.6126 88.9403
24.7125 88.9329
24.8211 88.9249
24.9305 88.9169
25.0386 88.9089
25.1492 88.9008
25.2525 88.8932
25.3646 88.885
25.4687 88.8773
25.5763 88.8694
25.6815 88.8617
25.7924 88.8535
25.9032 88.8454
26.0026 88.8381
26.1025 88.8307
26.1626 88.7567
26.2694 88.6251
26.3784 88.4908
26.4889 88.3548
26.8219 87.9446
27.5805 87.0104
27.5805 87.0104
27.2114 86.5795
26.8968 86.2123
26.277 85.4888
25.5935 84.6909
24.3161 83.1996
23.3634 82.0875
22.436 81.0049
21.6827 80.1256
20.9546 79.2757
21.3706 78.9555
21.7721 78.6465
22.1399 78.3634
22.4788 78.1025
22.8162 77.8429
23.1427 77.5915
23.4466 77.3576
23.7402 77.1316
24.0523 76.8914
24.3788 76.6402
24.6886 76.4017
24.992 76.1682
25.2833 75.944
25.5677 75.7251
25.8473 75.5099
25.9727 75.3871
26.0959 75.2664
26.2244 75.1405
27.1927 74.1919
28.4348 72.9751
29.6899 71.7456
30.8451 70.6139
32.3884 69.1021
32.6781 68.8183
32.9508 68.5511
32.9508 68.5511
32.9508 68.5511
32.9508 68.5511
32.9508 68.5511
32.9508 68.5511
32.9508 68.5511
32.9508 68.5511
32.9508 68.5511
32.9508 68.5511
32.9508 68.5511
32.9508 68.5511
32.9508 68.5511
32.9508 68.5511
32.9508 68.5511
32.9508 68.5511
32.9508 68.5511
32.9508 68.5511
32.9508 68.5511
32.9508 68.5511
32.9508 68.5511
32.9508 68.5511
35.647 67.191
38.9127 65.543
39.4712 66.017
40.0371 66.4973
40.566 66.9462
41.1678 67.457
41.802 67.9953
42.4976 68.5857
43.1064 69.1024
43.233 69.2098
43.3713 69.3273
43.4428 69.3879
43.5134 69.4479
43.5293 69.6138
43.5433 69.7603
43.557 69.9042
43.5703 70.043
43.5847 70.1939
43.5992 70.3453
43.6134 70.4944
43.6286 70.6532
43.6437 70.8117
43.7393 71.8119
43.8629 73.105
43.9196 73.699
43.869 73.7776
43.8128 73.8649
43.7612 73.9452
43.7061 74.0309
43.6607 74.1013
43.6133 74.175
43.5656 74.2493
43.3214 74.6287
42.9441 75.2151
42.5853 75.7729
42.2374 76.3136
41.8774 76.8731
41.4857 77.4819
41.0327 78.1859
40.5802 78.8892
40.1328 79.5846
39.6786 80.2906
39.2122 81.0156
39.2552 81.2817
39.3004 81.5613
39.3448 81.8359
39.3861 82.091
39.4327 82.3794
39.4829 82.6898
39.5272 82.9638
39.5815 83.2997
39.6315 83.6087
39.6894 83.9666
39.742 84.2916
39.7888 84.5816
39.8357 84.8713
39.8897 85.2049
39.944 85.5409
40.1144 85.7442
40.2668 85.9259
40.4112 86.0981
40.5701 86.2876
40.7235 86.4706
40.8817 86.6593
41.0359 86.8431
41.1919 87.0292
41.3471 87.2143
41.4721 87.3634
41.5947 87.5096
41.7625 87.7097
41.9026 87.8768
42.0411 88.0419
42.1812 88.209
42.3139 88.3673
42.4708 88.5544
42.6192 88.7314
42.7291 88.8624
42.8977 89.0635
43.0688 89.2676
43.2456 89.4785
43.4191 89.6854
43.6291 89.9359
43.8465 90.1951
44.0478 90.4351
44.219 90.6394
44.3815 90.8332
44.3815 90.8332
44.3815 90.8332
44.3815 90.8332
44.3815 90.8332
44.3815 90.8332
44.3815 90.8332
44.3815 90.8332
44.4157 90.8292
44.4444 90.8259
44.4781 90.822
44.5204 90.8172
44.5628 90.8123
44.6052 90.8074
44.6481 90.8025
44.6917 90.7975
44.7366 90.7923
44.7795 90.7874
44.8238 90.7823
44.8661 90.7774
44.9084 90.7726
44.9536 90.7674
44.9934 90.7628
45.0337 90.7582
45.0721 90.7538
45.1119 90.7492
45.1525 90.7445
45.1928 90.7399
45.2336 90.7352
45.2771 90.7302
45.3169 90.7256
45.3571 90.721
45.396 90.7165
45.4333 90.7122
45.4717 90.7078
45.5106 90.7033
45.5532 90.6984
45.5933 90.6938
45.6367 90.6888
45.6813 90.6837
45.7243 90.6788
45.7649 90.6741
45.8054 90.6694
45.8378 90.6657
45.8715 90.6618
45.9091 90.6575
45.9459 90.6533
48.7081 81.0597
48.7081 81.0597
48.7081 81.0597
48.7081 81.0597
48.7081 81.0597
48.7081 81.0597
48.7081 81.0597
48.7081 81.0597
48.7081 81.0597
48.7081 81.0597
48.7081 81.0597
48.7081 81.0597
48.7081 81.0597
48.7081 81.0597
48.7081 81.0597
48.7081 81.0597
48.7081 81.0597
48.7081 81.0597
48.7081 81.0597
48.7081 81.0597
48.7081 81.0597
48.7081 81.0597
48.7447 80.8146
48.782 80.5643
48.8176 80.3249
48.853 80.0878
48.8877 79.8547
48.9248 79.6063
48.9642 79.3417
49.0068 79.0555
49.052 78.7525
49.1172 78.7654
49.1724 78.7762
49.4368 78.8283
49.7303 78.8861
50.0739 78.9537
50.3015 78.9985
50.5079 79.0391
56.9307 80.3041
57.7555 80.4665
58.2034 80.5546
58.2446 80.8021
58.2876 81.0599
58.4059 81.7685
58.5438 82.5952
58.6696 83.3492
58.785 84.0408
58.9163 84.8275
59.0625 85.7037
59.1919 86.4792
59.2793 87.0035
59.3149 87.2165
59.3495 87.4242
59.3849 87.636
59.4187 87.8389
59.4499 88.0259
59.4834 88.2264
59.5162 88.4229
59.5445 88.5929
59.578 88.7934
59.6078 88.9721
59.6364 89.1438
59.8662 89.0231
60.0802 88.9106
60.297 88.7967
60.5082 88.6857
60.7066 88.5815
60.906 88.4767
61.1227 88.3628
61.3639 88.2361
61.641 88.0905
61.8981 87.9554
62.1793 87.8076
62.4381 87.6716
62.7446 87.5106
63.0687 87.3403
63.3897 87.1716
64.512 86.5819
68.2568 84.6143
68.6408 84.8253
68.9747 85.0087
69.2552 85.1629
69.5895 85.3466
69.9167 85.5264
70.2783 85.7251
70.6293 85.9179
71.0678 86.1589
71.6131 86.4585
71.7629 86.5048
71.9052 86.5489
72.0188 86.584
72.1292 86.6182
72.2427 86.6533
72.3549 86.688
72.4532 86.7184
72.5499 86.7483
72.6726 86.7863
72.7945 86.824
72.9098 86.8597
73.0303 86.897
73.3412 86.9932
73.6478 87.088
73.9488 87.1812
74.2344 87.2695
74.5423 87.3648
74.8677 87.4655
75.2304 87.5777
75.6044 87.6934
75.9077 87.7873
76.259 87.8959
76.6593 88.0198
77.5905 88.0649
78.5807 88.1128
79.7309 88.1684
80.0805 88.1853
80.4365 88.2026
81.1292 88.2361
81.9454 87.0874
82.76 85.9408
83.4945 84.907
84.3337 83.726
84.8855 82.9492
85.2667 82.4127
85.643 81.8832
86.0981 81.2426
85.1895 78.752
84.3836 76.5429
83.1559 73.1777
82.3255 70.9016
82.2281 70.6344
82.0951 70.27
81.9496 69.8712
81.7967 69.452
81.6591 69.0749
81.4748 68.5698
81.3197 68.1446
81.1519 67.6848
81 67.2682
80.826 66.7913
80.3942 62.424
78.7772 62.3674
77.1047 62.3089
74.0536 62.202
72.3898 62.1438
70.9619 62.0938
69.9361 62.0579
68.6746 62.0137
67.9839 61.9895
67.3796 61.9684
66.7738 61.9472
66.2193 61.9278
66.0458 61.9217
65.8765 61.9158
65.6717 61.9086
65.4522 61.9009
64.2437 62.0846
61.1561 62.5543
61.087 63.0871
61.0131 63.6566
61.0131 63.6566
61.0131 63.6566
60.9763 63.6358
60.946 63.6187
60.919 63.6034
60.8893 63.5866
60.8599 63.57
60.8303 63.5533
60.7956 63.5337
60.7634 63.5155
60.7318 63.4977
60.6988 63.4791
60.673 63.4645
59.8374 62.9927
59.1833 62.6234
58.4694 62.2203
55.3716 60.4711
56.032 60.2153
56.7106 59.9526
57.2884 59.7288
57.6933 59.572
58.094 59.4169
58.6723 59.1929
59.282 58.9568
59.9129 58.7125
60.5159 58.479
68.7087 55.3065
68.7087 55.3065
69.6777 55.1344
71.3732 54.8332
73.0419 54.5368
74.6552 54.2503
76.3723 53.9453
76.6023 53.9246
76.8233 53.9048
77.0496 53.8844
77.2535 53.8661
77.4561 53.8479
77.655 53.8301
77.8843 53.8094
78.1086 53.7893
78.3153 53.7707
78.5301 53.7514
78.7369 53.7329
78.9989 53.7093
79.8744 53.6307
80.3246 53.5903
82.7104 53.376
84.6442 53.2023
84.2048 52.6972
83.7747 52.2029
83.2525 51.6028
82.6549 50.916
82.0363 50.205
80.1813 48.073
79.3523 47.1201
78.5539 46.2026
78.5539 46.2026
78.5539 46.2026
79.3912 42.5672
80.2724 38.7409
80.709 36.8455
81.0957 35.1663
81.6365 32.818
82.1787 30.4637
