0,274,98,590,520,33,835,377,29,675,745,466,553,634,926,314,143,323,232,583,70,942,606,644,538,941,102,190,478,920,242,136,967,932,609,195,592,670,425,838,387,170,684,497,977,850,201,334,198,420,656,884,506,852,951,107,528,450,332,204,889,473,311,660,372,159,322,685,25,928,353,285,893,135,983,820,481,937,544,813,149,580,494,648,742,845,854,251,158,725,740,417,318,51,900,744,818,383,579,595,71,393,340,650,975,385,904,152,654,465,83,864,666,290,984,817,823,52,620,273,464,18,317,378,775,477,145,567,931,896,185,832,369,179,622,754,851,434,177,42,367,690,206,23,202,344,624,584,618,887,856,541,992,816,911,165,882,62,536,737,532,259,305,248,335,952,313,980,408,53,511,961,105,713,774,752,343,319,636,940,415,294,947,814,561,156,245,193,239,763,564,118,548,172,569,5,2,470,22,877,738,256,129,448,874,766,746,449,559,707,613,375,974,539,141,389,320,516,309,872,866,36,840,672,181,72,416,271,16,120,795,392,786,265,44,146,96,521,808,611,20,139,610,651,490,28,253,960,150,631,73,761,76,231,933,409,871,859,430,441,768,424,386,333,753,288,306,714,885,712,247,244,560,227,491,593,711,750,456,696,418,546,868,301,15,115,776,58,380,304,1,368,138,50,200,462,435,106,236,988,442,447,213,736,678,615,263,13,585,827,39,953,969,401,916,693,982,444,718,815,325,637,973,556,436,326,551,570,153,90,316,203,728,803,719,628,199,405,108,364,300,833,31,568,446,95,399,694,240,374,346,500,298,796,88,557,457,339,892,639,830,429,220,608,479,184,886,207,224,554,955,759,433,75,487,547,169,890,426,905,944,93,780,699,695,914,48,991,825,178,792,99,17,954,167,183,428,41,495,469,321,124,537,697,550,730,249,971,924,431,757,360,888,950,657,361,400,327,701,927,443,946,398,411,168,275,113,502,630,686,277,14,665,607,503,482,739,234,691,799,347,376,524,846,81,3,381,939,97,925,255,970,966,517,764,703,747,272,552,132,427,119,948,667,717,860,600,192,162,445,219,680,587,760,879,196,338,114,972,849,131,77,531,371,214,936,527,589,734,772,100,130,122,784,116,770,909,373,731,174,47,758,222,542,841,218,142,403,663,336,708,677,166,771,182,303,489,652,128,352,330,312,46,534,212,123,505,78,616,228,858,805,125,514,157,985,148,949,384,958,749,86,328,499,10,863,476,990,341,57,154,463,794,4,258,455,331,710,74,898,661,402,641,673,133,87,32,700,283,423,836,221,268,602,902,474,702,943,963,284,187,629,682,881,812,348,572,61,899,588,299,722,211,646,741,674,254,439,412,362,8,488,366,669,310,643,704,573,351,111,407,883,518,934,307,246,822,261,379,363,653,709,26,287,626,787,278,790,467,191,160,337,586,65,811,655,829,915,354,64,205,834,612,869,11,121,549,486,529,7,687,664,824,147,706,535,508,525,155,480,194,862,679,989,619,269,210,49,414,783,797,302,922,603,324,756,59,876,705,913,475,38,388,748,438,723,151,908,981,956,633,565,34,37,397,413,543,891,267,901,510,496,938,422,391,698,451,21,493,839,104,645,778,688,89,349,279,329,599,903,137,359,957,507,733,897,545,640,726,601,233,720,965,735,729,574,658,571,724,689,266,526,604,912,558,281,175,79,410,732,533,765,30,809,804,382,596,308,929,788,390,501,715,56,597,512,225,576,459,471,291,365,676,127,878,894,171,976,54,649,562,235,635,454,578,789,60,437,806,638,92,773,230,918,591,296,755,226,404,910,270,523,80,350,144,563,163,540,662,223,252,769,484,241,215,614,807,189,394,919,216,683,84,264,861,987,208,109,632,968,743,82,292,779,94,40,530,642,671,297,880,280,575,895,782,229,12,91,126,140,826,659,406,802,513,134,986,582,762,801,395,921,605,9,857,847,727,837,112,485,67,647,315,800,855,238,767,867,509,460,282,432,110,173,515,810,962,68,842,907,964,625,440,798,188,101,623,85,668,453,161,791,519,186,293,35,396,793,577,286,262,468,617,237,945,923,69,621,522,461,498,370,452,180,276,63,472,843,117,342,357,43,45,785,821,865,19,828,555,197,844,66,681,906,716,870,257,875,930,209,848,421,566,935,289,164,355,358,55,250,751,781,27,594,492,978,217,853,917,356,692,419,831,873,6,581,598,458,959,295,819,777,176,721,504,24,103,483,260,627,345,243,979,
value : 489.654 running time : 62.834915
80 20
82.3323 28.6722
82.3323 28.6722
81.0801 29.9029
79.8245 31.137
78.4288 32.5087
76.2635 34.6369
69.578 41.2077
69.6114 41.3973
69.6411 41.5655
69.6729 41.7457
69.7038 41.9214
69.7345 42.0949
69.7612 42.2464
69.931 43.2089
70.0654 43.9713
70.2271 44.888
70.3722 45.7101
70.5383 46.6519
70.7294 47.7355
70.8664 48.5121
71.0053 49.2996
71.1159 49.9262
71.261 50.749
71.4534 51.84
71.8792 52.096
72.2315 52.3078
72.5897 52.5231
72.9942 52.7663
73.4433 53.0363
73.8956 53.3083
74.2441 53.5178
74.4289 53.6289
74.6163 53.7416
74.7922 53.8473
75.3346 54.1734
75.8705 54.4956
76.4141 54.8224
77.6763 55.5813
79.1237 56.4514
80.4224 57.2323
81.872 58.1038
82.8925 58.7173
83.8884 59.316
83.1522 60.0963
82.4133 60.8795
82.2173 61.0872
82.0289 61.2869
81.852 61.4744
81.6533 61.685
81.6533 61.685
81.6533 61.685
81.6533 61.685
81.6533 61.685
81.6533 61.685
81.7443 62.0656
83.0507 67.5259
83.8659 70.933
84.4926 73.552
85.2269 76.6209
86.027 79.9649
86.0695 80.1425
86.1077 80.302
86.149 80.4747
86.1922 80.655
85.2753 81.9897
84.6573 82.8894
84.1776 83.5876
83.6235 84.3943
80.9089 88.346
80.259 88.3309
79.7992 88.3202
79.5009 88.3133
79.1846 88.306
78.8872 88.2991
78.1642 88.2823
77.3726 88.264
76.9715 88.2547
76.6099 88.2463
76.3528 88.2403
76.0873 88.2342
76.0402 88.1253
75.9511 87.9195
75.8568 87.7015
75.777 87.5171
75.6962 87.3303
75.6156 87.144
75.5307 86.9478
75.4393 86.7365
75.3444 86.5173
75.2444 86.2863
75.1514 86.0711
75.0686 85.8798
72.9481 80.9791
72.0398 78.8801
71.596 77.8544
71.1779 76.888
70.6792 75.7354
70.1031 75.6113
69.5126 75.4841
69.4663 75.551
69.4289 75.6052
69.3899 75.6616
69.3521 75.7164
69.2264 75.8981
69.0946 76.0887
68.7592 76.574
68.4573 77.0108
67.6518 78.1761
66.7828 79.4333
66.0253 80.529
65.1676 81.7698
63.8201 83.7192
63.8201 83.7192
63.1012 84.6491
62.5297 85.3883
62.161 85.8652
61.7652 86.3772
61.394 86.8574
61.394 86.8574
61.394 86.8574
61.394 86.8574
61.394 86.8574
61.394 86.8574
61.394 86.8574
60.9741 86.9466
60.5641 87.0336
60.1217 87.1275
59.6799 87.2212
59.2391 87.3148
58.8608 87.3951
58.4538 87.4814
57.9604 87.5862
57.4727 87.6897
57.0432 87.7808
56.5078 87.8945
55.9848 88.0055
55.4995 88.1085
55.2526 88.1609
54.985 88.2176
54.4967 88.3213
54.0215 88.4221
53.5142 88.5298
53.3864 88.5569
53.2582 88.5841
53.1181 88.6139
52.9823 88.6427
52.8517 88.6704
52.7109 88.7003
52.5762 88.7289
52.4399 88.7578
52.2906 88.7895
52.1708 88.8149
51.9148 88.8693
51.6218 88.9315
51.2739 89.0053
50.9957 89.0644
50.7084 89.1253
50.4137 89.1879
50.1315 89.2478
49.8033 89.3174
49.5154 89.3785
49.188 89.448
48.8975 89.5097
48.6213 89.5683
48.2672 89.6434
47.9048 89.7204
47.5314 89.7996
47.1076 89.8896
46.6678 89.9829
46.3234 90.056
45.9461 90.1361
45.5519 90.2197
45.1652 90.3018
44.7861 90.3822
44.3275 90.4796
44.3275 90.4796
44.3275 90.4796
44.3275 90.4796
44.3275 90.4796
44.3275 90.4796
44.3275 90.4796
44.3275 90.4796
44.3275 90.4796
44.3275 90.4796
44.3275 90.4796
44.3275 90.4796
44.3275 90.4796
44.3275 90.4796
44.3275 90.4796
44.3275 90.4796
44.3275 90.4796
43.805 90.461
43.3571 90.445
42.9323 90.4299
42.5269 90.4155
42.0877 90.3999
41.8879 90.3927
41.7015 90.3861
41.5148 90.3795
41.3256 90.3727
41.1359 90.366
40.9586 90.3597
40.77 90.3529
40.5906 90.3466
40.3996 90.3398
40.2181 90.3333
40.0192 90.3262
39.8273 90.3194
39.6159 90.3119
39.4191 90.3049
39.2397 90.2985
39.0345 90.2912
38.8363 90.2841
38.6255 90.2766
38.447 90.2702
38.2657 90.2638
38.0544 90.2563
35.8911 90.1792
33.3238 90.0877
33.3238 90.0877
33.0292 90.0872
32.769 90.0867
32.4672 90.0862
32.1912 90.0858
31.8655 90.0852
31.544 90.0847
31.1652 90.0841
30.7874 90.0834
30.7701 90.0834
30.7522 90.0834
30.7341 90.0834
30.715 90.0833
30.6965 90.0833
30.5479 90.083
30.4283 90.0828
30.2978 90.0826
30.1682 90.0824
30.0541 90.0822
29.9352 90.082
29.8216 90.0818
29.7128 90.0817
29.3877 90.0811
29.0749 90.0806
28.7959 90.0802
28.5239 90.0797
28.2537 90.0793
27.9816 90.0788
27.698 90.0783
27.401 90.0779
27.1181 90.0774
26.8225 90.0769
26.5435 90.0764
26.2695 90.076
25.9356 90.0754
25.6441 90.075
25.3481 90.0745
25.0811 90.074
24.801 90.0736
24.5116 90.0731
24.2342 90.0726
23.957 90.0722
23.6541 90.0717
23.4705 90.0714
22.8994 90.0704
22.3373 90.0695
21.7962 90.0686
21.2032 90.0676
20.608 90.0666
19.9717 90.0656
19.3383 90.0645
18.8426 90.0637
18.3205 90.0629
17.9075 90.0622
17.4725 90.0614
16.9708 90.0606
16.3933 90.0597
15.9752 90.059
15.6266 90.0584
15.2253 90.0577
14.7072 90.0569
13.7588 90.0553
13.3141 90.0546
13.1532 90.0543
13.0121 90.0541
12.8519 90.0538
12.6964 90.0535
12.5355 90.0533
12.3442 90.053
12.1716 90.0527
12.0006 90.0524
11.8463 90.0521
11.6785 90.0519
11.5277 90.0516
11.3386 90.0513
11.1747 90.051
10.9768 90.0507
10.794 90.0504
10.6297 90.0501
10.4568 90.0498
10.458 90.0333
10.459 90.0195
10.46 90.0065
10.4743 89.8083
10.4871 89.632
10.5014 89.4361
10.5129 89.2767
10.5241 89.1218
10.5369 88.9458
10.5499 88.7667
10.5637 88.576
10.5783 88.3749
10.5925 88.1799
10.6072 87.9769
10.6212 87.7844
10.6351 87.5932
10.6494 87.3954
10.6639 87.1949
10.6782 86.9988
10.6925 86.8014
10.7073 86.5976
10.7211 86.4074
10.7354 86.2099
10.7525 85.9741
10.7656 85.7944
10.7787 85.6131
10.7787 85.6131
10.7787 85.6131
10.7787 85.6131
10.7787 85.6131
10.7787 85.6131
10.7787 85.6131
10.7787 85.6131
10.7787 85.6131
10.7787 85.6131
10.7787 85.6131
10.7787 85.6131
10.7787 85.6131
10.7787 85.6131
10.7787 85.6131
10.7787 85.6131
10.7787 85.6131
10.6715 84.7604
10.5609 83.8816
10.4394 82.9154
10.3131 81.9113
10.184 80.8847
10.0589 79.8905
10.0589 79.8905
10.0589 79.8905
10.0589 79.8905
10.0589 79.8905
10.0589 79.8905
10.0589 79.8905
10.0589 79.8905
10.0589 79.8905
10.0589 79.8905
10.0589 79.8905
10.0589 79.8905
10.0589 79.8905
10.0589 79.8905
10.0589 79.8905
10.0589 79.8905
10.0589 79.8905
10.0589 79.8905
10.0589 79.8905
10.0589 79.8905
10.0589 79.8905
10.0944 79.8897
10.1314 79.8889
10.1719 79.888
10.209 79.8872
10.2468 79.8863
10.2835 79.8855
10.3251 79.8846
10.3564 79.8839
10.3944 79.883
10.4333 79.8822
10.4715 79.8813
10.5098 79.8805
10.5474 79.8796
10.5895 79.8787
10.6277 79.8778
10.6624 79.877
10.6996 79.8762
10.7321 79.8755
11.232 79.8643
11.6951 79.854
12.2407 79.8418
12.7021 79.8315
13.2988 79.8182
15.342 79.7726
16.5442 79.7458
18.013 79.713
18.5724 79.7005
19.0157 79.6906
19.4795 79.6803
19.4795 79.6803
19.4795 79.6803
19.4795 79.6803
19.4795 79.6803
19.4795 79.6803
19.2452 79.2795
19.0214 78.8968
18.7881 78.4977
18.5531 78.0957
18.3054 77.672
17.9609 77.0827
17.7774 76.7688
17.6263 76.5105
17.4645 76.2337
17.2802 75.9185
17.0769 75.5706
16.8785 75.2313
16.677 74.8867
16.5037 74.5902
16.3271 74.2881
16.1537 73.9916
15.9807 73.6957
15.8067 73.398
15.6416 73.1156
15.4581 72.8018
15.2465 72.4398
15.0541 72.1107
14.883 71.818
14.6845 71.4785
14.4957 71.1555
14.2959 70.8138
14.0942 70.4687
13.8979 70.1331
13.7102 69.812
13.53 69.5037
13.366 69.2231
13.2047 68.9472
13.0536 68.6888
12.8857 68.4016
12.7168 68.1127
12.5409 67.8118
12.4194 67.6041
12.3314 67.4534
12.2369 67.292
12.2369 67.292
12.2369 67.292
12.2369 67.292
12.2369 67.292
12.2369 67.292
12.2369 67.292
12.2369 67.292
12.2369 67.292
12.2369 67.292
12.2369 67.292
12.2369 67.292
12.2369 67.292
12.2977 67.222
12.3689 67.1402
12.4259 67.0747
12.4857 67.0059
12.5459 66.9366
12.6085 66.8647
12.6639 66.8009
12.7186 66.738
12.7799 66.6675
12.8385 66.6001
12.8971 66.5328
12.9966 66.4183
13.0958 66.3041
13.2185 66.1631
13.3269 66.0384
13.4281 65.922
13.5238 65.8119
13.751 65.5506
13.9775 65.2901
14.2043 65.0293
13.8515 64.1383
13.5476 63.3707
13.2117 62.5224
12.9086 61.7568
12.542 60.8309
12.1372 59.8085
11.7959 58.9463
11.7959 58.9463
11.7959 58.9463
11.7959 58.9463
11.7959 58.9463
11.7759 58.7257
11.7578 58.5271
11.7408 58.3398
11.725 58.1663
11.7087 57.9877
11.6518 57.3623
11.588 56.6604
11.5357 56.0859
11.4479 55.1203
11.3761 54.3312
11.2712 53.179
11.2223 52.6406
11.1839 52.2194
11.1452 51.794
11.1057 51.3591
11.0721 50.9904
11.0362 50.5955
11.0002 50.2
10.9627 49.7875
10.9273 49.3988
10.8908 48.9972
10.8549 48.6029
10.8173 48.1895
10.7762 47.7375
10.749 47.5597
10.725 47.4031
10.6988 47.2318
10.6716 47.0537
10.6402 46.8489
10.6054 46.6212
10.5732 46.4109
10.5414 46.2038
10.505 45.9655
10.4691 45.7312
10.4347 45.5063
10.4018 45.2917
10.3632 45.039
10.3298 44.8211
10.297 44.6066
10.2658 44.4029
10.2315 44.1789
10.1989 43.9662
10.1676 43.7615
10.1314 43.525
10.0968 43.2988
10.0646 43.0888
10.0349 42.8947
9.927 42.1897
9.74507 41.0012
9.61217 40.1329
9.61217 40.1329
9.64568 40.0276
9.67544 39.9341
9.70443 39.843
9.7338 39.7507
9.76337 39.6578
9.791 39.571
9.82623 39.4603
9.85302 39.3761
9.88006 39.2911
9.90854 39.2016
9.93545 39.117
9.96272 39.0314
9.98965 38.9467
10.0145 38.8686
10.0393 38.7907
10.2516 38.1237
10.497 37.3526
11.1566 35.2799
11.3756 34.5918
11.5517 34.0384
11.6016 33.8815
11.6369 33.7707
11.6604 33.697
11.6843 33.6218
11.7083 33.5465
11.9726 32.9088
12.1597 32.4572
12.295 32.1308
12.4199 31.8294
12.5442 31.5294
12.6691 31.2283
12.8014 30.9091
12.9364 30.5832
13.0805 30.2356
13.228 29.8797
13.8627 28.3483
14.4622 26.9017
14.403 26.5287
14.3461 26.1704
14.2855 25.7888
14.2291 25.4341
14.1745 25.0904
14.1275 24.7946
14.0735 24.4544
14.0224 24.1323
12.6959 17.3568
12.5839 16.7843
12.4875 16.292
12.3872 15.7799
12.2973 15.3205
12.4575 15.4348
12.6133 15.5461
12.6838 15.5416
12.7737 15.5358
12.8359 15.5318
12.8968 15.5279
13.0074 15.5208
13.4161 15.4946
13.7849 15.4709
14.2603 15.4403
14.7402 15.4095
15.2927 15.374
15.7788 15.3427
16.1396 15.3195
16.6717 15.2854
18.6729 15.1567
20.3603 15.0483
22.2236 14.9285
25.5813 14.7128
28.0472 14.5543
28.7489 14.5092
29.6639 14.4504
30.4564 14.3995
31.1522 14.3547
31.8592 14.3093
32.5219 14.2667
33.1516 14.2263
33.7888 14.1853
33.5165 17.5584
33.4808 18.0008
33.4499 18.3834
33.4171 18.789
33.3856 19.1796
33.3551 19.5575
33.3297 19.8716
33.3008 20.2301
33.2645 20.6788
33.233 21.0696
33.2027 21.4446
33.0263 23.6286
32.8278 26.0874
32.6553 28.2242
32.5027 30.1136
32.5027 30.1136
32.5027 30.1136
32.5027 30.1136
32.5027 30.1136
31.7587 30.8584
30.8371 31.7812
30.5972 32.0214
30.3493 32.2695
30.3493 32.2695
30.3493 32.2695
30.3493 32.2695
30.3493 32.2695
30.3754 32.6799
30.3985 33.0437
30.4229 33.4271
30.446 33.7915
30.471 34.1857
30.4906 34.4937
30.5127 34.8412
30.5348 35.1895
30.5588 35.5676
30.5833 35.9524
30.6063 36.3159
30.6284 36.6637
30.6498 37.0001
30.8945 40.8527
30.9413 41.59
30.9894 42.3476
31.0372 43.0996
31.0826 43.8149
31.125 44.4825
31.0724 44.8311
31.011 45.2375
30.9536 45.6175
30.8919 46.0262
30.8207 46.4978
30.7448 47.0001
30.6682 47.5073
30.5979 47.9729
30.4953 48.1361
30.3946 48.2962
30.2838 48.4723
30.1661 48.6595
30.0642 48.8214
29.9568 48.9922
29.8516 49.1594
29.7403 49.3363
29.6338 49.5057
29.5321 49.6673
29.4392 49.815
29.3234 49.9992
29.2389 50.1334
29.1497 50.2753
29.0591 50.4192
28.9621 50.5734
28.8642 50.7292
28.7618 50.8919
28.66 51.0538
28.5599 51.2128
27.8859 52.2843
27.2094 53.3598
26.7273 54.1264
26.3 54.8056
25.8149 55.5769
25.8149 55.5769
25.8149 55.5769
25.8149 55.5769
25.8149 55.5769
25.8149 55.5769
25.8149 55.5769
25.8149 55.5769
25.8149 55.5769
25.8149 55.5769
25.8149 55.5769
25.8376 56.1079
25.861 56.6526
25.8839 57.1881
25.9097 57.7893
25.9409 58.5172
25.9707 59.2106
25.9719 59.2384
25.9731 59.2685
25.9745 59.3002
25.9758 59.3314
25.9771 59.3608
25.9853 59.5525
25.9944 59.7636
26.0037 59.9812
26.0118 60.1694
26.0313 60.6243
26.0499 61.0583
26.0683 61.4862
26.0863 61.9079
26.1047 62.3356
26.121 62.7169
26.1379 63.1098
26.1556 63.523
26.1726 63.9202
26.1891 64.3034
26.2102 64.7961
26.2337 65.3449
26.3952 65.2894
26.5656 65.2309
26.7257 65.1759
26.8848 65.1212
27.0508 65.0642
27.2209 65.0058
27.3817 64.9505
27.5425 64.8953
29.4016 64.2566
31.3848 63.5753
31.3848 63.5753
31.4188 63.5477
31.4682 63.5076
31.5261 63.4606
32.9657 62.2916
34.1977 61.2913
34.4867 61.0567
34.615 60.9525
34.7448 60.847
34.9019 60.7195
35.0486 60.6004
35.1855 60.4893
35.318 60.3817
35.4534 60.2717
35.5894 60.1613
35.7264 60.05
35.8483 59.9511
35.995 59.832
36.1392 59.7149
36.2854 59.5962
36.4155 59.4905
36.5558 59.3766
36.7076 59.2533
37.0002 59.0158
37.2879 58.7822
37.621 58.5117
37.8923 58.2914
37.7162 59.8163
37.6402 60.4736
37.5649 61.1257
37.496 61.7215
37.4207 62.3734
37.3517 62.9707
37.2873 63.5284
37.2236 64.079
37.0621 65.4774
36.9345 66.5814
36.8255 67.525
36.7146 68.4844
36.626 69.2512
36.4968 70.3694
36.43 70.9475
36.43 70.9475
34.8101 75.0998
34.8607 75.8917
34.9078 76.629
35.1142 76.9386
35.357 77.3028
35.6137 77.6878
35.7973 77.9631
36.0009 78.2685
36.2029 78.5716
36.2598 78.5461
36.3167 78.5206
36.4929 78.4416
36.829 78.291
37.1509 78.1468
37.539 77.9729
37.8409 77.8376
38.1594 77.6949
38.4728 77.5545
38.7696 77.4215
39.1003 77.2733
39.3918 77.1427
39.6853 77.0112
39.977 76.8805
40.2756 76.7467
40.5471 76.625
40.8119 76.5064
41.067 76.3921
41.3278 76.2752
41.6701 76.1218
42.0661 75.9444
42.0661 75.9444
42.0661 75.9444
42.0661 75.9444
42.0661 75.9444
42.0661 75.9444
42.0661 75.9444
42.0661 75.9444
42.0661 75.9444
44.047 72.8247
44.4782 72.1455
44.8798 71.513
44.8798 71.513
46.4055 73.48
47.1309 74.4153
47.1309 74.4153
47.1309 74.4153
47.1309 74.4153
47.1309 74.4153
47.1309 74.4153
47.1309 74.4153
47.1309 74.4153
48.9649 74.901
51.6326 75.6074
53.99 76.2317
54.1681 76.2789
54.3671 76.3316
54.5847 76.3892
54.81 76.4489
54.81 76.4489
54.81 76.4489
54.81 76.4489
54.81 76.4489
54.81 76.4489
54.81 76.4489
54.81 76.4489
54.81 76.4489
54.81 76.4489
54.81 76.4489
54.81 76.4489
54.81 76.4489
54.8219 76.0899
54.8351 75.6886
54.8486 75.2824
54.862 74.8754
55.2591 74.3718
55.6665 73.8553
56.0934 73.314
56.418 72.9024
56.7772 72.447
57.1769 71.9402
57.6926 71.2863
58.1487 70.708
58.6339 70.0928
59.223 69.3458
59.8171 68.5926
60.3815 67.877
60.4602 67.6794
60.5393 67.481
60.5848 67.367
60.6293 67.2552
60.6722 67.1475
60.7171 67.035
60.766 66.9124
60.8222 66.7712
60.8773 66.6331
60.8778 66.6317
60.8784 66.6304
60.8789 66.629
60.8796 66.6274
60.8802 66.6258
60.8809 66.6241
60.6569 66.2486
60.4156 65.844
60.1848 65.457
59.9937 65.1365
58.2096 62.1449
55.3983 57.4309
55.3522 57.3874
55.3037 57.3416
55.2546 57.2953
55.2081 57.2514
55.1534 57.1999
55.1028 57.1521
55.052 57.1042
55.0058 57.0607
54.9631 57.0204
54.9244 56.9839
54.764 56.8326
54.5948 56.673
54.431 56.5185
54.2628 56.3599
54.103 56.2091
53.951 56.0658
53.7955 55.9191
53.6338 55.7666
53.4712 55.6132
53.3107 55.4619
53.1507 55.311
52.9783 55.1484
52.8276 55.0061
52.6639 54.8518
49.4292 51.8008
49.5449 51.587
49.6523 51.3885
49.7619 51.1859
49.8539 51.016
49.9555 50.8282
50.0586 50.6376
50.1676 50.4362
50.2723 50.2426
50.5123 49.7991
50.7325 49.3921
51.0292 48.8438
51.3144 48.3166
51.5683 47.8473
51.837 47.3507
52.1203 46.8272
52.2659 45.3715
52.434 43.6903
52.5997 42.0337
52.764 40.3912
52.8346 39.6856
52.8936 39.0961
52.7298 39.0487
52.5808 39.0055
52.4434 38.9656
52.2961 38.923
52.1539 38.8818
52.0159 38.8418
51.8815 38.8028
51.7477 38.7641
51.6076 38.7235
51.4686 38.6832
51.3314 38.6434
51.1853 38.6011
51.0678 38.567
50.9407 38.5302
50.8064 38.4913
50.6736 38.4528
50.542 38.4147
50.413 38.3773
50.5566 38.0347
50.7043 37.6823
50.7043 37.6823
50.7043 37.6823
50.7043 37.6823
50.7043 37.6823
50.7043 37.6823
50.7043 37.6823
50.7043 37.6823
50.7043 37.6823
50.7043 37.6823
50.7043 37.6823
50.7043 37.6823
50.7043 37.6823
50.7043 37.6823
50.7043 37.6823
50.7043 37.6823
50.7043 37.6823
54.5616 32.7042
55.6529 31.2957
56.5404 30.1501
57.4577 28.9662
58.3622 27.7987
58.7666 27.2768
59.0443 26.9183
60.5589 24.9634
61.9185 23.2086
63.102 21.681
64.3936 20.0138
65.591 18.4684
66.5677 17.2077
67.1022 16.5178
67.6908 15.7582
68.3862 14.8606
84.3401 15.2891
84.3401 15.2891
84.3401 15.2891
83.9708 15.69
83.5581 16.1379
82.4579 17.3322
