0,260,721,6,831,295,819,504,598,581,24,176,777,103,310,26,518,287,653,407,573,363,902,351,307,337,354,643,915,602,626,669,439,254,474,402,246,8,488,362,211,629,881,722,682,812,366,187,588,963,741,348,646,4,794,74,258,412,674,61,514,958,86,331,710,268,572,455,985,898,299,133,673,46,57,128,312,328,303,174,476,182,663,758,87,279,505,691,771,10,534,731,936,222,542,841,652,423,770,283,341,352,535,302,913,397,422,438,59,391,956,640,908,413,89,11,619,496,529,475,148,723,269,37,525,778,370,197,7,508,38,512,522,917,716,844,989,66,155,356,862,679,191,692,935,151,687,257,205,388,278,790,748,543,78,32,655,65,797,228,612,403,414,121,949,869,829,664,824,811,221,700,943,836,284,661,641,899,787,549,125,486,822,702,64,160,709,379,261,834,934,467,586,883,853,289,704,419,111,421,865,209,355,480,250,781,555,492,644,396,27,978,959,785,873,751,164,821,358,681,377,55,45,458,828,926,675,314,232,634,323,967,592,195,609,29,745,466,920,274,606,670,425,932,420,190,387,357,941,684,838,242,595,67,810,286,656,942,767,850,143,70,583,238,553,43,35,117,217,85,842,668,798,625,485,907,964,538,293,515,101,791,732,597,968,472,870,558,264,161,676,930,875,945,63,594,342,623,69,793,262,906,194,19,452,186,519,843,276,49,603,706,461,848,127,576,216,621,235,210,923,308,453,484,617,84,855,468,171,188,498,577,282,281,743,134,779,765,523,163,350,683,225,80,21,922,533,180,104,291,599,729,382,566,783,891,809,147,365,30,471,912,267,237,876,137,839,720,79,929,591,804,54,587,493,349,645,501,901,233,788,507,705,733,903,56,957,411,596,359,730,459,680,16,701,927,552,114,846,333,266,600,361,965,326,162,601,327,113,329,97,526,99,772,34,510,574,142,390,688,756,633,324,545,451,131,858,938,924,132,897,735,376,784,677,589,336,565,981,192,972,196,698,123,384,154,373,489,122,47,499,863,330,990,212,157,749,805,849,527,708,463,616,909,100,703,166,214,531,218,116,925,860,630,760,219,371,381,686,939,607,554,90,667,517,207,338,639,119,347,298,234,799,255,277,14,77,879,427,665,948,429,694,500,482,398,734,991,433,321,966,503,374,445,739,502,764,3,272,657,524,717,970,747,130,400,81,224,560,570,615,556,178,759,240,736,108,718,31,153,955,892,346,199,249,815,339,628,546,699,780,728,914,803,905,585,401,944,969,169,792,890,444,426,325,39,547,442,719,380,827,953,830,386,75,300,637,301,106,988,868,568,711,263,213,435,364,405,447,495,750,200,982,436,446,1,95,557,316,247,678,13,973,871,236,203,714,521,593,227,768,15,631,306,456,491,28,776,610,696,50,611,73,36,183,833,885,651,76,20,697,462,44,115,93,60,253,418,296,431,604,443,578,120,490,918,58,761,886,220,244,950,41,672,933,712,916,138,288,441,304,167,469,693,753,424,399,360,88,48,608,658,946,859,17,168,457,487,796,551,825,368,635,275,184,726,888,789,571,878,454,428,757,479,689,695,2,141,550,910,540,724,404,971,537,755,124,561,806,840,416,807,954,223,226,773,872,410,270,715,91,175,662,800,986,144,940,769,109,513,782,112,642,921,895,887,140,215,252,229,894,82,343,564,245,814,947,294,857,624,320,415,179,618,774,766,874,659,539,239,449,919,877,292,614,256,437,952,181,861,562,172,406,189,392,241,394,976,248,649,763,193,960,230,638,22,409,569,92,795,231,707,808,96,129,206,309,738,165,786,156,271,613,752,139,389,548,72,448,974,150,430,105,146,53,375,265,713,746,559,5,541,866,470,880,185,754,992,690,536,367,980,40,313,305,62,202,856,477,931,911,23,882,511,344,434,532,961,273,42,845,817,620,158,149,584,135,983,928,820,464,52,775,318,580,251,854,353,145,177,823,285,742,813,417,864,465,544,494,666,893,725,851,984,297,826,118,259,801,408,816,12,460,369,378,737,530,516,896,335,582,317,319,563,636,432,575,832,173,802,280,94,632,126,509,395,622,671,83,567,440,647,654,605,71,315,9,904,340,987,208,18,481,937,837,867,762,847,393,478,900,102,334,68,818,962,290,152,110,852,201,650,975,744,51,727,332,204,159,579,450,372,660,25,685,473,889,528,311,648,740,322,385,497,383,198,170,977,107,951,884,506,136,33,98,590,520,835,243,979,483,627,345,
value : 845.608 running time : 25.117429
0 80 20
260 77.0666 15.821
721 77.0666 15.821
6 66.3921 19.7036
831 66.3921 19.7036
295 66.3921 19.7036
819 66.3921 19.7036
504 66.3921 19.7036
598 66.3921 19.7036
581 66.3921 19.7036
24 66.3921 19.7036
176 66.3921 19.7036
777 66.3921 19.7036
103 56.4614 13.9114
310 36.9035 10.733
26 36.9035 10.733
518 36.9035 10.733
287 36.9035 10.733
653 36.9035 10.733
407 36.9035 10.733
573 36.9035 10.733
363 36.9035 10.733
902 33.182 18.0954
351 33.182 18.0954
307 33.182 18.0954
337 33.182 18.0954
354 27.9647 19.821
643 27.9647 19.821
915 27.9647 19.821
602 27.9647 19.821
626 27.9647 19.821
669 24.3693 19.8797
439 24.3693 19.8797
254 24.3693 19.8797
474 24.3693 19.8797
402 24.3693 19.8797
246 24.3693 19.8797
8 24.3693 19.8797
488 16.9791 14.8856
362 16.9791 14.8856
211 16.9791 14.8856
629 13.4214 12.4813
881 13.4214 12.4813
722 13.4214 12.4813
682 13.4214 12.4813
812 13.4214 12.4813
366 13.4214 12.4813
187 3.2958 15.9233
588 3.2958 15.9233
963 3.2958 15.9233
741 3.2958 15.9233
348 3.2958 15.9233
646 3.2958 15.9233
4 3.2958 15.9233
794 3.2958 15.9233
74 3.2958 15.9233
258 3.2958 15.9233
412 3.2958 15.9233
674 3.2958 15.9233
61 3.2958 15.9233
514 7.04133 26.8114
958 7.04133 26.8114
86 7.04133 26.8114
331 7.04133 26.8114
710 7.04133 26.8114
268 7.04133 26.8114
572 7.04133 26.8114
455 7.04133 26.8114
985 7.04133 26.8114
898 7.04133 26.8114
299 7.04133 26.8114
133 7.04133 26.8114
673 7.04133 26.8114
46 5.41438 39.0763
57 5.41438 39.0763
128 5.41438 39.0763
312 5.41438 39.0763
328 5.41438 39.0763
303 13.3106 46.1143
174 13.3106 46.1143
476 13.3106 46.1143
182 13.3106 46.1143
663 13.3106 46.1143
758 13.3106 46.1143
87 13.3106 46.1143
279 13.3106 46.1143
505 13.3106 46.1143
691 13.3106 46.1143
771 13.3106 46.1143
10 13.3106 46.1143
534 13.3106 46.1143
731 13.3106 46.1143
936 13.3106 46.1143
222 13.3106 46.1143
542 13.3106 46.1143
841 13.3106 46.1143
652 13.3106 46.1143
423 13.3106 46.1143
770 13.3106 46.1143
283 13.3106 46.1143
341 13.3106 46.1143
352 13.3106 46.1143
535 18.8876 44.3322
302 18.8876 44.3322
913 18.8876 44.3322
397 18.8876 44.3322
422 18.8876 44.3322
438 18.8876 44.3322
59 21.915 49.8388
391 21.915 49.8388
956 21.915 49.8388
640 21.915 49.8388
908 21.915 49.8388
413 21.915 49.8388
89 21.915 49.8388
11 21.915 49.8388
619 21.915 49.8388
496 21.915 49.8388
529 26.2648 44.388
475 26.2648 44.388
148 26.2648 44.388
723 26.2648 44.388
269 26.2648 44.388
37 27.8702 48.2825
525 27.8702 48.2825
778 27.8702 48.2825
370 37.5086 44.685
197 37.5086 44.685
7 37.5086 44.685
508 37.5086 44.685
38 37.5086 44.685
512 37.5086 44.685
522 37.5086 44.685
917 37.5086 44.685
716 41.3622 41.9658
844 41.3622 41.9658
989 41.3622 41.9658
66 41.3622 41.9658
155 41.3622 41.9658
356 41.3622 41.9658
862 41.3622 41.9658
679 41.3622 41.9658
191 41.3622 41.9658
692 41.3622 41.9658
935 41.3622 41.9658
151 41.3622 41.9658
687 41.3622 41.9658
257 41.3622 41.9658
205 33.0204 37.637
388 33.0204 37.637
278 33.0204 37.637
790 33.0204 37.637
748 33.0204 37.637
543 33.0204 37.637
78 23.5922 36.4294
32 23.5922 36.4294
655 23.5922 36.4294
65 23.5922 36.4294
797 23.5922 36.4294
228 23.5922 36.4294
612 23.5922 36.4294
403 23.5922 36.4294
414 23.5922 36.4294
121 23.5922 36.4294
949 23.5922 36.4294
869 23.5922 36.4294
829 23.5922 36.4294
664 23.5922 36.4294
824 23.5922 36.4294
811 23.5922 36.4294
221 23.5922 36.4294
700 23.5922 36.4294
943 23.5922 36.4294
836 23.5922 36.4294
284 20.9026 31.8004
661 20.9026 31.8004
641 20.9026 31.8004
899 20.9026 31.8004
787 20.9026 31.8004
549 20.9026 31.8004
125 20.9026 31.8004
486 20.9026 31.8004
822 25.285 28.9526
702 25.285 28.9526
64 25.285 28.9526
160 25.285 28.9526
709 25.285 28.9526
379 25.285 28.9526
261 30.5668 26.628
834 30.5668 26.628
934 30.5668 26.628
467 30.5668 26.628
586 30.5668 26.628
883 30.5668 26.628
853 36.7226 25.0155
289 36.7226 25.0155
704 36.7226 25.0155
419 43.0985 23.3454
111 43.0985 23.3454
421 43.0985 23.3454
865 43.0985 23.3454
209 43.0985 23.3454
355 47.6592 34.0224
480 47.6592 34.0224
250 47.6592 34.0224
781 47.6592 34.0224
555 47.6592 34.0224
492 52.9601 43.3668
644 52.9601 43.3668
396 52.9601 43.3668
27 52.9601 43.3668
978 52.9601 43.3668
959 55.9676 32.7882
785 55.9676 32.7882
873 55.9676 32.7882
751 55.9676 32.7882
164 55.9676 32.7882
821 55.9676 32.7882
358 55.9676 32.7882
681 55.9676 32.7882
377 55.9676 32.7882
55 55.9676 32.7882
45 55.9676 32.7882
458 55.9676 32.7882
828 55.9676 32.7882
926 67.969 40.189
675 67.969 40.189
314 67.969 40.189
232 67.969 40.189
634 67.969 40.189
323 67.969 40.189
967 71.4699 42.0603
592 71.4699 42.0603
195 71.4699 42.0603
609 71.4699 42.0603
29 71.4699 42.0603
745 71.4699 42.0603
466 71.4699 42.0603
920 71.4699 42.0603
274 71.4699 42.0603
606 71.4699 42.0603
670 71.4699 42.0603
425 71.4699 42.0603
932 72.7124 50.007
420 72.7124 50.007
190 72.7124 50.007
387 72.7124 50.007
357 72.7124 50.007
941 72.7124 50.007
684 74.7235 55.7605
838 74.7235 55.7605
242 74.7235 55.7605
595 67.1914 54.7218
67 67.1914 54.7218
810 65.3243 54.4644
286 65.3243 54.4644
656 65.3243 54.4644
942 65.3243 54.4644
767 65.3243 54.4644
850 65.3243 54.4644
143 65.3243 54.4644
70 65.3243 54.4644
583 65.3243 54.4644
238 65.3243 54.4644
553 65.3243 54.4644
43 64.6212 49.9879
35 64.6212 49.9879
117 64.6212 49.9879
217 64.6212 49.9879
85 64.6212 49.9879
842 64.6212 49.9879
668 59.6111 56.0783
798 59.6111 56.0783
625 59.6111 56.0783
485 59.6111 56.0783
907 59.6111 56.0783
964 59.6111 56.0783
538 59.6111 56.0783
293 59.6111 56.0783
515 56.4996 63.7788
101 56.4996 63.7788
791 56.4996 63.7788
732 53.7212 60.2568
597 53.7212 60.2568
968 53.7212 60.2568
472 51.3452 54.4629
870 51.3452 54.4629
558 51.3452 54.4629
264 51.3452 54.4629
161 51.3452 54.4629
676 51.3452 54.4629
930 48.8592 49.176
875 48.8592 49.176
945 48.8592 49.176
63 48.8592 49.176
594 48.8592 49.176
342 48.8592 49.176
623 48.8592 49.176
69 48.8592 49.176
793 48.8592 49.176
262 48.8592 49.176
906 48.8592 49.176
194 48.8592 49.176
19 46.3627 46.2878
452 46.3627 46.2878
186 46.3627 46.2878
519 46.3627 46.2878
843 46.3627 46.2878
276 46.3627 46.2878
49 46.3627 46.2878
603 40.9031 52.631
706 40.9031 52.631
461 40.9031 52.631
848 40.9031 52.631
127 40.9031 52.631
576 40.9031 52.631
216 42.0689 58.0652
621 42.0689 58.0652
235 42.0689 58.0652
210 42.0689 58.0652
923 42.0689 58.0652
308 42.0689 58.0652
453 49.4716 59.3383
484 49.4716 59.3383
617 49.4716 59.3383
84 49.4716 59.3383
855 49.4716 59.3383
468 49.4716 59.3383
171 50.1654 64.0662
188 50.1654 64.0662
498 50.1654 64.0662
577 50.1654 64.0662
282 50.1654 64.0662
281 50.1654 64.0662
743 50.1654 64.0662
134 47.349 67.7986
779 47.349 67.7986
765 47.349 67.7986
523 47.349 67.7986
163 47.349 67.7986
350 47.349 67.7986
683 47.349 67.7986
225 47.349 67.7986
80 47.349 67.7986
21 35.1054 65.8264
922 35.1054 65.8264
533 35.1054 65.8264
180 36.4037 60.9878
104 36.4037 60.9878
291 36.4037 60.9878
599 36.4037 60.9878
729 36.4037 60.9878
382 36.4037 60.9878
566 35.8694 54.9626
783 35.8694 54.9626
891 35.8694 54.9626
809 35.8694 54.9626
147 35.8694 54.9626
365 35.8694 54.9626
30 35.8694 54.9626
471 35.8694 54.9626
912 35.8694 54.9626
267 35.8694 54.9626
237 35.8694 54.9626
876 35.8694 54.9626
137 35.8694 54.9626
839 35.8694 54.9626
720 31.6593 59.724
79 31.6593 59.724
929 31.6593 59.724
591 31.6593 59.724
804 31.6593 59.724
54 31.6593 59.724
587 31.6593 59.724
493 31.6593 59.724
349 31.6593 59.724
645 31.6593 59.724
501 31.6593 59.724
901 31.6593 59.724
233 31.6593 59.724
788 31.6593 59.724
507 31.6593 59.724
705 31.6593 59.724
733 28.9978 65.3041
903 28.9978 65.3041
56 28.9978 65.3041
957 28.9978 65.3041
411 28.9978 65.3041
596 28.9978 65.3041
359 28.9978 65.3041
730 28.9978 65.3041
459 28.9978 65.3041
680 20.5752 72.2956
16 20.5752 72.2956
701 20.5752 72.2956
927 20.5752 72.2956
552 20.5752 72.2956
114 20.5752 72.2956
846 20.5752 72.2956
333 20.5752 72.2956
266 20.5752 72.2956
600 20.5752 72.2956
361 20.5752 72.2956
965 20.5752 72.2956
326 20.5752 72.2956
162 20.5752 72.2956
601 20.5752 72.2956
327 20.5752 72.2956
113 20.5752 72.2956
329 20.5752 72.2956
97 20.5752 72.2956
526 20.5752 72.2956
99 20.5752 72.2956
772 20.5752 72.2956
34 21.6263 65.8849
510 21.6263 65.8849
574 21.6263 65.8849
142 21.6366 59.9601
390 21.6366 59.9601
688 21.6366 59.9601
756 21.6366 59.9601
633 21.6366 59.9601
324 21.6366 59.9601
545 21.6366 59.9601
451 21.6366 59.9601
131 21.6366 59.9601
858 20.8965 59.248
938 20.8965 59.248
924 20.8965 59.248
132 20.8965 59.248
897 20.8965 59.248
735 20.8965 59.248
376 14.9924 60.0982
784 14.9924 60.0982
677 14.9924 60.0982
589 14.9924 60.0982
336 14.9924 60.0982
565 14.9924 60.0982
981 14.9924 60.0982
192 14.9924 60.0982
972 14.9924 60.0982
196 14.9924 60.0982
698 14.9924 60.0982
123 10.7705 50.5726
384 10.7705 50.5726
154 10.7705 50.5726
373 10.7705 50.5726
489 10.7705 50.5726
122 10.7705 50.5726
47 10.7705 50.5726
499 9.29428 49.2937
863 9.29428 49.2937
330 9.29428 49.2937
990 9.29428 49.2937
212 9.29428 49.2937
157 9.29428 49.2937
749 9.29428 49.2937
805 9.29428 49.2937
849 9.29428 49.2937
527 9.29428 49.2937
708 9.29428 49.2937
463 9.29428 49.2937
616 9.29428 49.2937
909 9.29428 49.2937
100 9.29428 49.2937
703 5.28069 51.3909
166 -4.30106 56.3974
214 -4.30106 56.3974
531 -4.30106 56.3974
218 -4.30106 56.3974
116 -4.30106 56.3974
925 -4.30106 56.3974
860 4.90461 70.8546
630 4.90461 70.8546
760 4.90461 70.8546
219 4.90461 70.8546
371 4.90461 70.8546
381 4.90461 70.8546
686 4.90461 70.8546
939 4.90461 70.8546
607 4.90461 70.8546
554 4.90461 70.8546
90 4.90461 70.8546
667 4.90461 70.8546
517 4.90461 70.8546
207 4.90461 70.8546
338 4.90461 70.8546
639 4.90461 70.8546
119 4.90461 70.8546
347 4.90461 70.8546
298 4.90461 70.8546
234 4.90461 70.8546
799 4.90461 70.8546
255 4.90461 70.8546
277 4.90461 70.8546
14 4.90461 70.8546
77 4.90461 70.8546
879 4.90461 70.8546
427 4.90461 70.8546
665 4.90461 70.8546
948 4.90461 70.8546
429 4.90461 70.8546
694 4.90461 70.8546
500 4.90461 70.8546
482 4.90461 70.8546
398 4.90461 70.8546
734 4.90461 70.8546
991 4.90461 70.8546
433 4.90461 70.8546
321 4.90461 70.8546
966 4.90461 70.8546
503 4.90461 70.8546
374 4.90461 70.8546
445 4.90461 70.8546
739 4.90461 70.8546
502 4.90461 70.8546
764 9.33827 69.4876
3 9.33827 69.4876
272 9.33827 69.4876
657 9.33827 69.4876
524 9.33827 69.4876
717 9.33827 69.4876
970 9.33827 69.4876
747 9.33827 69.4876
130 9.33827 69.4876
400 9.33827 69.4876
81 9.33827 69.4876
224 9.33827 69.4876
560 9.33827 69.4876
570 10.5563 73.516
615 10.5563 73.516
556 10.5563 73.516
178 10.5563 73.516
759 10.5563 73.516
240 10.5563 73.516
736 13.1577 82.2293
108 13.1577 82.2293
718 13.1577 82.2293
31 13.1577 82.2293
153 13.1577 82.2293
955 13.1577 82.2293
892 13.1577 82.2293
346 13.1577 82.2293
199 13.1577 82.2293
249 13.1577 82.2293
815 13.1577 82.2293
339 13.1577 82.2293
628 6.42056 82.2552
546 6.42056 82.2552
699 6.42056 82.2552
780 6.42056 82.2552
728 6.42056 82.2552
914 6.42056 82.2552
803 6.42056 82.2552
905 6.42056 82.2552
585 3.05684 84.7624
401 3.05684 84.7624
944 3.05684 84.7624
969 3.05684 84.7624
169 3.05684 84.7624
792 3.05684 84.7624
890 3.05684 84.7624
444 3.05684 84.7624
426 3.05684 84.7624
325 3.05684 84.7624
39 3.05684 84.7624
547 3.05684 84.7624
442 4.33539 87.4005
719 4.33539 87.4005
380 4.33539 87.4005
827 4.33539 87.4005
953 4.33539 87.4005
830 4.33539 87.4005
386 4.33539 87.4005
75 4.33539 87.4005
300 5.99311 88.1594
637 5.99311 88.1594
301 5.99311 88.1594
106 5.99311 88.1594
988 5.99311 88.1594
868 5.99311 88.1594
568 5.99311 88.1594
711 5.99311 88.1594
263 5.99311 88.1594
213 5.99311 88.1594
435 5.99311 88.1594
364 5.99311 88.1594
405 5.99311 88.1594
447 5.99311 88.1594
495 5.99311 88.1594
750 8.4024 88.3647
200 8.4024 88.3647
982 8.4024 88.3647
436 8.4024 88.3647
446 8.4024 88.3647
1 8.4024 88.3647
95 8.4024 88.3647
557 8.4024 88.3647
316 8.4024 88.3647
247 8.4024 88.3647
678 8.4024 88.3647
13 8.4024 88.3647
973 8.4024 88.3647
871 11.6232 88.5383
236 11.6232 88.5383
203 11.6232 88.5383
714 18.5433 97.2222
521 18.5433 97.2222
593 18.5433 97.2222
227 18.5433 97.2222
768 18.5433 97.2222
15 18.5433 97.2222
631 18.5433 97.2222
306 18.5433 97.2222
456 18.5433 97.2222
491 18.5433 97.2222
28 18.5433 97.2222
776 18.5433 97.2222
610 18.5433 97.2222
696 18.5433 97.2222
50 18.5433 97.2222
611 18.5433 97.2222
73 28.3141 98.9131
36 28.3141 98.9131
183 28.3141 98.9131
833 28.3141 98.9131
885 28.3141 98.9131
651 28.592 93.7179
76 28.592 93.7179
20 28.592 93.7179
697 22.0425 85.1205
462 22.0425 85.1205
44 22.0425 85.1205
115 22.0425 85.1205
93 22.0425 85.1205
60 22.0425 85.1205
253 22.0425 85.1205
418 22.0425 85.1205
296 22.0425 85.1205
431 22.0425 85.1205
604 22.0425 85.1205
443 22.0425 85.1205
578 22.0425 85.1205
120 22.0425 85.1205
490 22.0425 85.1205
918 22.0425 85.1205
58 22.0425 85.1205
761 22.0425 85.1205
886 22.0425 85.1205
220 22.0425 85.1205
244 22.0425 85.1205
950 22.0425 85.1205
41 22.0425 85.1205
672 22.0425 85.1205
933 22.0425 85.1205
712 22.0425 85.1205
916 22.0425 85.1205
138 18.7607 86.3811
288 18.7607 86.3811
441 18.7607 86.3811
304 18.7607 86.3811
167 18.7607 86.3811
469 18.7607 86.3811
693 17.4155 84.5143
753 17.4155 84.5143
424 17.4155 84.5143
399 17.4155 84.5143
360 17.4155 84.5143
88 17.4155 84.5143
48 17.4155 84.5143
608 17.4155 84.5143
658 17.4155 84.5143
946 17.4155 84.5143
859 17.4155 84.5143
17 17.4155 84.5143
168 17.4155 84.5143
457 17.4155 84.5143
487 17.4155 84.5143
796 17.4155 84.5143
551 17.4155 84.5143
825 17.4155 84.5143
368 17.4155 84.5143
635 26.8225 79.8252
275 26.8225 79.8252
184 26.8225 79.8252
726 26.8225 79.8252
888 26.8225 79.8252
789 26.8225 79.8252
571 26.8225 79.8252
878 26.8225 79.8252
454 26.8225 79.8252
428 26.8225 79.8252
757 26.8225 79.8252
479 26.8225 79.8252
689 28.3456 80.2941
695 28.3456 80.2941
2 28.3456 80.2941
141 28.3456 80.2941
550 28.3456 80.2941
910 30.6216 77.3698
540 30.6216 77.3698
724 30.6216 77.3698
404 30.6216 77.3698
971 30.6216 77.3698
537 30.6216 77.3698
755 33.3264 79.5833
124 33.3264 79.5833
561 33.3264 79.5833
806 33.3264 79.5833
840 33.3264 79.5833
416 33.3264 79.5833
807 33.3264 79.5833
954 33.3264 79.5833
223 33.3264 79.5833
226 33.3264 79.5833
773 33.3264 79.5833
872 33.3264 79.5833
410 42.642 72.719
270 42.642 72.719
715 42.642 72.719
91 42.642 72.719
175 42.642 72.719
662 42.642 72.719
800 46.1564 78.5988
986 46.1564 78.5988
144 46.1564 78.5988
940 46.1564 78.5988
769 46.1564 78.5988
109 46.1564 78.5988
513 46.1564 78.5988
782 46.1564 78.5988
112 46.1564 78.5988
642 46.1564 78.5988
921 46.1564 78.5988
895 46.1564 78.5988
887 46.1564 78.5988
140 46.1564 78.5988
215 46.1564 78.5988
252 46.1564 78.5988
229 46.1564 78.5988
894 46.1564 78.5988
82 46.1564 78.5988
343 48.322 82.1016
564 48.322 82.1016
245 48.322 82.1016
814 48.322 82.1016
947 48.322 82.1016
294 48.322 82.1016
857 48.322 82.1016
624 46.3762 88.2531
320 46.3762 88.2531
415 46.3762 88.2531
179 46.3762 88.2531
618 46.3762 88.2531
774 46.3762 88.2531
766 46.3762 88.2531
874 46.3762 88.2531
659 46.3762 88.2531
539 46.3762 88.2531
239 46.3762 88.2531
449 46.3762 88.2531
919 43.364 90.068
877 43.364 90.068
292 43.364 90.068
614 42.5499 89.0843
256 42.5499 89.0843
437 42.5499 89.0843
952 42.5499 89.0843
181 42.5499 89.0843
861 42.5499 89.0843
562 42.5499 89.0843
172 42.5499 89.0843
406 42.5499 89.0843
189 42.5499 89.0843
392 42.5499 89.0843
241 42.5499 89.0843
394 42.5499 89.0843
976 37.44 86.17
248 37.44 86.17
649 37.44 86.17
763 37.44 86.17
193 37.44 86.17
960 37.8471 91.5552
230 37.8471 91.5552
638 37.8471 91.5552
22 37.8471 91.5552
409 36.9791 94.9429
569 36.9791 94.9429
92 36.9791 94.9429
795 36.9791 94.9429
231 36.9791 94.9429
707 36.9791 94.9429
808 36.9791 94.9429
96 36.9791 94.9429
129 36.9791 94.9429
206 36.9791 94.9429
309 36.9791 94.9429
738 36.9791 94.9429
165 36.9791 94.9429
786 36.9791 94.9429
156 36.9791 94.9429
271 36.9791 94.9429
613 36.9791 94.9429
752 36.9791 94.9429
139 36.9791 94.9429
389 36.9791 94.9429
548 36.9791 94.9429
72 36.9791 94.9429
448 36.9791 94.9429
974 36.9791 94.9429
150 36.9791 94.9429
430 37.2913 98.066
105 37.2913 98.066
146 37.2913 98.066
53 37.2913 98.066
375 37.2913 98.066
265 37.2913 98.066
713 37.2913 98.066
746 37.2913 98.066
559 37.2913 98.066
5 37.2913 98.066
541 37.2913 98.066
866 37.2913 98.066
470 37.2913 98.066
880 53.1011 91.6885
185 53.1011 91.6885
754 53.1011 91.6885
992 53.1011 91.6885
690 53.1011 91.6885
536 53.1011 91.6885
367 53.1011 91.6885
980 53.1011 91.6885
40 53.1011 91.6885
313 53.1011 91.6885
305 53.1011 91.6885
62 53.1011 91.6885
202 53.1011 91.6885
856 53.1011 91.6885
477 53.1011 91.6885
931 55.2138 92.2283
911 55.2138 92.2283
23 55.2138 92.2283
882 55.2138 92.2283
511 55.2138 92.2283
344 55.2138 92.2283
434 55.2138 92.2283
532 55.2138 92.2283
961 55.2138 92.2283
273 55.2138 92.2283
42 55.2138 92.2283
845 68.8453 98.9008
817 68.8453 98.9008
620 68.8453 98.9008
158 68.8453 98.9008
149 68.8453 98.9008
584 68.8453 98.9008
135 68.8453 98.9008
983 74.3793 99.3864
928 74.3793 99.3864
820 74.3793 99.3864
464 74.3793 99.3864
52 74.3793 99.3864
775 72.1042 89.0535
318 72.1042 89.0535
580 72.1042 89.0535
251 72.1042 89.0535
854 72.1042 89.0535
353 72.1042 89.0535
145 72.1042 89.0535
177 72.1042 89.0535
823 72.1042 89.0535
285 72.1042 89.0535
742 72.1042 89.0535
813 72.1042 89.0535
417 72.1042 89.0535
864 72.1042 89.0535
465 72.1042 89.0535
544 72.1042 89.0535
494 72.1042 89.0535
666 72.1042 89.0535
893 72.1042 89.0535
725 72.1042 89.0535
851 61.9582 89.5643
984 61.9582 89.5643
297 61.9582 89.5643
826 59.0983 84.4985
118 59.0983 84.4985
259 59.0983 84.4985
801 59.0983 84.4985
408 59.0983 84.4985
816 59.0983 84.4985
12 59.0983 84.4985
460 59.0983 84.4985
369 59.0983 84.4985
378 59.0983 84.4985
737 59.0983 84.4985
530 57.8537 85.8517
516 57.8537 85.8517
896 57.8537 85.8517
335 57.8537 85.8517
582 57.8537 85.8517
317 57.8537 85.8517
319 57.8537 85.8517
563 51.4202 80.4724
636 51.4202 80.4724
432 51.4202 80.4724
575 51.4202 80.4724
832 51.4202 80.4724
173 57.4282 73.7966
802 57.4282 73.7966
280 57.4282 73.7966
94 57.4282 73.7966
632 57.4282 73.7966
126 57.4282 73.7966
509 57.4282 73.7966
395 57.4282 73.7966
622 66.5594 77.7386
671 66.5594 77.7386
83 66.5594 77.7386
567 66.5594 77.7386
440 67.5369 71.6586
647 67.5369 71.6586
654 67.5369 71.6586
605 67.5369 71.6586
71 67.5369 71.6586
315 67.5369 71.6586
9 67.5369 71.6586
904 67.5369 71.6586
340 67.5369 71.6586
987 67.5369 71.6586
208 67.5369 71.6586
18 67.5369 71.6586
481 67.5369 71.6586
937 67.5369 71.6586
837 67.5369 71.6586
867 67.5369 71.6586
762 67.5369 71.6586
847 65.7781 70.3298
393 65.7781 70.3298
478 65.7781 70.3298
900 65.7781 70.3298
102 65.9244 66.9019
334 65.9244 66.9019
68 65.9244 66.9019
818 73.9959 69.3552
962 73.9959 69.3552
290 73.9959 69.3552
152 73.9959 69.3552
110 73.9959 69.3552
852 73.9959 69.3552
201 73.9959 69.3552
650 73.9959 69.3552
975 73.9959 69.3552
744 73.9959 69.3552
51 73.9959 69.3552
727 73.9959 69.3552
332 73.9959 69.3552
204 83.4819 75.6153
159 83.4819 75.6153
579 83.4819 75.6153
450 83.4819 75.6153
372 90.8165 80.4307
660 90.8165 80.4307
25 90.8165 80.4307
685 90.8165 80.4307
473 90.8165 80.4307
889 90.8165 80.4307
528 90.8165 80.4307
311 90.8165 80.4307
648 90.8165 80.4307
740 90.8165 80.4307
322 90.8165 80.4307
385 88.7661 67.4214
497 88.7661 67.4214
383 88.7661 67.4214
198 82.5843 57.6297
170 82.5843 57.6297
977 82.5843 57.6297
107 82.5843 57.6297
951 82.5843 57.6297
884 82.5843 57.6297
506 82.5843 57.6297
136 82.5843 57.6297
33 87.7272 38.0209
98 87.7272 38.0209
590 87.7272 38.0209
520 87.7272 38.0209
835 87.7272 38.0209
243 95.0322 12.6639
979 95.0322 12.6639
483 95.0322 12.6639
627 95.0322 12.6639
345 95.0322 12.6639
