0,979,103,176,721,581,777,598,504,831,6,819,959,24,906,314,675,821,634,357,606,45,43,870,681,358,751,458,873,19,828,377,295,355,419,337,934,55,209,164,781,555,865,518,363,407,573,351,626,883,287,653,307,310,704,869,261,160,853,709,421,834,26,111,379,191,250,480,257,692,790,566,452,356,467,785,848,935,586,151,706,862,197,989,917,716,529,679,289,844,27,66,69,875,492,945,843,930,63,594,194,276,186,623,262,793,617,743,281,282,577,498,188,468,855,84,668,968,597,732,791,101,515,293,964,485,625,798,238,35,208,484,472,342,676,161,264,558,765,163,523,180,291,104,216,923,210,235,621,350,533,21,80,225,683,266,223,501,724,175,56,596,571,910,54,662,267,689,171,365,459,308,493,903,901,599,733,965,729,640,79,404,922,645,971,839,591,715,804,382,49,576,127,461,603,269,370,778,783,929,876,237,912,471,30,147,809,891,324,688,756,302,913,7,748,388,687,155,522,512,38,508,438,475,619,11,89,413,391,655,797,142,476,510,414,125,811,65,182,938,758,525,535,37,397,403,908,949,700,496,633,154,543,956,352,336,664,205,545,148,723,123,341,770,423,542,222,771,87,663,985,228,612,463,384,990,32,78,278,549,741,661,439,836,963,829,702,641,299,402,669,354,787,64,284,902,824,121,899,221,943,643,246,474,602,915,822,486,211,254,488,8,629,812,881,61,722,268,455,187,646,682,348,412,366,362,673,331,674,74,258,133,710,86,794,514,588,572,328,898,312,330,4,499,958,122,708,10,731,749,46,909,747,841,505,373,128,57,489,283,616,863,849,218,116,534,166,212,157,47,805,214,100,527,303,703,652,698,589,936,279,174,132,59,981,451,233,507,630,691,565,705,858,972,422,677,788,359,587,735,137,524,957,34,927,500,946,701,349,720,601,113,130,390,162,846,411,361,429,697,220,99,329,897,726,503,192,114,3,772,764,635,81,680,398,482,224,457,780,400,255,298,890,970,925,338,948,97,739,860,502,272,531,607,196,347,426,90,131,445,427,346,119,879,966,381,639,686,219,374,667,657,14,479,799,665,371,234,784,277,77,939,694,556,517,376,760,431,615,547,325,759,240,728,554,75,207,734,717,551,991,803,568,699,868,364,247,169,969,1,736,401,48,830,249,585,944,433,815,792,380,435,31,300,200,750,39,236,678,138,953,973,905,405,693,447,17,914,263,301,153,711,637,199,106,13,15,213,988,827,386,442,304,108,316,892,886,495,321,244,184,487,557,833,446,88,93,424,982,546,933,491,462,76,183,714,918,73,593,521,368,50,306,871,776,753,44,227,36,610,696,288,773,456,761,786,167,28,150,253,611,409,430,115,631,20,712,231,651,960,441,490,768,16,168,916,718,950,695,825,796,399,560,360,628,436,444,719,95,178,955,570,203,552,924,757,333,327,730,60,789,574,526,537,339,428,954,604,608,658,469,41,578,58,326,418,859,885,600,888,550,275,443,296,141,454,226,252,840,392,878,124,270,919,806,807,410,921,636,857,563,248,229,134,779,313,894,144,215,513,632,976,562,241,280,561,659,406,416,649,319,292,179,126,193,947,294,140,82,12,540,94,369,800,861,887,415,367,986,320,802,91,872,239,394,755,2,614,564,96,516,548,559,766,305,613,375,206,120,165,539,256,437,53,129,866,105,309,389,271,172,230,146,408,189,449,795,638,139,672,92,707,22,877,72,808,738,448,569,752,181,343,763,470,974,265,874,880,259,156,118,980,774,984,541,746,618,713,532,952,814,5,536,344,434,882,961,992,911,544,62,202,624,511,23,185,856,464,816,42,177,584,273,754,737,567,851,896,335,530,826,395,690,40,245,801,940,582,671,378,9,895,642,112,109,987,769,509,782,931,460,904,867,654,393,727,453,420,190,102,478,173,290,818,847,340,650,440,68,315,432,762,605,647,317,579,837,385,937,201,110,852,83,775,71,481,417,383,962,900,152,975,832,744,622,51,575,297,18,740,318,158,823,465,477,145,52,725,159,742,494,580,353,845,854,149,251,620,817,285,135,666,813,928,648,864,473,322,820,893,983,889,25,450,660,311,685,372,528,497,332,170,242,204,67,595,198,553,850,334,838,977,941,195,136,425,932,684,387,117,538,942,810,583,907,286,767,926,842,143,217,656,232,644,396,85,519,978,592,967,466,745,920,323,670,274,29,609,70,107,506,884,951,33,835,520,590,98,260,345,627,483,243,
value : 522.042 running time : 30.205041
0 80 20
979 78.8853 18.9015
103 67.921 15.069
176 67.5318 15.9073
721 67.1254 16.7827
581 66.4726 18.1888
777 65.8451 19.5402
598 65.1641 21.0071
504 64.4857 22.4683
831 63.7332 24.0889
6 63.0861 25.4828
819 62.5119 26.7195
959 61.8966 28.0449
24 61.194 29.5584
906 59.418 33.3815
314 59.418 33.3815
675 59.418 33.3815
821 59.418 33.3815
634 59.418 33.3815
357 59.418 33.3815
606 59.3796 33.3379
45 59.2632 33.2056
43 59.1479 33.0746
870 59.0257 32.9358
681 58.7801 32.6567
358 58.5541 32.3999
751 58.2959 32.1066
458 58.0589 31.8372
873 57.801 31.5442
19 57.5963 31.3116
828 57.3994 31.0879
377 57.1922 30.8525
295 56.9681 30.5978
355 55.0292 29.2919
419 51.5893 26.975
337 49.012 25.2391
934 49.0924 25.2707
55 49.1884 25.3086
209 49.2696 25.3405
164 49.3532 25.3734
781 49.4432 25.4088
555 48.3559 24.3246
865 46.9608 22.9333
518 41.7691 17.7562
363 41.7691 17.7562
407 41.7691 17.7562
573 41.7691 17.7562
351 41.7691 17.7562
626 41.513 19.1053
883 41.3485 19.9721
287 41.1911 20.8014
653 40.8133 22.7917
307 40.3466 25.2507
310 40.2703 25.6525
704 40.1812 26.122
869 39.2328 31.1177
261 39.2648 31.17
160 39.2961 31.2211
853 39.3268 31.271
709 39.3529 31.3137
421 39.4329 31.4442
834 39.503 31.5587
26 39.5727 31.6724
111 39.6549 31.8065
379 39.7942 32.0339
191 39.9406 32.2728
250 40.0891 32.5151
480 40.226 32.7385
257 40.3593 32.9559
692 40.4917 33.1721
790 40.6233 33.3867
566 40.7525 33.5977
452 40.8724 33.7932
356 40.9747 33.9603
467 41.0709 34.1172
785 41.1771 34.2905
848 41.277 34.4536
935 41.277 34.4536
586 41.277 34.4536
151 41.277 34.4536
706 41.4276 34.6066
862 41.5786 34.7601
197 41.7207 34.9045
989 41.849 35.0349
917 41.9777 35.1657
716 42.1087 35.2989
529 42.2141 35.406
679 42.335 35.5288
289 43.0847 36.2908
844 44.5096 37.7391
27 45.5729 38.8198
66 45.929 40.0918
69 46.268 41.3022
875 46.5682 42.3749
492 46.8303 43.3109
945 47.0566 44.1196
843 47.2603 44.8471
930 47.4465 45.5124
63 47.6786 46.3418
594 47.915 47.1862
194 48.2378 48.3394
276 48.5859 49.5828
186 48.9729 50.9646
623 49.3209 52.2077
262 49.6681 53.448
793 50.028 54.7333
617 50.3606 55.9214
743 50.4784 56.3423
281 50.5828 56.7153
282 50.6943 57.1138
577 50.797 57.4808
498 50.9 57.8488
188 51.0085 58.2364
468 51.1254 58.654
855 51.2303 59.0287
84 51.3244 59.365
668 51.4169 59.6954
968 51.4169 59.6954
597 51.4169 59.6954
732 51.4169 59.6954
791 51.4169 59.6954
101 51.4169 59.6954
515 51.4169 59.6954
293 51.4169 59.6954
964 51.4169 59.6954
485 51.4169 59.6954
625 51.273 59.7023
798 51.127 59.7092
238 50.995 59.7155
35 50.5946 59.7346
208 50.1917 59.7538
484 49.2371 59.7996
472 48.4408 59.8376
342 47.98 59.9092
676 47.5167 59.9811
161 47.0683 60.0507
264 46.5686 60.1283
558 46.0958 60.2017
765 45.6141 60.2765
163 45.1842 60.3433
523 44.7974 60.4033
180 44.4197 60.462
291 43.9132 60.8547
104 43.4703 61.1981
216 43.0544 61.5207
923 42.6181 61.859
210 42.0498 62.2996
235 41.2805 62.8961
621 40.47 63.5244
350 39.4889 64.2849
533 38.7728 64.8401
21 38.0019 65.4378
80 37.2825 65.9955
225 36.5853 66.536
683 35.8751 67.0867
266 35.0865 67.698
223 35.0865 67.698
501 35.0541 67.4642
724 35.0246 67.2508
175 34.9912 67.0098
56 34.9606 66.7885
596 34.9309 66.5735
571 34.9021 66.3659
910 34.8715 66.1447
54 34.8394 65.9124
662 34.8126 65.7189
267 34.7767 65.4593
689 34.7486 65.2565
171 34.711 64.985
365 34.6722 64.7043
459 34.6349 64.435
308 34.5982 64.1698
493 34.5594 63.8895
903 34.5248 63.6387
901 34.4883 63.3755
599 34.4541 63.1278
733 34.4203 62.884
965 34.3878 62.6493
729 34.3512 62.3847
640 34.317 62.1373
79 34.2846 61.9032
404 34.2555 61.6931
922 34.2194 61.4323
645 34.1884 61.208
971 34.1568 60.9793
839 34.1099 60.6404
591 34.0683 60.3396
715 34.013 59.94
804 33.9458 59.4543
382 33.8733 58.9307
49 33.7988 58.3922
576 33.7448 58.0021
127 33.6808 57.5391
461 33.6205 57.1033
603 33.5636 56.6927
269 33.5091 56.2981
370 33.4592 55.9378
778 33.4049 55.5451
783 33.353 55.1703
929 33.3237 54.9581
876 33.2887 54.7057
237 33.2579 54.4825
912 33.2274 54.2627
471 33.1939 54.0206
30 33.1581 53.7617
147 33.1187 53.4766
809 33.0831 53.2192
891 33.0428 52.9284
324 33.0032 52.6423
688 32.9631 52.3522
756 32.9241 52.0702
302 32.8794 51.7475
913 32.8371 51.4416
7 32.793 51.1231
748 32.793 51.1231
388 32.793 51.1231
687 32.793 51.1231
155 32.793 51.1231
522 32.6064 51.018
512 32.3978 50.9005
38 31.6308 50.4684
508 30.9857 50.105
438 30.3451 49.7442
475 29.8025 49.4385
619 29.3464 49.1815
11 28.8634 48.9094
89 28.4465 48.6745
413 27.9016 48.3676
391 27.3291 48.0451
655 26.7948 47.7441
797 26.3307 47.4827
142 25.9184 47.2504
476 25.506 47.0181
510 25.1799 46.8344
414 24.7552 46.5952
125 24.2712 46.3225
811 24.0727 46.2107
65 23.84 46.0796
182 23.7588 46.0339
938 23.6784 45.9886
758 23.5903 45.9389
525 23.5074 45.8923
535 23.4164 45.841
37 23.3231 45.7884
397 23.2311 45.7366
403 23.1371 45.6836
908 23.0426 45.6304
949 22.9392 45.5722
700 22.8386 45.5155
496 22.7613 45.472
633 22.6855 45.4293
154 22.5909 45.376
543 22.5689 45.3636
956 22.5447 45.35
352 22.5173 45.3345
336 22.4938 45.3213
664 22.2444 45.0847
205 21.9865 44.8399
545 21.7512 44.6167
148 21.3085 44.1966
723 20.8692 43.7797
123 20.4108 43.3447
341 20.0486 43.0011
770 19.9669 42.9236
423 19.8893 42.85
542 19.81 42.7748
222 19.7296 42.6984
771 19.6532 42.626
87 19.5714 42.5484
663 19.4997 42.4804
985 19.4238 42.4084
228 19.4238 42.4084
612 19.4238 42.4084
463 19.4238 42.4084
384 19.4174 40.7921
990 19.411 39.2124
32 19.4043 37.5352
78 19.3974 35.7969
278 19.3888 33.6379
549 18.5915 31.5839
741 17.5666 28.9435
661 17.3105 28.2839
439 17.0694 27.6626
836 16.855 27.1105
963 16.6376 26.5504
829 17.0743 26.1511
702 17.4855 25.7752
641 17.8574 25.4353
299 18.2258 25.0985
402 21.208 22.371
669 23.62 20.1644
354 23.62 20.1644
787 23.62 20.1644
64 23.62 20.1644
284 23.62 20.1644
902 23.62 20.1644
824 23.62 20.1644
121 23.62 20.1644
899 23.62 20.1644
221 23.62 20.1644
943 23.62 20.1644
643 23.62 20.1644
246 23.62 20.1644
474 23.62 20.1644
602 23.62 20.1644
915 23.62 20.1644
822 23.62 20.1644
486 23.2686 20.5121
211 19.2973 18.7267
254 17.6508 17.9862
488 15.7646 17.1379
8 14.5937 16.6113
629 13.1099 15.944
812 12.0577 15.4708
881 12.0413 15.791
61 12.0239 16.1299
722 12.0071 16.4585
268 11.9584 17.4062
455 11.9311 17.9373
187 11.9066 18.4169
646 11.8829 18.8793
682 11.8573 19.3789
348 11.8307 19.8975
412 11.8037 20.423
366 11.776 20.9625
362 11.7463 21.5419
673 11.7143 22.1656
331 11.6841 22.7553
674 11.6544 23.3349
74 11.619 24.0237
258 11.5861 24.6656
133 11.553 25.3103
710 11.5221 25.9127
86 11.4919 26.5021
794 11.4726 26.8788
514 11.4533 27.2541
588 11.4358 27.5956
572 11.2237 31.7018
328 11.052 35.024
898 11.052 35.024
312 11.0478 35.399
330 11.0444 35.697
4 11.0414 35.957
499 10.9876 40.7397
958 10.9541 43.7117
122 10.8853 49.8376
708 10.885 49.8644
10 10.8847 49.8876
731 10.8844 49.9172
749 10.884 49.9478
46 10.8837 49.9768
909 10.8833 50.0085
747 10.883 50.0408
841 10.883 50.0408
505 10.883 50.0408
373 10.883 50.0408
128 10.883 50.0408
57 10.883 50.0408
489 10.883 50.0408
283 10.883 50.0408
616 10.9775 50.201
863 11.0721 50.3612
849 11.1817 50.547
218 11.2899 50.7303
116 11.3886 50.8975
534 11.5139 51.1097
166 11.6342 51.3136
212 11.7463 51.5035
157 11.8988 51.7618
47 12.1094 52.1186
805 12.3224 52.4794
214 12.529 52.8295
100 12.7413 53.1892
527 12.961 53.5614
303 13.2003 53.9668
703 13.4511 54.3917
652 13.6519 54.7319
698 13.9431 55.2253
589 14.2354 55.7204
936 14.4961 56.1622
279 14.8022 56.6808
174 15.116 57.2124
132 15.5136 57.8859
59 15.7647 58.3114
981 15.9952 58.702
451 16.2226 59.0871
233 16.4384 59.4527
507 16.658 59.8247
630 16.8613 60.1693
691 17.0433 60.4776
565 17.236 60.804
705 17.4419 61.1529
858 17.6349 61.4799
972 17.9561 62.024
422 18.3563 62.7022
677 18.7883 63.434
788 19.5553 64.7334
359 20.173 65.7799
587 20.173 65.7799
735 20.173 65.7799
137 20.173 65.7799
524 20.0806 65.9684
957 20.0016 66.1297
34 19.908 66.3209
927 19.8022 66.5368
500 19.6986 66.7483
946 19.611 66.927
701 19.532 67.0883
349 19.4615 67.2322
720 19.381 67.3965
601 19.2914 67.5794
113 19.1989 67.7681
130 19.12 67.9291
390 19.0418 68.0889
162 18.9411 68.2944
846 18.8564 68.4672
411 18.7617 68.6606
361 18.6598 68.8684
429 18.5671 69.0578
697 18.4773 69.241
220 18.113 69.2231
99 17.7476 69.2051
329 17.3511 69.1856
897 16.9656 69.1667
726 16.5597 69.1467
503 16.1107 69.1247
192 15.6944 69.1042
114 15.3062 69.0852
3 14.9203 69.0662
772 14.5722 69.0491
764 14.2085 69.0312
635 13.853 69.0137
81 13.3656 68.9898
680 12.8838 68.9661
398 12.4056 68.9426
482 11.8947 68.9175
224 11.3645 68.8914
457 11.1895 68.8828
780 11.0165 68.8743
400 10.7711 68.8623
255 10.4962 68.8488
298 10.2508 68.8367
890 10.0344 68.8261
970 10.0344 68.8261
925 10.0344 68.8261
338 9.98215 69.0104
948 9.93102 69.1905
97 9.88065 69.368
739 9.83045 69.5449
860 9.77752 69.7314
502 9.72842 69.9044
272 9.68117 70.071
531 9.6349 70.234
607 9.56306 70.4871
196 9.49282 70.7346
347 9.40427 71.0465
426 9.14314 71.9648
90 9.10575 72.0966
131 9.10575 72.0966
445 9.10575 72.0966
427 9.10575 72.0966
346 9.10575 72.0966
119 9.10575 72.0966
879 9.10575 72.0966
966 9.10575 72.0966
381 9.10575 72.0966
639 9.10575 72.0966
686 9.10575 72.0966
219 9.10575 72.0966
374 9.10575 72.0966
667 9.10575 72.0966
657 9.10575 72.0966
14 9.10575 72.0966
479 9.10575 72.0966
799 9.10575 72.0966
665 9.10575 72.0966
371 9.10575 72.0966
234 9.10575 72.0966
784 9.10265 72.1312
277 9.09921 72.1697
77 9.09593 72.2063
939 9.09251 72.2447
694 9.08871 72.2871
556 9.08505 72.328
517 9.08198 72.3624
376 9.07878 72.3982
760 9.07485 72.442
431 8.66573 77.0191
615 8.6622 77.0585
547 8.65859 77.099
325 8.65859 77.099
759 8.65859 77.099
240 8.65859 77.099
728 8.65859 77.099
554 8.65859 77.099
75 8.65859 77.099
207 8.65859 77.099
734 8.65859 77.099
717 8.70276 77.5324
551 8.85923 79.0675
991 9.01011 80.5477
803 9.20328 82.4427
568 9.33327 83.718
699 9.41942 84.5633
868 9.50327 85.3859
364 9.51913 85.5415
247 9.53496 85.6969
169 9.55042 85.8485
969 9.56723 86.0134
1 9.58275 86.1657
736 9.59761 86.3115
401 9.6126 86.4585
48 9.62711 86.6009
830 9.64262 86.7531
249 9.66159 86.9392
585 9.67964 87.1162
944 9.6942 87.2591
433 9.71117 87.4256
815 9.73294 87.6391
792 9.75398 87.8455
380 9.77767 88.0779
435 9.79519 88.2497
31 9.79939 88.291
300 9.80491 88.3451
200 9.81169 88.4116
750 9.81758 88.4693
39 9.82256 88.5181
236 9.82755 88.567
678 9.83233 88.614
138 9.83722 88.6619
953 9.84193 88.7081
973 9.84686 88.7565
905 9.85126 88.7997
405 9.85689 88.8549
693 9.86172 88.9022
447 9.86672 88.9512
17 9.87171 89.0001
914 9.87661 89.0482
263 9.88145 89.0957
301 9.88658 89.146
153 9.89176 89.1968
711 9.89752 89.2533
637 9.90241 89.3012
199 9.90782 89.3543
106 9.91334 89.4085
13 9.91855 89.4595
15 9.92379 89.511
213 9.92379 89.511
988 9.92379 89.511
827 10.1772 89.5075
386 10.4379 89.5039
442 10.6956 89.5004
304 10.9412 89.4971
108 11.183 89.4938
316 11.441 89.4903
892 11.6986 89.4867
886 11.9752 89.483
495 12.1669 89.4803
321 12.347 89.4779
244 13.4136 89.4631
184 14.4093 89.4494
487 15.2059 89.4384
557 15.2059 89.4384
833 15.2059 89.4384
446 15.2059 89.4384
88 15.2059 89.4384
93 15.2059 89.4384
424 15.2059 89.4384
982 15.2059 89.4384
546 15.2059 89.4384
933 16.0208 89.743
491 16.7799 90.0268
462 17.3195 90.2285
76 17.8528 90.4278
183 18.3379 90.6092
714 18.834 90.7947
918 19.2607 90.9541
73 19.3806 90.999
593 19.4936 91.0412
521 19.6086 91.0842
368 19.7157 91.1243
50 19.828 91.1662
306 19.9522 91.2127
871 20.0625 91.2539
776 20.1734 91.2954
753 20.2882 91.3383
44 20.4077 91.383
227 20.5253 91.4269
36 20.6477 91.4727
610 20.7644 91.5163
696 20.8752 91.5577
288 20.985 91.5988
773 21.1067 91.6443
456 21.1754 91.67
761 21.248 91.6971
786 21.3224 91.7249
167 21.3886 91.7496
28 21.4593 91.7761
150 21.5275 91.8016
253 21.5921 91.8257
611 21.6591 91.8508
409 21.7235 91.8748
430 21.7875 91.8988
115 21.8481 91.9214
631 21.9216 91.9489
20 21.9876 91.9736
712 22.0463 91.9955
231 22.1212 92.0235
651 22.1661 92.0403
960 22.216 92.059
441 21.7016 91.3027
490 21.0969 90.4136
768 20.5688 89.6372
16 18.3335 86.3508
168 17.6938 85.7477
916 17.0927 85.181
718 16.5073 84.6291
950 16.0605 84.208
695 15.9889 84.1405
825 15.9064 84.0626
796 15.8276 83.9883
399 15.7548 83.9198
560 15.6796 83.8488
360 15.6071 83.7805
628 15.5268 83.7048
436 15.449 83.6315
444 15.3752 83.5619
719 15.3029 83.4937
95 15.2305 83.4255
178 15.1482 83.3479
955 15.288 83.2949
570 15.426 83.2427
203 16.5171 82.8295
552 24.0033 79.9937
924 24.1209 79.9821
757 24.2406 79.9702
333 24.3514 79.9592
327 24.458 79.9486
730 24.5698 79.9375
60 24.6736 79.9272
789 24.7703 79.9176
574 24.8705 79.9076
526 24.9651 79.8982
537 25.0636 79.8884
339 25.1582 79.8791
428 25.2708 79.8679
954 25.3738 79.8576
604 25.4709 79.848
608 25.5622 79.8389
658 25.6585 79.8294
469 25.7536 79.8199
41 25.859 79.8095
578 25.9577 79.7996
58 26.0541 79.7901
326 26.1531 79.7802
418 26.2622 79.7694
859 26.3667 79.759
885 26.4688 79.7489
600 26.5666 79.7392
888 26.6711 79.7288
550 26.7746 79.7185
275 26.8789 79.7082
443 27.6496 79.6316
296 28.5776 79.5394
141 29.4787 79.4499
454 30.3394 79.3644
226 31.2192 79.277
252 31.9742 79.2021
840 32.6858 79.1314
392 33.3025 79.0701
878 34.3083 78.7812
124 35.2376 78.5143
270 36.2375 78.2272
919 37.2288 77.9425
806 38.4162 77.6015
807 39.8891 77.1786
410 41.41 76.7419
921 42.5958 77.4484
636 43.4421 77.9527
857 44.1079 78.3494
563 44.6791 78.6897
248 45.2458 79.0274
229 45.8217 79.3706
134 45.8217 79.3706
779 45.8217 79.3706
313 46.2335 83.2247
894 46.1871 83.2129
144 46.1871 83.2129
215 46.1871 83.2129
513 46.1871 83.2129
632 46.1871 83.2129
976 46.1871 83.2129
562 46.1871 83.2129
241 46.1871 83.2129
280 46.1871 83.2129
561 46.1871 83.2129
659 46.1871 83.2129
406 46.1871 83.2129
416 46.1871 83.2129
649 46.1871 83.2129
319 46.1871 83.2129
292 46.1871 83.2129
179 46.1871 83.2129
126 46.1871 83.2129
193 46.1871 83.2129
947 46.1871 83.2129
294 46.1871 83.2129
140 46.1871 83.2129
82 46.1871 83.2129
12 46.1871 83.2129
540 46.1871 83.2129
94 46.1871 83.2129
369 46.1871 83.2129
800 46.1871 83.2129
861 46.1871 83.2129
887 46.1871 83.2129
415 46.1871 83.2129
367 46.1871 83.2129
986 46.0576 83.262
320 45.8453 83.3424
802 45.6444 83.4185
91 45.429 83.5001
872 41.6023 84.9494
239 41.6083 85.3681
394 41.6135 85.7379
755 41.619 86.1194
2 41.6245 86.506
614 41.6305 86.927
564 41.6374 87.4127
96 41.6443 87.8999
516 41.6457 87.9942
548 41.6469 88.0837
559 41.6483 88.1757
766 41.6494 88.2556
305 41.6504 88.3293
613 41.6516 88.4113
375 41.6527 88.4883
206 41.6537 88.5597
120 41.6547 88.6323
165 41.6773 88.6665
539 41.6965 88.6957
256 41.715 88.7238
437 41.7369 88.7571
53 41.7591 88.7908
129 41.7802 88.8229
866 41.8027 88.8571
105 41.8241 88.8897
309 41.8425 88.9175
389 41.8618 88.9469
271 41.8798 88.9742
172 41.8991 89.0035
230 41.9192 89.034
146 41.9399 89.0654
408 41.9615 89.0983
189 41.9792 89.1252
449 41.9996 89.1562
795 42.0176 89.1836
638 42.0371 89.2132
139 42.0581 89.245
672 42.0583 89.245
92 42.0585 89.245
707 42.0587 89.245
22 42.0589 89.245
877 42.0591 89.245
72 42.0593 89.245
808 42.0595 89.245
738 42.1642 89.2425
448 42.2683 89.24
569 42.3717 89.2375
752 42.4711 89.2351
181 42.6048 89.2319
343 42.7428 89.2286
763 42.8651 89.2257
470 42.9767 89.223
974 43.1024 89.22
265 43.3323 89.2145
874 44.5183 89.1861
880 45.8581 89.1539
259 46.822 89.1308
156 47.518 89.1141
118 48.2782 89.0959
980 48.8851 89.0814
774 49.4303 89.0683
984 49.9877 89.0549
541 50.1201 89.0517
746 50.2676 89.0482
618 50.4236 89.0445
713 50.5634 89.0411
532 50.721 89.0373
952 50.8824 89.0335
814 51.026 89.03
5 51.1795 89.0263
536 51.6756 89.0145
344 52.1983 89.0019
434 52.6568 88.9909
882 53.122 88.9798
961 53.6295 88.9676
992 55.5327 88.922
911 56.9356 88.8884
544 58.3455 88.8547
62 58.3455 88.8547
202 58.3455 88.8547
624 58.3455 88.8547
511 58.3455 88.8547
23 58.3502 88.8198
185 58.3741 88.643
856 58.3977 88.4686
464 58.4236 88.2774
816 58.4506 88.0775
42 58.4741 87.904
177 58.4987 87.7222
584 58.5223 87.5477
273 58.5498 87.3444
754 58.5774 87.1407
737 58.6035 86.9473
567 58.6329 86.7302
851 58.6604 86.527
896 58.6874 86.3271
335 58.7256 86.0448
530 58.7584 85.8025
826 59.1038 84.1706
395 59.1609 83.9004
690 59.2149 83.6451
40 59.2735 83.3679
245 59.3372 83.0669
801 59.4048 82.7473
940 59.4696 82.441
582 59.5373 82.1205
671 59.5974 81.8365
378 59.6552 81.5631
9 59.7157 81.2772
895 59.7714 81.014
642 59.8281 80.7456
112 60.0205 79.8367
109 60.1853 79.0574
987 60.307 78.4822
769 60.4254 77.9223
509 60.5397 77.3821
782 60.6526 76.8483
931 60.7673 76.3062
460 60.8945 75.7049
904 61.0203 75.1101
867 61.1433 74.5288
654 61.2491 74.0289
393 61.3557 73.5249
727 61.4534 73.0627
453 61.5559 72.5783
420 65.1224 68.6408
190 66.025 67.6444
102 66.1903 67.4618
478 66.3972 68.037
173 66.6346 68.6973
290 66.868 69.3466
818 67.0901 69.9641
847 67.1411 70.1059
340 67.1932 70.251
650 67.2467 70.3997
440 67.3036 70.5579
68 67.366 70.7316
315 67.4346 70.9223
432 67.4967 71.0951
762 67.5772 71.3188
605 67.7054 71.6754
647 67.8427 72.0572
317 68.1173 72.8208
579 68.1173 72.8208
837 68.1173 72.8208
385 68.1173 72.8208
937 68.1173 72.8208
201 68.1173 72.8208
110 68.1173 72.8208
852 68.1173 72.8208
83 68.1173 72.8208
775 68.1173 72.8208
71 68.1173 72.8208
481 68.1173 72.8208
417 68.1173 72.8208
383 68.1173 72.8208
962 68.2765 73.4307
900 68.4379 74.0489
152 68.6043 74.686
975 68.7913 75.4022
832 68.9881 76.1565
744 69.198 76.9609
622 69.4017 77.7416
51 69.5343 78.2493
575 69.6656 78.7522
297 70.4101 80.2963
18 71.1615 81.8548
740 72.1079 83.8172
318 72.8542 85.3649
158 72.9727 85.6109
823 73.082 85.8377
465 73.1886 86.0588
477 73.3053 86.3008
145 73.4252 86.5497
52 73.55 86.8086
725 73.6497 87.0155
159 73.7444 87.2118
742 73.8444 87.4194
494 73.9511 87.6408
580 74.0519 87.8498
353 74.0519 87.8498
845 74.0519 87.8498
854 74.0519 87.8498
149 74.0519 87.8498
251 74.0519 87.8498
620 74.0519 87.8498
817 74.1121 87.854
285 75.6648 87.9607
135 77.8347 88.1097
666 78.6575 88.1663
813 79.6355 88.2335
928 80.9521 88.324
648 80.979 88.2815
864 81.0012 88.2465
473 81.0224 88.213
322 81.043 88.1805
820 81.0628 88.1491
893 81.0851 88.1139
983 81.1098 88.0749
889 82.8892 85.2661
25 84.6495 82.4873
450 85.4206 81.2698
660 85.7113 80.8107
311 85.9378 80.453
685 86.1466 80.1233
372 86.4068 79.7125
528 86.1435 72.4701
497 85.8511 64.4263
332 85.5008 64.2726
170 85.1779 64.1309
242 84.841 63.9831
204 84.5321 63.8476
67 75.5162 59.8909
595 75.5106 59.6744
198 75.504 59.4217
553 75.4986 59.211
850 75.4937 59.0216
334 75.4888 58.8346
838 75.4836 58.6317
977 75.4789 58.4492
941 75.474 58.2612
195 75.4686 58.0516
136 75.465 57.9139
425 75.1044 57.7157
932 74.7799 57.5372
684 74.4582 57.3604
387 72.7302 56.4103
117 70.0726 54.949
538 68.6856 54.1864
942 67.6039 53.5917
810 66.4681 52.9672
583 66.4681 52.9672
907 66.4681 52.9672
286 66.4681 52.9672
767 66.4549 52.6198
926 66.4418 52.2793
842 66.429 51.9432
143 66.4162 51.6077
217 66.4036 51.2797
656 66.4036 51.2797
232 66.4036 51.2797
644 66.4036 51.2797
396 66.4036 51.2797
85 66.4036 51.2797
519 66.4036 51.2797
978 66.5268 51.2638
592 69.2537 50.9121
967 70.5618 50.7435
466 71.6045 50.6093
745 72.5316 50.4898
920 73.1007 50.4166
323 73.6107 50.3509
670 74.1904 50.2762
274 74.7945 50.1985
29 75.1906 50.1475
609 75.5915 50.0958
70 75.9924 50.0442
107 80.6038 49.4489
506 80.6038 49.4489
884 80.8722 47.9398
951 81.3883 45.0381
33 82.436 39.1457
835 82.841 36.8691
520 83.3333 34.1013
590 83.8882 30.981
98 84.576 27.1137
260 86.2684 17.5916
345 86.2684 17.5916
627 86.2684 17.5916
483 86.2684 17.5916
243 85.3138 17.9583
