0,721,260,979,243,483,345,627,98,835,590,33,520,920,609,29,323,670,466,967,387,425,274,932,232,195,553,592,941,767,850,942,357,143,656,583,201,334,190,907,842,68,152,867,852,579,506,110,332,884,951,838,136,684,107,170,242,977,198,497,685,528,385,204,648,311,660,450,372,889,25,928,854,135,983,580,893,820,251,473,322,725,159,742,904,383,740,818,83,775,744,823,837,937,71,378,335,900,481,417,290,229,987,801,51,671,465,887,18,931,509,280,774,984,12,395,816,297,622,864,690,567,494,313,42,52,992,145,285,353,149,318,666,813,845,185,158,620,464,817,896,980,177,856,273,317,575,259,544,477,584,961,344,911,737,952,202,754,305,343,851,416,239,181,72,389,105,23,156,618,408,146,139,569,434,882,5,624,866,559,375,766,62,516,539,659,53,874,265,511,763,746,172,541,206,470,808,532,974,613,392,448,807,22,165,713,918,428,638,437,394,449,231,540,271,2,976,223,296,292,672,840,215,561,230,530,294,129,309,150,919,73,651,795,92,141,256,490,124,578,768,462,610,871,753,253,306,696,430,167,249,859,441,368,50,15,593,761,456,96,611,695,36,752,548,120,707,960,409,877,631,786,20,738,714,28,521,227,44,750,491,568,446,424,247,316,933,13,776,213,988,435,380,200,718,825,736,955,944,106,236,199,868,108,991,401,969,444,169,803,827,585,914,39,405,678,426,1,711,557,301,138,547,447,628,95,637,298,892,570,953,203,719,546,75,436,433,263,759,346,207,948,371,427,554,224,717,255,321,329,113,680,784,517,970,482,772,445,192,114,162,272,81,552,635,500,726,398,860,560,886,630,360,556,429,240,502,300,119,657,879,667,607,457,14,615,31,48,815,699,905,830,890,728,90,400,266,780,115,183,469,178,982,792,325,479,551,364,93,442,17,399,693,304,386,153,973,418,339,757,326,88,244,916,431,833,495,712,288,773,443,950,99,872,41,806,697,662,275,885,608,487,60,58,954,888,76,168,16,184,730,390,789,333,226,252,21,526,219,374,658,550,361,796,764,701,503,220,131,279,739,925,703,698,3,527,338,524,234,376,686,97,531,639,130,694,665,747,277,760,734,157,939,966,381,77,214,799,122,805,972,57,218,708,47,749,303,463,116,347,166,312,936,849,336,196,100,373,542,909,352,841,758,182,908,958,677,565,475,938,691,589,10,981,142,655,125,543,949,154,37,476,423,535,384,700,397,438,534,612,985,123,205,174,723,148,65,505,652,770,78,710,228,990,731,283,663,222,133,616,87,863,341,46,499,330,128,212,328,489,187,258,898,86,794,74,299,514,61,963,348,629,646,722,682,673,211,284,474,674,8,366,812,254,881,488,439,455,588,362,412,741,4,661,572,402,331,32,121,824,902,836,943,379,702,641,883,822,111,268,486,602,549,354,915,307,221,246,709,643,64,899,704,626,653,310,337,407,261,363,669,573,351,287,518,103,176,295,581,777,555,26,419,934,785,250,289,164,257,586,458,55,681,844,19,512,790,197,870,209,66,6,873,828,180,27,634,751,906,623,594,276,522,935,69,566,452,356,421,472,480,155,865,467,194,679,917,664,862,278,869,811,787,529,834,853,191,160,829,391,11,783,38,151,7,771,619,302,748,324,403,797,269,147,688,267,876,508,413,692,706,533,848,843,63,922,370,603,778,461,791,923,286,621,161,410,342,30,894,715,134,910,732,779,175,676,84,558,484,683,163,597,104,596,308,471,291,765,237,798,127,281,965,599,59,912,901,210,34,49,545,913,687,388,989,525,496,414,132,645,137,510,858,956,382,89,903,897,705,422,735,507,633,451,839,946,878,927,604,600,756,640,720,233,327,846,924,591,729,79,957,411,587,601,171,571,971,733,574,537,689,365,349,804,891,809,54,576,459,225,404,501,788,264,56,144,724,350,270,80,359,189,493,929,241,454,248,614,826,523,563,40,140,782,536,636,814,82,126,564,895,367,245,193,802,649,880,179,582,118,800,921,947,9,861,832,406,415,940,320,562,319,642,755,109,460,432,743,94,632,855,235,513,727,315,369,282,91,208,857,617,112,468,650,654,595,962,340,238,440,769,173,393,67,964,986,216,847,35,968,810,762,453,668,605,293,975,485,478,420,102,538,515,647,625,262,498,101,945,577,188,793,117,358,85,396,930,186,644,675,716,519,978,492,43,355,606,875,217,926,745,70,314,504,959,781,24,831,377,598,45,819,821,
value : 557.536 running time : 28.388518
0 80 20
721 80.4846 17.8193
260 83.2495 17.3109
979 84.1858 17.1387
243 85.04 16.9817
483 85.5675 16.8847
345 85.2617 17.9755
627 84.9585 19.057
98 82.7641 26.8855
835 81.1257 31.3137
590 80.6037 32.7243
33 80.006 34.3397
520 79.2171 36.4721
920 77.8834 40.0764
609 77.6103 40.8146
29 77.344 41.5344
323 77.0939 42.2102
670 76.8467 42.8783
466 76.6225 43.4844
967 76.3839 44.1292
387 76.1874 44.6602
425 76.0547 45.019
274 75.928 45.3613
932 75.7815 45.7573
232 75.6519 46.1075
195 75.5162 46.4742
553 75.3748 46.8565
592 75.2464 47.2035
941 75.1053 47.5847
767 75.0164 47.8251
850 74.9891 47.8989
942 74.9622 47.9717
357 74.9442 48.0202
143 74.5327 49.9785
656 74.096 52.0568
583 73.7872 53.5262
201 73.4913 54.9346
334 73.3256 55.7231
190 73.1711 56.4581
907 73.0183 57.1852
842 73.2525 57.3992
68 74.1905 58.2562
152 75.5923 59.5371
867 76.6926 60.5426
852 77.4893 61.2705
579 78.2961 62.0077
506 79.4121 62.047
110 80.1649 62.0734
332 81.2317 62.1109
884 82.2841 62.1479
951 82.945 62.1711
838 83.1618 62.3099
136 83.4008 62.463
684 83.6972 62.6528
107 83.9901 62.8404
170 84.2575 63.0116
242 84.5104 63.1735
977 84.7846 63.3491
198 85.0781 63.5371
497 85.4317 63.7635
685 86.2643 77.2565
528 86.2777 77.474
385 86.2917 77.7004
204 86.312 78.0309
648 86.3327 78.3664
311 86.351 78.6618
660 86.3698 78.9674
450 86.3902 79.2977
372 86.4141 79.6853
889 84.8237 82.0375
25 84.0656 83.1587
928 80.3532 88.649
854 79.9829 88.6768
135 79.6828 88.6993
983 79.4198 88.719
580 79.1431 88.7398
893 79.1431 88.7398
820 79.1431 88.7398
251 79.1431 88.7398
473 78.7994 88.0165
322 78.3571 87.0855
725 77.6704 85.6405
159 76.7645 83.734
742 75.7918 81.6869
904 74.2524 78.4473
383 73.854 77.6088
740 73.32 77.8155
818 72.598 78.0951
83 71.8589 78.3812
775 71.1467 78.657
744 70.4325 78.9335
823 69.7184 79.21
837 69.3464 79.354
937 68.9354 79.5132
71 68.5251 79.672
378 68.0813 79.8438
335 67.6838 79.9977
900 67.6838 79.9977
481 67.524 80.297
417 67.3731 80.5794
290 67.2221 80.8621
229 67.0427 81.198
987 66.8792 81.5041
801 66.6651 81.9049
51 66.4665 82.2766
671 66.2353 82.7094
465 65.991 83.1668
887 65.7473 83.623
18 65.5616 83.9707
931 65.361 84.3463
509 65.1662 84.7108
280 64.5908 85.7881
774 63.425 89.0621
984 63.5914 89.1843
12 63.7489 89.3
395 63.9318 89.4343
816 64.126 89.577
297 64.3342 89.7299
622 64.5497 89.8883
864 64.7612 90.0436
690 64.8397 90.1013
567 64.932 90.1691
494 65.0288 90.2402
313 64.784 90.2472
42 64.625 90.2518
52 64.4617 90.2565
992 64.2886 90.2614
145 64.1249 90.2661
285 63.9592 90.2709
353 63.7855 90.2759
149 63.5997 90.2812
318 63.4028 90.2869
666 63.1938 90.2929
813 62.954 90.2998
845 62.6718 90.3079
185 62.3801 90.3162
158 62.1204 90.3237
620 61.8005 90.3329
464 61.4484 90.343
817 61.0843 90.3535
896 60.6841 90.365
980 60.3585 90.3743
177 60.069 90.3826
856 59.7617 90.3914
273 59.474 90.3997
317 59.1576 90.4088
575 58.831 90.4182
259 58.5156 90.4272
544 58.2338 90.4353
477 57.3492 90.4607
584 56.2584 90.492
961 55.0884 90.5256
344 54.5708 90.5405
911 54.0584 90.5552
737 53.4849 90.5717
952 52.8361 90.5903
202 52.2025 90.6085
754 51.4591 90.6299
305 50.6314 90.6537
343 49.917 90.6742
851 49.2982 90.6919
416 48.5575 90.7132
239 48.0093 90.729
181 47.4632 90.7446
72 47.1159 90.7546
389 46.9149 90.7604
105 46.7201 90.766
23 46.5252 90.7716
156 46.151 90.7823
618 45.7775 90.7931
408 45.3121 90.8064
146 44.7951 90.8213
139 44.3815 90.8332
569 44.3815 90.8332
434 44.3815 90.8332
882 44.3757 90.8285
5 44.2973 90.7664
624 44.2171 90.7029
866 44.1174 90.6239
559 44.0165 90.544
375 43.9145 90.4632
766 43.8112 90.3813
62 43.7041 90.2965
516 43.5965 90.2113
539 43.4887 90.1258
659 43.3802 90.0399
53 43.2719 89.9541
874 43.1629 89.8677
265 43.0514 89.7794
511 42.9341 89.6865
763 42.7913 89.5734
746 42.6452 89.4577
172 42.4996 89.3425
541 42.3506 89.2245
206 42.1395 89.0574
470 41.927 88.8894
808 41.7078 88.7159
532 41.7077 88.7159
974 41.5963 88.6253
613 41.4236 88.4849
392 41.247 88.3414
448 41.0736 88.2005
807 40.8954 88.0557
22 40.723 87.9156
165 40.5508 87.7756
713 40.3639 87.6237
918 40.1526 87.4519
428 39.9598 87.2952
638 39.8092 87.1728
437 39.6658 87.0563
394 39.5215 86.9391
449 39.3774 86.822
231 39.2258 86.6987
540 39.0761 86.5771
271 38.9861 86.6084
2 38.907 86.636
976 38.8293 86.663
223 38.5088 86.7748
296 38.22 86.8755
292 37.9701 86.9626
672 37.7131 87.0522
840 37.4763 87.1347
215 37.233 87.2195
561 36.9789 87.3081
230 36.7121 87.4011
530 36.4543 87.491
294 36.0578 87.6292
129 35.4759 87.8322
309 34.8584 88.0476
150 34.2 88.2772
919 33.5933 88.4888
73 32.9819 88.7021
651 32.4067 88.9027
795 32.1009 89.0093
92 31.7929 89.1167
141 31.4818 89.2251
256 31.1678 89.3346
490 30.8387 89.4493
124 30.5278 89.5577
578 29.209 90.018
768 28.1535 90.3863
462 27.4158 90.6437
610 27.4123 90.6449
871 27.4084 90.6462
753 27.4048 90.6475
253 27.4015 90.6487
306 27.3977 90.65
696 27.394 90.6513
430 27.3903 90.6526
167 27.3867 90.6538
249 27.3829 90.6552
859 27.3792 90.6564
441 27.3754 90.6578
368 27.3718 90.659
50 27.3681 90.6603
15 27.3644 90.6616
593 27.3644 90.6616
761 27.3644 90.6616
456 27.3644 90.6616
96 27.3644 90.6616
611 27.3644 90.6616
695 27.3644 90.6616
36 27.3644 90.6616
752 27.3644 90.6616
548 27.3644 90.6616
120 27.3644 90.6616
707 27.3644 90.6616
960 27.3644 90.6616
409 27.3644 90.6616
877 27.3644 90.6616
631 27.3644 90.6616
786 27.3644 90.6616
20 27.3644 90.6616
738 27.3644 90.6616
714 25.6579 90.609
28 24.261 90.5661
521 22.6497 90.5164
227 20.9527 90.4642
44 19.4053 90.4166
750 17.6619 90.3629
491 17.0762 90.3449
568 16.331 90.322
446 15.6852 90.3022
424 15.0978 90.2842
247 14.393 90.2625
316 13.7295 90.2422
933 13.0981 90.2228
13 12.3962 90.2013
776 11.6158 90.1773
213 10.5566 90.1447
988 10.5436 90.1443
435 10.5616 89.8672
380 10.5847 89.5101
200 10.6157 89.0331
718 10.6527 88.4623
825 10.689 87.9023
736 10.6963 87.7904
955 10.7039 87.6731
944 10.7111 87.5631
106 10.7169 87.4735
236 10.7234 87.3729
199 10.7302 87.2679
868 10.7371 87.1627
108 10.746 87.0247
991 10.7548 86.8898
401 10.7566 86.8613
969 10.7585 86.8321
444 10.7606 86.8
169 10.7626 86.7692
803 10.7645 86.74
827 10.7663 86.7115
585 10.773 86.6082
914 10.7818 86.4735
39 10.7903 86.3427
405 10.8008 86.1797
678 10.8132 85.9898
426 10.8268 85.7791
1 10.8386 85.5982
711 10.8505 85.4141
557 10.8674 85.1539
301 10.8844 84.8928
138 10.9016 84.6267
547 10.9221 84.3109
447 10.9434 83.9834
628 10.9677 83.6079
95 10.992 83.2339
637 11.0173 82.8436
298 11.047 82.3862
892 11.0576 82.2224
570 11.0686 82.0534
953 11.0794 81.8876
203 11.097 81.615
719 11.1142 81.3506
546 11.1328 81.0639
75 11.1514 80.7773
436 11.17 80.4914
433 11.1891 80.1969
263 11.2069 79.9224
759 11.284 78.7333
346 11.381 77.2384
207 11.4725 75.8274
948 11.5151 75.1712
371 11.5554 74.5489
427 11.5554 74.5489
554 11.5554 74.5489
224 11.7023 74.2748
717 11.8863 73.9313
255 12.0556 73.6153
321 12.2042 73.338
329 12.3738 73.0214
113 12.3958 72.9804
680 12.4186 72.9378
784 12.4414 72.8953
517 12.4627 72.8554
970 12.4863 72.8115
482 12.5094 72.7684
772 12.5323 72.7256
445 12.4768 72.8947
192 12.4267 73.0473
114 12.3717 73.2146
162 12.3102 73.4018
272 12.2509 73.5824
81 12.19 73.7679
552 12.1244 73.9675
635 12.044 74.2123
500 11.9524 74.4914
726 11.8597 74.7736
398 11.7659 75.0591
860 11.6609 75.3788
560 11.5584 75.6908
886 11.4598 75.9909
630 11.3663 76.2757
360 11.2425 76.6526
556 11.1339 76.9832
429 11.0255 77.3131
240 10.9071 77.6735
502 10.7994 78.0014
300 10.6731 78.3861
119 10.6731 78.3861
657 10.6731 78.3861
879 10.6731 78.3861
667 10.6731 78.3861
607 10.6731 78.3861
457 10.6731 78.3861
14 10.6731 78.3861
615 10.848 78.4632
31 11.0321 78.5444
48 11.2141 78.6246
815 11.3913 78.7027
699 11.5661 78.7797
905 11.7356 78.8545
830 11.9091 78.9309
890 12.1014 79.0157
728 12.3072 79.1064
90 12.5279 79.2037
400 13.6294 79.6899
266 14.6526 80.1417
780 14.7617 81.2608
115 14.8651 82.321
183 14.8651 82.321
469 14.8651 82.321
178 14.8651 82.321
982 14.8651 82.321
792 14.8651 82.321
325 14.8836 82.3419
479 14.9019 82.3625
551 14.9221 82.3854
364 14.9433 82.4093
93 14.9641 82.4328
442 14.985 82.4564
17 15.0045 82.4784
399 15.0228 82.4992
693 15.0423 82.5212
304 15.0622 82.5437
386 15.0811 82.5651
153 15.0994 82.5858
973 15.1189 82.6078
418 15.392 82.3944
339 15.6337 82.2056
757 15.8587 82.0297
326 16.0657 81.868
88 16.2626 81.7142
244 16.4602 81.5597
916 16.6572 81.4058
431 16.8612 81.2464
833 17.0544 81.0954
495 17.2593 80.9353
712 17.4718 80.7692
288 19.5026 79.1837
773 21.7363 77.4402
443 21.8156 77.3782
950 21.8957 77.3156
99 21.976 77.2528
872 22.0571 77.1894
41 22.1317 77.1311
806 22.2091 77.0706
697 22.281 77.0144
662 22.3561 76.9557
275 22.3561 76.9557
885 22.3561 76.9557
608 22.4986 76.842
487 22.6428 76.7268
60 22.7926 76.6072
58 22.9373 76.4918
954 23.0905 76.3694
888 23.2401 76.25
76 23.3929 76.128
168 23.552 76.001
16 23.7188 75.8678
184 23.8835 75.7363
730 24.0562 75.5984
390 24.2236 75.4648
789 24.3063 75.3988
333 24.3891 75.3326
226 24.4739 75.2649
252 24.2113 74.9835
21 23.8365 74.5819
526 21.6384 72.2249
219 19.5166 69.9497
374 18.5232 68.885
658 18.4342 68.7687
550 18.3358 68.6401
361 17.9981 68.1987
796 17.6511 67.7453
764 17.2157 67.1763
701 16.872 66.7272
503 16.4677 66.1988
220 16.0448 65.6461
131 15.3414 64.7269
279 14.7283 63.9257
739 14.4454 63.556
925 14.1417 63.1591
703 13.9558 62.9162
698 13.7695 62.6727
3 12.3085 62.936
527 11.0087 63.1702
338 10.7724 63.2128
524 10.5412 63.2545
234 10.2711 63.3031
376 10.0341 63.3458
686 9.79082 63.3897
97 9.58346 63.427
531 9.36308 63.4668
639 9.15502 63.5042
130 9.02775 63.1702
694 8.89501 62.8218
665 8.70726 62.329
747 8.48782 61.7531
277 8.28442 61.2192
760 8.0274 60.5446
734 7.76779 59.8632
157 7.44563 59.0176
939 7.44563 59.0176
966 7.44563 59.0176
381 7.44563 59.0176
77 7.57869 58.7734
214 7.73083 58.4941
799 7.86685 58.2444
122 8.05571 57.8977
805 8.25234 57.5368
972 8.42452 57.2208
57 8.58182 56.932
218 8.72625 56.6669
708 8.87487 56.3941
47 9.03113 56.1073
749 9.18493 55.8249
303 9.32013 55.5768
463 9.45696 55.3256
116 9.57618 55.1068
347 9.69491 54.8888
166 10.0389 54.2574
312 10.4338 53.5325
936 10.5804 53.2635
849 10.7205 53.0062
336 10.8923 52.6908
196 11.0594 52.3842
100 11.2498 52.0347
373 11.444 51.6782
542 11.6285 51.3395
909 11.8131 51.0006
352 11.9952 50.6664
841 12.1805 50.3262
758 12.3614 49.9942
182 12.532 49.681
908 12.707 49.3597
958 12.8549 49.0884
677 12.9893 49.0869
565 13.1213 49.0854
475 13.2515 49.084
938 13.3568 49.0829
691 13.458 49.0817
589 13.5538 49.0807
10 13.6506 49.0796
981 13.7665 49.0784
142 14.0425 48.1606
655 14.3256 47.2195
125 14.4974 46.6483
543 14.5738 46.3939
949 14.5317 46.2127
154 14.4897 46.0318
37 14.4496 45.8588
476 14.4071 45.6762
423 14.3659 45.4988
535 14.3276 45.3338
384 14.2556 45.024
700 14.1913 44.747
397 14.1333 44.4974
438 14.0488 44.1336
534 13.7451 42.8269
612 13.3777 41.2461
985 13.2552 41.1198
123 13.1381 40.9989
205 13.0265 40.8838
174 12.8989 40.7521
723 12.7658 40.6148
148 12.5924 40.4358
65 12.4145 40.2521
505 12.226 40.0576
652 12.0132 39.838
770 11.8008 39.6188
78 11.5887 39.3998
710 11.3619 39.1657
228 11.3619 39.1657
990 11.3619 39.1657
731 11.3619 39.1657
283 11.3619 39.1657
663 11.3619 39.1657
222 11.3619 39.1657
133 11.3619 39.1657
616 11.3619 39.1657
87 11.3619 39.1657
863 11.3619 39.1657
341 11.3619 39.1657
46 11.3619 39.1657
499 11.3619 39.1657
330 11.3619 39.1657
128 11.3619 39.1657
212 11.3592 39.0153
328 11.3566 38.8674
489 11.354 38.7162
187 11.1006 24.3155
258 11.1006 24.3155
898 11.1006 24.3155
86 11.1006 24.3155
794 11.114 23.9851
74 11.1283 23.6322
299 11.1432 23.2635
514 11.1586 22.8829
61 11.2076 21.6787
963 11.2444 20.7717
348 11.2822 19.8409
629 11.3183 18.9511
646 11.344 18.318
722 11.368 17.7242
682 12.1094 17.7287
673 12.9288 17.7337
211 13.7601 17.7387
284 14.6328 17.7439
474 14.1534 17.3185
674 13.5773 16.8072
8 13.0909 16.3755
366 12.585 15.9266
812 12.0658 15.4658
254 12.1554 15.8115
881 12.2299 16.0992
488 12.3197 16.4458
439 12.7782 18.2148
455 12.8839 18.6226
588 12.9809 18.9973
362 13.0843 19.3961
412 13.1972 19.8321
741 13.32 20.3057
4 13.4444 20.7861
661 14.3968 21.5212
572 15.198 22.1397
402 16.065 22.8089
331 16.9644 23.5032
32 21.0504 26.6572
121 21.668 26.3631
824 22.304 26.0602
902 22.842 25.804
836 23.355 25.5597
943 23.9944 25.2552
379 24.8188 24.8626
702 24.9499 24.8001
641 25.082 24.7372
883 25.2383 24.6628
822 25.3221 24.6229
111 25.3975 24.587
268 25.4613 24.5566
486 25.7943 24.398
602 26.1362 24.2352
549 26.4903 24.0666
354 26.9135 23.865
915 27.3545 23.655
307 27.8218 23.4324
221 28.2682 23.2199
246 28.7519 22.9895
709 29.2232 22.7651
643 29.6853 22.545
64 30.1875 22.3059
899 30.6756 22.0734
704 31.6513 21.6087
626 32.3697 21.2666
653 33.1569 20.8918
310 33.2739 20.836
337 33.3904 20.7805
407 33.5049 20.726
261 33.6106 20.6757
363 33.7138 20.6265
669 33.8158 20.578
573 36.0195 19.7663
351 37.954 19.0538
287 41.7922 17.6402
518 46.5944 15.8716
103 55.0345 12.7632
176 54.7419 13.7435
295 53.6838 17.2889
581 53.2675 18.1684
777 52.7182 19.3292
555 51.4777 21.9504
26 50.6843 23.627
419 50.6046 24.7236
934 50.5194 25.8946
785 50.4306 27.1176
250 50.3563 28.139
289 50.2889 29.0663
164 50.2147 30.0873
257 50.128 31.2807
586 50.0656 32.139
458 50.0019 33.0156
55 49.9462 33.7811
681 49.8783 34.716
844 49.8087 35.673
19 49.7489 36.4958
512 49.6839 37.3897
790 49.8531 37.2758
197 50.0487 37.1441
870 50.2473 37.0103
209 50.4555 36.8701
66 50.6477 36.7407
6 50.8558 36.6006
873 50.5574 37.0981
828 49.8533 38.272
180 48.2108 41.0104
27 48.2108 41.0104
634 48.2108 41.0104
751 48.2108 41.0104
906 48.2108 41.0104
623 48.2108 41.0104
594 47.8123 40.9667
276 47.2261 40.9025
522 46.6441 40.8387
935 46.2669 40.7973
69 45.8968 40.7567
566 45.502 40.7135
452 45.1472 40.6746
356 44.7936 40.6358
421 44.4611 40.5993
472 44.1251 40.5625
480 43.7573 40.5222
155 43.4266 40.4859
865 43.0995 40.4501
467 40.6408 40.1805
194 39.6569 40.0726
679 38.3826 39.9329
917 37.5365 39.8402
664 36.562 39.7333
862 35.8747 39.658
278 35.0297 39.5654
869 34.3331 39.489
811 33.8116 39.4318
787 33.2968 39.3754
529 33.1141 39.5022
834 32.9367 39.6252
853 32.7198 39.7757
191 32.4804 39.9418
160 32.2115 40.1284
829 31.1558 40.8607
391 30.5899 42.0021
11 30.4901 42.2032
783 30.3925 42.4002
38 30.292 42.6028
151 30.1954 42.7974
7 30.095 42.9998
771 29.9786 43.2346
619 30.1102 43.349
302 30.2381 43.4602
748 30.3648 43.5705
324 30.487 43.6768
403 30.5504 43.7319
797 30.6176 43.7903
269 32.3239 45.2747
147 33.7366 46.5035
688 34.9468 47.5562
267 36.3036 48.7364
876 36.7236 48.9189
508 37.1475 49.103
413 37.6314 49.3132
692 38.1989 49.5597
706 38.9203 49.8731
533 39.9193 50.3072
848 40.808 50.6933
843 41.613 51.043
63 42.2626 51.3252
922 42.3768 51.943
370 42.4801 52.5022
603 42.5754 53.0183
778 42.7417 53.918
461 42.9691 55.1487
791 43.2301 56.5613
923 43.3153 57.0224
286 43.4039 57.502
621 43.3405 57.812
161 43.277 58.1226
410 43.2158 58.4224
342 43.1605 58.6926
30 43.0828 59.0729
894 43.0073 59.4427
715 43.0073 59.4427
134 43.0073 59.4427
910 43.0073 59.4427
732 43.0073 59.4427
779 43.0073 59.4427
175 43.0073 59.4427
676 43.0073 59.4427
84 43.0073 59.4427
558 42.7537 59.3828
484 42.4989 59.3227
683 42.1173 59.2326
163 41.7383 59.1432
597 41.3709 59.0565
104 40.9563 58.9586
596 40.5747 58.8685
308 40.2107 58.7826
471 39.8953 58.7082
291 39.5585 58.6287
765 39.2305 58.5513
237 38.9053 58.4746
798 38.6064 58.404
127 37.5263 58.1491
281 36.4326 57.891
965 33.7839 57.2658
599 33.5494 56.8652
59 33.3079 56.4527
912 33.0873 56.0761
901 32.8504 55.6714
210 32.5993 55.2425
34 32.339 54.798
49 32.0745 54.3463
545 31.8285 53.9262
913 31.5804 53.5024
687 31.3487 53.1067
388 31.3487 53.1067
989 31.3487 53.1067
525 29.3537 53.5039
496 27.3587 53.901
414 27.3588 53.9024
132 27.6365 57.5732
645 27.6492 57.7415
137 27.6608 57.8948
510 27.672 58.0423
858 27.683 58.1876
956 27.7091 58.5336
382 27.736 58.8893
89 27.7609 59.219
903 27.7884 59.5819
897 27.8124 59.8992
705 27.8359 60.2108
422 27.8607 60.5381
735 27.8884 60.905
507 27.9162 61.2726
633 27.9436 61.6349
451 28.0344 62.8363
839 28.1391 64.2205
946 28.2946 66.2765
878 28.3781 66.2575
927 28.4573 66.2395
604 28.539 66.2209
600 28.6229 66.2019
756 28.7152 66.1809
640 28.7993 66.1618
720 28.8803 66.1434
233 28.9624 66.1247
327 29.0472 66.1054
846 29.1344 66.0856
924 29.2225 66.0656
591 29.3196 66.0435
729 29.4148 66.0218
79 29.509 66.0004
957 29.6025 65.9792
411 29.6958 65.958
587 29.8006 65.9341
601 29.9061 65.9102
171 30.0186 65.8846
571 30.1209 65.8613
971 30.2244 65.8378
733 30.3319 65.8134
574 30.4354 65.7898
537 30.5414 65.7657
689 30.6637 65.7379
365 30.7889 65.7095
349 30.9066 65.6827
804 31.0322 65.6542
891 31.1321 65.6315
809 31.7849 66.0909
54 32.4238 66.5406
576 33.0313 66.9683
459 33.574 67.3504
225 34.0771 67.7046
404 34.538 68.0291
501 34.9842 68.3433
788 35.4486 68.6703
264 36.1433 69.1592
56 36.1481 69.1631
144 36.1531 69.1672
724 36.1577 69.171
350 36.1624 69.1748
270 36.1668 69.1784
80 36.1712 69.1821
359 36.1755 69.1856
189 36.1805 69.1896
493 36.1845 69.1929
929 36.1891 69.1967
241 41.0185 73.1438
454 41.1056 73.2149
248 42.3665 74.2457
614 43.3177 75.0232
826 44.3691 75.8827
523 45.2171 76.5759
563 46.5377 77.6554
40 47.8368 78.7174
140 48.1662 78.9867
782 48.4711 79.236
536 48.7805 79.489
636 48.9844 79.6556
814 49.1903 79.824
82 49.3863 79.9842
126 49.5923 80.1527
564 49.797 80.3201
895 50.0123 80.4961
367 50.2427 80.6845
245 50.2427 80.6845
193 50.2427 80.6845
802 50.2427 80.6845
649 50.2427 80.6845
880 50.394 80.5051
179 50.5437 80.3275
582 50.6991 80.1433
118 50.8369 79.9799
800 51.0036 79.7822
921 51.1569 79.6004
947 51.3052 79.4245
9 51.4724 79.2263
861 51.62 79.0512
832 51.7795 78.8621
406 51.9135 78.7032
415 52.0585 78.5313
940 52.2099 78.3517
320 52.3621 78.1712
562 52.6086 77.8789
319 52.8784 77.559
642 53.2297 77.1423
755 53.6442 76.6508
109 54.2233 75.964
460 54.7306 75.3625
432 55.1594 74.8539
743 55.5713 74.3655
94 55.7474 74.1567
632 55.9337 73.9357
855 56.128 73.7053
235 56.3192 73.4786
513 56.5121 73.2499
727 56.7493 72.9686
315 56.9379 72.745
369 57.1314 72.5154
282 57.3738 72.228
91 57.5682 71.9974
208 57.7821 71.7438
857 57.9865 71.5014
617 58.2162 71.229
112 58.4442 70.9587
468 58.6876 70.67
650 58.9293 70.3834
654 59.0712 70.2151
595 59.2155 70.044
962 59.3472 69.8878
340 59.4573 69.7573
238 59.5672 69.6269
440 59.6714 69.5034
769 59.7731 69.3827
173 59.8953 69.2379
393 60.0105 69.1012
67 60.1211 68.97
964 60.2221 68.8503
986 60.3189 68.7355
216 60.4844 68.5392
847 60.6714 68.3175
35 60.8685 68.0838
968 61.0353 67.8859
810 61.2227 67.6637
762 61.3928 67.462
453 61.5625 67.2607
668 61.7766 67.0069
605 61.9925 66.7508
293 62.2317 66.4672
975 62.4448 66.2145
485 62.0059 64.0931
478 61.782 63.0108
420 61.56 61.9376
102 61.3323 60.8366
538 61.1486 59.9484
515 60.9734 59.1019
647 60.756 58.0507
625 60.4972 56.7997
262 60.1939 55.3333
498 59.993 54.3623
101 59.8135 53.4946
945 59.3478 50.638
577 59.4459 50.3372
188 59.5626 49.9792
793 59.6892 49.5909
117 59.8563 49.0782
358 60.0199 48.5764
85 60.1211 48.2661
396 60.2344 47.9185
930 60.358 47.5394
186 60.4625 47.2188
644 60.6137 46.7552
675 60.7602 46.3058
716 60.8944 45.8941
519 60.993 45.7188
978 61.1107 45.5095
492 61.2224 45.3111
43 61.6222 44.6004
355 61.9967 43.9346
606 62.289 43.4151
875 62.5742 42.908
217 62.9379 42.2616
926 63.3305 41.5637
745 63.8815 40.5843
70 64.0719 40.2458
314 65.8577 37.0709
504 68.7503 31.9279
959 68.7503 31.9279
781 68.7503 31.9279
24 68.7503 31.9279
831 68.7503 31.9279
377 68.7503 31.9279
598 69.544 31.0863
45 70.0489 30.5509
819 70.8822 29.6673
821 71.9297 28.5565
