0,721,260,243,979,483,345,627,520,98,831,504,24,598,959,819,821,323,835,745,29,425,274,590,609,920,33,884,497,198,977,242,170,107,684,136,838,951,932,850,941,592,553,195,942,334,201,583,656,102,967,579,332,110,506,68,852,867,152,962,595,904,387,420,900,685,372,450,660,311,648,204,385,528,889,25,928,742,159,725,322,473,251,820,893,580,983,135,744,818,823,83,71,937,740,775,837,864,727,975,383,280,509,931,18,887,465,671,51,801,987,229,290,417,481,654,208,118,880,179,582,847,515,605,67,440,340,647,393,625,468,453,964,743,478,642,755,109,460,432,94,632,855,235,513,617,315,369,282,91,112,649,245,193,861,814,636,536,241,248,826,523,563,40,140,782,832,800,921,947,9,802,367,82,126,564,895,378,335,774,622,297,816,395,12,980,854,567,690,313,353,285,145,992,52,42,494,149,584,477,544,259,575,317,273,856,177,984,896,817,464,620,158,185,845,813,666,318,961,851,343,305,754,202,952,737,911,344,416,239,319,406,415,940,320,23,713,265,874,53,659,539,516,62,766,375,559,866,624,5,882,434,569,139,146,408,618,156,181,105,389,22,215,230,292,807,763,511,752,449,165,746,541,738,532,206,974,428,92,470,72,689,60,150,2,394,530,707,437,309,808,840,561,294,129,651,167,672,456,761,73,115,611,172,392,448,96,271,253,613,36,120,409,918,859,768,593,753,871,631,610,638,786,919,877,44,885,141,548,306,521,714,491,430,20,960,28,568,695,469,368,95,183,360,441,711,138,386,13,200,304,693,399,17,442,93,973,462,557,247,712,236,776,750,825,446,227,933,153,288,495,833,780,339,50,696,678,199,1,803,637,792,719,953,108,316,615,447,699,249,628,551,15,547,426,546,433,892,982,401,736,570,240,759,969,301,585,988,39,827,213,106,914,380,435,868,554,905,890,944,364,405,300,263,48,325,916,119,219,503,796,374,131,75,427,879,948,346,203,726,502,444,178,244,321,31,436,991,718,429,815,88,886,207,169,830,90,728,537,361,162,479,338,608,113,860,955,272,517,224,371,14,255,747,734,970,298,657,639,667,607,665,3,81,400,658,703,457,717,630,445,556,784,799,168,680,739,482,772,114,550,560,701,220,764,601,390,184,431,789,552,924,578,927,16,349,132,965,398,587,604,526,487,946,424,757,600,954,124,806,418,58,795,662,99,41,454,333,223,326,296,697,443,76,872,540,256,231,490,635,773,976,614,189,404,226,144,897,501,846,732,56,291,175,640,645,359,730,574,270,562,80,459,134,484,350,54,724,252,779,910,84,791,894,809,596,461,715,558,264,163,471,891,365,804,798,683,597,104,765,237,929,493,716,533,848,843,63,922,370,778,342,621,30,410,923,293,216,968,945,810,262,498,101,281,857,793,762,161,676,668,519,986,238,769,173,190,842,907,485,117,85,186,396,35,650,286,577,538,875,926,355,644,70,377,143,767,188,492,217,930,45,675,466,781,358,978,232,43,670,314,357,606,594,27,634,751,906,623,180,865,276,522,935,69,566,452,356,421,472,692,512,480,155,586,257,194,989,414,687,388,467,829,679,917,664,862,278,869,811,787,529,834,853,191,160,790,797,391,11,783,603,38,151,7,771,619,302,748,324,403,913,49,545,475,938,210,59,901,706,269,147,688,267,876,508,413,576,127,275,912,507,171,756,233,327,591,729,957,411,329,225,571,950,308,878,89,888,266,510,956,903,705,422,735,451,839,500,382,79,720,34,691,788,137,599,21,733,971,925,524,234,760,277,694,130,531,97,686,376,157,841,352,196,336,849,166,347,116,463,749,708,122,214,77,381,966,939,758,489,863,341,46,499,330,128,212,328,958,565,633,476,698,496,373,192,908,858,949,303,542,279,972,218,805,100,154,589,700,535,37,142,981,10,525,655,543,125,47,527,677,936,182,57,312,909,505,423,384,397,438,534,612,985,123,205,174,723,148,65,710,652,770,78,133,228,990,731,283,663,222,87,616,32,258,741,4,661,572,402,514,86,794,74,299,898,331,187,963,61,412,588,362,455,673,348,629,646,722,211,812,474,674,8,366,439,254,881,488,284,682,268,121,824,902,836,943,379,702,641,883,822,111,549,486,602,899,354,915,307,221,246,709,643,64,518,704,626,653,310,337,407,261,363,669,573,351,287,164,555,26,419,934,785,250,289,828,197,870,209,66,6,873,19,458,55,681,844,777,581,103,295,176,
value : 545.358 running time : 29.509309
0 80 20
721 80.4665 17.8366
260 83.4615 17.3184
243 84.5176 17.1357
979 85.0637 17.0412
483 85.6224 16.9445
345 85.2954 18.2294
627 84.9719 19.5
520 83.5835 24.9547
98 83.5835 24.9547
831 71.5044 30.412
504 71.5329 30.4551
24 71.5642 30.5025
598 71.5968 30.552
959 71.6316 30.6047
819 71.671 30.6644
821 72.6154 32.0953
323 74.1616 34.438
835 75.3916 36.3015
745 75.9444 37.1391
29 76.5118 37.9987
425 77.0399 38.7989
274 77.2981 39.1901
590 77.5586 39.5848
609 77.8926 40.3696
920 78.2321 41.1675
33 78.4642 41.7132
884 82.3395 50.8201
497 84.0936 54.9424
198 84.0483 54.9811
977 84.005 55.0181
242 83.9659 55.0516
170 83.9279 55.0841
107 83.8865 55.1196
684 83.8427 55.157
136 83.8038 55.1903
838 83.7614 55.2266
951 83.7193 55.2626
932 83.6753 55.3003
850 83.6303 55.3388
941 83.5925 55.3711
592 83.5925 55.3711
553 81.8862 57.5599
195 81.699 57.8002
942 76.915 63.9375
334 76.8956 63.9623
201 76.8758 63.9877
583 76.8559 64.0132
656 76.8352 64.0397
102 76.8144 64.0663
967 76.792 64.0951
579 76.7372 64.1654
332 76.6811 64.2373
110 76.6227 64.3121
506 76.5651 64.386
68 76.3647 64.6433
852 76.1748 64.8871
867 75.9819 65.1347
152 75.7999 65.3682
962 75.6177 65.6021
595 75.4401 65.83
904 75.2674 66.0517
387 76.1958 65.7787
420 77.085 66.918
900 79.5131 70.0295
685 86.0343 78.3864
372 86.5904 79.0989
450 86.5029 79.1234
660 86.4174 79.1473
311 86.3327 79.171
648 86.2408 79.1968
204 86.157 79.2202
385 86.067 79.2454
528 85.2621 80.5596
889 84.2959 82.1373
25 83.7017 83.1075
928 80.2829 88.6901
742 80.0656 88.6996
159 79.8819 88.7076
725 79.7113 88.715
322 79.5351 88.7227
473 79.3552 88.7305
251 79.1431 88.7398
820 79.1431 88.7398
893 79.1431 88.7398
580 79.1431 88.7398
983 79.0507 88.5648
135 78.8942 88.2681
744 76.5714 83.8668
818 76.269 83.2938
823 75.9993 82.7828
83 75.6453 82.1119
71 75.3269 81.5088
937 75.0391 80.9635
740 74.7503 80.4162
775 74.4687 79.8827
837 74.177 79.3298
864 73.9292 78.8603
727 73.5855 78.2092
975 73.3234 77.7126
383 73.0922 77.2745
280 65.2896 78.765
509 65.1316 78.7952
931 64.9752 78.825
18 64.8254 78.8537
887 64.6701 78.8833
465 64.534 78.9093
671 64.3834 78.9381
51 64.2488 78.9638
801 64.0986 78.9925
987 63.9572 79.0195
229 63.8219 79.0454
290 63.692 79.0702
417 63.5634 79.0947
481 63.2472 79.1551
654 62.9224 79.2172
208 62.5701 79.2845
118 62.302 79.3357
880 62.0559 78.6293
179 61.8061 77.9123
582 61.3889 76.715
847 61.0438 75.7246
515 60.7169 74.7862
605 60.5516 74.3119
67 60.3929 73.8564
440 60.243 73.4262
340 60.1063 73.0337
647 59.9611 72.617
393 59.8441 72.2813
625 59.7242 71.9371
468 59.6965 71.8575
453 59.6695 71.78
964 59.6426 71.7029
743 59.6182 71.6329
478 59.6182 71.6329
642 56.2668 73.8919
755 56.0542 74.0353
109 56.0341 74.0488
460 56.0136 74.0627
432 55.9916 74.0775
94 55.9691 74.0927
632 55.9473 74.1074
855 55.9259 74.1219
235 55.9049 74.136
513 55.884 74.1501
617 55.8637 74.1638
315 55.8426 74.178
369 55.8209 74.1927
282 55.8007 74.2063
91 53.8828 75.4991
112 52.0097 76.7615
649 49.6787 78.3333
245 49.5435 78.4244
193 49.3984 78.5222
861 49.2655 78.6117
814 49.1276 78.7046
636 48.9992 78.7911
536 48.8664 78.8805
241 48.7773 78.9406
248 48.7773 78.9406
826 48.7773 78.9406
523 48.7773 78.9406
563 49.3052 79.3066
40 49.8495 79.684
140 50.277 79.9804
782 50.6866 80.2644
832 51.1086 80.557
800 51.4985 80.8274
921 51.8808 81.0925
947 52.2879 81.3748
9 52.6843 81.6497
802 53.0626 81.9119
367 53.5083 82.221
82 53.8497 82.4577
126 54.2459 82.7325
564 54.6571 83.0175
895 55.3564 83.5024
378 56.158 84.0583
335 56.8607 84.5455
774 57.629 85.0782
622 58.4335 85.6361
297 59.0979 86.0968
816 59.7162 86.5255
395 60.3486 86.964
12 61.0071 87.4206
980 61.7863 87.9609
854 62.7009 88.5951
567 62.9081 88.7388
690 63.1245 88.8888
313 63.3673 89.0572
353 63.6649 89.2635
285 63.9035 89.429
145 64.1309 89.5867
992 64.3592 89.745
52 64.5903 89.9052
42 64.8104 90.0578
494 65.0367 90.2148
149 64.8294 90.2141
584 64.5938 90.2134
477 64.4004 90.2127
544 64.2083 90.2121
259 63.9738 90.2114
575 63.7883 90.2108
317 63.6179 90.2102
273 63.4503 90.2097
856 63.272 90.2091
177 63.103 90.2086
984 62.9289 90.208
896 62.7504 90.2074
817 62.6068 90.207
464 62.4518 90.2065
620 62.2962 90.206
158 62.1321 90.2054
185 61.9579 90.2049
845 61.7941 90.2044
813 61.6257 90.2038
666 61.41 90.2031
318 60.8309 90.2013
961 55.5386 90.1857
851 54.9878 90.1839
343 54.4228 90.1822
305 53.9765 90.1807
754 53.6018 90.1795
202 53.2155 90.1783
952 52.7672 90.1768
737 52.3433 90.1755
911 51.8798 90.174
344 51.3061 90.1722
416 50.6759 90.1702
239 50.1801 90.1686
319 49.7103 90.1671
406 49.2727 90.1657
415 48.8376 90.1643
940 48.364 90.1628
320 47.8948 90.1613
23 47.4407 90.1599
713 46.3013 90.1564
265 45.1741 90.1529
874 45.1741 90.1529
53 45.1741 90.1529
659 45.1741 90.1529
539 45.1741 90.1529
516 45.1741 90.1529
62 45.1741 90.1529
766 45.1741 90.1529
375 45.1741 90.1529
559 45.1741 90.1529
866 45.1741 90.1529
624 45.1741 90.1529
5 45.1741 90.1529
882 45.1741 90.1529
434 45.1693 90.1517
569 43.8862 89.8146
139 42.3762 89.4177
146 42.3762 89.4177
408 42.3762 89.4177
618 42.3762 89.4177
156 42.3762 89.4177
181 42.3762 89.4177
105 42.3762 89.4177
389 42.3762 89.4177
22 42.3762 89.4177
215 42.3762 89.4177
230 42.3762 89.4177
292 42.3762 89.4177
807 42.3762 89.4177
763 42.3762 89.4177
511 42.3762 89.4177
752 42.2753 89.3848
449 42.1938 89.3583
165 42.1137 89.3322
746 42.0308 89.3052
541 41.94 89.2757
738 41.7759 89.2222
532 41.6487 89.1808
206 40.5939 88.8368
974 39.5331 88.4907
428 38.7942 88.2494
92 37.9152 87.9628
470 37.0911 87.6942
72 36.272 87.4272
689 35.426 87.1513
60 35.426 87.1513
150 35.426 87.1513
2 35.426 87.1513
394 35.426 87.1513
530 35.426 87.1513
707 35.2614 87.1947
437 35.1155 87.2332
309 34.9594 87.2745
808 34.7916 87.3187
840 34.6584 87.3539
561 34.5126 87.3924
294 34.3514 87.4349
129 33.0603 87.7756
651 31.4028 88.2131
167 30.7122 88.3953
672 29.9977 88.5839
456 29.2438 88.7828
761 28.8741 88.8804
73 28.5241 88.9727
115 28.1305 89.0766
611 28.1305 89.0766
172 28.1305 89.0766
392 28.1305 89.0766
448 28.1305 89.0766
96 28.0469 89.0781
271 27.9687 89.0795
253 27.8863 89.0811
613 27.8159 89.0823
36 27.7302 89.0839
120 27.6521 89.0853
409 27.5705 89.0868
918 27.4918 89.0883
859 27.4072 89.0898
768 27.3252 89.0913
593 27.2449 89.0928
753 27.1693 89.0942
871 27.0953 89.0955
631 27.025 89.0968
610 26.9523 89.0982
638 26.8819 89.0995
786 26.8092 89.1008
919 26.7411 89.102
877 26.6742 89.1033
44 26.5927 89.1048
885 26.5201 89.1061
141 26.454 89.1073
548 26.3852 89.1086
306 26.3095 89.11
521 26.2363 89.1113
714 26.1659 89.1126
491 26.1001 89.1138
430 26.0379 89.1149
20 25.9746 89.1161
960 25.9049 89.1174
28 23.2435 89.1662
568 20.1574 89.2218
695 19.889 89.2268
469 19.6183 89.2318
368 19.3484 89.2368
95 19.0616 89.2421
183 18.7998 89.247
360 18.5287 89.252
441 18.2449 89.2573
711 17.9411 89.2629
138 17.8301 89.265
386 17.7214 89.267
13 17.6151 89.269
200 17.4986 89.2711
304 17.447 89.2721
693 17.3961 89.2731
399 17.3492 89.2739
17 17.3012 89.2748
442 17.2509 89.2758
93 17.2018 89.2767
973 17.1507 89.2776
462 17.1011 89.2786
557 17.052 89.2795
247 17.0033 89.2804
712 16.9539 89.2813
236 16.9013 89.2823
776 16.8528 89.2832
750 16.8019 89.2842
825 16.7676 89.2848
446 16.7274 89.2856
227 16.6906 89.2863
933 16.6536 89.287
153 16.616 89.2877
288 16.581 89.2883
495 16.5429 89.289
833 16.5063 89.2897
780 16.4675 89.2905
339 16.4305 89.2911
50 15.8851 89.301
696 15.281 89.3119
678 14.4308 89.3273
199 14.1422 89.3325
1 13.8673 89.3374
803 13.5889 89.3424
637 13.329 89.3471
792 13.0702 89.3518
719 12.8652 89.3555
953 12.6662 89.3591
108 12.4896 89.3622
316 12.3157 89.3654
615 12.1362 89.3686
447 12.0207 89.3707
699 11.9117 89.3726
249 11.8016 89.3746
628 11.6662 89.377
551 11.5582 89.379
15 11.2647 89.3842
547 10.833 89.392
426 10.4553 89.3988
546 10.13 89.4046
433 9.81633 89.4102
892 9.81633 89.4102
982 9.81633 89.4102
401 9.81633 89.4102
736 9.81633 89.4102
570 9.81633 89.4102
240 9.81633 89.4102
759 9.81633 89.4102
969 9.81633 89.4102
301 9.81633 89.4102
585 9.81633 89.4102
988 9.81633 89.4102
39 9.81944 89.382
827 9.82252 89.3542
213 9.82567 89.3257
106 9.84612 89.1402
914 9.86702 88.9505
380 9.88585 88.7796
435 9.90866 88.5728
868 9.99907 87.7524
554 10.1444 86.4345
905 10.1856 86.0605
890 10.2253 85.6997
944 10.2604 85.3808
364 10.2916 85.0979
405 10.3253 84.7923
300 10.4156 83.9719
263 10.5106 83.11
48 10.6329 81.9997
325 10.754 80.9002
916 10.8808 79.749
119 11.0431 78.276
219 11.1419 77.3784
503 11.1996 76.8546
796 11.2549 76.3532
374 11.314 75.8164
131 11.379 75.2269
75 11.3817 75.2766
427 11.384 75.3197
879 11.3864 75.3644
948 11.3889 75.4106
346 11.3915 75.457
203 11.394 75.5032
726 11.3961 75.5419
502 11.3983 75.583
444 11.401 75.6319
178 11.4033 75.675
244 11.4056 75.7162
321 11.4077 75.7561
31 11.41 75.7975
436 11.4121 75.837
991 11.4141 75.8742
718 11.4163 75.9138
429 11.4471 75.8878
815 11.4679 75.8702
88 11.4929 75.849
886 11.5183 75.8275
207 11.542 75.8074
169 11.5663 75.7869
830 11.5954 75.7622
90 11.627 75.7355
728 12.5035 74.9935
537 13.7475 73.9403
361 13.6741 73.8327
162 13.6018 73.7267
479 13.5321 73.6246
338 13.4555 73.5123
608 13.393 73.4207
113 13.3109 73.3005
860 13.2284 73.1795
955 13.1504 73.0652
272 13.0613 72.9346
517 12.9734 72.8058
224 12.8992 72.6971
371 12.8992 72.6971
14 12.9618 72.6535
255 13.0246 72.6098
747 13.0887 72.5651
734 13.103 72.5612
970 13.1184 72.557
298 13.1325 72.5532
657 13.1488 72.5488
639 13.1643 72.5446
667 13.1807 72.5402
607 13.1982 72.5354
665 13.2171 72.5303
3 13.2368 72.525
81 13.2555 72.5199
400 13.2722 72.5154
658 13.2893 72.5108
703 13.305 72.5065
457 13.3199 72.5025
717 13.3359 72.4982
630 13.3542 72.4932
445 13.3697 72.489
556 13.3872 72.4843
784 13.4072 72.4789
799 13.4251 72.474
168 13.5988 72.4268
680 13.7761 72.3787
739 13.9528 72.3307
482 14.1257 72.2837
772 14.2999 72.2364
114 14.456 72.194
550 14.6048 72.1536
560 14.7503 72.1141
701 14.9194 72.0681
220 15.084 72.0234
764 15.2504 71.9782
601 19.5867 73.8203
390 24.0936 75.7349
184 24.1304 75.7564
431 24.167 75.7778
789 24.2039 75.7994
552 24.2374 75.8189
924 24.2733 75.8399
578 24.31 75.8613
927 24.3446 75.8816
16 24.38 75.9023
349 24.4142 75.9223
132 24.5447 75.9985
965 24.7008 76.0897
398 24.8494 76.1766
587 25.1105 76.3291
604 25.3718 76.4818
526 25.6051 76.6182
487 25.8484 76.7603
946 26.1147 76.916
424 26.3925 77.0782
757 26.6627 77.2362
600 26.9243 77.389
954 27.2138 77.5582
124 27.4871 77.7179
806 27.7691 77.8826
418 28.0264 78.033
58 28.2917 78.188
795 28.6186 78.3791
662 28.7031 78.4284
99 28.7874 78.4777
41 28.8858 78.5352
454 28.9817 78.5912
333 29.0768 78.6468
223 29.1786 78.7063
326 29.2682 78.7587
296 29.385 78.8269
697 29.497 78.8924
443 29.6123 78.9597
76 29.7492 79.0398
872 29.8679 79.1091
540 29.9937 79.1826
256 29.9937 79.1826
231 29.9937 79.1826
490 30.0575 78.6049
635 30.1309 77.9411
773 30.1931 77.3787
976 30.2699 76.6841
614 30.3331 76.1129
189 30.3967 75.5371
404 30.4663 74.9081
226 30.5238 74.3876
144 30.5886 73.8019
897 30.2515 69.8907
501 31.0532 69.8702
846 31.8403 69.8501
732 34.4612 69.783
56 34.5287 69.7813
291 34.5939 69.7796
175 34.6573 69.778
640 34.7174 69.7764
645 35.201 69.764
359 35.683 69.7516
730 36.17 69.7391
574 36.75 69.7242
270 37.387 69.7078
562 38.0535 69.6906
80 38.2877 69.206
459 38.5181 68.7293
134 38.7235 68.3042
484 38.9325 67.8717
350 39.1344 67.4538
54 39.3571 66.993
724 39.5524 66.5886
252 39.751 66.1777
779 40.7665 64.0772
910 41.8206 61.8965
84 43.0073 59.4427
791 43.0073 59.4427
894 43.0073 59.4427
809 43.0534 59.3359
596 43.0979 59.233
461 43.1482 59.1167
715 43.1891 59.022
558 43.2356 58.9143
264 43.2816 58.808
163 43.3285 58.6994
471 43.3833 58.5726
891 43.4312 58.4618
365 43.4765 58.3569
804 43.529 58.2356
798 43.5831 58.1104
683 43.6333 57.9942
597 43.6895 57.8641
104 43.7377 57.7527
765 43.7917 57.6276
237 43.8487 57.4958
929 43.9026 57.3711
493 43.9573 57.2445
716 46.0356 52.4311
533 46.0356 52.4311
848 46.0356 52.4311
843 46.0356 52.4311
63 46.0356 52.4311
922 46.0356 52.4311
370 46.0356 52.4311
778 46.0356 52.4311
342 46.3352 52.8301
621 46.6536 53.2544
30 46.9452 53.6428
410 48.1383 55.2321
923 48.7192 56.006
293 49.3485 56.8443
216 49.766 57.4006
968 50.141 57.9002
945 50.4513 58.3136
810 50.8812 58.8863
262 51.2462 59.3727
498 51.6991 59.976
101 52.1606 60.5908
281 52.6561 61.251
857 53.3642 62.1943
793 53.3706 62.1891
762 53.3767 62.1841
161 53.3827 62.1793
676 53.3886 62.1744
668 53.3951 62.1691
519 53.4012 62.1641
986 53.4067 62.1597
238 53.4137 62.1539
769 53.4199 62.1489
173 55.0598 60.8154
190 56.3107 59.3231
842 56.8803 58.6436
907 56.9472 58.5639
485 57.0197 58.4773
117 57.0939 58.3888
85 57.157 58.3135
186 57.2224 58.2355
396 57.2904 58.1544
35 57.3565 58.0756
650 57.4244 57.9946
286 57.9352 56.5034
577 58.4864 54.8944
538 59.1521 52.9511
875 59.9715 50.5591
926 60.6335 48.6267
355 61.2547 46.8131
644 61.2871 46.7186
70 61.3199 46.623
377 61.3555 46.5189
143 61.3861 46.4296
767 61.4162 46.3419
188 61.4502 46.2424
492 61.4894 46.1281
217 61.5416 45.9756
930 61.5921 45.8283
45 61.6403 45.6874
675 61.6832 45.5623
466 61.7285 45.43
781 59.6579 43.9787
358 59.6579 43.9787
978 59.6579 43.9787
232 59.6579 43.9787
43 59.6579 43.9787
670 59.6579 43.9787
314 58.8813 43.8558
357 58.0616 43.7261
606 57.162 43.5837
594 56.0218 43.4032
27 54.88 43.2225
634 53.8165 43.0542
751 52.5663 42.8563
906 51.415 42.6741
623 50.3099 42.4992
180 48.3061 42.1821
865 47.7304 42.0909
276 47.143 41.998
522 46.5223 41.8997
935 46.0081 41.8183
69 45.5161 41.7405
566 44.955 41.6517
452 44.4601 41.5733
356 43.9571 41.4937
421 43.4824 41.4186
472 43.0137 41.3444
692 42.4779 41.2596
512 42.0065 41.185
480 41.495 41.104
155 41.0192 41.0287
586 40.5172 40.9493
257 40.0563 40.8763
194 39.601 40.8043
989 39.0799 40.7218
414 38.5423 40.6367
687 38.1234 40.5704
388 37.7336 40.5087
467 37.4356 40.4615
829 32.0969 39.6156
679 32.0969 39.6156
917 32.0969 39.6156
664 32.0969 39.6156
862 32.0969 39.6156
278 32.0969 39.6156
869 32.0969 39.6156
811 32.0969 39.6156
787 32.0969 39.6156
529 32.0619 39.7467
834 32.0287 39.8711
853 31.9892 40.0188
191 31.9492 40.1683
160 31.9069 40.327
790 31.5232 41.7626
797 30.6799 44.9189
391 30.6118 45.1736
11 30.5465 45.418
783 30.4785 45.6725
603 30.4086 45.934
38 30.3436 46.1773
151 30.2806 46.4128
7 30.2122 46.6687
771 30.1311 46.9723
619 30.144 47.4061
302 30.157 47.8445
748 30.1695 48.2658
324 30.1836 48.7423
403 30.1955 49.1456
913 30.2083 49.5768
49 30.2212 50.011
545 30.2346 50.4646
475 30.2465 50.8661
938 30.2604 51.3352
210 30.2726 51.7462
59 30.2848 52.1553
901 30.2964 52.5465
706 30.3051 52.8426
269 30.3214 53.3899
147 30.3378 53.9454
688 30.3547 54.5119
267 30.3716 55.0834
876 30.3862 55.5772
508 30.4034 56.1561
413 30.4273 56.9599
576 30.4621 58.1356
127 30.4866 58.9597
275 30.5606 61.4555
912 30.5655 61.6211
507 30.5706 61.7937
171 30.576 61.9743
756 30.5805 62.127
233 30.5857 62.3036
327 30.5914 62.4942
591 30.5966 62.6697
729 30.6012 62.8241
957 30.6059 62.9844
411 30.6109 63.152
329 30.7634 63.4548
225 30.9975 63.9197
571 29.5808 63.9627
950 28.1376 64.0064
308 27.8716 64.0144
878 27.5762 64.0233
89 27.2525 64.033
888 26.7972 64.0467
266 26.387 64.059
510 26.0041 64.0705
956 25.6173 64.0821
903 25.2828 64.0921
705 24.9137 64.1032
422 24.5511 64.1141
735 24.2158 64.1242
451 23.8741 64.1344
839 23.5533 64.144
500 22.5588 64.1741
382 22.5588 64.1741
79 22.5588 64.1741
720 22.5588 64.1741
34 22.5588 64.1741
691 22.5588 64.1741
788 22.5588 64.1741
137 22.5588 64.1741
599 22.5588 64.1741
21 22.5588 64.1741
733 20.5655 63.7714
971 18.2439 63.3025
925 14.1837 62.4822
524 13.0849 62.2603
234 11.6628 61.973
760 10.6722 61.7729
277 9.74034 61.5847
694 8.82799 61.4005
130 8.6878 61.1588
531 8.53704 60.8989
97 8.40534 60.6719
686 8.25644 60.4152
376 7.87416 59.7562
157 7.44563 59.0176
841 7.44563 59.0176
352 7.44563 59.0176
196 7.44563 59.0176
336 7.44563 59.0176
849 7.44563 59.0176
166 7.44563 59.0176
347 7.44563 59.0176
116 7.44563 59.0176
463 7.44563 59.0176
749 7.44563 59.0176
708 7.44563 59.0176
122 7.44563 59.0176
214 7.44563 59.0176
77 7.44563 59.0176
381 7.44563 59.0176
966 7.44319 58.9761
939 7.34876 57.3699
758 7.0769 52.7385
489 7.04203 52.1458
863 7.00925 51.5885
341 6.98858 51.2371
46 6.96553 50.8452
499 6.94868 50.5589
330 6.93662 50.3538
128 6.92598 50.1729
212 6.91515 49.9889
328 6.90382 49.7963
958 7.57567 50.0985
565 9.86623 51.1282
633 11.6951 51.9506
476 11.6951 51.9506
698 11.6951 51.9506
496 11.6951 51.9506
373 11.6951 51.9506
192 11.6951 51.9506
908 12.0464 51.5995
858 12.2554 51.3906
949 12.4599 51.1862
303 12.6272 51.019
542 12.8233 50.8231
279 13.0197 50.6268
972 13.2159 50.4307
218 13.4119 50.2349
805 13.6408 50.0061
100 13.8713 49.7757
154 14.1128 49.5343
589 14.33 49.3173
700 14.7101 48.9373
535 14.9818 48.6658
37 15.081 48.5666
142 15.165 48.4827
981 15.25 48.3977
10 15.3685 48.2794
525 15.4998 48.1481
655 15.2216 47.9965
543 14.9211 47.8328
125 13.8059 47.2245
47 13.8059 47.2245
527 13.8059 47.2245
677 13.8011 47.0093
936 13.7954 46.7535
182 13.7897 46.4971
57 13.7838 46.2346
312 13.7777 45.9626
909 13.7721 45.7143
505 13.7665 45.4613
423 13.7601 45.1766
384 13.7541 44.9103
397 13.7486 44.6614
438 13.7394 44.5526
534 13.597 42.854
612 13.4324 40.8915
985 13.4083 40.6037
123 13.3852 40.3273
205 13.3592 40.0161
174 13.3378 39.761
723 13.3109 39.4386
148 13.2789 39.0561
65 13.2438 38.6363
710 13.2122 38.2591
652 13.1993 38.1048
770 13.1837 37.9178
78 13.1671 37.7199
133 13.1502 37.5178
228 13.1346 37.3312
990 13.1181 37.134
731 13.1018 36.9387
283 13.0849 36.7369
663 13.0687 36.5432
222 13.0528 36.3532
87 12.9751 35.4247
616 12.9019 34.5501
32 12.8097 33.4475
258 12.6888 32.0029
741 12.6363 31.375
4 12.6115 31.0785
661 12.5871 30.7874
572 12.5641 30.5119
402 12.54 30.2243
514 12.5206 29.9915
86 12.5002 29.7486
794 12.4791 29.496
74 12.4595 29.262
299 12.4411 29.0412
898 12.4232 28.8278
331 12.355 24.5667
187 12.2891 20.4547
963 12.2825 20.0529
61 12.2752 19.6042
412 12.2688 19.2111
588 12.2624 18.8212
362 12.2563 18.4456
455 12.2504 18.0891
673 12.2437 17.6773
348 12.2355 17.1725
629 12.2278 16.7041
646 12.2211 16.2927
722 12.2143 15.8783
211 12.2104 15.6397
812 12.2062 15.3786
474 12.8634 15.7051
674 13.3209 15.9324
8 13.827 16.1838
366 14.2924 16.415
439 14.7625 16.6486
254 15.1498 16.841
881 15.4868 17.0085
488 16.2065 17.366
284 17.1647 17.8421
682 17.7717 18.1437
268 19.6865 19.095
121 22.1825 20.335
824 22.8813 20.6822
902 23.489 20.9841
836 24.1315 21.3033
943 24.9194 21.6948
379 25.7967 22.1306
702 25.8696 22.1669
641 25.9551 22.2093
883 26.0551 22.259
822 26.147 22.3047
111 26.2273 22.3446
549 26.3049 22.3831
486 26.7571 22.187
602 27.2869 21.9573
899 27.8573 21.71
354 28.479 21.4404
915 29.1471 21.1507
307 29.8929 20.8273
221 30.6468 20.5004
246 31.5839 20.094
709 32.5851 19.6599
643 33.6279 19.2077
64 35.5284 18.3835
518 38.4445 17.1189
704 38.4445 17.1189
626 38.4445 17.1189
653 38.4445 17.1189
310 38.4445 17.1189
337 38.4445 17.1189
407 38.4445 17.1189
261 38.4445 17.1189
363 38.4445 17.1189
669 38.4445 17.1189
573 38.9842 17.6556
351 39.5127 18.1812
287 40.747 19.4087
164 43.1323 21.7808
555 44.3614 23.0032
26 45.101 23.7388
419 46.0838 24.7162
934 46.991 25.6184
785 48.0556 26.6772
250 48.9113 27.5283
289 49.7244 28.3369
828 50.7348 29.3417
197 51.3581 29.9616
870 51.9015 30.502
209 52.084 30.3126
66 52.2504 30.1398
6 52.4585 29.9236
873 52.6344 29.7409
19 52.8027 29.5662
458 52.989 29.3728
55 53.1896 29.1644
681 53.3695 28.9776
844 53.5698 28.7697
777 60.3465 21.7325
581 63.2542 18.7131
103 66.2087 15.645
295 68.7216 16.4386
176 71.4936 17.3139
