0,345,627,483,243,260,979,98,520,590,33,745,951,387,107,506,170,242,884,684,198,977,838,136,274,967,835,466,195,553,609,425,592,29,932,497,920,975,201,334,102,110,942,332,385,383,450,311,660,372,25,685,528,928,893,854,322,725,159,742,473,983,740,820,889,580,135,273,567,149,318,813,42,52,353,145,285,494,417,481,992,904,579,864,666,648,204,744,818,83,775,962,801,18,837,937,71,987,823,51,290,509,297,887,465,931,620,817,464,317,158,984,251,856,845,202,774,118,896,12,185,911,177,544,477,584,816,671,395,280,378,622,259,575,826,40,140,782,832,800,921,947,9,802,315,109,94,851,229,369,460,112,208,940,235,755,880,179,642,126,82,335,344,636,814,861,313,690,23,343,564,367,895,980,193,562,294,561,754,305,659,559,375,766,434,62,516,53,737,536,961,415,245,952,569,713,239,511,882,5,624,866,394,320,530,408,763,165,746,541,532,618,248,437,449,319,309,416,156,808,146,840,918,120,206,271,172,92,230,2,241,470,215,807,292,539,877,563,752,406,105,181,707,389,72,874,265,974,139,22,613,448,129,738,428,150,672,761,960,20,28,392,521,714,786,631,409,638,76,697,490,462,776,885,773,418,73,651,36,695,611,96,456,593,15,50,368,441,859,249,430,696,306,253,753,871,491,548,227,256,231,141,223,919,768,795,610,58,183,446,568,693,115,386,153,95,236,442,711,93,200,973,138,17,304,13,360,244,339,106,44,288,247,557,750,712,933,780,833,1,380,435,213,827,39,868,585,301,969,914,736,401,982,240,300,169,988,886,825,628,615,953,637,803,199,678,447,405,364,570,399,944,546,792,950,469,699,815,905,48,325,718,554,321,556,991,916,487,263,890,433,719,759,426,108,551,892,728,429,90,547,316,495,436,119,966,220,371,479,694,445,272,739,639,400,219,667,338,207,796,31,203,444,657,560,830,75,224,939,427,381,726,860,600,431,168,88,178,374,277,14,457,398,503,114,113,686,77,3,607,298,703,879,717,955,680,500,361,665,326,346,502,162,587,927,971,552,266,924,784,720,482,81,347,166,97,747,948,799,772,517,255,734,970,677,760,531,122,376,214,154,749,708,849,589,196,336,925,142,981,116,57,157,303,542,279,972,218,805,100,463,476,234,524,565,505,422,938,192,698,373,949,770,388,496,174,182,534,10,758,858,990,663,423,616,228,909,352,841,324,731,700,527,771,936,652,47,222,123,128,341,985,499,330,328,212,489,863,4,958,87,283,514,86,312,78,384,125,133,46,682,898,74,741,794,661,572,258,362,710,299,455,812,187,61,646,412,963,331,673,402,588,348,722,488,629,211,474,674,8,366,881,64,915,602,899,943,268,824,902,836,354,111,254,439,702,641,883,822,669,307,246,709,643,284,379,704,626,653,310,337,407,261,363,518,573,351,287,160,467,209,934,26,250,844,586,664,413,619,38,748,706,480,566,210,421,917,194,522,370,452,486,549,257,612,529,397,687,302,853,692,356,535,829,278,221,65,191,121,811,37,787,834,790,11,869,475,438,205,797,414,679,148,525,543,723,32,862,391,655,913,151,640,508,89,783,30,633,778,269,908,7,507,79,237,989,876,59,359,891,788,688,756,233,382,645,545,403,510,922,764,956,493,147,21,308,603,965,34,526,604,691,733,349,897,705,599,846,901,275,903,451,735,411,130,630,131,946,701,390,757,806,537,550,16,571,60,226,789,878,662,167,888,578,601,574,635,132,296,270,443,99,41,329,424,327,184,333,649,80,189,872,608,724,124,658,454,540,689,730,954,976,410,894,715,765,134,523,591,614,252,264,484,56,729,501,957,127,104,267,459,49,54,461,171,216,779,804,923,798,809,839,912,558,291,576,281,929,471,683,676,621,596,163,137,743,855,225,513,365,910,404,35,432,668,350,857,617,282,161,632,769,144,582,175,91,762,533,986,101,188,597,453,968,791,498,732,964,907,793,625,519,67,847,654,867,340,173,900,440,605,727,152,583,941,238,650,478,515,70,595,396,577,85,117,84,190,286,293,538,810,468,393,485,656,850,647,420,68,767,852,262,186,670,143,926,842,314,232,357,377,594,43,69,644,606,180,848,342,197,472,492,945,276,843,716,870,63,875,978,155,512,458,217,828,930,906,623,27,66,55,358,634,45,935,355,873,751,785,681,865,781,821,323,19,675,164,289,295,419,6,555,831,721,176,777,103,504,24,581,598,959,819,
value : 473.261 running time : 47.642093
0 80 20
345 84.1252 18.4149
627 85.5869 17.8534
483 86.2684 17.5916
243 86.2684 17.5916
260 86.2684 17.5916
979 86.0874 19.263
98 85.5294 24.4203
520 84.986 29.4398
590 84.6413 32.6237
33 84.2969 35.8037
745 83.8316 40.1019
951 83.3993 44.0948
387 83.1452 46.4415
107 82.998 47.8013
506 82.9372 48.3628
170 82.928 48.4478
242 82.919 48.5306
884 82.9104 48.6098
684 82.9016 48.6916
198 82.9016 48.6916
977 82.9016 48.6916
838 82.9016 48.6916
136 82.9016 48.6916
274 82.9016 48.6916
967 82.9016 48.6916
835 82.9016 48.6916
466 82.9016 48.6916
195 82.9656 48.9623
553 83.0287 49.229
609 83.0886 49.4823
425 83.1793 49.8656
592 83.2653 50.229
29 83.362 50.6377
932 83.7849 52.4255
497 84.244 54.3659
920 81.787 56.7895
975 79.5655 58.981
201 79.4367 59.1081
334 79.3123 59.2307
102 79.1829 59.3584
110 79.0623 59.4773
942 78.9472 59.5909
332 80.3914 63.9287
385 81.3548 66.8213
383 82.2447 69.4936
450 83.4551 73.1281
311 84.4207 76.0277
660 85.2138 78.409
372 86.1157 81.1171
25 85.5698 81.8973
685 84.9922 82.7227
528 84.3831 83.5931
928 81.1368 88.2324
893 80.995 88.2243
854 80.8538 88.2163
322 80.7234 88.2088
725 80.5765 88.2004
159 80.4241 88.1917
742 80.2899 88.1841
473 80.1696 88.1772
983 80.0303 88.1692
740 79.8794 88.1606
820 79.7377 88.1525
889 79.5992 88.1446
580 76.2296 87.9522
135 76.2296 87.9522
273 74.2677 87.7492
567 74.0189 87.7234
149 73.8892 87.71
318 73.7614 87.6968
813 73.6352 87.6837
42 73.4956 87.6693
52 73.373 87.6566
353 73.2589 87.6448
145 73.1402 87.6325
285 73.0266 87.6208
494 72.9201 87.6097
417 72.809 87.5982
481 72.6807 87.585
992 72.5536 87.5718
904 74.5864 80.4616
579 74.7898 80.3596
864 74.9801 80.264
666 75.1698 80.1689
648 75.4451 80.0307
204 75.6977 79.904
744 74.7034 80.2483
818 73.8521 80.5431
83 72.9828 80.8442
775 72.1409 81.1357
962 71.3266 81.4177
801 70.0269 81.8678
18 69.274 82.1286
837 68.6243 82.3535
937 67.8119 82.6349
71 66.973 82.9254
987 65.9933 83.2647
823 65.8389 83.4562
51 65.7098 83.6163
290 65.5669 83.7935
509 65.3035 84.1201
297 64.9996 84.4971
887 64.7004 84.868
465 64.4232 85.2118
931 64.1319 85.573
620 63.8174 85.9632
817 63.7798 86.0098
464 63.7446 86.0534
317 63.7115 86.0944
158 63.6744 86.1405
984 63.6368 86.1871
251 63.5994 86.2335
856 61.3871 86.7263
845 61.2822 86.7497
202 61.1526 86.7785
774 61.0295 86.8059
118 60.9218 86.8299
896 60.8106 86.8547
12 60.7153 86.8759
185 60.6154 86.8982
911 60.5148 86.9206
177 60.4525 86.8667
544 60.3915 86.814
477 60.0872 86.551
584 59.7812 86.2865
816 59.3897 85.9481
671 58.9997 85.6109
395 58.6801 85.3348
280 58.3446 85.0447
378 58.0631 84.8014
622 57.781 84.5575
259 57.3867 84.2168
575 57.0146 83.8951
826 56.6276 83.5606
40 56.3253 83.2994
140 55.9878 83.0076
782 55.6607 82.7248
832 55.3713 82.4748
800 55.0671 82.2117
921 54.7687 81.9539
947 54.513 81.7329
9 54.2355 81.493
802 53.9588 81.2538
315 53.7084 81.0374
109 53.4468 80.8113
94 53.2219 80.6168
851 53.0201 80.4424
229 52.7745 80.2302
369 52.5267 80.016
460 52.2616 79.7868
112 51.9778 79.5415
208 51.7151 79.3144
940 51.5004 79.1289
235 51.2525 78.9146
755 50.8916 80.1221
880 50.5405 81.2972
179 50.1879 82.477
642 49.8331 83.6646
126 49.4755 84.8612
82 49.094 86.1377
335 48.682 87.5165
344 48.044 89.6516
636 48.0084 89.645
814 47.9765 89.6391
861 47.947 89.6336
313 47.9194 89.6285
690 47.8894 89.6229
23 47.8585 89.6172
343 47.8202 89.6101
564 47.7861 89.6037
367 47.7586 89.5986
895 47.7244 89.5923
980 47.6947 89.5868
193 47.6547 89.5793
562 47.6189 89.5727
294 47.5858 89.5665
561 47.5558 89.5609
754 47.5293 89.556
305 47.495 89.5497
659 47.4612 89.5434
559 47.4321 89.538
375 47.4015 89.5323
766 47.3708 89.5266
434 47.3426 89.5214
62 47.3106 89.5154
516 47.2767 89.5091
53 47.2423 89.5027
737 47.2159 89.4978
536 47.1436 89.4844
961 47.0744 89.4716
415 47.0007 89.4579
245 46.9278 89.4443
952 46.8566 89.4311
569 46.7775 89.4164
713 46.7098 89.4038
239 46.6418 89.3912
511 46.5772 89.3792
882 46.5072 89.3662
5 46.3032 89.3283
624 46.1124 89.2929
866 45.8648 89.2469
394 45.6223 89.2019
320 45.4379 89.1676
530 45.2387 89.1306
408 45.0451 89.0947
763 44.8385 89.0563
165 44.642 89.0198
746 44.4486 88.9839
541 44.2469 88.9464
532 44.0221 88.9047
618 43.7784 88.8594
248 43.4582 88.8
437 43.1581 88.7442
449 42.8986 88.6961
319 42.6347 88.647
309 42.3604 88.5961
416 42.0929 88.5464
156 41.8435 88.5001
808 41.5055 88.4373
146 41.5055 88.4373
840 41.5055 88.4373
918 41.5055 88.4373
120 41.5055 88.4373
206 41.5055 88.4373
271 41.5055 88.4373
172 41.5055 88.4373
92 41.5055 88.4373
230 41.5055 88.4373
2 41.5055 88.4373
241 41.5055 88.4373
470 41.5055 88.4373
215 41.5055 88.4373
807 41.5055 88.4373
292 41.5055 88.4373
539 41.5055 88.4373
877 41.5055 88.4373
563 41.5055 88.4373
752 41.123 88.4535
406 40.9297 88.4617
105 40.7405 88.4697
181 40.4819 88.4806
707 40.2238 88.4915
389 39.9835 88.5017
72 39.7328 88.5123
874 39.4982 88.5222
265 38.5187 88.5637
974 37.6999 88.5983
139 36.9601 88.6296
22 36.3017 88.6575
613 35.6588 88.6847
448 35.015 88.7119
129 34.3431 88.7403
738 33.6547 88.7695
428 32.8882 88.8019
150 32.1801 88.8318
672 31.4822 88.8614
761 30.7975 88.8903
960 30.1617 88.9172
20 29.4978 88.9453
28 28.8734 88.9717
392 28.2732 88.9971
521 27.6258 89.0245
714 27.1717 89.0437
786 27.0321 89.0496
631 26.8778 89.0562
409 26.7253 89.0626
638 26.5822 89.0687
76 26.4297 89.0751
697 26.2755 89.0816
490 26.1186 89.0883
462 25.953 89.0953
776 25.826 89.1007
885 25.8066 89.1015
773 25.7869 89.1023
418 25.7631 89.1033
73 25.7395 89.1043
651 25.7133 89.1054
36 25.6891 89.1065
695 25.6643 89.1075
611 25.6416 89.1085
96 25.6186 89.1095
456 25.5916 89.1106
593 25.5661 89.1117
15 25.5415 89.1127
50 25.5195 89.1137
368 25.4967 89.1146
441 25.4735 89.1156
859 25.4515 89.1165
249 25.428 89.1175
430 25.4051 89.1185
696 25.3825 89.1195
306 25.3593 89.1204
253 25.3367 89.1214
753 25.3103 89.1225
871 25.2866 89.1235
491 25.2647 89.1245
548 25.2452 89.1253
227 25.1787 89.1281
256 25.13 89.1302
231 25.0738 89.1325
141 25.0169 89.135
223 24.9581 89.1374
919 24.4248 89.16
768 23.7088 89.1904
795 22.9972 89.2205
610 22.1628 89.2558
58 21.2928 89.2927
183 20.4056 89.3302
446 19.5455 89.3667
568 18.8765 89.395
693 18.3733 89.4163
115 18.1349 89.4264
386 17.8828 89.4371
153 17.6309 89.4478
95 17.614 89.4485
236 17.5968 89.4492
442 17.5802 89.4499
711 17.5627 89.4506
93 17.547 89.4513
200 17.5298 89.452
973 17.5144 89.4527
138 17.4985 89.4534
17 17.4835 89.454
304 17.467 89.4547
13 17.4521 89.4553
360 17.437 89.456
244 17.4212 89.4566
339 17.4047 89.4573
106 15.0089 89.5595
44 14.7031 89.5724
288 14.348 89.5875
247 13.9701 89.6035
557 13.6102 89.6187
750 13.2597 89.6335
712 12.9223 89.6478
933 12.5657 89.6629
780 12.1795 89.6792
833 11.8201 89.6944
1 11.42 89.7114
380 11.0222 89.7283
435 10.64 89.7445
213 10.2799 89.7597
827 10.2729 89.76
39 10.2656 89.7603
868 10.2584 89.7606
585 10.2513 89.7609
301 10.2446 89.7612
969 10.2375 89.7615
914 10.2306 89.7618
736 10.2238 89.7621
401 10.2169 89.7624
982 10.2103 89.7627
240 10.2032 89.763
300 10.1959 89.7633
169 10.1891 89.7636
988 10.1823 89.7639
886 10.2688 88.053
825 10.2968 87.4977
628 10.312 87.1958
615 10.3272 86.8947
953 10.3416 86.6092
637 10.3561 86.32
803 10.3709 86.0267
199 10.3858 85.7317
678 10.4011 85.4272
447 10.4173 85.1048
405 10.434 84.7746
364 10.4743 83.9747
570 10.5152 83.1656
399 10.5578 82.3209
944 10.6014 81.4556
546 10.6458 80.5768
792 10.6917 79.6671
950 10.7388 78.7326
469 10.7388 78.7326
699 10.7388 78.7326
815 10.7388 78.7326
905 10.7388 78.7326
48 10.7388 78.7326
325 10.7388 78.7326
718 10.7388 78.7326
554 10.7388 78.7326
321 10.7388 78.7326
556 10.7388 78.7326
991 10.7388 78.7326
916 10.7388 78.7326
487 10.7388 78.7326
263 10.7388 78.7326
890 10.7381 78.723
433 10.7374 78.7141
719 10.7367 78.706
759 10.736 78.6969
426 10.7353 78.6879
108 10.7347 78.679
551 10.7339 78.6688
892 10.7332 78.6598
728 10.7324 78.65
429 10.7317 78.6404
90 10.7311 78.6328
547 10.7305 78.6249
316 10.6933 78.1481
495 10.6482 77.5683
436 10.5792 76.6833
119 10.4996 75.6614
966 10.437 74.8572
220 10.431 74.7807
371 10.424 74.6905
479 10.4182 74.616
694 10.4116 74.5313
445 10.4054 74.4512
272 10.3994 74.3741
739 10.3934 74.2978
639 10.3877 74.2247
400 10.3819 74.1495
219 10.3755 74.0682
667 10.3699 73.9959
338 10.3643 73.924
207 10.3591 73.8572
796 10.354 73.7911
31 10.3486 73.7221
203 10.3428 73.648
444 10.3369 73.5716
657 10.3243 73.411
560 10.3132 73.2678
830 10.3003 73.1028
75 10.2871 72.9331
224 10.2663 72.6655
939 10.2457 72.4015
427 10.4503 72.3673
381 10.649 72.3341
726 10.9118 72.2903
860 11.1125 72.2567
600 11.3419 72.2184
431 11.5265 72.1876
168 11.5265 72.1876
88 11.5265 72.1876
178 11.5265 72.1876
374 11.6002 72.0358
277 11.6767 71.8782
14 11.7458 71.7358
457 11.8116 71.6002
398 11.8889 71.4408
503 11.9551 71.3045
114 12.0264 71.1575
113 12.0871 71.0325
686 12.1481 70.9066
77 12.2164 70.766
3 12.2831 70.6286
607 12.3428 70.5055
298 12.4069 70.3734
703 12.4826 70.2175
879 12.542 70.095
717 12.6012 69.973
955 12.6568 69.8584
680 12.8081 69.5466
500 12.9446 69.2653
361 13.0847 68.9766
665 13.2248 68.688
326 13.3646 68.3998
346 13.5161 68.0876
502 13.6876 67.7342
162 13.8555 67.388
587 14.0326 67.0231
927 14.0326 67.0231
971 14.0326 67.0231
552 14.0326 67.0231
266 14.0326 67.0231
924 14.1607 66.4572
784 14.2866 65.9012
720 14.4241 65.2936
482 13.9942 64.3339
81 13.5353 63.3095
347 13.0358 62.1943
166 12.9217 61.9397
97 12.9217 61.9397
747 12.9217 61.9397
948 12.9217 61.9397
799 12.9217 61.9397
772 12.9217 61.9397
517 12.9217 61.9397
255 12.8249 61.4041
734 12.714 60.7911
970 12.5687 59.9879
677 12.3971 59.0391
760 12.2474 58.2113
531 12.0913 57.3479
122 11.9239 56.4226
376 11.8905 56.238
214 11.8485 56.0057
154 11.8084 55.784
749 11.7722 55.5838
708 11.7411 55.4118
849 11.7099 55.2392
589 11.6819 55.0847
196 11.6513 54.9153
336 11.6168 54.7249
925 11.5825 54.5352
142 11.549 54.3497
981 11.5164 54.1697
116 11.4756 53.9438
57 11.4756 53.9438
157 11.4756 53.9438
303 11.4756 53.9438
542 11.4756 53.9438
279 11.4756 53.9438
972 11.4756 53.9438
218 11.4756 53.9438
805 11.4756 53.9438
100 11.4756 53.9438
463 11.4756 53.9438
476 11.4756 53.9438
234 11.4756 53.9438
524 11.4756 53.9438
565 11.6927 53.6494
505 11.9122 53.3518
422 12.1279 53.0594
938 12.3386 52.7738
192 12.5279 52.5171
698 13.4469 51.271
373 14.3593 50.0338
949 15.2712 48.7973
770 16.1367 47.6238
388 16.9554 46.5137
496 16.8671 46.4987
174 16.7792 46.4838
182 16.6898 46.4686
534 16.6015 46.4536
10 16.5179 46.4394
758 16.439 46.426
858 16.3543 46.4117
990 16.2616 46.3959
663 16.1758 46.3814
423 16.083 46.3656
616 15.9901 46.3498
228 15.8997 46.3345
909 15.8077 46.3189
352 15.7224 46.3044
841 15.6369 46.2899
324 15.5597 46.2768
731 14.8117 46.1497
700 13.7878 45.9757
527 12.6653 45.785
771 12.6236 45.3254
936 12.585 44.9004
652 12.5449 44.4591
47 12.5047 44.0174
222 12.454 43.4593
123 12.4032 42.9
128 12.3533 42.3512
341 12.2916 41.672
985 12.228 40.9729
499 12.1688 40.321
330 12.1247 39.8359
328 12.0813 39.3584
212 12.0809 39.1935
489 12.0806 39.0344
863 12.0765 37.2459
4 12.0721 35.2623
958 12.0715 35.0124
87 12.0709 34.7415
283 12.0703 34.4782
514 12.0697 34.1972
86 12.0692 33.9526
312 12.0687 33.7469
78 12.0679 33.3727
384 12.0666 32.7748
125 12.0649 32.0487
133 12.0632 31.2853
46 12.0617 30.5735
682 12.052 26.4057
898 12.052 26.4057
74 12.08 25.7308
741 12.1093 25.0232
794 12.1351 24.4014
661 12.1665 23.6461
572 12.1972 22.9073
258 12.2312 22.0873
362 12.2692 21.1707
710 12.3012 20.4003
299 12.3426 19.4033
455 12.402 17.9718
812 12.5182 15.1748
187 12.5182 15.1748
61 12.5766 15.1925
646 12.6383 15.2111
412 12.7044 15.2311
963 12.7713 15.2513
331 12.8412 15.2724
673 12.912 15.2938
402 12.9774 15.3135
588 13.0368 15.3315
348 13.0985 15.3501
722 13.157 15.3678
488 13.5818 15.4961
629 13.9731 15.6144
211 14.4244 15.7507
474 14.8925 15.8921
674 15.2811 16.0096
8 15.7251 16.1437
366 16.1565 16.274
881 16.5929 16.4059
64 18.2108 16.8946
915 18.7288 17.0511
602 19.1013 17.1636
899 19.3954 17.2525
943 19.6824 17.3392
268 19.6824 17.3392
824 20.1536 17.2885
902 20.4781 17.2535
836 20.7904 17.2199
354 23.0536 16.9763
111 25.0875 16.7573
254 25.4 16.7237
439 25.738 16.6872
702 26.0807 16.6503
641 26.4308 16.6126
883 27.5955 16.4872
822 28.4788 16.392
669 29.1471 16.3201
307 29.8049 16.2492
246 30.5055 16.1737
709 31.2393 16.0947
643 32.0184 16.0107
284 32.9581 15.9095
379 34.2743 15.7678
704 34.4085 15.7377
626 34.5343 15.7095
653 34.6821 15.6764
310 34.7936 15.6515
337 34.9045 15.6266
407 35.0148 15.6019
261 35.1259 15.577
363 35.2361 15.5523
518 35.3557 15.5255
573 35.4926 16.797
351 35.6355 18.1244
287 35.8318 19.9476
160 36.2895 24.1982
467 36.6433 27.4841
209 36.9867 30.6735
934 37.0265 31.0435
26 37.0707 31.4535
250 37.3214 33.782
844 37.865 38.8296
586 37.7559 39.2006
664 37.6195 39.6648
413 37.4918 40.0994
619 37.3793 40.4822
38 37.2779 40.8273
748 37.1808 41.1577
706 37.0894 41.4686
480 37.0004 41.7713
566 36.904 42.0995
210 36.808 42.426
421 36.7379 42.6648
917 36.633 43.0215
194 36.5218 43.4
522 36.4139 43.767
370 36.3104 44.1194
452 35.0202 43.0672
486 32.7867 41.2458
549 32.6345 41.1217
257 32.4959 41.0087
612 32.3277 40.8715
529 32.1948 40.7631
397 32.0631 40.6557
687 31.9325 40.5492
302 31.7995 40.4407
853 31.6615 40.3282
692 31.5229 40.2151
356 31.3758 40.0952
535 31.1739 39.9306
829 30.9707 39.7648
278 30.8218 39.6434
221 30.6683 39.5182
65 30.6636 39.5481
191 30.6591 39.5767
121 30.6544 39.6064
811 30.6495 39.638
37 30.6446 39.6689
787 30.6409 39.6927
834 30.6161 39.8508
790 30.5342 40.3725
11 30.4522 40.8957
869 30.3769 41.3751
475 30.2846 41.9634
438 30.2035 42.4803
205 30.1274 42.9654
797 30.02 43.6501
414 29.9591 44.038
679 29.8963 44.4382
148 29.8243 44.8974
525 29.8184 44.9494
543 29.8129 44.9992
723 29.8075 45.0469
32 29.8023 45.0937
862 29.752 45.5431
391 29.6849 46.1423
655 29.6245 46.6827
913 29.562 47.2413
151 29.4996 47.7988
640 29.4316 48.406
508 29.3937 48.7444
89 29.354 49.0995
783 29.3168 49.4317
30 29.2743 49.8118
633 29.2743 49.8118
778 29.2743 49.8118
269 29.2743 49.8118
908 29.2743 49.8118
7 29.2743 49.8118
507 29.1924 50.0194
79 29.1315 50.1735
237 29.08 50.3043
989 29.0248 50.4441
876 28.2516 52.4042
59 27.6112 54.0276
359 26.836 55.9929
891 26.7731 56.1522
788 26.7034 56.329
688 26.6402 56.4891
756 26.5708 56.6649
233 26.5006 56.8428
382 26.4336 57.0127
645 26.3713 57.1707
545 26.3136 57.3169
403 26.2548 57.4657
510 26.1297 57.7829
922 26.0064 58.0952
764 25.8426 58.5105
956 25.6994 58.8733
493 25.5587 59.2299
147 25.4162 59.591
21 25.0373 60.5515
308 24.8602 61.0004
603 24.6969 61.4143
965 24.4308 62.0886
34 24.1766 62.7328
526 23.9184 63.3873
604 23.6889 63.9687
691 23.6889 63.9688
733 23.6889 63.9688
349 23.6889 63.9688
897 23.6889 63.9688
705 23.6889 63.9688
599 23.6889 63.9688
846 23.6889 63.9688
901 23.6889 63.9688
275 23.6889 63.9688
903 23.6889 63.9688
451 23.6889 63.9688
735 23.6889 63.9689
411 23.6889 63.9689
130 23.6889 63.9689
630 23.6889 63.9689
131 23.6889 63.9689
946 24.1668 65.7249
701 24.6245 67.4071
390 25.07 69.0449
757 25.4692 70.5118
806 25.6991 71.3571
537 25.7211 71.438
550 25.7442 71.5229
16 25.7662 71.6035
571 25.7865 71.6785
60 25.8115 71.7701
226 25.8334 71.8509
789 25.8532 71.9234
878 25.8742 72.0007
662 25.897 72.0845
167 25.9191 72.1657
888 25.9376 72.2339
578 25.9578 72.3079
601 25.9755 72.373
574 25.9982 72.4566
635 26.0204 72.5383
132 26.0423 72.6187
296 26.0693 72.7179
270 26.0914 72.7991
443 26.112 72.8751
99 26.1335 72.954
41 26.1574 73.042
329 26.1763 73.1115
424 26.5834 74.6074
327 27.2374 74.1557
184 27.8929 73.7031
333 29.0594 72.8976
649 29.9673 72.2708
80 29.9714 72.2654
189 29.9745 72.2614
872 29.9778 72.2571
608 29.9811 72.2528
724 30.2538 71.896
124 30.4948 71.5806
658 30.7485 71.2487
454 31.0317 70.8782
540 31.3302 70.4876
689 31.5898 70.1479
730 31.8587 69.7962
954 32.1372 69.4318
976 32.4903 68.9697
410 32.8448 68.5059
894 33.0876 68.1882
715 33.2677 67.9526
765 33.4437 67.7224
134 33.6012 67.5163
523 33.751 67.3203
591 33.889 67.1396
614 34.0401 66.942
252 34.4325 66.4286
264 34.9417 65.7624
484 35.2569 65.3499
56 35.5097 65.0193
729 35.7612 64.6901
501 36.1531 64.1774
957 36.6259 63.5588
127 37.1321 62.8964
104 37.4918 62.4258
267 37.8582 61.9464
459 38.252 61.4312
49 38.6721 60.8815
54 38.9433 60.9858
461 39.193 61.0819
171 39.4692 61.1882
216 39.7454 61.2945
779 39.9493 61.373
804 40.141 61.4468
923 40.343 61.5245
798 40.5363 61.5989
809 40.6885 61.6575
839 40.8547 61.7214
912 41.0464 61.7952
558 41.254 61.875
291 41.4361 61.9451
576 41.6289 62.0193
281 41.8205 62.093
929 41.9949 62.1602
471 42.2107 62.2432
683 42.4241 62.3253
676 42.6323 62.4054
621 42.825 62.4796
596 43.0157 62.553
163 43.2292 62.6351
137 43.4329 62.7135
743 44.0742 62.9603
855 44.6355 63.1763
225 45.1224 63.3637
513 45.649 63.5663
365 45.9921 63.6984
910 46.4168 63.8618
404 46.9059 64.05
35 47.8423 64.4104
432 48.5885 64.6975
668 48.8851 64.8117
350 48.8851 64.8117
857 48.9411 64.8017
617 48.9939 64.7923
282 49.0446 64.7833
161 49.0932 64.7746
632 49.1402 64.7662
769 49.1868 64.7579
144 49.2292 64.7504
582 49.2845 64.7405
175 49.3285 64.7327
91 49.3864 64.7224
762 49.4391 64.713
533 49.4794 64.7058
986 49.8457 64.6405
101 50.2034 64.5768
188 50.5717 64.5111
597 50.8632 64.4592
453 51.1885 64.4012
968 51.5213 64.3419
791 51.8483 64.2837
498 52.1581 64.2285
732 52.4737 64.1722
964 53.7053 63.9528
907 54.8346 63.7515
793 55.6768 63.6015
625 56.566 63.443
519 57.4733 63.2813
67 59.202 62.9733
847 60.508 62.7406
654 61.9225 62.4885
867 62.2991 62.4214
340 62.6241 62.3635
173 62.9643 62.3029
900 63.3271 62.2382
440 63.3245 62.2198
605 63.3221 62.203
727 63.3197 62.1869
152 63.3172 62.169
583 63.3143 62.1495
941 63.3119 62.1325
238 63.3095 62.1157
650 63.3071 62.099
478 63.3044 62.0807
515 63.3018 62.0622
70 63.299 62.0431
595 63.2966 62.0266
396 63.2938 62.0069
577 63.2913 61.9894
85 63.2889 61.9728
117 63.2867 61.9575
84 63.2846 61.9432
190 63.2825 61.9283
286 63.2802 61.9124
293 63.2781 61.8976
538 63.2759 61.883
810 63.2738 61.868
468 63.2717 61.8536
393 63.2697 61.8396
485 63.2674 61.8235
656 63.2653 61.809
850 63.263 61.7934
647 63.2608 61.7777
420 63.2585 61.7621
68 63.2562 61.7456
767 63.2536 61.7279
852 63.2512 61.7114
262 62.6387 57.4583
186 62.2708 54.9046
670 61.844 51.9421
143 61.8343 51.9371
926 61.8246 51.9321
842 61.8148 51.927
314 61.8051 51.9221
232 61.796 51.9174
357 58.9703 50.4625
377 55.9059 48.8847
594 55.4854 48.6682
43 55.0783 48.4587
69 54.6534 48.2399
644 54.3048 48.0604
606 53.8539 47.8282
180 51.3101 46.5185
848 51.452 46.3126
342 51.5952 46.1047
197 51.7495 45.8809
472 51.889 45.6783
492 52.0361 45.4648
945 52.1843 45.2497
276 52.3456 45.0156
843 52.5078 44.7802
716 52.6805 44.5295
870 52.849 44.2849
63 53.013 44.0468
875 53.178 43.8073
978 53.3416 43.5699
155 53.4879 43.3575
512 53.6702 43.0929
458 53.9545 42.6803
217 54.206 42.3151
828 54.4562 41.952
930 54.6619 41.6534
906 54.8614 41.3639
623 55.0758 41.0527
27 55.3276 40.6872
66 55.5455 40.371
55 55.7832 40.0259
358 55.9458 39.7898
634 56.1025 39.5625
45 56.2619 39.3311
935 56.401 39.1291
355 57.6224 37.356
873 58.8546 35.5672
751 58.8546 35.5672
785 58.8546 35.5672
681 58.8546 35.5672
865 58.8546 35.5672
781 58.8546 35.5672
821 58.8546 35.5672
323 58.8546 35.5672
19 58.6677 34.2145
675 58.4803 32.8586
164 58.1884 30.745
289 57.9725 29.1826
295 58.9829 27.6494
419 59.5074 26.8536
6 60.1017 25.9518
555 60.7373 24.9874
831 62.2275 22.7264
721 65.7228 17.4227
176 66.1879 16.717
777 66.5988 16.0935
103 67.0593 15.3948
504 67.6644 15.6101
24 68.2233 15.809
581 68.7632 16.0011
598 69.4037 16.2291
959 70.036 16.4541
819 70.9193 16.7685
