0,979,260,483,243,345,627,98,274,33,520,590,835,745,195,553,136,323,670,425,977,920,932,884,466,29,609,232,592,385,838,198,242,170,506,684,951,967,387,107,497,372,528,204,660,450,311,25,322,740,685,725,928,889,648,983,473,820,251,813,158,854,135,893,580,149,285,159,823,494,864,742,567,817,992,544,273,177,42,464,775,477,245,202,118,737,12,185,620,845,52,318,666,353,984,259,690,816,112,847,432,801,509,904,315,297,145,861,51,369,931,605,152,575,395,671,18,744,622,481,317,937,229,668,290,71,867,837,818,417,465,900,962,654,340,332,110,201,941,727,173,579,383,83,650,975,942,67,538,485,393,852,68,102,420,515,595,468,293,208,286,583,964,656,396,238,926,70,647,35,791,440,810,334,842,907,767,190,117,850,577,186,793,188,519,606,644,492,978,85,217,478,870,945,848,716,197,66,262,875,681,930,45,357,143,675,43,623,634,314,472,63,452,342,790,917,69,594,692,906,512,566,276,843,194,828,377,458,55,356,586,27,834,869,354,748,221,438,32,549,486,65,824,679,180,862,155,706,723,413,543,989,664,414,687,771,811,37,829,990,797,205,397,938,510,522,891,7,210,49,269,756,545,324,11,151,957,633,783,508,370,147,913,38,908,525,475,302,388,733,788,34,735,329,619,30,809,705,451,922,507,535,603,621,683,137,56,533,778,876,839,765,804,54,127,558,597,264,291,912,461,163,596,101,161,986,855,743,498,91,282,617,715,632,894,523,104,410,471,576,923,216,281,676,109,235,798,732,94,144,540,976,625,453,636,880,378,782,335,134,460,84,762,9,940,832,800,280,851,921,530,406,513,40,887,126,968,987,826,769,270,82,296,319,866,416,561,320,802,563,248,564,857,140,840,582,23,437,179,659,559,156,952,541,536,618,774,313,911,584,62,516,980,856,239,895,532,961,415,367,344,434,754,511,105,882,408,305,449,5,624,896,814,72,569,206,649,763,642,746,172,947,241,974,265,766,638,129,713,343,539,808,562,755,215,294,707,271,230,22,448,181,309,874,614,428,548,139,256,752,877,430,92,165,375,392,253,2,20,36,960,738,28,389,193,292,146,470,394,807,613,53,41,789,333,252,724,971,587,350,80,132,226,501,454,308,954,60,697,591,574,266,689,175,359,878,382,965,327,662,189,484,459,225,779,571,688,720,645,910,404,365,171,929,237,21,390,89,267,604,79,640,552,901,600,903,981,772,349,59,537,411,493,846,956,599,739,601,131,192,524,565,422,196,897,680,526,729,16,888,184,374,361,400,487,757,608,658,275,167,701,482,927,81,635,398,950,557,99,550,730,141,168,113,325,339,796,825,795,124,806,578,872,431,919,306,96,672,223,462,786,120,933,696,73,76,885,651,918,409,631,490,150,418,58,368,249,469,442,859,768,441,611,610,833,231,424,773,247,916,780,44,761,593,753,17,115,491,288,399,456,304,386,695,815,236,15,871,521,227,714,699,953,321,719,750,776,988,615,628,678,433,570,106,568,200,263,982,93,199,827,711,435,868,914,405,380,39,969,213,316,905,426,95,13,183,693,585,444,792,401,973,718,301,712,1,88,244,364,138,169,736,446,892,447,50,946,726,162,886,240,443,944,119,879,551,326,360,31,560,495,637,300,436,556,48,955,547,803,178,759,75,90,728,639,457,203,546,153,657,346,890,860,554,108,830,114,970,502,630,924,220,607,298,207,381,427,14,224,531,130,799,939,589,234,272,255,347,500,277,338,503,445,517,784,479,429,77,717,97,686,376,991,665,948,694,667,371,219,764,966,233,214,527,734,3,747,703,972,174,166,936,849,47,352,841,373,858,279,925,749,303,463,122,157,691,505,100,116,128,805,57,909,423,496,218,708,677,142,949,330,760,336,698,534,148,958,700,489,87,46,403,655,612,391,123,731,758,182,222,652,341,542,770,154,384,86,328,212,663,228,616,863,499,710,476,283,898,10,985,4,125,741,943,299,74,673,268,312,121,78,661,133,902,794,514,187,348,366,702,572,588,899,812,402,331,258,211,963,488,646,412,881,629,254,455,8,674,362,61,722,246,643,602,641,682,836,111,407,363,704,284,709,351,626,669,474,287,439,915,573,307,160,518,934,419,787,822,278,379,653,883,337,26,310,64,529,844,480,467,421,261,853,209,257,191,164,289,19,785,935,751,865,6,355,781,250,777,581,24,959,873,504,358,819,831,295,555,821,176,721,598,103,
value : 496.775 running time : 46.564945
0 80 20
979 84.3161 18.3416
260 86.2684 17.5916
483 86.2684 17.5916
243 86.1151 18.4014
345 85.8741 19.675
627 85.6331 20.9484
98 84.2677 28.1639
274 83.4534 32.4664
33 83.1927 33.8434
520 82.9149 35.3109
590 82.6411 36.7576
835 82.293 38.5968
745 81.9618 40.3465
195 81.6396 42.0488
553 81.3923 43.3552
136 81.3923 43.3552
323 81.3923 43.3552
670 81.3934 44.8897
425 81.3945 46.4518
977 81.3955 47.8442
920 81.3955 47.8442
932 81.3955 47.8442
884 81.3955 47.8442
466 81.3955 47.8442
29 81.3955 47.8442
609 81.3955 47.8442
232 81.3955 47.8442
592 82.1646 51.4164
385 83.7582 58.8071
838 83.7742 58.8816
198 83.7911 58.9598
242 83.8079 59.0383
170 83.8245 59.1153
506 83.8414 59.1938
684 83.8572 59.2675
951 83.8715 59.334
967 83.8865 59.4037
387 83.902 59.4757
107 83.9183 59.5511
497 83.9376 59.6408
372 86.3048 80.1174
528 86.0875 80.4536
204 85.8899 80.7595
660 85.7028 81.049
450 85.476 81.4
311 85.0849 82.0051
25 84.5511 82.8313
322 83.8446 83.9248
740 83.3357 84.7123
685 82.8007 85.5404
725 81.8809 86.9638
928 81.0261 88.2868
889 80.6969 88.2626
648 80.2655 88.2308
983 79.9022 88.2041
473 79.3651 88.1646
820 78.7343 88.1182
251 78.058 88.0685
813 77.8061 88.0499
158 77.5763 88.033
854 77.3587 88.017
135 77.1516 88.0017
893 76.5422 87.9569
580 75.8619 87.9069
149 74.1504 87.6642
285 73.5609 87.5807
159 73.0031 87.5018
823 72.3969 87.4159
494 71.8496 87.3385
864 71.2359 87.2516
742 70.5815 87.1589
567 69.822 87.0513
817 69.1742 86.9596
992 68.5689 86.8739
544 68.0267 86.7971
273 67.4476 86.7151
177 66.8857 86.6356
42 66.3522 86.5601
464 65.8137 86.4838
775 65.281 86.4084
477 64.6708 86.322
245 64.0465 86.2336
202 64.0465 86.2336
118 64.0465 86.2336
737 64.0465 86.2336
12 64.0465 86.2336
185 64.0465 86.2336
620 64.0465 86.2336
845 64.0465 86.2336
52 64.0465 86.2336
318 64.0465 86.2336
666 63.9785 85.8837
353 63.9009 85.4841
984 63.763 84.7747
259 63.6115 83.9957
690 63.4635 83.2345
816 63.2906 82.3452
112 63.1027 81.3794
847 63.1027 81.3794
432 63.1027 81.3794
801 63.1027 81.3794
509 63.1027 81.3794
904 63.1027 81.3794
315 63.1027 81.3794
297 63.1027 81.3794
145 63.1027 81.3794
861 63.1027 81.3794
51 63.6517 80.4699
369 64.2005 79.5607
931 64.7895 78.5848
605 65.4526 77.4863
152 65.9842 76.6055
575 65.9955 76.5867
395 66.0094 76.5637
671 66.0243 76.539
18 66.0391 76.5145
744 66.0541 76.4898
622 66.0667 76.4689
481 66.2344 76.1912
317 66.3906 75.9326
937 66.5659 75.6424
229 66.7352 75.3621
668 66.9509 75.0049
290 67.1392 74.6933
71 67.3158 74.4008
867 67.5052 74.0873
837 67.6722 73.8108
818 67.8333 73.544
417 67.9972 73.2726
465 68.1667 72.992
900 68.4516 72.5203
962 68.6978 72.1127
654 68.9353 71.7195
340 69.1912 71.2958
332 69.4775 70.8217
110 69.0838 70.1397
201 68.7098 69.492
941 68.3384 68.8488
727 68.2022 68.6128
173 68.0602 68.3668
579 67.9321 68.1449
383 67.7917 67.9018
83 67.6416 67.6418
650 67.4103 67.2412
975 67.2061 66.8873
942 66.9625 66.4655
67 66.7666 66.1261
538 66.5565 65.7621
485 66.3784 65.4536
393 66.2412 65.216
852 66.0973 64.9667
68 65.927 64.6718
102 65.7583 64.3795
420 65.6093 64.1214
515 65.4552 63.8546
595 65.3036 63.592
468 65.1394 63.3074
293 64.9944 63.0563
208 64.8634 62.8293
286 64.7168 62.5754
583 64.6018 62.3762
964 64.4771 62.1602
656 64.3589 61.9555
396 64.2295 61.7314
238 64.1214 61.5441
926 64 61.3339
70 63.9752 61.2909
647 63.9527 61.2519
35 63.9274 61.2081
791 63.9037 61.1671
440 63.8807 61.1271
810 63.8551 61.0829
334 63.8312 61.0415
842 63.3237 60.1615
907 63.0175 59.6307
767 62.6896 59.0621
190 62.3574 58.4863
117 62.0153 57.8931
850 61.7235 57.3872
577 61.3657 56.767
186 61.0128 56.1551
793 60.7111 55.632
188 60.403 55.0979
519 60.0904 54.556
606 59.7934 54.0409
644 59.5768 53.6654
492 59.3672 53.3021
978 59.1887 52.9925
85 59.0356 52.7272
217 58.868 52.4365
478 58.7346 52.2052
870 57.3765 49.8506
945 56.7666 48.793
848 56.2718 47.9353
716 55.981 47.4312
197 55.7367 47.0075
66 55.5746 46.7266
262 55.4261 46.469
875 55.2552 46.1727
681 55.0755 45.8612
930 54.9711 45.6802
45 54.8724 45.509
357 54.8724 45.509
143 54.8724 45.509
675 54.5725 45.1733
43 54.2624 44.8261
623 53.9595 44.487
634 53.6027 44.0876
314 53.2764 43.7222
472 52.885 43.2841
63 52.4678 42.817
452 52.0557 42.3557
342 51.6796 41.9347
790 51.2742 41.4809
917 51.0164 41.1922
69 50.8387 40.9932
594 50.6459 40.7774
692 50.4284 40.5338
906 50.3406 40.4355
512 50.248 40.3319
566 50.149 40.221
276 50.0694 40.1319
843 49.9847 40.0371
194 49.8852 39.9257
828 49.792 39.8214
377 49.6964 39.7144
458 49.591 39.5964
55 49.4784 39.4704
356 48.1709 39.3012
586 47.2043 39.1761
27 46.6199 39.1005
834 37.9949 37.9848
869 33.5147 37.4052
354 31.4488 37.138
748 31.4488 37.138
221 31.4488 37.138
438 31.4488 37.138
32 31.4488 37.138
549 31.4488 37.138
486 31.4488 37.138
65 31.4488 37.138
824 31.4497 37.1416
679 31.8032 38.5759
180 32.1722 40.0732
862 32.1722 40.0732
155 32.1722 40.0732
706 31.515 40.3921
723 30.8236 40.7276
413 30.3129 40.9753
543 29.8168 41.216
989 29.3982 41.4191
664 28.781 41.7185
414 28.1913 42.0046
687 27.5911 42.2958
771 26.8758 42.6429
811 26.3869 42.8801
37 25.801 43.1643
829 25.2447 43.4342
990 24.5726 43.7603
797 24.9852 44.3673
205 25.3808 44.9492
397 26.0818 45.9803
938 26.818 47.0632
510 27.5092 48.0799
522 28.0708 48.9061
891 28.1086 48.9618
7 28.1428 49.012
210 29.8624 51.5405
49 29.8624 51.5405
269 29.8624 51.5405
756 29.8624 51.5405
545 29.8624 51.5405
324 29.8624 51.5405
11 29.8624 51.5405
151 29.8624 51.5405
957 29.8373 51.7299
633 29.8182 51.8743
783 29.8 52.0114
508 29.7793 52.1679
370 29.7576 52.3314
147 29.7376 52.4828
913 29.7182 52.6291
38 29.699 52.774
908 29.6764 52.9439
525 29.6549 53.1062
475 29.6322 53.2781
302 29.6074 53.4648
388 29.5814 53.6613
733 29.4676 54.5202
788 29.3871 55.1271
34 29.3181 55.6474
735 29.256 56.1158
329 29.1965 56.565
619 29.1965 56.565
30 29.1965 56.565
809 29.1965 56.565
705 29.1965 56.565
451 29.1965 56.565
922 29.1965 56.565
507 29.1965 56.565
535 29.1965 56.565
603 31.1117 57.7628
621 33.5572 59.2924
683 33.7731 59.4275
137 33.9421 59.5332
56 34.1291 59.6502
533 34.2966 59.7549
778 34.4557 59.8544
876 34.6411 59.9703
839 35.1501 60.2887
765 35.6985 60.6317
804 36.2137 60.9539
54 36.6696 61.239
127 37.1269 61.525
558 37.6388 61.8452
597 38.0491 62.1018
264 38.4236 62.336
291 38.7813 62.5597
912 39.1485 62.7894
461 39.5653 63.0501
163 40.0742 63.3683
596 40.5603 63.6724
101 41.1043 64.0126
161 41.638 64.3464
986 41.9401 64.5354
855 42.1873 64.69
743 42.4205 64.8358
498 42.6432 64.9751
91 42.8839 65.1257
282 42.9842 65.1884
617 43.0804 65.2486
715 43.167 65.3027
632 43.275 65.3703
894 43.275 65.3703
523 43.275 65.3703
104 43.275 65.3703
410 43.275 65.3703
471 43.275 65.3703
576 43.275 65.3703
923 43.275 65.3703
216 43.618 65.6664
281 43.9368 65.9416
676 44.2805 66.2384
109 44.639 66.5479
235 44.9399 66.8076
798 45.2404 67.067
732 45.5384 67.3242
94 45.8714 67.6117
144 46.1513 67.8533
540 46.4396 68.1021
976 46.7424 68.3635
625 47.0711 68.6472
453 48.525 70.8942
636 50.1569 73.4164
880 50.9596 74.6568
378 51.5131 75.512
782 51.5131 75.512
335 51.5131 75.512
134 51.5131 75.512
460 51.5131 75.512
84 51.5131 75.512
762 51.5131 75.512
9 51.3422 75.9144
940 51.1707 76.3182
832 50.9795 76.7685
800 50.7979 77.1962
280 50.6256 77.6019
851 50.4517 78.0113
921 50.4517 78.0113
530 50.4517 78.0113
406 50.4517 78.0113
513 50.4517 78.0113
40 50.4517 78.0112
887 50.4517 78.0112
126 50.4517 78.0112
968 50.4517 78.0112
987 49.7247 78.3165
826 48.2025 78.9559
769 46.5769 79.6386
270 45.0344 80.2875
82 43.2536 81.0354
296 41.4961 81.7737
319 43.4097 82.577
866 46.1794 83.7397
416 46.1794 83.7397
561 46.1794 83.7397
320 46.1794 83.7397
802 46.1794 83.7397
563 46.1794 83.7397
248 46.1794 83.7397
564 46.1794 83.7397
857 46.1794 83.7397
140 46.1794 83.7397
840 46.1795 83.7397
582 46.1795 83.7397
23 48.0992 89.3454
437 48.1325 89.4428
179 48.1679 89.5461
659 48.2064 89.6584
559 48.2548 89.7999
156 48.2944 89.9156
952 48.3316 90.0242
541 48.3692 90.1338
536 48.4013 90.2278
618 48.4373 90.3328
774 48.4733 90.4379
313 48.5101 90.5453
911 48.5489 90.6587
584 48.48 90.6451
62 48.3993 90.629
516 48.3247 90.6142
980 48.2568 90.6008
856 48.1854 90.5866
239 48.0762 90.5649
895 47.9857 90.547
532 47.8604 90.537
961 47.7313 90.5268
415 47.6044 90.5167
367 47.4805 90.5069
344 47.352 90.4967
434 47.1804 90.4831
754 47.0007 90.4688
511 46.8108 90.4537
105 46.6177 90.4384
882 46.442 90.4245
408 46.2365 90.4082
305 46.0314 90.3919
449 45.8342 90.3762
5 45.6582 90.3623
624 45.4884 90.3488
896 45.2895 90.333
814 45.0301 90.3124
72 44.7647 90.2914
569 44.5566 90.2749
206 44.3566 90.259
649 44.1493 90.2426
763 43.9804 90.2292
642 43.8057 90.2153
746 43.6195 90.2005
172 43.3968 90.1829
947 43.2171 90.1686
241 42.9863 90.1503
974 42.7807 90.134
265 42.5899 90.1188
766 42.4107 90.1046
638 42.2187 90.0894
129 42.0737 90.0779
713 41.929 90.0664
343 41.7636 90.0533
539 41.5807 90.0388
808 41.3915 90.0238
562 41.2496 90.0125
755 41.0951 90.0002
215 40.9145 89.9859
294 40.7409 89.9721
707 40.561 89.9578
271 40.3859 89.944
230 40.2215 89.9309
22 40.0614 89.9182
448 39.9068 89.9059
181 39.7511 89.8936
309 39.5883 89.8806
874 39.4295 89.868
614 39.2398 89.853
428 38.2698 90.1019
548 37.5946 90.2752
139 36.9026 90.4528
256 36.253 90.6195
752 35.6028 90.7864
877 34.9628 90.9506
430 34.2297 91.1388
92 34.2297 91.1388
165 34.2297 91.1388
375 34.2297 91.1388
392 34.2074 90.85
253 34.1856 90.5694
2 34.1662 90.3185
20 34.1503 90.1143
36 34.1302 89.8552
960 34.1103 89.5985
738 34.087 89.2979
28 34.0617 88.9706
389 34.0155 88.3747
193 33.8209 85.8522
292 33.8209 85.8522
146 33.8209 85.8522
470 33.8209 85.8522
394 33.8209 85.8522
807 33.8209 85.8522
613 33.8209 85.8522
53 33.8209 85.8522
41 33.2862 82.6835
789 32.8268 79.9591
333 32.5744 78.4605
252 32.3305 77.0125
724 32.0896 75.5824
971 31.8588 74.2122
587 31.7071 73.3116
350 31.5817 72.5667
80 31.4122 71.5601
132 31.234 70.5016
226 31.3002 70.4434
501 31.3616 70.3895
454 31.4218 70.3367
308 31.4882 70.2784
954 31.545 70.2286
60 31.6045 70.1763
697 31.6662 70.1222
591 31.8149 69.9916
574 31.9478 69.875
266 32.083 69.7564
689 32.2426 69.6162
175 32.4036 69.475
359 32.5376 69.3573
878 32.6702 69.2409
382 32.7972 69.1294
965 32.9253 69.017
327 33.0595 68.8992
662 33.2121 68.7653
189 33.3694 68.6272
484 33.7449 68.2976
459 33.5056 67.8886
225 33.2775 67.4991
779 33.0195 67.0582
571 32.1521 65.5764
688 31.1233 63.8188
720 31.1233 63.8188
645 31.1233 63.8188
910 31.1233 63.8188
404 31.1233 63.8188
365 31.1233 63.8188
171 31.1233 63.8188
929 31.1233 63.8188
237 31.1233 63.8188
21 30.7411 63.8807
390 30.3408 63.9456
89 29.9635 64.0066
267 29.5638 64.0714
604 29.1736 64.1346
79 28.788 64.197
640 28.4261 64.2556
552 28.0515 64.3163
901 27.7148 64.3708
600 27.3696 64.4267
903 27.0469 64.4789
981 26.6999 64.5351
772 26.3765 64.5874
349 26.1031 64.6317
59 25.8169 64.678
537 25.529 64.7246
411 25.2333 64.7725
493 24.9652 64.8159
846 24.6461 64.8675
956 24.3306 64.9186
599 24.0334 64.9667
739 23.6944 65.0217
601 23.4083 65.068
131 23.0892 65.1197
192 22.9021 65.15
524 22.7442 65.1755
565 22.5821 65.2017
422 22.5213 65.7441
196 22.4506 66.3753
897 22.3327 67.4256
680 22.2108 68.511
526 22.0889 69.5968
729 21.973 70.6301
16 21.8246 71.9443
888 21.6618 73.3924
184 21.5017 74.8161
374 21.351 76.1575
361 21.351 76.1575
400 21.351 76.1575
487 21.351 76.1575
757 21.351 76.1575
608 21.351 76.1575
658 21.351 76.1575
275 21.351 76.1575
167 21.351 76.1575
701 21.351 76.1576
482 21.351 76.1576
927 21.3644 76.3078
81 21.3778 76.4587
635 21.434 77.0918
398 21.4888 77.7083
950 21.628 79.2761
557 21.836 81.6175
99 21.8513 81.7899
550 21.8696 81.9961
730 21.887 82.1913
141 21.9075 82.4226
168 21.9239 82.6076
113 21.941 82.7991
325 21.9648 83.068
339 21.9859 83.3052
796 22.0083 83.5571
825 22.0327 83.8321
795 22.0574 84.1094
124 22.073 84.285
806 22.0919 84.4983
578 22.1114 84.7172
872 22.131 84.9382
431 22.1797 85.4864
919 22.2345 86.1023
306 22.2975 86.8108
96 22.2975 86.8108
672 22.2975 86.8108
223 22.2975 86.8108
462 22.2795 86.951
786 22.2633 87.0769
120 22.2485 87.1925
933 22.2339 87.3061
696 22.2202 87.4131
73 22.2068 87.5176
76 22.1934 87.6221
885 22.1784 87.7389
651 22.1625 87.863
918 22.1481 87.9746
409 22.1318 88.1023
631 22.118 88.2094
490 22.1107 88.2665
150 22.1018 88.3361
418 22.0934 88.401
58 22.0847 88.4695
368 22.075 88.5451
249 22.0658 88.6163
469 22.0562 88.6916
442 22.0449 88.779
859 22.0343 88.8619
768 22.0227 88.9525
441 22.0129 89.0289
611 22.0037 89.1008
610 22.0037 89.1008
833 22.0037 89.1008
231 22.0037 89.1008
424 21.733 89.1108
773 21.4776 89.1202
247 21.1456 89.1324
916 20.9046 89.1413
780 20.6744 89.1499
44 20.5178 89.1557
761 20.3444 89.1621
593 20.1558 89.1691
753 19.9623 89.1762
17 19.7676 89.1834
115 19.5841 89.1902
491 19.41 89.1966
288 19.2194 89.2037
399 19.0133 89.2113
456 18.8313 89.218
304 18.6158 89.2259
386 18.4351 89.2326
695 18.2662 89.2389
815 18.0753 89.2459
236 17.9105 89.252
15 17.7548 89.2578
871 17.5917 89.2638
521 17.42 89.2702
227 17.1805 89.279
714 16.9363 89.288
699 14.7708 89.3676
953 12.7559 89.4417
321 11.6345 89.4831
719 11.2507 89.4974
750 10.898 89.5105
776 10.5324 89.524
988 9.95973 89.5452
615 9.95935 89.4883
628 9.95905 89.4412
678 9.95879 89.3976
433 9.95847 89.3475
570 9.95847 89.3475
106 9.95847 89.3475
568 9.95847 89.3475
200 9.95847 89.3475
263 9.95847 89.3474
982 9.95847 89.3474
93 9.95847 89.3474
199 9.95847 89.3474
827 9.95847 89.3474
711 9.95847 89.3474
435 9.95847 89.3474
868 9.95847 89.3474
914 9.95847 89.3474
405 9.95847 89.3474
380 9.95847 89.3474
39 9.95847 89.3474
969 9.95847 89.3474
213 9.95847 89.3474
316 9.96792 89.0918
905 9.97698 88.8467
426 9.98488 88.6329
95 9.99149 88.4538
13 9.99788 88.2807
183 10.0057 88.0689
693 10.0139 87.8477
585 10.0219 87.6303
444 10.0311 87.3816
792 10.0393 87.1598
401 10.0469 86.9535
973 10.0541 86.7575
718 10.0629 86.5196
301 10.071 86.3004
712 10.0789 86.0857
1 10.088 85.8409
88 10.0974 85.5859
244 10.1057 85.3608
364 10.1133 85.1551
138 10.1212 84.941
169 10.1308 84.6811
736 10.1396 84.4441
446 10.1482 84.2107
892 10.1576 83.9544
447 10.1665 83.7149
50 10.1764 83.4481
946 10.2772 80.7366
726 10.2825 80.5938
162 10.2873 80.4649
886 10.2914 80.355
240 10.2955 80.244
443 10.3005 80.1113
944 10.3048 79.9961
119 10.3102 79.8505
879 10.3147 79.7303
551 10.3174 79.6571
326 10.3203 79.5799
360 10.3229 79.509
31 10.3257 79.4344
560 10.3286 79.357
495 10.3311 79.2874
637 10.3339 79.2141
300 10.3371 79.1287
436 10.3406 79.0336
556 10.3441 78.9403
48 10.3472 78.8574
955 10.3502 78.7748
547 10.3531 78.699
803 10.3567 78.6009
178 10.3627 78.44
759 10.3683 78.2897
75 10.3739 78.1379
90 10.3797 77.9839
728 10.3857 77.8225
639 10.3914 77.6694
457 10.3964 77.534
203 10.4011 77.4079
546 10.406 77.2742
153 10.4111 77.1366
657 10.419 76.9249
346 10.4257 76.7461
890 10.4318 76.5793
860 10.4384 76.4031
554 10.4444 76.241
108 10.4508 76.0691
830 10.479 75.3093
114 10.5128 74.3963
970 10.5299 73.9362
502 10.5443 73.5476
630 10.5589 73.1521
924 10.5722 72.7957
220 10.5838 72.4809
607 10.5955 72.1641
298 10.6075 71.8422
207 10.6207 71.4866
381 10.6349 71.1018
427 10.6487 70.7298
14 10.6627 70.3531
224 10.6763 69.9865
531 10.6945 69.4977
130 10.7002 69.3416
799 10.7061 69.1842
939 10.7123 69.0177
589 10.7183 68.8543
234 10.7235 68.7137
272 10.7283 68.5863
255 10.7333 68.4493
347 10.7384 68.3122
500 10.7427 68.196
277 10.7478 68.0601
338 10.7527 67.9259
503 10.7576 67.7936
445 10.7628 67.6545
517 10.7682 67.5074
784 10.7735 67.3644
479 10.7779 67.2472
429 10.7832 67.1036
77 10.7889 66.9494
717 10.7943 66.8045
97 10.7995 66.664
686 10.8046 66.5252
376 10.8103 66.3735
991 10.815 66.2448
665 10.8248 65.9807
948 10.8344 65.7212
694 10.8443 65.4532
667 10.8557 65.1463
371 10.869 64.7865
219 10.8822 64.4305
764 10.8962 64.0522
966 10.9086 63.7171
233 10.9993 61.2707
214 11.0162 60.8151
527 11.0305 60.4286
734 11.0419 60.1178
3 11.0565 59.7244
747 11.0725 59.2929
703 11.0889 58.8482
972 11.1069 58.3644
174 11.1239 57.9042
166 11.1373 57.5431
936 11.1515 57.1584
849 11.1644 56.8088
47 11.1774 56.4585
352 11.19 56.1174
841 11.2025 55.7821
373 11.2137 55.4783
858 11.2242 55.1956
279 11.2342 54.9248
925 11.244 54.66
749 11.256 54.3334
303 11.2665 54.051
463 11.2777 53.7491
122 11.2875 53.4841
157 11.2993 53.1649
691 11.309 52.9021
505 11.32 52.6038
100 11.3308 52.3141
116 11.3418 52.0158
128 11.3524 51.7284
805 11.3612 51.4918
57 11.3708 51.2328
909 11.3806 50.968
423 11.3903 50.7053
496 11.3984 50.4852
218 11.4062 50.2747
708 11.4149 50.0394
677 11.4233 49.8125
142 11.4333 49.543
949 11.4436 49.2639
330 11.4529 49.0111
760 11.4529 49.0111
336 11.6201 48.3689
698 11.8135 47.626
534 12.0171 46.8436
148 12.231 46.0218
958 12.4173 45.3057
700 12.5771 44.6916
489 12.7075 44.1906
87 12.893 43.4779
46 13.0301 42.9512
403 13.1597 42.4532
655 13.3079 41.8837
612 13.443 41.3645
391 13.443 41.3645
123 13.3233 41.1203
731 13.2164 40.9022
758 13.1205 40.7067
182 13.0117 40.4847
222 12.8818 40.2197
652 12.7508 39.9523
341 12.6231 39.692
542 12.4893 39.419
770 12.2751 38.982
154 12.0688 38.561
384 11.8294 38.0725
86 11.5887 37.5813
328 11.5887 37.5813
212 11.5887 37.5813
663 11.5887 37.5813
228 11.5887 37.5813
616 11.5887 37.5813
863 11.5887 37.5813
499 11.5887 37.5813
710 11.5631 36.5684
476 11.544 35.8165
283 11.5171 34.7517
898 11.4885 33.6183
10 11.483 33.4015
985 11.4766 33.1504
4 11.4699 32.8868
125 11.4644 32.6695
741 11.4576 32.4023
943 11.4609 32.4408
299 11.4639 32.4771
74 11.4672 32.5159
673 11.4705 32.554
268 11.4743 32.5993
312 11.4785 32.6482
121 11.4785 32.6482
78 11.4785 32.6482
661 11.565 29.6894
133 11.6147 27.9963
902 11.6679 26.1844
794 11.6901 25.429
514 11.7147 24.5925
187 11.8019 21.6115
348 11.8216 20.941
366 11.8398 20.3234
702 11.8555 19.7914
572 11.8727 19.2077
588 11.8943 18.4708
899 11.9146 17.7821
812 11.9809 15.5173
402 11.9809 15.5173
331 11.9809 15.5173
258 11.9809 15.5173
211 12.047 15.5266
963 12.1111 15.5357
488 12.1804 15.5455
646 12.238 15.5537
412 12.3075 15.5635
881 12.3803 15.5738
629 12.4581 15.5848
254 12.5463 15.5973
455 12.6084 15.6061
8 12.6829 15.6167
674 12.7428 15.6252
362 12.8073 15.6343
61 12.8795 15.6445
722 12.9716 15.6576
246 17.0249 16.2308
643 17.7306 16.3306
602 18.3523 16.4184
641 18.3523 16.4184
682 18.3524 16.4184
836 18.3525 16.4184
111 25.5727 17.0554
407 26.3204 17.1217
363 26.6439 17.1504
704 26.9547 17.178
284 27.2207 17.2016
709 27.5156 17.2278
351 27.7996 17.253
626 28.0747 17.2774
669 28.3384 17.3008
474 28.6 17.3241
287 29.692 17.421
439 30.3227 17.477
915 31.0479 17.5413
573 32.2755 17.6502
307 33.4056 17.7505
160 34.7762 17.8721
518 37.3884 16.6991
934 38.3125 19.7163
419 39.0021 21.9695
787 39.1139 22.3347
822 39.2203 22.6825
278 39.3296 23.04
379 39.3918 23.2432
653 39.4493 23.4312
883 39.5105 23.6314
337 39.5752 23.8427
26 39.6412 24.0586
310 39.7074 24.275
64 39.785 24.5287
529 40.6448 27.3338
844 44.7941 29.0014
480 44.7941 29.0014
467 45.1379 28.9301
421 45.4867 28.8577
261 45.8178 28.789
853 46.1641 28.7171
209 46.5761 28.6316
257 46.927 28.5588
191 47.3238 28.4764
164 48.034 28.329
289 48.659 28.1993
19 49.3117 28.0638
785 49.958 27.9297
935 50.5728 27.8021
751 51.5416 27.601
865 52.4574 27.411
6 53.4888 27.1969
355 54.3723 27.0135
781 55.2718 26.8268
250 56.0834 26.6584
777 57.3605 26.3933
581 57.3605 26.3933
24 57.3605 26.3933
959 57.3605 26.3933
873 57.3605 26.3933
504 57.3605 26.3933
358 57.3605 26.3933
819 58.0968 25.5221
831 58.7263 24.7772
295 59.3962 23.9845
555 59.9389 23.3425
821 60.7747 22.3535
176 63.9843 18.5563
721 65.4339 16.8413
598 65.9164 16.2704
103 66.5143 15.5629
