0,721,260,979,243,483,345,627,98,590,520,33,835,466,198,387,838,609,553,932,606,926,143,592,232,920,425,850,136,217,323,675,274,195,29,821,745,644,117,623,844,751,19,634,930,681,355,186,286,377,43,716,492,357,262,342,396,85,793,625,293,597,35,485,810,743,173,605,762,515,282,538,420,647,767,340,238,670,190,68,967,334,941,70,842,102,656,684,67,201,650,110,852,583,951,242,506,884,107,497,170,450,977,311,660,889,685,25,372,893,159,322,928,494,813,854,983,820,135,473,742,465,775,864,937,725,648,580,285,297,273,477,145,383,385,837,204,152,332,290,528,83,740,335,867,18,832,393,900,818,962,744,71,417,727,887,579,109,847,481,317,861,51,315,509,987,800,801,632,975,668,460,654,942,216,453,964,617,161,478,968,907,595,904,440,208,558,84,432,241,252,562,134,826,894,394,140,229,807,575,369,112,782,513,564,226,172,947,415,952,406,416,563,126,895,82,179,986,9,802,921,857,940,582,642,215,814,636,91,755,880,235,769,193,320,671,378,40,931,12,245,259,395,536,856,666,158,149,544,622,620,992,817,251,318,52,42,845,823,737,567,690,177,980,313,816,896,353,185,882,464,746,984,434,118,584,911,624,532,961,5,774,344,202,559,375,808,231,548,319,866,470,206,541,22,763,511,569,613,265,874,448,53,248,659,539,165,530,280,516,62,754,367,408,618,156,23,105,389,72,181,239,713,146,449,851,343,649,305,840,294,437,561,230,490,578,124,2,918,223,21,296,730,171,689,292,537,574,733,971,571,225,788,493,976,189,359,80,270,614,350,308,540,724,410,523,144,56,264,596,501,404,132,510,137,645,365,349,756,601,587,411,957,79,729,591,924,846,327,233,720,640,104,600,604,927,878,526,443,697,806,41,672,872,99,454,950,662,946,184,16,168,76,888,954,58,60,487,608,885,275,651,638,256,773,141,92,795,309,129,73,919,150,707,714,768,227,521,28,752,766,960,738,139,20,786,631,974,877,271,409,712,428,392,288,306,36,695,611,96,456,761,593,15,50,368,441,859,120,249,167,430,696,115,44,253,753,491,871,610,462,568,776,13,933,316,247,424,183,446,658,550,789,418,495,833,431,916,244,88,326,780,333,757,339,266,178,973,153,386,304,693,399,17,442,469,93,364,551,479,325,792,982,944,637,95,628,447,547,138,301,557,711,1,426,678,405,39,914,585,827,803,169,444,969,401,991,240,868,199,236,106,435,718,200,750,380,213,988,298,433,436,75,546,719,203,953,570,892,825,955,736,554,224,263,759,219,374,717,321,255,360,429,556,108,630,300,796,90,728,890,830,905,699,815,48,31,615,14,457,607,667,879,657,119,130,734,760,277,747,665,694,346,427,371,948,338,272,502,886,560,860,398,726,500,635,552,81,329,162,114,192,503,445,772,482,970,517,784,680,113,764,220,701,965,698,527,3,361,400,97,966,686,207,639,381,347,799,939,77,234,166,116,805,972,57,218,909,677,214,708,47,849,531,157,749,303,463,122,128,212,328,758,841,489,330,352,936,958,534,373,312,34,475,703,925,565,279,100,182,739,524,131,542,376,336,196,938,589,691,897,451,59,633,507,735,422,705,10,535,423,476,37,154,949,543,78,655,142,981,384,700,612,205,123,985,710,499,46,341,863,87,616,133,222,663,283,731,990,228,505,125,770,652,794,514,299,74,602,61,963,902,943,836,4,331,402,572,661,187,86,898,258,348,682,722,646,629,455,741,412,362,588,881,366,812,254,488,284,8,674,474,673,211,32,824,121,379,641,702,883,899,64,643,709,246,221,307,915,354,549,439,486,268,111,822,337,626,669,407,704,287,518,351,573,261,363,467,289,934,26,160,191,250,853,834,529,787,811,869,278,862,664,917,679,194,913,49,989,388,687,151,302,619,771,7,829,38,783,11,391,174,65,148,723,397,908,438,748,413,508,876,267,688,147,30,929,269,797,403,324,858,956,496,414,525,545,180,706,237,901,210,89,903,599,910,382,603,778,732,461,839,390,370,779,891,281,923,809,54,163,577,101,765,576,791,621,459,676,291,94,912,683,804,484,175,468,855,498,715,798,188,472,471,843,63,922,533,276,945,522,127,875,519,512,935,594,790,978,566,452,356,586,848,257,692,480,155,197,69,906,828,458,870,209,66,314,358,45,27,781,55,959,555,873,831,6,785,419,865,310,653,164,421,103,777,504,176,581,819,598,24,295,
value : 572.711 running time : 26.497023
0 80 20
721 80.485 17.8189
260 83.2963 17.3013
979 84.1501 17.1441
243 84.972 16.9928
483 85.5663 16.8834
345 85.2003 18.1854
627 84.8545 19.4155
98 82.662 27.2165
590 81.7338 30.2613
520 80.9593 32.8021
33 80.2711 35.06
835 79.2913 38.274
466 78.2849 41.5756
198 77.3784 44.5494
387 77.2348 44.5383
838 77.0802 44.5262
609 76.9013 44.5123
553 76.7462 44.5003
932 76.5964 44.4886
606 76.4257 44.4754
926 76.389 44.4725
143 76.3538 44.4698
592 76.3215 44.4672
232 76.2859 44.4645
920 76.2545 44.462
425 76.2198 44.4593
850 76.1857 44.4567
136 76.1544 44.4543
217 69.2462 43.9176
323 68.9489 43.8946
675 68.6573 43.8719
274 68.4132 43.8529
195 67.7943 43.8048
29 66.7691 43.7252
821 65.4865 43.6256
745 64.9542 43.5842
644 63.6961 43.4864
117 62.4997 43.3935
623 61.2027 43.2927
844 60.0941 43.2066
751 59.5126 43.1614
19 59.5126 43.1614
634 59.412 43.5517
930 59.3108 43.9444
681 59.2106 44.3333
355 59.016 45.0882
186 58.7373 46.1694
286 58.5563 46.8716
377 58.4713 47.2013
43 58.3653 47.6125
716 58.2507 48.0569
492 58.1085 48.6088
357 57.9836 49.0931
262 57.8376 49.6595
342 57.7 50.1935
396 57.7078 50.7545
85 57.7154 51.3029
793 57.723 51.8479
625 57.7304 52.3749
293 57.7367 52.8314
597 57.743 53.2812
35 58.2005 54.0932
485 58.6288 54.8532
810 59.049 55.5989
743 59.4589 56.3263
173 61.3196 57.8305
605 61.4816 57.9614
762 61.8885 57.9096
515 62.3113 57.8558
282 62.7379 57.8015
538 63.4039 57.7168
420 64.0833 57.6303
647 64.6593 57.557
767 65.2907 57.4766
340 65.8627 57.4038
238 67.3373 57.2162
670 70.0345 56.8729
190 70.3704 57.0114
68 70.7236 57.157
967 71.087 57.3068
334 71.4274 57.4471
941 71.7308 57.5722
70 72.0223 57.6923
842 72.3765 57.8383
102 72.865 58.0397
656 73.3763 58.2505
684 73.9105 58.4707
67 74.1544 58.5712
201 75.0876 58.9559
650 75.9254 59.3012
110 77.0378 59.7598
852 78.1838 60.2322
583 79.3475 60.7118
951 81.2352 61.4899
242 82.1021 61.9872
506 82.9937 62.4987
884 83.8207 62.9731
107 84.7129 63.485
497 85.5545 63.9678
170 85.6026 64.8796
450 85.728 67.2561
977 85.8055 68.7249
311 86.0461 73.2851
660 86.1991 76.1848
889 86.3802 79.6173
685 86.3831 79.6722
25 86.3859 79.7263
372 86.3887 79.7799
893 82.4993 85.8583
159 81.9825 86.6662
322 81.4477 87.502
928 80.9072 88.3469
494 80.6234 88.3311
813 80.345 88.3156
854 80.1079 88.3024
983 79.8917 88.2903
820 79.6501 88.2769
135 79.4068 88.2633
473 79.1908 88.2513
742 78.8984 88.2351
465 78.6147 88.2193
775 78.3782 88.2061
864 78.1579 88.1939
937 77.9327 88.1813
725 77.7445 88.1709
648 77.5098 88.1578
580 77.2744 88.1447
285 76.0136 87.6156
297 74.842 87.1238
273 74.1964 86.8529
477 74.2788 86.0312
145 74.5891 82.9368
383 75.0811 78.0222
385 75.0811 78.0222
837 75.0811 78.0222
204 75.0811 78.0222
152 74.5747 77.9423
332 74.2133 77.8852
290 73.7825 77.8173
528 73.439 77.7631
83 72.6646 77.6409
740 71.9736 77.5319
335 66.6885 76.698
867 66.4584 76.6617
18 66.2192 76.6239
832 65.9765 76.5856
393 65.7746 76.5538
900 65.5844 76.5238
818 65.3746 76.4907
962 65.1352 76.4529
744 64.902 76.4161
71 64.6743 76.3802
417 64.4405 76.3433
727 63.9455 76.2652
887 63.4479 76.1867
579 63.1037 76.1324
109 62.5445 76.0442
847 62.1924 75.9886
481 61.8275 75.931
317 61.3757 75.8598
861 60.9192 75.7877
51 61.0491 75.0037
315 61.166 74.2977
509 61.2873 73.5652
987 61.4057 72.8502
800 61.5241 72.1356
801 61.6516 71.3657
632 61.8275 70.3035
975 62.0837 68.7567
668 62.0562 68.4716
460 62.0292 68.1922
654 61.9999 67.8884
942 61.9675 67.5531
216 60.6851 68.3529
453 60.2521 68.623
964 59.8943 68.8461
617 59.5131 69.0839
161 59.166 69.3004
478 58.8323 69.5085
968 58.331 69.8212
907 57.8849 70.0995
595 57.3262 70.4479
904 56.5287 70.9454
440 55.5472 71.5575
208 54.3869 72.2812
558 53.0972 73.0856
84 52.3106 73.855
432 50.274 75.8469
241 47.2951 78.7604
252 46.632 79.4089
562 46.648 79.4656
134 46.6627 79.5174
826 46.6795 79.577
894 46.6951 79.6321
394 46.7124 79.693
140 46.7295 79.7534
229 46.7454 79.8096
807 46.7603 79.8622
575 46.7767 79.9202
369 46.7767 79.9202
112 46.7767 79.9202
782 46.7046 80.2188
513 46.6316 80.5209
564 46.558 80.8255
226 46.4872 81.1188
172 46.4071 81.4504
947 46.9312 81.4604
415 47.3883 81.4692
952 47.8279 81.4775
406 47.8986 81.3767
416 47.9662 81.2802
563 48.0441 81.1691
126 48.1161 81.0663
895 48.188 80.9638
82 48.2567 80.8657
179 48.3296 80.7617
986 48.407 80.6512
9 48.478 80.5499
802 48.5438 80.4559
921 48.6115 80.3593
857 48.6782 80.2642
940 48.739 80.1775
582 48.8099 80.0762
642 48.8744 79.9842
215 48.9393 79.8916
814 49.0039 79.7994
636 49.0743 79.6989
91 49.1465 79.5959
755 49.209 79.5067
880 49.2753 79.4121
235 49.3497 79.3058
769 50.1995 80.0451
193 51.0298 80.7673
320 52.0027 81.6136
671 52.9102 82.403
378 53.8205 83.1949
40 54.5681 83.8452
931 55.3019 84.4835
12 55.9696 85.0643
245 56.6528 85.6586
259 57.4056 86.3134
395 58.1826 86.9893
536 58.9361 87.6448
856 60.1454 88.6968
666 61.0873 89.5161
158 61.0873 89.5161
149 61.0873 89.5161
544 61.0395 89.5226
622 60.9905 89.5293
620 60.9423 89.5359
992 60.8915 89.5429
817 60.8439 89.5494
251 60.7964 89.5559
318 60.7452 89.5629
52 60.6899 89.5705
42 60.6345 89.5781
845 60.5805 89.5855
823 60.526 89.593
737 60.4666 89.6011
567 60.4116 89.6086
690 60.3543 89.6165
177 60.3016 89.6237
980 60.2425 89.6318
313 60.1868 89.6394
816 60.1307 89.6471
896 60.0724 89.6551
353 60.0212 89.6621
185 58.7985 89.8298
882 57.5058 90.0071
464 56.9256 90.0867
746 56.1523 90.1928
984 55.5343 90.2776
434 54.7974 90.3787
118 54.1603 90.466
584 53.4886 90.5582
911 52.7578 90.6584
624 51.9423 90.7703
532 51.129 90.8818
961 50.3686 90.9861
5 49.6483 91.0849
774 49.045 91.1677
344 48.4078 91.2551
202 47.5734 91.3695
559 46.0649 91.5764
375 44.6909 91.7648
808 43.3215 91.9526
231 43.431 91.8948
548 43.5536 91.83
319 43.6854 91.7603
866 43.8016 91.6989
470 43.9137 91.6396
206 44.0465 91.5695
541 44.1781 91.4999
22 44.2918 91.4398
763 44.4208 91.3716
511 44.5475 91.3047
569 44.663 91.2436
613 44.7847 91.1793
265 44.9202 91.1077
874 45.072 91.0275
448 45.2177 90.9504
53 45.3794 90.865
248 45.5537 90.7728
659 45.6889 90.7014
539 45.8175 90.6334
165 45.9552 90.5606
530 46.101 90.4836
280 46.2477 90.406
516 46.2477 90.406
62 46.2477 90.406
754 46.2477 90.406
367 46.2477 90.406
408 46.2477 90.406
618 46.2477 90.406
156 46.2477 90.406
23 46.2477 90.406
105 45.8966 90.0511
389 45.5176 89.6681
72 45.142 89.2885
181 44.8051 88.948
239 44.4386 88.5776
713 44.051 88.1859
146 43.601 87.731
449 43.2222 87.3482
851 42.8305 86.9523
343 42.1882 86.3033
649 41.4772 85.5846
305 40.8821 84.9833
840 40.0492 84.1414
294 39.3125 83.3969
437 38.584 82.6607
561 37.7903 81.8585
230 36.9671 81.0266
490 35.5705 79.6151
578 35.4346 78.8877
124 35.4116 78.6002
2 35.3901 78.3315
918 35.3682 78.0576
223 35.3029 77.2431
21 35.237 76.4202
296 35.1849 75.7693
730 35.1223 74.9877
171 35.0604 74.2148
689 35.0076 73.5566
292 34.9537 72.8827
537 34.8818 71.9852
574 34.8033 71.0058
733 34.7238 70.0126
971 34.7151 69.9041
571 34.7064 69.7956
225 34.6973 69.6828
788 34.6875 69.5599
493 34.6789 69.4521
976 34.6716 69.3614
189 34.6638 69.2642
359 34.6539 69.1405
80 34.6454 69.034
270 34.6368 68.9274
614 34.6279 68.8159
350 34.6183 68.6962
308 34.6084 68.5732
540 34.5995 68.4612
724 34.5896 68.3383
410 34.5791 68.2075
523 34.5695 68.0868
144 34.5599 67.9671
56 34.5488 67.8289
264 34.5378 67.6919
596 33.7991 67.5637
501 33.0387 67.4317
404 32.3744 67.3164
132 31.5766 67.178
510 31.3308 67.1353
137 31.2235 67.1167
645 31.113 67.0975
365 31.0021 67.0783
349 30.8704 67.0554
756 30.7504 67.0346
601 30.6333 67.0142
587 30.5209 66.9947
411 30.4046 66.9745
957 30.3059 66.9574
79 30.2033 66.9396
729 30.1067 66.9228
591 30.0171 66.9072
924 29.9088 66.8884
846 29.8086 66.871
327 29.7123 66.8543
233 29.6104 66.8366
720 29.5853 67.4784
640 29.5605 68.1155
104 29.5313 68.862
600 29.4949 69.7953
604 29.4617 70.6468
927 29.4308 71.438
878 29.3979 72.2806
526 29.3645 73.1351
443 29.3299 74.0239
697 29.2976 74.8513
806 29.2678 75.6132
41 29.2395 76.3372
672 29.2123 77.0359
872 29.2098 77.0999
99 29.2072 77.1651
454 29.2045 77.2356
950 29.2019 77.3031
662 29.199 77.3755
946 29.1963 77.4466
184 29.1933 77.5211
16 29.1906 77.5928
168 29.1878 77.6632
76 29.1848 77.7399
888 29.1821 77.809
954 29.1793 77.8804
58 29.1765 77.9537
60 29.174 78.017
487 29.1716 78.0798
608 29.1689 78.1489
885 29.1662 78.2182
275 29.1644 78.2642
651 28.916 84.6128
638 28.8886 85.3127
256 28.8607 86.0273
773 28.8315 86.7729
141 28.8019 87.5294
92 28.7717 88.3019
795 28.7425 89.0482
309 28.7141 89.775
129 28.7027 90.0674
73 28.6904 90.383
919 28.6787 90.6826
150 28.6646 91.0428
707 28.6509 91.3923
714 28.6369 91.7513
768 28.6244 92.0711
227 28.6129 92.3663
521 29.0611 92.542
28 29.5463 92.732
752 30.0592 92.933
766 30.5138 93.1111
960 30.3109 92.9849
738 30.1231 92.868
139 29.9285 92.747
20 29.706 92.6085
786 29.4902 92.4742
631 29.2842 92.346
974 29.0888 92.2245
877 28.8249 92.0602
271 28.5609 91.896
409 28.2783 91.7201
712 27.989 91.5401
428 27.7549 91.3945
392 27.5234 91.2504
288 27.2503 91.0804
306 27.0217 90.9382
36 26.7793 90.7874
695 26.5292 90.6318
611 26.3126 90.497
96 26.0647 90.3427
456 25.803 90.1799
761 25.5533 90.0245
593 25.3051 89.8701
15 25.0523 89.7127
50 24.8094 89.5617
368 24.5733 89.4147
441 24.3464 89.2735
859 24.111 89.127
120 23.8818 88.9845
249 23.6152 88.8185
167 23.3834 88.6743
430 23.1669 88.5396
696 22.8937 88.3696
115 22.6123 88.1945
44 22.3563 88.0352
253 22.0922 87.8709
753 21.8112 87.696
491 21.5398 87.5272
871 21.0519 87.2236
610 20.5377 86.9036
462 19.8957 86.5042
568 19.2516 86.1034
776 19.2516 86.1034
13 19.2114 85.9092
933 19.1679 85.6995
316 19.1221 85.4791
247 19.0809 85.2803
424 19.0384 85.0756
183 18.9973 84.8773
446 18.9524 84.6608
658 18.9031 84.4234
550 18.8624 84.2269
789 18.822 84.0325
418 18.8174 84.0103
495 18.8126 83.9871
833 18.8075 83.9622
431 18.802 83.9359
916 18.797 83.9115
244 18.7917 83.8859
88 18.7864 83.8605
326 18.7811 83.8349
780 18.7761 83.8111
333 18.7709 83.786
757 18.7659 83.7618
339 18.7606 83.736
266 18.7554 83.7109
178 14.4278 85.4972
973 14.3423 85.5325
153 14.2557 85.5683
386 14.1729 85.6024
304 14.0871 85.6378
693 14.0031 85.6725
399 13.9276 85.7037
17 13.8495 85.7359
442 13.768 85.7695
469 13.6898 85.8018
93 13.6071 85.836
364 13.5229 85.8707
551 13.4517 85.9001
479 13.3787 85.9302
325 12.9968 86.0879
792 12.621 86.2429
982 12.3053 86.3732
944 11.9728 86.5105
637 11.9081 86.5372
95 11.8433 86.5639
628 11.772 86.5933
447 11.7011 86.6226
547 11.6304 86.6517
138 11.5659 86.6783
301 11.4967 86.7069
557 11.4291 86.7348
711 11.3599 86.7634
1 11.2923 86.7913
426 11.2219 86.8203
678 11.1527 86.8488
405 11.0865 86.8762
39 11.0191 86.904
914 10.9537 86.931
585 10.8867 86.9586
827 10.8257 86.9838
803 10.7699 87.0068
169 10.7133 87.0301
444 10.6571 87.0533
969 10.5996 87.0771
401 10.544 87.1
991 10.4907 87.122
240 10.1717 87.3162
868 9.84801 87.5132
199 9.57541 87.6791
236 9.30599 87.8431
106 9.02661 88.0132
435 8.7668 88.1713
718 8.67462 88.2274
200 8.57846 88.286
750 8.48513 88.3428
380 8.48513 88.3428
213 8.48513 88.3428
988 8.48512 88.3428
298 8.90982 84.2471
433 8.94689 83.8901
436 8.97995 83.5716
75 9.0141 83.2426
546 9.04769 82.919
719 9.08016 82.6062
203 9.11487 82.2718
953 9.14727 81.9598
570 9.18727 81.5744
892 9.22534 81.2076
825 9.26503 80.8253
955 9.29917 80.4964
736 9.33363 80.1644
554 9.37106 79.8038
224 9.40821 79.446
263 9.43893 79.1501
759 9.48605 78.6961
219 9.53988 78.1774
374 9.57447 77.8442
717 9.61131 77.4893
321 9.63415 77.2693
255 9.66049 77.0155
360 9.66049 77.0155
429 9.66049 77.0155
556 9.66049 77.0155
108 9.66049 77.0155
630 9.66049 77.0155
300 9.66049 77.0155
796 9.71991 76.8922
90 9.77299 76.7821
728 9.8328 76.658
890 9.89103 76.5371
830 9.95002 76.4147
905 10.0102 76.2899
699 10.0718 76.162
815 10.1913 75.914
48 10.3409 75.6037
31 10.4884 75.2976
615 10.6385 74.9861
14 10.8183 74.6131
457 10.9758 74.2862
607 11.1375 73.9507
667 11.2988 73.616
879 11.4684 73.264
657 11.6189 72.9517
119 11.7873 72.6024
130 11.9501 72.2645
734 12.0929 71.9681
760 12.2426 71.6576
277 12.2848 71.57
747 12.3295 71.4773
665 12.3699 71.3934
694 12.4106 71.309
346 12.4521 71.2229
427 12.4964 71.1309
371 12.5403 71.0398
948 12.5835 70.95
338 12.6279 70.8581
272 12.6723 70.7658
502 12.715 70.6773
886 12.7556 70.5929
560 12.8274 70.444
860 12.905 70.283
398 12.9903 70.106
726 13.0613 69.9587
500 13.1348 69.8063
635 13.2128 69.6443
552 13.2931 69.4778
81 13.3682 69.3219
329 13.4439 69.1648
162 13.5102 69.0272
114 13.5864 68.8691
192 13.6587 68.7191
503 13.725 68.5815
445 13.796 68.4342
772 13.8822 68.2552
482 13.9531 68.1083
970 14.0242 67.9607
517 14.0945 67.8147
784 14.1771 67.6433
680 14.2541 67.4836
113 14.3336 67.3186
764 14.4189 67.1415
220 14.4907 66.9925
701 14.5697 66.8287
965 14.6553 66.651
698 12.7602 62.2273
527 12.2529 62.353
3 12.1084 62.3888
361 11.9675 62.4237
400 10.9716 62.6705
97 9.93731 62.9268
966 8.85288 63.1955
686 8.10309 63.3813
207 7.40733 63.5537
639 7.39885 63.2716
381 7.38202 62.7118
347 7.3636 62.0991
799 7.34651 61.5309
939 7.32826 60.9241
77 7.30921 60.2905
234 7.28779 59.5782
166 7.26548 58.8362
116 7.24473 58.1462
805 7.22969 57.6459
972 7.21519 57.1637
57 7.20019 56.6648
218 7.18687 56.2218
909 7.17272 55.7514
677 7.16099 55.3613
214 7.14819 54.9356
708 7.13524 54.505
47 7.1222 54.0711
849 7.10984 53.6601
531 7.09751 53.2503
157 7.08229 52.7441
749 7.06876 52.294
303 7.05642 51.8835
463 7.04339 51.4505
122 7.0314 51.0517
128 7.01739 50.5858
212 7.0042 50.147
328 6.99181 49.7351
758 7.29613 49.8553
841 7.51757 49.9428
489 7.74107 50.0311
330 7.96426 50.1193
352 8.22676 50.223
936 8.46257 50.3162
958 8.69709 50.4089
534 9.71931 50.8127
373 10.6822 51.1931
312 11.6847 51.5892
34 13.9982 52.5031
475 14.2931 52.6196
703 14.3061 52.7154
925 14.3175 52.7996
565 14.3287 52.8814
279 14.3397 52.9631
100 14.3511 53.047
182 14.3634 53.1375
739 14.3763 53.2322
524 14.3874 53.3138
131 14.3964 53.3805
542 14.4052 53.4453
376 14.4152 53.5193
336 14.419 53.5174
196 14.4225 53.5155
938 14.4261 53.5136
589 14.4294 53.5118
691 14.4332 53.5098
897 14.4369 53.5079
451 14.4406 53.5059
59 14.4443 53.504
633 14.4479 53.5021
507 14.4516 53.5001
735 14.4792 52.9025
422 14.5239 51.9366
705 14.572 50.898
10 14.652 49.1677
535 14.6807 48.548
423 14.6815 48.532
476 14.6822 48.516
37 14.683 48.5
154 14.6837 48.4847
949 14.6844 48.4682
543 14.6852 48.4519
78 14.6852 48.4519
655 14.6852 48.4519
142 14.6852 48.4519
981 14.6852 48.4519
384 13.8443 44.6217
700 13.3183 42.2252
612 12.8758 40.2096
205 12.6707 39.903
123 12.4415 39.5605
985 12.2055 39.2078
710 11.9856 38.8791
499 11.9309 38.7974
46 11.9309 38.7974
341 11.9309 38.7974
863 11.9309 38.7974
87 11.9309 38.7974
616 11.9309 38.7974
133 11.9309 38.7974
222 11.9309 38.7974
663 11.9309 38.7974
283 11.9309 38.7974
731 11.9309 38.7974
990 11.9309 38.7974
228 11.9309 38.7974
505 11.9309 38.7974
125 11.8782 37.8367
770 11.8313 36.9821
652 11.7801 36.0502
794 11.5888 32.5642
514 11.5193 31.2968
299 11.4539 30.1063
74 11.3967 29.0629
602 11.3444 28.1098
61 11.0584 24.257
963 11.0584 24.257
902 11.0584 24.257
943 11.0584 24.257
836 11.0584 24.257
4 11.0584 24.257
331 11.0584 24.257
402 11.0584 24.257
572 11.0584 24.257
661 11.0584 24.257
187 11.0584 24.257
86 11.0584 24.257
898 11.0541 24.0666
258 11.0186 22.4619
348 10.9854 20.9559
682 10.9514 19.4191
722 10.9184 17.9237
646 10.9143 17.7414
629 10.9103 17.5628
455 10.9065 17.3895
741 10.9023 17.2057
412 10.8982 17.0184
362 10.8941 16.8354
588 10.89 16.6543
881 10.8859 16.468
366 10.8819 16.2921
812 10.8777 16.1041
254 10.9202 16.1413
488 10.9584 16.1748
284 14.2206 19.0328
8 14.2206 19.0328
674 14.8458 19.7203
474 15.6617 20.6176
673 16.3488 21.3731
211 17.0519 22.1464
32 21.1657 26.6701
824 22.3793 25.839
121 23.5042 25.0686
379 24.7533 24.2132
641 24.7888 24.1889
702 24.8307 24.1602
883 24.873 24.1313
899 24.9081 24.1072
64 24.9471 24.0805
643 24.9834 24.0556
709 25.0201 24.0305
246 25.0561 24.0058
221 25.0914 23.9817
307 25.1286 23.9562
915 25.1644 23.9317
354 25.201 23.9067
549 25.2377 23.8815
439 25.2758 23.8554
486 25.3117 23.8309
268 25.3468 23.8069
111 28.1442 21.8912
822 29.6016 20.8932
337 30.945 19.9733
626 31.9199 19.3057
669 33.0116 18.5581
407 33.9982 17.8825
704 34.8219 17.3185
287 35.6614 16.7436
518 36.4345 16.2143
351 36.3739 17.233
573 36.3015 18.4504
261 36.2242 19.7521
363 36.1616 20.805
467 36.0667 22.4013
289 35.9952 23.6048
934 35.9397 24.5371
26 35.885 25.4575
160 35.8189 26.5709
191 35.7585 27.5871
250 35.7047 28.4922
853 35.3555 29.6861
834 35.0556 30.7119
529 34.7362 31.8038
787 34.4644 32.7335
811 34.1376 33.851
869 33.8604 34.7989
278 33.5824 35.7496
862 33.2785 36.7887
664 33.0201 37.6725
917 32.7771 38.5035
679 32.5354 39.3297
194 32.2793 40.2058
913 31.9523 40.4692
49 31.6659 40.6998
989 31.3913 40.9211
388 31.0924 41.1618
687 30.8227 41.3791
151 30.5413 41.6057
302 30.2497 41.8406
619 29.9712 42.0649
771 29.679 42.3003
7 29.6424 42.3298
829 29.5995 42.3643
38 29.1614 42.72
783 28.7083 43.0879
11 28.2268 43.4788
391 27.7456 43.8695
174 27.2879 44.2411
65 27.2879 44.2411
148 27.4485 44.6567
723 27.6176 45.0946
397 27.7847 45.5271
908 27.952 45.9602
438 28.1127 46.3762
748 28.2826 46.8158
413 28.4579 47.2696
508 28.6268 47.7068
876 28.8015 48.159
267 28.9748 48.6078
688 29.1118 48.9623
147 29.2544 49.3315
30 29.402 49.7135
929 29.402 49.7135
269 29.402 49.7135
797 29.402 49.7135
403 29.402 49.7135
324 29.402 49.7135
858 29.402 49.7135
956 29.402 49.7135
496 29.402 49.7135
414 29.9238 50.2548
525 30.4711 50.8224
545 31.0881 51.4624
180 31.6901 52.0867
706 32.2018 52.6175
237 32.9147 53.3569
901 33.5597 54.026
210 34.2165 54.7072
89 34.7957 55.3079
903 35.4096 55.9447
599 36.0448 56.4444
910 37.2278 57.3752
382 37.2278 57.3752
603 37.5166 57.5735
778 37.8192 57.7812
732 38.1645 58.0183
461 38.475 58.2314
839 38.7838 58.4434
390 39.1107 58.6679
370 39.6151 59.0142
779 40.1523 59.383
891 40.5415 59.6502
281 41.0685 60.0119
923 41.5628 60.3513
809 42.0099 60.6582
54 42.4949 60.9912
163 43.0034 61.3403
577 43.4818 61.6688
101 43.8566 61.9261
765 44.2345 62.1855
576 44.6367 62.4616
791 45.0694 62.7587
621 45.4281 63.0049
459 45.817 63.272
676 46.2235 63.5511
291 46.6183 63.8221
94 47.0932 64.1481
912 47.3217 61.3569
683 47.3601 61.0894
804 47.3995 60.8145
484 47.4373 60.5513
175 47.4829 60.2336
468 47.5354 59.8675
855 47.5872 59.5061
498 47.6433 59.1149
715 47.6913 58.7809
798 47.8049 57.9884
188 47.9249 57.1519
472 48.0358 56.379
471 48.1236 55.7673
843 48.2283 55.0375
63 48.3274 54.3464
922 48.3783 53.9918
533 48.4631 53.4003
276 48.6309 52.231
945 48.7622 51.3155
522 48.89 50.4248
127 49.018 49.5323
875 49.1963 48.2895
519 49.3458 47.2472
512 49.5193 46.0381
935 49.7185 44.6495
594 49.844 43.7744
790 49.9688 42.9044
978 50.0748 42.1657
566 50.1814 41.423
452 50.3256 40.4177
356 50.4877 39.2875
586 50.7103 37.7355
848 50.7103 37.7355
257 50.7103 37.7355
692 50.7103 37.7355
480 50.7329 37.7141
155 50.8746 37.5802
197 51.0389 37.4248
69 51.1942 37.278
906 51.3624 37.119
828 51.5349 36.9559
458 51.6895 36.8097
870 51.8382 36.6691
209 51.9961 36.5198
66 52.1565 36.3682
314 52.3264 36.2074
358 52.2896 35.777
45 52.2512 35.3287
27 52.0951 33.5048
781 51.9437 31.7362
55 51.7806 29.8306
959 51.6216 27.9734
555 51.3146 27.458
873 51.0096 26.9459
831 50.7272 26.4718
6 50.4107 25.9404
785 50.0462 25.3286
419 49.6553 24.6722
865 49.2959 24.0688
310 48.8563 23.3308
653 48.8563 23.3308
164 48.8563 23.3308
421 48.8563 23.3308
103 64.3872 15.9616
777 65.2886 16.1948
504 66.271 16.4489
176 67.1298 16.671
581 68.0432 16.9073
819 69.0671 17.1722
598 70.4267 17.5238
24 71.8696 17.8971
295 73.6405 18.3552
