0,103,176,777,504,295,721,24,598,819,581,289,653,261,518,626,934,824,307,246,337,883,669,8,254,709,284,822,573,702,704,643,351,64,221,26,363,287,407,111,310,486,641,902,602,439,881,588,455,488,348,674,211,682,741,412,366,258,474,673,812,646,61,629,722,362,187,86,985,943,836,4,331,402,572,268,963,898,899,794,514,299,74,661,121,731,863,87,616,710,125,770,228,341,283,499,123,384,133,463,303,708,166,218,949,47,100,122,328,212,128,565,925,771,214,157,958,174,677,116,330,312,373,534,496,841,700,57,475,723,663,222,652,908,10,535,423,476,37,32,154,46,543,78,655,65,633,397,909,981,691,505,990,749,849,936,352,142,939,192,747,734,277,347,234,77,542,279,758,182,589,897,131,196,698,527,956,858,705,422,772,739,531,805,489,327,411,79,729,972,329,97,482,703,34,507,846,336,601,764,438,524,525,493,756,733,501,645,451,788,545,901,688,957,89,137,913,778,30,603,267,461,180,783,403,388,619,147,391,324,797,938,148,191,876,748,917,205,612,549,915,829,354,811,869,787,160,278,529,834,862,687,38,508,11,679,706,151,664,413,7,379,302,414,989,49,66,945,250,790,566,467,421,164,935,586,356,785,848,197,155,480,692,257,716,209,55,853,781,45,959,906,458,828,870,865,419,6,831,873,555,978,314,675,751,452,69,217,634,342,522,262,472,276,194,63,843,875,623,19,43,930,844,681,355,492,377,27,594,644,606,357,821,358,323,609,232,117,143,670,102,592,70,595,926,396,852,515,440,762,68,282,35,485,810,842,941,190,538,286,186,519,161,85,793,625,293,577,968,907,478,67,743,208,605,668,964,727,229,755,940,632,238,647,921,802,800,986,642,798,484,558,225,617,432,453,94,832,188,596,370,101,498,597,127,779,56,855,235,410,281,171,894,459,134,84,216,175,468,523,791,264,365,621,732,540,912,109,923,839,390,54,163,676,291,683,804,929,715,471,533,512,765,237,210,576,382,269,640,903,922,927,552,349,275,59,809,891,104,510,971,658,479,635,132,587,454,537,735,599,720,167,578,429,886,500,526,950,924,600,81,398,888,965,571,41,550,697,60,789,333,424,916,256,99,431,726,339,244,184,490,608,443,326,88,701,266,892,48,718,168,717,796,433,14,457,607,667,879,119,31,991,233,272,630,114,760,220,130,361,381,207,686,966,400,371,346,503,427,680,784,517,162,445,376,948,970,502,3,338,551,374,219,255,799,113,665,830,694,444,657,298,639,240,178,300,546,570,321,487,263,890,719,759,554,436,825,495,316,203,399,426,944,860,792,108,556,224,560,955,547,557,568,628,446,615,364,405,447,678,199,803,637,953,95,728,75,153,693,236,442,469,93,247,200,90,827,106,969,325,1,905,914,39,169,780,401,695,736,982,585,711,988,380,435,227,868,304,301,753,833,368,213,76,249,815,750,933,651,288,138,50,712,462,610,946,699,973,418,757,360,17,859,115,386,92,954,638,918,773,253,230,150,885,919,428,2,44,20,761,776,73,696,58,631,392,521,96,808,707,231,141,795,120,672,877,28,491,306,593,456,15,36,13,714,430,409,448,611,441,183,72,871,768,786,960,389,807,294,265,309,752,738,613,569,296,649,604,878,574,662,292,730,872,124,16,806,591,189,359,80,270,308,910,144,724,223,21,404,689,350,320,840,215,564,343,563,252,826,140,91,782,513,226,112,582,561,614,976,887,857,126,895,82,179,416,165,241,172,766,449,406,874,394,539,774,5,139,763,22,541,206,470,866,511,437,548,375,559,319,974,271,129,193,659,952,562,530,239,746,713,344,146,181,754,851,305,367,53,248,280,516,62,861,814,880,23,961,532,624,911,584,118,434,202,156,618,408,882,105,636,415,536,947,622,251,185,149,801,395,984,313,464,856,896,737,980,177,273,259,285,245,992,690,12,816,369,353,42,318,52,817,823,158,845,297,854,477,671,9,40,315,567,962,931,335,575,509,987,317,867,818,481,847,71,460,769,975,904,393,385,654,340,579,937,290,152,900,83,18,51,378,837,173,740,744,135,820,544,322,620,928,580,648,893,145,494,813,742,465,775,864,159,725,983,666,417,450,473,685,889,25,372,311,528,204,660,506,170,684,977,107,884,497,332,942,553,650,334,110,583,850,767,201,656,387,420,242,383,198,838,951,967,590,195,29,466,745,932,274,425,136,920,520,835,33,98,979,260,345,483,627,243,
value : 513.796 running time : 43.322588
0 80 20
103 62.2672 15.9754
176 62.2672 15.9754
777 62.2672 15.9754
504 62.2672 15.9754
295 62.2672 15.9754
721 62.2672 15.9754
24 61.2122 16.0287
598 59.9879 16.0904
819 57.9928 16.191
581 54.9849 16.3426
289 49.083 16.6388
653 46.0709 16.7906
261 43.2823 16.9311
518 41.5053 17.0207
626 38.5922 17.1674
934 37.0721 17.2441
824 33.7325 17.4123
307 32.7484 17.4619
246 31.9163 17.5039
337 31.1743 17.5413
883 30.2425 17.5883
669 29.1663 17.6426
8 28.0547 17.6987
254 28.0547 17.6987
709 28.0547 17.6987
284 28.0547 17.6987
822 28.0547 17.6987
573 28.0547 17.6987
702 28.0547 17.6987
704 28.0547 17.6987
643 28.0547 17.6987
351 28.0547 17.6987
64 28.0547 17.6987
221 28.0547 17.6987
26 28.0547 17.6987
363 28.0547 17.6987
287 28.0547 17.6987
407 27.7986 17.8734
111 27.4808 18.0902
310 27.1504 18.3156
486 24.1077 20.3908
641 22.6039 19.7864
902 21.2122 19.2271
602 19.7986 18.659
439 17.7853 17.8499
881 15.5683 16.9594
588 15.0427 16.7481
455 14.5282 16.5413
488 14.2318 16.4221
348 13.9337 16.3023
674 13.6326 16.1813
211 13.345 16.0657
682 13.0571 15.9499
741 12.7922 15.8435
412 12.5081 15.7292
366 12.2481 15.6247
258 11.9809 15.5173
474 11.9809 15.5173
673 11.9809 15.5173
812 11.9809 15.5173
646 11.9503 15.8209
61 11.92 16.1202
629 11.8917 16.4016
722 11.8589 16.7259
362 11.672 18.5785
187 11.4785 20.4964
86 11.0146 25.0974
985 10.9774 25.4669
943 10.9461 25.7771
836 10.9148 26.0869
4 10.8836 26.3957
331 10.8538 26.6916
402 10.8227 26.9993
572 10.7885 27.3385
268 10.7555 27.666
963 10.7226 27.9919
898 10.6876 28.3388
899 10.6567 28.6448
794 10.6178 29.0299
514 10.5797 29.4078
299 10.5439 29.7628
74 10.5056 30.1423
661 10.4671 30.5237
121 10.4208 30.982
731 10.2462 32.7138
863 10.1663 33.5054
87 10.1004 34.1587
616 10.0333 34.8239
710 9.97936 35.3579
125 9.90517 36.0933
770 9.82816 36.8567
228 9.76072 37.525
341 9.69656 38.1609
283 9.65226 38.5999
499 9.60328 39.0854
123 9.55756 39.5385
384 9.51687 39.9417
133 9.47699 40.3369
463 9.26065 42.4816
303 9.09895 44.0843
708 9.00552 45.0103
166 8.96096 45.4521
218 8.93152 45.744
949 8.90624 45.9945
47 8.87769 46.2775
100 8.85019 46.5502
122 8.82359 46.8139
328 8.82359 46.8139
212 8.82359 46.8139
128 8.82359 46.8139
565 8.82359 46.8139
925 8.82359 46.8139
771 9.04139 46.7788
214 9.21656 46.7505
157 9.41252 46.7189
958 9.65679 46.6795
174 9.89594 46.6409
677 10.1113 46.6062
116 10.3097 46.5742
330 10.5693 46.5323
312 10.8422 46.4883
373 11.1304 46.4418
534 11.43 46.3935
496 11.7251 46.3459
841 11.9653 46.3071
700 12.2272 46.2649
57 12.4673 46.2261
475 12.7745 46.1766
723 13.0103 46.1386
663 13.2075 46.1067
222 13.3948 46.0765
652 13.6103 46.0418
908 13.8458 46.0038
10 14.0367 45.973
535 14.2386 45.9404
423 14.2871 45.9326
476 14.3403 45.924
37 14.3944 45.9153
32 14.4405 45.9078
154 14.4821 45.9011
46 14.5315 45.8932
543 14.6012 45.8819
78 14.6012 45.8819
655 14.6012 45.8819
65 14.6012 45.8819
633 14.4767 46.2737
397 14.3695 46.6111
909 13.7911 48.4316
981 13.2427 50.1581
691 13.0891 50.6413
505 12.94 51.1107
990 12.7925 51.5749
749 12.4231 52.7379
849 12.0114 54.0338
936 11.8185 54.6407
352 11.6124 55.2894
142 11.3925 55.9816
939 10.684 58.212
192 10.7938 58.2185
747 10.8987 58.2247
734 11.0008 58.2307
277 11.1156 58.2375
347 11.2339 58.2445
234 11.3658 58.2523
77 11.5049 58.2606
542 11.7078 58.2726
279 11.9102 58.2846
758 12.0879 58.2951
182 12.2452 58.3044
589 12.4107 58.3142
897 12.5903 58.3248
131 12.7341 58.3333
196 12.8856 58.3423
698 13.0411 58.3515
527 13.1787 58.3596
956 13.3674 58.3708
858 13.534 58.3807
705 13.6936 58.3901
422 13.84 58.3988
772 13.9781 58.4069
739 14.1117 58.4148
531 14.2385 58.4223
805 14.3812 58.4308
489 14.5302 58.4396
327 18.1016 58.651
411 18.1016 58.651
79 18.1016 58.651
729 18.1016 58.651
972 18.1016 58.651
329 18.1016 58.651
97 18.1016 58.651
482 18.5931 58.4558
703 19.168 58.2274
34 19.9167 57.93
507 20.6396 57.6428
846 21.307 57.3777
336 21.9926 57.1054
601 22.7628 56.7994
764 23.6506 56.4468
438 24.8033 55.9888
524 24.8033 55.9888
525 24.8978 56.0372
493 25.0148 56.097
756 25.1199 56.1508
733 25.2271 56.2056
501 25.3352 56.2609
645 25.5253 55.9259
451 25.7189 55.5847
788 25.9206 55.2293
545 26.1364 54.849
901 26.3383 54.4931
688 26.5621 54.0988
957 26.7687 53.7348
89 26.9991 53.3286
137 27.2058 52.9643
913 27.4823 52.4771
778 27.7432 52.0173
30 27.9853 51.5907
603 28.4222 50.8207
267 28.8516 50.0639
461 29.468 48.9776
180 29.4954 48.6676
783 29.522 48.3669
403 29.5474 48.0796
388 29.5734 47.7858
619 29.5968 47.521
147 29.6191 47.2688
391 29.6418 47.011
324 29.6654 46.7445
797 29.6928 46.4346
938 29.7196 46.131
148 29.838 44.7917
191 30.362 41.5675
876 30.4645 40.9353
748 30.5908 40.157
917 30.7239 39.3373
205 30.8586 38.5073
612 30.9849 37.7288
549 31.1093 36.9621
915 31.2344 36.1914
829 31.3072 36.2107
354 31.3832 36.2309
811 31.4684 36.2535
869 31.5456 36.2739
787 31.6265 36.2954
160 31.7089 36.3173
278 31.7832 36.3369
529 31.8614 36.3577
834 31.9431 36.3793
862 32.0258 36.4013
687 32.0936 36.4193
38 32.1637 36.4378
508 32.2351 36.4568
11 32.3047 36.4752
679 32.375 36.4939
706 32.4482 36.5133
151 32.5168 36.5315
664 32.5881 36.5504
413 32.6639 36.5705
7 32.7375 36.59
379 32.8087 36.6089
302 32.8815 36.6282
414 34.1935 36.8874
989 35.6155 37.1683
49 36.969 37.4356
66 42.7382 37.8154
945 44.9747 37.9628
250 45.2728 37.8114
790 45.5105 37.6906
566 45.7622 37.5628
467 46.0712 37.4058
421 46.3812 37.2483
164 46.6968 37.088
935 46.8982 36.9857
586 47.1082 36.879
356 47.3287 36.767
785 47.5951 36.6316
848 47.7947 36.5303
197 48.0229 36.4143
155 48.2399 36.3041
480 48.4734 36.1854
692 48.7575 36.0412
257 49.1376 35.8481
716 49.5469 35.6401
209 49.9673 35.4266
55 50.365 35.2245
853 50.6926 35.0581
781 52.6304 34.0739
45 54.0427 33.3565
959 54.7686 32.9877
906 54.6874 33.1689
458 54.6198 33.3196
828 54.5543 33.4658
870 54.4857 33.6189
865 54.4231 33.7586
419 54.3611 33.8968
6 54.1805 34.2997
831 53.9773 34.7531
873 53.7333 35.2974
555 53.4472 35.9356
978 53.1242 36.6563
314 52.8449 37.2793
675 52.527 37.9886
751 52.1721 38.7803
452 51.7377 39.7494
69 51.4202 40.4577
217 51.1413 41.08
634 50.8592 41.7094
342 50.4929 42.5266
522 50.1973 43.186
262 50.5139 43.2014
472 50.8141 43.216
276 51.1281 43.2313
194 51.4481 43.2469
63 51.8221 43.2651
843 52.1895 43.2829
875 52.5787 43.3019
623 52.9567 43.3203
19 53.3073 43.3373
43 53.7109 43.357
930 54.0808 43.3749
844 54.4411 43.3925
681 54.8271 43.4113
355 55.2186 43.4303
492 55.5899 43.4484
377 56.0282 43.4697
27 56.4427 43.4899
594 56.89 43.5117
644 57.3513 43.5341
606 57.7831 43.5552
357 58.1836 43.5747
821 58.576 43.5937
358 60.3484 45.0179
323 63.0269 47.1703
609 64.9456 48.712
232 65.1058 48.8408
117 65.2623 48.9665
143 65.4273 49.0991
670 65.5953 49.2341
102 65.7576 49.3645
592 65.9199 49.4949
70 65.4608 52.1526
595 64.9968 54.8388
926 64.7999 55.9791
396 64.5447 57.4565
852 64.2601 59.104
515 64.0361 59.3182
440 63.8461 59.4997
762 63.6564 59.681
68 63.489 59.8409
282 63.3088 60.0132
35 63.1694 60.1465
485 63.0302 60.2794
810 62.8713 60.4313
842 62.7435 60.5535
941 62.5839 60.7059
190 62.3952 60.8863
538 62.1951 61.0775
286 61.9986 61.2654
186 61.8102 61.4453
519 61.6543 61.5944
161 61.3082 61.9252
85 61.0169 62.2035
793 60.6974 62.5089
625 60.3924 62.8004
293 60.0982 63.0815
577 59.7753 63.3901
968 59.4553 63.6959
907 59.1783 63.9606
478 58.9034 64.2234
67 58.5802 64.5322
743 58.2045 64.8913
208 57.8767 65.2045
605 57.5593 65.5078
668 57.2485 65.8049
964 56.9283 66.1109
727 56.6067 66.4183
229 53.703 69.1933
755 52.733 70.1203
940 52.644 70.2052
632 52.644 70.2052
238 52.644 70.2052
647 52.644 70.2052
921 52.3775 70.3277
802 52.1409 70.4364
800 51.9209 70.5376
986 51.6881 70.6445
642 51.4566 70.7509
798 51.25 70.4436
484 51.0956 70.214
558 50.9385 69.9804
225 50.7889 69.7581
617 50.6504 69.552
432 50.5119 69.3461
453 50.3613 69.1222
94 50.2233 68.9169
832 50.0672 68.6849
188 47.1621 64.3653
596 47.0193 64.2908
370 46.8901 64.2233
101 46.7743 64.1629
498 46.6545 64.1003
597 46.5311 64.0359
127 46.4079 63.9715
779 46.4079 63.9715
56 46.4079 63.9715
855 46.4079 63.9715
235 46.4079 63.9715
410 46.4079 63.9715
281 46.4079 63.9715
171 46.4079 63.9715
894 46.4079 63.9715
459 46.4079 63.9715
134 46.4079 63.9715
84 46.4079 63.9715
216 46.4079 63.9715
175 46.4079 63.9715
468 46.4079 63.9715
523 46.4079 63.9715
791 46.4079 63.9715
264 46.4079 63.9715
365 46.4079 63.9715
621 46.4079 63.9715
732 46.4079 63.9715
540 46.4079 63.9715
912 45.5763 63.3536
109 45.2965 63.1456
923 43.2268 61.6076
839 41.3703 60.228
390 39.9717 59.1887
54 39.9717 59.1887
163 39.9717 59.1887
676 39.9717 59.1887
291 39.9717 59.1887
683 39.9717 59.1887
804 39.9717 59.1887
929 39.9717 59.1887
715 39.9717 59.1887
471 39.9717 59.1887
533 39.9717 59.1887
512 39.9717 59.1887
765 39.5562 59.5602
237 39.1257 59.9451
210 38.6993 60.3264
576 38.2631 60.7164
382 37.8456 61.0897
269 37.8456 61.0897
640 36.5008 62.3734
903 35.3968 63.4273
922 34.532 64.2528
927 33.5198 65.219
552 32.9528 65.7603
349 32.9392 65.7733
275 32.925 65.7869
59 32.914 65.7973
809 32.9029 65.808
891 32.8902 65.8201
104 32.5522 66.1427
510 32.1822 66.4958
971 30.853 67.7644
658 29.6941 68.8705
479 28.977 69.5549
635 28.9238 69.6058
132 28.8714 69.6558
587 28.819 69.7057
454 28.7637 69.7585
537 28.7087 69.811
735 28.6573 69.8601
599 28.2221 70.2754
720 27.771 70.7059
167 27.3097 71.1462
578 27.0508 71.3933
429 26.8107 71.6225
886 26.6099 71.8141
500 26.4629 71.9544
526 26.3963 72.018
950 26.3273 72.0839
924 26.2588 72.1492
600 26.1895 72.2154
81 26.119 72.2826
398 26.0123 72.691
888 25.9006 73.1184
965 25.7965 73.5169
571 25.681 73.9592
41 25.547 74.472
550 25.4296 74.9214
697 25.3143 75.3625
60 25.2052 75.7801
789 25.0983 76.1894
333 24.9847 76.6242
424 24.8694 77.0656
916 24.7728 77.4352
256 24.7728 77.4352
99 24.0452 77.4591
431 23.3494 77.482
726 22.6984 77.5034
339 22.0641 77.5242
244 21.4506 77.5444
184 20.8824 77.563
490 20.3505 77.5805
608 19.7462 77.6004
443 19.1225 77.6209
326 18.4729 77.6422
88 17.8252 77.6635
701 17.201 77.684
266 16.5371 77.7058
892 15.6658 77.7344
48 15.0391 77.755
718 14.4192 77.7754
168 14.1468 75.7325
717 13.8546 73.5414
796 13.832 73.3719
433 13.8078 73.1909
14 13.7803 72.984
457 13.7573 72.8117
607 13.7324 72.6249
667 13.709 72.4495
879 13.8783 72.0617
119 14.0382 71.6956
31 14.1853 71.3588
991 14.4573 70.7358
233 15.7728 67.7234
272 15.3633 68.2175
630 14.9707 68.691
114 14.5797 69.1627
760 14.1739 69.6523
220 13.6851 70.2419
130 13.2079 70.8175
361 12.649 71.4918
381 12.0859 72.1709
207 11.77 72.5521
686 11.616 72.7378
966 11.463 72.9224
400 11.4568 73.0278
371 11.4512 73.1228
346 11.4449 73.2285
503 11.439 73.3279
427 11.4333 73.4238
680 11.4275 73.522
784 11.4219 73.6172
517 11.4155 73.7249
162 11.4089 73.8371
445 11.4028 73.9404
376 11.3968 74.042
948 11.3897 74.1607
970 11.3831 74.2734
502 11.3763 74.3874
3 11.37 74.4937
338 11.363 74.6121
551 11.3557 74.735
374 11.3489 74.85
219 11.3428 74.9544
255 11.3364 75.0611
799 11.3291 75.1848
113 11.307 75.5578
665 11.2869 75.8974
830 11.2642 76.2813
694 11.2439 76.6243
444 11.2189 77.0476
657 11.1991 77.3813
298 11.1784 77.732
639 11.1567 78.0979
240 11.1326 78.505
178 11.1106 78.8768
300 11.0886 79.2487
546 11.0839 79.3277
570 11.0793 79.4061
321 11.0747 79.4827
487 11.0699 79.5638
263 11.0646 79.6534
890 11.0606 79.7219
719 11.0561 79.7981
759 11.052 79.8672
554 11.0478 79.9379
436 11.0434 80.0113
825 11.0392 80.0833
495 11.0346 80.1599
316 11.0303 80.2331
203 11.0263 80.3012
399 11.0221 80.3723
426 11.0181 80.4398
944 11.0141 80.507
860 11.0101 80.5738
792 11.0054 80.6543
108 11.0008 80.7309
556 10.9968 80.7983
224 10.9928 80.8662
560 10.9708 81.2387
955 10.9457 81.6622
547 10.9194 82.106
557 10.8961 82.4992
568 10.874 82.8731
628 10.855 83.1938
446 10.8354 83.5235
615 10.817 83.8344
364 10.7967 84.1777
405 10.7772 84.507
447 10.7679 84.6642
678 10.7586 84.8209
199 10.75 84.9659
803 10.7418 85.1054
637 10.7335 85.2445
953 10.7253 85.3838
95 10.7174 85.5165
728 10.7097 85.646
75 10.7004 85.8032
153 10.6908 85.9651
693 10.6815 86.1228
236 10.6721 86.2815
442 10.6636 86.4247
469 10.6555 86.5616
93 10.6458 86.7253
247 10.6359 86.8928
200 10.6257 87.0647
90 10.6174 87.2058
827 10.6057 87.4037
106 10.5963 87.5612
969 10.5877 87.7063
325 10.5795 87.8445
1 10.57 88.0056
905 10.5607 88.1627
914 10.5505 88.3348
39 10.5407 88.5008
169 10.5323 88.643
780 10.5233 88.7942
401 10.5131 88.9657
695 10.5035 89.1283
736 10.4928 89.3088
982 10.482 89.4919
585 10.4703 89.6887
711 10.4598 89.8657
988 10.4494 90.0419
380 10.469 90.0421
435 10.4895 90.0424
227 10.511 90.0427
868 10.511 90.0427
304 10.511 90.0427
301 10.511 90.0427
753 10.511 90.0427
833 10.511 90.0427
368 10.511 90.0427
213 10.511 90.0427
76 15.3369 89.0602
249 15.5146 89.0241
815 15.6764 88.9911
750 15.8554 88.9547
933 16.4416 88.8354
651 17.0027 88.7212
288 17.4988 88.6202
138 17.9581 88.5267
50 18.5626 88.4037
712 19.1268 88.2889
462 19.7032 88.1715
610 20.3662 88.0366
946 20.907 87.9265
699 21.0966 87.9737
973 21.3226 88.0299
418 21.5539 88.0875
757 21.7752 88.1426
360 21.9853 88.1949
17 22.2142 88.2519
859 22.466 88.3146
115 22.6924 88.3709
386 22.9254 88.4289
92 23.2721 88.5153
954 23.5256 88.5784
638 23.7759 88.6407
918 24.0024 88.6971
773 24.2202 88.7513
253 24.4306 88.8037
230 24.6523 88.8589
150 24.7031 88.8715
885 24.7522 88.8837
919 24.8061 88.8971
428 24.8551 88.9093
2 24.9057 88.9219
44 24.9523 88.9335
20 25.0014 88.9458
761 25.0472 88.9572
776 25.0911 88.9681
73 25.1487 88.9824
696 25.2011 88.9955
58 25.254 89.0086
631 25.318 89.0246
392 25.3795 89.0399
521 25.431 89.0527
96 25.4879 89.0669
808 25.5445 89.081
707 25.5996 89.0947
231 25.6491 89.107
141 25.6977 89.1191
795 25.7477 89.1316
120 25.7965 89.1437
672 25.8463 89.1561
877 25.8985 89.1691
28 25.8985 89.1691
491 25.8985 89.1691
306 25.8985 89.1691
593 25.8985 89.1691
456 25.8985 89.1691
15 25.8985 89.1691
36 26.1239 89.142
13 26.3376 89.1163
714 26.6365 89.0803
430 27.1784 89.0152
409 27.7631 88.9449
448 28.4248 88.8653
611 28.5071 88.8554
441 28.5917 88.8452
183 28.6803 88.8346
72 28.7882 88.8216
871 28.8728 88.8114
768 28.9887 88.7975
786 30.4157 88.6258
960 31.9062 88.4465
389 33.8479 88.2128
807 34.2568 88.1636
294 34.6426 88.1172
265 34.6426 88.1172
309 34.7096 87.901
752 34.7756 87.6876
738 34.8874 87.3267
613 35.0263 86.8782
569 35.2272 86.2292
296 35.7834 84.4332
649 36.3151 82.7158
604 36.7925 81.1742
878 37.13 80.084
574 37.3379 79.4125
662 37.4076 79.1876
292 37.4753 78.9691
730 37.5519 78.7215
872 37.6235 78.4903
124 37.6964 78.2551
16 37.7696 78.0185
806 37.8478 77.7661
591 37.9305 77.499
189 38.0035 77.2632
359 38.0843 77.0023
80 38.2829 77.0499
270 38.4699 77.0947
308 38.6498 77.1378
910 38.9853 77.2182
144 39.3175 77.2978
724 39.63 77.3727
223 39.9429 77.4477
21 40.2787 77.5281
404 40.8491 77.6648
689 41.4443 77.8075
350 42.2777 78.0072
320 43.0686 78.1967
840 43.4118 78.279
215 43.8037 78.3729
564 44.2112 78.4705
343 44.6037 78.5646
563 44.7439 78.5982
252 44.8748 78.6296
826 45.0533 78.6723
140 45.2171 78.7116
91 45.368 78.7478
782 45.5165 78.7834
513 45.651 78.8156
226 45.7824 78.8471
112 45.9504 78.8873
582 45.9054 79.352
561 45.8549 79.8741
614 45.8076 80.3625
976 45.7591 80.8635
887 45.7025 81.4484
857 45.653 81.9597
126 45.5898 82.6125
895 45.5267 83.2635
82 45.4569 83.985
179 45.3812 84.7671
416 45.3013 85.5922
165 45.2232 86.3992
241 45.1674 86.9756
172 45.1058 87.6117
766 45.0422 88.2686
449 45.0053 88.6492
406 44.9717 88.9969
874 44.9291 89.4367
394 44.8985 89.7526
539 44.8653 90.0961
774 44.8289 90.472
5 44.7923 90.85
139 44.7605 91.1781
763 44.7992 91.1724
22 44.8353 91.167
541 44.8752 91.1611
206 44.911 91.1557
470 44.9459 91.1506
866 44.9879 91.1443
511 45.029 91.1382
437 45.0658 91.1327
548 45.103 91.1272
375 45.145 91.1209
559 45.1866 91.1147
319 45.2281 91.1085
974 45.2633 91.1033
271 45.3008 91.0977
129 45.5303 91.0635
193 45.7641 91.0287
659 45.9722 90.9978
952 46.1829 90.9664
562 46.3651 90.9393
530 46.5564 90.9108
239 46.7443 90.8828
746 46.9406 90.8536
713 47.1323 90.825
344 47.3329 90.7952
146 47.4769 90.7737
181 47.6844 90.7428
754 47.9488 90.7035
851 48.1933 90.6671
305 48.4116 90.6346
367 48.6493 90.5992
53 48.8671 90.5667
248 49.1331 90.5271
280 49.4871 90.4744
516 49.7719 90.432
62 50.0766 90.3867
861 50.3823 90.3411
814 50.6487 90.3015
880 50.9515 90.2564
23 51.2379 90.2137
961 51.5223 90.1714
532 51.8236 90.1265
624 52.1487 90.0781
911 52.4808 90.0287
584 52.7788 89.9843
118 53.0597 89.9425
434 53.3322 89.9019
202 53.6287 89.8577
156 53.8914 89.8186
618 54.1831 89.7752
408 54.47 89.7325
882 54.7676 89.6882
105 55.0829 89.6412
636 55.7875 89.5363
415 56.6277 89.4112
536 57.4778 89.2846
947 58.6394 89.1116
622 60.1506 88.8866
251 61.3441 88.7089
185 61.7544 88.6478
149 62.1875 88.5833
801 62.1875 88.5833
395 62.1875 88.5833
984 62.1875 88.5833
313 62.1875 88.5833
464 62.1875 88.5833
856 62.1875 88.5833
896 62.1875 88.5833
737 62.1875 88.5833
980 62.1875 88.5833
177 62.1875 88.5833
273 62.1875 88.5833
259 62.1875 88.5833
285 62.1875 88.5833
245 62.1875 88.5833
992 62.1875 88.5833
690 62.1875 88.5833
12 62.1875 88.5833
816 62.1875 88.5833
369 62.1875 88.5833
353 62.1875 88.5833
42 62.1875 88.5833
318 62.1875 88.5833
52 62.1875 88.5833
817 62.1875 88.5833
823 62.1875 88.5833
158 62.1875 88.5833
845 62.1875 88.5833
297 62.1875 88.5833
854 62.1875 88.5833
477 62.5967 86.8875
671 63.0364 85.065
9 63.3267 83.8624
40 63.4666 83.2825
315 63.7107 82.2712
567 63.8952 81.5068
962 64.1166 80.5895
931 64.1227 80.5641
335 64.1293 80.5371
575 64.1361 80.5085
509 64.144 80.4761
987 64.1511 80.4466
317 64.1578 80.4188
867 64.1657 80.3861
818 64.1657 80.3861
481 64.1657 80.3861
847 64.1657 80.3861
71 64.1657 80.3861
460 64.1657 80.3861
769 64.1657 80.3861
975 66.8896 78.6305
904 66.9961 78.5619
393 67.1056 78.4913
385 70.5762 78.3827
654 70.5762 78.3827
340 70.5762 78.3827
579 70.5867 78.4083
937 70.597 78.4336
290 70.6064 78.4565
152 70.6162 78.4804
900 70.6365 78.5299
83 70.658 78.5824
18 70.6781 78.6312
51 70.6979 78.6795
378 70.7187 78.7303
837 70.7385 78.7786
173 70.7602 78.8314
740 72.04 81.9526
744 73.0048 84.3058
135 74.6522 88.323
820 74.6522 88.323
544 74.6522 88.323
322 74.6522 88.323
620 74.6522 88.323
928 79.7622 89.015
580 79.7622 89.015
648 79.7833 88.9853
893 79.8017 88.9594
145 79.8208 88.9325
494 79.875 88.8561
813 79.9313 88.7768
742 79.9898 88.6944
465 80.0454 88.6161
775 80.1165 88.5159
864 80.184 88.4208
159 80.2534 88.323
725 80.3254 88.2216
983 80.3955 88.1228
666 81.1544 87.0537
417 82.9056 84.5865
450 84.9476 81.7097
473 85.1489 81.426
685 85.3935 81.0815
889 85.6343 80.7421
25 86.027 80.1889
372 86.4331 79.6168
311 86.2633 77.2786
528 86.1053 75.1021
204 85.9699 73.2365
660 85.8172 71.1333
506 85.5243 67.0981
170 85.3978 65.3559
684 85.3654 64.9089
977 85.3333 64.4669
107 85.3023 64.0403
884 85.2788 63.7162
497 85.2603 63.4621
332 83.2275 61.9545
942 78.867 58.7206
553 78.7283 58.6177
650 78.6125 58.5318
334 78.6141 58.2947
110 78.6157 58.0685
583 78.6175 57.7964
850 78.6192 57.545
767 78.6207 57.3135
201 78.6782 57.0152
656 78.7447 56.6699
387 78.8133 56.3137
420 78.8758 55.9889
242 78.9487 55.6103
383 79.016 55.2605
198 79.4007 53.263
838 79.779 51.2984
951 80.1874 49.1772
967 80.6 47.0341
590 81.3064 43.3656
195 81.3508 43.1349
29 81.4013 42.8726
466 81.4531 42.6039
745 81.5071 42.3232
932 81.5569 42.0646
274 81.6209 41.7324
425 81.6776 41.4378
136 81.7423 41.1017
920 81.8929 40.3199
520 82.4542 37.4044
835 82.9167 35.0024
33 83.5885 31.5131
98 84.3528 27.5434
979 86.013 18.918
260 86.2684 17.5916
345 86.2684 17.5916
483 86.2684 17.5916
627 85.7512 17.7903
243 84.9904 18.0825
