0,243,627,483,979,260,777,721,581,176,103,821,295,504,959,598,6,24,831,828,930,751,865,355,250,419,873,164,819,358,43,785,55,421,692,781,555,19,27,883,653,518,363,704,573,287,337,407,351,111,310,709,626,669,284,915,822,641,661,402,254,64,702,902,246,307,474,439,602,488,643,836,133,572,348,963,899,741,366,331,673,362,674,629,722,682,8,211,812,881,61,646,258,187,412,710,4,455,898,74,588,268,299,514,86,794,65,943,749,496,652,228,182,423,616,46,476,10,116,157,328,384,771,222,863,841,330,731,909,499,770,312,128,166,677,691,805,858,373,958,57,956,565,142,990,78,505,87,212,700,123,489,341,214,698,283,758,352,336,663,154,949,760,527,936,174,100,397,451,705,130,981,279,735,59,390,162,275,924,507,113,327,382,132,349,965,502,321,479,825,599,574,717,97,552,846,971,99,726,888,560,374,703,939,991,277,657,114,686,3,398,411,970,298,255,119,81,234,218,422,972,764,524,196,233,897,772,601,77,338,879,500,429,482,371,542,463,531,376,739,925,303,734,192,534,47,122,849,747,708,589,347,131,381,639,667,427,799,517,445,966,784,219,830,694,630,860,457,680,272,400,665,1,693,153,792,736,169,546,570,108,905,224,955,948,433,554,551,503,207,14,607,615,556,325,184,780,944,890,364,360,916,436,914,759,199,982,405,628,48,444,178,803,969,426,75,719,90,346,678,728,447,106,868,718,401,547,203,637,892,815,711,568,304,39,263,300,585,953,200,380,988,213,750,435,699,236,827,183,446,557,301,95,31,240,138,550,368,431,399,17,973,495,247,753,227,50,386,41,16,418,885,44,167,697,695,490,288,761,76,316,933,88,96,306,833,15,409,249,859,610,521,696,786,871,115,441,593,442,776,768,712,808,93,462,714,651,28,491,456,13,960,631,611,430,253,231,120,569,181,265,20,139,752,961,539,146,416,375,877,428,613,974,672,92,73,394,230,271,707,548,954,919,789,141,443,773,256,36,689,168,608,333,424,296,886,361,220,701,537,796,757,58,578,244,469,946,658,487,326,950,840,60,339,730,872,291,523,225,175,80,56,359,540,501,30,241,454,124,591,223,662,252,270,564,878,724,163,617,779,134,582,350,632,802,562,193,659,294,636,248,563,826,513,976,894,144,226,432,126,814,343,782,94,755,319,415,614,408,807,649,806,189,2,406,40,245,642,921,895,874,53,766,206,638,795,309,150,918,320,437,292,561,22,738,129,448,763,172,746,392,530,72,470,754,516,179,305,774,816,215,866,389,82,887,559,449,5,532,952,62,511,618,239,156,23,367,584,911,856,434,737,105,713,541,313,896,567,259,947,536,690,202,980,118,344,624,882,165,620,622,145,813,185,477,854,297,42,12,280,931,273,290,317,775,671,861,140,315,986,880,851,468,229,904,800,68,112,832,769,605,509,940,857,460,335,395,369,9,801,575,847,440,668,385,962,393,987,340,937,18,818,83,648,837,481,742,159,465,378,864,417,654,51,740,318,285,984,494,725,893,353,823,666,71,135,817,177,52,992,464,845,544,251,820,149,580,158,889,983,928,322,25,685,473,311,372,450,977,684,506,497,660,332,204,528,579,900,595,201,744,852,975,647,867,173,152,383,334,67,850,110,767,143,941,583,553,967,425,387,656,485,420,478,293,102,238,519,286,232,282,650,964,762,515,791,743,727,577,538,676,91,109,396,907,793,35,84,810,85,968,208,843,188,923,732,558,798,498,804,625,216,281,597,370,809,127,264,267,756,237,621,161,453,484,855,365,54,235,576,912,404,587,715,171,683,79,901,471,459,410,533,635,266,640,788,903,604,21,493,34,910,929,720,596,957,571,645,104,526,329,927,308,600,922,510,137,733,633,324,729,839,778,913,876,765,688,269,89,461,797,535,938,664,908,414,391,655,37,525,403,205,413,49,706,508,545,302,603,475,438,194,687,11,748,619,891,790,783,522,147,566,917,834,7,787,221,612,278,543,549,480,354,148,723,869,121,486,151,829,529,824,985,125,32,261,160,38,388,26,257,191,467,679,197,379,586,853,209,289,934,811,935,180,210,155,848,512,989,870,63,356,69,276,452,844,101,716,862,342,66,472,945,875,186,262,70,978,357,623,377,681,634,644,926,190,117,942,492,217,842,458,906,606,594,45,670,314,675,466,274,838,951,198,592,170,242,107,884,136,932,835,920,195,323,745,29,609,520,33,345,98,590,
value : 555.069 running time : 27.382646
0 80 20
243 83.774 15.9037
627 84.3401 15.2891
483 84.3401 15.2891
979 82.4813 15.2515
260 80.283 15.2071
777 71.3054 15.0271
721 70.4736 15.0102
581 69.5918 14.9924
176 68.8588 14.9775
103 68.1633 14.9634
821 62.728 21.3263
295 62.2318 21.9074
504 61.7224 22.504
959 61.1353 23.1916
598 60.5696 23.8541
6 59.8931 24.6464
24 59.2991 25.342
831 58.4809 26.3001
828 57.6436 27.2806
930 56.9224 28.1252
751 56.6543 28.4391
865 56.3906 28.7481
355 56.1364 29.0457
250 55.9075 29.3138
419 55.6999 29.5569
873 55.4689 29.8275
164 55.2399 30.0957
819 55.0195 30.3538
358 54.7067 30.7202
43 54.4171 31.0593
785 52.6935 31.0091
55 51.0853 30.9624
421 49.0942 30.9044
692 47.5366 30.8591
781 47.5366 30.8591
555 47.0608 30.2028
19 46.5947 29.5598
27 46.0452 28.8019
883 42.4623 23.8625
653 39.9058 20.3369
518 37.2066 16.6149
363 36.4568 16.659
704 35.8177 16.6966
573 35.218 16.7319
287 34.6294 16.7666
337 33.9997 16.8036
407 33.3301 16.843
351 32.6371 16.8838
111 32.0012 16.9213
310 31.3136 16.9618
709 30.4718 17.0113
626 29.7054 17.0564
669 28.9241 17.1024
284 28.1395 17.1486
915 27.4083 17.1916
822 26.7694 17.2292
641 25.2987 17.3158
661 24.4496 17.3658
402 23.8156 17.4031
254 23.3853 17.4284
64 22.9585 17.4536
702 22.449 17.4836
902 21.9392 17.5136
246 21.4625 17.5416
307 20.9209 17.5735
474 20.1062 17.6215
439 19.3955 17.6633
602 18.6026 17.71
488 17.5645 17.7711
643 16.3749 17.8411
836 14.6704 17.9414
133 12.5723 18.0649
572 12.5063 17.9919
348 12.4357 17.9138
963 12.375 17.8466
899 12.3159 17.7812
741 12.244 17.7018
366 12.1738 17.624
331 12.1107 17.5542
673 12.044 17.4804
362 11.9677 17.396
674 11.8948 17.3154
629 11.8211 17.2339
722 11.7547 17.1603
682 11.7281 17.1309
8 11.7001 17.1
211 11.2126 16.6565
812 10.6964 16.1869
881 10.7021 16.8968
61 10.7092 17.798
646 10.7166 18.7214
258 10.7248 19.7578
187 10.7316 20.6203
412 10.7396 21.6275
710 10.7484 22.7419
4 10.7562 23.7223
455 10.7631 24.5844
898 10.7702 25.4736
74 10.7747 26.0382
588 10.7791 26.5803
268 10.7884 27.7526
299 10.7974 28.8782
514 10.807 30.0998
86 10.8165 31.2945
794 10.8259 32.4742
65 10.8385 34.0661
943 10.8503 35.5602
749 10.8737 38.5765
496 10.8819 39.6085
652 10.8877 40.3365
228 10.893 41.0055
182 10.8986 41.7011
423 10.9027 42.2155
616 10.907 42.7535
46 10.9113 43.2946
476 10.9161 43.8889
10 10.9205 44.4451
116 10.9256 45.081
157 10.9256 45.081
328 10.9256 45.081
384 10.9771 45.1561
771 11.032 45.236
222 11.0765 45.3007
863 11.1189 45.3624
841 11.1651 45.4296
330 11.2068 45.4903
731 11.2556 45.5614
909 11.3036 45.6312
499 11.3467 45.6939
770 11.6023 46.0664
312 11.8569 46.4373
128 12.1104 46.8066
166 12.2925 47.0721
677 12.2925 47.0721
691 12.2925 47.0721
805 12.2925 47.0722
858 12.2925 47.0722
373 12.2926 47.0722
958 12.2926 47.0722
57 12.2926 47.0722
956 12.2926 47.0723
565 12.2926 47.0723
142 12.2927 47.0723
990 12.2927 47.0723
78 12.2927 47.0724
505 12.2927 47.0724
87 12.2927 47.0724
212 12.4381 47.2602
700 12.5971 47.4657
123 12.7574 47.6728
489 12.9242 47.8884
341 13.0948 48.1087
214 13.2674 48.3318
698 13.4443 48.5603
283 13.5884 48.7466
758 13.8651 49.104
352 14.1058 49.4151
336 14.3517 49.7328
663 14.5638 50.0069
154 14.7852 50.293
949 15.0371 50.6184
760 15.2732 50.9236
527 15.3546 50.9556
936 15.55 51.0323
174 15.7522 51.1116
100 15.9353 51.1835
397 16.1688 51.2752
451 16.4521 54.0817
705 16.6221 55.766
130 16.7811 57.3412
981 16.8838 58.3595
279 16.9854 59.3656
735 17.1181 60.6802
59 17.2549 62.0363
390 17.4941 64.4056
162 17.414 64.7977
275 17.3485 65.1184
924 17.286 65.4243
507 17.2272 65.7125
113 17.1498 66.0914
327 17.0883 66.3924
382 17.0293 66.6814
132 16.9526 67.0567
349 16.878 67.4219
965 16.7924 67.8411
502 16.7003 68.292
321 16.6081 68.7432
479 16.6081 68.7432
825 16.6081 68.7432
599 16.6081 68.7432
574 16.6081 68.7432
717 15.5752 68.332
97 15.4105 68.2664
552 15.2618 68.2072
846 15.0968 68.1415
971 14.9321 68.0759
99 14.7548 68.0054
726 14.5592 67.9275
888 14.3545 67.846
560 14.077 67.7355
374 13.5182 67.5131
703 12.9913 67.3033
939 12.4967 67.1064
991 12.4161 67.0743
277 12.3487 67.0475
657 12.2842 67.0218
114 12.2229 66.9974
686 12.1527 66.9694
3 12.0931 66.9457
398 12.0353 66.9227
411 11.9706 66.8969
970 11.8907 66.8651
298 11.8106 66.8332
255 11.6957 66.2198
119 11.5917 65.6649
81 11.4775 65.0551
234 11.3496 64.3725
218 11.2393 63.7837
422 11.1628 63.3754
972 11.1011 63.0462
764 11.0472 62.7586
524 10.9931 62.47
196 10.9318 62.1428
233 10.8747 61.8381
897 10.8747 61.8381
772 10.8747 61.8381
601 10.8747 61.8381
77 10.8747 61.8381
338 10.8747 61.8381
879 10.8747 61.8381
500 10.8747 61.8381
429 10.8614 61.7903
482 10.7258 61.3021
371 10.584 60.7913
542 10.419 60.1973
463 10.2983 59.7625
531 10.2979 59.8
376 10.2976 59.836
739 10.2972 59.8683
925 10.297 59.8968
303 10.2967 59.9275
734 10.2963 59.9657
192 10.296 59.9963
534 10.2958 60.0216
47 10.2934 60.2653
122 10.2908 60.5329
849 10.2874 60.8837
747 10.2808 61.5615
708 10.2748 62.1845
589 10.266 63.0932
347 10.2573 63.9886
131 10.2481 64.9426
381 10.239 65.8767
639 10.2307 66.7299
667 10.2244 67.3849
427 10.2185 67.997
799 10.2128 68.5878
517 10.2068 69.201
445 10.2008 69.8207
966 10.1951 70.4168
784 10.1891 71.0352
219 10.182 71.7625
830 10.1746 72.5312
694 10.1697 73.0402
630 10.1646 73.569
860 10.1587 74.1727
457 10.1532 74.7374
680 10.1481 75.2658
272 10.1426 75.8411
400 10.136 76.5244
665 10.1292 77.2208
1 10.1204 78.1297
693 10.1189 78.2783
153 10.1187 78.306
792 10.1184 78.3319
736 10.1182 78.3581
169 10.1179 78.3825
546 10.1177 78.406
570 10.1175 78.4302
108 10.1172 78.4555
905 10.117 78.4774
224 10.1168 78.4977
955 10.1166 78.5217
948 10.1164 78.5431
433 10.1161 78.5695
554 10.1159 78.5948
551 10.1157 78.618
503 10.1154 78.6402
207 10.1152 78.6638
14 10.115 78.6882
607 10.1121 78.9864
615 10.1085 79.358
556 10.1053 79.6816
325 10.102 80.0247
184 10.0989 80.3381
780 10.0956 80.6748
944 10.0923 81.0156
890 10.0891 81.3502
364 10.0855 81.7157
360 10.0826 82.0116
916 10.0795 82.3348
436 10.0765 82.6469
914 10.0731 82.9917
759 10.0703 83.2791
199 10.0671 83.6066
982 10.0644 83.8888
405 10.0615 84.1809
628 10.0603 84.3079
48 10.059 84.4405
444 10.0576 84.5864
178 10.0562 84.7318
803 10.0546 84.8956
969 10.0531 85.0464
426 10.0519 85.1735
75 10.0506 85.3104
719 10.0491 85.4596
90 10.0478 85.5983
346 10.0464 85.7437
678 10.0444 85.9455
728 10.0429 86.0961
447 10.0409 86.3066
106 10.039 86.5013
868 10.0373 86.6669
718 10.036 86.8021
401 10.0346 86.9489
547 10.0332 87.0983
203 10.0318 87.2417
637 10.0301 87.4086
892 10.0286 87.5651
815 10.0269 87.7425
711 10.025 87.9365
568 10.0234 88.0994
304 10.0218 88.261
39 10.0202 88.4249
263 10.0188 88.5731
300 10.0172 88.7316
585 10.0155 88.9138
953 10.0138 89.0789
200 10.0121 89.2582
380 10.0104 89.4309
988 10.0088 89.5925
213 10.0479 89.5908
750 10.3839 89.5766
435 10.6731 89.5643
699 10.975 89.5516
236 11.2674 89.5392
827 11.55 89.5273
183 11.8849 89.5131
446 12.1399 89.5023
557 12.4164 89.4906
301 12.6744 89.4797
95 12.9662 89.4674
31 13.248 89.4554
240 13.5362 89.4433
138 15.1043 89.3769
550 16.9388 89.2992
368 17.2947 89.2841
431 17.6185 89.2705
399 17.9046 89.2584
17 18.2288 89.2447
973 18.5468 89.2312
495 18.8919 89.2166
247 19.2344 89.2021
753 19.646 89.1847
227 20.0309 89.1684
50 20.4228 89.1518
386 20.7929 89.1362
41 21.2844 89.1154
16 21.7138 89.0972
418 21.7138 89.0972
885 21.7138 89.0972
44 21.7138 89.0972
167 21.7138 89.0972
697 21.7138 89.0972
695 21.7138 89.0972
490 21.7138 89.0972
288 21.7138 89.0972
761 21.7138 89.0972
76 21.7138 89.0972
316 21.7138 89.0972
933 21.9043 89.1427
88 22.0976 89.1888
96 22.3197 89.2418
306 22.4939 89.2834
833 22.6579 89.3226
15 22.8264 89.3628
409 23.0169 89.4083
249 23.1849 89.4483
859 23.3735 89.4934
610 23.5552 89.5367
521 23.724 89.577
696 23.8974 89.6184
786 24.0699 89.6596
871 24.2094 89.6929
115 24.3583 89.7284
441 24.5285 89.7691
593 24.6891 89.8074
442 24.8407 89.8436
776 25.0309 89.889
768 25.2396 89.9388
712 25.426 89.9833
808 25.6443 90.0354
93 25.7947 90.0713
462 26.0207 90.1252
714 26.3074 90.1937
651 26.5839 90.2596
28 26.8693 90.3278
491 27.1191 90.3874
456 27.3818 90.4501
13 27.6548 90.5153
960 28.5725 90.7343
631 29.2658 90.8998
611 29.9609 91.0657
430 30.643 91.2285
253 31.4124 91.4122
231 32.301 91.6243
120 33.1478 91.8264
569 34.1162 92.0576
181 34.9099 92.247
265 35.5852 92.4082
20 36.1823 92.5507
139 37.0231 92.7514
752 37.8228 92.9423
961 38.6505 93.1399
539 38.2957 92.718
146 37.9628 92.3221
416 37.6581 91.9598
375 37.3752 91.6233
877 36.9893 91.1645
428 36.6051 90.7076
613 36.3261 90.3757
974 36.0051 89.994
672 35.5488 89.4514
92 35.1568 88.9852
73 34.7711 88.5266
394 34.4171 88.1056
230 34.0538 87.6736
271 33.6714 87.2188
707 33.2436 86.7101
548 32.7488 86.1217
954 32.1083 85.36
919 31.6322 84.7938
789 31.1009 84.1621
141 30.9703 84.0067
443 30.813 83.8198
773 30.813 83.8198
256 30.813 83.8198
36 30.813 83.8198
689 29.9706 82.5541
168 29.1371 81.3019
608 28.8721 80.9039
333 28.6184 80.523
424 28.3714 80.1519
296 28.1146 79.7663
886 27.8223 79.3272
361 27.5444 78.9098
220 27.4857 78.8216
701 27.4285 78.7357
537 27.3757 78.6564
796 27.3179 78.5696
757 27.4617 78.4652
58 27.597 78.3669
578 27.7521 78.2542
244 27.8957 78.1499
469 28.0932 78.0064
946 28.3302 77.8342
658 28.5671 77.6621
487 28.7894 77.5006
326 29.0562 77.3068
950 29.3831 77.0693
840 29.7181 76.8259
60 29.981 76.635
339 30.2407 76.4463
730 31.2559 75.7088
872 32.2744 74.9689
291 33.4479 74.1163
523 34.1238 73.6254
225 34.633 73.2554
175 35.0896 72.9237
80 35.4932 72.6304
56 35.8912 72.3413
359 36.251 72.0799
540 36.6219 71.8104
501 36.9802 71.5501
30 37.3936 71.2498
241 40.5226 72.9808
454 40.6769 73.0661
124 40.8833 73.1803
591 41.0983 73.2993
223 41.3509 73.439
662 41.6466 73.6025
252 41.9517 73.7713
270 42.2659 73.9452
564 42.5852 74.1218
878 42.8458 74.2659
724 43.1754 74.4483
163 43.5058 74.6311
617 43.8773 74.8366
779 43.8838 74.8509
134 43.8908 74.8663
582 43.8982 74.8825
350 43.9048 74.897
632 43.9118 74.9125
802 43.9188 74.9278
562 43.9255 74.9426
193 43.9323 74.9575
659 43.9388 74.9718
294 43.9448 74.9852
636 43.9512 74.9992
248 43.9571 75.0121
563 43.963 75.0252
826 43.969 75.0383
513 43.9745 75.0506
976 43.9802 75.0631
894 43.9862 75.0762
144 43.9926 75.0903
226 43.9992 75.1049
432 44.0066 75.1212
126 43.7235 76.7945
814 43.456 78.3754
343 43.314 79.2152
782 43.2633 79.5144
94 43.2032 79.8699
755 43.1265 80.3232
319 43.0473 80.7912
415 42.9737 81.2259
614 42.9114 81.5946
408 42.8355 82.0433
807 42.7764 82.3923
649 42.7141 82.7606
806 42.6497 83.1409
189 42.5847 83.5255
2 42.5153 83.9353
406 42.4534 84.3015
40 42.3865 84.6967
245 42.3865 84.6967
642 42.3865 84.6967
921 42.3865 84.6967
895 42.1562 85.7189
874 41.6794 87.8347
53 41.6794 87.8347
766 41.6794 87.8347
206 41.6794 87.8347
638 41.6794 87.8347
795 41.6794 87.8347
309 41.6794 87.8347
150 41.6794 87.8347
918 41.8612 87.8359
320 42.1012 87.8374
437 42.2808 87.8386
292 42.4625 87.8398
561 42.6463 87.8409
22 42.8081 87.842
738 42.9869 87.8431
129 43.1916 87.8445
448 43.385 87.8457
763 43.5995 87.8471
172 43.7943 87.8483
746 44.0148 87.8497
392 44.1956 87.8509
530 44.4192 87.8523
72 44.6005 87.8535
470 44.8226 87.8549
754 45.3966 87.8586
516 45.8109 87.8613
179 46.2131 87.8639
305 46.5704 87.8662
774 46.9621 87.8687
816 47.3347 87.8711
215 47.4691 87.8719
866 47.624 87.8729
389 47.7932 87.874
82 47.9829 87.8752
887 48.1764 87.8765
559 48.3172 87.8774
449 48.4853 87.8784
5 48.6835 87.8797
532 49.1936 87.883
952 49.7104 87.8863
62 50.1664 87.8893
511 50.6024 87.8921
618 51.048 87.895
239 51.4472 87.8975
156 51.9216 87.9006
23 52.4428 87.904
367 52.4832 87.9042
584 52.5233 87.9045
911 52.5604 87.9048
856 52.5949 87.905
434 52.6275 87.9052
737 52.6615 87.9054
105 52.6914 87.9056
713 52.7254 87.9059
541 52.7638 87.9061
313 52.8462 87.9067
896 52.9272 87.9072
567 53.0074 87.9077
259 53.0752 87.9082
947 53.1442 87.9086
536 53.2177 87.9091
690 53.3012 87.9097
202 53.3818 87.9102
980 53.4575 87.9107
118 53.5349 87.9112
344 53.6104 87.9117
624 53.6105 87.9117
882 53.6105 87.9117
165 53.9254 87.8949
620 60.5776 87.5389
622 60.9999 87.5164
145 61.4274 87.4935
813 61.8571 87.4705
185 62.1713 87.4537
477 62.4841 87.437
854 62.8146 87.4193
297 62.4548 86.6112
42 62.1107 85.8386
12 61.6946 84.9042
280 61.3196 84.0619
931 61.0054 83.3564
273 60.6911 82.6506
290 60.0907 81.3022
317 60.0907 81.3022
775 60.0907 81.3022
671 59.8389 80.819
861 59.6193 80.3977
140 59.3971 79.9714
315 59.1619 79.52
986 58.9422 79.0984
880 58.9422 79.0984
851 58.9422 79.0984
468 60.8651 74.8798
229 60.8666 74.8766
904 60.8682 74.8729
800 60.8698 74.8696
68 60.8715 74.8658
112 60.8118 75.0371
832 60.755 75.2002
769 60.7009 75.3555
605 60.651 75.4985
509 60.5948 75.66
940 60.531 75.843
857 60.8667 75.8994
460 61.2661 75.9666
335 61.6303 76.0278
395 62.0232 76.0939
369 62.3759 76.1532
9 62.7471 76.2156
801 63.1567 76.2845
575 63.5494 76.3505
847 63.9471 76.4174
440 64.3525 76.4855
668 65.6433 76.7027
385 69.6277 77.3737
962 69.6277 77.3737
393 69.6277 77.3737
987 69.7064 77.6218
340 69.8059 77.9355
937 69.9823 78.4915
18 70.1324 78.9646
818 70.2771 79.4209
83 70.4208 79.8738
648 70.5691 80.3412
837 70.6698 80.6587
481 70.7955 81.0551
742 70.9265 81.4679
159 71.037 81.8163
465 71.135 82.1253
378 71.232 82.4311
864 71.3426 82.7798
417 71.4409 83.0896
654 71.5368 83.3919
51 71.7656 84.113
740 72.1175 85.2223
318 72.4726 86.3416
285 72.687 87.0175
984 72.8806 87.6278
494 72.9332 87.7795
725 72.9842 87.9269
893 73.0391 88.0851
353 73.0894 88.2305
823 73.1382 88.3712
666 73.1871 88.5125
71 73.2344 88.6492
135 73.2975 88.8311
817 73.2975 88.8311
177 73.2975 88.8311
52 73.2975 88.8311
992 73.2975 88.8311
464 73.5926 88.8209
845 73.9725 88.8077
544 74.3532 88.7945
251 74.7784 88.7797
820 75.2492 88.7634
149 75.6261 88.7503
580 76.4181 88.7229
158 77.7502 88.6767
889 79.7142 88.6085
983 80.075 88.596
928 80.4696 88.5823
322 82.0927 86.0869
25 84.1335 82.9493
685 84.6953 82.0852
473 85.2231 81.2735
311 85.9703 80.1244
372 86.5446 79.2413
450 86.7345 73.561
977 86.8928 68.8301
684 86.934 67.6032
506 86.9664 66.6411
497 86.9927 65.8579
660 86.4951 65.8389
332 84.914 65.7783
204 83.4793 65.7234
528 81.3555 65.6418
579 78.9344 65.5487
900 77.1846 65.4816
595 75.6067 65.4211
201 75.0114 65.3983
744 74.3552 65.3733
852 73.8596 64.7272
975 73.3858 64.1096
647 72.8509 63.4124
867 72.567 63.0422
173 72.2571 62.6382
152 71.9728 62.2675
383 71.6724 61.876
334 71.3015 61.3925
67 70.9305 60.9088
850 70.5634 60.4302
110 70.231 59.997
767 69.8149 59.4546
143 69.4398 58.9655
941 69.3085 58.7944
583 69.1642 58.6063
553 69.0164 58.4136
967 68.8822 58.2387
425 68.7392 58.0522
387 68.6164 57.8921
656 68.3357 57.5263
485 68.039 57.1394
420 67.7638 56.7807
478 67.4667 56.3935
293 67.1453 55.9745
102 66.8415 55.5785
238 66.5482 55.1962
519 66.1578 54.6874
286 66.1578 54.6874
232 66.1578 54.6874
282 63.3511 58.6649
650 62.9905 59.1762
964 62.6395 59.674
762 62.3147 60.1345
515 62.0155 60.5586
791 61.7276 60.9669
743 61.4626 61.3426
727 61.3438 61.5111
577 58.3947 61.4805
538 55.9493 61.4551
676 53.3042 61.4277
91 51.8177 61.4122
109 51.6171 61.3928
396 51.4199 61.3737
907 51.1964 61.352
793 50.9091 61.3242
35 50.6441 61.2986
84 50.3658 61.2717
810 50.0927 61.2452
85 49.7986 61.2168
968 49.4847 61.1864
208 49.179 61.1568
843 48.7281 61.1132
188 48.3182 61.0736
923 47.8354 61.0269
732 47.364 60.9813
558 46.9628 60.9425
798 46.5673 60.9042
498 46.1443 60.8633
804 45.715 60.8218
625 45.3476 60.7862
216 44.7216 60.7257
281 44.0185 60.6577
597 43.3335 60.5914
370 42.6079 60.5213
809 41.9475 60.4574
127 41.3359 60.3983
264 40.7454 60.3411
267 40.0602 60.2749
756 39.5832 60.2288
237 39.9211 60.428
621 40.2897 60.6455
161 40.6371 60.8504
453 40.6371 60.8504
484 40.321 60.9386
855 40.005 61.0269
365 39.4593 61.1792
54 39.0002 61.3074
235 38.5698 61.4275
576 37.8588 61.626
912 37.0911 61.8403
404 36.3658 62.0428
587 35.6492 62.2428
715 35.2759 62.347
171 34.8601 62.4631
683 34.4309 62.5829
79 33.909 62.7286
901 33.5134 62.839
471 33.1941 62.9282
459 32.7574 63.0501
410 32.2603 63.1889
533 31.4243 63.4223
635 30.2669 63.7453
266 30.267 63.7367
640 30.2671 63.7264
788 30.2672 63.7176
903 30.2673 63.7095
604 30.2674 63.7014
21 30.2675 63.6915
493 30.2676 63.6815
34 30.2677 63.6729
910 30.2679 63.6642
929 30.268 63.6548
720 30.2681 63.6472
596 30.2682 63.6388
957 30.2683 63.6307
571 30.2684 63.623
645 30.2685 63.6142
104 30.2686 63.6059
526 30.2687 63.5992
329 30.2688 63.5911
927 30.2689 63.5829
308 30.269 63.5736
600 30.2691 63.5652
922 30.284 62.3571
510 30.2951 61.4632
137 30.3043 60.7115
733 30.3146 59.8781
633 30.3264 58.9241
324 30.3346 58.2619
729 30.3419 57.67
839 30.3501 57.0043
778 30.3594 56.2537
913 30.3676 55.592
876 30.3746 55.0254
765 30.3803 54.5574
688 30.3918 53.6283
269 30.4028 52.7382
89 30.4131 51.902
461 30.4244 50.9856
797 30.4363 50.0253
535 30.4428 49.4991
938 30.4485 49.0326
664 30.4563 48.4033
908 30.4623 47.9158
414 30.4689 47.3821
391 30.4747 46.9151
655 30.4814 46.3723
37 30.4872 45.9037
525 30.4928 45.4487
403 30.4987 44.9673
205 30.5051 44.4546
413 30.5051 44.4546
49 30.5051 44.4546
706 30.5051 44.4546
508 30.5051 44.4546
545 30.5051 44.4546
302 30.5051 44.4546
603 30.5051 44.4546
475 30.5051 44.4546
438 30.5051 44.4546
194 30.5051 44.4546
687 30.4378 44.2713
11 30.3764 44.1042
748 30.3206 43.9525
619 30.2672 43.807
891 30.2148 43.6643
790 30.1487 43.4842
783 30.0894 43.3229
522 30.034 43.172
147 29.8094 42.5604
566 29.4952 41.7051
917 29.0673 40.5398
834 28.1677 38.0909
7 28.0303 38.024
787 27.8817 37.9517
221 27.7465 37.8859
612 27.6286 37.8285
278 27.523 37.7771
543 27.4154 37.7248
549 27.3016 37.6693
480 27.2008 37.6203
354 26.6188 37.337
148 26.184 37.1253
723 25.8173 36.9468
869 25.4451 36.7657
121 25.0486 36.5727
486 24.6982 36.4022
151 24.3597 36.2374
829 23.9511 36.0385
529 23.6002 35.8677
824 23.1537 35.6504
985 22.7049 35.432
125 24.1871 35.0885
32 26.2464 34.6112
261 32.1327 33.2466
160 32.6651 33.1232
38 33.1155 33.0188
388 33.8879 32.8398
26 36.3717 32.264
257 36.8922 32.6875
191 37.3344 33.0473
467 37.7747 33.4054
679 38.2368 33.7814
197 38.75 34.1989
379 39.0314 34.4277
586 39.385 34.7154
853 39.7437 35.0073
209 40.099 35.2963
289 40.4023 35.5431
934 40.7124 35.7953
811 41.1198 36.1267
935 43.9684 38.4444
180 46.7511 40.7083
210 48.7628 42.345
155 48.991 42.4834
848 49.2258 42.626
512 49.4503 42.7622
989 49.6721 42.8968
870 50.0034 43.0979
63 50.2987 43.2771
356 50.5617 43.4367
69 50.8881 43.6348
276 51.197 43.8223
452 51.498 44.005
844 51.8414 44.2133
101 52.1967 44.429
716 52.2402 44.4363
862 52.2809 44.4431
342 52.6978 44.5132
66 53.1479 44.5889
472 53.5681 44.6595
945 54.026 44.7364
875 54.5435 44.8234
186 55.0382 44.9066
262 55.5462 44.992
70 56.092 45.0837
978 56.4377 45.1418
357 56.8061 45.2037
623 57.1246 45.2572
377 57.4488 45.3117
681 57.7787 45.3671
634 58.6523 45.514
644 59.5432 45.6638
926 60.3858 45.8054
190 61.0971 45.925
117 61.5053 45.9936
942 61.9074 46.0611
492 61.9074 46.0611
217 61.9872 46.0645
842 62.0731 46.0681
458 62.143 46.0711
906 62.2263 46.0746
606 63.3096 46.1204
594 64.299 46.1622
45 65.611 46.2176
670 67.1065 46.2807
314 68.3574 46.3335
675 69.9665 46.4015
466 72.8117 46.5212
274 75.6464 46.6406
838 77.848 46.7334
951 79.2731 46.7936
198 80.3016 46.8371
592 81.1808 46.8743
170 82.2314 46.9187
242 82.3164 46.9223
107 82.4019 46.9259
884 82.332 46.3252
136 82.2476 45.5984
932 82.1537 44.79
835 82.0421 43.8297
920 81.9437 42.9829
195 81.8191 41.9098
323 81.6791 40.7047
745 81.7931 39.6591
29 81.9052 38.6309
609 82.0691 37.128
520 82.3922 34.1638
33 82.7838 30.5721
345 83.3443 25.4294
98 83.3443 25.4294
590 82.8668 24.6545
