0,979,260,243,483,581,103,24,598,176,504,295,777,721,250,419,831,55,873,209,555,870,377,785,45,819,959,19,6,164,781,644,634,458,355,323,821,43,751,930,675,27,358,314,606,421,906,844,262,681,828,197,875,945,519,594,85,716,217,276,862,865,66,917,978,472,512,623,63,492,101,715,923,104,779,216,453,235,410,282,225,793,188,468,281,843,180,264,127,596,912,461,498,743,921,597,968,577,798,855,857,625,800,564,84,513,112,804,986,82,563,134,802,940,614,294,895,350,404,484,894,724,649,215,683,558,523,144,755,840,540,807,659,270,638,789,252,60,965,189,806,919,526,454,226,645,248,591,929,976,765,459,621,21,54,175,291,809,163,676,910,493,80,574,370,89,365,576,720,30,533,308,56,359,788,267,137,981,957,59,422,403,705,233,901,38,956,451,174,735,496,679,388,797,655,535,612,688,510,475,603,142,545,938,698,476,619,778,723,663,633,758,87,391,909,731,222,228,37,687,11,7,913,508,269,566,908,891,692,237,302,324,756,413,543,876,525,471,732,848,935,989,356,69,342,452,210,922,748,438,664,397,191,706,151,783,49,414,549,869,278,147,522,194,155,853,790,829,65,32,125,221,257,586,883,379,811,529,160,467,480,486,834,626,289,26,518,310,337,653,934,822,573,111,261,669,64,704,351,407,287,787,643,363,439,709,899,915,354,121,284,307,902,246,702,205,588,474,133,254,824,488,674,366,8,646,722,881,412,812,211,682,362,455,348,61,629,187,741,673,572,331,268,514,794,963,898,86,985,46,602,661,641,74,78,700,384,4,258,958,402,299,943,710,836,990,283,10,212,499,863,312,328,148,616,123,708,116,749,841,128,652,423,303,218,214,527,330,505,100,463,534,770,47,565,771,373,336,805,352,972,936,341,849,157,122,166,677,760,192,279,489,154,858,691,57,34,182,949,542,531,277,14,589,630,482,196,119,130,879,376,747,925,219,371,347,524,726,587,429,507,729,839,640,599,924,327,764,275,601,697,600,772,411,946,888,171,382,571,897,689,733,79,390,903,296,658,872,266,662,635,878,730,954,604,41,223,424,418,244,124,431,132,99,560,333,400,329,114,500,796,971,184,503,16,552,501,479,220,927,846,537,502,272,339,168,487,950,349,162,860,321,346,131,338,398,374,948,701,825,326,361,81,739,97,680,970,784,703,427,298,939,734,694,991,639,657,234,966,381,207,224,607,799,3,665,445,255,686,77,667,517,717,546,554,443,695,916,495,93,399,551,803,890,325,95,815,240,263,444,199,178,736,113,914,728,457,892,433,556,780,108,886,955,557,446,301,138,637,247,693,830,944,718,547,719,570,792,585,213,169,988,75,90,31,203,759,868,615,426,447,905,153,678,442,401,39,364,827,982,750,88,753,436,13,316,236,368,699,304,568,106,711,1,462,712,386,953,435,969,628,405,300,36,871,227,200,973,380,521,48,578,73,141,288,773,859,885,50,20,491,933,456,776,115,696,593,833,183,651,714,430,786,808,611,92,610,672,409,28,960,120,631,918,306,441,17,15,44,271,768,231,469,167,249,2,757,761,150,96,253,58,76,608,490,360,550,146,539,241,22,795,470,139,548,752,428,172,874,256,319,974,375,613,449,265,389,5,62,766,707,738,763,416,156,559,230,448,437,53,866,569,394,877,181,72,541,516,23,713,952,511,532,746,536,305,624,165,961,140,12,239,392,309,343,406,129,561,206,814,980,292,94,313,880,179,245,826,335,193,280,896,530,415,320,887,671,91,408,636,782,378,632,460,562,861,126,769,432,947,297,582,395,832,575,642,904,229,837,845,417,813,71,481,83,465,801,42,911,434,882,584,285,344,105,177,273,992,774,477,259,737,40,118,816,851,618,202,817,856,251,149,318,544,984,823,185,464,52,353,754,622,690,145,854,18,367,369,567,317,620,666,983,473,494,135,580,893,158,928,820,372,450,685,322,660,25,528,889,204,311,385,937,648,775,740,159,725,742,864,383,744,51,900,290,975,962,650,332,684,201,478,68,656,583,420,102,393,67,867,110,818,340,847,440,238,579,509,931,605,654,727,595,617,9,810,315,762,109,668,987,161,791,35,852,173,152,286,208,647,396,485,515,538,907,293,357,70,186,964,117,190,926,466,609,29,670,232,842,387,745,932,920,553,334,425,195,592,198,967,143,942,850,941,767,107,506,136,884,497,242,977,838,951,170,274,98,835,520,627,345,590,33,
value : 509.067 running time : 38.113566
0 80 20
979 82.2994 16.6367
260 83.1461 15.3983
243 83.5846 14.7568
483 83.8241 14.4065
581 72.6993 14.429
103 69.2009 14.4357
24 68.7067 15.2705
598 68.2759 15.998
176 67.8843 16.6594
504 67.4821 17.3386
295 67.0981 17.9872
777 66.7379 18.5957
721 66.3809 19.1986
250 59.5256 30.7704
419 59.5256 30.7704
831 59.4706 31.1341
55 59.4147 31.5036
873 59.3573 31.8832
209 59.2959 32.2888
555 59.2322 32.7099
870 59.1676 33.1371
377 59.1472 33.2722
785 59.1271 33.4053
45 59.1066 33.5406
819 59.0864 33.6745
959 59.0636 33.825
19 59.0385 33.9916
6 59.0131 34.1591
164 58.9875 34.3288
781 58.9032 34.8856
644 58.8192 35.4411
634 58.8079 35.5155
458 58.7967 35.5896
355 58.7855 35.6639
323 58.7742 35.7387
821 58.4126 36.1588
43 57.9893 36.6508
751 57.6077 37.0942
930 57.2081 37.5586
675 56.8315 37.9962
27 56.4435 38.4471
358 56.0115 38.9491
314 55.5346 39.5033
606 54.9696 40.1598
421 54.2064 41.0467
906 54.1263 41.207
844 54.0441 41.3716
262 53.9621 41.5357
681 53.8723 41.7156
828 53.7886 41.8831
197 53.711 42.0385
875 53.632 42.1966
945 53.554 42.3527
519 53.4724 42.5161
594 53.3897 42.6817
85 53.3147 42.8318
716 53.1339 42.7097
217 52.9382 42.5775
276 52.7563 42.4546
862 52.5766 42.3333
865 52.5766 42.3333
66 51.8758 43.9022
917 51.0969 45.6459
978 50.6984 46.8415
472 50.2714 48.1229
512 49.8393 49.4198
623 49.3984 50.7429
63 48.9369 52.1277
492 48.3604 53.8576
101 47.7264 55.7597
715 47.0958 57.6521
923 47.0217 57.8747
104 46.9492 58.0924
779 46.8848 58.2858
216 46.825 58.4655
453 46.7668 58.6402
235 46.7118 58.8056
410 46.6591 58.9637
282 46.6079 59.1177
225 46.5575 59.269
793 46.5575 59.269
188 46.5575 59.269
468 46.5575 59.269
281 46.5575 59.269
843 46.5575 59.269
180 46.5575 59.269
264 46.4788 59.8527
127 46.3971 60.4594
596 46.3068 61.1293
912 46.2363 61.652
461 46.1626 62.199
498 46.0284 63.195
743 45.8804 64.2936
921 45.7295 65.4132
597 45.7144 65.525
968 45.6986 65.6421
577 45.6827 65.7597
798 45.6628 65.9076
855 45.6424 66.0582
857 45.6222 66.2081
625 45.6033 66.348
800 44.9935 70.8813
564 44.9444 70.9248
84 44.9002 70.9639
513 44.8332 71.0232
112 44.7691 71.0799
804 44.695 71.1455
986 44.6213 71.2108
82 44.5448 71.2785
563 44.4739 71.3412
134 44.4035 71.4035
802 44.3333 71.4656
940 44.2615 71.5292
614 44.1194 71.575
294 43.9925 71.6159
895 43.8694 71.6555
350 43.7373 71.6981
404 43.6077 71.7398
484 43.4862 71.779
894 43.359 71.82
724 43.2282 71.8621
649 43.1034 71.9023
215 42.9915 71.9383
683 42.8873 71.9719
558 42.7805 72.0063
523 42.665 72.0435
144 42.5503 72.0805
755 42.4362 72.1172
840 42.3184 72.1552
540 42.21 72.1901
807 42.1012 72.2251
659 41.9954 72.2593
270 38.5234 73.1418
638 35.5013 73.91
789 35.4582 73.8653
252 35.4208 73.8264
60 35.382 73.7862
965 35.3421 73.7447
189 35.311 73.7123
806 35.2772 73.6773
919 35.2424 73.6411
526 35.2011 73.5982
454 35.2897 73.5562
226 35.3813 73.5128
645 35.4688 73.4713
248 35.5593 73.4285
591 35.16 70.5353
929 34.7736 67.7363
976 34.6621 66.9288
765 34.4141 65.1324
459 34.1873 63.4893
621 33.9299 61.6251
21 33.9087 61.5978
54 33.8876 61.5708
175 33.8664 61.5436
291 33.8452 61.5163
809 33.8239 61.489
163 33.8025 61.4614
676 33.7809 61.4338
910 33.7581 61.4045
493 33.7351 61.3749
80 33.7121 61.3454
574 33.6863 61.3122
370 33.4078 60.954
89 33.1254 60.5906
365 32.8106 60.1858
576 32.5092 59.7981
720 32.2058 59.4078
30 31.8897 59.0012
533 31.565 58.5835
308 31.2244 58.1453
56 30.8834 57.7067
359 30.502 57.216
788 30.1175 56.7213
267 29.712 56.1996
137 29.2834 55.6481
981 28.879 55.1279
957 28.4391 54.5619
59 28.0301 54.0355
422 27.6207 53.5089
403 27.2057 52.9748
705 26.7478 52.3858
233 26.3096 51.822
901 25.87 51.2564
38 25.4578 50.7261
956 24.9978 50.1342
451 24.5442 49.5506
174 24.113 48.9957
735 23.6188 48.3598
496 23.192 47.8106
679 22.686 47.1595
388 22.686 47.1595
797 22.6859 47.1594
655 22.6859 47.1594
535 22.6859 47.1594
612 22.6859 47.1593
688 22.6858 47.1593
510 22.6858 47.1593
475 22.6858 47.1593
603 22.6858 47.1592
142 22.6858 47.1592
545 22.6858 47.1592
938 22.6857 47.1592
698 22.6857 47.1591
476 22.6857 47.1591
619 22.6857 47.1591
778 22.6857 47.1591
723 22.186 46.5379
663 21.5292 45.7212
633 20.6751 44.6592
758 20.084 43.9243
87 19.6847 43.4279
391 19.6847 43.4279
909 19.6847 43.4279
731 19.9955 43.5551
222 20.5307 43.774
228 21.6257 44.222
37 23.0776 44.8159
687 24.5296 45.4099
11 25.7484 45.9085
7 26.9442 46.3977
913 27.7707 46.7359
508 28.5613 47.0593
269 29.3274 47.3728
566 30.0561 47.6709
908 30.6117 47.8983
891 31.2057 48.1413
692 31.7752 48.3743
237 32.1331 48.5208
302 32.4695 48.6585
324 32.8098 48.7978
756 33.1868 48.952
413 33.5778 49.112
543 33.9806 49.2769
876 34.4214 49.4573
525 34.8702 49.6409
471 35.3602 49.8414
732 35.7012 49.981
848 36.0653 47.2304
935 36.3988 44.7106
989 36.3988 44.7106
356 36.3988 44.7106
69 36.3988 44.7106
342 36.3313 44.5977
452 36.2564 44.4722
210 36.1809 44.3459
922 36.0975 44.2064
748 35.8748 43.8335
438 35.6564 43.468
664 35.4625 43.1434
397 35.2814 42.8403
191 35.1135 42.5594
706 34.9659 42.3122
151 34.819 42.0665
783 34.6766 41.8281
49 34.533 41.5877
414 34.3797 41.3311
549 34.2287 41.0783
869 34.1125 40.884
278 34.0139 40.7189
147 33.9256 40.5712
522 33.8153 40.3866
194 33.6569 40.1215
155 33.4051 39.7
853 32.8317 38.74
790 32.2318 37.7355
829 31.4774 36.4725
65 31.0114 35.6923
32 30.7968 35.3331
125 30.634 35.0606
221 30.9906 34.0434
257 31.3577 32.9962
586 31.6838 32.066
883 31.9848 31.2074
379 32.0944 30.895
811 32.2056 30.5779
529 32.3143 30.268
160 32.4222 29.9605
467 32.532 29.6476
480 32.6442 29.3277
486 33.0991 28.0298
834 33.5893 26.6313
626 34.081 25.2282
289 34.5889 23.7792
26 35.1066 19.6987
518 35.6133 15.705
310 35.3788 15.8352
337 35.1403 15.9675
653 34.8975 16.1023
934 34.6372 16.2468
822 34.2514 16.4609
573 33.8654 16.675
111 33.4803 16.8888
261 33.0919 17.1043
669 32.6862 17.3294
64 32.2857 17.5516
704 31.8773 17.7782
351 31.4648 18.0072
407 31.0346 18.2459
287 30.5644 18.5068
787 29.9424 18.8519
643 29.3381 19.1872
363 28.7275 19.526
439 28.08 19.8852
709 27.4281 20.2469
899 26.8012 20.5948
915 26.202 20.9272
354 25.6286 21.2454
121 25.0789 21.5504
284 24.6215 21.8042
307 24.1716 22.0538
902 23.7236 22.3024
246 23.27 22.5541
702 22.8156 22.8063
205 22.3612 23.0584
588 19.9059 22.0537
474 18.169 21.3428
133 16.4765 20.6501
254 16.4765 20.6501
824 16.4765 20.6501
488 11.8572 16.7368
674 11.7498 16.6458
366 11.6455 16.5573
8 11.5388 16.467
646 11.4176 16.3643
722 11.3014 16.2658
881 11.2079 16.1866
412 11.1192 16.1115
812 11.0269 16.0332
211 11.0408 16.4572
682 11.0553 16.8948
362 11.07 17.3419
455 11.0848 17.7907
348 11.0978 18.1847
61 11.1111 18.5873
629 11.1255 19.0223
187 11.1535 19.8727
741 11.189 20.9476
673 11.2249 22.0343
572 11.2585 23.0517
331 11.2884 23.9581
268 11.319 24.8872
514 11.3471 25.7391
794 11.3682 26.3784
963 11.3886 26.995
898 11.4109 27.6704
86 11.4298 28.2442
985 11.4458 28.7293
46 11.4604 29.1738
602 11.4605 29.1738
661 11.4838 30.123
641 11.5058 31.0155
74 11.5274 31.8922
78 11.5467 32.6777
700 11.5503 32.8194
384 11.5539 32.9635
4 11.5576 33.1136
258 11.5613 33.2613
958 11.5653 33.4224
402 11.5697 33.599
299 11.585 34.2177
943 11.6015 34.8844
710 11.6188 35.5858
836 11.6364 36.2974
990 11.654 37.0106
283 11.6735 37.8036
10 11.6932 38.6014
212 11.7129 39.3982
499 11.733 40.2133
863 11.7504 40.9171
312 11.7675 41.61
328 11.7849 42.3175
148 11.8178 43.656
616 11.8496 44.9504
123 11.8794 46.1666
708 11.9061 47.2523
116 11.9345 48.4092
749 11.9346 48.4145
841 11.9348 48.4199
128 11.9349 48.4253
652 11.935 48.4307
423 11.9352 48.4361
303 11.9353 48.4424
218 11.9355 48.4483
214 11.9356 48.4539
527 11.9357 48.4592
330 11.9358 48.4642
505 11.9431 48.7653
100 11.9507 49.0758
463 11.9587 49.4062
534 11.9665 49.7287
770 11.9744 50.0542
47 11.9813 50.3404
565 11.9887 50.6437
771 11.9971 50.988
373 12.0046 51.3011
336 12.0119 51.6
805 12.0198 51.9249
352 12.0276 52.2478
972 12.0352 52.5612
936 12.0434 52.9004
341 12.0516 53.2363
849 12.0593 53.5545
157 12.0672 53.8814
122 12.0769 54.276
166 12.091 54.4092
677 12.1051 54.5425
760 12.1192 54.6748
192 12.1335 54.8105
279 12.1489 54.9558
489 12.1641 55.0992
154 12.1788 55.2378
858 12.193 55.372
691 12.2071 55.5057
57 12.2222 55.6477
34 12.2366 55.7837
182 12.251 55.9198
949 12.265 56.0527
542 12.3966 57.2853
531 12.4905 58.1655
277 12.5741 58.949
14 12.7079 60.2032
589 12.7079 60.2032
630 12.7079 60.2032
482 12.7079 60.2032
196 12.7079 60.2032
119 12.7079 60.2032
130 12.7079 60.2032
879 12.7079 60.2032
376 12.7079 60.2032
747 12.7079 60.2032
925 12.7079 60.2032
219 12.7079 60.2033
371 12.7079 60.2033
347 12.9984 60.3674
524 16.2019 62.1746
726 18.5126 63.4782
587 19.8836 64.2521
429 21.3019 65.0526
507 22.745 65.8672
729 24.1337 66.6511
839 25.504 67.4245
640 25.504 67.4245
599 25.504 67.4245
924 25.504 67.4245
327 25.504 67.4245
764 25.504 67.4245
275 25.7122 67.6155
601 25.9244 67.8101
697 26.144 68.0116
600 26.2609 68.1188
772 26.3774 68.2258
411 26.5548 68.3884
946 26.7453 68.5632
888 26.9337 68.736
171 27.1214 68.9082
382 26.9238 69.0987
571 26.7121 69.3027
897 26.4968 69.5103
689 26.2804 69.7188
733 26.0632 69.9282
79 25.8288 70.1541
390 25.533 70.4392
903 25.1969 70.7632
296 24.8224 71.1241
658 24.6286 71.3109
872 24.4483 71.4847
266 24.2637 71.6626
662 24.0837 71.8361
635 23.8566 72.055
878 23.6403 72.2635
730 23.3491 72.5441
954 23.0446 72.8377
604 22.7424 73.1289
41 22.4205 73.4392
223 22.1344 73.715
424 21.7732 74.0631
418 21.694 74.1394
244 21.55 74.1034
124 21.4159 74.0699
431 21.2425 74.0266
132 21.0728 73.9841
99 20.9091 73.9432
560 20.7407 73.9012
333 20.5833 73.8618
400 20.4112 73.8188
329 20.2526 73.7792
114 20.0995 73.7409
500 19.9933 73.7143
796 19.8897 73.6884
971 19.7887 73.6632
184 19.6813 73.6364
503 19.5732 73.6093
16 19.4771 73.5853
552 19.3682 73.5581
501 19.2613 73.5314
479 19.13 73.4986
220 19.0026 73.4667
927 18.8763 73.4351
846 18.7456 73.4025
537 18.6144 73.3697
502 18.4691 73.3334
272 18.3326 73.2993
339 18.2068 73.2678
168 18.0774 73.2355
487 17.9468 73.2028
950 17.8159 73.1701
349 17.6804 73.1362
162 17.1583 73.0057
860 16.6765 72.8853
321 16.2713 72.784
346 15.9123 72.6943
131 15.5715 72.6091
338 15.2878 72.5382
398 15.0245 72.4724
374 14.756 72.4053
948 14.498 72.3408
701 14.2612 72.2816
825 14.0098 72.2188
326 13.7438 72.1523
361 13.4581 72.0809
81 13.1593 72.0062
739 12.8602 71.9315
97 12.5665 71.8581
680 12.2779 71.7859
970 11.9803 71.7115
784 11.6883 71.6386
703 11.4255 71.5729
427 11.1807 71.5117
298 10.9423 71.4521
939 10.7195 71.3964
734 10.6523 71.3796
694 10.5873 71.3634
991 10.5246 71.3477
639 10.4595 71.3314
657 10.3952 71.3154
234 10.3273 71.2984
966 10.3176 71.5064
381 10.3074 71.7261
207 10.2968 71.9535
224 10.2866 72.1722
607 10.2769 72.3806
799 10.2671 72.5906
3 10.2565 72.817
665 10.245 73.0636
445 10.2333 73.3152
255 10.2214 73.5704
686 10.208 73.8583
77 10.1944 74.1503
667 10.1742 74.5813
517 10.1524 75.0501
717 10.1246 75.6451
546 10.0803 76.5941
554 10.0415 77.4254
443 10.0064 78.1771
695 9.96447 79.0756
916 9.9526 79.3302
495 9.94171 79.5639
93 9.93173 79.7781
399 9.9224 79.9784
551 9.91341 80.1715
803 9.90409 80.3714
890 9.89607 80.5436
325 9.88774 80.7224
95 9.87947 80.8999
815 9.87156 81.0697
240 9.86398 81.2324
263 9.85625 81.3984
444 9.84908 81.5522
199 9.84195 81.7054
178 9.83589 81.8355
736 9.82966 81.9692
113 9.82374 82.0965
914 9.81275 82.3322
728 9.80319 82.5376
457 9.79304 82.7553
892 9.78236 82.9845
433 9.7719 83.209
556 9.761 83.4429
780 9.74903 83.6996
108 9.73682 83.9616
886 9.72502 84.2149
955 9.71208 84.4926
557 9.69865 84.7805
446 9.68586 85.0549
301 9.67346 85.321
138 9.66136 85.5804
637 9.65038 85.8161
247 9.63956 86.0484
693 9.62899 86.2752
830 9.61877 86.4947
944 9.60625 86.7634
718 9.59201 87.0688
547 9.57788 87.3718
719 9.56385 87.6728
570 9.54966 87.9773
792 9.53377 88.3179
585 9.51714 88.6746
213 9.50222 88.9945
169 9.4993 89.0574
988 9.49618 89.1242
75 9.49618 89.1242
90 9.49618 89.1242
31 9.54745 89.1307
203 9.59702 89.137
759 9.64676 89.1432
868 9.69776 89.1497
615 9.75019 89.1563
426 9.80348 89.1631
447 9.85795 89.1699
905 9.91246 89.1768
153 9.96718 89.1838
678 10.0222 89.1907
442 10.0789 89.1979
401 10.1334 89.2048
39 10.189 89.2118
364 10.2463 89.2191
827 10.3038 89.2263
982 10.3626 89.2338
750 10.4212 89.2412
88 10.4794 89.2485
753 10.5354 89.2556
436 10.5879 89.2623
13 10.6423 89.2691
316 10.6946 89.2757
236 10.7479 89.2825
368 10.802 89.2893
699 10.8509 89.2955
304 10.9 89.3017
568 10.9493 89.3079
106 10.9987 89.3142
711 11.0499 89.3207
1 11.1013 89.3272
462 11.1536 89.3338
712 11.2042 89.3402
386 11.2527 89.3463
953 11.3008 89.3524
435 11.3508 89.3587
969 11.4013 89.3651
628 11.453 89.3716
405 11.5051 89.3782
300 11.558 89.3849
36 14.6119 89.7728
871 14.6119 89.7728
227 14.6119 89.7728
200 14.6119 89.7728
973 14.6119 89.7728
380 14.6119 89.7728
521 17.7132 89.7515
48 18.5235 89.7459
578 19.6706 89.738
73 20.5121 89.7322
141 21.1255 89.728
288 21.3448 89.7264
773 21.5722 89.7248
859 21.7544 89.7236
885 21.9356 89.7223
50 22.1151 89.7211
20 22.299 89.7198
491 22.4277 89.7189
933 22.5578 89.718
456 22.6928 89.717
776 22.8264 89.7161
115 22.9689 89.7151
696 23.1199 89.7141
593 23.2646 89.7131
833 23.4112 89.712
183 23.5586 89.711
651 23.7103 89.71
714 23.8624 89.7089
430 24.0207 89.7078
786 24.1779 89.7067
808 24.3276 89.7057
611 24.4643 89.7047
92 24.598 89.7038
610 24.7222 89.7029
672 24.8492 89.702
409 24.9705 89.7012
28 25.0949 89.7003
960 25.2192 89.6995
120 25.3075 89.6989
631 25.3944 89.6982
918 25.4813 89.6976
306 25.5651 89.6971
441 25.6482 89.6965
17 25.7328 89.6959
15 25.8254 89.6952
44 25.9484 89.6944
271 26.0745 89.6935
768 26.1864 89.6927
231 26.3025 89.6919
469 26.4083 89.6912
167 26.5271 89.6904
249 26.6426 89.6896
2 26.7672 89.6887
757 26.8815 89.6879
761 27.0003 89.6871
150 27.1212 89.6862
96 27.2375 89.6854
253 27.3497 89.6846
58 27.4595 89.6839
76 27.5778 89.683
608 27.6936 89.6822
490 27.8237 89.6813
360 27.9532 89.6804
550 28.264 89.6783
146 30.5025 89.6629
539 32.148 89.6516
241 32.852 89.6467
22 33.4583 89.6425
795 34.031 89.6385
470 34.6166 89.6344
139 35.2049 89.6303
548 35.7564 89.6265
752 36.2949 89.6228
428 36.8466 89.6189
172 37.5358 89.6142
874 38.2283 89.6094
256 38.5661 89.607
319 38.9296 89.6045
974 39.2351 89.6024
375 39.5659 89.6001
613 39.8621 89.598
449 40.1851 89.5958
265 40.5024 89.5936
389 40.8563 89.5911
5 41.1999 89.5887
62 41.4979 89.5867
766 41.6919 89.5853
707 41.8887 89.5839
738 42.1024 89.5824
763 42.3341 89.5808
416 42.5589 89.5793
156 42.7897 89.5777
559 43.0027 89.5762
230 43.2085 89.5748
448 43.4313 89.5732
437 43.6714 89.5715
53 43.9184 89.5698
866 44.1774 89.568
569 44.4314 89.5662
394 44.7028 89.5644
877 44.9954 89.5623
181 45.3193 89.5601
72 45.7132 89.5573
541 46.3524 89.5529
516 46.9329 89.5489
23 47.4872 89.5451
713 47.4872 89.5451
952 47.4872 89.5451
511 47.4872 89.5451
532 47.4872 89.5451
746 47.4872 89.5451
536 47.4872 89.5451
305 47.4872 89.5451
624 47.4872 89.5451
165 47.4872 89.5451
961 47.4872 89.5451
140 47.4872 89.5451
12 47.4872 89.5451
239 47.4872 89.5451
392 47.4872 89.5451
309 47.4875 89.5449
343 47.4878 89.5447
406 47.4881 89.5445
129 47.4884 89.5443
561 47.4886 89.5441
206 47.4889 89.544
814 47.4892 89.5438
980 47.4895 89.5436
292 47.4898 89.5434
94 51.8368 86.8287
313 52.048 86.6967
880 52.2619 86.5631
179 52.4728 86.4312
245 52.6828 86.3
826 52.894 86.1681
335 53.1058 86.0357
193 53.3128 85.9063
280 53.5309 85.77
896 53.7471 85.6349
530 53.9909 85.4825
415 54.2449 85.3238
320 54.5025 85.1628
887 54.7743 84.993
671 55.0464 84.8229
91 55.2988 84.6652
408 55.3241 84.6616
636 55.3499 84.6579
782 55.3768 84.654
378 55.4046 84.65
632 55.429 84.6465
460 55.4551 84.6428
562 55.478 84.6395
861 55.7896 84.5948
126 56.1147 84.5481
769 56.4727 84.4968
432 56.845 84.4433
947 57.2003 84.3924
297 57.5963 84.3355
582 57.9391 84.2864
395 58.3259 84.2309
832 58.69 84.1786
575 59.0445 84.1278
642 59.4008 84.0766
904 62.1447 83.6827
229 62.8134 83.5868
837 63.5687 83.4784
845 63.5687 83.4784
417 63.5687 83.4784
813 63.3733 83.7513
71 63.1795 84.0222
481 62.9369 84.3611
83 62.6629 84.7439
465 62.059 85.5876
801 61.2438 86.7265
42 60.1312 88.2809
911 59.1785 89.6119
434 58.6819 90.3057
882 58.4832 90.5833
584 58.3697 90.7419
285 58.261 90.8937
344 57.8466 91.4727
105 57.5552 91.8797
177 57.7956 91.8439
273 58.0308 91.8088
992 58.2599 91.7747
774 58.4866 91.7409
477 58.7191 91.7062
259 58.9479 91.6721
737 59.1794 91.6376
40 59.4141 91.6026
118 59.6547 91.5667
816 59.8995 91.5302
851 60.1469 91.4933
618 60.4047 91.4549
202 60.6749 91.4146
817 60.9495 91.3737
856 61.2209 91.3332
251 61.4986 91.2918
149 61.7477 91.2547
318 61.9701 91.2215
544 62.1741 91.1911
984 62.3717 91.1617
823 62.5684 91.1323
185 62.7607 91.1037
464 62.9539 91.0749
52 63.146 91.0462
353 63.3354 91.018
754 63.5165 90.991
622 63.7104 90.9621
690 63.9021 90.9335
145 64.1024 90.9036
854 64.2991 90.8743
18 64.4834 90.8468
367 64.6575 90.8208
369 64.8594 90.7907
567 66.3016 90.5761
317 67.875 90.3419
620 70.3051 89.9803
666 73.2141 89.5476
983 76.2194 89.1004
473 76.8098 89.0125
494 77.1985 88.9546
135 77.5896 88.8963
580 77.9988 88.8354
893 78.8083 88.7148
158 79.6428 88.5906
928 80.758 88.4245
820 82.3746 86.6685
372 85.991 82.7412
450 85.7655 82.4874
685 85.5675 82.2646
322 85.3617 82.0331
660 85.1399 81.7835
25 84.913 81.5283
528 84.6454 81.2271
889 84.3698 80.9171
204 83.5355 79.9788
311 82.681 79.0176
385 81.7435 77.9633
937 80.8818 76.9942
648 80.8818 76.9942
775 80.8818 76.9942
740 80.8818 76.9942
159 80.8818 76.9942
725 80.8818 76.9942
742 80.6623 76.5728
864 80.2528 75.7867
383 79.2728 73.9057
744 78.7319 72.8676
51 78.2978 72.0344
900 77.9866 71.437
290 77.7079 70.9019
975 77.4611 70.4283
962 77.2245 69.9741
650 77.0006 69.5445
332 76.8674 69.2886
684 76.7207 69.0071
201 75.3155 68.2937
478 73.9909 67.6211
68 73.4414 67.3421
656 73.0244 67.1304
583 72.6692 66.95
420 72.6692 66.95
102 72.6692 66.95
393 71.8952 67.4582
67 71.2153 67.9045
867 70.5676 68.3298
110 69.9384 68.7428
818 69.2995 69.1623
340 68.7252 69.5393
847 68.1817 69.8961
440 67.6931 70.2169
238 67.2605 70.501
579 66.8329 70.7817
509 66.4074 71.0611
931 66.0035 71.3262
605 65.7508 70.3471
654 65.4728 69.2701
727 65.2057 68.2354
595 64.9477 67.2358
617 64.6737 66.174
9 64.6737 66.174
810 64.6737 66.174
315 64.6737 66.174
762 64.6737 66.174
109 64.6737 66.174
668 64.6391 65.2553
987 64.6032 64.3012
161 64.5361 62.5126
791 64.5276 62.2876
35 64.5187 62.0537
852 64.5099 61.8194
173 64.5004 61.5688
152 64.4906 61.3079
286 64.4796 61.0176
208 64.4691 60.7402
647 64.4499 60.2302
396 64.4304 59.7141
485 64.4117 59.2178
515 64.3929 58.718
538 64.3736 58.2058
907 64.354 57.6875
293 64.3345 57.1699
357 64.3154 56.6628
70 64.3154 56.6628
186 64.3154 56.6628
964 65.3556 56.2613
117 67.0382 55.6116
190 68.8306 54.9196
926 70.6179 54.2295
466 72.3536 53.5592
609 73.1537 53.2505
29 73.8219 52.9926
670 74.4758 52.7403
232 75.1242 52.4901
842 75.7942 52.2316
387 76.7534 51.8613
745 77.7392 51.4808
932 77.7392 51.4808
920 77.7392 51.4808
553 77.7392 51.4808
334 77.7392 51.4808
425 77.7392 51.4808
195 77.7393 51.4808
592 77.7393 51.4808
198 77.7393 51.4808
967 77.7393 51.4808
143 77.7393 51.4808
942 77.7393 51.4808
850 77.7393 51.4808
941 77.7393 51.4808
767 77.7393 51.4808
107 80.7031 51.0064
506 82.2959 50.7517
136 83.7154 50.5247
884 85.1144 50.301
497 86.4911 50.0808
242 86.4772 49.7318
977 86.4622 49.3539
838 86.4302 48.5527
951 86.3925 47.6083
170 86.3507 46.5593
274 86.1171 40.7082
98 85.9121 35.5723
835 85.846 33.9157
520 85.7315 31.0464
627 85.4448 23.8655
345 85.0818 23.6079
590 84.655 23.305
33 83.6724 22.6075
