0,103,979,260,176,721,295,504,819,581,777,24,959,598,831,781,6,274,670,466,358,323,745,29,835,520,828,609,232,357,70,906,69,978,793,623,342,63,870,101,155,27,314,634,45,930,606,377,43,875,785,821,675,594,217,55,209,458,355,681,644,586,935,164,197,421,844,751,865,653,873,419,26,934,310,289,261,555,160,869,191,834,626,486,111,354,278,250,467,356,19,66,716,276,687,862,566,692,790,480,679,388,787,822,529,379,11,475,829,221,78,612,811,664,32,284,64,883,254,439,709,661,643,824,402,902,337,407,669,704,915,351,518,573,363,287,348,474,366,8,488,61,881,588,682,674,211,629,812,412,722,646,74,187,258,455,299,331,710,133,836,943,362,741,963,572,246,702,673,307,641,899,268,205,723,121,549,602,125,10,990,283,123,985,958,4,794,87,514,86,898,212,328,797,565,909,534,758,352,972,770,303,182,128,499,330,312,652,863,384,841,116,222,100,157,373,218,154,749,57,708,908,936,174,771,463,279,46,496,542,476,731,341,663,228,700,616,423,65,196,37,403,698,949,805,938,858,233,505,705,59,735,148,525,524,422,545,151,748,414,38,603,655,7,989,619,89,147,913,180,853,706,917,257,194,848,452,493,54,839,778,237,945,876,512,49,302,783,264,471,498,472,522,210,625,779,843,597,558,891,461,281,645,21,621,225,171,765,410,459,894,350,617,809,440,676,683,270,743,291,80,855,732,484,523,453,957,929,576,922,912,308,533,370,104,365,596,124,965,724,56,175,404,910,715,814,659,526,144,189,806,649,561,840,672,296,2,223,919,292,712,22,808,651,96,73,456,761,795,15,430,611,20,306,768,227,491,167,469,859,773,141,918,470,428,786,60,418,490,479,50,886,550,780,360,288,58,44,885,249,608,253,578,946,658,431,487,184,321,424,252,587,327,454,662,950,872,333,954,591,99,501,537,697,41,730,220,266,689,888,168,635,429,30,701,510,390,733,571,927,267,507,729,878,226,269,79,688,788,640,163,508,956,535,413,127,142,382,391,397,438,543,897,336,756,633,901,329,137,326,903,324,981,764,411,162,34,599,789,970,601,131,451,359,443,275,113,726,132,720,16,600,574,604,846,400,349,502,88,703,971,272,552,427,734,680,219,192,639,948,97,924,114,14,3,717,130,691,81,500,47,799,772,489,879,677,925,849,122,234,589,214,531,747,77,119,255,376,760,166,517,371,784,381,939,527,347,207,966,426,436,830,433,556,374,482,457,657,667,224,728,277,398,665,630,686,338,796,825,694,244,361,955,739,607,991,503,445,298,860,890,346,447,695,551,240,263,570,944,401,300,364,169,554,75,90,31,615,892,678,435,301,568,988,827,405,953,236,304,106,969,585,868,547,736,914,462,442,718,803,95,557,39,792,699,711,213,178,203,444,905,108,693,199,628,48,759,1,153,325,815,316,546,637,916,560,399,719,495,339,386,446,115,138,247,982,833,933,409,714,750,76,36,973,593,757,183,871,368,753,93,696,380,13,521,17,610,441,200,776,631,394,241,448,449,28,265,271,309,974,92,53,638,539,437,230,231,392,256,72,206,877,613,120,738,129,239,150,707,5,713,752,172,960,766,548,541,105,624,882,961,866,532,156,746,165,181,375,559,139,874,516,146,569,774,319,826,940,118,415,851,344,343,389,584,911,434,856,23,185,567,544,158,464,845,251,177,477,511,980,40,896,618,202,273,992,984,952,737,42,813,52,817,864,353,928,983,149,580,893,473,322,820,622,135,666,742,854,494,285,318,620,725,25,685,889,450,648,740,660,528,311,204,372,332,385,152,579,83,867,417,395,317,159,900,744,837,481,775,818,145,9,654,762,727,290,71,937,51,297,94,800,18,823,208,12,931,904,801,605,832,378,465,313,305,763,408,536,416,320,807,614,62,816,229,690,887,369,575,513,179,126,367,259,563,754,782,406,564,880,530,140,245,562,642,636,215,861,947,248,294,280,540,895,82,193,976,632,755,91,802,986,671,340,238,109,393,509,432,335,769,907,921,798,315,847,112,987,460,293,134,968,582,857,173,810,216,668,519,791,577,161,964,85,282,235,804,468,286,492,923,188,262,35,84,186,478,68,656,396,515,538,485,852,334,383,975,595,962,110,647,117,102,201,650,67,583,920,553,425,842,767,926,967,143,942,850,941,190,592,884,195,198,932,420,684,951,387,107,497,170,977,136,242,838,506,590,33,98,243,483,345,627,
value : 586.762 running time : 26.590176
0 80 20
103 72.4159 11.7598
979 73.9246 12.7398
260 73.9246 12.7398
176 73.5926 13.7877
721 73.2725 14.7981
295 72.994 15.6776
504 72.7195 16.5439
819 72.4538 17.3821
581 72.4499 17.3944
777 72.4459 17.407
24 72.1122 20.2013
959 71.8043 22.7792
598 71.5529 24.8836
831 71.2682 27.2669
781 71.0759 28.8766
6 71.0759 28.8766
274 71.7943 32.069
670 72 32.9838
466 72 32.9838
358 72 32.9838
323 72.8577 33.5478
745 73.704 34.1044
29 74.4809 34.6152
835 75.1921 35.0829
520 75.6029 35.3531
828 68.2643 38.7028
609 66.8523 39.3471
232 64.8723 40.2506
357 62.5698 41.3012
70 60.3039 42.3351
906 58.1986 43.2957
69 56.5778 44.0353
978 55.4178 44.5645
793 54.2204 45.1109
623 54.1655 45.1359
342 54.1076 45.1623
63 54.0554 45.1862
870 53.9997 45.2116
101 53.9371 45.2402
155 53.8481 44.436
27 53.7652 43.6863
314 53.7193 43.2715
634 53.671 42.8355
45 53.6246 42.4158
930 53.5859 42.0664
606 53.5482 41.7258
377 53.5024 41.3119
43 53.4604 40.9325
875 53.4165 40.5351
785 53.3641 40.062
821 53.3231 39.6914
675 53.3231 39.6914
594 53.3231 39.6914
217 53.3231 39.6914
55 53.3231 39.6914
209 53.3231 39.6914
458 53.3231 39.6914
355 53.3231 39.6914
681 53.3231 39.6914
644 53.3231 39.6914
586 50.0469 37.0223
935 49.024 36.1891
164 48.0554 35.4003
197 47.2199 34.7197
421 46.3508 34.0119
844 45.4891 33.3101
751 44.4377 32.4537
865 42.6789 31.0211
653 40.4975 29.244
873 40.4975 29.244
419 40.4975 29.244
26 40.383 29.2343
934 40.2707 29.2248
310 40.161 29.2156
289 40.137 29.2249
261 40.1106 29.2351
555 40.0867 29.2443
160 39.1271 29.6155
869 38.2248 29.9644
191 37.8727 30.1006
834 37.5104 30.2407
626 37.1283 30.3885
486 36.7671 30.5282
111 36.5668 30.6057
354 36.3259 30.6989
278 37.0377 31.7573
250 37.8187 32.9187
467 38.4387 33.8406
356 39.1239 34.8595
19 39.6551 35.6493
66 40.0481 36.2337
716 40.0481 36.2337
276 40.0481 36.2337
687 39.1338 36.0838
862 38.4687 35.9747
566 37.7578 35.858
692 37.0019 35.734
790 36.2355 35.6083
480 35.3842 35.4686
679 34.4428 35.3142
388 33.5866 35.1738
787 32.8597 35.0545
822 32.1899 34.9447
529 31.4542 34.824
379 30.7074 34.7015
11 29.8366 34.5586
475 28.969 34.4163
829 28.969 34.4163
221 28.969 34.4163
78 28.969 34.4163
612 28.8387 33.7855
811 28.7137 33.1807
664 28.5748 32.5087
32 28.4037 31.6804
284 27.9597 29.5316
64 27.6774 28.1653
883 27.466 27.1419
254 27.3344 26.5051
439 27.2361 26.0292
709 27.1444 25.5855
661 27.0437 25.0981
643 26.9475 24.6327
824 26.8625 24.2212
402 26.7648 23.7484
902 27.6765 21.9374
337 28.7376 19.8296
407 29.3812 18.5512
669 29.7252 17.8679
704 30.0139 17.2945
915 30.2832 16.7598
351 31.4504 14.4411
518 32.4194 12.5163
573 31.2493 12.6211
363 29.9084 12.7412
287 28.4079 12.8756
348 21.621 13.4843
474 19.9069 13.6379
366 18.4692 13.7667
8 17.1717 13.8829
488 15.7116 14.0137
61 13.995 14.1675
881 13.9664 14.17
588 13.9381 14.1726
682 13.908 14.1753
674 13.8796 14.1778
211 13.8517 14.1803
629 13.8206 14.1831
812 13.7891 14.1859
412 13.7606 14.3241
722 13.7364 14.4411
646 13.2918 16.5943
74 12.8467 18.7499
187 12.8467 18.7499
258 13.1308 19.1606
455 13.404 19.5555
299 13.6779 19.9516
331 13.942 20.3334
710 14.2237 20.7407
133 14.4935 21.1306
836 14.7485 21.4993
943 14.9782 21.8314
362 15.1634 22.0991
741 15.4244 22.4765
963 15.6953 22.8682
572 16.0315 23.3542
246 16.3546 23.8213
702 16.4302 24.1903
673 16.5092 24.5754
307 16.591 24.9746
641 16.2983 26.5944
899 15.9872 28.3163
268 15.5831 30.5525
205 15.1187 33.1234
723 14.7119 35.3746
121 14.6537 35.3881
549 14.5955 35.4017
602 14.5295 35.417
125 14.0873 35.5199
10 13.6283 35.6267
990 13.195 35.7275
283 12.7587 35.8291
123 12.3409 35.9263
985 11.9319 36.0214
958 11.5062 36.1205
4 11.0915 36.217
794 10.814 36.2815
87 10.6702 36.315
514 10.4992 36.3548
86 10.3363 36.3927
898 10.1827 36.4284
212 10.393 38.6131
328 10.5796 40.5526
797 10.8619 43.486
565 11.0343 45.2775
909 11.0346 45.2804
534 11.0349 45.2834
758 11.0352 45.2865
352 11.0355 45.2896
972 11.0358 45.2927
770 11.036 45.2954
303 11.0364 45.2987
182 11.0366 45.3017
128 11.0369 45.3043
499 11.0372 45.307
330 11.0375 45.31
312 11.0378 45.3132
652 11.0381 45.3164
863 11.0384 45.3193
384 11.0387 45.3225
841 11.039 45.326
116 11.0393 45.3293
222 11.0393 45.3293
100 11.0393 45.3293
157 11.0393 45.3293
373 11.0393 45.3293
218 11.0393 45.3293
154 11.0393 45.3293
749 11.0393 45.3293
57 11.0393 45.3293
708 11.0393 45.3293
908 11.4354 45.359
936 11.5772 45.3697
174 11.7349 45.3815
771 11.8834 45.3927
463 12.0171 45.4027
279 12.1726 45.4144
46 12.3043 45.4243
496 12.4683 45.4366
542 12.6098 45.4472
476 12.7557 45.4581
731 12.8858 45.4679
341 13.0319 45.4789
663 13.1904 45.4908
228 13.3311 45.5013
700 13.4746 45.5121
616 13.6188 45.5229
423 13.7726 45.5345
65 13.932 45.5464
196 16.5045 48.9039
37 16.7231 49.1892
403 16.9443 49.4778
698 17.1618 49.7617
949 17.3684 50.0314
805 17.5879 50.3179
938 17.8329 50.6377
858 18.06 50.934
233 18.2994 51.2464
505 18.4995 51.5077
705 18.7498 51.8343
59 18.9726 52.1252
735 19.1708 52.3838
148 19.3351 52.5982
525 19.5632 52.896
524 19.7988 53.2034
422 21.9671 52.3292
545 24.8061 51.1847
151 27.436 50.1244
748 28.1831 49.8232
414 28.8682 49.547
38 29.5093 49.2885
603 30.1142 49.0446
655 30.7364 48.7938
7 31.6966 48.4066
989 32.4093 48.1193
619 32.9756 47.891
89 33.555 47.6574
147 34.2048 47.3954
913 34.872 47.1264
180 35.702 46.7918
853 36.4607 46.486
706 36.6549 46.4077
917 36.8712 46.3205
257 37.0836 46.2348
194 37.7404 47.4202
848 38.3437 48.5091
452 38.9101 49.5314
493 39.5426 50.6728
54 39.697 50.9515
839 39.8169 51.1679
778 39.932 51.3756
237 40.0607 51.6079
945 40.1854 51.833
876 40.303 52.0452
512 40.4321 52.2782
49 40.5568 52.5034
302 40.6843 52.7336
783 40.8846 53.0951
264 41.4187 54.059
471 41.8425 54.8239
498 42.228 55.5197
472 42.5702 56.1373
522 42.9883 56.8919
210 43.5486 57.9031
625 44.2341 59.1404
779 44.2341 59.1404
843 44.2341 59.1404
597 44.2341 59.1404
558 44.2341 59.1404
891 44.2341 59.1404
461 44.2326 60.0623
281 44.231 61.0788
645 44.2293 62.1784
21 44.2293 62.1784
621 44.522 62.4076
225 44.7931 62.6199
171 45.0498 62.8208
765 45.3077 63.0227
410 45.5936 63.2466
459 45.8711 63.4639
894 46.1655 63.6944
350 46.4447 63.913
617 46.6752 64.0935
809 46.8716 64.2473
440 47.16 64.473
676 45.0812 65.2354
683 43.0128 65.994
270 40.9957 66.7337
743 40.8182 66.7988
291 40.5814 66.8856
80 40.3654 66.9648
855 40.1745 67.0348
732 39.9528 67.1161
484 39.725 67.1996
523 39.494 67.2843
453 39.2765 67.3641
957 38.8087 67.5356
929 38.8087 67.5356
576 38.8087 67.5356
922 38.8087 67.5356
912 38.8087 67.5356
308 38.8087 67.5356
533 38.8087 67.5356
370 38.8087 67.5356
104 38.7433 67.8039
365 38.677 68.0754
596 38.6108 68.3468
124 38.5429 68.6253
965 38.5099 68.7607
724 38.4348 69.8481
56 38.3661 70.8445
175 38.2915 71.9263
404 38.2038 73.1969
910 38.1112 74.5401
715 38.0053 76.0744
814 37.7596 79.6327
659 35.6021 79.669
526 32.0731 79.7292
144 32.0731 79.7292
189 31.7551 80.1363
806 31.4454 80.5327
649 31.1587 80.8998
561 30.8577 81.2851
840 30.5036 81.7384
672 30.101 82.2538
296 29.7623 82.6874
2 29.4204 83.1251
223 29.0752 83.567
919 28.6978 84.0502
292 28.3157 84.5393
712 27.7751 85.2313
22 27.7751 85.2313
808 27.1774 85.722
651 26.6652 86.1424
96 26.2611 86.4741
73 25.8323 86.8261
456 25.3616 87.2125
761 25.0227 87.4907
795 24.6908 87.7631
15 24.2592 88.1174
430 24.1655 88.1943
611 24.0754 88.2683
20 24.0729 88.2704
306 24.0729 88.2704
768 24.0729 88.2704
227 24.0729 88.2704
491 24.0344 88.1597
167 23.9906 88.0337
469 23.9518 87.9218
859 23.9188 87.8269
773 23.8841 87.727
141 23.85 87.6287
918 23.8163 87.5319
470 23.7826 87.4347
428 23.6583 87.0771
786 23.5417 86.7414
60 23.3911 86.3078
418 23.2663 85.9485
490 23.136 85.5734
479 22.9965 85.172
50 22.9052 84.9089
886 22.7952 84.5923
550 22.6921 84.2955
780 22.5947 84.0151
360 22.509 83.7683
288 22.426 83.5296
58 22.3347 83.2666
44 22.2486 83.0187
885 22.1347 82.6908
249 22.0135 82.3421
608 21.893 81.995
253 21.7857 81.6863
578 21.6533 81.3052
946 21.5232 80.9306
658 21.4064 80.5944
431 21.296 80.2766
487 21.1793 79.9406
184 21.0672 79.6179
321 20.9532 79.2896
424 21.8468 77.8097
252 23.3259 75.3604
587 23.5083 75.0583
327 23.6636 74.8012
454 23.8109 74.5573
662 23.9662 74.3
950 24.1068 74.0672
872 24.2547 73.8222
333 24.3998 73.5819
954 24.5593 73.3179
591 24.7295 73.036
99 24.8728 72.7986
501 25.029 72.54
537 25.1623 72.3193
697 25.2989 72.093
41 25.4484 71.8454
730 25.6289 71.5466
220 25.7907 71.2785
266 25.9651 70.9898
689 26.1378 70.7038
888 26.2972 70.4398
168 26.4567 70.1756
635 26.6748 69.8145
429 26.8945 69.4506
30 28.0136 67.5973
701 28.0136 67.5973
510 28.0136 67.5973
390 28.0136 67.5973
733 28.0136 67.5973
571 28.0136 67.5973
927 28.0136 67.5973
267 28.0136 67.5973
507 28.0136 67.5973
729 28.0136 67.5973
878 28.0136 67.5973
226 28.0136 67.5973
269 29.1251 62.6509
79 29.1251 62.6509
688 29.1251 62.6509
788 29.1251 62.6509
640 29.1251 62.6509
163 29.1251 62.6509
508 28.8091 57.9769
956 28.7672 57.3561
535 28.7217 56.6804
413 28.7217 56.6804
127 28.7217 56.6804
142 28.4474 56.4489
382 28.2293 56.2648
391 27.9729 56.0484
397 27.7424 55.8538
438 27.7404 55.8521
543 27.2726 56.6486
897 26.4351 58.0748
336 25.8217 59.1193
756 25.4272 59.791
633 24.987 60.5407
901 24.3446 61.6345
329 23.6827 62.7616
137 23.0982 63.7569
326 22.2526 65.1968
903 22.1875 65.3076
324 22.1209 65.421
981 22.0019 65.6236
764 21.8764 65.8374
411 21.7497 66.053
162 21.6268 66.2623
34 21.5333 66.4215
599 21.4229 66.6095
789 21.2929 66.8308
970 21.1804 67.0224
601 21.0782 67.1964
131 20.9716 67.378
451 20.8736 67.5448
359 20.7618 67.7352
443 20.6025 68.0064
275 20.476 68.2218
113 20.342 68.4499
726 20.2162 68.6641
132 20.1057 68.8523
720 19.9883 69.0522
16 19.8462 69.294
600 19.6864 69.3498
574 19.5374 69.4019
604 19.375 69.4586
846 19.2052 69.518
400 19.0144 69.5846
349 18.8602 69.6385
502 18.6711 69.7045
88 18.4968 69.7654
703 17.4136 69.0979
971 16.8427 68.7461
272 16.094 68.2847
552 15.413 67.865
427 14.5829 67.3535
734 13.9063 66.9366
680 13.4702 66.6678
219 12.9816 66.3667
192 12.5171 66.0804
639 12.053 65.7944
948 11.9187 65.5343
97 11.7808 65.2671
924 11.6428 64.9997
114 11.4852 64.6942
14 11.3388 64.4106
3 11.1883 64.1191
717 11.0411 63.8339
130 10.8945 63.5498
691 10.7366 63.2439
81 10.6013 62.9816
500 10.4566 62.7012
47 10.1513 62.1098
799 10.0089 61.8339
772 9.85023 61.5265
489 9.67216 61.1815
879 9.67285 61.3191
677 9.6734 61.4276
925 9.67395 61.5371
849 9.6745 61.6469
122 9.67513 61.774
234 9.67593 61.9335
589 9.67667 62.0797
214 9.67735 62.2163
531 9.67815 62.3744
747 9.67895 62.5348
77 9.67975 62.6954
119 9.68054 62.8526
255 9.68124 62.991
376 9.68193 63.1279
760 9.68259 63.2603
166 9.68327 63.3957
517 9.68413 63.5668
371 9.68488 63.7166
784 9.6856 63.8605
381 9.68634 64.0083
939 9.68701 64.1407
527 9.68766 64.2691
347 9.69743 66.2165
207 9.71229 69.1858
966 9.71938 70.5944
426 9.72823 72.3574
436 9.72899 72.5085
830 9.72966 72.6434
433 9.73031 72.7729
556 9.73094 72.8991
374 9.73158 73.026
482 9.73218 73.146
457 9.73291 73.2917
657 9.73357 73.4236
667 9.73422 73.5544
224 9.73492 73.6945
728 9.7356 73.8301
277 9.73619 73.9475
398 9.73682 74.073
665 9.7375 74.2085
630 9.73817 74.3413
686 9.7389 74.4888
338 9.73961 74.6298
796 9.74038 74.7844
825 9.74111 74.9299
694 9.74178 75.0635
244 9.74253 75.2142
361 9.74316 75.3399
955 9.74385 75.4779
739 9.74442 75.5905
607 9.74671 76.0456
991 9.74927 76.5543
503 9.75164 77.0232
445 9.75408 77.5071
298 9.75697 78.0822
860 9.76 78.6836
890 9.76307 79.2937
346 9.76613 79.9004
447 9.76968 80.6084
695 9.7719 81.0479
551 9.77374 81.4137
240 9.77581 81.8235
263 9.77799 82.2575
570 9.77988 82.6323
944 9.78188 83.0296
401 9.78405 83.4609
300 9.78606 83.8603
364 9.7881 84.2659
169 9.78989 84.6208
554 9.79167 84.9734
75 9.79372 85.38
90 9.79588 85.809
31 9.79829 86.2865
615 9.80078 86.7807
892 9.80358 87.3378
678 9.80663 87.9459
435 9.80944 88.505
301 9.81081 88.7791
568 9.81236 89.0874
988 9.81396 89.408
827 9.82164 89.4075
405 9.82935 89.4069
953 9.83712 89.4063
236 9.84517 89.4057
304 9.85267 89.4052
106 9.85953 89.4047
969 9.86677 89.4042
585 9.87402 89.4036
868 9.88169 89.4031
547 9.88973 89.4025
736 9.89793 89.4019
914 9.90588 89.4013
462 9.91447 89.4007
442 9.92223 89.4001
718 9.92941 89.3996
803 9.93693 89.399
95 9.94508 89.3984
557 9.95259 89.3979
39 9.9593 89.3974
792 9.96711 89.3968
699 9.97535 89.3962
711 9.98237 89.3957
213 9.9895 89.3952
178 10.1713 89.382
203 10.3671 89.3678
444 10.5588 89.3539
905 10.7502 89.3401
108 10.9419 89.3262
693 11.1355 89.3122
199 11.3315 89.298
628 11.5323 89.2834
48 11.74 89.2684
759 11.9198 89.2553
1 12.1556 89.2383
153 12.39 89.2213
325 12.6448 89.2028
815 12.8836 89.1855
316 13.1213 89.1683
546 13.3561 89.1513
637 13.617 89.1324
916 13.911 89.1111
560 14.175 89.092
399 14.4193 89.0743
719 14.6623 89.0567
495 14.9708 89.0343
339 15.2669 89.0129
386 15.3929 89.1123
446 15.5142 89.2082
115 15.6485 89.3142
138 15.763 89.4046
247 15.878 89.4954
982 16.0025 89.5936
833 16.15 89.7101
933 16.2863 89.8177
409 16.4254 89.9275
714 16.4254 89.9275
750 16.4254 89.9275
76 16.4254 89.9275
36 16.4254 89.9275
973 16.4254 89.9275
593 16.4254 89.9275
757 16.4254 89.9275
183 16.3734 90.1369
871 16.3224 90.3422
368 16.2769 90.5254
753 16.2279 90.7224
93 16.1822 90.9065
696 16.1329 91.1047
380 16.0759 91.3342
13 16.5572 91.3339
521 17.0339 91.3336
17 17.4348 91.3333
610 17.8593 91.3331
441 18.2079 91.3329
200 18.5327 91.3327
776 21.4444 91.3309
631 25.4566 91.3284
394 28.7337 91.3264
241 29.7184 91.3258
448 30.3062 91.3254
449 30.8371 91.3251
28 31.1801 91.3249
265 31.6045 91.3246
271 31.9639 91.3244
309 32.3422 91.3242
974 32.6788 91.3239
92 33.0004 91.3238
53 33.3464 91.3235
638 33.6599 91.3233
539 34.0158 91.3231
437 34.3217 91.3229
230 34.6083 91.3228
231 34.8976 91.3226
392 35.2033 91.3224
256 35.5083 91.3222
72 35.8215 91.322
206 36.1465 91.3218
877 36.433 91.3216
613 36.7145 91.3215
120 37.002 91.3213
738 37.334 91.3211
129 37.6666 91.3209
239 37.9803 91.3207
150 38.2385 91.3205
707 38.5571 91.3203
5 38.897 91.3201
713 39.1896 91.3199
752 39.4397 91.3198
172 39.7153 91.3196
960 39.9869 91.3194
766 40.7545 91.319
548 41.4832 91.3185
541 42.3071 91.318
105 42.976 91.3176
624 43.6204 91.3172
882 43.9355 91.317
961 44.0194 91.317
866 44.1022 91.3169
532 44.1944 91.3169
156 44.2822 91.3168
746 44.3689 91.3168
165 44.4506 91.3167
181 44.5321 91.3167
375 44.6243 91.3166
559 44.7122 91.3166
139 44.7946 91.3165
874 45.3079 91.3162
516 45.806 91.3159
146 46.2461 91.3157
569 46.8386 91.3153
774 47.5225 91.315
319 48.1035 91.3146
826 48.7344 91.3143
940 49.3705 91.3139
118 50.0025 91.3135
415 50.5595 91.3132
851 51.0999 91.3129
344 51.6167 91.3126
343 52.094 91.3123
389 52.6484 91.312
584 53.5755 91.3115
911 54.35 91.311
434 55.0409 91.3106
856 55.8084 91.3102
23 56.5351 91.3097
185 57.3807 91.3092
567 58.1719 91.3088
544 58.9453 91.3083
158 59.5098 91.308
464 59.6626 91.3079
845 59.8258 91.3078
251 59.9809 91.3078
177 60.107 91.3077
477 60.2406 91.3076
511 60.3606 91.3075
980 60.7316 91.3073
40 61.1061 91.3071
896 61.5077 91.3069
618 61.936 91.3066
202 62.4283 91.3064
273 62.9402 91.3061
992 63.407 91.3058
984 63.8566 91.3055
952 64.2952 91.3053
737 65.3697 91.3047
42 66.8216 91.3038
813 68.3443 91.303
52 69.6753 91.3022
817 71.1505 91.3014
864 73.1786 91.3002
353 75.0232 91.2991
928 77.1965 91.2979
983 77.1965 91.2979
149 77.1965 91.2979
580 77.1965 91.2979
893 77.1965 91.2979
473 77.1965 91.2979
322 77.1965 91.2979
820 77.1965 91.2979
622 77.1965 91.2979
135 77.1965 91.2979
666 77.1965 91.2979
742 77.1965 91.2979
854 77.1965 91.2979
494 77.1965 91.2979
285 77.1965 91.2979
318 77.1965 91.2979
620 77.1965 91.2979
725 80.5666 88.2322
25 83.8733 85.2243
685 84.647 84.5208
889 85.3242 83.9049
450 85.9989 83.2914
648 85.9989 83.2914
740 85.9989 83.2914
660 85.9989 83.2914
528 85.9989 83.2914
311 85.9989 83.2914
204 85.9989 83.2914
372 85.9989 83.2914
332 79.3242 81.2614
385 74.8355 79.8966
152 69.304 78.2148
579 69.1345 78.1661
83 68.9618 78.1165
867 68.7813 78.0647
417 68.6164 78.0174
395 68.4306 77.9641
317 68.2588 77.9148
159 68.1024 77.8698
900 67.6884 77.751
744 67.2787 77.6335
837 66.8699 77.5162
481 66.4616 77.399
775 66.0441 77.2792
818 65.6023 77.1524
145 65.1206 77.0142
9 64.3359 76.7892
654 63.5965 76.577
762 62.8512 76.3633
727 62.6536 76.7681
290 62.449 77.1869
71 62.2265 77.6426
937 62.0069 78.0924
51 61.8028 78.5103
297 61.5774 78.972
94 61.3738 79.3889
800 61.1596 79.8275
18 60.9404 80.2764
823 60.7129 80.7423
208 59.3756 81.002
12 59.1833 81.0474
931 59.0107 81.0883
904 58.8365 81.1295
801 58.6305 81.1782
605 58.4294 81.2257
832 58.1972 81.2806
378 57.9733 81.3336
465 57.7394 81.3889
313 53.5177 82.3873
305 51.3368 82.903
763 50.1958 83.1728
408 50.1221 82.8674
536 50.0495 82.5667
416 49.9733 82.251
320 49.8939 81.9225
807 49.8085 81.5687
614 49.7308 81.2468
62 49.7308 81.2468
816 49.7391 81.2103
229 49.7479 81.1716
690 49.7554 81.1386
887 49.7638 81.1013
369 49.7724 81.0636
575 49.7808 81.0267
513 49.7893 80.9892
179 49.7966 80.9569
126 49.8043 80.9233
367 49.8113 80.8923
259 49.8689 80.6389
563 49.9267 80.3842
754 49.9772 80.1621
782 50.0396 79.8872
406 50.0929 79.6527
564 50.1499 79.4019
880 50.2059 79.1555
530 50.2612 78.912
140 50.3191 78.657
245 50.3762 78.4058
562 50.4375 78.1362
642 50.4968 77.875
636 50.5568 77.611
215 50.6162 77.3495
861 50.6809 77.0648
947 50.7454 76.781
248 50.8209 76.4487
294 50.8934 76.1294
280 50.9681 75.8005
540 51.0445 75.4645
895 51.117 75.1452
82 51.1892 74.8275
193 51.2686 74.4781
976 51.3619 74.0672
632 51.4551 73.6573
755 51.5426 73.2719
91 51.644 72.8257
802 51.7398 72.4039
986 51.8445 71.9431
671 51.9421 71.5138
340 52.0539 71.0217
238 52.1232 70.7167
109 52.1741 70.4928
393 52.2291 70.2503
509 52.2638 70.0979
432 52.2999 69.9391
335 52.3362 69.7792
769 52.477 69.1594
907 52.6334 68.4712
921 52.6762 68.2827
798 52.731 68.0416
315 52.7751 67.8475
847 52.8253 67.6265
112 52.8755 67.4055
987 52.9271 67.1786
460 52.981 66.9411
293 53.054 66.6201
134 53.1029 66.4049
968 53.162 66.1446
582 53.2163 65.9055
857 53.2784 65.6324
173 53.3519 65.309
810 53.4235 64.9935
216 53.4872 64.7135
668 53.5546 64.4166
519 53.6262 64.1017
791 53.6262 64.1017
577 53.6262 64.1017
161 53.6262 64.1017
964 53.6262 64.1017
85 53.6262 64.1017
282 53.6262 64.1017
235 53.6262 64.1017
804 53.6262 64.1017
468 54.5649 62.5077
286 55.5055 60.9109
492 56.5199 59.1884
923 57.05 59.1573
188 57.683 59.1202
262 58.3026 59.0839
35 58.996 59.0433
84 59.6841 59.0029
186 60.4497 58.9581
478 61.469 58.8983
68 62.3724 58.8453
656 63.2281 58.7952
396 63.9176 58.7548
515 64.7027 58.7088
538 65.6346 58.6542
485 66.6439 58.595
852 67.7654 58.5292
334 68.6223 58.479
383 69.3706 58.4351
975 69.3706 58.4351
595 69.3706 58.4351
962 69.3706 58.4351
110 69.647 58.3101
647 69.896 58.1976
117 70.1975 58.0612
102 70.5159 57.9173
201 70.826 57.7771
650 71.0982 57.654
67 71.395 57.5198
583 71.7914 57.3405
920 72.1809 57.1644
553 72.4931 57.0232
425 72.8125 56.8788
842 73.0872 56.7546
767 73.4115 56.608
926 73.7714 56.4452
967 74.1573 56.2708
143 74.4773 56.1261
942 74.8879 55.9405
850 75.3577 55.7281
941 75.8143 55.5216
190 76.2911 55.306
592 77.0314 54.9712
884 77.6562 54.6887
195 78.0245 54.5222
198 78.3895 54.3572
932 78.7266 54.2048
420 79.0493 54.0589
684 80.6159 53.3505
951 82.0523 52.7011
387 83.2449 52.1619
107 84.6502 51.5264
497 85.8069 51.0034
170 85.8206 50.6092
977 85.834 50.2203
136 85.8508 49.7354
242 85.8664 49.2853
838 85.8836 48.7893
506 85.9018 48.2619
590 86.265 37.7573
33 86.424 33.1627
98 86.5878 28.429
243 86.9046 19.2676
483 86.9425 18.1723
345 86.1912 18.3701
627 85.3383 18.5946
