0,627,243,979,260,483,520,98,345,33,590,45,323,606,644,745,357,932,835,920,951,684,884,198,497,506,170,107,383,838,201,29,274,609,592,466,195,967,136,425,670,387,977,232,767,553,900,656,850,242,420,852,51,152,334,962,83,743,102,35,440,67,762,654,293,340,478,647,238,793,964,625,595,112,668,393,538,577,810,650,941,926,70,68,907,485,190,942,583,842,314,675,143,828,276,978,492,43,69,117,281,194,512,262,870,197,66,458,716,594,377,623,217,751,875,930,844,85,471,342,63,161,286,188,101,472,597,186,843,519,923,945,498,396,798,558,282,621,30,839,210,461,89,370,791,929,180,522,891,127,778,269,49,576,603,913,720,688,788,938,508,237,599,507,34,59,382,692,619,811,414,38,151,535,476,723,147,549,413,949,302,403,525,438,388,475,11,391,876,908,148,972,748,37,329,543,279,174,981,705,698,633,677,927,903,233,846,510,545,324,524,132,267,729,451,640,79,431,550,726,333,796,730,950,888,578,872,266,965,574,733,137,901,390,689,957,571,99,587,349,897,971,526,60,614,533,756,493,765,54,104,404,523,501,350,308,715,724,225,359,175,804,365,291,683,809,878,922,163,264,459,732,912,645,21,596,513,171,80,562,410,894,484,216,910,294,454,840,56,540,144,193,659,408,779,235,134,280,561,109,807,229,319,895,826,921,769,453,755,530,12,676,94,857,940,782,632,460,509,84,968,855,468,987,800,861,563,986,335,642,582,315,887,671,575,208,432,880,369,754,690,802,814,395,904,202,40,91,378,9,617,801,515,173,605,727,832,18,847,273,110,204,579,385,775,975,332,648,290,867,818,159,71,744,837,740,864,481,450,311,528,660,372,685,25,845,417,473,318,135,893,813,465,889,928,544,251,622,580,666,149,983,820,742,725,322,158,494,42,817,584,464,984,854,145,285,937,477,353,774,317,931,816,620,567,415,896,618,118,52,823,992,911,856,737,344,980,185,434,516,313,297,140,177,406,882,976,536,851,248,245,259,367,126,636,947,866,713,539,179,239,874,23,105,156,375,305,541,559,5,961,624,511,532,763,62,766,746,129,181,265,241,215,416,952,292,82,752,271,343,72,146,165,92,320,437,738,189,564,649,22,635,789,270,552,591,662,327,58,773,697,672,604,76,954,231,252,226,394,806,256,124,490,167,2,141,919,223,638,877,120,448,761,50,960,424,53,389,786,139,974,795,449,172,707,470,548,309,206,230,613,768,631,36,20,569,392,296,428,96,833,696,16,918,418,253,73,885,808,17,521,611,495,150,44,41,610,247,304,441,409,386,712,115,776,227,306,456,593,714,430,651,200,15,462,973,711,750,364,1,28,859,401,568,871,491,933,753,203,982,183,560,244,442,13,719,736,914,815,699,637,447,953,446,108,988,557,444,969,138,236,628,405,585,380,827,435,213,803,106,693,678,39,153,868,316,263,199,169,547,300,426,178,944,728,457,991,830,890,90,792,780,75,301,433,718,554,399,368,469,916,93,892,860,551,184,500,400,31,48,479,436,288,608,487,701,326,339,168,361,443,360,695,249,946,95,240,427,88,374,325,905,759,825,955,321,411,757,537,275,600,658,886,3,503,556,948,546,192,686,799,615,445,517,966,346,224,381,665,570,338,219,667,657,607,207,527,77,298,639,760,879,113,119,14,680,220,694,166,277,925,422,376,130,764,739,218,347,784,214,429,708,531,939,717,371,234,255,734,196,142,97,398,970,182,735,956,502,772,601,272,703,162,482,81,630,924,114,691,534,542,841,858,797,352,758,373,122,47,589,805,565,505,131,936,747,489,57,303,384,770,749,123,10,336,116,463,849,212,228,341,154,222,990,100,652,616,423,128,330,125,65,87,78,700,312,863,46,731,283,328,909,958,157,499,663,496,771,32,985,362,133,710,4,836,402,641,268,474,514,299,331,794,455,74,898,86,812,722,61,488,629,187,348,646,673,258,741,412,963,211,674,366,588,682,881,8,254,572,943,661,899,307,246,643,64,626,284,902,439,702,669,351,407,612,824,221,869,915,26,111,354,397,829,278,655,121,602,787,664,687,205,834,917,586,709,790,480,862,486,7,191,935,257,679,379,529,853,160,467,452,706,783,989,822,356,155,566,906,785,848,934,250,19,421,289,959,831,419,27,55,681,164,821,781,819,6,634,873,555,358,355,24,865,209,261,883,704,573,653,363,337,310,287,518,504,598,777,103,176,295,581,721,
value : 521.757 running time : 33.996178
0 80 20
627 84.7095 18.0744
243 85.2504 17.8532
979 85.6024 17.7093
260 85.9468 17.5685
483 86.1538 17.4838
520 83.3877 25.3066
98 83.3443 25.4294
345 83.3443 25.4294
33 81.3182 29.3467
590 79.62 32.6299
45 75.1256 41.319
323 75.0022 42.0015
606 74.8796 42.6793
644 74.7757 43.2541
745 74.9625 43.4655
357 75.1394 43.6659
932 77.0616 45.8429
835 78.2819 47.2249
920 79.7383 48.8744
951 81.185 50.5128
684 82.342 51.8232
884 83.0463 52.6208
198 83.6782 53.3364
497 84.3313 54.076
506 83.6958 54.2296
170 83.0817 54.3779
107 82.3297 54.5596
383 81.2307 54.8251
838 80.6795 54.3301
201 80.1287 53.8354
29 78.9174 52.7475
274 78.3601 52.247
609 78.3601 52.247
592 78.3601 52.247
466 78.3601 52.247
195 78.3601 52.247
967 78.36 52.247
136 78.36 52.247
425 78.36 52.247
670 78.36 52.247
387 78.36 52.247
977 78.36 52.247
232 78.36 52.247
767 76.2996 55.2357
553 75.3794 56.5703
900 74.2386 58.2249
656 73.9472 58.6476
850 73.6555 59.0707
242 73.3529 59.5095
420 72.1729 61.2211
852 71.0537 62.8442
51 69.8919 64.5294
152 69.6066 64.9431
334 69.312 65.3704
962 68.9481 65.8983
83 68.5861 66.4232
743 62.1327 62.0984
102 62.1327 62.0984
35 62.1327 62.0984
440 62.1327 62.0984
67 62.1327 62.0984
762 62.1327 62.0984
654 62.1327 62.0984
293 62.1247 62.062
340 62.1177 62.0304
478 62.11 61.9955
647 62.1028 61.9628
238 62.0956 61.9302
793 62.088 61.896
964 62.0813 61.8654
625 62.0744 61.8339
595 62.0678 61.8043
112 62.0614 61.7753
668 62.016 61.5691
393 61.9688 61.3552
538 61.9172 61.1209
577 61.8684 60.8997
810 61.8233 60.6951
650 61.7797 60.4971
941 61.7308 60.2757
926 61.6823 60.0555
70 61.6518 59.9172
68 61.6248 59.7948
907 61.5939 59.6547
485 61.5617 59.5084
190 61.5307 59.3678
942 61.4996 59.2267
583 61.4672 59.0797
842 58.7489 53.9279
314 56.1527 49.0076
675 55.7933 48.3263
143 55.4868 47.7455
828 54.2146 45.3344
276 53.9337 45.4623
978 53.7176 45.5607
492 53.481 45.6685
43 53.2615 45.7685
69 53.0012 45.887
117 52.7629 45.9955
281 51.4786 46.5804
194 51.4591 46.3748
512 51.4404 46.1783
262 51.4217 45.9819
870 51.4011 45.7645
197 51.3814 45.5572
66 51.3633 45.3672
458 51.3456 45.181
716 51.3298 45.0142
594 51.3136 44.844
377 51.2972 44.672
623 51.2834 44.5267
217 51.2671 44.3552
751 51.2507 44.1828
875 50.7669 44.9593
930 50.2858 45.7313
844 49.6029 46.8271
85 48.7463 48.2018
471 47.9853 49.423
342 47.6136 50.0194
63 47.2438 50.6129
161 46.7648 51.3815
286 46.7648 51.3815
188 46.7648 51.3815
101 46.7648 51.3816
472 46.7648 51.3816
597 46.7648 51.3816
186 46.7648 51.3816
843 46.7648 51.3816
519 46.7648 51.3816
923 46.7648 51.3816
945 46.7648 51.3816
498 46.7648 51.3816
396 46.7648 51.3816
798 46.1937 52.1505
558 45.6469 52.8869
282 45.2124 53.472
621 44.9894 53.5911
30 44.7652 53.7108
839 44.564 53.8182
210 44.564 53.8182
461 44.564 53.8182
89 44.564 53.8182
370 44.564 53.8182
791 44.564 53.8182
929 42.6286 53.841
180 41.5991 53.8531
522 40.5843 53.8651
891 39.5506 53.8773
127 38.6816 53.8876
778 37.7587 53.8984
269 36.907 53.9085
49 36.1562 53.9174
576 35.4046 53.9262
603 34.4584 53.9374
913 33.5741 53.9478
720 32.7717 53.9573
688 32.6078 53.6023
788 32.4604 53.2831
938 32.2885 52.911
508 32.2498 52.827
237 32.2134 52.7482
599 32.1776 52.6708
507 32.1347 52.5778
34 32.0908 52.4827
59 31.814 51.8836
382 31.5313 51.2714
692 29.2771 46.3907
619 29.2291 46.351
811 29.1802 46.3105
414 29.1355 46.2736
38 29.0906 46.2365
151 29.0443 46.1981
535 28.9995 46.1611
476 28.9529 46.1225
723 28.9195 46.0949
147 28.8871 46.0682
549 28.8472 46.0351
413 28.6814 46.4276
949 28.5235 46.8014
302 28.3772 47.1478
403 28.2333 47.4884
525 28.0912 47.8248
438 27.9498 48.1596
388 27.8046 48.5032
475 27.6456 48.8797
11 27.4884 49.2519
391 27.317 49.6576
876 27.1569 50.0366
908 26.9837 50.4466
148 26.8137 50.8492
972 25.2069 54.6523
748 25.2069 54.6523
37 25.0984 54.9242
329 24.952 55.291
543 24.8296 55.5975
279 24.6874 55.9539
174 24.5495 56.2994
981 24.3998 56.6746
705 24.253 57.0422
698 24.1046 57.4142
633 23.9518 57.797
677 23.7864 58.2113
927 23.9215 59.1105
903 24.0019 59.6453
233 24.0757 60.1365
846 24.1556 60.6682
510 24.2279 61.1495
545 24.307 61.676
324 24.3963 62.2699
524 24.5071 63.0076
132 24.613 63.7126
267 24.7107 64.3628
729 24.8194 65.086
451 24.9361 65.8624
640 25.0758 66.7924
79 25.256 67.992
431 25.5366 69.8605
550 25.5366 69.8605
726 25.5366 69.8605
333 25.5366 69.8605
796 25.5366 69.8605
730 25.755 69.7938
950 25.9616 69.7306
888 26.1763 69.665
578 26.3903 69.5997
872 26.6556 69.5186
266 26.895 69.4455
965 27.149 69.3679
574 27.3969 69.2921
733 27.6472 69.2157
137 27.8984 69.1389
901 28.1324 69.0674
390 28.3666 68.9959
689 28.5952 68.926
957 28.827 68.8552
571 29.0533 68.7861
99 29.2749 68.7184
587 29.5151 68.645
349 29.7561 68.5714
897 29.9951 68.4983
971 30.2706 68.4142
526 30.5556 68.3271
60 30.8718 68.2305
614 31.2635 68.1108
533 31.2635 68.1108
756 31.2635 68.1108
493 31.5103 68.0801
765 31.7565 68.0494
54 31.9834 68.0212
104 32.1902 67.9954
404 32.3925 67.9702
523 32.5969 67.9448
501 32.7718 67.923
350 32.9745 67.8978
308 33.1388 67.8773
715 33.3079 67.8562
724 33.4709 67.836
225 33.6372 67.8152
359 33.7898 67.7963
175 33.9541 67.7758
804 34.1159 67.7556
365 34.2615 67.7375
291 34.4115 67.7188
683 34.5648 67.6997
809 34.7054 67.6822
878 34.8393 67.6656
922 34.9931 67.6464
163 35.4456 67.8644
264 35.8694 68.0685
459 36.2147 68.2349
732 36.551 68.3969
912 36.8845 68.5575
645 37.2427 68.73
21 37.6466 68.9246
596 38.0705 69.1288
513 38.5187 69.3447
171 38.8376 69.4983
80 39.1702 69.6585
562 39.5142 69.8242
410 39.7454 69.9356
894 39.9819 70.0495
484 40.2124 70.1605
216 40.4362 70.2683
910 40.461 70.6316
294 40.4865 71.0048
454 40.5092 71.3376
840 41.5016 72.1697
56 42.2645 72.8094
540 43.3996 73.7612
144 44.5687 74.7414
193 45.8383 75.8059
659 46.9201 76.713
408 47.8778 77.516
779 48.0043 77.3506
235 48.1148 77.2062
134 48.2123 77.0787
280 48.3052 76.9572
561 48.3998 76.8336
109 48.5059 76.6948
807 48.5964 76.5766
229 48.7045 76.4353
319 48.8011 76.3091
895 48.9109 76.1655
826 49.0184 76.025
921 49.1297 75.8795
769 49.2392 75.7363
453 49.3443 75.5989
755 49.434 75.4817
530 49.5315 75.3542
12 49.6403 75.2121
676 49.7561 75.0606
94 49.7561 75.0606
857 49.7561 75.0606
940 49.7562 75.0606
782 49.7562 75.0606
632 49.7562 75.0606
460 49.7562 75.0606
509 49.7562 75.0606
84 49.7562 75.0606
968 49.8885 75.203
855 50.0266 75.3516
468 50.1768 75.5132
987 50.3599 75.7102
800 50.5289 75.8921
861 50.6889 76.0642
563 50.8356 76.222
986 50.9884 76.3865
335 51.1562 76.567
642 51.3091 76.7315
582 51.4604 76.8943
315 51.6211 77.0672
887 51.7841 77.2426
671 51.9293 77.3989
575 52.0757 77.5564
208 52.2025 77.6928
432 52.3419 77.8428
880 52.4908 78.0031
369 52.6371 78.1605
754 52.7791 78.3133
690 52.8962 78.4392
802 52.9736 78.5226
814 53.0662 78.6222
395 54.4926 79.2815
904 55.7103 79.8444
202 55.7545 79.8649
40 56.2972 79.3786
91 57.0444 78.7091
378 57.8105 78.0226
9 58.5344 77.3739
617 59.2584 76.7252
801 59.2584 76.7252
515 59.2584 76.7252
173 59.9157 77.2058
605 60.5973 77.7042
727 61.4278 78.3113
832 62.2355 78.9019
18 63.146 79.5675
847 64.0418 80.2225
273 65.187 81.0597
110 72.9097 77.6704
204 75.4086 78.7341
579 75.4865 78.7673
385 75.5713 78.8034
775 75.6553 78.8391
975 75.7388 78.8747
332 75.8333 78.9149
648 75.9251 78.954
290 76.0038 78.9875
867 76.0914 79.0248
818 76.5003 79.1989
159 76.9039 79.3707
71 77.2518 79.5188
744 77.6289 79.6793
837 78.1174 79.8873
740 78.7925 80.1747
864 79.3662 80.4189
481 79.9555 80.6697
450 85.6098 83.0768
311 85.706 83.1488
528 85.7959 83.2161
660 85.8989 83.2932
372 86.0021 83.3705
685 85.2055 84.084
25 84.2971 84.8976
845 79.8769 88.8566
417 79.7631 88.9584
473 79.6488 89.0608
318 79.5044 89.1901
135 79.5044 89.1901
893 79.5044 89.1901
813 79.5044 89.1901
465 79.5044 89.1901
889 79.5044 89.1901
928 79.5044 89.1901
544 77.5348 89.1033
251 77.2833 89.0922
622 77.0437 89.0816
580 76.8622 89.0736
666 76.6727 89.0653
149 76.4922 89.0573
983 76.3631 89.0516
820 76.0301 89.0369
742 75.6731 89.0212
725 75.3363 89.0064
322 74.9646 88.99
158 73.0969 88.9077
494 71.4934 88.8371
42 69.0932 88.7313
817 67.2862 88.6517
584 65.6129 88.578
464 65.3122 88.5648
984 65.0074 88.5513
854 64.7335 88.5393
145 64.4002 88.5246
285 64.061 88.5097
937 63.6996 88.4937
477 63.2776 88.4752
353 62.8806 88.4577
774 62.3247 88.4332
317 62.0322 88.4203
931 61.7305 88.407
816 61.4231 88.3935
620 61.1348 88.3808
567 60.7639 88.3644
415 60.3691 88.347
896 60.021 88.3317
618 59.7089 88.318
118 59.4153 88.305
52 59.1322 88.2926
823 58.7989 88.2779
992 58.3556 88.2584
911 57.8883 88.2378
856 57.4355 88.2178
737 56.9846 88.198
344 56.5136 88.1772
980 56.3359 88.1694
185 56.1601 88.1617
434 55.9572 88.1527
516 55.7989 88.1458
313 55.6498 88.1392
297 55.5063 88.1329
140 55.3233 88.1249
177 55.1485 88.1172
406 54.9573 88.1087
882 54.7691 88.1005
976 47.1711 85.0935
536 47.1494 85.4099
851 47.1293 85.7011
248 47.1111 85.9671
245 47.0894 86.2823
259 47.068 86.5937
367 47.046 86.9135
126 47.0273 87.1863
636 47.0057 87.5005
947 46.9825 87.8378
866 46.9584 88.1884
713 46.9377 88.4903
539 46.919 88.7616
179 46.8999 89.0401
239 46.8768 89.3756
874 46.8541 89.7058
23 46.8361 89.9685
105 46.6748 89.9213
156 46.5139 89.8743
375 46.3535 89.8274
305 46.1975 89.7818
541 46.0469 89.7378
559 45.8867 89.691
5 45.7294 89.645
961 45.5745 89.5997
624 45.4113 89.552
511 45.1594 89.4784
532 44.8777 89.3961
763 44.5675 89.3054
62 44.2855 89.223
766 43.9594 89.1277
746 43.6554 89.0389
129 43.3014 88.9354
181 42.9818 88.842
265 42.6648 88.7493
241 42.5333 88.7109
215 42.405 88.6734
416 42.2787 88.6365
952 42.1591 88.6015
292 41.909 88.5285
82 41.6885 88.464
752 41.4582 88.3967
271 41.1613 88.1591
343 40.891 87.9427
72 40.5903 87.7019
146 40.2963 87.4666
165 40.0188 87.2445
92 39.6553 86.9535
320 39.3412 86.7021
437 38.9586 86.3958
738 38.5927 86.1029
189 37.6327 85.3344
564 36.8378 84.6982
649 35.8837 83.9345
22 34.9455 83.1834
635 30.798 79.8637
789 29.9445 79.1805
270 29.2744 78.6441
552 28.4084 77.9509
591 28.5276 78.2493
662 28.6545 78.5669
327 28.7764 78.8718
58 28.9749 79.3687
773 29.1484 79.8029
697 29.305 80.1948
672 29.4725 80.6139
604 29.6102 80.9585
76 29.759 81.331
954 29.8977 81.678
231 30.045 82.0467
252 30.1595 82.3333
226 30.2918 82.6644
394 30.4346 83.0217
806 30.5547 83.3223
256 30.6814 83.6393
124 30.8024 83.9422
490 30.933 84.269
167 31.0655 84.6008
2 31.2041 84.9476
141 31.342 85.2925
919 31.476 85.628
223 31.607 85.9559
638 31.7533 86.322
877 31.9021 86.6942
120 32.0361 87.0297
448 32.1696 87.3639
761 32.2738 87.6246
50 32.3791 87.8881
960 32.5449 88.3031
424 32.6335 88.5247
53 32.7476 88.8104
389 32.8419 89.0465
786 32.7128 89.0569
139 32.6019 89.0658
974 32.4836 89.0754
795 32.3464 89.0865
449 32.2209 89.0966
172 32.0814 89.1078
707 31.9427 89.119
470 31.8039 89.1302
548 31.6703 89.141
309 31.5368 89.1518
206 31.3926 89.1634
230 30.9444 89.1996
613 30.4878 89.2365
768 29.9887 89.2768
631 29.9489 89.28
36 29.9103 89.2831
20 29.8725 89.2861
569 29.8368 89.289
392 29.4917 89.3169
296 29.1115 89.3476
428 28.7373 89.3778
96 28.3656 89.4078
833 27.9779 89.4391
696 27.6269 89.4674
16 27.2941 89.4943
918 26.9406 89.5228
418 26.559 89.5537
253 26.2092 89.5819
73 25.8456 89.6113
885 25.4696 89.6416
808 25.1199 89.6698
17 24.6742 89.7058
521 24.3075 89.7354
611 23.9581 89.7636
495 23.5569 89.796
150 23.248 89.821
44 22.8699 89.8515
41 22.5079 89.8807
610 22.1225 89.9119
247 21.6763 89.9479
304 21.365 89.973
441 21.1758 89.9883
409 20.9688 90.005
386 20.7265 90.0246
712 20.5225 90.041
115 20.3173 90.0576
776 20.117 90.0738
227 19.9232 90.0894
306 19.7369 90.1045
456 19.5269 90.1214
593 19.3162 90.1385
714 19.1076 90.1553
430 18.8957 90.1724
651 18.6353 90.1934
200 18.3506 90.2164
15 18.3346 90.2177
462 18.3179 90.2191
973 18.3007 90.2205
711 18.2834 90.2219
750 18.2681 90.2231
364 18.2538 90.2243
1 18.2538 90.2243
28 18.2538 90.2243
859 16.4826 90.2585
401 14.6756 90.2935
568 14.5344 90.2962
871 14.4039 90.2988
491 14.2639 90.3015
933 14.0412 90.3059
753 13.8127 90.3103
203 13.5771 90.3149
982 13.4168 90.318
183 13.2606 90.3211
560 13.0948 90.3243
244 12.9232 90.3276
442 12.7422 90.3312
13 12.5628 90.3347
719 12.3709 90.3384
736 12.1962 90.3418
914 12.0258 90.3451
815 11.8663 90.3482
699 11.7032 90.3514
637 11.5357 90.3547
447 11.3715 90.3579
953 11.2106 90.361
446 11.0611 90.3639
108 10.9028 90.367
988 10.7437 90.3701
557 10.7437 90.3701
444 10.7437 90.3701
969 10.7437 90.3701
138 10.7437 90.3701
236 10.7437 90.3701
628 10.7437 90.3701
405 10.7437 90.3701
585 10.7437 90.3701
380 10.7437 90.3701
827 10.7437 90.3701
435 10.7437 90.3701
213 10.7437 90.3701
803 10.8006 90.1074
106 10.8535 89.8632
693 10.911 89.5978
678 10.9658 89.3446
39 11.0225 89.0829
153 11.0865 88.7873
868 11.1459 88.5134
316 11.2234 88.1556
263 11.2932 87.8331
199 11.3642 87.5054
169 11.4412 87.1498
547 11.5144 86.8121
300 11.5912 86.4574
426 11.6714 86.0873
178 11.7492 85.7282
944 11.8236 85.3847
728 11.8923 85.0675
457 11.9469 84.8156
991 11.9972 84.5832
830 12.0429 84.3722
890 12.0836 84.1845
90 12.1219 84.0077
792 12.1576 83.8426
780 12.1971 83.6602
75 12.2356 83.4826
301 12.2721 83.3139
433 12.3138 83.1217
718 12.3502 82.9535
554 12.3909 82.7657
399 12.4033 82.7084
368 12.4159 82.65
469 12.4462 82.5105
916 12.4754 82.3754
93 12.5055 82.2363
892 12.537 82.091
860 12.5697 81.94
551 12.5998 81.8011
184 12.6293 81.6649
500 12.6601 81.5227
400 12.688 81.3942
31 12.7133 81.2773
48 12.7402 81.1529
479 12.7684 81.0228
436 12.7936 80.9067
288 12.819 80.7893
608 12.8595 80.6023
487 12.8982 80.4234
701 12.9365 80.2468
326 12.9698 80.0928
339 13.0033 79.9382
168 13.037 79.783
361 13.0707 79.6273
443 13.1014 79.4855
360 13.1305 79.3513
695 13.1608 79.2113
249 13.1944 79.0561
946 13.2311 78.8866
95 13.2632 78.7385
240 13.2995 78.5711
427 13.3398 78.3848
88 13.3719 78.2367
374 13.4053 78.0825
325 13.4364 77.9392
905 13.4694 77.7867
759 13.5051 77.6219
825 13.5481 77.4234
955 13.5899 77.2302
321 13.6349 77.0225
411 13.6839 76.7965
757 13.6897 76.7697
537 13.6971 76.7358
275 13.542 76.3798
600 13.4071 76.07
658 13.2704 75.7561
886 13.1234 75.4186
3 12.9553 75.0326
503 12.8328 74.7513
556 12.7133 74.477
948 12.5884 74.1901
546 12.4735 73.9264
192 12.3287 73.5938
686 12.2085 73.3178
799 12.0914 73.049
615 12.0071 72.8555
445 11.9051 72.6213
517 11.809 72.4006
966 11.7216 72.1999
346 11.7216 72.1999
224 11.7216 72.1999
381 11.7216 72.1999
665 11.7216 72.1999
570 11.7216 72.1999
338 11.4656 71.3699
219 11.2177 70.5663
667 10.9803 69.7969
657 10.7556 69.0685
607 10.509 68.2692
207 10.2603 67.4631
527 9.3748 64.5918
77 9.3748 64.5918
298 9.3748 64.5918
639 9.6432 64.6092
760 9.98938 64.6318
879 10.3509 64.6553
113 10.7191 64.6793
119 11.013 64.6984
14 11.3031 64.7173
680 11.663 64.7407
220 11.9919 64.7621
694 11.9919 64.7621
166 12.3231 62.638
277 12.3304 62.5911
925 12.3389 62.5365
422 12.3465 62.4876
376 12.3531 62.4453
130 12.3601 62.4002
764 12.3676 62.352
739 12.3747 62.3066
218 12.3823 62.2579
347 12.3893 62.2132
784 12.3965 62.167
214 12.4039 62.1191
429 12.41 62.0805
708 12.4181 62.0285
531 12.4181 62.0284
939 12.4181 62.0284
717 12.4781 61.8148
371 12.545 61.5769
234 12.6296 61.2763
255 12.716 60.969
734 12.8195 60.6011
196 12.9638 60.0879
142 13.1103 59.5671
97 13.1103 59.5671
398 13.1103 59.5671
970 13.1103 59.5671
182 13.1103 59.5671
735 13.1103 59.5671
956 13.1103 59.5671
502 13.1103 59.5671
772 13.1103 59.5671
601 13.1103 59.5671
272 13.1103 59.5671
703 13.1103 59.5671
162 13.1103 59.5671
482 13.1103 59.5671
81 13.1103 59.5671
630 13.1103 59.5671
924 13.1103 59.5671
114 12.9806 58.8697
691 12.837 58.0981
534 12.6958 57.3386
542 12.5836 56.7356
841 12.4785 56.1706
858 12.3876 55.6817
797 12.2999 55.2098
352 12.2304 54.8364
758 12.1604 54.4597
373 12.0954 54.1103
122 12.0345 53.7829
47 12.0283 53.5656
589 12.0222 53.3512
805 12.0159 53.1334
565 12.0098 52.9193
505 12.0036 52.7039
131 11.9976 52.4948
936 11.9907 52.251
747 11.9838 52.0116
489 11.9759 51.7379
57 11.9682 51.4674
303 11.9605 51.1986
384 11.9526 50.9228
770 11.9468 50.7229
749 11.9414 50.5344
123 11.9359 50.3417
10 11.9306 50.1551
336 11.9302 50.143
116 11.9299 50.1301
463 11.9295 50.1168
849 11.9291 50.1042
212 11.91 49.4372
228 11.8958 48.9415
341 11.8832 48.502
154 11.8705 48.0585
222 11.8579 47.6183
990 11.845 47.1649
100 11.8336 46.7688
652 11.8205 46.3094
616 11.8073 45.8477
423 11.7948 45.4112
128 11.7829 44.9974
330 11.7706 44.5656
125 11.759 44.1613
65 11.7495 43.831
87 11.7465 43.7243
78 11.7436 43.6224
700 11.7406 43.517
312 11.7377 43.4158
863 11.7345 43.3059
46 11.7314 43.1978
731 11.7284 43.0915
283 11.7253 42.982
328 11.7223 42.8798
909 11.7223 42.8798
958 11.7223 42.8798
157 11.7223 42.8798
499 11.7322 41.8336
663 11.7409 40.9154
496 11.7505 39.9086
771 11.7633 38.5557
32 11.7881 35.9351
985 11.8235 32.1951
362 11.8672 27.5686
133 11.8682 27.4694
710 11.8691 27.3667
4 11.8701 27.2647
836 11.8711 27.1638
402 11.872 27.0596
641 11.8729 26.9635
268 11.8738 26.8686
474 11.8748 26.7684
514 11.8756 26.6778
299 11.8766 26.5754
331 11.8776 26.4736
794 11.8785 26.3771
455 11.8794 26.2785
74 11.8803 26.1842
898 11.8812 26.0883
86 11.8834 25.8594
812 11.9809 15.5173
722 11.9809 15.5173
61 11.9809 15.5173
488 11.9809 15.5173
629 11.9809 15.5173
187 11.9809 15.5173
348 11.9809 15.5173
646 11.9809 15.5173
673 11.9809 15.5173
258 11.9809 15.5173
741 12.1212 15.5531
412 12.2525 15.5867
963 12.3913 15.6221
211 12.5403 15.6601
674 12.6838 15.6968
366 12.8349 15.7354
588 12.9759 15.7714
682 13.1173 15.8075
881 13.2651 15.8452
8 13.4185 15.8844
254 13.5579 15.92
572 13.6809 15.9514
943 19.9909 17.5625
661 20.652 17.7314
899 21.3621 17.9128
307 22.0701 18.0936
246 22.6164 18.2332
643 23.1284 18.364
64 23.6659 18.5012
626 24.1656 18.6289
284 24.6088 18.7421
902 25.0428 18.8529
439 25.5016 18.9702
702 25.964 19.0882
669 26.4394 19.2097
351 26.92 19.3324
407 27.3681 19.4469
612 29.2257 25.3845
824 29.3758 25.8641
221 29.53 26.357
869 29.6832 26.8465
915 29.8149 27.2674
26 29.954 27.712
111 30.3111 28.8531
354 30.9074 30.7589
397 31.8236 33.6874
829 31.8236 33.6874
278 31.8236 33.6874
655 31.8237 33.6874
121 32.0195 33.689
602 32.2459 33.691
787 32.5195 33.6933
664 32.7776 33.6956
687 33.0537 33.6979
205 33.3201 33.7002
834 33.6746 33.7033
917 33.9904 33.706
586 34.2687 33.7083
709 34.5155 33.7105
790 34.8213 33.7131
480 35.104 33.7155
862 35.3746 33.7178
486 35.6046 33.7198
7 35.941 33.7227
191 36.2813 33.7256
935 36.6169 33.7285
257 36.8925 33.7308
679 37.1554 33.7331
379 37.4594 33.7357
529 37.756 33.7382
853 38.0842 33.7411
160 38.3932 33.7437
467 38.7134 33.7465
452 39.0091 33.749
706 39.2455 33.751
783 39.5149 33.7533
989 39.9973 33.7575
822 40.4786 33.7616
356 41.1331 33.7672
155 41.7753 33.7727
566 42.3138 33.7774
906 42.9464 33.7828
785 43.1645 33.7847
848 43.3738 33.7865
934 44.9136 33.0596
250 46.347 32.383
19 47.7336 31.7284
421 49.0881 31.0891
289 50.6245 30.3638
959 52.2788 29.5828
831 52.2808 29.5819
419 52.2827 29.581
27 52.2847 29.5801
55 52.2867 29.5791
681 52.2886 29.5782
164 52.2907 29.5772
821 52.2929 29.5762
781 52.2949 29.5752
819 52.297 29.5743
6 52.2989 29.5733
634 52.3008 29.5725
873 52.3027 29.5716
555 52.3047 29.5706
358 52.3067 29.5697
355 53.2708 27.2038
24 54.5386 24.0925
865 52.9843 22.8105
209 51.087 21.2456
261 48.2828 18.9327
883 46.9199 17.8087
704 46.426 17.4013
573 46.1085 17.1395
653 45.8328 16.9121
363 45.5333 16.6651
337 45.8553 16.6516
310 46.1915 16.6375
287 46.5335 16.6231
518 46.972 16.6047
504 58.3801 16.1259
598 59.9828 16.0586
777 61.0588 16.0134
103 62.1678 15.9669
176 64.3785 16.4669
295 66.5395 16.9556
581 68.7195 17.4487
721 72.377 18.276
