0,103,777,295,504,176,598,24,721,581,819,6,873,959,419,55,930,209,675,634,45,358,870,314,875,681,594,355,781,27,821,831,606,143,357,421,19,785,555,155,865,935,43,377,828,257,69,250,66,63,492,472,262,848,906,853,945,512,276,197,458,716,217,751,844,356,793,49,210,471,623,370,188,186,597,281,127,101,264,161,644,843,342,978,396,35,485,538,70,117,798,293,923,779,596,519,393,617,515,440,810,468,762,964,282,625,498,286,85,225,577,216,855,523,791,84,595,340,9,193,976,91,671,317,112,904,395,290,18,208,335,109,417,744,297,465,378,847,509,931,818,782,802,986,513,826,940,800,636,632,861,126,769,460,614,676,724,894,350,683,540,563,215,968,453,743,235,248,857,134,171,226,144,558,582,921,315,895,459,484,80,163,715,410,137,526,910,54,308,60,806,912,21,104,175,804,431,927,571,645,493,252,689,479,965,888,99,501,537,697,220,552,658,897,789,507,599,574,924,662,872,270,81,500,730,223,41,604,954,359,382,878,79,846,184,132,487,333,361,946,349,950,400,635,326,168,339,600,16,680,903,587,329,726,733,640,601,34,162,720,267,764,729,901,981,390,510,327,701,275,971,266,454,929,56,809,324,365,30,591,621,404,576,461,533,89,291,59,451,788,839,269,237,957,545,913,891,180,388,543,147,535,603,391,38,876,771,778,756,549,862,529,11,7,566,917,475,508,525,989,78,438,194,413,706,765,922,732,414,151,522,692,480,687,748,619,379,783,452,790,160,164,467,191,289,351,310,573,653,702,287,518,307,669,337,26,407,363,704,883,626,284,111,822,261,586,121,934,64,221,787,643,439,709,899,354,834,278,915,641,679,829,811,612,869,602,32,125,664,486,402,246,205,824,661,836,187,710,488,8,812,362,963,61,646,722,254,366,674,902,682,881,348,588,211,741,331,629,412,74,898,673,86,4,794,299,258,572,455,474,65,943,228,499,328,663,514,797,985,268,46,133,312,863,990,700,958,10,384,956,302,688,705,908,735,422,655,397,403,949,476,938,37,174,758,723,148,496,633,691,279,222,233,565,616,218,489,154,858,57,542,303,87,841,123,972,936,283,341,157,749,423,182,142,463,770,909,731,100,505,330,128,212,652,116,527,805,214,784,376,589,122,534,373,192,698,772,849,47,531,352,708,336,166,630,234,760,677,321,686,966,255,657,14,703,347,717,371,277,219,517,502,503,224,739,925,991,427,113,130,411,196,77,728,207,667,346,799,939,3,879,482,607,119,639,298,97,338,734,747,445,694,381,970,131,524,114,796,272,736,95,398,890,374,665,247,31,914,792,570,719,547,718,263,780,948,429,560,178,860,108,444,815,457,637,551,556,955,446,325,892,240,93,399,301,693,803,830,433,554,944,546,585,75,90,169,213,988,495,916,695,750,953,386,712,462,1,711,106,568,304,699,368,236,316,13,436,753,88,435,405,628,969,300,982,827,364,39,401,442,678,153,905,447,426,615,868,759,203,244,469,825,557,199,138,227,424,44,380,17,15,973,200,428,578,761,58,886,550,167,491,50,885,859,773,288,141,73,48,36,631,20,253,96,795,608,360,28,409,672,610,92,611,808,786,430,714,651,183,833,593,696,115,776,768,933,521,443,871,124,296,649,249,441,241,394,757,919,139,613,22,120,456,960,918,638,470,306,150,418,490,76,866,165,181,375,559,569,763,271,539,392,416,320,807,389,343,53,172,814,713,448,738,437,840,2,319,239,548,707,305,874,766,206,974,265,309,947,659,82,752,961,189,146,292,746,449,129,877,256,231,230,72,156,5,887,774,202,816,118,618,564,406,245,179,880,408,536,294,561,369,344,562,584,415,851,755,259,94,642,575,530,105,229,541,690,23,367,754,882,624,856,511,911,434,532,140,984,622,516,896,280,62,992,273,952,83,12,801,285,620,477,177,251,845,464,158,52,567,185,318,313,737,823,980,817,145,149,40,544,813,42,580,494,854,353,820,742,159,937,135,864,893,666,983,928,372,685,889,473,322,25,660,204,648,450,332,311,71,725,528,385,740,775,832,334,837,51,383,654,201,962,975,867,727,605,481,900,579,432,987,67,852,420,907,110,152,650,173,238,668,647,68,478,583,684,767,920,842,190,926,656,102,466,195,29,553,977,967,198,850,592,838,951,323,242,942,387,609,670,232,932,274,941,506,497,170,884,136,107,425,745,835,98,520,590,33,345,627,483,243,260,979,
value : 496.632 running time : 51.107805
0 80 20
103 67.6129 15.1941
777 67.3433 15.7437
295 67.0879 16.2643
504 66.8553 16.7386
176 66.6323 17.1932
598 66.3934 17.6801
24 66.165 18.1457
721 65.9447 18.5949
581 65.0215 20.4759
819 64.0545 22.4461
6 63.1456 24.298
873 62.3741 25.87
959 62.0981 26.4327
419 61.8123 27.0152
55 61.2168 29.1763
930 60.6612 31.1927
209 60.3535 32.3099
675 60.1594 33.0145
634 59.9971 33.6039
45 59.8456 34.1541
358 59.6975 34.692
870 59.5527 35.218
314 59.4461 35.6053
875 59.3417 35.9844
681 59.2659 36.2598
594 59.1873 36.5452
355 59.1132 36.8145
781 59.039 37.0843
27 58.9614 37.3662
821 58.8823 37.6535
831 58.7986 37.9576
606 58.6583 38.4669
143 58.5262 38.9468
357 56.934 39.2482
421 55.026 39.6094
19 55.026 39.6094
785 55.026 39.6094
555 55.026 39.6094
155 53.274 40.4858
865 52.9149 40.6655
935 52.5177 40.8642
43 52.1649 41.0406
377 51.7664 41.24
828 51.3212 41.4627
257 50.659 41.794
69 50.4789 41.8841
250 50.3065 41.9703
66 50.0753 42.086
63 49.8344 42.2065
492 49.5884 42.3295
472 49.3497 42.449
262 49.1291 42.5593
848 48.8998 42.674
906 48.6807 42.7837
853 48.4468 42.9007
945 48.4393 42.9234
512 48.4326 42.9439
276 48.4261 42.9641
197 48.4195 42.9841
458 48.4128 43.0047
716 48.4058 43.0264
217 48.3988 43.0476
751 48.3922 43.0679
844 48.0131 44.2301
356 47.5872 45.5352
793 47.1525 46.8676
49 47.1525 46.8676
210 47.9007 47.592
471 48.6794 48.346
623 48.9922 48.6489
370 49.2703 48.9182
188 49.661 49.2966
186 49.9875 49.6127
597 50.2935 49.909
281 50.5949 50.201
127 50.8892 50.4859
101 51.3177 50.9009
264 51.7377 51.3076
161 52.2781 51.8309
644 52.6783 52.2184
843 52.6783 52.2184
342 52.6783 52.2184
978 52.6783 52.2184
396 52.6783 52.2184
35 52.6783 52.2184
485 52.6783 52.2184
538 52.6783 52.2184
70 52.6783 52.2184
117 52.3989 52.8108
798 51.4285 54.8699
293 50.6436 56.5354
923 49.7011 58.5352
779 48.6797 60.7026
596 47.9588 62.2322
519 47.9588 62.2322
393 51.6395 65.4709
617 51.6395 65.4709
515 51.6395 65.4709
440 51.6395 65.4709
810 51.6395 65.4709
468 51.6395 65.4709
762 51.6395 65.4709
964 51.6395 65.4709
282 51.6395 65.4709
625 51.6395 65.4709
498 51.6395 65.4709
286 51.6395 65.4709
85 51.6395 65.4709
225 51.8357 65.6829
577 52.0612 65.9268
216 52.2855 66.1692
855 52.5108 66.4128
523 52.7365 66.6568
791 53.0015 66.9434
84 53.263 67.2262
595 53.5265 67.5111
340 53.2048 69.0271
9 52.8423 70.7359
193 52.4931 72.3815
976 52.4931 72.3815
91 53.8845 72.9702
671 55.3842 73.6046
317 56.7049 74.1634
112 57.5444 74.5185
904 58.4409 74.8977
395 59.2139 75.2247
290 59.9089 75.5186
18 60.476 75.7585
208 61.0051 75.9822
335 61.6205 76.2425
109 62.2872 76.5245
417 63.7132 77.1278
744 63.6022 77.1075
297 63.4907 77.0871
465 63.3818 77.0671
378 63.2633 77.0455
847 63.1482 77.0244
509 63.0373 77.0041
931 62.9291 76.9843
818 62.8223 76.9647
782 59.2017 76.3022
802 57.2705 75.9488
986 56.1271 75.7394
513 55.2852 75.5853
826 54.6408 75.4673
940 54.086 75.3657
800 53.5572 75.2689
636 52.9947 75.1659
632 52.4692 75.0697
861 51.9494 74.9746
126 51.4171 74.8771
769 50.8996 74.7824
460 50.3508 74.6819
614 49.1006 74.453
676 48.8192 74.4015
724 48.5779 74.3574
894 48.3842 74.3219
350 48.1886 74.2861
683 47.9983 74.2512
540 47.8356 74.2215
563 47.6823 74.1934
215 47.5212 74.1639
968 47.3787 74.1378
453 47.2254 74.1097
743 47.0684 74.081
235 46.9077 74.0516
248 46.7486 74.0225
857 46.5888 73.9932
134 46.4128 73.961
171 46.2408 73.9295
226 46.085 73.901
144 45.9494 73.8762
558 45.8115 73.8509
582 45.6798 73.8268
921 45.5358 73.8004
315 45.392 73.7741
895 44.3814 73.5891
459 43.0549 73.3463
484 42.0196 73.1568
80 40.8536 72.9433
163 39.7428 72.74
715 38.6636 72.5424
410 37.5823 72.3444
137 36.0332 72.0609
526 35.1949 71.9075
910 35.0988 71.8898
54 34.9915 71.8702
308 34.878 71.8494
60 34.7672 71.8292
806 34.6617 71.8098
912 34.5569 71.7907
21 34.4596 71.7728
104 34.3638 71.7553
175 34.2687 71.7379
804 34.1697 71.7198
431 26.2932 70.2783
927 26.2932 70.2783
571 26.2932 70.2783
645 26.2932 70.2783
493 26.2932 70.2783
252 26.2932 70.2783
689 26.2932 70.2783
479 26.2932 70.2783
965 26.2932 70.2783
888 26.2932 70.2783
99 26.2932 70.2783
501 26.2932 70.2783
537 26.2932 70.2783
697 26.2932 70.2783
220 26.2932 70.2783
552 26.2932 70.2783
658 26.2932 70.2783
897 26.2932 70.2783
789 26.2932 70.2783
507 26.2932 70.2783
599 26.2932 70.2783
574 26.2932 70.2783
924 26.2932 70.2783
662 26.2932 70.2783
872 26.2932 70.2783
270 26.2932 70.2783
81 26.2193 70.2479
500 26.1577 70.2225
730 26.1184 70.2064
223 26.0766 70.1892
41 26.0315 70.1706
604 25.9829 70.1506
954 25.9334 70.1302
359 25.8833 70.1096
382 25.8309 70.088
878 25.7803 70.0672
79 25.7253 70.0445
846 25.6711 70.0222
184 25.6171 70
132 25.5829 69.9521
487 25.552 69.9087
333 25.521 69.8653
361 25.4886 69.8199
946 25.4577 69.7766
349 25.4254 69.7313
950 25.3947 69.6883
400 25.363 69.6439
635 25.3543 69.6317
326 25.3453 69.6191
168 25.3364 69.6066
339 25.3275 69.5941
600 25.3186 69.5816
16 25.3098 69.5692
680 25.3001 69.5557
903 25.2915 69.5435
587 25.2824 69.5309
329 25.2731 69.5178
726 25.2643 69.5054
733 25.2556 69.4932
640 25.2469 69.481
601 25.2377 69.4681
34 25.2287 69.4555
162 25.2198 69.443
720 25.6218 68.2864
267 26.0059 67.1811
764 26.3429 66.2111
729 26.434 66.1139
901 26.524 66.0178
981 26.6132 65.9226
390 26.7026 65.8272
510 26.7913 65.7325
327 26.8755 65.6426
701 26.9609 65.5514
275 27.0554 65.4505
971 27.152 65.3474
266 27.249 65.2439
454 27.3502 65.1358
929 28.3271 64.0916
56 29.1435 63.2191
809 29.8563 62.4574
324 30.4754 61.7957
365 31.0829 61.1466
30 31.67 60.5193
591 32.2514 59.898
621 33.1509 58.9366
404 33.1509 58.9366
576 33.0657 58.5505
461 32.9754 58.1412
533 32.8975 57.7883
89 32.8156 57.4171
291 32.7402 57.0751
59 32.6485 56.6595
451 32.5628 56.2713
788 32.4531 55.7738
839 32.3274 55.2042
269 32.1902 54.5825
237 32.0675 54.0263
957 31.944 53.4665
545 31.7845 52.7438
913 31.6232 52.0128
891 31.4815 51.3705
180 31.3269 50.6698
388 31.165 49.9359
543 31.0444 49.3893
147 30.9326 48.8827
535 30.8084 48.3201
603 30.698 47.8195
391 30.5747 47.2608
38 30.4504 46.6975
876 30.3356 46.1771
771 30.2113 45.6138
778 30.2113 45.6138
756 30.2113 45.6138
549 30.2113 45.6138
862 30.2439 45.6482
529 30.2727 45.6787
11 30.3032 45.7109
7 30.3347 45.7442
566 30.3669 45.7782
917 30.3979 45.8109
475 30.4261 45.8407
508 30.4575 45.8739
525 30.4883 45.9065
989 30.5205 45.9405
78 30.5477 45.9693
438 31.4683 46.9421
194 32.5237 48.0574
413 33.2716 48.8477
706 34.039 49.6587
765 34.9259 50.5958
922 34.9313 50.558
732 34.9369 50.5195
414 35.302 47.9874
151 35.5466 46.2912
522 35.7168 45.1118
692 35.9131 43.7512
480 36.077 42.6149
687 36.2246 41.5921
748 36.3728 40.5651
619 36.5454 39.3686
379 36.7943 37.6426
783 36.9017 36.8985
452 37.0377 35.956
790 37.3574 33.7384
160 37.8147 30.5668
164 38.2569 27.4993
467 37.8477 26.2896
191 37.4191 25.0226
289 36.8949 23.4731
351 36.1799 21.3587
310 36.0445 20.9588
573 35.9112 20.565
653 35.7834 20.1874
702 35.6494 19.7916
287 36.2727 17.9293
518 36.7833 16.4041
307 36.2264 17.1515
669 35.954 17.5172
337 35.65 17.9253
26 35.3467 18.3324
407 35.044 18.7389
363 34.6986 19.2026
704 34.325 19.7041
883 33.9292 20.2353
626 33.5268 20.7755
284 33.1341 21.3025
111 32.7827 21.7743
822 32.4149 22.268
261 32.05 22.7578
586 31.6635 23.2766
121 31.0218 23.8658
934 30.8822 23.9941
64 30.5737 24.2774
221 30.256 24.5692
787 29.9656 24.8358
643 29.6836 25.0948
439 29.3895 25.3649
709 29.0969 25.6336
899 28.7977 25.9083
354 28.5224 26.1612
834 28.2568 26.4051
278 27.9644 26.6736
915 27.6767 26.9378
641 27.3876 27.2033
679 27.1183 27.4506
829 26.9215 27.6314
811 26.7353 27.8024
612 26.572 27.9524
869 26.4182 28.0936
602 26.2651 28.2342
32 26.0964 28.3892
125 26.0964 28.3892
664 26.0964 28.3892
486 24.9677 27.4588
402 23.5684 26.3055
246 22.9892 25.8281
205 22.4329 25.3696
824 21.202 24.3551
661 19.1125 22.6328
836 17.1872 21.0459
187 12.3279 17.0405
710 12.0292 16.7942
488 11.6449 16.4775
8 11.4062 16.2807
812 11.0766 16.009
362 11.0826 16.2174
963 11.0885 16.4197
61 11.0937 16.5972
646 11.099 16.7798
722 11.1043 16.9654
254 11.1115 17.2135
366 11.1181 17.4405
674 11.1249 17.6746
902 11.132 17.9204
682 11.1378 18.1202
881 11.1438 18.3258
348 11.1519 18.6038
588 11.1598 18.8767
211 11.1677 19.1514
741 11.1765 19.454
331 11.185 19.7462
629 11.1926 20.0077
412 11.2429 21.7437
74 11.3121 24.1305
898 11.3657 25.9786
673 11.3824 26.5531
86 11.4002 27.1676
4 11.4133 27.6178
794 11.4266 28.0752
299 11.44 28.5387
258 11.4542 29.0259
572 11.47 29.5697
455 11.4861 30.1273
474 11.5058 30.8057
65 11.5596 32.6591
943 11.6014 34.1009
228 11.6702 36.474
499 11.7137 37.9716
328 11.7261 37.9916
663 11.7397 38.0134
514 11.7509 38.0315
797 11.985 38.4075
985 12.1155 38.6171
268 12.2515 38.8356
46 12.4332 39.1274
133 12.616 39.4209
312 13.021 40.0717
863 13.437 40.74
990 13.8731 41.4409
700 14.3146 42.1501
958 14.7787 42.8958
10 15.3916 43.8807
384 16.1079 45.0317
956 17.4143 47.1316
302 18.1808 48.3632
688 18.1808 48.3632
705 18.1808 48.3632
908 18.1808 48.3633
735 18.1808 48.3633
422 18.05 48.3261
655 17.9198 48.2891
397 17.7918 48.2527
403 17.6563 48.2142
949 17.5163 48.1743
476 17.3807 48.1358
938 17.2493 48.0985
37 17.1132 48.0598
174 16.9682 48.0186
758 16.8279 47.9787
723 16.6882 47.939
148 16.5407 47.897
496 16.3993 47.8568
633 16.2619 47.8178
691 16.1049 47.7732
279 15.945 47.7277
222 15.7828 47.6816
233 15.6386 47.6406
565 15.2058 47.5176
616 14.7655 47.3924
218 14.3308 47.2688
489 14.1614 47.2206
154 14.0039 47.1759
858 13.8486 47.1317
57 13.6758 47.0826
542 13.5104 47.0356
303 13.341 46.9874
87 13.183 46.9425
841 13.1678 46.9539
123 13.1529 46.965
972 13.1379 46.9762
936 13.123 46.9874
283 13.1086 46.9982
341 13.0929 47.0099
157 13.0771 47.0218
749 13.0691 47.0278
423 13.0613 47.0336
182 13.053 47.0398
142 13.0448 47.0459
463 13.0356 47.0528
770 13.027 47.0592
909 13.0183 47.0658
731 13.0097 47.0722
100 13.001 47.0787
505 12.9926 47.085
330 12.9839 47.0915
128 12.7592 48.1302
212 12.5127 49.2695
652 12.2442 50.5107
116 11.9691 51.7829
527 11.9363 52.4276
805 11.9052 53.0397
214 11.874 53.6535
784 11.8434 54.2557
376 11.819 54.7351
589 11.8 55.1088
122 11.7819 55.4653
534 11.7667 55.765
373 11.7497 56.0983
192 11.7304 56.4777
698 11.7139 56.8039
772 11.6953 57.1701
849 11.6784 57.502
47 11.6555 57.953
531 11.6294 58.4663
352 11.6053 58.9401
708 11.577 59.4962
336 11.5433 60.1597
166 11.5062 60.8892
630 11.4504 61.986
234 11.4029 62.9207
760 11.3537 63.8889
677 11.3004 64.9369
321 11.2255 66.4099
686 11.2198 66.5226
966 11.2142 66.6323
255 11.2087 66.7407
657 11.2029 66.8544
14 11.1978 66.9551
703 11.1927 67.054
347 11.1874 67.1587
717 11.1817 67.2717
371 11.1761 67.3813
277 11.1705 67.492
219 11.165 67.6006
517 11.1593 67.7115
502 11.1537 67.8227
503 11.148 67.9337
224 11.1425 68.0426
739 11.1407 68.0777
925 11.1389 68.114
991 11.1287 68.3132
427 11.1203 68.4799
113 11.1118 68.6473
130 11.1038 68.804
411 11.0955 68.9682
196 11.087 69.1346
77 11.0773 69.3261
728 11.0671 69.5267
207 11.0587 69.6915
667 11.0513 69.8378
346 11.0438 69.9857
799 11.0369 70.1208
939 11.0297 70.2626
3 11.021 70.4357
879 11.0118 70.6156
482 11.0027 70.7945
607 10.9933 70.9808
119 10.9841 71.1612
639 10.9745 71.3497
298 10.9652 71.5326
97 10.9565 71.7041
338 10.9475 71.8828
734 10.9384 72.061
747 10.9291 72.2447
445 10.9165 72.4925
694 10.9043 72.7327
381 10.8923 72.9687
970 10.8797 73.2169
131 10.8665 73.4771
524 10.85 73.8008
114 10.8277 74.2406
796 10.7862 75.0573
272 10.7483 75.8033
736 10.6906 76.9383
95 10.6735 77.2744
398 10.6602 77.5369
890 10.6403 77.9294
374 10.6211 78.3077
665 10.6015 78.6925
247 10.5696 79.3219
31 10.5484 79.7379
914 10.5266 80.1668
792 10.5181 80.335
570 10.5097 80.5011
719 10.5008 80.6761
547 10.4922 80.8444
718 10.4844 80.9978
263 10.4769 81.1458
780 10.4702 81.2787
948 10.4634 81.4123
429 10.455 81.5781
560 10.4451 81.7734
178 10.4353 81.9663
860 10.4258 82.1527
108 10.4153 82.3593
444 10.4059 82.5442
815 10.3965 82.7288
457 10.3876 82.9053
637 10.3775 83.1036
551 10.3688 83.2761
556 10.3594 83.4608
955 10.349 83.6644
446 10.3384 83.8729
325 10.3289 84.0618
892 10.319 84.2556
240 10.3092 84.4494
93 10.299 84.6502
399 10.289 84.8468
301 10.2788 85.0469
693 10.269 85.24
803 10.2596 85.4255
830 10.2508 85.5996
433 10.2407 85.7977
554 10.2296 86.0168
944 10.215 86.3047
546 10.1988 86.6234
585 10.1813 86.9675
75 10.1685 87.2195
90 10.153 87.5247
169 10.1049 88.4705
213 10.0495 89.5616
988 10.0461 89.6287
495 10.108 89.624
916 10.1627 89.6199
695 10.2149 89.616
750 10.2613 89.6125
953 10.3087 89.609
386 10.3614 89.605
712 10.4128 89.6012
462 10.4605 89.5976
1 10.5073 89.5941
711 10.5551 89.5905
106 10.6032 89.5869
568 10.6554 89.583
304 10.7074 89.5791
699 10.7599 89.5751
368 10.8131 89.5711
236 10.8567 89.5679
316 10.9031 89.5644
13 10.9513 89.5608
436 10.9962 89.5574
753 11.0447 89.5538
88 11.0904 89.5504
435 11.1303 89.5474
405 11.1744 89.5441
628 11.2206 89.5406
969 11.2658 89.5372
300 11.3121 89.5337
982 11.375 89.529
827 11.4325 89.5247
364 11.4925 89.5202
39 11.5517 89.5158
401 11.617 89.5109
442 11.6853 89.5057
678 11.7453 89.5012
153 11.8108 89.4963
905 11.8771 89.4914
447 11.9432 89.4864
426 12.0097 89.4814
615 12.0807 89.4761
868 12.1633 89.4699
759 12.2567 89.4629
203 12.5586 89.4403
244 12.8997 89.4148
469 13.2121 89.3914
825 13.4998 89.3698
557 13.5646 89.365
199 13.6309 89.36
138 13.7031 89.3546
227 13.7771 89.349
424 13.8508 89.3435
44 13.9159 89.3386
380 13.9769 89.3341
17 14.6167 89.2861
15 15.234 89.2399
973 15.8012 89.1973
200 16.3882 89.1533
428 17.9414 89.0371
578 18.3689 89.005
761 18.7411 88.9771
58 19.0904 88.9509
886 19.4385 88.9248
550 19.7906 88.8984
167 20.1151 88.8741
491 20.3819 88.8541
50 20.6586 88.8334
885 20.9424 88.8121
859 21.221 88.7912
773 21.4994 88.7703
288 21.7212 88.7537
141 21.9573 88.736
73 22.1596 88.7208
48 22.349 88.7066
36 22.6753 88.6822
631 22.9904 88.6586
20 23.2767 88.6371
253 23.2767 88.6371
96 23.2767 88.6371
795 23.2767 88.6371
608 23.2767 88.6371
360 23.2767 88.6371
28 23.2767 88.6371
409 23.2767 88.6371
672 23.2767 88.6371
610 23.2767 88.6371
92 23.2767 88.6371
611 23.2767 88.6371
808 23.2768 88.6371
786 23.2768 88.6371
430 23.2768 88.6371
714 23.2768 88.6371
651 23.2768 88.6371
183 23.2768 88.6371
833 23.2768 88.6371
593 23.2768 88.6371
696 23.2768 88.6371
115 23.2768 88.6371
776 23.2768 88.6371
768 23.2768 88.6371
933 23.2768 88.6371
521 23.2768 88.6371
443 23.2768 88.6371
871 25.5254 88.8027
124 27.3787 88.9393
296 28.5183 89.023
649 29.6242 89.1043
249 29.7647 89.1147
441 29.9176 89.1259
241 30.1677 89.1443
394 30.3842 89.1602
757 30.5868 89.175
919 30.8006 89.1907
139 31.0074 89.2059
613 31.0074 89.2059
22 31.0074 89.2059
120 31.0074 89.2059
456 31.0074 89.2059
960 31.299 89.1982
918 31.586 89.1907
638 31.8699 89.1832
470 32.1405 89.1761
306 32.401 89.1692
150 32.8601 89.1571
418 33.316 89.1451
490 33.87 89.1305
76 34.6872 89.109
866 35.8671 89.0779
165 36.5225 89.0606
181 36.9508 89.0493
375 37.3765 89.0381
559 37.6977 89.0296
569 37.8379 89.0259
763 37.9835 89.0221
271 38.1177 89.0186
539 38.2604 89.0148
392 38.3946 89.0113
416 38.5373 89.0075
320 38.681 89.0037
807 38.8048 89.0005
389 38.9319 88.9971
343 39.0577 88.9938
53 39.1782 88.9906
172 39.3008 88.9874
814 39.435 88.9839
713 39.5541 88.9807
448 39.6677 88.9778
738 39.7853 88.9747
437 39.9078 88.9714
840 40.028 88.9683
2 40.1459 88.9652
319 40.2872 88.9614
239 40.4141 88.9581
548 40.5326 88.955
707 40.6618 88.9516
305 40.8015 88.9479
874 40.9252 88.9446
766 41.0433 88.9415
206 41.1624 88.9384
974 41.2782 88.9353
265 41.4092 88.9319
309 41.557 88.928
947 41.7102 88.924
659 41.8401 88.9205
82 41.9702 88.9171
752 42.0963 88.9138
961 43.3639 88.8803
189 43.481 88.8772
146 43.6283 88.8734
292 43.7833 88.8693
746 43.9524 88.8648
449 44.1055 88.8608
129 44.2625 88.8567
877 44.4224 88.8524
256 44.5856 88.8481
231 44.8034 88.8424
230 45.1004 88.8346
72 45.4395 88.8256
156 45.8901 88.8138
5 46.3143 88.8026
887 46.7616 88.7908
774 47.1185 88.7814
202 47.4636 88.7723
816 47.7377 88.7651
118 47.9092 88.7605
618 48.0674 88.7564
564 48.2159 88.7525
406 48.3938 88.7478
245 48.5656 88.7432
179 48.7312 88.7389
880 48.8957 88.7345
408 49.0528 88.7304
536 49.2098 88.7263
294 49.3615 88.7223
561 49.5424 88.7175
369 49.7638 88.7117
344 49.9537 88.7067
562 50.2493 88.45
584 50.5226 88.2128
415 50.8169 87.9573
851 51.0972 87.714
755 51.3839 87.4651
259 51.6626 87.2231
94 51.9406 86.9817
642 52.1047 87.1395
575 52.2731 87.3013
530 52.4382 87.4601
105 52.6184 87.6334
229 52.7474 87.7575
541 52.8983 87.9026
690 52.99 87.9029
23 53.0762 87.9032
367 53.1486 87.9034
754 53.2207 87.9036
882 53.2904 87.9038
624 53.4675 87.9044
856 53.6497 87.9049
511 53.8152 87.9054
911 53.9978 87.906
434 54.1584 87.9065
532 54.3321 87.907
140 55.0824 87.9093
984 55.918 87.9119
622 56.6522 87.9142
516 57.1706 87.9158
896 57.798 87.9177
280 58.4764 87.9198
62 59.2683 87.9222
992 60.3066 87.9254
273 61.2836 87.9284
952 62.2049 87.9312
83 63.905 87.9364
12 63.9709 87.9367
801 64.0449 87.9369
285 64.1207 87.9371
620 64.1923 87.9373
477 64.2631 87.9376
177 64.3346 87.9378
251 64.4108 87.938
845 64.4815 87.9382
464 64.5503 87.9384
158 64.6224 87.9387
52 64.6897 87.9389
567 64.7568 87.9391
185 64.8251 87.9393
318 64.8965 87.9395
313 64.9581 87.9397
737 65.0468 87.94
823 65.1425 87.9403
980 65.2281 87.9405
817 65.3541 87.9409
145 65.4779 87.9413
149 65.5939 87.9417
40 65.697 87.942
544 67.5831 87.9478
813 69.3777 87.9533
42 70.925 87.9581
580 73.9824 87.9675
494 74.4942 87.9691
854 74.9716 87.9706
353 75.4678 87.9721
820 76.0273 87.9738
742 76.4961 87.9753
159 76.966 87.9767
937 77.4258 87.9781
135 78.0871 87.9802
864 78.6962 87.982
893 79.3573 87.9841
666 79.997 87.986
983 80.8209 87.9886
928 81.6866 87.9826
372 86.0123 83.5669
685 85.8467 83.4344
889 85.6712 83.2938
473 85.4805 83.1411
322 85.2849 82.9845
25 85.0816 82.8216
660 84.8407 82.6287
204 84.5732 82.4145
648 84.3167 82.2091
450 84.071 82.0124
332 82.8673 81.0479
311 82.0322 80.3788
71 80.7123 79.3213
725 79.8664 78.6435
528 78.3165 77.4018
385 76.6834 76.0934
740 75.0996 74.8245
775 72.3605 72.6303
832 69.0054 69.9429
334 69.0054 69.9429
837 68.884 69.898
51 68.7612 69.8526
383 68.6449 69.8096
654 68.5069 69.7586
201 68.3784 69.7111
962 68.2419 69.6606
975 68.1081 69.6112
867 67.9628 69.5575
727 67.8172 69.5036
605 67.6701 69.4492
481 67.5521 69.4056
900 67.4165 69.3555
579 67.2711 69.3017
432 67.0976 69.2376
987 67.3436 68.7636
67 67.6919 68.0925
852 68.0335 67.4342
420 68.3105 66.9004
907 68.5537 66.4317
110 68.7904 65.9757
152 69.0212 65.5309
650 69.2484 65.0932
173 69.47 64.6662
238 69.7301 64.1651
668 70.0163 63.6134
647 70.514 62.6545
68 71.1585 61.4124
478 72.0319 59.7295
583 73.3179 57.2512
684 74.4031 55.16
767 74.5239 54.9031
920 74.6607 54.612
842 74.7826 54.3526
190 74.9059 54.0902
926 75.0473 53.7895
656 75.1838 53.499
102 75.3352 53.1769
466 75.5076 52.8102
195 75.6075 52.5977
29 75.7039 52.3925
553 75.789 52.2115
977 75.8755 52.0275
967 75.975 51.8157
198 76.0726 51.6081
850 76.168 51.4051
592 76.2728 51.1822
838 76.368 50.9798
951 76.4662 50.7709
323 76.5552 50.5814
242 76.7786 50.5616
942 76.9821 50.5435
387 77.39 50.5072
609 77.7814 50.4724
670 78.1924 50.4359
232 78.6337 50.3966
932 79.2503 50.3417
274 79.8558 50.2878
941 80.4712 50.2331
506 83.9446 49.9228
497 86.8491 49.6635
170 86.8347 48.8762
884 86.819 48.0163
136 86.8019 47.0818
107 86.7837 46.0847
425 86.7598 44.7675
745 86.6847 40.5995
835 86.6341 37.8043
98 86.5791 34.7614
520 86.5377 32.4795
590 86.4919 29.9496
33 86.439 27.0274
345 86.3691 23.149
627 86.3125 20.0151
483 86.2686 17.5918
243 86.2679 17.5918
260 86.2672 17.5919
979 83.7541 18.5574
