0,243,260,979,483,627,520,590,98,345,33,170,977,497,195,920,835,932,136,884,107,242,838,592,198,951,323,609,29,745,967,387,425,45,274,466,675,314,670,656,102,293,478,420,485,232,282,964,650,35,238,644,942,117,190,926,767,553,583,941,143,84,852,201,396,907,290,850,468,762,519,595,621,235,855,484,453,161,793,968,85,810,286,727,109,91,676,538,577,779,800,440,582,769,513,248,12,208,315,245,801,847,395,415,280,369,179,987,880,9,144,832,605,229,744,654,460,515,259,509,575,668,110,83,818,18,340,393,962,378,775,937,332,740,51,417,864,465,159,742,481,68,528,975,647,67,334,383,152,173,867,837,385,684,506,660,900,579,204,648,25,685,473,450,372,311,889,322,928,983,135,158,580,149,820,251,544,845,464,992,52,177,817,318,71,666,823,353,893,725,494,984,285,620,42,297,854,477,813,145,622,931,273,904,671,317,861,851,343,118,980,690,567,434,856,911,584,367,23,618,887,816,774,305,754,40,408,344,202,185,896,737,541,511,62,874,882,877,139,814,449,394,156,866,746,569,713,974,172,636,320,763,516,947,659,313,530,952,559,536,309,532,961,105,624,448,738,642,292,649,561,976,406,252,662,2,193,189,80,226,140,319,239,921,60,215,223,230,241,437,350,335,614,894,540,782,986,807,562,294,82,940,126,802,617,112,755,563,134,225,724,632,895,94,564,270,432,291,523,163,175,404,359,826,124,872,591,454,501,576,683,171,715,857,791,743,843,370,597,281,216,625,804,498,798,558,732,923,188,186,623,357,978,70,262,842,594,606,906,458,101,875,945,472,66,342,862,716,180,844,452,276,69,356,63,870,989,512,848,155,210,492,217,269,461,89,809,127,903,901,510,723,264,237,756,267,79,493,788,640,533,410,459,471,34,104,645,957,910,329,778,839,324,633,733,137,927,635,950,54,765,929,56,308,21,596,587,30,922,688,729,912,658,220,720,550,608,604,168,339,326,167,571,365,878,599,574,321,825,479,361,701,730,537,526,796,266,244,946,600,88,41,16,757,548,92,76,96,253,672,470,638,256,231,789,919,73,840,786,443,918,773,689,296,141,375,5,752,389,766,392,265,271,146,539,808,165,416,960,206,129,430,707,20,53,613,181,22,120,456,72,227,806,697,333,424,753,418,58,696,490,578,288,150,885,491,28,93,714,776,462,115,631,521,761,428,36,833,610,593,611,768,954,249,442,973,695,469,316,247,495,386,441,15,651,306,871,712,409,859,13,44,933,886,795,50,1,693,364,916,360,183,138,240,31,95,301,557,446,750,827,236,699,435,436,792,719,75,426,969,803,178,444,48,628,405,982,199,759,914,988,213,346,380,200,953,585,300,263,39,304,568,711,815,892,637,203,547,401,718,868,106,447,728,678,153,955,224,905,108,570,546,169,736,90,487,17,399,431,368,888,374,560,554,503,551,207,890,944,780,184,325,556,615,607,14,99,726,948,433,131,219,784,966,445,517,799,427,667,639,381,830,665,400,272,680,457,860,630,694,411,234,81,119,255,298,970,703,398,3,686,114,657,277,991,939,717,97,218,371,482,429,500,879,338,77,601,772,897,233,196,524,764,972,422,130,981,279,502,965,349,132,382,327,113,507,924,275,162,390,59,735,552,971,846,531,303,925,739,376,397,705,451,691,373,858,805,734,47,534,192,956,565,760,936,527,122,347,589,708,747,849,174,100,116,677,166,128,312,770,499,909,731,330,841,863,222,771,384,328,157,958,57,542,463,214,949,154,663,336,352,758,283,698,142,341,489,123,700,797,87,505,78,990,749,10,476,46,616,423,182,228,652,496,212,438,475,603,302,545,508,706,49,413,205,403,525,37,655,391,414,908,664,535,11,891,619,748,148,938,522,917,566,147,913,876,194,687,790,783,811,935,679,934,289,209,853,586,379,197,834,787,7,38,388,480,354,543,836,284,641,822,915,869,824,529,829,151,486,121,985,32,125,64,602,439,474,307,246,402,702,221,278,612,65,943,549,572,133,898,794,86,514,299,268,588,74,348,963,812,455,4,710,412,187,258,646,61,881,722,682,899,629,674,362,673,331,366,741,661,254,902,8,211,488,643,709,669,626,883,310,111,351,407,337,287,573,704,363,518,653,261,160,26,467,191,257,692,27,19,555,781,43,421,55,785,377,634,681,250,358,819,164,873,419,821,355,865,751,930,828,831,24,6,598,959,504,295,777,103,176,581,721,
value : 544.987 running time : 33.655482
0 80 20
243 85.3271 17.942
260 86.1934 17.6074
979 86.2364 17.6057
483 86.2816 17.6039
627 86.392 20.5814
520 86.6025 26.2615
590 86.6348 27.1306
98 86.6602 27.8164
345 86.6833 28.4376
33 86.9456 35.5169
170 87.3666 46.8856
977 87.4366 48.7742
497 87.4467 49.0443
195 86.4911 48.9741
920 85.8657 48.9282
835 85.3159 48.8878
932 84.78 48.8484
136 84.3152 48.8142
884 83.8368 48.7791
107 83.3102 48.7404
242 82.4201 48.675
838 81.4895 48.6066
592 80.4972 48.5337
198 79.6523 48.4716
951 78.5976 48.3941
323 76.7351 48.2573
609 75.9709 48.2012
29 75.2318 48.1468
745 74.5102 48.0938
967 73.8088 48.0423
387 73.004 47.9831
425 71.6504 47.8837
45 69.9161 47.7563
274 69.9161 47.7563
466 69.6715 48.2225
675 69.3967 48.7462
314 69.0885 49.3335
670 68.6738 50.1237
656 68.2097 51.0081
102 67.8046 51.7799
293 67.4229 52.5073
478 67.1358 53.0543
420 66.892 53.5191
485 66.6662 53.9494
232 66.4482 54.3648
282 64.3126 58.4308
964 64.3126 58.4308
650 64.3126 58.4308
35 64.3126 58.4308
238 64.3126 58.4308
644 64.3126 58.4308
942 64.3324 58.5271
117 64.3514 58.6197
190 64.3716 58.7185
926 64.3914 58.8149
767 64.4125 58.9179
553 64.4333 59.019
583 64.4559 59.1295
941 64.4785 59.2394
143 64.4999 59.344
84 64.5832 59.7507
852 64.6633 60.1416
201 64.7273 60.4541
396 64.1462 60.9335
907 63.57 61.4089
290 62.9883 61.8887
850 62.7963 61.9356
468 60.4573 62.507
762 59.0208 62.8579
519 57.6967 63.1814
595 56.6396 63.4397
621 54.7852 63.8927
235 54.8111 64.1517
855 54.8358 64.3979
484 54.8596 64.6359
453 54.881 64.8497
161 54.9022 65.0615
793 54.9239 65.2782
968 54.9479 65.5183
85 54.9706 65.745
810 55.04 66.4387
286 55.1204 67.2407
727 55.2828 68.8611
109 55.2828 68.8611
91 55.2828 68.8611
676 55.2828 68.8611
538 55.2828 68.8611
577 55.2528 69.0871
779 55.1773 69.6547
800 55.0991 70.243
440 55.0319 70.7484
582 54.9556 71.3222
769 54.8843 71.8588
513 54.8149 72.3805
248 54.7489 72.8771
12 54.701 73.2375
208 54.6658 73.5025
315 54.6268 73.7958
245 54.5868 74.0967
801 54.5868 74.0967
847 54.5868 74.0967
395 54.5868 74.0967
415 54.5868 74.0967
280 54.5868 74.0967
369 54.5868 74.0967
179 54.5868 74.0967
987 54.5868 74.0967
880 54.5868 74.0967
9 54.5868 74.0967
144 54.5868 74.0967
832 55.4928 74.1806
605 56.2932 74.2548
229 57.0676 74.3265
744 57.8471 74.3987
654 58.1589 74.4276
460 58.4237 74.4521
515 58.6884 74.4766
259 58.9537 74.5012
509 60.5025 74.6447
575 61.9774 74.7814
668 63.8035 74.9506
110 66.4246 75.1934
83 66.8742 75.2351
818 67.293 75.2739
18 67.6404 75.306
340 68.0129 75.3405
393 68.4367 75.3798
962 68.9474 75.4271
378 69.4291 75.4717
775 70.0585 75.53
937 70.642 75.5841
332 71.2527 75.6407
740 71.5133 75.6648
51 71.5133 75.6648
417 71.5133 75.6648
864 71.5133 75.6648
465 71.5133 75.6648
159 71.5133 75.6648
742 71.5133 75.6648
481 71.6241 74.6696
68 71.7505 73.5332
528 71.7737 73.3248
975 71.5497 71.7497
647 71.3378 70.2598
67 71.9152 70.2206
334 72.5987 70.1741
383 73.1229 70.1385
152 73.5845 70.1072
173 74.0479 70.0757
867 75.1042 70.0039
837 76.4328 69.9136
385 78.3009 69.7865
684 80.1241 69.6626
506 81.0521 69.5995
660 82.3861 72.758
900 82.617 73.3046
579 83.1007 74.4498
204 83.934 76.4227
648 84.7693 78.4006
25 85.4602 80.0364
685 85.6533 80.4936
473 85.7972 80.8343
450 85.9153 81.1138
372 86.0688 81.4774
311 85.3888 82.4137
889 83.8467 84.5371
322 82.4335 86.4829
928 81.177 88.213
983 80.4374 88.1783
135 78.8805 88.1052
158 77.5096 88.0408
580 76.5045 87.9936
149 74.4631 87.4161
820 74.1261 87.3208
251 73.6315 87.1809
544 73.1395 87.0418
845 72.6676 86.9083
464 72.211 86.7792
992 71.8673 86.682
52 71.8566 86.679
177 71.8455 86.6759
817 71.8355 86.673
318 71.8256 86.6702
71 71.8153 86.6673
666 71.8053 86.6645
823 71.7949 86.6616
353 71.7851 86.6588
893 71.7757 86.6561
725 71.4831 86.5735
494 71.0629 86.4548
984 70.6226 86.3304
285 70.2314 86.2199
620 69.8426 86.11
42 69.3851 85.9807
297 68.9278 85.8516
854 68.4738 85.7233
477 68.026 85.5968
813 67.5511 85.4626
145 67.0917 85.3328
622 66.6219 85.2001
931 66.1592 85.0693
273 65.6888 84.9364
904 65.2174 84.8032
671 63.1324 85.3443
317 61.1709 85.8532
861 59.2468 86.3525
851 57.6061 86.7781
343 56.1166 87.1644
118 55.6694 87.2803
980 55.2265 87.3951
690 54.7883 87.5087
567 54.3476 87.6229
434 53.8693 87.7468
856 53.6931 87.7925
911 53.5134 87.839
584 53.3252 87.8878
367 53.1296 87.9385
23 52.9357 87.9887
618 52.8148 88.02
887 52.6958 88.0509
816 52.5747 88.0822
774 52.4457 88.1156
305 52.3199 88.1482
754 52.2028 88.1786
40 52.0806 88.2102
408 51.955 88.2428
344 51.8359 88.2736
202 51.7313 88.3007
185 51.6234 88.3287
896 50.947 88.504
737 50.2538 88.6837
541 49.3493 88.9182
511 48.6165 89.1081
62 47.8957 89.2949
874 47.1387 89.4911
882 46.6481 89.6182
877 44.997 90.0464
139 43.7995 90.3569
814 43.7995 90.3569
449 43.7995 90.3569
394 43.7995 90.3569
156 43.7995 90.3569
866 43.7995 90.3569
746 43.7995 90.3569
569 43.7995 90.3569
713 43.7995 90.3569
974 43.7995 90.3569
172 43.7995 90.3569
636 43.7995 90.3569
320 43.7995 90.3569
763 43.7995 90.3569
516 43.7995 90.3569
947 43.7995 90.3569
659 43.7995 90.3569
313 43.7995 90.3569
530 43.7995 90.3569
952 43.7995 90.3569
559 43.7995 90.3569
536 43.7995 90.3569
309 43.7995 90.3569
532 43.7995 90.3569
961 43.7995 90.3569
105 43.7995 90.3569
624 43.7995 90.3569
448 43.636 89.7028
738 43.468 89.0305
642 43.2966 88.3451
292 43.1291 87.6752
649 42.9577 86.9894
561 42.7913 86.3235
976 42.6326 85.6884
406 42.4917 85.124
252 42.3656 84.6194
662 42.2555 84.1783
2 42.1795 83.8737
193 42.103 83.5672
189 42.0309 83.278
80 41.9585 82.9879
226 41.9196 82.832
140 41.88 82.6732
319 41.8415 82.5187
239 41.8027 82.3632
921 41.6953 81.933
60 41.5881 81.5037
215 41.7494 81.2683
223 41.9098 81.034
230 42.0847 80.7786
241 42.5144 80.1511
437 43.0052 79.4346
350 43.623 78.5326
335 44.2233 77.6561
614 44.2182 77.4605
894 44.2132 77.2668
540 44.2083 77.0819
782 44.2036 76.9014
986 44.1987 76.7124
807 44.194 76.5325
562 44.1891 76.3476
294 44.1842 76.1592
82 44.1793 75.9706
940 44.1743 75.7791
126 44.1689 75.572
802 44.1631 75.3531
617 44.1573 75.1291
112 44.1573 75.1291
755 44.1431 75.1148
563 44.1289 75.1004
134 44.1136 75.0851
225 44.0993 75.0707
724 44.0858 75.0571
632 44.0737 75.0449
895 44.0606 75.0316
94 44.0466 75.0175
564 44.0316 75.0025
270 44.016 74.9868
432 44.0025 74.9731
291 43.0999 74.0642
523 42.739 73.7006
163 42.3931 73.3521
175 42.0676 73.0242
404 41.781 72.7355
359 41.506 72.4584
826 41.335 72.2861
124 41.1243 72.0738
872 40.9471 71.8952
591 40.7804 71.7272
454 40.6242 71.5699
501 40.4858 70.3845
576 41.1129 69.3793
683 41.537 68.6997
171 41.9273 68.0741
715 42.3442 67.406
857 42.7684 66.7261
791 44.6365 63.7316
743 45.7659 61.9213
843 46.8765 60.1412
370 47.1259 59.7415
597 47.3851 59.3262
281 47.6379 58.921
216 47.8921 58.5137
625 48.1625 58.0803
804 48.4142 57.6769
498 48.7261 57.177
798 49.0237 56.7001
558 49.3366 56.1985
732 49.7465 55.5417
923 50.4186 54.4645
188 51.1075 53.3603
186 51.7797 52.283
623 52.4881 51.1475
357 53.1491 50.0882
978 53.2498 49.9267
70 53.3438 49.776
262 53.4234 49.6485
842 53.5102 49.5094
594 53.5847 49.39
606 53.656 49.2758
906 53.656 49.2758
458 53.656 49.2758
101 52.9542 49.3975
875 52.3838 49.4964
945 51.7786 49.6013
472 51.2249 49.6973
66 50.7078 49.7869
342 50.131 49.8869
862 49.6042 49.9782
716 49.4861 49.9987
180 49.3507 50.0222
844 49.2357 50.0421
452 49.1101 50.0639
276 48.9919 50.0844
69 48.8718 50.1052
356 48.747 50.1268
63 48.6391 50.1455
870 48.5261 50.1651
989 48.3973 50.1875
512 48.3117 50.2023
848 48.2279 50.2168
155 48.1411 50.2319
210 48.057 50.2465
492 47.9798 50.2598
217 47.8979 50.274
269 40.1924 51.6098
461 38.5123 51.901
89 36.5979 52.2329
809 35.0876 52.4947
127 33.4267 52.7826
903 30.56 53.2795
901 30.56 53.2795
510 30.56 53.2795
723 30.56 53.2795
264 31.5048 58.5829
237 31.5377 58.7666
756 31.5717 58.9569
267 31.6067 59.1525
79 31.6416 59.348
493 31.6775 59.5487
788 31.7128 59.7465
640 31.7483 59.9447
533 31.7851 60.1508
410 31.8217 60.3552
459 31.7338 60.419
471 31.6421 60.4855
34 31.5358 60.5626
104 31.4414 60.6311
645 31.3427 60.7027
957 31.2443 60.774
910 31.1491 60.8431
329 31.0461 60.9178
778 31.0461 60.9178
839 31.0461 60.9178
324 31.0461 60.9178
633 31.0461 60.9178
733 30.5012 61.6588
137 29.963 62.3905
927 29.4565 63.0793
635 29.0121 63.6835
950 28.7664 64.0173
54 28.7664 64.0173
765 28.7664 64.0173
929 28.7664 64.0173
56 28.7664 64.0173
308 28.7664 64.0173
21 28.7664 64.0173
596 28.7664 64.0173
587 28.7664 64.0173
30 28.7664 64.0173
922 28.7664 64.0173
688 28.7664 64.0173
729 28.4351 64.9486
912 28.0821 65.9411
658 27.6486 67.1602
220 27.3228 68.0761
720 27.0462 68.8534
550 26.7737 69.6193
608 26.5693 70.1935
604 26.5196 70.333
168 26.4694 70.4741
339 26.4236 70.6028
326 26.3807 70.723
167 26.3398 70.8379
571 26.3398 70.8379
365 26.3398 70.8379
878 25.8482 71.4612
599 25.2646 72.2011
574 23.6606 74.2345
321 21.0104 77.5944
825 21.2244 77.8279
479 21.4387 78.0618
361 21.6595 78.3027
701 21.9027 78.5681
730 22.1726 78.8626
537 22.4241 79.137
526 22.6723 79.4078
796 22.9459 79.7063
266 23.2661 80.0557
244 23.6073 80.428
946 23.9558 80.8083
600 24.3396 81.2271
88 24.8694 81.8052
41 25.5049 82.4986
16 26.1318 83.1826
757 26.815 83.9281
548 27.6129 84.7987
92 27.6778 84.8695
76 27.7393 84.9366
96 27.8055 85.0089
253 27.8659 85.0748
672 27.9298 85.1445
470 27.9937 85.2142
638 28.0475 85.2729
256 28.1031 85.3335
231 28.1587 85.3942
789 28.2083 85.4483
919 28.3018 85.5504
73 28.3904 85.6471
840 28.4746 85.7389
786 28.5514 85.8227
443 28.6177 85.895
918 28.8802 86.1815
773 29.1088 86.4309
689 29.3307 86.673
296 30.575 88.0307
141 32.3925 90.0137
375 34.7495 92.5853
5 35.1192 92.9887
752 34.9969 92.9545
389 34.8771 92.9209
766 34.7504 92.8854
392 34.6188 92.8486
265 34.4897 92.8124
271 34.3573 92.7753
146 34.2268 92.7388
539 34.0964 92.7023
808 33.9591 92.6638
165 33.8265 92.6267
416 33.5371 92.5456
960 33.23 92.4596
206 32.9194 92.3726
129 32.58 92.2775
430 32.2214 92.177
707 31.8804 92.0815
20 31.5374 91.9854
53 31.1942 91.8892
613 30.8116 91.782
181 30.4073 91.6687
22 29.7217 91.4765
120 28.9775 91.2678
456 28.2175 91.0547
72 27.4805 90.8481
227 26.6045 90.6024
806 26.187 90.4854
697 25.6834 90.3442
333 25.2162 90.2133
424 25.2162 90.2133
753 25.2162 90.2133
418 25.2162 90.2133
58 25.2162 90.2133
696 25.2162 90.2133
490 25.2162 90.2133
578 25.2162 90.2133
288 25.2162 90.2133
150 25.2162 90.2133
885 25.2162 90.2133
491 25.2162 90.2133
28 25.2162 90.2133
93 25.2162 90.2133
714 25.2162 90.2133
776 25.2162 90.2133
462 25.2162 90.2133
115 25.2162 90.2133
631 25.2162 90.2133
521 25.2162 90.2133
761 25.2162 90.2133
428 25.2162 90.2133
36 25.2162 90.2133
833 25.2162 90.2133
610 25.2161 90.2133
593 25.2161 90.2133
611 25.2161 90.2133
768 25.2161 90.2133
954 25.2161 90.2133
249 24.1611 90.1781
442 23.2497 90.1477
973 22.6307 90.1271
695 22.165 90.1116
469 21.7234 90.097
316 21.3036 90.083
247 21.2434 90.081
495 21.1883 90.0792
386 21.1334 90.0774
441 21.0834 90.0757
15 21.0297 90.0739
651 20.9788 90.0722
306 20.9279 90.0706
871 20.8711 90.0687
712 20.8157 90.0668
409 20.7648 90.0651
859 20.7095 90.0633
13 20.6501 90.0613
44 20.5948 90.0595
933 20.5368 90.0576
886 20.4819 90.0558
795 20.4295 90.054
50 19.0789 90.0088
1 17.683 89.9621
693 16.6585 89.9279
364 15.9419 89.9041
916 15.3861 89.8856
360 14.8283 89.867
183 14.2386 89.8474
138 13.6026 89.8263
240 12.9885 89.8058
31 12.7697 89.7986
95 12.5549 89.7914
301 12.3372 89.7842
557 12.1294 89.7773
446 11.9169 89.7703
750 11.7081 89.7634
827 11.4966 89.7564
236 11.3 89.7499
699 11.1011 89.7433
435 10.8957 89.7365
436 10.7032 89.7301
792 10.5108 89.7237
719 10.3319 89.7178
75 10.1568 89.712
426 10.1547 89.7119
969 10.1526 89.7118
803 10.1505 89.7118
178 10.1485 89.7117
444 10.1465 89.7116
48 10.1446 89.7116
628 10.1423 89.7115
405 10.1402 89.7114
982 10.1381 89.7113
199 10.136 89.7113
759 10.1338 89.7112
914 10.1318 89.7111
988 10.1296 89.711
213 10.1269 89.6398
346 10.0423 87.38
380 10.0408 87.3414
200 10.0374 87.2518
953 10.0338 87.1588
585 10.0303 87.0667
300 10.0266 86.9706
263 10.023 86.8772
39 10.0194 86.7836
304 10.0157 86.6871
568 10.012 86.5894
711 10.0082 86.4914
815 10.0043 86.3896
892 10.0004 86.2882
637 9.99656 86.1882
203 9.99266 86.0868
547 9.98884 85.9871
401 9.98501 85.8876
718 9.98121 85.7885
868 9.9774 85.6893
106 9.96381 85.3333
447 9.94668 84.8834
728 9.92938 84.4292
678 9.91165 83.9639
153 9.89215 83.4514
955 9.87283 82.9437
224 9.85341 82.4331
905 10.0595 82.4232
108 10.2658 82.4132
570 10.4703 82.4034
546 10.6824 82.3932
169 10.8988 82.3828
736 11.1203 82.3721
90 11.3446 82.3613
487 11.6096 82.3485
17 11.8655 82.3362
399 12.103 82.3248
431 12.342 82.3133
368 12.5744 82.3021
888 11.9937 75.5616
374 11.9937 75.5615
560 11.9937 75.5615
554 11.9937 75.5614
503 11.9754 75.4231
551 11.9583 75.2926
207 11.9413 75.1633
890 11.9363 75.1259
944 11.9313 75.0876
780 11.911 74.9329
184 11.8901 74.7739
325 11.8688 74.6121
556 11.8453 74.4333
615 11.8226 74.2613
607 11.7971 74.0675
14 11.7735 73.8881
99 11.7524 73.7269
726 11.7303 73.5594
948 11.7071 73.3827
433 11.6848 73.213
131 11.6597 73.0221
219 11.6385 72.861
784 11.6173 72.6998
966 11.599 72.5607
445 11.599 72.5607
517 11.599 72.5607
799 11.599 72.5607
427 11.599 72.5607
667 11.599 72.5607
639 11.599 72.5607
381 11.599 72.5607
830 11.599 72.5607
665 11.6569 72.2384
400 11.7123 71.9303
272 11.7687 71.6171
680 11.8212 71.3248
457 11.8707 71.0493
860 11.9263 70.7404
630 11.9885 70.3942
694 12.045 70.08
411 12.1106 69.7153
234 12.1707 69.3814
81 12.1878 69.2859
119 12.2048 69.1917
255 12.2221 69.0953
298 12.2389 69.0018
970 12.259 68.8904
703 12.2784 68.7823
398 12.296 68.6844
3 12.3143 68.5829
686 12.3319 68.4847
114 12.3511 68.3781
657 12.3688 68.2797
277 12.388 68.1728
991 12.4066 68.0692
939 12.4291 67.9443
717 12.8113 66.7768
97 13.3319 65.1865
218 13.9744 63.2239
371 13.9982 63.2153
482 14.0499 63.1965
429 14.0992 63.1786
500 14.1455 63.1618
879 14.1911 63.1452
338 14.2382 63.128
77 14.2863 63.1106
601 14.4621 63.0466
772 14.6285 62.9861
897 14.7948 62.9257
233 14.9561 62.867
196 15.1133 62.8098
524 15.2734 62.7516
764 15.4306 62.6945
972 15.5874 62.6375
422 15.7484 62.5789
130 15.9078 62.521
981 16.064 62.4642
279 16.2186 62.408
502 16.3811 62.3489
965 16.543 62.2901
349 16.6852 62.2384
132 16.8241 62.1879
382 16.9632 62.1373
327 17.1006 62.0874
113 17.2336 62.039
507 17.3696 61.9896
924 17.5059 61.9401
275 17.6414 61.8908
162 17.7771 61.8415
390 17.9193 61.7898
59 17.5925 61.3843
735 17.256 60.9669
552 16.9047 60.531
971 16.5272 60.0626
846 15.9199 59.3086
531 15.2482 58.4747
303 15.4638 57.9176
925 15.6723 57.3791
739 15.9555 56.6476
376 16.2902 55.7828
397 17.471 52.7301
705 16.6684 53.0899
451 15.7448 53.5039
691 14.6915 53.9761
373 13.6184 54.4571
858 12.6693 54.8826
805 11.2126 55.5355
734 9.74065 56.1954
47 9.7363 56.0117
534 9.73221 55.8394
192 9.72865 55.6893
956 9.72444 55.5115
565 9.72033 55.3382
760 9.71622 55.1646
936 9.71176 54.9762
527 9.70758 54.8002
122 9.70348 54.6269
347 9.69941 54.4556
589 9.69068 54.0871
708 9.68126 53.6899
747 9.67203 53.3007
849 9.66057 52.8172
174 9.64875 52.3185
100 9.63778 51.8555
116 9.62671 51.3888
677 9.61642 50.9546
166 9.60468 50.4593
128 9.59123 49.8914
312 9.57926 49.3866
770 9.56889 48.9491
499 9.55948 48.5524
909 9.55614 48.4112
731 9.55257 48.2606
330 9.54911 48.1145
841 9.54602 47.9838
863 9.54274 47.8454
222 9.53971 47.7177
771 9.53659 47.586
384 9.53345 47.4533
328 9.5305 47.3289
157 9.72217 47.2869
958 9.94076 47.2391
57 10.155 47.1923
542 10.3756 47.144
463 10.5858 47.098
214 10.7977 47.0516
949 11.073 46.9914
154 11.31 46.9396
663 11.5587 46.8852
336 11.7864 46.8353
352 12.0091 46.7866
758 12.2408 46.7359
283 12.4511 46.6899
698 12.6798 46.6399
142 12.8978 46.5922
341 13.0849 46.5513
489 13.282 46.5082
123 13.5022 46.46
700 13.7274 46.4107
797 13.9432 46.3635
87 14.1422 46.32
505 14.3552 46.2734
78 14.5869 46.2227
990 14.7959 46.177
749 15.0046 46.1313
10 15.2445 46.0789
476 15.4811 46.0271
46 15.6997 45.9793
616 16.0459 45.9035
423 16.4014 45.8258
182 16.7504 45.7494
228 17.1135 45.67
652 17.481 45.5896
496 17.9361 45.49
212 18.3743 45.3942
438 20.4761 44.9343
475 21.9917 44.6028
603 23.4135 44.2917
302 23.8456 44.1972
545 24.2325 44.1126
508 24.634 44.0247
706 25.0075 43.943
49 25.3189 43.8749
413 25.486 43.8384
205 25.6484 43.8028
403 25.819 43.7655
525 25.9933 43.7274
37 26.162 43.6905
655 26.3319 43.6533
391 26.5068 43.615
414 26.6995 43.5729
908 26.8747 43.5345
664 27.0654 43.4928
535 27.249 43.4527
11 27.4384 43.4112
891 27.6316 43.369
619 27.6316 43.369
748 27.6316 43.369
148 27.6316 43.3689
938 27.6316 43.3689
522 32.3584 40.1848
917 32.4918 40.0525
566 32.6114 39.9339
147 32.7251 39.8211
913 32.9968 39.5517
876 33.4301 39.122
194 33.9633 38.5932
687 34.4156 38.1448
790 34.9163 37.6482
783 35.3633 37.205
811 35.8877 36.6849
935 36.5174 36.0605
679 36.9984 35.5835
934 37.6226 34.9644
289 37.8768 34.7124
209 37.9536 34.6363
853 37.8071 34.6462
586 37.6666 34.6558
379 37.5232 34.6656
197 37.3885 34.6747
834 36.1941 34.756
787 34.9654 34.8397
7 34.0017 34.9053
38 32.9932 34.9739
388 32.1623 35.0305
480 31.4804 35.0769
354 30.4701 35.1457
543 29.7153 35.197
836 27.124 33.4289
284 26.8877 33.2675
641 26.7149 33.1496
822 26.5993 33.0707
915 26.1738 32.7802
869 25.7796 32.5111
824 25.3732 32.2336
529 24.9826 31.967
829 24.5369 31.6627
151 24.1027 31.3663
486 23.3834 30.8753
121 22.6338 30.3636
985 21.8843 29.852
32 21.8109 29.8019
125 21.7329 29.7487
64 21.6547 29.6953
602 21.5716 29.6386
439 21.4875 29.5811
474 21.4063 29.5258
307 21.3303 29.4738
246 21.2485 29.418
402 20.9702 29.2746
702 20.7422 29.1571
221 20.5254 29.0455
278 20.2961 28.9273
612 19.7988 28.6711
65 19.2066 28.366
943 18.569 28.0375
549 17.9387 27.7128
572 14.8516 26.1222
133 12.8355 25.0835
898 11.1018 24.1903
794 11.0253 24.1509
86 10.9521 24.1131
514 10.8576 23.6283
299 10.7081 22.8618
268 10.5533 22.0676
588 10.3536 21.043
74 10.1951 20.2303
348 9.97048 19.078
963 9.76758 18.0372
812 9.49666 16.6476
455 9.63061 16.9371
4 9.75114 17.1975
710 9.91824 17.1929
412 10.0812 17.1883
187 10.2462 17.1837
258 10.4284 17.1786
646 10.6201 17.1733
61 10.8232 17.1676
881 11.044 17.1614
722 11.2607 17.1554
682 11.8233 17.1397
899 12.4283 17.1229
629 12.8102 17.1122
674 13.2305 17.1005
362 13.672 17.0882
673 14.183 17.074
331 14.7267 17.0589
366 15.5339 17.0365
741 16.3353 17.0142
661 17.2666 16.9883
254 18.2056 16.9622
902 19.0701 16.9382
8 19.8859 16.9155
211 20.6784 16.8935
488 21.7953 16.8625
643 23.768 16.8078
709 25.7134 16.7539
669 27.2137 16.7123
626 28.5684 16.6747
883 29.8288 16.6398
310 30.8508 16.6114
111 31.6488 16.5892
351 32.381 16.5688
407 33.1194 16.5483
337 33.8173 16.5289
287 34.4604 16.511
573 35.057 16.4944
704 35.6431 16.4781
363 36.2358 16.4616
518 36.8607 16.4442
653 38.4156 18.7459
261 39.7586 20.734
160 40.8982 22.4212
26 41.7713 23.7138
467 42.7995 25.2359
191 43.7741 26.6788
257 44.637 27.9562
692 45.3651 29.0342
27 48.8257 29.6787
19 50.4733 29.9854
555 52.0794 30.2845
781 53.7263 30.5912
43 54.9836 30.8253
421 55.0672 30.7163
55 55.1938 30.5512
785 55.3127 30.396
377 55.4306 30.2422
634 55.554 30.0812
681 55.6841 29.9116
250 55.8176 29.7375
358 55.9579 29.5544
819 56.1153 29.3492
164 56.2486 29.1753
873 56.3853 28.9969
419 56.525 28.8148
821 56.661 28.6374
355 56.7948 28.4629
865 56.9379 28.2762
751 57.0905 28.0771
930 57.2484 27.8712
828 58.035 26.8453
831 59.0942 25.4638
24 60.1862 24.0395
6 60.9608 23.0292
598 61.9546 21.7331
959 62.7983 20.6326
504 63.7617 19.3761
295 64.649 18.2188
777 65.6512 16.9117
103 66.7348 15.4983
176 68.2053 15.9974
581 70.0139 16.6113
721 73.2398 17.7061
