0,260,627,243,979,483,98,345,198,835,590,274,609,520,33,466,745,592,29,143,190,323,842,117,644,232,606,195,932,670,377,926,791,186,188,286,208,617,623,85,519,334,553,650,420,942,396,625,68,767,647,485,293,967,201,850,837,70,290,152,440,340,173,595,810,385,962,900,478,67,852,102,941,583,920,387,506,425,656,951,884,136,977,838,242,170,107,497,110,975,684,579,383,818,660,889,204,450,528,372,332,311,25,685,928,854,742,983,494,893,465,725,740,648,823,159,353,813,845,473,775,417,149,580,135,158,318,251,666,820,285,322,864,145,71,937,911,481,620,801,636,177,856,118,23,887,882,477,992,817,185,584,378,984,622,816,42,567,52,737,464,344,544,305,126,319,530,774,947,575,880,940,536,847,273,315,395,832,202,317,826,40,245,51,654,393,83,369,229,744,460,9,112,668,18,931,867,509,297,238,515,907,84,762,335,727,605,904,769,12,538,964,923,802,804,109,523,793,282,468,743,857,855,968,35,161,406,248,563,671,582,432,659,987,415,459,453,163,513,80,564,561,259,484,895,632,921,800,642,562,91,294,614,215,416,755,144,840,861,193,280,539,140,94,82,961,618,624,434,367,782,231,449,814,392,754,320,313,165,179,896,343,62,952,5,516,448,389,877,22,470,532,763,408,105,375,541,613,239,874,559,866,53,713,690,980,851,511,746,156,241,649,230,974,773,271,569,919,120,309,918,490,72,638,437,611,181,766,738,223,92,129,139,146,167,707,296,141,696,265,172,206,428,253,73,807,256,292,124,886,610,631,430,150,441,409,28,714,306,960,548,786,795,96,20,394,808,2,550,672,712,608,752,776,761,593,933,695,768,651,36,13,491,521,456,44,183,249,871,885,833,15,495,58,469,50,424,418,859,442,288,115,227,825,780,88,325,304,462,551,213,585,719,316,48,95,815,557,405,380,916,955,969,108,973,31,444,446,153,792,803,868,718,914,547,426,247,736,203,169,711,301,890,300,753,236,953,435,364,678,827,693,447,568,436,750,263,17,93,699,628,200,199,401,39,106,988,138,386,637,570,1,905,326,339,502,554,892,431,360,97,546,321,361,759,178,240,860,615,298,560,90,224,433,944,457,75,830,219,728,982,879,556,374,131,680,132,275,398,162,400,772,81,487,630,381,119,665,376,482,338,503,277,607,667,445,77,657,799,970,924,939,739,717,991,694,639,255,371,3,686,517,966,207,272,760,524,589,734,531,14,427,347,948,346,697,41,368,946,113,76,954,399,244,443,578,658,789,329,479,726,168,429,99,500,526,796,60,604,888,327,220,266,701,927,184,600,757,950,537,333,596,270,635,903,171,733,501,382,599,601,21,957,56,552,571,724,540,225,689,976,252,878,308,291,591,104,788,350,587,715,404,454,226,574,730,662,16,189,806,872,365,359,645,894,765,732,175,779,390,965,910,134,839,54,349,676,410,576,912,798,216,986,558,235,683,843,101,370,989,210,493,621,471,876,267,756,127,264,237,30,809,913,137,508,929,603,89,891,922,11,846,720,705,543,59,79,901,729,525,38,279,545,764,691,422,475,438,302,619,324,640,269,633,507,142,897,698,723,397,663,413,510,956,233,451,971,34,688,784,747,703,192,735,130,114,972,936,166,749,373,222,341,218,909,154,542,805,411,234,708,527,849,122,100,157,116,148,981,565,196,938,908,336,489,303,925,505,47,174,352,758,677,57,214,655,403,182,496,797,391,46,841,328,770,731,863,463,10,384,990,949,128,499,534,858,312,4,958,86,65,133,299,32,836,212,123,700,228,330,794,87,514,673,572,74,652,476,283,78,616,37,205,771,869,748,549,687,535,612,388,423,121,985,943,741,486,829,221,125,899,602,915,439,284,474,661,702,354,254,362,187,898,881,722,629,963,812,455,258,61,331,646,488,682,412,402,211,348,674,588,366,710,8,643,268,709,64,337,626,822,111,883,246,351,669,363,704,287,518,902,787,641,824,407,261,26,934,310,191,160,573,653,664,307,289,278,862,586,379,250,356,679,151,529,834,147,945,870,906,935,848,257,692,811,917,778,180,790,706,7,566,853,480,783,414,49,512,472,281,461,194,522,533,875,577,492,498,597,155,358,66,716,43,314,458,63,276,197,19,355,217,675,357,594,844,262,69,421,342,452,831,467,27,209,751,781,55,828,865,419,785,164,681,873,555,978,930,6,634,819,45,598,24,959,821,295,504,581,103,721,176,777,
value : 485.522 running time : 57.647690
0 80 20
260 86.2684 17.5916
627 86.2684 17.5916
243 86.2684 17.5916
979 86.2684 17.5916
483 86.2684 17.5916
98 84.6875 24.4298
345 84.4402 25.4995
198 80.3787 43.0675
835 80.3787 43.0675
590 80.3787 43.0675
274 80.2476 43.0975
609 80.1195 43.1267
520 80.012 43.1513
33 79.8858 43.1801
466 78.145 43.5778
745 76.6336 43.9231
592 75.1597 44.2598
29 73.6019 44.6157
143 72.0106 44.9792
190 70.6999 45.2786
323 70.4717 45.3307
842 70.2251 45.3871
117 69.9933 45.44
644 69.7744 45.49
232 69.5663 45.5375
606 69.3441 45.5883
195 69.1602 45.6303
932 68.9465 45.6791
670 67.7501 45.9524
377 66.4037 46.26
926 64.9605 51.3123
791 63.1326 57.7113
186 63.0139 58.1269
188 62.8848 58.5789
286 62.7492 59.0535
208 62.6094 59.5431
617 62.5291 59.8241
623 62.6679 59.8345
85 62.9038 59.8523
519 63.1544 59.8711
334 64.4987 59.9722
553 64.9865 60.0089
650 65.2755 60.0306
420 65.5796 60.0535
942 65.8608 60.0747
396 66.1375 60.0955
625 66.4523 60.1191
68 66.8545 60.1494
767 67.2543 60.1795
647 67.6406 60.2085
485 68.0583 60.2399
293 68.4954 60.2728
967 69.017 60.312
201 69.0093 60.8754
850 69.0022 61.4038
837 68.9939 62.0131
70 68.9939 62.0131
290 68.9939 62.0131
152 68.9939 62.0131
440 68.9939 62.0131
340 68.9939 62.0131
173 68.9939 62.0131
595 68.9939 62.0131
810 68.9939 62.0131
385 70.4738 61.9206
962 70.9416 61.8914
900 71.4195 61.8615
478 71.8707 61.8333
67 72.3874 61.801
852 72.9999 61.7627
102 73.567 61.7272
941 74.1942 61.688
583 74.8378 61.6478
920 75.507 61.6059
387 75.8399 61.5851
506 76.1614 61.565
425 76.3514 61.5531
656 78.3199 61.7482
951 83.1192 62.224
884 83.3615 62.3488
136 83.584 62.4634
977 83.8247 62.5874
838 84.0638 62.7105
242 84.3281 62.8466
170 84.6114 62.9925
107 84.8873 63.1346
497 85.1596 63.2749
110 84.8423 65.7882
975 85.0305 67.5569
684 85.1905 69.0605
579 85.4619 71.6127
383 85.618 73.0797
818 86.0276 76.9309
660 86.1621 78.1949
889 86.3193 79.6727
204 86.3255 79.7308
450 86.3323 79.7942
528 86.3396 79.8628
372 86.3477 79.9395
332 85.9207 80.5704
311 85.3592 81.3997
25 84.639 82.4637
685 83.4526 84.2163
928 80.5138 88.5575
854 80.1682 88.5729
742 79.8928 88.5853
983 79.6329 88.5969
494 79.3561 88.6093
893 79.0896 88.6212
465 78.805 88.6339
725 78.5944 88.6434
740 78.367 88.6535
648 78.1265 88.6643
823 77.8596 88.6763
159 77.6504 88.6856
353 77.4284 88.6956
813 77.217 88.705
845 77.0109 88.7142
473 76.8306 88.7223
775 76.586 88.7333
417 76.3549 88.7436
149 76.1204 88.7541
580 75.9545 88.7615
135 75.7905 88.7689
158 75.6051 88.7772
318 75.4294 88.785
251 75.2642 88.7924
666 75.112 88.7992
820 74.9594 88.8061
285 74.7881 88.8137
322 74.6301 88.8208
864 72.8914 88.8986
145 70.9127 88.9872
71 69.2493 89.0617
937 66.9869 89.163
911 63.8589 89.303
481 63.1573 89.3344
620 61.9877 89.3868
801 60.3895 89.4583
636 58.6653 89.5355
177 58.629 89.5371
856 58.5893 89.5389
118 58.5495 89.5407
23 58.511 89.5424
887 58.473 89.5441
882 58.4362 89.5458
477 58.4236 89.5192
992 58.4114 89.4937
817 58.3991 89.468
185 58.3853 89.439
584 58.3712 89.4095
378 58.3565 89.3788
984 58.3434 89.3513
622 58.3298 89.3227
816 58.3157 89.2932
42 58.3028 89.2662
567 58.2892 89.2377
52 58.2764 89.2109
737 58.2624 89.1815
464 58.2491 89.1537
344 58.2349 89.1239
544 58.2208 89.0943
305 57.9723 88.5737
126 57.992 86.0584
319 58.0033 84.6051
530 58.0231 84.4498
774 58.0423 84.299
947 58.0647 84.1232
575 58.0877 83.9419
880 58.1096 83.7699
940 58.1314 83.5986
536 58.153 83.429
847 58.1929 83.1157
273 58.2199 82.9033
315 58.2774 82.4518
395 58.3218 82.1029
832 58.3665 81.752
202 58.4059 81.4424
317 58.4607 81.0116
826 58.5147 80.5874
40 58.5679 80.169
245 58.6328 79.659
51 58.7115 79.041
654 58.7795 78.5063
393 58.8345 78.0742
83 58.8345 78.0742
369 58.7643 77.7056
229 58.6896 77.3141
744 58.6144 76.9192
460 58.5376 76.5161
9 58.461 76.1146
112 58.3844 75.7127
668 58.3116 75.3303
18 58.246 74.9861
931 58.1756 74.6169
867 58.0912 74.1737
509 57.9248 73.9402
297 57.7605 73.7097
238 57.2575 73.0038
515 56.7522 72.2945
907 56.2687 71.616
84 56.2679 71.6149
762 56.2671 71.6138
335 56.2664 71.6128
727 56.2657 71.6117
605 56.2649 71.6106
904 56.2641 71.6095
769 56.2633 71.6084
12 56.2626 71.6074
538 53.0331 67.0761
964 52.5477 66.7223
923 52.0508 66.3601
802 51.9337 66.6281
804 51.843 66.8356
109 51.748 67.0531
523 51.6551 67.2657
793 51.5754 67.4479
282 51.4791 67.6684
468 51.3809 67.8931
743 51.2793 68.1257
857 51.1734 68.368
855 51.0816 68.578
968 50.9921 68.7828
35 50.9051 68.9819
161 50.3615 70.226
406 49.3978 72.4315
248 49.2838 72.6924
563 49.1811 72.9273
671 49.0867 73.1433
582 48.9884 73.3684
432 48.8865 73.6016
659 48.7743 73.8584
987 48.6914 74.0479
415 48.5917 74.2762
459 48.5917 74.2762
453 48.5869 74.5916
163 48.5818 74.9326
513 48.575 75.3766
80 48.5686 75.7999
564 48.561 76.2998
561 48.5541 76.7582
259 48.5475 77.1913
484 48.5429 77.4959
895 48.5376 77.8486
632 48.5325 78.1879
921 48.5269 78.5518
800 48.5214 78.9199
642 48.5157 79.2947
562 48.5102 79.6584
91 48.5048 80.0168
294 48.4988 80.4121
614 48.4929 80.8013
215 48.4864 81.2311
416 48.4799 81.6598
755 48.4746 82.0065
144 48.4692 82.366
840 48.4623 82.8177
861 48.4555 83.2721
193 48.4487 83.7183
280 48.4418 84.178
539 48.4343 84.6684
140 48.4277 85.1058
94 48.421 85.5464
82 48.4058 86.5539
961 48.3879 87.7344
618 48.385 87.9251
624 48.382 88.1198
434 48.3796 88.2777
367 48.3269 88.2216
782 48.2735 88.1648
231 45.6873 88.4564
449 45.6336 88.4625
814 45.5819 88.4683
392 45.5273 88.4745
754 45.4795 88.4799
320 45.4246 88.4861
313 45.3719 88.492
165 45.3125 88.4987
179 45.2583 88.5048
896 45.2035 88.511
343 45.1402 88.5181
62 45.0821 88.5247
952 45.0194 88.5318
5 44.9528 88.5393
516 44.8892 88.5464
448 44.8206 88.5542
389 44.7591 88.5611
877 44.6949 88.5683
22 44.6351 88.5751
470 44.5778 88.5815
532 44.5286 88.5871
763 44.4713 88.5936
408 44.4162 88.5998
105 44.3596 88.6061
375 44.3008 88.6128
541 44.2432 88.6193
613 44.1817 88.6262
239 44.1817 88.6262
874 44.1817 88.6262
559 44.1817 88.6262
866 44.1817 88.6262
53 44.1817 88.6262
713 44.1817 88.6262
690 44.1817 88.6262
980 44.0816 88.633
851 43.8728 88.6472
511 43.6452 88.6626
746 42.9936 88.7068
156 42.2753 88.7556
241 41.4602 88.8109
649 40.6933 88.8629
230 39.94 88.914
974 39.2295 88.9622
773 38.6024 89.0048
271 38.0568 89.0418
569 37.5436 89.0766
919 36.9983 89.1136
120 36.4631 89.1499
309 35.9831 89.1825
918 35.4412 89.2193
490 34.9264 89.2542
72 34.5892 89.2771
638 34.2217 89.302
437 33.8672 89.3261
611 33.4627 89.3535
181 33.4627 89.3535
766 33.4627 89.3535
738 33.386 89.3504
223 33.308 89.3472
92 33.2314 89.344
129 33.1594 89.341
139 33.0768 89.3376
146 32.9954 89.3343
167 32.9107 89.3308
707 32.8321 89.3276
296 32.7498 89.3242
141 32.6689 89.3208
696 32.5847 89.3174
265 32.5138 89.3144
172 32.4321 89.3111
206 32.3485 89.3076
428 32.2503 89.3036
253 32.16 89.2999
73 32.0756 89.2964
807 31.9961 89.2931
256 31.258 89.2627
292 30.5216 89.2324
124 29.3838 89.1855
886 27.6701 89.1149
610 27.6712 89.1849
631 27.6723 89.2486
430 27.6732 89.3047
150 27.674 89.3573
441 27.6749 89.4116
409 27.6758 89.4658
28 27.6767 89.5194
714 27.6775 89.5717
306 27.6783 89.6207
960 27.6791 89.6698
548 27.6799 89.7158
786 27.6806 89.7608
795 27.6813 89.8054
96 27.6821 89.8524
20 27.6828 89.9
394 27.6835 89.9425
808 27.6843 89.9872
2 27.6849 90.027
550 27.6856 90.0694
672 27.6866 90.1299
712 27.6875 90.1842
608 27.6883 90.239
752 27.6895 90.3108
776 26.2812 90.2046
761 25.8647 90.1732
593 25.4304 90.1405
933 25.0098 90.1088
695 24.6325 90.0804
768 24.2817 90.0539
651 23.9203 90.0267
36 23.5651 89.9999
13 23.1874 89.9714
491 22.8417 89.9454
521 22.4938 89.9192
456 22.1345 89.8921
44 21.7773 89.8652
183 21.412 89.8376
249 21.0596 89.8111
871 20.7143 89.785
885 20.3788 89.7598
833 20.0055 89.7316
15 19.6222 89.7027
495 19.2548 89.675
58 18.9057 89.6487
469 18.5449 89.6215
50 18.1902 89.5948
424 17.8324 89.5678
418 17.4669 89.5403
859 17.059 89.5095
442 16.5958 89.4746
288 16.1953 89.4444
115 15.7564 89.4114
227 15.3126 89.3779
825 14.8338 89.3418
780 14.2243 89.2959
88 13.6704 89.2541
325 13.0548 89.2077
304 12.5134 89.1669
462 11.9792 89.1267
551 11.387 89.082
213 9.58513 88.9462
585 9.57524 88.9455
719 9.56538 88.9447
316 9.55563 88.944
48 9.54588 88.9433
95 9.53562 88.9425
815 9.52516 88.9417
557 9.5151 88.941
405 9.50403 88.9401
380 9.49388 88.9394
916 9.48463 88.9387
955 9.47387 88.9378
969 9.4628 88.937
108 9.45255 88.9362
973 9.44238 88.9355
31 9.43208 88.9347
444 9.42121 88.9339
446 9.41062 88.9331
153 9.39974 88.9323
792 9.38902 88.9315
803 9.37834 88.9306
868 9.36751 88.9298
718 9.35764 88.9291
914 9.34705 88.9283
547 9.33662 88.9275
426 9.32652 88.9267
247 9.31638 88.926
736 9.3059 88.9252
203 9.29565 88.9244
169 9.28512 88.9236
711 9.27465 88.9228
301 9.26446 88.9221
890 9.25436 88.9213
300 9.25436 88.9213
753 9.25436 88.9213
236 9.25436 88.9213
953 9.25436 88.9213
435 9.25436 88.9213
364 9.25436 88.9213
678 9.25436 88.9213
827 9.25436 88.9213
693 9.25436 88.9213
447 9.25436 88.9213
568 9.25436 88.9213
436 9.25436 88.9213
750 9.25436 88.9213
263 9.25436 88.9213
17 9.25436 88.9213
93 9.25436 88.9213
699 9.25435 88.9213
628 9.25435 88.9213
200 9.25435 88.9213
199 9.25435 88.9213
401 9.25435 88.9213
39 9.25435 88.9213
106 9.25435 88.9213
988 9.25435 88.9213
138 9.27117 88.0834
386 9.28941 87.1752
637 9.30899 86.2008
570 9.32905 85.2022
1 9.34756 84.2802
905 9.36794 83.2653
326 9.38772 82.2806
339 9.40213 81.5624
502 9.41456 80.9433
554 9.419 80.7215
892 9.42339 80.5022
431 9.4278 80.2818
360 9.43244 80.0505
97 9.43758 79.7937
546 9.44136 79.6049
321 9.44531 79.4077
361 9.44925 79.211
759 9.45291 79.0284
178 9.45673 78.8375
240 9.46061 78.644
860 9.46455 78.4473
615 9.46833 78.2583
298 9.47232 78.0592
560 9.47599 77.8763
90 9.4798 77.6859
224 9.48384 77.4843
433 9.48765 77.2938
944 9.49152 77.1009
457 9.49553 76.9005
75 9.49951 76.7021
830 9.50372 76.4921
219 9.50813 76.2719
728 9.51184 76.0867
982 9.51564 75.8972
879 9.53437 74.9647
556 9.55069 74.1516
374 9.56737 73.3205
131 9.58508 72.4387
680 9.59895 71.7476
132 9.61251 71.0718
275 9.62243 70.5771
398 9.62243 70.577
162 9.62243 70.577
400 9.62242 70.5769
772 9.62242 70.5769
81 9.62242 70.5768
487 9.62242 70.5768
630 9.62241 70.5768
381 9.62241 70.5768
119 9.62241 70.5767
665 9.6224 70.5767
376 9.6224 70.5767
482 9.6224 70.5767
338 9.62239 70.5767
503 9.62239 70.5766
277 9.62239 70.5766
607 9.62238 70.5766
667 9.62238 70.5766
445 9.62238 70.5765
77 9.62238 70.5765
657 9.62237 70.5765
799 9.62237 70.5765
970 9.62237 70.5764
924 9.62236 70.5764
939 9.62236 70.5764
739 9.62236 70.5764
717 9.62235 70.5763
991 9.62235 70.5763
694 9.62235 70.5763
639 9.62234 70.5763
255 9.62234 70.5762
371 9.62234 70.5762
3 9.62233 70.5762
686 9.62233 70.5762
517 9.62233 70.5761
966 9.62232 70.5761
207 9.62232 70.5761
272 9.62232 70.5761
760 9.62231 70.576
524 9.62231 70.576
589 9.62231 70.576
734 9.6223 70.576
531 9.6223 70.5759
14 9.68387 70.6182
427 9.74618 70.6611
347 9.80568 70.702
948 11.9905 72.2039
346 14.5992 73.9973
697 17.6661 76.1056
41 19.4647 77.3421
368 20.7534 78.228
946 20.8758 78.1151
113 20.9935 78.0064
76 21.1123 77.8968
954 21.2361 77.7825
399 21.3422 77.6847
244 22.0327 77.0474
443 22.8554 76.2881
578 23.6791 75.528
658 24.586 74.691
789 25.5198 73.8291
329 26.4277 72.9913
479 26.4515 72.9774
726 26.4767 72.9627
168 26.5021 72.9479
429 26.5282 72.9327
99 26.556 72.9165
500 26.5817 72.9015
526 26.6366 72.8695
796 26.6867 72.8403
60 26.7788 72.7866
604 26.8663 72.7356
888 26.952 72.6856
327 27.0397 72.6344
220 27.1206 72.5873
266 27.21 72.5352
701 27.296 72.485
927 27.3876 72.4316
184 27.473 72.3818
600 27.6264 72.2923
757 27.7761 72.2051
950 27.9356 72.1121
537 28.1015 72.0153
333 28.2699 71.9171
596 28.4566 71.8083
270 28.5974 71.7262
635 28.7427 71.6414
903 28.906 71.5462
171 29.0692 71.4511
733 29.1996 71.3751
501 29.3349 71.2961
382 29.4716 71.2165
599 29.6047 71.1388
601 29.733 71.064
21 29.8839 70.976
957 30.0268 70.8927
56 30.1631 70.8132
552 30.2843 70.7425
571 30.422 70.6623
724 30.5648 70.579
540 30.7026 70.4987
225 30.8254 70.427
689 30.9341 70.3637
976 31.0532 70.2942
252 31.1622 70.2307
878 31.2754 70.1647
308 31.3928 70.0962
291 31.5086 70.0287
591 31.607 69.9713
104 31.7151 69.9083
788 31.815 69.8501
350 31.9182 69.7898
587 32.0123 69.735
715 32.115 69.6751
404 32.2132 69.6178
454 32.3028 69.5656
226 32.4047 69.5062
574 32.5016 69.4497
730 32.5995 69.3926
662 32.7025 69.3326
16 32.7995 69.276
189 32.912 69.2104
806 33.0232 69.1455
872 33.2692 69.0021
365 33.539 68.8448
359 33.7882 68.6995
645 34.0505 68.5465
894 34.3305 68.3833
765 34.5693 68.244
732 34.8043 68.107
175 35.0054 67.9897
779 35.2134 67.8685
390 35.3895 67.7658
965 35.573 67.6588
910 35.7999 67.5265
134 36.013 67.4022
839 36.2052 67.2902
54 36.4051 67.1736
349 36.588 67.067
676 37.1542 66.7368
410 37.6099 66.4711
576 38.0373 66.2219
912 38.4455 65.9838
798 38.895 65.7217
216 39.0434 65.6352
986 39.1528 65.5714
558 39.2392 64.0758
235 39.322 62.6424
683 39.4677 60.1201
843 39.6849 56.36
101 38.8337 56.1115
370 37.6865 55.7766
989 36.5489 55.4444
210 36.2327 55.4187
493 35.8926 55.3911
621 35.5916 55.3666
471 35.2314 55.3373
876 34.8291 55.3046
267 34.4264 55.2719
756 34.0718 55.243
127 33.7655 55.2181
264 33.4264 55.1906
237 32.9349 55.1506
30 32.4256 55.1092
809 31.8938 55.066
913 31.3039 55.018
137 30.7674 54.9744
508 30.2319 54.9309
929 29.6974 54.8874
603 29.126 54.8409
89 28.5575 54.7947
891 27.9651 54.7466
922 27.3468 54.6963
11 26.5572 54.6321
846 26.4611 54.6318
720 26.3655 54.6315
705 26.2685 54.6312
543 26.1728 54.6308
59 26.0758 54.6305
79 25.9788 54.6302
901 25.8833 54.6299
729 25.7873 54.6296
525 25.6939 54.6293
38 25.5964 54.629
279 25.4399 54.6285
545 25.3094 54.6281
764 25.1675 54.6276
691 25.0325 54.6272
422 24.9022 54.6268
475 24.7803 54.6264
438 24.6577 54.626
302 24.5354 54.6256
619 24.4097 54.6252
324 24.2302 54.6246
640 24.0607 54.6241
269 23.8847 54.6235
633 23.6872 54.6229
507 23.4999 54.6223
142 23.3064 54.6217
897 23.1247 54.6211
698 22.9395 54.6205
723 22.7646 54.6199
397 22.584 54.6194
663 22.3848 54.6187
413 22.2048 54.8245
510 21.9622 55.1019
956 21.7321 55.3649
233 21.5034 55.6264
451 21.2754 55.887
971 21.0512 56.1433
34 20.0845 55.9066
688 19.078 55.6601
784 17.6447 55.3091
747 17.2928 55.2229
703 17.0396 55.1609
192 16.7988 55.1019
735 16.5661 55.0449
130 16.3088 54.9818
114 16.0317 54.9139
972 15.7498 54.8449
936 15.4685 54.776
166 15.1991 54.71
749 15.1991 54.71
373 15.1991 54.71
222 15.1991 54.71
341 15.1991 54.71
218 15.1991 54.71
909 15.1991 54.71
154 15.1991 54.71
542 15.1991 54.71
805 15.1991 54.71
411 15.1991 54.71
234 12.0388 53.5929
708 12.0245 53.5362
527 12.0106 53.4805
849 11.9969 53.4262
122 11.9837 53.3736
100 11.9623 52.7698
157 11.9407 52.1628
116 11.9232 51.6719
148 11.9171 51.5006
981 11.9121 51.3592
565 11.9041 51.1347
196 11.896 50.9053
938 11.8867 50.6448
908 11.8771 50.3763
336 11.869 50.146
489 11.86 49.8937
303 11.8512 49.6472
925 11.8423 49.396
505 11.83 49.0499
47 11.8181 48.7153
174 11.806 48.3745
352 11.7939 48.0365
758 11.7818 47.6948
677 11.7701 47.3653
57 11.7558 46.965
214 11.7418 46.5716
655 11.7133 45.7682
403 11.7039 45.5064
182 11.6948 45.2485
496 11.6847 44.9663
797 11.6749 44.6888
391 11.6649 44.4089
46 11.6479 43.9301
841 11.632 43.4825
328 11.6151 43.0069
770 11.6102 42.8694
731 11.6052 42.7308
863 11.6003 42.5916
463 11.5955 42.4574
10 11.5903 42.3117
384 11.5853 42.1708
990 11.5804 42.0327
949 11.5757 41.8991
128 11.5707 41.761
499 11.5653 41.6072
534 11.5603 41.4668
858 11.5553 41.3271
312 11.4806 39.2262
4 11.3783 36.349
958 11.3771 36.3171
86 11.3759 36.282
65 11.3748 36.2516
133 11.3736 36.2169
299 11.3724 36.1847
32 11.3714 36.1573
836 11.3703 36.1243
212 11.3692 36.0951
123 11.3681 36.0644
700 11.367 36.0313
228 11.3658 35.9993
330 11.3645 35.963
794 11.3632 35.926
87 11.3737 35.9259
514 11.3835 35.9258
673 11.3942 35.9257
572 11.4047 35.9256
74 11.4152 35.9255
652 12.371 35.9177
476 13.6297 35.9073
283 14.7112 35.8984
78 15.9095 35.8886
616 16.9772 35.8798
37 18.224 35.8696
205 19.0286 35.8629
771 19.7621 35.8569
869 20.5827 35.8501
748 21.2866 35.8444
549 21.2897 35.8443
687 21.2931 35.8443
535 21.0606 35.539
612 20.7072 35.0748
388 20.3731 34.6359
423 19.7421 33.807
121 19.0895 32.9499
985 18.3958 32.0387
943 17.7892 31.2419
741 17.1738 30.4336
486 17.1272 30.3723
829 17.0741 30.3026
221 17.0193 30.2306
125 16.9613 30.1544
899 16.904 30.0791
602 16.8482 30.0059
915 16.7917 29.9316
439 16.7338 29.8557
284 16.7318 29.8529
474 16.1404 29.2407
661 15.5914 28.6722
702 15.0679 28.1302
354 14.4308 27.4706
254 13.2953 26.295
362 11.9434 24.8954
187 11.209 24.135
898 11.209 24.135
881 11.7797 17.7629
722 11.8835 16.6046
629 11.9159 16.2432
963 11.9435 15.9347
812 11.9809 15.5173
455 11.9809 15.5173
258 11.9809 15.5173
61 12.0191 15.5318
331 12.0601 15.5475
646 12.0986 15.5621
488 12.1383 15.5772
682 12.1785 15.5925
412 12.2199 15.6082
402 12.2627 15.6245
211 12.3021 15.6395
348 12.3429 15.655
674 12.3833 15.6704
588 12.4256 15.6865
366 12.4691 15.7031
710 12.5126 15.7196
8 13.1226 15.8145
643 13.7467 15.9115
268 14.2356 15.9875
709 25.4123 14.4148
64 27.1207 14.1744
337 28.8342 13.9333
626 29.4462 13.8472
822 30.0821 13.7577
111 30.4283 13.709
883 30.755 13.663
246 31.0575 13.6205
351 31.3798 13.5751
669 31.6958 13.5307
363 32.0496 13.4809
704 32.3904 13.4329
287 32.7212 13.3864
518 33.0344 13.3423
902 31.1586 18.5646
787 30.5633 20.2221
641 30.1365 21.4104
824 30.1365 21.4104
407 30.1365 21.4104
261 31.0998 22.1592
26 31.856 22.747
934 32.5461 23.2834
310 33.0386 23.6663
191 33.5445 24.0595
160 33.9511 24.3756
573 34.3424 24.6797
653 34.7811 25.0207
664 37.4913 32.2695
307 37.5437 32.4097
289 37.7485 32.9573
278 37.9767 33.5675
862 38.2371 34.2639
586 38.4365 34.7973
379 38.6474 35.3612
250 38.9069 36.0551
356 39.1927 36.8194
679 39.4286 37.4503
151 39.6817 38.1272
529 39.9478 38.8388
834 40.2807 39.7289
147 41.2652 42.3618
945 41.2652 42.3618
870 41.2652 42.3618
906 41.2652 42.3618
935 41.2652 42.3618
848 41.2652 42.3618
257 41.2652 42.3618
692 41.2652 42.3618
811 41.2652 42.3618
917 41.2944 42.4185
778 41.3236 42.4749
180 41.351 42.5281
790 41.3783 42.5809
706 41.407 42.6366
7 41.4364 42.6934
566 41.4656 42.75
853 41.4928 42.8027
480 41.5233 42.8618
783 41.5523 42.918
414 41.5813 42.9741
49 42.0268 43.8366
512 42.455 44.6655
472 42.8762 45.4811
281 43.2979 46.2974
461 43.5469 46.7797
194 43.7833 47.2374
522 44.0304 47.7158
533 44.2832 48.2052
875 46.072 47.8744
577 47.332 47.6414
492 47.698 47.143
498 48.0435 46.6726
597 48.4863 46.0697
155 49.5079 44.6784
358 50.7506 42.9862
66 50.972 42.6848
716 51.1939 42.3826
43 51.4281 42.0637
314 51.6528 41.7578
458 51.6735 41.7295
63 51.6938 41.7019
276 51.7146 41.6735
197 51.7375 41.6424
19 51.7611 41.6103
355 51.7846 41.5783
217 51.8065 41.5484
675 51.8292 41.5175
357 51.8504 41.4887
594 51.8157 41.1126
844 51.7812 40.7389
262 51.7481 40.3808
69 51.7043 39.9067
421 51.6564 39.3881
342 51.6159 38.9489
452 51.4689 37.3576
831 51.1831 34.264
467 51.1096 33.4688
27 51.1096 33.4688
209 51.1097 33.4688
751 51.1097 33.4688
781 51.1097 33.4688
55 51.1097 33.4688
828 51.1097 33.4688
865 51.1097 33.4688
419 51.1097 33.4688
785 51.1097 33.4688
164 51.1097 33.4688
681 51.1097 33.4688
873 51.1097 33.4688
555 51.1097 33.4688
978 51.1097 33.4688
930 51.895 32.6195
6 52.7121 31.7357
634 53.4652 30.9212
819 54.2327 30.0912
45 54.7693 29.5109
598 58.0708 25.592
24 59.1394 24.3238
959 59.9378 23.3762
821 60.7171 22.4512
295 62.2465 20.6359
504 63.7148 18.8932
581 65.0693 17.2856
103 66.5227 15.5606
721 67.8939 16.0123
176 69.0566 16.3954
777 70.5074 16.8733
