0,721,176,103,295,598,504,24,777,45,6,634,377,821,959,581,819,27,209,751,781,55,828,865,419,785,164,681,873,289,467,831,358,66,716,43,875,314,458,63,276,197,19,355,217,675,357,594,844,262,155,930,978,945,597,870,906,472,281,525,38,935,37,748,687,535,388,848,257,692,811,917,778,180,790,706,7,566,853,480,783,414,49,512,147,834,529,421,342,452,69,586,379,250,356,824,679,111,151,307,862,653,573,221,278,555,261,26,934,310,191,822,787,160,363,518,883,337,407,64,351,704,287,669,354,643,284,915,702,439,246,254,629,348,673,588,741,366,8,881,488,812,674,902,362,211,61,187,682,722,474,402,258,646,710,331,572,455,412,963,898,514,985,133,612,829,121,486,661,899,626,641,709,943,283,602,549,205,476,32,65,869,664,228,663,771,148,87,125,949,794,4,299,836,10,268,74,78,330,46,212,990,86,373,463,222,858,384,328,505,57,499,936,154,841,157,958,534,423,616,391,542,797,336,691,123,925,128,312,100,863,700,527,122,341,770,652,731,116,59,908,130,938,192,749,805,47,451,677,565,758,981,411,531,166,708,489,77,524,972,214,909,182,849,303,218,784,427,694,607,747,686,799,966,277,970,3,703,760,224,445,97,81,939,400,948,347,14,554,551,433,487,772,338,482,376,665,119,381,630,657,272,924,196,255,234,517,734,667,503,639,991,207,717,589,114,739,371,321,502,339,326,219,728,556,879,300,1,75,830,361,90,560,298,615,860,240,178,759,905,386,39,401,199,360,868,213,890,301,711,169,203,736,247,426,547,914,718,304,803,792,153,446,444,31,973,108,969,955,916,380,405,557,815,95,48,316,719,585,988,699,944,982,753,115,570,93,17,263,750,436,568,447,693,827,678,364,435,953,236,546,628,457,106,431,892,462,833,637,325,50,469,58,495,825,200,288,761,695,933,593,651,227,442,776,578,249,183,44,456,521,491,13,36,768,15,138,871,752,20,96,795,786,548,960,306,714,28,409,441,150,430,631,610,608,808,672,394,2,333,712,886,113,88,780,946,443,550,244,399,954,76,424,859,418,885,658,697,41,368,329,789,537,950,757,600,184,927,701,266,220,327,888,604,60,796,526,500,99,429,168,726,479,346,374,162,398,275,132,680,131,971,705,720,846,171,910,965,89,922,891,571,552,56,957,21,601,599,382,501,733,545,729,901,79,233,422,956,34,735,174,496,142,764,352,688,510,508,655,403,11,397,723,698,897,507,633,269,640,324,619,302,438,475,279,543,413,461,522,989,876,603,929,194,137,913,809,30,237,264,804,756,390,493,471,127,186,210,161,370,101,843,683,617,533,498,286,855,492,188,235,802,577,779,558,986,798,923,857,743,468,793,523,109,621,349,404,715,587,350,788,104,591,291,308,878,252,976,689,225,540,267,576,410,676,134,54,839,645,724,912,175,732,765,894,454,662,730,574,226,365,359,596,903,635,270,773,230,309,120,919,16,872,806,189,569,271,124,256,807,73,253,428,649,231,206,974,918,490,437,638,72,611,696,141,296,707,167,146,139,129,92,223,738,766,181,367,241,156,746,511,851,980,690,713,53,866,559,874,239,613,541,375,105,408,763,532,470,22,877,389,448,516,5,952,62,343,896,179,165,313,320,754,392,814,449,265,415,12,245,840,280,193,861,305,530,319,406,539,82,94,140,292,172,536,144,755,416,215,614,294,91,562,642,800,921,632,895,484,459,561,564,80,513,163,453,659,563,671,582,515,880,432,216,964,968,84,907,208,762,727,605,904,769,987,238,18,654,595,775,867,51,71,248,575,744,369,229,931,40,259,826,636,887,477,378,774,460,9,112,315,832,317,847,947,940,782,509,118,126,464,816,984,177,624,185,567,544,961,817,42,273,992,202,856,882,251,344,737,845,158,434,584,23,618,335,911,481,937,395,813,297,854,801,417,83,149,864,465,622,353,823,620,145,580,318,52,135,285,666,983,648,742,725,494,893,473,820,928,372,332,311,25,685,889,322,159,818,579,975,110,204,660,528,837,450,740,684,107,198,242,497,951,977,170,385,884,920,506,290,650,852,201,941,334,383,340,900,962,656,668,478,420,68,67,538,152,519,173,791,625,293,440,647,810,282,485,623,35,767,85,942,190,396,644,850,583,393,274,932,425,29,143,195,232,967,842,117,926,553,102,70,670,323,606,745,592,835,136,838,520,466,609,387,627,345,590,98,33,243,979,260,483,
value : 502.29 running time : 47.549879
0 80 20
721 72.791 17.6079
176 69.1279 16.3924
103 66.5754 15.5455
295 65.1613 17.2632
598 63.9573 18.7255
504 62.7814 20.1537
24 61.4651 21.7526
777 59.9436 23.6007
45 56.225 28.1175
6 56.225 28.1175
634 56.225 28.1175
377 56.225 28.1175
821 56.225 28.1175
959 56.225 28.1175
581 56.225 28.1175
819 55.8902 28.4359
27 55.5214 28.7866
209 55.1739 29.1171
751 54.861 29.4146
781 54.5696 29.6918
55 54.2636 29.9827
828 53.9484 30.2825
865 53.6358 30.5797
419 53.3467 30.8547
785 53.0202 31.1652
164 52.7096 31.4605
681 52.3868 31.7676
873 52.0755 32.0636
289 51.7389 32.3837
467 51.4011 32.7049
831 51.5082 33.4151
358 51.6464 34.3315
66 51.7595 35.082
716 51.8655 35.7853
43 51.9666 36.4558
875 52.0538 37.0346
314 52.131 37.5465
458 52.1673 37.7872
63 52.2059 38.0435
276 52.2425 38.2861
197 52.2771 38.5156
19 52.3118 38.7459
355 52.3504 39.002
217 52.3914 39.2737
675 52.4302 39.5313
357 52.4676 39.779
594 51.6268 40.3258
844 50.7187 40.9165
262 49.8263 41.4969
155 49.0545 41.9989
930 48.4397 42.3988
978 47.6072 42.9403
945 46.2426 43.8278
597 45.035 44.6133
870 44.903 44.6991
906 44.7525 44.797
472 44.588 44.904
281 44.4183 45.0144
525 37.9933 42.2899
38 37.49 42.0764
935 37.0621 41.895
37 36.5422 41.6745
748 36.5702 41.6457
687 36.5996 41.6156
535 36.628 41.5864
388 36.6609 41.5527
848 36.699 41.5137
257 36.7321 41.4797
692 36.7599 41.4512
811 36.7883 41.422
917 36.8194 41.3901
778 36.8477 41.3611
180 36.8789 41.3292
790 36.9107 41.2966
706 36.939 41.2675
7 36.9699 41.2358
566 37.0011 41.2038
853 37.0321 41.1721
480 37.0603 41.1431
783 37.0872 41.1156
414 37.1157 41.0863
49 37.1469 41.0543
512 37.1788 41.0216
147 37.2075 40.9921
834 37.2439 40.9548
529 37.2753 40.9226
421 37.3107 40.8863
342 37.3413 40.8549
452 37.3755 40.8198
69 37.4095 40.7849
586 37.5967 38.1411
379 37.7434 36.0692
250 37.8515 34.5425
356 37.9328 33.3945
824 38.1043 30.9722
679 38.1068 30.9365
111 38.1096 30.8979
151 38.1119 30.865
307 38.1146 30.8267
862 38.1169 30.7943
653 38.3293 27.7947
573 38.351 27.4882
221 38.351 27.4882
278 39.1122 26.7645
555 40.2113 25.7195
261 39.9227 25.0875
26 39.6398 24.468
934 39.3789 23.8968
310 39.1022 23.291
191 38.8653 22.7721
822 38.4556 21.875
787 38.0605 21.0097
160 37.5807 19.9592
363 36.4659 17.5181
518 35.6488 15.729
883 34.794 15.6936
337 33.9538 15.6589
407 33.0232 15.6205
64 32.0457 15.5801
351 31.1557 15.5433
704 30.2756 15.507
287 29.2902 15.4663
669 27.5704 15.3953
354 25.8787 15.3254
643 25.0654 15.2918
284 24.284 15.2595
915 23.4667 15.2257
702 22.49 15.1854
439 21.488 15.144
246 20.4194 15.0998
254 19.0234 15.0422
629 17.4744 14.9782
348 16.8438 14.9521
673 16.2443 14.9274
588 15.7845 14.9084
741 15.33 14.8896
366 14.9094 14.8722
8 14.4842 14.8546
881 13.9833 14.834
488 13.5482 14.816
812 13.0483 14.7953
674 12.9885 15.0475
902 12.9292 15.2979
362 12.8773 15.5168
211 12.8252 15.7364
61 12.7712 15.9644
187 12.7184 16.187
682 12.7179 16.1892
722 12.7174 16.1914
474 12.5163 17.0399
402 12.3211 17.8635
258 12.1297 18.6708
646 11.9768 19.316
710 11.8092 20.023
331 11.659 20.6565
572 11.5116 21.2785
455 11.373 21.8632
412 11.2389 22.429
963 11.0952 23.0353
898 10.9517 23.6405
514 11.6393 23.8776
985 13.5912 24.5506
133 15.3532 25.1582
612 17.8328 26.0132
829 18.3336 26.1858
121 18.7947 26.3448
486 19.2302 26.495
661 19.6087 26.6255
899 20.0418 26.7748
626 20.4899 26.9293
641 20.3125 27.8092
709 20.1347 28.6911
943 19.8661 30.0236
283 19.5907 31.3894
602 19.5616 31.5339
549 19.529 31.6955
205 19.496 31.8594
476 19.4616 32.0298
32 19.4445 32.1146
65 19.4278 32.1976
869 19.4108 32.282
664 19.3919 32.3755
228 17.1411 33.2305
663 15.8868 33.707
771 14.8002 34.1197
148 14.6917 34.161
87 14.5836 34.202
125 14.4789 34.2418
949 14.3645 34.2852
794 12.2207 34.9255
4 12.2196 34.9667
299 12.2186 35.0044
836 12.2175 35.0458
10 12.2164 35.0867
268 12.2154 35.1239
74 12.2144 35.1631
78 12.2081 35.398
330 12.203 35.591
46 12.1981 35.7748
212 12.1933 35.9557
990 12.1886 36.1306
86 12.1842 36.2963
373 12.1285 38.3672
463 12.1025 39.3431
222 12.0824 40.097
858 12.0648 40.7546
384 12.0648 40.7546
328 12.0648 40.7546
505 12.0496 41.4186
57 12.0378 41.934
499 12.028 42.3589
936 12.0142 42.9635
154 12.0019 43.4963
841 11.9897 44.0311
157 11.9778 44.5493
958 11.9699 44.8916
534 11.9607 45.2931
423 11.9521 45.6699
616 11.9426 46.0835
391 11.9323 46.5302
542 11.9229 46.9391
797 11.9141 47.3256
336 11.9045 47.7449
691 11.896 48.1152
123 11.8886 48.4377
925 11.8802 48.8023
128 11.8767 48.9541
312 11.873 49.1141
100 11.8689 49.2936
863 11.8652 49.4578
700 11.8611 49.6338
527 11.8269 51.1249
122 11.7983 52.3725
341 11.8057 52.3869
770 11.813 52.401
652 11.8206 52.416
731 11.8283 52.4309
116 11.8362 52.4462
59 13.6659 56.0127
908 13.6246 56.0772
130 13.5207 56.2398
938 13.4328 56.3774
192 13.3329 56.5338
749 13.2495 56.6642
805 13.159 56.8059
47 13.0655 56.9522
451 12.9761 57.0922
677 12.88 57.2425
565 12.7895 57.3842
758 12.7009 57.5228
981 12.6004 57.6802
411 12.4934 57.8476
531 12.3873 58.0137
166 12.2944 58.1591
708 12.203 58.3021
489 12.1137 58.4419
77 12.0108 58.6028
524 11.9789 58.6529
972 11.946 58.7043
214 11.9115 58.7582
909 11.8793 58.8088
182 11.8445 58.8632
849 11.8043 58.926
303 11.609 59.8173
218 11.3853 60.8379
784 11.1174 62.0604
427 10.8611 63.23
694 10.663 64.1341
607 10.5677 64.5688
747 10.4867 64.9383
686 10.3982 65.3423
799 10.3187 65.7051
966 10.2393 66.0675
277 10.169 66.3883
970 10.1003 66.7015
3 10.0299 67.023
703 9.95805 67.3507
760 9.87788 67.7165
224 9.78944 68.1201
445 9.72104 68.4322
97 9.65497 68.7337
81 9.58821 69.0383
939 9.51723 69.3622
400 9.4444 69.6945
948 9.37518 70.0104
347 9.30868 70.3138
14 9.21582 70.7375
554 9.11637 71.1913
551 9.27626 71.1507
433 9.41549 71.1153
487 9.57373 71.075
772 9.72456 71.0367
338 9.72373 71.0601
482 9.72295 71.0824
376 9.72215 71.1049
665 9.72133 71.1282
119 9.72055 71.1505
381 9.71976 71.1728
630 9.71899 71.1947
657 9.71817 71.2181
272 9.7174 71.2397
924 9.71662 71.2618
196 9.71586 71.2835
255 9.715 71.3077
234 9.71417 71.3314
517 9.71326 71.3572
734 9.71237 71.3824
667 9.71144 71.4088
503 9.71055 71.4342
639 9.70967 71.4591
991 9.70881 71.4835
207 9.70799 71.5067
717 9.70723 71.5281
589 9.70648 71.5496
114 9.69096 71.9897
739 9.67424 72.464
371 9.65508 73.0074
321 9.63285 73.6381
502 9.61326 74.1938
339 9.59212 74.7932
326 9.57356 75.3197
219 9.55587 75.8215
728 9.53323 76.4636
556 9.51198 77.0665
879 9.49108 77.6592
300 9.46051 78.5264
1 9.43991 79.1108
75 9.42688 79.4803
830 9.41382 79.8508
361 9.40084 80.219
90 9.3844 80.6853
560 9.36852 81.1357
298 9.35317 81.5709
615 9.33439 82.1036
860 9.31627 82.6178
240 9.296 83.1927
178 9.27599 83.7601
759 9.25532 84.3465
905 9.23358 84.9632
386 9.21084 85.6082
39 9.19001 86.1991
401 9.17425 86.6462
199 9.15806 87.1054
360 9.1433 87.524
868 9.1252 88.0373
213 9.10954 88.4817
890 9.10926 88.4896
301 9.10891 88.4994
711 9.10857 88.509
169 9.10826 88.5179
203 9.10793 88.5272
736 9.1076 88.5368
247 9.10727 88.5461
426 9.10694 88.5554
547 9.10658 88.5656
914 9.10624 88.5753
718 9.10591 88.5847
304 9.10557 88.5943
803 9.10524 88.6037
792 9.10492 88.6128
153 9.10459 88.6221
446 9.10427 88.6312
444 9.10395 88.6402
31 9.10364 88.649
973 9.10327 88.6595
108 9.10293 88.6691
969 9.10259 88.6788
955 9.10228 88.6877
916 9.10191 88.698
380 9.10149 88.7101
405 9.10116 88.7194
557 9.10086 88.7278
815 9.10054 88.7368
95 9.10021 88.7461
48 9.09988 88.7555
316 9.09953 88.7656
719 9.09917 88.7758
585 9.0988 88.7861
988 9.09845 88.7961
699 9.11357 88.7919
944 9.12743 88.7881
982 9.14202 88.7841
753 9.15655 88.7801
115 9.16907 88.7766
570 9.18129 88.7732
93 9.19481 88.7695
17 9.20737 88.766
263 9.21879 88.7629
750 9.23091 88.7595
436 9.24324 88.7561
568 9.25518 88.7528
447 9.26721 88.7495
693 9.27944 88.7461
827 9.2915 88.7428
678 9.30382 88.7394
364 9.31681 88.7358
435 9.32945 88.7323
953 9.34309 88.7285
236 9.35774 88.7245
546 9.37196 88.7206
628 9.38614 88.7166
457 9.40052 88.7127
106 10.501 88.8622
431 11.9802 89.0632
892 12.3071 89.1077
462 12.6928 89.1601
833 13.0545 89.2092
637 13.348 89.2491
325 13.674 89.2934
50 14.0469 89.3441
469 14.3765 89.3889
58 14.6927 89.4319
495 14.9902 89.4723
825 15.2922 89.5133
200 15.5853 89.5532
288 15.9715 89.6056
761 16.3146 89.6523
695 16.6039 89.6916
933 16.8967 89.7314
593 17.1992 89.7725
651 17.4848 89.8113
227 17.7492 89.8472
442 18.0132 89.8831
776 18.3048 89.9227
578 18.6007 89.9629
249 18.8703 89.9996
183 19.142 90.0365
44 19.4173 90.0739
456 19.6826 90.1099
521 19.9441 90.1455
491 20.1925 90.1792
13 20.4341 90.2121
36 20.7007 90.2483
768 20.9432 90.2813
15 21.1724 90.3124
138 21.4037 90.3438
871 23.8039 90.67
752 26.9301 91.0949
20 26.9208 91.0596
96 26.9107 91.0216
795 26.9012 90.9856
786 26.8923 90.9517
548 26.8834 90.9182
960 26.8749 90.8857
306 26.8655 90.8502
714 26.8562 90.8151
28 26.8473 90.7813
409 26.8382 90.7469
441 26.829 90.7121
150 26.82 90.6779
430 26.8113 90.6447
631 26.8025 90.6113
610 26.7936 90.5779
608 26.7844 90.5431
808 26.7768 90.5142
672 26.7687 90.4836
394 26.7606 90.4529
2 26.0542 88.487
333 25.416 86.711
712 24.9589 85.4389
886 24.3379 83.7105
113 23.7937 82.1962
88 23.7206 81.9928
780 23.6463 81.7858
946 23.5767 81.5922
443 23.5118 81.4116
550 23.4499 81.2395
244 23.3884 81.0682
399 23.3269 80.8969
954 23.259 80.708
76 23.1921 80.5218
424 23.1193 80.3194
859 23.0473 80.1188
418 22.9715 79.9081
885 22.8934 79.6907
658 22.7995 79.4292
697 22.7192 79.2059
41 22.6406 78.9871
368 22.5578 78.7569
329 21.2719 75.1781
789 21.2719 75.1781
537 21.2719 75.1781
950 21.2719 75.1781
757 21.2719 75.1781
600 21.2719 75.1781
184 21.2719 75.1781
927 21.2719 75.1781
701 21.2719 75.1781
266 21.2719 75.1781
220 21.2719 75.1781
327 21.2719 75.1781
888 21.2719 75.178
604 21.2719 75.178
60 21.2719 75.178
796 21.2719 75.178
526 21.2719 75.178
500 21.2719 75.178
99 21.2719 75.178
429 21.2719 75.178
168 21.2719 75.178
726 21.2719 75.178
479 21.2719 75.178
346 21.2719 75.178
374 21.2719 75.178
162 21.4084 74.1627
398 21.5424 73.1664
275 21.6733 72.1931
132 21.8048 71.2153
680 21.9364 70.2368
131 22.0619 69.3036
971 23.4924 68.2311
705 24.8466 67.2159
720 25.7958 66.5042
846 26.7103 65.8186
171 27.6987 65.0776
910 27.631 64.8618
965 27.3339 63.915
89 27.0421 62.9849
922 26.8088 62.2416
891 26.8088 62.2416
571 26.8088 62.2416
552 26.8088 62.2416
56 26.8088 62.2416
957 26.6763 61.9055
21 26.5542 61.596
601 26.4094 61.2286
599 26.2642 60.8605
382 26.1154 60.4832
501 25.9755 60.1285
733 25.8122 59.7142
545 25.6444 59.2887
729 25.4967 58.9143
901 25.345 58.5296
79 25.1841 58.1216
233 25.019 57.703
422 24.8571 57.2923
956 24.703 56.9015
34 24.5558 56.5283
735 24.394 56.1179
174 24.2171 55.6695
496 24.0757 55.311
142 23.9611 55.0202
764 23.8512 54.7417
352 23.7277 54.4283
688 24.1917 54.1088
510 24.5897 53.8347
508 24.9955 53.5553
655 25.327 53.327
403 25.4967 53.3576
11 25.6733 53.3895
397 25.8462 53.4207
723 26.0182 53.4517
698 26.1971 53.484
897 26.3879 53.5184
507 26.5793 53.553
633 26.7602 53.5856
269 26.9617 53.622
640 27.1443 53.6549
324 27.32 53.6866
619 27.5066 53.7203
302 27.6833 53.7522
438 27.8536 53.7829
475 28.0329 53.8153
279 28.2182 53.8487
543 29.5781 54.0941
413 31.1856 54.3842
461 32.9199 54.6971
522 34.146 54.9184
989 35.1612 55.1016
876 35.3236 55.1751
603 35.4907 55.2508
929 35.664 55.3292
194 35.8367 55.4074
137 35.9876 55.4757
913 36.1445 55.5468
809 36.3366 55.6337
30 36.5137 55.7139
237 36.6891 55.7933
264 36.8697 55.875
804 37.0295 55.9474
756 37.1688 56.0104
390 37.3369 56.0866
493 38.3406 56.541
471 39.4707 57.0526
127 40.5179 57.5266
186 41.6724 58.0493
210 41.9702 58.1841
161 42.3101 58.338
370 42.5419 58.443
101 42.8036 58.5614
843 43.0573 58.6763
683 43.2995 58.786
617 43.5529 58.9007
533 43.5529 58.9007
498 43.5529 58.9007
286 43.5529 58.9007
855 43.5529 58.9007
492 43.5529 58.9007
188 43.8954 59.5467
235 44.6374 62.961
802 45.2448 65.7557
577 45.2448 65.7557
779 45.2448 65.7557
558 45.2448 65.7557
986 45.2448 65.7557
798 45.2448 65.7557
923 45.2448 65.7557
857 45.2448 65.7557
743 45.2448 65.7557
468 45.2448 65.7557
793 45.2448 65.7557
523 44.4504 66.053
109 43.7894 66.3004
621 42.1305 66.9213
349 36.0058 69.2135
404 36.0058 69.2135
715 36.0058 69.2135
587 36.0058 69.2135
350 36.0058 69.2135
788 36.0058 69.2135
104 36.0058 69.2135
591 36.0058 69.2135
291 36.0058 69.2135
308 36.0058 69.2135
878 36.0058 69.2135
252 36.0058 69.2135
976 36.0058 69.2135
689 36.0058 69.2135
225 36.0058 69.2135
540 36.0058 69.2135
267 36.0058 69.2135
576 35.9868 69.3023
410 35.9652 69.4033
676 35.9441 69.502
134 35.9223 69.604
54 35.9017 69.7004
839 35.8802 69.8011
645 35.853 69.9286
724 35.8251 70.0588
912 35.7998 70.1776
175 35.7717 70.3088
732 35.7442 70.4378
765 35.6839 70.72
894 35.6156 71.0396
454 35.5474 71.3589
662 35.4889 71.6324
730 35.4314 71.9014
574 35.3768 72.1572
226 35.3215 72.416
365 35.2718 72.6487
359 35.2141 72.9187
596 35.1547 73.1963
903 35.0916 73.492
635 34.898 74.3981
270 34.9534 77.134
773 35.0096 79.9081
230 35.0517 81.9814
309 35.0775 83.254
120 35.0849 83.6218
919 35.0912 83.9307
16 35.0974 84.2368
872 35.1047 84.5957
806 35.1124 84.9785
189 35.1205 85.3786
569 35.1297 85.8319
271 35.1346 86.0753
124 35.1393 86.3047
256 35.1451 86.5896
807 35.1507 86.8692
73 35.157 87.1804
253 35.1628 87.4659
428 35.1686 87.7521
649 35.1743 88.0315
231 35.181 88.361
206 35.1873 88.6753
974 35.1934 88.9735
918 35.1981 89.208
490 35.2031 89.4514
437 35.2086 89.7243
638 35.2141 89.9944
72 35.2202 90.2965
611 35.2261 90.5851
696 35.2261 90.5851
141 35.2261 90.5851
296 35.2261 90.5851
707 35.2261 90.5851
167 35.2261 90.5851
146 35.2261 90.5851
139 35.2261 90.5851
129 35.2261 90.5851
92 35.2261 90.5851
223 35.2261 90.5851
738 37.0879 90.3489
766 39.0609 90.0986
181 40.9218 89.8624
367 42.9465 89.6056
241 43.1243 89.583
156 43.3195 89.5582
746 43.5088 89.5342
511 43.6941 89.5107
851 43.8686 89.4886
980 44.032 89.4678
690 44.1558 89.4521
713 44.1558 89.4521
53 44.1558 89.4521
866 44.1558 89.4521
559 44.1558 89.4521
874 44.1558 89.4521
239 44.1558 89.4521
613 44.1558 89.4521
541 44.1558 89.4521
375 44.1558 89.4521
105 44.1558 89.4521
408 44.1558 89.4521
763 44.1558 89.4521
532 44.1558 89.4521
470 44.1558 89.4521
22 44.1558 89.4521
877 44.1558 89.4521
389 44.1558 89.4521
448 44.1558 89.4521
516 44.1558 89.4521
5 44.1558 89.4521
952 44.1558 89.4521
62 44.1558 89.4521
343 44.1558 89.4521
896 44.1558 89.4521
179 44.1558 89.4521
165 44.1558 89.4521
313 44.1558 89.4521
320 44.1558 89.4521
754 44.1558 89.4521
392 44.1558 89.4521
814 44.1558 89.4521
449 44.1558 89.4521
265 44.1558 89.4521
415 44.567 88.1513
12 44.8963 87.1095
245 45.0035 86.7705
840 45.1137 86.4219
280 45.2258 86.0673
193 45.32 85.7691
861 45.4151 85.4685
305 45.503 85.1903
530 45.6059 84.865
319 45.7055 84.5498
406 45.8045 84.2366
539 45.9003 83.9335
82 46.0069 83.5964
94 46.1197 83.2397
140 46.2001 82.9851
292 46.2813 82.7282
172 46.3656 82.4615
536 46.5042 82.023
144 46.6767 81.4774
755 46.8201 81.0239
416 46.9504 80.6117
215 47.1295 80.045
614 47.3159 79.4554
294 47.4999 78.8734
91 47.693 78.2624
562 47.8509 77.7631
642 48.0179 77.2348
800 48.2108 76.6244
921 48.3915 76.0529
632 48.5708 75.4858
895 48.7381 74.9565
484 48.9212 74.3774
459 49.0926 73.8349
561 49.2205 73.8043
564 49.3996 73.7613
80 49.5783 73.7185
513 49.7845 73.669
163 49.981 73.6219
453 50.3059 73.544
659 50.5837 73.4774
563 51.2223 73.3243
671 51.9618 73.147
582 52.562 73.0031
515 53.1884 72.8529
880 53.6586 72.7401
432 54.2009 72.6101
216 54.7359 72.4818
964 55.3196 72.3419
968 55.8486 72.215
84 56.4034 72.082
907 56.9825 71.9432
208 57.0932 72.1253
762 57.2001 72.3013
727 57.3165 72.4927
605 57.4207 72.6642
904 57.5313 72.8462
769 57.6331 73.0137
987 57.7375 73.1855
238 57.8417 73.3569
18 57.962 73.5548
654 58.0641 73.7229
595 58.1625 73.8848
775 60.6123 77.9159
867 60.6123 77.9159
51 60.1292 78.4919
71 59.5951 79.1287
248 57.9569 81.0819
575 57.9569 81.0819
744 57.9569 81.0819
369 57.9446 81.2507
229 57.9328 81.4114
931 57.9201 81.5848
40 57.9073 81.7593
259 57.896 81.9127
826 57.8851 82.061
636 57.8739 82.2141
887 57.8627 82.367
477 57.8517 82.5176
378 57.8412 82.6602
774 57.8297 82.8167
460 57.822 82.9228
9 57.8136 83.0365
112 57.8047 83.1578
315 57.793 83.3177
832 57.781 83.4817
317 57.7682 83.6562
847 57.7563 83.8185
947 57.7351 84.1069
940 57.7164 84.3619
782 57.6984 84.608
509 57.6786 84.8773
118 57.6192 85.6873
126 57.5702 86.3562
464 57.5121 87.1486
816 57.4716 87.7004
984 57.4276 88.2998
177 57.3847 88.8851
624 57.341 89.4812
185 57.3089 89.9185
567 57.2779 90.3422
544 57.2433 90.8137
961 57.2406 90.8506
817 57.6007 90.8151
42 57.9095 90.7847
273 58.1883 90.7572
992 58.4532 90.7311
202 58.7103 90.7057
856 58.9702 90.6801
882 59.2284 90.6546
251 59.657 90.6123
344 59.7796 90.6003
737 59.9329 90.5851
845 60.0952 90.5691
158 60.2325 90.5556
434 60.3397 90.545
584 60.5501 90.5243
23 60.7517 90.5044
618 61.2782 90.4525
335 61.8802 90.3931
911 62.7837 90.304
481 63.8912 90.1948
937 64.6151 90.1234
395 65.1907 90.0666
813 65.8569 90.0009
297 66.4151 89.9459
854 67.0143 89.8868
801 67.5167 89.8372
417 68.7962 89.7111
83 69.3617 89.6553
149 69.7603 89.616
864 70.2389 89.5688
465 70.6492 89.5283
622 71.056 89.4882
353 71.4932 89.4451
823 71.9193 89.4031
620 72.354 89.3602
145 72.8609 89.3102
580 73.3806 89.259
318 73.8657 89.2111
52 74.3864 89.1598
135 75.1456 89.0849
285 75.7324 89.027
666 76.4154 88.9597
983 77.1699 88.8853
648 77.5933 88.8435
742 77.9969 88.8037
725 78.432 88.7608
494 78.8399 88.7206
893 79.2661 88.6786
473 79.7075 88.635
820 80.0928 88.597
928 80.518 88.5551
372 86.104 81.1997
332 86.0206 80.9875
311 85.9601 80.8336
25 85.9014 80.684
685 85.8389 80.525
889 85.7716 80.3539
322 85.6454 80.0325
159 85.0982 78.64
818 84.2883 76.5785
579 83.5576 74.7187
975 83.0494 73.4254
110 82.6946 72.5222
204 82.6946 72.5222
660 82.6946 72.5222
528 82.6946 72.5222
837 82.6946 72.5222
450 82.9269 71.5734
740 83.1498 70.6634
684 84.1291 66.6646
107 84.7271 64.2226
198 84.8379 63.7704
242 84.9338 63.3786
497 85.0242 63.0099
951 83.4022 62.3039
977 82.912 62.2473
170 82.4426 62.1931
385 81.7911 62.118
884 81.2223 62.0523
920 79.2188 61.8212
506 77.8752 61.6662
290 70.6367 60.831
650 70.3584 60.7554
852 70.1264 60.6923
201 69.8826 60.6261
941 69.6194 60.5545
334 69.3774 60.4887
383 69.1255 60.4203
340 68.747 60.3174
900 68.4332 60.2321
962 68.0625 60.1313
656 67.6277 60.0131
668 67.1666 59.8878
478 66.7856 59.7842
420 66.4089 59.6818
68 66.0038 59.5717
67 65.5957 59.4608
538 65.1688 59.3447
152 64.7742 59.2375
519 64.1506 59.0679
173 64.12 59.0596
791 64.0856 59.0503
625 64.1236 59.0043
293 64.1629 58.9566
440 64.1995 58.9122
647 64.2388 58.8647
810 64.2777 58.8175
282 64.3179 58.7687
485 64.5851 58.445
623 64.8262 58.1528
35 65.0065 57.9343
767 65.2099 57.6877
85 65.3943 57.4642
942 65.5926 57.2239
190 65.7852 56.9905
396 65.9761 56.7591
644 66.1857 56.5051
850 66.3667 56.2858
583 66.535 56.0818
393 66.6921 55.8914
274 72.1325 49.2978
932 72.3025 49.0917
425 72.4674 48.8919
29 72.6279 48.6974
143 72.7704 48.5247
195 72.9309 48.3302
232 73.0827 48.1461
967 73.227 47.9712
842 73.3656 47.8034
117 73.5124 47.6254
926 73.6813 47.4207
553 73.8552 47.2099
102 74.025 47.0041
70 74.2319 46.7533
670 74.5021 46.4259
323 74.7653 46.1069
606 75.011 45.8091
745 75.3188 45.4361
592 75.5975 45.0983
835 75.8969 44.7354
136 76.117 44.4687
838 76.4072 44.0426
520 77.3796 42.615
466 77.3796 42.615
609 77.3796 42.615
387 77.3796 42.615
627 84.9726 22.8919
345 84.9726 22.8919
590 84.9726 22.8919
98 84.9726 22.8919
33 85.1126 22.3193
243 85.8811 19.1758
979 86.0951 18.3005
260 86.2684 17.5916
483 86.2684 17.5916
