0,979,721,103,959,819,176,821,6,781,504,295,24,598,581,777,419,66,873,555,751,55,27,865,355,164,828,358,681,831,930,844,63,586,906,935,250,209,19,480,194,421,377,467,634,7,848,843,180,566,716,452,262,155,472,945,785,519,43,594,458,276,197,793,370,498,281,127,264,875,577,492,978,85,217,870,929,89,576,210,282,410,522,621,461,342,623,625,791,35,468,286,512,101,237,597,923,186,69,907,832,617,743,161,895,564,459,453,523,798,248,225,134,109,676,855,968,558,350,765,308,724,910,645,365,563,533,683,591,359,21,540,912,779,809,471,732,294,189,175,730,872,56,804,141,715,291,840,171,614,649,163,404,80,662,223,976,574,144,484,226,319,636,696,58,833,658,578,41,886,885,490,76,560,360,608,946,339,326,454,757,60,924,600,965,252,99,374,443,971,640,571,601,846,501,726,81,927,635,479,132,697,16,587,604,333,266,537,411,361,275,903,220,950,390,327,788,137,524,981,596,526,888,789,897,733,34,382,735,324,130,104,267,689,878,30,720,778,349,54,839,510,599,729,957,59,705,756,233,507,901,79,603,922,493,783,891,508,38,414,403,438,913,908,147,49,679,543,664,151,269,388,655,142,619,706,688,545,723,549,391,748,11,525,876,811,535,413,529,397,37,475,302,32,191,853,862,869,486,989,687,356,379,257,934,160,822,917,790,278,834,289,261,692,26,64,573,653,643,205,518,626,407,287,310,254,439,915,363,351,883,111,337,669,902,787,824,221,307,899,704,709,673,402,641,246,661,702,284,488,348,629,881,8,474,211,61,366,362,963,412,741,646,682,722,187,812,4,268,588,674,86,331,514,455,258,898,943,602,354,700,990,829,65,612,78,794,710,133,74,299,836,572,87,985,125,121,863,616,731,328,384,123,10,499,708,312,148,283,770,958,373,212,330,652,771,663,476,157,182,534,423,341,463,128,57,805,749,938,228,47,949,174,797,698,222,972,505,214,279,46,589,841,422,956,218,936,849,496,336,196,116,925,633,784,154,758,347,760,677,166,122,234,531,764,527,691,489,909,352,114,100,858,542,192,329,565,303,451,630,734,77,939,966,219,799,482,376,665,772,703,739,272,338,131,948,277,224,991,551,445,556,433,615,371,905,546,502,400,97,503,162,298,747,825,398,680,427,119,113,3,780,321,429,970,240,75,639,879,552,381,517,717,14,667,607,686,860,153,168,701,346,728,554,944,955,436,570,657,444,178,90,207,892,500,694,31,830,255,380,973,263,447,969,557,916,1,316,446,95,719,199,48,300,169,426,301,711,736,718,585,953,827,401,106,699,364,17,213,399,803,678,568,203,868,759,815,405,462,200,750,304,547,88,244,469,693,457,325,792,138,386,628,890,39,108,914,435,988,550,637,487,982,796,50,495,183,761,227,712,13,768,753,651,15,441,714,491,695,776,249,288,456,115,247,933,184,442,236,430,610,521,593,28,859,871,409,93,431,206,773,120,36,918,954,139,638,428,253,877,167,306,296,424,919,631,806,368,72,613,230,611,265,418,129,2,215,309,738,394,292,960,470,974,448,44,172,73,256,271,548,20,124,786,795,561,270,416,92,96,808,150,22,165,713,241,766,569,752,814,874,807,239,707,392,231,672,181,146,559,179,320,437,952,335,305,449,53,367,245,313,40,947,539,763,774,851,536,532,866,389,5,882,980,541,156,343,23,202,434,624,62,511,375,118,746,690,826,896,737,961,105,406,562,880,280,193,530,940,801,642,861,816,921,317,297,369,432,140,887,802,12,857,782,82,605,632,235,800,582,671,9,91,513,659,112,208,415,259,126,769,216,755,94,894,650,18,867,67,509,986,315,290,727,71,83,185,408,618,344,984,477,856,754,52,516,931,622,42,567,911,229,464,854,285,817,992,251,584,837,460,847,575,51,744,145,177,494,893,465,725,620,742,481,937,864,740,648,823,159,353,983,845,544,813,273,580,135,158,318,666,820,149,928,775,473,889,417,528,25,372,332,311,685,660,450,322,204,395,378,904,818,385,900,579,975,962,238,654,383,152,852,201,987,110,393,810,941,70,842,942,478,583,656,102,668,84,762,420,767,173,647,485,188,440,293,964,538,515,595,68,340,396,644,357,967,425,675,334,850,553,190,143,117,920,314,45,232,592,609,466,670,323,606,136,951,195,838,926,170,198,977,932,506,497,107,684,387,242,884,520,745,29,835,33,274,98,590,483,260,243,345,627,
value : 483.166 running time : 65.033720
0 80 20
979 79.0345 18.993
721 71.6728 16.8862
103 66.7775 15.4853
959 65.09 17.5084
819 64.0763 18.7237
176 63.2961 19.6591
821 61.7596 21.5011
6 61.3468 21.9961
781 60.9862 22.4284
504 60.7125 22.7566
295 60.3845 23.1497
24 60.0393 23.5636
598 59.6678 24.009
581 59.2519 24.5076
777 58.7485 25.1111
419 56.8259 27.4161
66 55.0495 29.5458
873 54.8003 29.8446
555 54.5411 30.1554
751 54.2791 30.4695
55 54.0291 30.7691
27 53.7661 31.0845
865 53.5017 31.4015
355 53.2504 31.7028
164 53.0098 31.9912
828 52.7558 32.2957
358 52.4939 32.6097
681 52.2235 32.9339
831 51.9649 33.2439
930 51.5777 33.7081
844 51.209 34.1501
63 50.8724 34.5537
586 50.6015 34.8785
906 50.3533 35.176
935 50.1255 35.4491
250 49.9137 35.7031
209 49.6831 35.9795
19 49.4189 36.2962
480 49.1318 36.6404
194 48.9244 36.8891
421 48.9244 36.8891
377 48.9244 36.8891
467 48.9244 36.8891
634 48.1877 38.5129
7 47.0603 40.9986
848 47.0799 41.1261
843 47.0988 41.249
180 47.1156 41.3587
566 47.1324 41.4677
716 47.15 41.5825
452 47.1679 41.6987
262 47.1864 41.8194
155 47.2023 41.9225
472 47.2191 42.0322
945 47.2355 42.1386
785 47.2505 42.2361
519 47.2891 42.4877
43 47.2891 42.4877
594 47.2041 43.1364
458 47.1075 43.8738
276 46.9602 44.9987
197 46.8179 46.0855
793 46.6396 47.4471
370 46.6217 47.5842
498 46.6035 47.7227
281 46.5864 47.8538
127 46.5703 47.9762
264 46.5541 48.0998
875 46.5494 48.1359
577 46.5435 48.1808
492 46.5435 48.1808
978 46.5435 48.1808
85 46.5435 48.1808
217 46.5435 48.1808
870 46.0319 49.7544
929 44.9067 53.2153
89 44.7971 53.5526
576 44.9688 53.8879
210 45.115 54.1734
282 45.2857 54.5068
410 45.3895 54.7094
522 45.4734 54.8732
621 45.5816 55.0845
461 45.6816 55.2798
342 45.7847 55.481
623 45.9054 55.7167
625 46.0366 55.973
791 46.1328 56.1609
35 46.2178 56.3268
468 46.2953 56.4781
286 46.3479 56.5808
512 46.397 56.6767
101 46.4605 56.8006
237 46.5188 56.9145
597 46.5872 57.0481
923 46.6537 57.1778
186 46.7179 57.3033
69 46.7815 57.4274
907 49.8879 63.4933
832 49.7306 68.4442
617 49.2642 68.5284
743 48.7927 68.6137
161 48.3311 68.6971
895 47.855 68.7832
564 47.3386 68.8765
459 47.0688 68.9253
453 46.8258 68.9692
523 46.5536 69.0184
798 46.3094 69.0625
248 46.0387 69.1114
225 45.7799 69.1582
134 45.5285 69.2036
109 45.2955 69.2457
676 45.0214 69.2953
855 44.7596 69.3426
968 44.4937 69.3907
558 44.1747 69.4483
350 43.8439 69.5081
765 43.531 69.5647
308 43.2261 69.6198
724 42.9613 69.6676
910 42.6988 69.7151
645 42.434 69.7629
365 42.4287 69.7639
563 42.4236 69.7648
533 42.4177 69.7659
683 42.412 69.7669
591 42.4057 69.768
359 42.3999 69.7691
21 42.3945 69.7701
540 42.3892 69.771
912 42.3834 69.7721
779 42.3499 69.8324
809 42.3178 69.8901
471 42.2776 69.9625
732 41.96 70.5344
294 41.4785 71.4014
189 41.0979 72.0866
175 40.8316 72.5659
730 40.5088 73.1472
872 40.3495 73.4339
56 40.2247 73.6585
804 40.0812 73.9168
141 38.8375 76.1564
715 38.8375 76.1564
291 38.8375 76.1564
840 38.8375 76.1564
171 38.8375 76.1564
614 38.8375 76.1564
649 38.8375 76.1564
163 38.8375 76.1564
404 38.8375 76.1564
80 38.8375 76.1564
662 38.8375 76.1564
223 38.8375 76.1564
976 38.8375 76.1564
574 38.8375 76.1564
144 38.8375 76.1564
484 38.8375 76.1564
226 38.8375 76.1564
319 38.8375 76.1564
636 38.8375 76.1564
696 27.3475 80.3273
58 27.2591 80.2441
833 27.1702 80.1604
658 26.9399 79.9437
578 26.7354 79.7512
41 26.5374 79.5648
886 26.3336 79.3731
885 26.1528 79.2029
490 25.9476 79.0098
76 25.7336 78.8084
560 25.4861 78.5755
360 25.2952 78.3958
608 25.1073 78.219
946 24.9139 78.037
339 24.7235 77.8578
326 24.543 77.6879
454 24.3815 77.5359
757 24.2061 77.3708
60 24.0246 77.2
924 23.8111 76.999
600 23.633 76.8314
965 23.4658 76.6741
252 23.3152 76.5324
99 22.2209 75.5026
374 21.1721 74.5156
443 21.823 73.2048
971 22.6063 71.6274
640 23.266 70.299
571 23.3173 70.1958
601 23.3696 70.0903
846 23.4228 69.9833
501 23.4729 69.8823
726 23.518 69.7915
81 23.5702 69.6863
927 23.6203 69.5856
635 23.668 69.4894
479 23.7172 69.3904
132 23.7725 69.279
697 23.8211 69.1811
16 23.8786 69.0653
587 23.9432 68.9353
604 23.9972 68.8265
333 24.052 68.7162
266 24.1129 68.5936
537 24.1732 68.4721
411 24.2371 68.3435
361 24.2953 68.2262
275 24.3599 68.0961
903 24.4242 67.9668
220 24.4794 67.8555
950 24.5431 67.7272
390 24.6176 67.5772
327 24.682 67.4476
788 24.7501 67.3104
137 24.8121 67.1856
524 24.868 67.073
981 24.9314 66.9454
596 24.988 66.8313
526 25.0335 66.7398
888 25.0844 66.6373
789 25.1385 66.5284
897 25.201 66.4025
733 25.26 66.2836
34 25.3172 66.1685
382 25.3724 66.0573
735 25.4279 65.9456
324 25.4816 65.8374
130 25.512 65.7763
104 25.5469 65.706
267 25.5469 65.706
689 25.5469 65.706
878 25.886 64.3693
30 26.5154 61.8881
720 26.7752 60.8641
778 27.0805 59.6606
349 27.1447 59.4073
54 27.2203 59.1094
839 27.3093 58.736
510 27.3958 58.3729
599 27.4804 58.0179
729 27.5699 57.6425
957 27.6621 57.2553
59 27.7562 56.8604
705 27.8493 56.4695
756 27.9443 56.0709
233 28.0372 55.681
507 28.1337 55.2762
901 28.2352 54.85
79 28.3436 54.3948
603 28.4614 53.9001
922 28.5741 53.4272
493 28.6856 52.9589
783 28.8108 52.4331
891 28.9082 52.0245
508 29.0086 51.6029
38 29.1056 51.1959
414 29.1953 50.8195
403 29.2763 50.4792
438 29.358 50.1366
913 29.4361 49.8087
908 29.5144 49.48
147 29.5965 49.1356
49 29.6796 48.787
679 29.7627 48.4379
543 29.83 48.1558
664 29.9009 47.8582
151 29.9677 47.5779
269 30.0281 47.3244
388 30.0928 47.0527
655 30.1552 46.7912
142 30.2148 46.5411
619 30.2839 46.2511
706 30.3507 45.9709
688 30.4121 45.7131
545 30.4781 45.4364
723 30.5553 45.1125
549 30.6329 44.7865
391 30.6814 44.5831
748 30.7373 44.3488
11 30.7918 44.1202
525 30.8456 43.8944
876 30.9014 43.6601
811 30.9597 43.4155
535 31.0132 43.1911
413 31.0688 42.9579
529 31.1286 42.7069
397 31.1803 42.4902
37 31.2338 42.2656
475 31.2881 42.0377
302 31.3452 41.7982
32 31.408 41.5349
191 31.6868 40.4958
853 31.8831 39.7645
862 32.0462 39.1567
869 32.2272 38.4821
486 32.3932 37.8635
989 32.5354 37.3336
687 32.6999 36.7206
356 32.8771 36.0602
379 33.2777 34.5679
257 33.5623 33.5072
934 33.8509 32.4318
160 33.9347 32.1195
822 34.0182 31.8084
917 34.0886 31.546
790 34.2364 30.9952
278 34.4264 30.2874
834 34.6277 29.5371
289 34.8308 28.7801
261 34.9043 28.5063
692 34.973 28.2505
26 35.1645 27.5366
64 35.3225 26.9479
573 35.4757 26.3771
653 35.5785 25.9941
643 32.1241 26.5836
205 31.6614 26.6625
518 34.0689 14.4608
626 33.4526 14.6143
407 32.9112 14.7491
287 32.325 14.8951
310 31.6274 15.0688
254 30.7414 15.2893
439 30.1701 15.4316
915 29.686 15.5522
363 29.5111 15.5957
351 29.3171 15.644
883 29.1203 15.693
111 28.9093 15.7456
337 28.6877 15.8008
669 28.427 15.8657
902 28.1512 15.9343
787 27.9241 15.9909
824 26.8964 16.1592
221 25.9161 16.3198
307 25.4229 16.2776
899 24.8836 16.2315
704 24.4098 16.191
709 23.109 16.0798
673 18.6191 15.6968
402 18.3591 15.6746
641 18.1183 15.6539
246 17.8796 15.6335
661 17.5739 15.6074
702 17.287 15.5828
284 16.9737 15.556
488 16.5077 15.5161
348 16.0348 15.4757
629 15.5921 15.4378
881 15.2203 15.406
8 14.9066 15.3791
474 14.5543 15.349
211 14.1373 15.3133
61 13.7232 15.2779
366 13.534 15.2617
362 13.3153 15.243
963 13.1158 15.2259
412 13.0152 15.2173
741 12.919 15.2091
646 12.8102 15.1998
682 12.7118 15.1914
722 12.6083 15.1825
187 12.5182 15.1748
812 12.5182 15.1748
4 12.3681 21.1885
268 12.3434 22.174
588 12.3224 23.0092
674 12.2957 24.0714
86 12.235 26.4966
331 12.2318 26.6208
514 12.2285 26.7551
455 12.2254 26.8774
258 12.2221 27.0072
898 12.2187 27.1413
943 12.5215 27.8415
602 12.7986 28.4822
354 13.0371 29.0339
700 12.9609 29.9498
990 12.9009 30.6719
829 12.8599 31.1646
65 12.8178 31.6716
612 12.7767 32.1665
78 12.7467 32.5277
794 12.7294 32.7363
710 12.7078 32.9966
133 12.6848 33.273
74 12.662 33.547
299 12.6325 33.9025
836 12.5975 34.3237
572 12.5604 34.7696
87 12.5175 35.2858
985 12.4765 35.7795
125 12.4351 36.277
121 12.3944 36.7669
863 12.3075 37.8106
616 12.224 38.8151
731 12.1459 39.7539
328 12.0728 40.6324
384 12.0503 41.2454
123 12.0278 41.8625
10 12.006 42.4555
499 11.9834 43.0738
708 11.8669 46.2588
312 11.8638 46.3436
148 11.8607 46.429
283 11.8575 46.5164
770 11.8538 46.6158
958 11.8503 46.7122
373 11.8464 46.8189
212 11.843 46.9126
330 11.8394 47.0108
652 11.8356 47.1154
771 11.832 47.2135
663 11.8283 47.3139
476 11.8244 47.4203
157 11.8203 47.5333
182 11.8166 47.6347
534 11.813 47.7323
423 11.8095 47.8273
341 11.8056 47.935
463 11.8018 48.0385
128 11.798 48.1413
57 11.7942 48.2464
805 11.7905 48.3481
749 11.7869 48.444
938 11.7834 48.5401
228 11.7801 48.6321
47 11.776 48.7423
949 11.7726 48.8365
174 11.7689 48.938
797 11.7652 49.0382
698 11.7613 49.1444
222 11.7576 49.2469
972 11.7535 49.3574
505 11.7499 49.457
214 11.7461 49.56
279 11.7426 49.654
46 11.7393 49.7449
589 11.7353 49.8539
841 11.7322 49.9397
422 11.7288 50.0324
956 11.7255 50.1219
218 11.7223 50.2096
936 11.7193 50.2922
849 11.7161 50.379
496 11.7136 50.4483
336 11.7103 50.5366
196 11.7072 50.6223
116 11.7045 50.6969
925 11.7014 50.7814
633 11.6987 50.8548
784 11.5849 52.7071
154 11.5203 53.7599
758 11.4474 54.9494
347 11.3668 56.2621
760 11.3544 56.4644
677 11.3429 56.6522
166 11.3314 56.84
122 11.3194 57.0363
234 11.3064 57.2482
531 11.2948 57.439
764 11.2838 57.6196
527 11.2728 57.7991
691 11.2614 57.986
489 11.2503 58.1676
909 11.2382 58.3643
352 11.2243 58.5915
114 11.2091 58.841
100 11.1964 59.0488
858 11.1828 59.2712
542 11.1575 59.6849
192 11.1275 60.1738
329 11.0998 60.6262
565 11.0737 61.0533
303 11.0462 61.5024
451 11.0146 62.0173
630 10.98 62.5828
734 10.9478 63.1088
77 10.9171 63.61
939 10.8876 64.0919
966 10.8587 64.5638
219 10.837 64.9189
799 10.8156 65.2687
482 10.7945 65.6125
376 10.7737 65.9532
665 10.7521 66.3068
772 10.7321 66.6337
703 10.7104 66.9872
739 10.6877 67.3591
272 10.6644 67.7393
338 10.6413 68.1165
131 10.6189 68.4832
948 10.5941 68.888
277 10.5701 69.2794
224 10.5455 69.6809
991 10.5241 70.0318
551 10.5039 70.3619
445 10.4854 70.6642
556 10.4659 70.9818
433 10.4471 71.2896
615 10.4296 71.5764
371 10.4164 71.7925
905 10.4 72.0604
546 10.3972 72.1057
502 10.3948 72.1443
400 10.3922 72.1881
97 10.3895 72.2319
503 10.3866 72.2793
162 10.3837 72.326
298 10.3808 72.3739
747 10.3783 72.4147
825 10.3752 72.4649
398 10.3725 72.5093
680 10.3696 72.557
427 10.3666 72.6059
119 10.3637 72.6537
113 10.3606 72.7036
3 10.3577 72.7512
780 10.3541 72.8108
321 10.351 72.8604
429 10.3483 72.905
970 10.3455 72.9514
240 10.3419 73.0093
75 10.3391 73.0552
639 10.3366 73.0959
879 10.3342 73.1353
552 10.3316 73.1783
381 10.3121 73.4963
517 10.2912 73.8369
717 10.2696 74.1904
14 10.2473 74.5537
667 10.2247 74.9229
607 10.2007 75.3142
686 10.1757 75.7216
860 10.15 76.1402
153 10.1253 76.5431
168 10.1247 76.552
701 10.1242 76.5609
346 10.1236 76.5702
728 10.123 76.5797
554 10.1224 76.5894
944 10.1219 76.5991
955 10.1213 76.6086
436 10.1207 76.6177
570 10.1202 76.6266
657 10.1196 76.6353
444 10.119 76.6453
178 10.1185 76.6539
90 10.118 76.6625
207 10.1175 76.6709
892 10.1169 76.6808
500 10.1163 76.6895
694 10.1158 76.6987
31 10.1151 76.7094
830 10.1145 76.7192
255 10.1139 76.7293
380 9.4717 87.1404
973 9.4681 87.1993
263 9.46489 87.2517
447 9.46155 87.3062
969 9.45832 87.359
557 9.45524 87.4094
916 9.45215 87.4599
1 9.44875 87.5154
316 9.44555 87.5677
446 9.44226 87.6215
95 9.43906 87.6737
719 9.43576 87.7276
199 9.43239 87.7827
48 9.42944 87.8309
300 9.42608 87.8857
169 9.42272 87.9406
426 9.41931 87.9963
301 9.4154 88.0601
711 9.41159 88.1223
736 9.40839 88.1746
718 9.40498 88.2304
585 9.40129 88.2905
953 9.39799 88.3445
827 9.3945 88.4014
401 9.39154 88.4498
106 9.3882 88.5043
699 9.38525 88.5525
364 9.38198 88.6061
17 9.37869 88.6598
213 9.37535 88.7143
399 9.37535 88.7143
803 9.37535 88.7143
678 9.37535 88.7143
568 9.37535 88.7143
203 9.37535 88.7143
868 9.37535 88.7143
759 9.37535 88.7143
815 9.37535 88.7143
405 9.37535 88.7143
462 9.37535 88.7143
200 9.37535 88.7143
750 9.37535 88.7143
304 9.37535 88.7143
547 9.37535 88.7143
88 9.37535 88.7143
244 9.37535 88.7143
469 9.37535 88.7143
693 9.37535 88.7143
457 9.37535 88.7143
325 9.37688 88.7342
792 9.37845 88.7547
138 9.38002 88.775
386 9.38138 88.7927
628 9.38269 88.8097
890 9.38405 88.8273
39 9.3877 88.8748
108 9.39088 88.9161
914 9.39426 88.96
435 9.39765 89.004
988 9.40063 89.0427
550 15.4978 88.4782
637 15.586 88.4701
487 15.6908 88.4603
982 15.779 88.4522
796 15.8803 88.4428
50 16.2822 88.4549
495 16.6784 88.4669
183 17.0786 88.479
761 17.4725 88.4908
227 17.825 88.5015
712 18.1861 88.5124
13 18.5408 88.5231
768 18.9015 88.534
753 19.0242 88.5377
651 19.1495 88.5415
15 19.2669 88.545
441 19.3928 88.5488
714 19.5153 88.5525
491 19.626 88.5559
695 19.7309 88.559
776 19.8371 88.5623
249 19.9492 88.5656
288 20.0585 88.5689
456 20.1658 88.5722
115 20.2662 88.5752
247 20.3675 88.5783
933 20.4856 88.5819
184 20.5979 88.5852
442 20.7014 88.5884
236 20.8137 88.5918
430 21.7242 88.6193
610 22.3015 88.6367
521 22.8276 88.6526
593 23.3229 88.6676
28 23.8513 88.6836
859 24.2966 88.697
871 24.7375 88.7104
409 25.2244 88.7251
93 25.6797 88.7389
431 26.834 88.7737
206 31.3062 88.9087
773 31.3884 88.9112
120 31.4703 88.9137
36 31.5501 88.9161
918 31.6375 88.9187
954 31.7216 88.9213
139 31.8112 88.924
638 31.8529 88.9252
428 31.895 88.9265
253 31.9395 88.9278
877 31.9863 88.9293
167 32.0246 88.9304
306 32.065 88.9316
296 32.1091 88.933
424 32.1533 88.9343
919 32.2061 88.9359
631 32.2506 88.9373
806 32.2995 88.9387
368 32.3454 88.9401
72 32.4039 88.9419
613 32.4553 88.9434
230 32.503 88.9449
611 32.5472 88.9462
265 32.7482 88.9523
418 32.8286 88.9547
129 32.9376 88.958
2 33.0289 88.9608
215 33.1304 88.9638
309 33.2246 88.9667
738 33.3122 88.9693
394 33.3982 88.9719
292 33.4833 88.9745
960 33.5657 88.977
470 33.6548 88.9797
974 33.7456 88.9824
448 33.8267 88.9849
44 33.8981 88.987
172 34.0064 88.9903
73 34.1054 88.9933
256 34.2096 88.9965
271 34.3148 88.9996
548 34.4181 89.0028
20 34.514 89.0057
124 34.7606 89.0131
786 35.0843 89.0229
795 35.4109 89.0327
561 35.7417 89.0427
270 36.0497 89.0521
416 36.3637 89.0615
92 36.6533 89.0703
96 36.9483 89.0792
808 37.2644 89.0888
150 37.5923 89.0987
22 37.9564 89.1097
165 38.3241 89.1208
713 38.6527 89.1307
241 38.9377 89.1393
766 39.2447 89.1486
569 39.5365 89.1574
752 39.8283 89.1662
814 40.1544 89.1761
874 40.4675 89.1855
807 40.7436 89.1939
239 41.0446 89.203
707 41.3189 89.2113
392 41.6065 89.22
231 41.9043 89.229
672 42.223 89.2386
181 42.823 89.2567
146 43.4323 89.2751
559 44.1117 89.2956
179 44.7496 89.3149
320 45.3461 89.3329
437 45.927 89.3505
952 46.5623 89.3697
335 47.1319 89.3869
305 47.1544 89.3875
449 47.178 89.3883
53 47.2043 89.3891
367 47.2348 89.39
245 47.2615 89.3908
313 47.2877 89.3916
40 47.3129 89.3923
947 47.3368 89.3931
539 47.359 89.3937
763 47.3845 89.3945
774 47.4131 89.3954
851 47.4394 89.3962
536 47.4632 89.3969
532 47.4869 89.3976
866 47.5101 89.3983
389 47.535 89.3991
5 47.5622 89.3999
882 47.5913 89.4008
980 47.6178 89.4016
541 47.6429 89.4023
156 47.6686 89.4031
343 47.6953 89.4039
23 47.7251 89.4048
202 47.7949 89.2765
434 47.8535 89.1688
624 47.9231 89.0409
62 47.996 88.9069
511 48.0635 88.7828
375 48.1371 88.6476
118 48.2235 88.4888
746 48.2948 88.3577
690 48.3762 88.208
826 48.4541 88.0648
896 48.5188 87.946
737 48.5927 87.8101
961 48.6673 87.6732
105 48.8989 87.2475
406 49.3667 86.3876
562 49.7894 85.6106
880 50.1814 84.8901
280 50.5475 84.2172
193 50.8675 83.629
530 51.2096 83.0002
940 51.5894 82.3022
801 51.9765 81.5906
642 52.2843 81.0249
861 52.6213 80.4054
816 52.9808 79.7446
921 53.405 78.965
317 53.8113 78.2181
297 54.2196 77.4678
369 54.2456 77.4144
432 54.2725 77.3594
140 54.2978 77.3076
887 54.3248 77.2523
802 54.3521 77.1964
12 54.3801 77.1391
857 54.4083 77.0813
782 54.4359 77.025
82 54.463 76.9694
605 54.4946 76.9048
632 54.5221 76.8483
235 54.5502 76.7908
800 54.5725 76.7452
582 54.5954 76.6984
671 54.6182 76.6517
9 54.6409 76.6051
91 54.6629 76.5602
513 54.6845 76.5159
659 54.706 76.4718
112 54.846 76.1851
208 54.9779 75.915
415 55.0981 75.6688
259 55.2414 75.3752
126 55.4148 75.0199
769 55.6045 74.6312
216 55.7908 74.2496
755 55.7908 74.2496
94 55.7908 74.2496
894 55.7908 74.2496
650 60.2918 73.1907
18 60.2785 73.6477
867 60.2671 74.0415
67 60.2547 74.4691
509 60.2395 74.9951
986 60.2246 75.5097
315 60.2008 76.3328
290 60.177 77.1548
727 60.1476 78.1744
71 60.1095 79.4961
83 60.0668 80.9767
185 59.9297 85.7532
408 59.8872 87.229
618 59.8565 88.2907
344 59.8291 89.2416
984 59.9684 89.1374
477 60.0992 89.0396
856 60.2097 88.957
754 60.3363 88.8623
52 60.4663 88.7651
516 60.5886 88.6736
931 60.8478 88.4798
622 61.0866 88.3013
42 61.3055 88.1376
567 61.5338 87.9669
911 61.7502 87.8051
229 62.3313 87.3706
464 62.8167 87.0076
854 63.3656 86.5972
285 63.3656 86.5972
817 63.3656 86.5972
992 63.3656 86.5972
251 63.3656 86.5972
584 63.3656 86.5972
837 64.7062 84.1989
460 64.7181 84.1776
847 64.7293 84.1575
575 65.4185 84.4948
51 66.2276 84.8908
744 67.1576 85.3459
145 68.2422 85.8768
177 69.2933 86.3912
494 70.8001 87.1287
893 71.6908 87.5646
465 71.9573 87.695
725 72.2882 87.8569
620 72.5257 87.9732
742 72.7807 88.098
481 73.0216 88.2159
937 73.3054 88.3548
864 73.6296 88.5134
740 73.9452 88.6679
648 74.2152 88.8
823 74.4579 88.9188
159 74.745 89.0593
353 75.0148 89.1914
983 75.315 89.3383
845 75.315 89.3383
544 75.315 89.3383
813 75.315 89.3383
273 75.315 89.3383
580 75.5095 89.3034
135 75.7063 89.2681
158 75.8891 89.2353
318 76.0809 89.2009
666 76.2954 89.1624
820 76.5162 89.1228
149 76.7213 89.086
928 80.9437 88.3282
775 81.5048 87.7934
473 82.4861 86.8581
889 83.3822 86.004
417 84.1331 85.2883
528 85.248 84.2256
25 85.644 83.8482
372 86.0085 83.5008
332 84.661 82.4717
311 84.6486 82.4623
685 84.6359 82.4526
660 84.6224 82.4422
450 84.6088 82.4319
322 83.3946 81.6159
204 79.2998 78.8645
395 71.1977 73.4213
378 71.0936 73.1908
904 70.8842 72.7271
818 70.6913 72.2999
385 70.4651 71.799
900 70.2365 71.2926
579 70.0177 70.8079
975 69.7814 70.2846
962 69.5451 69.7614
238 69.3043 69.228
654 69.102 68.78
383 68.8867 68.3033
152 68.6555 67.7912
852 68.4238 67.2779
201 68.1924 66.7655
987 67.9599 66.2506
110 67.576 65.4003
393 67.1604 64.4797
810 66.7313 63.5293
941 66.4393 62.8825
70 66.1466 62.2343
842 65.9771 61.8589
942 65.9771 61.8589
478 65.9771 61.8589
583 65.9771 61.8589
656 65.9771 61.8589
102 65.9771 61.8589
668 65.9771 61.8589
84 65.9771 61.8589
762 66.0715 61.4533
420 66.181 60.9826
767 66.2848 60.5366
173 66.3726 60.1593
647 66.4895 59.6569
485 66.6138 59.1226
188 66.7279 58.632
440 66.7574 58.5406
293 66.7932 58.4299
964 66.8264 58.3269
538 66.8734 58.1814
515 66.9178 58.0438
595 66.9673 57.8906
68 67.0188 57.7311
340 67.0699 57.573
396 67.5653 56.0396
644 68.0859 54.4283
357 68.4512 53.2977
967 68.7039 52.5154
425 68.9396 51.7857
675 69.1563 51.1147
334 69.2381 50.8615
850 69.3611 50.4806
553 69.4907 50.0791
190 69.6161 49.6909
143 69.7599 49.2456
117 69.8968 48.8217
920 70.0405 48.377
314 70.1906 47.9122
45 70.323 47.5022
232 70.9656 47.568
592 71.6088 47.6338
609 72.1955 47.6939
466 72.7671 47.7524
670 73.341 47.8112
323 73.9246 47.871
606 74.5683 47.9369
136 76.0331 48.0866
951 76.7956 48.1646
195 77.3265 48.219
838 77.8688 48.2746
926 78.359 48.3248
170 82.061 48.7025
198 83.1084 48.8097
977 84.1295 48.9142
932 85.1154 49.015
506 86.2508 49.1312
497 87.2545 49.2339
107 87.2382 49.087
684 87.2222 48.9434
387 87.1384 48.1895
242 87.0366 47.2743
884 86.8978 46.0248
520 86.7041 44.2801
745 86.5601 42.9842
29 86.5353 42.7615
835 86.5044 39.8677
33 86.4738 37.0106
274 86.4485 34.651
98 86.4001 30.1057
590 86.354 25.772
483 86.2684 17.5916
260 86.2684 17.5916
243 85.9159 17.727
345 85.4603 17.9021
627 84.9085 18.1141
