0,260,979,721,345,483,627,243,98,33,590,520,745,274,29,609,835,592,466,670,553,323,195,314,143,644,357,232,675,606,387,842,425,656,932,920,967,951,117,926,420,506,684,170,107,977,136,497,242,838,884,198,837,383,372,740,648,332,450,685,660,322,473,311,204,528,818,889,25,742,135,725,928,285,544,817,318,481,494,983,820,580,845,477,251,353,854,158,813,145,666,149,893,620,417,864,159,754,273,297,823,509,622,385,867,937,832,654,579,975,395,744,727,378,465,415,816,460,71,83,51,406,887,259,931,775,18,369,229,861,290,567,42,464,52,575,335,961,911,177,202,367,536,851,320,940,984,62,856,185,23,746,882,532,434,992,737,344,313,952,309,877,541,866,814,516,511,305,690,375,584,896,105,165,774,118,40,624,206,980,659,408,618,449,874,53,239,343,713,389,156,231,559,294,245,5,252,840,800,921,82,126,947,292,319,563,193,179,880,671,976,642,280,802,12,140,895,801,769,109,317,605,9,986,847,987,432,315,112,632,625,188,282,743,340,941,468,793,577,396,161,647,810,208,904,440,152,767,67,110,173,485,538,964,907,293,393,35,68,668,84,515,238,650,900,962,595,201,334,70,852,190,583,850,478,942,762,102,558,186,155,281,498,597,798,522,875,906,594,844,519,262,978,945,623,492,848,870,472,43,843,85,180,621,342,101,512,370,127,508,533,194,69,917,778,862,929,471,388,269,151,664,687,414,38,147,913,302,461,603,809,30,922,11,480,790,989,191,452,257,876,723,811,525,7,566,142,475,37,783,49,706,619,679,688,397,543,908,413,535,655,391,788,640,438,403,130,764,720,599,729,957,59,705,756,233,451,349,501,897,772,411,891,81,735,279,733,524,382,645,137,324,79,237,839,493,846,56,630,390,275,587,927,601,701,89,266,924,724,175,104,591,912,54,901,267,765,523,410,526,359,689,327,903,571,604,225,171,80,662,715,545,510,968,576,286,216,210,923,453,732,617,857,582,91,248,804,855,683,264,365,791,134,894,350,779,484,676,530,437,826,562,755,94,235,215,163,459,223,404,910,270,226,878,614,21,308,807,291,596,189,540,564,782,144,513,416,636,60,241,141,220,537,184,789,552,635,965,574,113,971,888,93,326,479,886,333,608,22,271,730,16,872,256,41,428,265,172,539,569,561,649,766,763,470,448,752,72,181,146,808,974,139,773,129,394,738,613,919,697,611,150,392,672,786,960,73,96,230,76,548,885,707,124,409,490,658,806,954,454,2,578,424,306,768,871,28,495,183,610,13,696,761,712,757,296,550,50,253,92,631,859,44,795,430,36,418,167,521,833,58,456,593,638,918,20,227,753,651,15,441,120,714,491,435,442,115,444,153,88,247,399,803,988,695,776,249,288,401,236,827,386,678,213,106,304,699,750,200,364,17,462,759,240,693,868,585,39,244,31,557,380,138,368,203,815,405,457,933,568,953,300,301,711,736,914,718,973,728,108,892,487,628,469,969,637,546,905,446,554,95,316,719,982,178,1,263,199,447,547,916,360,224,792,991,780,90,426,556,860,325,321,944,436,48,169,298,97,694,639,825,796,966,119,665,433,502,950,445,667,970,482,500,162,272,114,219,75,429,503,830,607,890,615,374,207,99,398,431,726,600,443,946,799,339,168,560,955,427,400,570,234,551,517,376,277,361,680,338,717,879,346,381,981,255,657,948,371,14,739,3,132,131,686,734,507,703,747,939,77,841,677,760,34,196,784,936,218,956,422,192,565,329,531,336,347,589,166,122,116,849,758,154,157,534,182,691,858,925,633,312,100,46,527,78,32,731,863,616,423,749,805,57,128,463,496,341,303,542,708,499,352,909,489,148,384,938,214,505,972,222,698,797,174,949,47,228,328,123,125,476,663,771,652,330,212,373,958,770,283,87,985,268,990,898,673,963,4,794,455,641,402,661,710,133,514,474,741,258,331,572,74,86,700,612,65,121,943,836,829,205,10,812,61,682,412,646,211,348,674,588,362,366,881,629,299,722,8,187,488,254,602,284,709,899,221,246,354,261,669,363,518,111,64,287,307,934,626,278,704,26,351,310,653,407,883,337,379,643,573,834,824,549,486,915,702,439,822,160,902,787,356,869,529,748,250,19,716,935,209,421,66,865,164,692,419,197,467,586,377,276,217,785,853,63,781,828,355,831,681,6,458,289,873,555,751,55,27,634,930,821,959,45,358,819,777,176,504,295,24,598,581,103,
value : 478.997 running time : 68.476121
0 80 20
260 80.812 17.4913
979 80.812 17.4913
721 80.812 17.4913
345 84.2469 16.9778
483 85.4845 16.7928
627 85.273 17.586
243 85.0456 18.4389
98 82.9004 26.4893
33 81.8233 28.7952
590 80.9716 30.6188
520 80.1011 32.4822
745 79.216 34.3772
274 78.61 35.6745
29 78.0635 36.8447
609 77.6587 37.7113
835 77.2941 38.4918
592 76.866 39.4083
466 76.4992 40.1936
670 76.1301 40.9839
553 75.7936 41.7041
323 75.5687 42.1857
195 75.3313 42.694
314 75.0986 43.1921
143 74.9856 43.4342
644 74.881 43.658
357 74.881 43.658
232 74.881 43.6581
675 74.881 43.6581
606 74.9318 44.3897
387 74.9822 45.1152
842 75.0293 45.7944
425 75.0683 46.3566
656 75.1073 46.9182
932 75.1084 46.9351
920 75.1096 46.9526
967 75.1109 46.9706
951 75.1121 46.988
117 75.1121 46.988
926 76.422 48.9737
420 79.6894 53.927
506 80.6439 55.3444
684 81.3638 56.4134
170 81.985 57.3359
107 82.5385 58.1577
977 83.0442 58.9087
136 83.5312 59.632
497 84.1102 60.4917
242 84.0311 61.1465
838 83.9495 61.8221
884 83.8526 62.6246
198 83.666 64.1701
837 82.6763 72.3702
383 83.2264 73.7778
372 86.1101 81.1562
740 85.9816 81.3234
648 85.8621 81.479
332 85.7537 81.6201
450 85.6193 81.7951
685 85.4358 82.034
660 85.264 82.2576
322 85.0163 82.58
473 84.8061 82.8537
311 84.6306 83.0822
204 84.4063 83.3742
528 84.1562 83.6997
818 83.8163 84.1421
889 83.5425 84.4985
25 83.2604 84.8659
742 81.8406 86.7141
135 80.6103 88.3156
725 80.4906 88.4714
928 80.3551 88.6479
285 77.6097 89.0207
544 76.0887 89.2273
817 75.3304 89.3303
318 75.3304 89.3303
481 75.3304 89.3303
494 75.3304 89.3303
983 75.3304 89.3303
820 75.0179 89.2023
580 74.673 89.0611
845 74.2795 88.9
477 73.9239 88.7544
251 73.6518 88.643
353 73.3707 88.5279
854 73.0861 88.4114
158 72.7871 88.289
813 72.4901 88.1674
145 72.186 88.0429
666 71.9033 87.9272
149 71.6122 87.808
893 71.3196 87.6882
620 70.4635 87.3377
417 69.6269 86.9952
864 68.6872 86.6104
159 67.5984 86.1646
754 65.8531 85.4499
273 66.3402 84.6144
297 66.9802 83.5168
823 67.6167 82.425
509 68.4231 81.0417
622 69.0888 79.9
385 70.1941 78.004
867 69.8436 78.1918
937 69.4536 78.4008
832 69.0863 78.5975
654 68.8076 78.7469
579 68.5256 78.898
975 68.2113 79.0663
395 67.3754 79.5142
744 66.7398 79.8548
727 66.0373 80.2311
378 65.2024 80.6784
465 64.4503 81.0814
415 63.5684 81.5539
816 63.2851 81.7057
460 63.0316 81.8415
71 62.7734 81.9798
83 62.4729 82.1408
51 62.1096 82.3355
406 61.6701 82.571
887 61.6701 82.571
259 61.6701 82.571
931 61.6701 82.571
775 61.6701 82.571
18 61.6701 82.571
369 61.6701 82.571
229 61.6701 82.571
861 61.6701 82.571
290 61.6701 82.571
567 60.9855 83.744
42 60.3432 84.8447
464 59.8573 85.6774
52 59.4902 86.3065
575 57.0353 86.909
335 54.7736 87.4641
961 52.5171 88.0179
911 52.5101 88.0197
177 52.503 88.0214
202 52.4949 88.0234
367 52.4865 88.0254
536 52.478 88.0275
851 52.4703 88.0294
320 52.4621 88.0314
940 52.4543 88.0333
984 52.4466 88.0352
62 52.4381 88.0373
856 52.4303 88.0392
185 52.4226 88.0411
23 52.4139 88.0433
746 52.4055 88.0453
882 52.3975 88.0473
532 52.3888 88.0494
434 52.3805 88.0515
992 52.3726 88.0534
737 51.8722 88.1762
344 51.3611 88.3017
313 50.7971 88.4401
952 50.2566 88.5728
309 49.7858 88.6883
877 49.3152 88.8038
541 49.3152 88.8038
866 49.3152 88.8038
814 49.3152 88.8038
516 49.3152 88.8038
511 49.3152 88.8038
305 49.3152 88.8038
690 49.3152 88.8038
375 49.3152 88.8038
584 49.3152 88.8038
896 49.2036 88.7755
105 49.0846 88.7454
165 48.9726 88.717
774 48.8725 88.6917
118 48.7728 88.6664
40 48.6628 88.6386
624 48.5496 88.6099
206 48.4321 88.5801
980 48.3303 88.5544
659 48.219 88.5262
408 48.1142 88.4996
618 48.0078 88.4727
449 47.8903 88.443
874 47.7828 88.4157
53 47.434 88.2437
239 47.1322 88.0949
343 46.8186 87.9402
713 46.5026 87.7844
389 46.1711 87.6209
156 45.8456 87.4603
231 45.4717 87.276
559 45.4717 87.276
294 45.4717 87.276
245 45.4717 87.276
5 45.4717 87.276
252 45.9429 81.3244
840 46.2019 81.0633
800 46.5018 80.7612
921 46.7497 80.5114
82 46.9812 80.2781
126 47.2326 80.0248
947 47.4718 79.7837
292 47.7068 79.5469
319 48.0093 79.2422
563 48.3224 78.9266
193 48.6182 78.6286
179 48.9323 78.3121
880 49.2476 77.9943
671 49.5678 77.6717
976 49.8437 77.3937
642 50.1523 77.0827
280 50.4808 76.7517
802 50.801 76.429
12 51.1223 76.1052
140 51.4476 75.7774
895 51.8012 75.4211
801 52.1799 75.0395
769 52.5159 74.701
109 52.8561 74.3581
317 53.1869 74.0248
605 53.8697 73.3367
9 54.4847 72.7171
986 55.0971 72.0999
847 55.8028 71.3888
987 56.4515 70.7351
432 57.095 70.0866
315 57.7804 69.396
112 58.5143 68.6564
632 59.2988 67.8658
625 60.5559 66.599
188 61.754 65.3917
282 61.8468 65.2981
743 61.9436 65.2005
340 62.0978 65.0452
941 62.258 64.8837
468 62.3101 64.8313
793 62.3701 64.7707
577 62.4314 64.709
396 62.4954 64.6445
161 62.5491 64.5904
647 62.6088 64.5302
810 62.6662 64.4723
208 62.7218 64.4163
904 62.7815 64.3562
440 62.8416 64.2957
152 62.9064 64.2303
767 62.9686 64.1676
67 63.0228 64.113
110 63.0843 64.051
173 63.1403 63.9946
485 63.2037 63.9307
538 63.2624 63.8715
964 63.3185 63.815
907 63.3802 63.7528
293 63.4414 63.6912
393 63.4986 63.6335
35 63.5584 63.5732
68 63.6179 63.5133
668 63.6728 63.4579
84 63.728 63.4023
515 63.7876 63.3423
238 63.8471 63.2823
650 63.9067 63.2223
900 63.9619 63.1666
962 64.0156 63.1125
595 64.0714 63.0563
201 64.1308 62.9964
334 64.1308 62.9964
70 63.977 62.8769
852 63.8624 62.7877
190 63.7107 62.6698
583 63.5763 62.5653
850 63.2062 62.2775
478 62.2361 61.5233
942 61.1581 60.6851
762 59.9986 59.7836
102 58.7471 58.8105
558 54.4965 55.5059
186 53.418 53.8664
155 52.3695 52.2725
281 52.2622 52.1094
498 52.1517 51.9413
597 52.0408 51.7727
798 51.9303 51.6047
522 51.8087 51.4198
875 51.8087 51.4198
906 51.8087 51.4198
594 51.8087 51.4198
844 51.8087 51.4198
519 51.8087 51.4198
262 51.8087 51.4198
978 51.8087 51.4198
945 51.8087 51.4198
623 51.8087 51.4198
492 51.8087 51.4198
848 51.8087 51.4198
870 51.8087 51.4198
472 51.8087 51.4198
43 51.8087 51.4198
843 50.7392 51.1027
85 49.6859 50.7904
180 48.4686 50.4296
621 47.5127 50.1462
342 46.5531 49.8617
101 45.6338 49.5891
512 44.6349 49.293
370 43.6822 49.0105
127 42.7558 48.7359
508 41.8409 48.4646
533 41.4997 48.3634
194 41.1471 48.2589
69 40.7936 48.154
917 40.386 48.0332
778 40.0075 47.9209
862 39.6453 47.8135
929 39.2904 47.7083
471 38.968 47.6127
388 38.527 47.4819
269 38.3919 47.4419
151 38.2518 47.4003
664 38.1247 47.3626
687 38.1247 47.3626
414 38.1247 47.3626
38 38.1247 47.3626
147 38.1247 47.3626
913 38.1247 47.3626
302 38.1247 47.3626
461 38.1247 47.3626
603 38.1247 47.3626
809 38.1247 47.3626
30 38.1247 47.3626
922 37.777 46.8885
11 37.3761 46.3418
480 37.1317 46.0086
790 36.8972 45.6888
989 36.6628 45.3692
191 36.4221 45.041
452 36.2174 45.2337
257 36.014 45.4252
876 35.0937 46.2916
723 34.2287 47.106
811 33.9412 47.3767
525 33.6239 47.6754
7 33.3306 47.9515
566 32.9847 48.2771
142 32.569 48.6685
475 32.5526 48.6839
37 32.5347 48.7007
783 32.5177 48.7168
49 32.4993 48.7342
706 32.4816 48.7507
619 32.463 48.7683
679 32.445 48.7852
688 32.4246 48.8045
397 32.4056 48.8223
543 32.3866 48.8402
908 32.3676 48.8581
413 32.35 48.8747
535 32.3314 48.8921
655 32.3126 48.9098
391 31.2144 50.9428
788 30.4179 52.4171
640 29.9983 53.1937
438 29.6445 53.8487
403 29.0039 55.0345
130 26.8653 58.9932
764 26.8256 59.0667
720 26.7884 59.1355
599 26.7504 59.2058
729 26.712 59.2769
957 26.674 59.3472
59 26.6354 59.4188
705 26.5954 59.4927
756 26.5574 59.5631
233 26.5162 59.6392
451 26.4759 59.714
349 26.4367 59.7864
501 26.3976 59.8589
897 26.3577 59.9328
772 26.3154 60.011
411 26.2749 60.0859
891 26.2389 60.1527
81 26.1943 60.2352
735 26.1943 60.2352
279 26.1943 60.2352
733 26.3663 60.2536
524 26.5259 60.2705
382 26.7123 60.2904
645 26.897 60.31
137 27.0714 60.3286
324 27.2367 60.3462
79 27.413 60.365
237 27.6135 60.3863
839 27.5934 60.4552
493 27.5734 60.5239
846 27.553 60.5938
56 27.5344 60.6574
630 25.7806 62.654
390 25.8311 62.6612
275 25.8764 62.6676
587 25.9255 62.6746
927 25.9718 62.6811
601 26.0176 62.6876
701 26.0628 62.694
89 27.2523 62.8624
266 28.2198 62.9993
924 29.4444 63.1726
724 31.5823 63.4754
175 31.6161 63.4802
104 31.6486 63.4848
591 31.681 63.4894
912 31.7146 63.4941
54 31.7487 63.499
901 31.7799 63.5034
267 31.8148 63.5083
765 31.8546 63.514
523 31.8923 63.5193
410 31.9262 63.5241
526 31.9547 63.5281
359 31.9892 63.533
689 32.0238 63.5379
327 32.028 63.5385
903 32.0325 63.5391
571 32.0372 63.5398
604 32.0419 63.5405
225 32.6744 63.6298
171 33.3213 63.7212
80 33.9832 63.8147
662 34.6299 63.9061
715 34.6299 63.9061
545 34.63 63.9061
510 35.2714 63.8941
968 42.5625 63.7578
576 43.7017 63.7365
286 45.069 63.7109
216 45.069 63.7109
210 45.069 63.7109
923 44.8148 64.421
453 44.4578 65.4185
732 44.0665 66.5117
617 43.6867 67.5728
857 43.2859 68.6926
582 42.9214 69.711
91 42.9214 69.711
248 42.9214 69.711
804 42.9214 69.711
855 42.9214 69.7111
683 42.9214 69.7111
264 42.9214 69.7111
365 42.9213 69.7112
791 42.9213 69.7112
134 42.6429 70.316
894 42.3751 70.8975
350 42.1039 71.4866
779 41.8509 72.0361
484 41.5734 72.6387
676 41.2814 73.2728
530 40.8373 74.2376
437 40.6059 74.7402
826 40.6059 74.7402
562 40.6059 74.7402
755 40.6059 74.7402
94 40.6059 74.7402
235 40.6059 74.7402
215 40.6059 74.7402
163 40.6059 74.7402
459 40.6059 74.7402
223 40.6059 74.7402
404 40.6059 74.7402
910 40.6059 74.7402
270 40.6059 74.7402
226 40.6059 74.7402
878 40.6059 74.7402
614 40.6059 74.7402
21 40.6059 74.7402
308 40.6059 74.7402
807 40.6059 74.7402
291 40.6059 74.7402
596 40.6059 74.7402
189 40.6059 74.7402
540 40.6059 74.7402
564 40.6059 74.7402
782 40.6059 74.7402
144 40.0741 75.1388
513 39.5028 75.5671
416 38.9339 75.9935
636 38.9339 75.9935
60 36.2553 76.6127
241 34.2843 77.0683
141 32.0223 77.5912
220 30.0184 78.0545
537 29.2036 78.2429
184 28.4012 78.4284
789 27.8534 78.5551
552 27.2949 78.6842
635 27.2949 78.6842
965 27.2949 78.6842
574 27.2949 78.6842
113 27.2949 78.6842
971 27.2565 78.9493
888 26.9975 80.7368
93 26.6277 83.2893
326 26.7074 83.3869
479 26.7974 83.4971
886 27.1217 83.8942
333 27.4801 84.333
608 27.8744 84.8157
22 28.3697 85.4222
271 28.5464 85.6386
730 28.6739 85.7947
16 29.0374 86.2397
872 29.4667 86.7653
256 29.9593 87.3684
41 30.4186 87.9308
428 31 88.6427
265 31.6362 89.4217
172 31.6362 89.4217
539 31.6362 89.4217
569 31.6362 89.4217
561 31.6362 89.4217
649 31.9032 89.8928
766 32.2633 90.5284
763 32.2633 90.5284
470 32.1241 90.475
448 31.9992 90.4272
752 31.8728 90.3787
72 31.7432 90.3291
181 31.6182 90.2813
146 31.4694 90.2242
808 31.3236 90.1684
974 31.1909 90.1176
139 31.0282 90.0553
773 30.8253 89.9775
129 30.657 89.9131
394 30.4665 89.8401
738 30.2752 89.7668
613 30.0563 89.683
919 29.8081 89.5879
697 29.5587 89.4924
611 29.3702 89.4202
150 29.1683 89.3428
392 28.9651 89.265
672 28.7438 89.1802
786 28.5312 89.0988
960 28.3194 89.0177
73 28.0675 88.9212
96 27.825 88.8283
230 27.5886 88.7377
76 27.3041 88.6287
548 27.0534 88.5327
885 26.7276 88.4079
707 26.4465 88.3002
124 26.0672 88.155
409 25.6777 88.0058
490 25.2537 87.8434
658 24.835 87.683
806 24.8316 87.6858
954 24.8281 87.6886
454 24.8247 87.6914
2 24.8055 87.7069
578 24.7867 87.7221
424 24.7673 87.7378
306 24.7473 87.7539
768 24.728 87.7695
871 24.7102 87.7839
28 24.6928 87.798
495 24.6761 87.8115
183 24.6573 87.8267
610 24.638 87.8423
13 24.6182 87.8583
696 24.6 87.873
761 24.5806 87.8887
712 24.5615 87.9041
757 24.5444 87.9179
296 24.526 87.9328
550 24.5066 87.9485
50 24.4865 87.9647
253 24.4679 87.9797
92 24.4489 87.9951
631 24.4288 88.0114
859 24.4108 88.0259
44 24.3917 88.0413
795 24.3736 88.0559
430 24.3536 88.0721
36 24.3356 88.0867
418 24.3182 88.1008
167 24.3 88.1154
521 24.2783 88.133
833 24.2603 88.1475
58 24.2421 88.1622
456 24.2223 88.1783
593 24.2035 88.1934
638 24.1871 88.2067
918 24.1675 88.2225
20 24.1454 88.2404
227 22.256 88.4253
753 21.8022 88.4697
651 21.3752 88.5115
15 20.9325 88.5549
441 20.55 88.5923
120 20.1688 88.6296
714 19.5538 88.6898
491 18.3146 88.8111
435 12.7729 89.3533
442 12.4857 89.3814
115 12.1867 89.4106
444 11.8713 89.4415
153 11.5782 89.4702
88 11.3161 89.4958
247 10.998 89.527
399 10.69 89.5571
803 10.3535 89.59
988 10.0381 89.6209
695 10.0393 89.6042
776 10.0403 89.5901
249 10.0414 89.5747
288 10.0425 89.5603
401 10.0434 89.547
236 10.0444 89.5331
827 10.0454 89.5194
386 10.0465 89.5039
678 10.0475 89.4903
213 10.0485 89.4768
106 10.0557 89.3764
304 10.063 89.2747
699 10.0701 89.1753
750 10.0762 89.0906
200 10.0832 88.9932
364 10.0907 88.8887
17 10.098 88.7875
462 10.1051 88.6883
759 10.1128 88.5822
240 10.1199 88.4827
693 10.1264 88.3927
868 10.1328 88.303
585 10.1401 88.2017
39 10.1479 88.0938
244 10.1567 87.9714
31 10.1644 87.8638
557 10.1713 87.7672
380 10.1782 87.6722
138 10.1878 87.5381
368 10.198 87.3958
203 10.2089 87.2445
815 10.2193 87.1002
405 10.2295 86.9576
457 10.2417 86.7887
933 10.252 86.6449
568 10.2635 86.4853
953 10.2756 86.3169
300 10.2879 86.1459
301 10.2993 85.9868
711 10.3105 85.8312
736 10.3238 85.6467
914 10.3361 85.4751
718 10.3489 85.2975
973 10.3613 85.1249
728 10.3755 84.9272
108 10.3875 84.76
892 10.4007 84.5773
487 10.4141 84.3901
628 10.4261 84.2232
469 10.4389 84.0455
969 10.4508 83.8806
637 10.4644 83.6902
546 10.4791 83.4868
905 10.4928 83.2955
446 10.5061 83.1108
554 10.5205 82.9102
95 10.534 82.7219
316 10.5477 82.5315
719 10.5616 82.3392
982 10.5757 82.1425
178 10.5901 81.9418
1 10.6034 81.7577
263 10.6173 81.5643
199 10.6317 81.3639
447 10.6488 81.126
547 10.6682 80.8554
916 10.6899 80.5543
360 10.7119 80.2485
224 10.7332 79.9511
792 10.7511 79.703
991 10.7717 79.4166
780 10.7909 79.1497
90 10.8098 78.8857
426 10.8299 78.607
556 10.8518 78.3019
860 10.8728 78.0099
325 10.8925 77.7365
321 10.9134 77.4447
944 10.9333 77.1682
436 10.9548 76.8695
48 10.977 76.5609
169 10.9994 76.2486
298 11.0301 75.8211
97 11.0603 75.401
694 11.0871 75.0283
639 11.1126 74.6738
825 11.1383 74.3172
796 11.1654 73.9394
966 11.1932 73.5531
119 11.1932 73.5531
665 11.1932 73.5531
433 11.1932 73.5531
502 11.1932 73.5531
950 11.1932 73.5531
445 11.1932 73.5531
667 11.1932 73.5531
970 11.1932 73.5531
482 11.1932 73.553
500 11.1932 73.553
162 11.1932 73.553
272 11.1932 73.553
114 11.1932 73.553
219 11.1932 73.553
75 11.1932 73.553
429 11.2022 73.4918
503 11.2109 73.4327
830 11.2192 73.3763
607 11.2284 73.314
890 11.2366 73.2584
615 11.2451 73.2007
374 11.2544 73.1374
207 11.2638 73.0736
99 11.2722 73.0164
398 11.281 72.9568
431 11.2891 72.9016
726 11.2989 72.8352
600 11.3088 72.768
443 11.3182 72.7041
946 11.328 72.6371
799 11.338 72.5695
339 11.3472 72.5068
168 11.3569 72.4409
560 11.3665 72.3756
955 11.3764 72.3086
427 11.3871 72.2358
400 11.3968 72.1698
570 11.406 72.1075
234 11.7476 69.7887
551 11.7855 69.5312
517 11.8299 69.2296
376 11.8732 68.9352
277 11.9135 68.6613
361 11.9538 68.3877
680 11.9974 68.0918
338 12.0406 67.7977
717 12.0841 67.5022
879 12.127 67.2109
346 12.1689 66.926
381 12.2187 66.5877
981 12.2801 66.1706
255 12.3139 65.9413
657 12.3481 65.7087
948 12.3883 65.436
371 12.4301 65.1518
14 12.4719 64.8675
739 12.5156 64.5711
3 12.5585 64.2792
132 12.6011 63.9898
131 12.6448 63.6929
686 12.6863 63.4114
734 12.7572 62.9294
507 12.8388 62.3751
703 12.6378 62.0526
747 12.4405 61.736
939 12.2463 61.4245
77 12.2096 60.6774
841 12.1522 59.507
677 12.1453 59.3659
760 12.1383 59.2251
34 12.1311 59.0775
196 12.1239 58.9298
784 12.1164 58.7787
936 12.1081 58.6096
218 12.101 58.4643
956 12.0937 58.3156
422 12.0866 58.1701
192 12.0799 58.0344
565 12.072 57.874
329 12.0648 57.7265
531 12.0573 57.5734
336 12.0494 57.4124
347 12.0425 57.2729
589 11.9941 56.2868
166 11.9411 55.2059
122 11.8899 54.1623
116 11.8063 52.4614
849 11.7992 52.315
758 11.7914 52.1578
154 11.7832 51.9893
157 11.7751 51.825
534 11.7675 51.6706
182 11.7599 51.5163
691 11.7524 51.3631
858 11.7444 51.1995
925 11.7365 51.0395
633 11.7287 50.8797
312 11.6901 50.0935
100 11.6589 49.4573
46 11.6253 48.7739
527 11.6011 48.2792
78 11.5725 47.6974
32 11.5472 47.1807
731 11.543 47.0947
863 11.5384 47.0021
616 11.5337 46.9062
423 11.529 46.8106
749 11.5246 46.7211
805 11.5201 46.629
57 11.5154 46.5338
128 11.5106 46.4355
463 11.5059 46.3384
496 11.5011 46.2412
341 11.4967 46.1518
303 11.4924 46.0635
542 11.4878 45.9696
708 11.4834 45.8803
499 11.4707 45.6225
352 11.4707 45.6225
909 11.4707 45.6225
489 11.4707 45.6225
148 11.4707 45.6225
384 11.4707 45.6225
938 11.4707 45.6225
214 11.4707 45.6225
505 11.4808 45.3343
972 11.4906 45.0542
222 11.5021 44.7257
698 11.513 44.4147
797 11.5251 44.0693
174 11.537 43.7299
949 11.5497 43.367
47 11.5621 43.0143
228 11.5803 42.4928
328 11.5976 42.0006
123 11.6106 41.6274
125 11.6247 41.2265
476 11.6368 40.8796
663 11.6496 40.5131
771 11.6628 40.1382
652 11.6767 39.7402
330 11.692 39.3024
212 11.707 38.8743
373 11.7217 38.4555
958 11.7454 37.7783
770 11.768 37.1339
283 11.7932 36.4139
87 11.8187 35.6838
985 11.8438 34.969
268 11.8687 34.2575
990 11.8894 33.6653
898 11.9152 32.9293
673 11.9496 32.874
963 11.9816 32.8228
4 12.0118 32.7744
794 12.0427 32.7248
455 12.0748 32.6733
641 12.1075 32.621
402 12.1361 32.5751
661 12.1671 32.5253
710 12.1946 32.4813
133 12.2232 32.4354
514 12.2523 32.3887
474 12.287 32.3331
741 12.315 32.2882
258 12.3246 32.2729
331 12.3349 32.2563
572 12.3451 32.24
74 12.3548 32.2244
86 12.3647 32.2086
700 12.3754 32.1914
612 12.3865 32.1737
65 12.3883 31.801
121 12.3902 31.4222
943 12.392 31.057
836 12.3937 30.7136
829 12.3953 30.3982
205 12.3969 30.0673
10 12.4077 27.8984
812 12.4707 15.2067
61 12.4707 15.2067
682 12.4707 15.2067
412 12.4707 15.2067
646 12.4707 15.2067
211 12.4707 15.2067
348 12.4707 15.2067
674 12.4707 15.2067
588 12.4707 15.2067
362 12.4707 15.2067
366 12.4707 15.2067
881 12.4707 15.2067
629 12.4707 15.2067
299 12.4707 15.2067
722 12.4858 15.208
8 12.5035 15.2095
187 12.5161 15.2105
488 16.0894 15.5129
254 19.133 15.7706
602 21.7941 15.996
284 22.9413 16.0932
709 24.015 16.1842
899 24.8086 16.2514
221 25.7225 16.3289
246 26.5403 16.1682
354 27.3239 16.0143
261 32.9124 14.9164
669 33.3356 14.8332
363 33.8012 14.7418
518 34.2715 14.6494
111 34.1736 15.637
64 34.0916 16.4645
287 34.0193 17.1938
307 33.9272 18.123
934 33.8543 18.8588
626 33.7963 19.4437
278 33.7352 20.0604
704 33.7149 20.2652
26 33.6919 20.4972
351 33.6698 20.72
310 33.6437 20.9829
653 33.6182 21.2406
407 33.5901 21.5236
883 33.5498 21.9307
337 33.5111 22.3206
379 33.4706 22.7294
643 33.4367 23.0719
573 33.3973 23.4691
834 33.348 23.9666
824 33.3063 24.3865
549 33.2624 24.8303
486 33.2624 24.8303
915 33.2624 24.8303
702 33.2624 24.8303
439 33.2624 24.8303
822 33.2624 24.8303
160 33.2624 24.8303
902 33.2624 24.8303
787 34.7502 28.4999
356 36.4637 32.726
869 36.5931 33.0452
529 36.7352 33.3958
748 36.8812 33.756
250 39.5999 33.6987
19 41.0863 33.6674
716 41.9955 33.6482
935 42.5301 33.637
209 43.0843 33.6253
421 43.5977 33.6145
66 44.1426 33.603
865 44.5987 33.5934
164 45.039 33.5841
692 45.4291 33.5759
419 45.9034 33.5659
197 46.1263 33.5612
467 46.3378 33.5567
586 46.5766 33.5517
377 46.838 33.5462
276 46.8384 33.5462
217 51.183 33.0394
785 51.183 33.0394
853 51.183 33.0394
63 51.3667 32.8576
781 51.6141 32.6128
828 51.8258 32.4032
355 52.03 32.2011
831 52.247 31.9863
681 52.4345 31.8007
6 52.6355 31.6018
458 52.8148 31.4244
289 53.0184 31.2229
873 53.2196 31.0237
555 53.4145 30.8308
751 53.6068 30.6406
55 53.8055 30.4438
27 53.9917 30.2596
634 54.1744 30.0787
930 54.3645 29.8906
821 54.582 29.6754
959 54.7878 29.4717
45 54.9459 29.3152
358 55.8732 28.2135
819 58.9426 24.5671
777 61.1235 21.9761
176 62.4387 20.4136
504 63.104 19.6233
295 63.7339 18.8749
24 64.3895 18.0961
598 65.0621 17.297
581 65.747 16.4833
103 66.524 15.5602
