0,721,504,103,831,24,777,176,581,959,295,598,45,821,6,819,716,935,358,55,27,355,751,781,419,681,19,164,250,555,873,865,586,356,566,934,785,289,870,692,276,257,906,790,848,66,69,862,209,472,63,844,197,458,828,377,930,342,281,945,264,576,127,210,188,410,778,194,370,732,912,917,535,543,461,522,452,512,155,679,151,397,664,11,687,38,853,438,783,413,723,414,619,269,748,529,49,989,191,508,205,486,525,612,160,829,549,655,876,811,869,388,7,480,706,37,421,221,307,822,246,704,337,111,26,824,354,602,64,278,834,643,915,883,351,626,467,261,310,787,287,363,407,379,653,669,518,709,573,741,254,439,899,284,702,348,488,211,902,812,8,588,722,682,412,881,366,646,674,362,629,187,474,258,299,331,74,963,673,61,4,661,943,514,898,572,455,402,836,641,268,710,794,121,86,133,312,958,863,542,616,212,32,328,990,87,985,499,330,125,476,123,65,218,228,771,148,475,352,403,341,909,214,972,489,708,122,463,700,534,423,157,691,925,565,78,46,805,749,770,373,47,222,858,384,505,57,936,154,841,652,731,663,797,283,849,949,116,128,527,10,772,100,303,496,182,422,279,166,705,764,81,971,429,956,981,451,677,839,574,788,137,698,545,908,938,142,233,735,688,510,302,147,957,130,59,79,758,174,391,729,507,633,640,324,897,89,603,756,901,30,913,929,922,891,267,349,34,621,359,365,459,689,878,308,291,591,171,175,104,765,614,80,715,840,976,252,550,226,223,292,662,649,604,645,872,825,21,571,587,537,326,479,443,411,733,501,382,599,601,469,927,526,903,658,99,946,757,697,846,954,789,339,168,390,720,266,701,965,600,275,730,162,487,220,796,398,924,950,361,16,635,244,113,31,338,686,457,327,784,3,747,524,703,589,630,192,114,77,948,347,336,639,234,552,531,97,346,551,482,500,726,219,255,381,445,131,14,970,371,760,329,739,132,196,966,680,717,879,207,436,376,665,272,400,427,433,799,556,694,321,517,939,277,734,728,667,224,607,119,905,991,374,615,890,657,944,502,444,75,830,503,554,325,955,560,90,298,304,736,860,780,48,792,178,401,184,759,405,300,628,868,678,988,699,462,982,17,95,364,827,386,892,969,815,247,546,442,236,39,711,213,585,153,953,169,203,380,106,568,200,1,301,637,718,426,447,803,693,316,547,138,916,495,93,557,886,776,933,115,13,750,753,263,446,719,108,240,570,399,183,914,199,435,714,76,28,227,973,871,441,695,491,456,593,15,288,696,608,167,253,428,786,888,88,672,885,360,431,249,41,430,306,521,409,418,833,806,638,611,368,712,150,631,333,58,859,424,60,36,231,146,120,773,172,768,960,124,490,50,73,761,651,610,578,44,141,20,270,454,72,918,256,181,919,271,82,239,416,129,230,296,569,752,53,449,241,470,2,392,808,738,795,189,448,22,548,96,92,309,974,877,866,707,394,766,265,613,139,105,375,215,713,559,618,746,343,536,774,206,516,313,140,826,165,539,437,541,874,408,952,280,690,389,980,564,561,763,5,434,511,961,882,532,369,320,814,464,856,911,584,861,636,202,118,984,177,367,880,259,737,273,802,248,319,40,562,622,156,896,567,62,305,179,23,344,624,185,845,887,851,12,575,801,18,395,317,145,754,992,159,285,42,318,477,813,158,854,353,544,620,494,823,817,297,740,149,52,135,580,251,742,864,648,893,417,666,725,928,983,820,322,372,311,889,25,473,685,660,450,107,506,198,684,332,977,242,383,204,385,951,975,528,941,110,170,920,932,884,967,838,136,497,650,334,538,852,102,152,201,387,656,190,850,837,605,315,668,847,968,798,617,762,35,208,767,393,515,647,810,293,485,340,907,769,625,282,112,109,904,654,987,173,478,900,481,727,579,962,744,867,290,818,775,931,816,937,465,378,460,509,51,71,83,440,986,68,229,832,964,947,350,453,632,540,193,642,895,126,245,530,940,415,294,235,163,134,724,523,144,513,800,484,94,683,216,563,468,855,671,432,9,857,558,676,779,921,807,659,755,335,582,894,225,743,782,406,161,91,597,596,237,84,404,804,533,809,910,56,54,493,471,180,519,238,791,577,186,843,396,143,85,67,942,286,623,262,875,498,644,978,117,492,842,923,101,357,70,595,793,583,420,232,425,466,675,745,195,274,634,43,217,553,609,670,926,29,606,323,314,594,592,835,590,520,33,98,243,260,979,627,345,483,
value : 477.037 running time : 77.284509
0 80 20
721 72.9231 17.6677
504 69.563 16.5601
103 66.5269 15.5594
831 64.5252 17.9392
24 63.9611 18.6098
777 63.3988 19.2783
176 62.8163 19.9707
581 61.936 21.0174
959 60.9832 22.15
295 60.084 23.2191
598 58.9904 24.5192
45 55.05 29.2038
821 54.7521 29.4837
6 54.4496 29.7679
819 54.1355 30.063
716 53.6463 30.5226
935 53.3312 30.8186
358 53.0987 31.0371
55 52.847 31.2735
27 52.5804 31.524
355 52.312 31.7762
751 52.056 32.0167
781 51.805 32.2525
419 51.5318 32.5091
681 51.2097 32.8118
19 50.8981 33.1046
164 50.633 33.3536
250 50.336 33.6326
555 50.0588 33.8931
873 49.751 34.1823
865 49.399 34.513
586 49.0231 34.8661
356 48.6715 35.1965
566 48.421 35.4318
934 48.421 35.4318
785 48.3683 35.6196
289 48.3102 35.8265
870 48.2377 36.0846
692 48.1764 36.303
276 48.1157 36.5191
257 48.0651 36.6991
906 48.0102 36.8948
790 47.9556 37.0893
848 47.8977 37.2951
66 47.8488 37.4694
69 47.7948 37.6618
862 47.7452 37.8384
209 47.7018 37.9928
472 47.6416 38.2073
63 47.5916 38.3853
844 47.5436 38.5564
197 47.4952 38.7288
458 47.449 38.8932
828 47.4015 39.0625
377 47.2013 39.7755
930 46.6823 41.6232
342 45.8808 44.476
281 45.1625 47.0331
945 44.8588 48.1147
264 44.5512 49.21
576 44.377 49.8302
127 44.2976 50.1133
210 44.2164 50.4023
188 44.1315 50.7048
410 42.8672 52.8416
778 42.5086 52.2545
194 42.1787 51.7144
370 41.8921 51.2451
732 41.5929 50.755
912 41.224 50.151
917 39.3436 47.0734
535 37.8475 44.6243
543 37.646 44.2942
461 37.4945 44.0461
522 37.3115 43.7465
452 37.1173 43.4286
512 36.9275 43.1178
155 36.7161 42.7716
679 36.4796 42.3843
151 36.2788 42.0556
397 36.0956 41.7556
664 35.9216 41.4707
11 35.7509 41.1912
687 35.5839 40.9178
38 35.4193 40.6481
853 35.2475 40.3668
438 35.0851 40.101
783 34.9313 39.8491
413 34.7739 39.5913
723 34.591 39.2919
414 34.591 39.2919
619 34.591 39.2919
269 34.591 39.2919
748 34.5096 39.052
529 34.4288 38.8138
49 34.3596 38.6096
989 34.2732 38.3548
191 34.1766 38.0703
508 34.0986 37.8402
205 34.0029 37.558
486 33.9249 37.3279
525 33.8561 37.1252
612 33.7637 36.8527
160 33.679 36.603
829 33.5977 36.3635
549 33.5977 36.3635
655 33.5977 36.3635
876 33.5979 36.3455
811 33.5986 36.2862
869 33.5992 36.2295
388 33.5997 36.1804
7 33.6003 36.127
480 33.6009 36.0739
706 33.6014 36.0229
37 33.602 35.9675
421 33.6234 33.9812
221 33.647 31.7939
307 33.6656 30.0697
822 33.6798 28.7464
246 33.6928 27.5395
704 33.7004 26.8342
337 33.7052 26.3853
111 33.7098 25.9618
26 33.7142 25.5507
824 33.7183 25.1782
354 33.7223 24.8052
602 33.7266 24.401
64 33.7316 23.9424
278 33.7357 23.5601
834 33.7407 23.0973
643 33.747 22.5104
915 33.7519 22.0606
883 33.7574 21.5538
351 33.7629 21.0394
626 33.7668 20.6771
467 33.7704 20.3407
261 33.7755 19.8695
310 33.7811 19.3548
787 33.7858 18.915
287 33.793 18.2525
363 33.7989 17.7106
407 33.8042 17.2191
379 33.8085 16.8166
653 33.8175 15.9777
669 33.8276 15.0455
518 33.8363 14.2333
709 30.3592 14.253
573 28.0619 14.2659
741 20.4954 14.3098
254 20.0319 14.3124
439 19.5617 14.315
899 19.0414 14.3179
284 18.5271 14.3208
702 17.791 14.3249
348 16.9109 14.3299
488 16.1816 14.334
211 15.4034 14.3384
902 14.6973 14.3423
812 13.6031 14.3485
8 13.5804 14.4881
588 13.5571 14.6317
722 13.5352 14.7668
682 13.4586 15.2388
412 13.3852 15.6912
881 13.3192 16.0976
366 13.2366 16.6063
646 13.1573 17.0951
674 13.0764 17.5939
362 12.9949 18.0957
629 12.9179 18.5706
187 12.8059 19.2608
474 12.7907 19.6258
258 12.777 19.9562
299 12.7638 20.2729
331 12.7517 20.5654
74 12.7393 20.8635
963 12.7285 21.124
673 12.7178 21.3823
61 12.7077 21.6251
4 12.614 23.8808
661 12.5533 25.3427
943 12.488 26.9146
514 12.4287 28.3413
898 12.382 29.466
572 12.3679 29.804
455 12.3533 30.154
402 12.3376 30.5306
836 12.3189 30.9804
641 12.3008 31.415
268 12.2811 31.888
710 12.2609 32.3737
794 12.2394 32.8885
121 12.2124 33.5378
86 12.1828 34.2495
133 12.1419 35.2321
312 12.0912 36.4477
958 12.0551 37.3162
863 12.0191 38.1793
542 11.984 39.0231
616 11.9709 39.3365
212 11.9577 39.6552
32 11.9449 39.9614
328 11.931 40.2967
990 11.917 40.6312
87 11.9035 40.9567
985 11.8893 41.2961
499 11.8737 41.6711
330 11.8594 42.0153
125 11.8457 42.3422
476 11.8296 42.73
123 11.8141 43.1029
65 11.7995 43.4515
218 11.7465 44.7253
228 11.7465 44.7253
771 11.7465 44.7253
148 11.7465 44.7253
475 11.7465 44.7253
352 11.6336 45.2883
403 11.5268 45.8211
341 11.4082 46.4126
909 11.2873 47.0156
214 11.1647 47.6275
972 11.0609 48.145
489 10.965 48.6235
708 10.8665 49.1146
122 10.7751 49.5708
463 10.7751 49.5708
700 10.7751 49.5708
534 10.7888 49.5875
423 10.8016 49.6032
157 10.8148 49.6193
691 10.8301 49.6379
925 10.842 49.6524
565 10.855 49.6683
78 10.8662 49.682
46 10.8779 49.6962
805 10.8917 49.7131
749 10.9038 49.7278
770 10.916 49.7428
373 10.9291 49.7587
47 10.9418 49.7742
222 10.9545 49.7897
858 10.9676 49.8057
384 10.9791 49.8197
505 10.9928 49.8365
57 11.0057 49.8522
936 11.0187 49.868
154 11.031 49.8831
841 11.0439 49.8988
652 11.0563 49.9139
731 11.0689 49.9293
663 11.0827 49.9461
797 11.0961 49.9624
283 11.1082 49.9772
849 11.127 50.0001
949 11.1447 50.0218
116 11.1609 50.0415
128 11.1773 50.0615
527 11.1954 50.0835
10 11.211 50.1026
772 12.3811 51.5296
100 12.6865 51.9021
303 13.0206 52.3094
496 13.3747 52.7413
182 13.7306 53.1752
422 14.107 53.6342
279 14.4279 54.0256
166 14.7437 54.4106
705 16.5547 56.6191
764 17.796 58.1326
81 19.004 59.6056
971 19.9942 60.8129
429 20.6514 61.6143
956 20.9259 61.5981
981 21.196 61.5822
451 21.4611 61.5666
677 21.717 61.5515
839 22.0907 61.5295
574 22.2243 61.5216
788 22.434 61.21
137 22.6344 60.9121
698 22.8357 60.6128
545 23.024 60.333
908 23.2053 60.0634
938 23.3396 59.8638
142 23.477 59.6595
233 23.6006 59.4757
735 23.7342 59.2772
688 23.8758 59.0668
510 24.0002 58.8817
302 24.1328 58.6848
147 24.1328 58.6848
957 24.1328 58.6848
130 24.1328 58.6848
59 24.1328 58.6848
79 24.1328 58.6848
758 24.1328 58.6848
174 24.1328 58.6848
391 24.5343 58.8293
729 24.9466 58.9778
507 25.3259 59.1143
633 25.6925 59.2463
640 26.1114 59.3971
324 26.4865 59.5322
897 26.8875 59.6765
89 27.3314 59.8364
603 27.7214 59.9768
756 28.1062 60.1153
901 28.5095 60.2605
30 28.9349 60.4137
913 29.3043 60.5466
929 29.983 60.791
922 30.6233 61.0215
891 31.2057 61.2312
267 31.7811 61.4383
349 32.3698 61.6503
34 33.0836 61.9073
621 34.2535 62.3285
359 34.0155 63.1029
365 33.8062 63.7836
459 33.5948 64.4715
689 33.3598 65.2358
878 33.2087 65.7274
308 33.0645 66.1964
291 32.9174 66.6752
591 32.7529 67.21
171 32.6044 67.6934
175 32.455 68.1794
104 32.299 68.6869
765 32.1168 69.2795
614 31.8787 70.0541
80 31.7131 70.5926
715 31.5434 71.1448
840 31.3104 71.9027
976 31.2884 71.9745
252 31.2659 72.0477
550 31.2435 72.1206
226 31.2224 72.1892
223 31.2007 72.2597
292 31.1794 72.3291
662 30.837 72.3073
649 30.5041 72.2861
604 29.5518 72.2256
645 28.6751 72.1698
872 27.7755 72.1126
825 26.7443 72.047
21 26.3588 72.0225
571 25.9084 71.9938
587 25.435 71.9637
537 24.9734 71.9344
326 24.4882 71.9035
479 24.0304 71.8744
443 23.6115 71.8477
411 23.1819 71.8204
733 22.7891 71.7954
501 22.3834 71.7696
382 21.9272 71.7406
599 21.4239 71.7086
601 20.8763 71.6738
469 20.3659 71.6413
927 20.3158 71.6344
526 20.2637 71.6271
903 20.2122 71.62
658 20.1572 71.6123
99 20.1027 71.6048
946 20.0486 71.5973
757 19.9975 71.5902
697 19.9442 71.5828
846 19.8907 71.5753
954 19.8413 71.5685
789 19.7731 71.559
339 19.707 71.5498
168 19.6451 71.5412
390 19.5884 71.5334
720 19.4953 71.5204
266 19.4014 71.5074
701 19.3037 71.4938
965 19.2143 71.4814
600 19.1198 71.4683
275 19.0274 71.4555
730 18.9392 71.4432
162 18.8235 71.4271
487 18.7304 71.4142
220 18.637 71.4012
796 18.5395 71.3877
398 18.4443 71.3745
924 18.3535 71.3619
950 18.2618 71.3491
361 18.1645 71.3356
16 18.0787 71.3237
635 17.6143 71.2592
244 17.1073 71.1888
113 16.581 71.1157
31 16.0229 71.0382
338 15.6834 70.6121
686 15.3819 70.2338
457 15.1617 69.9573
327 14.9274 69.6634
784 14.6629 69.3314
3 14.4382 69.0495
747 14.217 68.7719
524 14.0239 68.5295
703 13.8179 68.2709
589 13.6256 68.0297
630 13.4464 67.8048
192 13.2551 67.5646
114 13.0675 67.3292
77 12.8762 67.0892
948 12.7065 66.8762
347 12.5098 66.6294
336 12.5098 66.6294
639 12.452 66.8394
234 12.4157 66.971
552 12.3752 67.118
531 12.3393 67.2484
97 12.2943 67.4115
346 12.2494 67.5745
551 12.2097 67.7185
482 12.1777 67.8348
500 12.141 67.9682
726 12.1036 68.1038
219 12.0704 68.2244
255 12.0361 68.349
381 12.0001 68.4798
445 11.9658 68.6042
131 11.9346 68.7173
14 11.898 68.8504
970 11.8636 68.9753
371 11.829 69.1006
760 11.796 69.2208
329 11.7589 69.3553
739 11.7226 69.4869
132 11.6867 69.6175
196 11.6518 69.7442
966 11.6106 69.8935
680 11.5733 70.0292
717 11.5364 70.1631
879 11.4988 70.2996
207 11.458 70.4476
436 11.4212 70.5812
376 11.4212 70.5812
665 11.4212 70.5812
272 11.4212 70.5812
400 11.4212 70.5812
427 11.4212 70.5812
433 11.4212 70.5812
799 11.4212 70.5812
556 11.4212 70.5812
694 11.4212 70.5812
321 11.4212 70.5812
517 11.4212 70.5812
939 11.4212 70.5812
277 11.3807 71.083
734 11.3402 71.5855
728 11.2945 72.1527
667 11.2554 72.6376
224 11.2146 73.1436
607 11.1779 73.5995
119 11.1389 74.0832
905 11.0914 74.6725
991 11.0549 75.1244
374 11.0181 75.5818
615 10.9797 76.0581
890 10.9455 76.4818
657 10.9117 76.9017
944 10.8744 77.3635
502 10.8434 77.748
444 10.8047 78.2282
75 10.7731 78.6206
830 10.7441 78.9796
503 10.7168 79.3185
554 10.6794 79.7821
325 10.6445 80.2154
955 10.6123 80.6153
560 10.5807 81.007
90 10.5482 81.4093
298 10.5171 81.7951
304 10.4724 82.3497
736 10.4391 82.7628
860 10.4072 83.1587
780 10.3708 83.6105
48 10.3326 84.0842
792 10.2948 84.5536
178 10.2594 84.9922
401 10.2208 85.4706
184 10.1853 85.9116
759 10.1433 86.4326
405 10.0971 87.0048
300 10.0581 87.4894
628 10.0165 88.0056
868 9.97065 88.574
678 9.93351 89.0345
988 9.89714 89.4857
699 9.90693 89.4844
462 9.91492 89.4832
982 9.92315 89.4821
17 9.93169 89.4809
95 9.93922 89.4798
364 9.94664 89.4788
827 9.95376 89.4778
386 9.96289 89.4765
892 9.97119 89.4754
969 9.97888 89.4743
815 9.98715 89.4731
247 9.99519 89.472
546 10.0032 89.4709
442 10.011 89.4698
236 10.0183 89.4688
39 10.0256 89.4678
711 10.0336 89.4666
213 10.0411 89.4656
585 10.1037 89.4569
153 10.1702 89.4476
953 10.2316 89.439
169 10.2966 89.4299
203 10.3605 89.421
380 10.4202 89.4126
106 10.4829 89.4039
568 10.5486 89.3947
200 10.6115 89.3859
1 10.6764 89.3768
301 10.7397 89.368
637 10.8038 89.359
718 10.8685 89.35
426 10.9324 89.3411
447 10.9973 89.332
803 11.0631 89.3228
693 11.1306 89.3134
316 11.1996 89.3037
547 11.2634 89.2948
138 11.3324 89.2852
916 11.4065 89.2748
495 11.4716 89.2657
93 11.5363 89.2567
557 11.6005 89.2477
886 11.6712 89.2379
776 11.7291 89.2298
933 11.7897 89.2213
115 11.8503 89.2128
13 11.9109 89.2044
750 11.9704 89.1961
753 12.0364 89.1868
263 12.0908 89.1792
446 12.1517 89.1707
719 12.2102 89.1625
108 12.272 89.1539
240 12.3353 89.1451
570 12.4012 89.1359
399 12.4709 89.1261
183 12.5355 89.1171
914 12.5941 89.1089
199 12.6585 89.0999
435 12.7238 89.0908
714 19.5351 88.1395
76 20.7361 87.7562
28 21.8574 87.3982
227 21.8591 87.397
973 21.8987 87.3678
871 21.9394 87.3378
441 21.9807 87.3074
695 22.0232 87.2761
491 22.0603 87.2487
456 22.1111 87.2113
593 22.1614 87.1743
15 22.2134 87.136
288 22.4602 86.9543
696 22.6961 86.7807
608 22.9386 86.6021
167 23.1675 86.4336
253 23.3717 86.2833
428 23.5729 86.1351
786 23.7692 85.9906
888 23.9786 85.8364
88 24.2654 86.0396
672 24.6311 86.2985
885 24.9174 86.5014
360 25.1842 86.6904
431 25.4919 86.9084
249 25.8251 87.1444
41 26.1773 87.3939
430 26.5515 87.659
306 26.7957 87.8319
521 27.0238 87.9935
409 27.0397 87.9939
418 27.0567 87.9944
833 27.0726 87.9948
806 27.0908 87.9953
638 27.1072 87.9957
611 27.1223 87.9961
368 27.1375 87.9965
712 27.1528 87.9969
150 27.169 87.9973
631 27.1841 87.9977
333 27.2005 87.9982
58 27.2158 87.9986
859 27.2314 87.999
424 27.2474 87.9994
60 27.2645 87.9998
36 27.2789 88.0002
231 27.2947 88.0006
146 27.31 88.001
120 27.3249 88.0014
773 27.3405 88.0018
172 27.3555 88.0022
768 27.3693 88.0026
960 28.312 88.0275
124 28.5527 88.0339
490 28.7914 88.0402
50 29.045 88.047
73 29.3555 88.0552
761 29.6348 88.0626
651 29.9155 88.0701
610 30.2198 88.0782
578 30.5151 88.086
44 30.8455 88.0948
141 31.2161 88.1046
20 31.5575 88.1137
270 31.9696 88.1246
454 32.3057 88.1335
72 32.7703 88.1459
918 33.2125 88.1576
256 33.6974 88.1705
181 34.1781 88.1832
919 34.5519 88.1932
271 34.9534 88.2038
82 35.4142 88.2161
239 35.5462 88.2196
416 35.6586 88.2225
129 35.776 88.2257
230 35.8979 88.2289
296 36.0179 88.2321
569 36.1509 88.2356
752 36.2752 88.2389
53 36.4057 88.2424
449 36.5325 88.2457
241 36.6541 88.249
470 36.772 88.2521
2 36.8963 88.2554
392 37.0241 88.2588
808 37.1479 88.2621
738 37.2805 88.2656
795 37.4062 88.2689
189 37.5384 88.2724
448 37.6622 88.2757
22 37.7866 88.279
548 37.9104 88.2823
96 38.0289 88.2855
92 38.1673 88.2891
309 38.3086 88.2929
974 38.4409 88.2964
877 38.5783 88.3
866 38.7218 88.3039
707 38.8422 88.3071
394 38.9747 88.3106
766 39.1073 88.3141
265 39.2334 88.3174
613 39.3643 88.3209
139 39.5035 88.3246
105 40.8983 88.3618
375 41.3006 88.3725
215 41.6719 88.3824
713 42.1087 88.394
559 42.5177 88.4049
618 42.9341 88.416
746 43.2286 88.4238
343 43.5218 88.4316
536 43.8306 88.4398
774 44.132 88.4479
206 44.4042 88.4551
516 44.7066 88.4632
313 45.006 88.4711
140 45.2595 88.4779
826 45.5008 88.4843
165 45.7471 88.4909
539 45.997 88.4975
437 46.2439 88.5041
541 46.5367 88.5119
874 46.7924 88.5187
408 47.1197 88.5274
952 47.4518 88.5363
280 47.7527 88.5443
690 48.0557 88.5524
389 48.3163 88.5593
980 48.6161 88.5673
564 48.8743 88.5742
561 49.166 88.5819
763 49.4982 88.5908
5 49.8419 88.5999
434 50.3694 88.614
511 50.81 88.6257
961 51.2649 88.6378
882 51.7842 88.6517
532 52.2662 88.6645
369 52.7855 88.6783
320 53.279 88.6915
814 53.8337 88.7062
464 54.4759 88.7233
856 54.4442 88.6621
911 54.4105 88.5973
584 54.373 88.5248
861 54.3332 88.4481
636 54.2943 88.3732
202 54.2634 88.3135
118 54.2294 88.2479
984 54.1963 88.1841
177 54.1621 88.1182
367 54.1237 88.0442
880 54.0851 87.9698
259 54.0505 87.903
737 54.0173 87.8391
273 53.9823 87.7716
802 53.9317 87.674
248 53.8982 87.6094
319 53.8669 87.5489
40 53.8377 87.4926
562 53.8033 87.4264
622 54.7659 87.7144
156 54.874 87.7468
896 54.9995 87.7844
567 55.1242 87.8217
62 55.2304 87.8536
305 55.3411 87.8867
179 55.4615 87.9227
23 55.5912 87.9616
344 55.5912 87.9616
624 56.2507 87.9727
185 57.1975 87.9887
845 58.047 88.003
887 58.5522 88.0115
851 59.1132 88.021
12 59.7603 88.0319
575 60.4283 88.0432
801 61.1181 88.0548
18 61.8155 88.0666
395 62.4616 88.0775
317 63.1194 88.0886
145 63.8192 88.1004
754 64.4112 88.1104
992 65.3261 88.1258
159 66.3216 88.1426
285 66.7776 88.1503
42 67.2213 88.1578
318 67.7121 88.166
477 68.162 88.1736
813 68.6706 88.1822
158 69.1271 88.1899
854 69.5743 88.1974
353 70.0067 88.2047
544 70.4313 88.2119
620 70.8807 88.2195
494 71.3916 88.2281
823 71.8126 88.2352
817 72.2617 88.2428
297 72.8031 88.2519
740 73.5445 88.2644
149 73.9769 88.2717
52 74.5355 88.2811
135 75.5697 88.2986
580 75.9493 88.305
251 76.3852 88.3123
742 76.9223 88.3214
864 77.4435 88.3302
648 78.0067 88.3397
893 78.5423 88.3487
417 79.0172 88.3567
666 79.6102 88.3667
725 80.2224 88.377
928 80.829 88.3872
983 80.9398 88.2229
820 81.5499 87.3181
322 83.2279 84.8295
372 86.2549 80.3405
311 86.2215 80.1492
889 86.1944 79.9943
25 86.1226 79.5835
473 86.0351 79.0828
685 85.8987 78.3019
660 85.1979 74.2897
450 84.3832 69.6258
107 83.4375 64.208
506 83.427 64.1477
198 83.4165 64.0878
684 83.4084 64.0413
332 83.4005 63.996
977 83.3906 63.9395
242 83.3816 63.8878
383 83.3735 63.8419
204 83.3654 63.7951
385 83.2388 63.0706
951 83.0842 62.1857
975 83.0808 62.166
528 83.0768 62.143
941 83.0717 62.1142
110 83.3961 61.8561
170 83.9214 61.4381
920 84.2876 61.1467
932 84.2876 61.1467
884 84.2876 61.1467
967 84.2876 61.1467
838 84.2876 61.1467
136 84.2876 61.1467
497 84.2876 61.1467
650 78.5141 62.3775
334 75.4397 63.0331
538 72.4331 63.6743
852 72.4195 63.6772
102 72.4041 63.6805
152 72.3892 63.6837
201 72.3748 63.6867
387 72.36 63.6899
656 71.1214 63.9538
190 69.8627 64.2219
850 68.7336 64.4625
837 66.8169 64.8708
605 64.5217 65.3598
315 62.9654 65.6914
668 62.2818 65.837
847 61.5807 65.9863
968 60.8568 66.1406
798 60.2523 66.2693
617 60.2523 66.2693
762 60.2523 66.2693
35 60.2523 66.2693
208 60.2523 66.2693
767 60.2523 66.2693
393 60.3249 66.4527
515 60.3925 66.6234
647 60.4606 66.7955
810 60.5272 66.9637
293 60.5975 67.1413
485 60.6708 67.3263
340 60.7909 67.6298
907 60.9068 67.9225
769 61.0298 68.2332
625 61.1378 68.5059
282 61.2671 68.8326
112 61.417 69.2112
109 61.5591 69.5702
904 61.7131 69.9592
654 61.8548 70.3172
987 61.9834 70.642
173 62.1155 70.9755
478 62.2508 71.3173
900 62.4184 71.7407
481 62.58 72.149
727 62.699 72.4496
579 62.8287 72.777
962 62.9431 73.0662
744 63.0637 73.3706
867 63.1789 73.6616
290 63.3044 73.9785
818 63.4371 74.314
775 62.9221 74.5218
931 62.0316 74.8812
816 61.24 75.2006
937 61.2162 75.1781
465 61.1919 75.1551
378 61.1567 75.1219
460 61.121 75.0882
509 61.0867 75.0559
51 61.0546 75.0255
71 61.0225 74.9952
83 60.988 74.9626
440 60.9497 74.9265
986 60.9179 74.8965
68 60.8956 74.8755
229 59.4048 74.8723
832 57.8903 74.8692
964 56.2915 74.8658
947 53.959 74.8611
350 53.5079 74.6594
453 53.2603 74.5487
632 53.0429 74.4516
540 52.8101 74.3474
193 52.6776 74.2882
642 52.5439 74.2284
895 52.4014 74.1648
126 52.26 74.1015
245 52.1196 74.0387
530 51.9214 73.9502
940 51.7326 73.8657
415 51.5385 73.779
294 51.131 73.5968
235 50.7644 73.4329
163 50.3926 73.2667
134 50.2582 73.2066
724 50.12 73.1448
523 50.0785 73.1263
144 50.0388 73.1085
513 50.0011 73.0917
800 49.9633 73.0748
484 49.9166 73.0539
94 49.875 73.0353
683 49.8291 73.0148
216 49.7895 72.9971
563 49.7493 72.9791
468 49.7091 72.9612
855 49.6689 72.9432
671 49.6337 72.9274
432 49.5909 72.9083
9 49.5469 72.8886
857 49.4977 72.8667
558 49.4472 72.8441
676 49.4039 72.8247
779 49.3618 72.8059
921 49.3232 72.7886
807 49.2786 72.7687
659 49.2567 72.7192
755 49.2293 72.6573
335 49.2035 72.5989
582 49.1716 72.5269
894 49.1402 72.4557
225 49.1108 72.3894
743 49.0843 72.3294
782 49.0616 72.278
406 49.0357 72.2195
161 47.8597 69.5612
91 47.1224 67.8946
597 46.0466 65.4627
596 45.4647 64.1474
237 44.9512 62.9867
84 44.8986 62.8678
404 44.8324 62.7182
804 44.7646 62.5649
533 44.6971 62.4124
809 44.6348 62.2716
910 44.577 62.141
56 44.5116 61.9931
54 44.4434 61.839
493 44.3744 61.6829
471 45.2016 60.6623
180 46.0662 59.5955
519 50.6731 58.4959
238 52.9419 57.9545
791 53.7222 57.7683
577 54.5499 57.5708
186 55.3959 57.3689
843 56.2797 57.158
396 57.5367 56.8581
143 58.7407 56.5707
85 58.8898 56.5351
67 59.0573 56.4952
942 59.2166 56.2903
286 59.3652 56.099
623 59.5215 55.898
262 59.6755 55.6999
875 59.8321 55.4983
498 59.8565 55.467
644 59.8871 55.4276
978 59.9131 55.3941
117 59.9281 55.3748
492 59.9423 55.3565
842 59.9586 55.3356
923 59.9727 55.3174
101 59.9877 55.2982
357 60.5284 54.6022
70 60.906 54.1163
595 61.2554 53.6665
793 61.8159 52.945
583 62.5912 51.9471
420 63.1087 51.281
232 65.0644 48.7637
425 66.0698 47.4696
466 66.6238 46.7564
675 67.0762 46.1741
745 67.5597 45.5518
195 67.9432 45.0581
274 68.2919 44.6093
634 68.3599 44.5218
43 68.4417 44.4165
217 68.5301 44.3027
553 68.6325 44.1709
609 68.7414 44.0308
670 68.8338 43.9119
926 68.9276 43.7912
29 69.0333 43.6551
606 69.1289 43.5321
323 69.233 43.3981
314 69.3292 43.2743
594 69.4315 43.1426
592 72.5406 39.1415
835 76.4308 34.1357
590 78.9352 30.9125
520 80.2497 29.2206
33 81.8019 27.2227
98 83.6269 24.8738
243 85.7441 18.7408
260 86.1398 17.5949
979 86.1477 17.572
627 86.1547 17.5516
345 86.1628 17.5283
483 86.1721 17.5012
