0,345,483,979,627,243,260,98,33,590,520,835,232,670,274,592,136,838,387,102,967,553,926,70,45,932,425,466,675,357,323,195,606,745,609,29,334,852,201,941,884,497,684,107,198,242,170,951,977,383,385,506,920,393,35,767,85,942,190,396,850,583,964,485,538,340,152,962,656,668,478,420,68,67,650,290,900,987,238,18,654,595,775,173,867,769,847,762,727,605,904,110,159,818,579,975,837,528,660,204,332,740,450,372,322,311,25,685,889,928,648,742,725,494,893,820,983,845,135,285,666,158,473,580,417,83,149,864,465,622,353,823,145,744,801,481,937,395,813,297,854,71,51,52,318,620,23,961,464,816,984,177,624,185,567,544,251,817,42,273,992,202,856,882,896,952,62,343,737,344,911,618,335,880,774,369,229,931,40,259,826,636,887,477,378,305,434,584,536,516,292,172,5,541,375,105,408,763,532,470,22,877,389,448,659,613,738,766,181,367,241,156,746,511,851,980,690,713,53,866,559,874,239,126,118,754,179,165,313,248,611,73,230,569,223,490,265,392,814,449,120,253,428,773,129,139,167,707,296,141,696,638,918,974,124,437,309,72,146,206,256,92,271,231,752,610,960,548,786,795,96,20,608,2,394,672,808,833,306,631,430,150,441,409,28,871,714,712,761,919,138,15,768,36,13,491,521,456,44,183,249,578,776,442,227,651,593,933,431,113,368,41,697,658,885,418,859,424,76,954,399,244,550,443,946,780,88,570,17,93,753,115,386,953,360,199,401,39,263,106,892,90,1,868,236,435,364,678,827,693,447,568,436,750,988,982,944,699,213,585,719,316,48,95,815,557,405,380,916,955,969,108,973,31,444,446,153,792,803,304,718,914,547,426,247,736,203,169,711,301,890,695,462,457,886,288,200,825,495,58,469,50,325,637,300,830,75,546,361,905,759,178,240,860,615,298,560,628,77,3,970,277,966,799,686,607,694,427,939,255,272,657,381,119,665,376,482,338,487,433,551,554,14,948,400,234,717,207,991,639,667,734,517,130,879,556,728,219,326,339,502,321,371,739,114,630,503,703,97,445,224,571,552,131,971,329,680,132,275,398,162,374,346,479,726,168,429,99,500,526,796,60,604,888,327,220,266,701,927,184,600,757,950,537,789,897,507,81,574,587,56,735,34,956,422,233,79,901,729,545,733,501,382,599,601,21,957,688,510,924,390,308,846,333,806,454,730,16,635,252,270,878,226,649,872,689,976,134,225,349,591,596,267,903,645,798,724,576,662,404,359,410,715,54,291,104,839,912,558,471,533,175,365,732,807,350,189,540,171,910,140,82,416,144,947,539,530,319,406,320,415,12,245,840,280,193,861,432,575,509,940,782,755,109,317,460,9,112,315,832,515,563,671,582,94,215,614,294,91,562,642,800,921,632,895,484,459,561,564,80,513,163,453,802,857,855,235,468,523,986,617,683,779,894,676,743,84,625,188,210,577,161,492,843,127,621,101,370,923,186,793,498,282,281,623,293,440,647,810,907,216,286,968,208,522,597,461,69,945,791,155,922,891,929,194,989,566,421,342,790,160,7,848,257,529,147,512,49,414,783,480,853,706,180,778,917,811,452,603,876,151,664,869,549,486,612,191,862,78,908,391,990,508,698,723,397,11,403,655,633,413,543,279,475,438,302,619,324,640,269,525,388,535,687,748,37,38,137,237,30,809,913,264,59,756,804,765,493,705,788,720,965,89,841,764,691,336,542,534,589,925,531,747,981,347,849,122,166,677,760,451,196,784,936,218,192,565,772,524,411,352,303,312,116,749,805,57,128,463,663,496,771,863,616,123,858,157,423,182,100,46,527,909,489,148,384,938,214,505,972,222,797,949,47,228,708,758,154,174,142,341,898,700,373,476,499,731,652,330,212,328,86,65,74,299,268,205,10,514,4,32,958,770,283,87,985,125,794,455,641,402,661,710,133,258,331,362,646,963,61,722,881,588,8,488,629,682,412,187,812,211,741,366,643,348,674,673,572,439,702,121,943,836,829,354,111,883,351,363,915,337,573,64,254,26,602,284,669,709,704,899,307,221,824,822,902,474,379,653,518,310,287,407,626,246,787,934,834,278,289,586,679,870,875,472,873,716,355,356,519,262,66,594,935,377,634,692,930,117,276,644,978,842,844,197,63,143,314,681,19,821,43,217,831,250,906,467,261,419,959,751,865,785,55,27,164,781,819,358,458,6,828,555,209,176,24,295,598,721,504,581,777,103,
value : 496.281 running time : 53.033868
0 80 20
345 84.5506 18.1471
483 86.1617 17.4913
979 86.1534 17.515
627 86.1443 17.541
243 86.1356 17.566
260 86.126 17.5934
98 83.0259 26.4525
33 82.071 29.1823
590 81.2362 31.5688
520 80.3828 34.0086
835 79.4886 36.565
232 78.6524 38.9557
670 78.2005 40.2477
274 77.8509 41.2475
592 77.4882 42.2848
136 77.1418 43.2752
838 76.8693 43.3768
387 75.1774 44.0083
102 73.3319 44.697
967 73.3319 44.697
553 73.3319 44.697
926 73.3319 44.697
70 73.3319 44.697
45 73.3319 44.697
932 73.49 44.8831
425 73.6216 45.0378
466 73.7423 45.1798
675 73.8629 45.3216
357 74.0957 45.5955
323 74.3942 45.9465
195 74.7238 46.3342
606 75.0162 46.6781
745 75.7176 47.5032
609 76.6364 48.5841
29 77.9258 50.1011
334 80.6245 53.2774
852 82.5462 55.5388
201 82.7888 55.6793
941 83.0238 55.8154
884 83.4563 56.066
497 83.8567 56.298
684 83.3712 56.4449
107 82.9069 56.5853
198 82.3667 56.7487
242 81.8166 56.9151
170 81.2613 57.0831
951 80.499 57.3137
977 79.4318 57.6366
383 78.2575 57.9919
385 77.252 58.2961
506 76.7086 58.4605
920 74.9674 58.9874
393 69.2028 60.7326
35 67.1634 61.3497
767 66.547 61.5361
85 65.8873 61.7357
942 65.881 61.942
190 65.8747 62.1495
396 65.8683 62.3604
850 65.86 62.6349
583 65.8508 62.9387
964 65.8397 63.3041
485 65.8292 63.6489
538 65.8173 64.0408
340 65.8038 64.487
152 65.7925 64.8608
962 65.7814 65.2263
656 65.7717 65.5454
668 65.76 65.9316
478 65.7489 66.296
420 65.7372 66.6838
68 65.7242 67.113
67 65.7108 67.5547
650 65.6977 67.9868
290 65.6832 68.4642
900 65.6701 68.8951
987 65.657 69.325
238 65.6452 69.7145
18 65.6314 70.1691
654 65.62 70.5454
595 65.609 70.9092
775 65.5963 71.3264
173 65.5963 71.3264
867 65.5963 71.3264
769 65.5963 71.3264
847 65.9881 71.5556
762 66.3863 71.7887
727 67.0724 72.1901
605 67.7175 72.5677
904 69.1808 73.424
110 70.9151 74.4389
159 73.4425 75.9178
818 74.2922 76.4151
579 75.1269 76.9035
975 76.0475 77.4423
837 77.3861 78.2257
528 80.4828 80.0377
660 83.8993 82.0368
204 84.0482 82.124
332 84.1934 82.2089
740 84.4762 82.3744
450 84.7778 82.5508
372 86.0112 83.5483
322 85.6485 83.92
311 85.3477 84.2283
25 84.845 84.7434
685 84.124 85.4822
889 83.0777 86.5543
928 81.6816 87.9847
648 81.5661 87.9854
742 81.456 87.986
725 81.3534 87.9866
494 81.2483 87.9872
893 81.1461 87.9878
820 81.0441 87.9883
983 80.9411 87.9889
845 78.9492 87.9464
135 78.5037 87.937
285 77.9339 87.925
666 77.4837 87.9155
158 77.0473 87.9063
473 76.6656 87.8983
580 75.4989 87.8735
417 74.8141 87.7824
83 74.142 87.693
149 73.5837 87.6187
864 73.1883 87.5661
465 72.7618 87.5094
622 72.3593 87.4558
353 71.9895 87.4066
823 71.6012 87.3549
145 71.2229 87.3046
744 70.8473 87.2546
801 70.51 87.2098
481 70.4028 87.1955
937 70.2907 87.1806
395 70.1723 87.1649
813 70.0666 87.1508
297 69.9525 87.1356
854 69.8474 87.1217
71 69.7302 87.1061
51 69.6094 87.09
52 66.7877 88.4634
318 64.8695 89.397
620 62.4455 90.5769
23 59.556 91.9831
961 58.6104 92.4434
464 58.6104 92.4434
816 58.6104 92.4434
984 58.6104 92.4434
177 58.6104 92.4434
624 58.6104 92.4434
185 58.6104 92.4434
567 58.6104 92.4434
544 58.6104 92.4434
251 58.6104 92.4434
817 58.4271 92.3418
42 58.2386 92.2373
273 58.0444 92.1297
992 57.848 92.0209
202 57.64 91.9057
856 57.4424 91.7962
882 57.2394 91.6837
896 57.0388 91.5726
952 56.8369 91.4607
62 56.6416 91.3525
343 56.4496 91.2461
737 56.3132 91.1705
344 56.1622 91.0869
911 56.0086 91.0017
618 55.8306 90.9031
335 55.6584 90.8077
880 55.4968 90.7182
774 55.3508 90.6373
369 55.2008 90.5541
229 55.0533 90.4724
931 54.9214 90.3993
40 54.7824 90.3223
259 54.6394 90.2431
826 54.4889 90.1596
636 54.4889 90.1596
887 54.4889 90.1596
477 54.4889 90.1596
378 54.4889 90.1596
305 53.3113 90.1356
434 52.3397 90.1158
584 51.3991 90.0966
536 49.9115 90.0663
516 48.4503 90.0365
292 46.9428 90.0058
172 46.8013 90.0029
5 46.6785 90.0004
541 46.5488 89.9978
375 46.4094 89.995
105 46.2751 89.9922
408 46.1353 89.9894
763 45.9925 89.9865
532 45.8557 89.9837
470 45.7006 89.9805
22 45.6248 89.979
877 45.5536 89.9776
389 45.4861 89.9762
448 45.4133 89.9747
659 45.3436 89.9733
613 45.2688 89.9718
738 45.226 89.9709
766 45.1843 89.97
181 45.1422 89.9692
367 45.1028 89.9684
241 45.0558 89.9674
156 45.0147 89.9666
746 44.9718 89.9657
511 44.9284 89.9648
851 44.8846 89.9639
980 44.8396 89.963
690 44.7919 89.962
713 44.7395 89.961
53 44.689 89.96
866 44.6395 89.959
559 44.5907 89.958
874 44.542 89.957
239 44.4954 89.956
126 44.452 89.9551
118 44.4078 89.9542
754 44.1323 89.9486
179 43.8323 89.9425
165 43.4999 89.9357
313 43.1796 89.9291
248 42.3171 89.9115
611 34.1042 89.748
73 34.1042 89.748
230 34.1042 89.748
569 34.1042 89.748
223 34.1042 89.748
490 34.1042 89.748
265 34.1042 89.748
392 34.1042 89.748
814 34.1042 89.748
449 33.9626 89.7266
120 33.8052 89.7029
253 33.6654 89.6818
428 33.5369 89.6624
773 33.4177 89.6444
129 33.3032 89.6272
139 33.1754 89.6079
167 33.0391 89.5874
707 32.9191 89.5693
296 32.7848 89.549
141 32.6585 89.53
696 32.5288 89.5104
638 32.4155 89.4933
918 32.2988 89.4757
974 32.191 89.4595
124 32.0616 89.44
437 31.9412 89.4218
309 31.8158 89.4029
72 31.6877 89.3836
146 31.5593 89.3642
206 31.4327 89.3452
256 31.2116 89.3118
92 31.0061 89.2809
271 30.8032 89.2503
231 30.5938 89.2187
752 30.386 89.1874
610 30.1119 89.1461
960 29.8668 89.1091
548 29.6108 89.0705
786 29.3317 89.0285
795 29.063 88.9879
96 28.787 88.9464
20 28.5069 88.9041
608 28.2198 88.8608
2 27.9924 88.8266
394 27.7549 88.7908
672 27.4455 88.7442
808 27.1457 88.699
833 26.7931 88.6458
306 26.4978 88.6013
631 26.2062 88.5574
430 25.8952 88.5105
150 25.5849 88.4638
441 25.2421 88.4121
409 24.9254 88.3644
28 24.599 88.3152
871 24.2319 88.2599
714 23.9025 88.2102
712 23.5101 88.1511
761 23.1507 88.0969
919 22.7844 88.0418
138 20.8189 87.7454
15 20.8189 87.7454
768 20.8189 87.7454
36 20.8066 87.7287
13 20.7943 87.7119
491 20.7825 87.6959
521 20.7702 87.6791
456 20.724 87.6164
44 20.677 87.5524
183 20.628 87.4859
249 20.5781 87.418
578 20.5315 87.3545
776 20.4925 87.3017
442 20.4478 87.2409
227 20.4073 87.1858
651 20.2224 86.9345
593 20.0229 86.6633
933 19.58 86.0613
431 19.0657 85.3622
113 18.5899 84.7154
368 18.5899 84.7154
41 18.5899 84.7154
697 18.5899 84.7154
658 18.5899 84.7154
885 18.5899 84.7154
418 18.5899 84.7154
859 18.5899 84.7154
424 18.5899 84.7154
76 18.5899 84.7154
954 18.5899 84.7154
399 18.1505 84.9082
244 17.7648 85.0776
550 17.3872 85.2433
443 16.9686 85.4271
946 16.4846 85.6395
780 15.6516 86.0052
88 14.8314 86.3652
570 13.9513 86.7514
17 13.6755 86.8725
93 13.3874 86.999
753 13.0915 87.1289
115 12.7781 87.2665
386 12.4577 87.4071
953 12.1359 87.5484
360 11.8771 87.662
199 11.5454 87.8076
401 11.2398 87.9417
39 10.9534 88.0674
263 10.6983 88.1794
106 10.452 88.2876
892 10.227 88.3863
90 9.98002 88.4947
1 9.91646 88.5226
868 9.84713 88.5531
236 9.78748 88.5792
435 9.72299 88.6076
364 9.66113 88.6347
678 9.59708 88.6628
827 9.53654 88.6894
693 9.47729 88.7154
447 9.41638 88.7421
568 9.35627 88.7685
436 9.29484 88.7955
750 9.23268 88.8227
988 9.16775 88.8512
982 9.17753 88.8014
944 9.18643 88.756
699 9.19423 88.7164
213 9.20137 88.68
585 9.20968 88.6377
719 9.21852 88.5927
316 9.22678 88.5507
48 9.23501 88.5088
95 9.24256 88.4704
815 9.25007 88.4322
557 9.25728 88.3955
405 9.26426 88.36
380 9.27191 88.3211
916 9.28167 88.2714
955 9.28984 88.2299
969 9.29679 88.1945
108 9.30457 88.1549
973 9.31207 88.1168
31 9.32062 88.0733
444 9.32834 88.034
446 9.33575 87.9963
153 9.34342 87.9573
792 9.35113 87.918
803 9.35853 87.8804
304 9.36614 87.8417
718 9.37403 87.8015
914 9.3816 87.7631
547 9.38946 87.7231
426 9.39745 87.6824
247 9.40503 87.6438
736 9.41301 87.6033
203 9.42111 87.562
169 9.42838 87.5251
711 9.43526 87.4901
301 9.44393 87.446
890 9.45304 87.3996
695 9.46047 87.3618
462 9.46789 87.3241
457 9.47701 87.2777
886 9.48492 87.2374
288 9.4917 87.203
200 9.5122 86.789
825 9.53238 86.3829
495 9.54608 86.1081
58 9.56041 85.8205
469 9.57467 85.5345
50 9.58833 85.2604
325 9.62081 84.6078
637 9.65347 83.9517
300 9.68644 83.2887
830 9.72017 82.61
75 9.75296 81.9507
546 9.78552 81.2959
361 9.81842 80.6342
905 9.84445 80.1117
759 9.87091 79.5803
178 9.89818 79.0322
240 9.92619 78.4693
860 9.95492 77.8916
615 9.98299 77.3275
298 10.0121 76.7414
560 10.0413 76.1552
628 10.0702 75.5738
77 10.1056 74.8624
3 10.1213 74.5459
970 10.1354 74.2627
277 10.1486 73.9972
966 10.1617 73.7359
799 10.1731 73.5059
686 10.1838 73.2914
607 10.1946 73.0754
694 10.2052 72.8622
427 10.2161 72.6432
939 10.227 72.4254
255 10.227 72.4254
272 10.227 72.4254
657 10.227 72.4254
381 10.227 72.4254
119 10.227 72.4254
665 10.227 72.4254
376 10.227 72.4254
482 10.227 72.4254
338 10.227 72.4253
487 10.227 72.4253
433 10.227 72.4253
551 10.227 72.4253
554 10.227 72.4253
14 10.3576 72.0543
948 10.4838 71.6959
400 10.6085 71.3415
234 10.7355 70.9808
717 10.7914 70.9733
207 10.8481 70.9657
991 10.9117 70.9572
639 10.9742 70.9488
667 11.0378 70.9403
734 11.106 70.9312
517 11.1756 70.9218
130 11.2548 70.9112
879 11.3172 70.9028
556 11.3779 70.8947
728 11.4415 70.8861
219 11.5155 70.8762
326 11.592 70.866
339 11.6543 70.8576
502 11.7149 70.8495
321 11.7746 70.8415
371 11.8364 70.8332
739 11.905 70.824
114 11.9704 70.8152
630 12.0328 70.8069
503 12.092 70.7989
703 12.1528 70.7908
97 12.2134 70.7826
445 12.271 70.7749
224 12.3432 70.7652
571 18.1662 69.984
552 18.2653 69.9707
131 18.3552 69.9587
971 18.4599 69.9446
329 18.5484 69.9328
680 18.6377 69.9208
132 18.7387 69.9073
275 18.8347 69.8944
398 18.9235 69.8825
162 19.0127 69.8705
374 19.1015 69.8586
346 19.4199 69.816
479 19.8257 69.7616
726 20.2169 69.7091
168 20.6039 69.6573
429 20.9963 69.6047
99 21.4298 69.5466
500 21.8277 69.4933
526 22.2839 69.4321
796 22.7096 69.3751
60 23.2652 69.3006
604 23.2652 69.3006
888 23.2652 69.3006
327 23.2652 69.3006
220 23.2652 69.3006
266 23.2652 69.3006
701 23.2652 69.3006
927 23.2652 69.3006
184 23.2652 69.3006
600 23.2652 69.3006
757 23.2652 69.3006
950 23.5795 68.9707
537 23.9061 68.6279
789 24.2492 68.2678
897 24.6128 67.8861
507 24.9525 67.5295
81 25.2617 67.205
574 25.6173 66.8318
587 25.9911 66.4395
56 26.375 66.0366
735 26.5203 65.8841
34 26.6667 65.7304
956 26.8155 65.5742
422 26.9303 65.4537
233 27.0441 65.3343
79 27.156 65.2169
901 27.2674 65.1
729 27.379 64.9828
545 27.4926 64.8636
733 27.5923 64.7589
501 27.6942 64.652
382 27.799 64.5419
599 27.8999 64.4361
601 27.9981 64.333
21 28.1013 64.2246
957 28.2083 64.1123
688 28.3134 64.0021
510 28.7467 64.5646
924 29.2639 65.2361
390 29.8179 65.9551
308 30.3831 66.6887
846 30.9417 67.4138
333 31.6506 68.3337
806 34.2091 69.1014
454 34.2091 69.1014
730 34.2091 69.1014
16 34.2092 69.1014
635 34.2092 69.1014
252 34.5759 69.1141
270 34.9423 69.1268
878 35.3091 69.1395
226 35.6692 69.1519
649 36.0294 69.1644
872 36.0294 69.1644
689 36.0294 69.1644
976 36.0294 69.1644
134 36.0294 69.1644
225 36.0294 69.1644
349 36.0294 69.1644
591 36.0437 69.1619
596 36.0584 69.1594
267 36.0721 69.157
903 36.7901 69.0326
645 38.1794 68.7922
798 40.2043 68.4422
724 40.2043 68.4422
576 40.2043 68.4422
662 40.2043 68.4422
404 40.2043 68.4422
359 40.2043 68.4422
410 40.2043 68.4422
715 40.2043 68.4422
54 40.2043 68.4422
291 40.2043 68.4422
104 40.2043 68.4422
839 40.2043 68.4422
912 40.3447 68.6542
558 40.5049 68.8961
471 40.6542 69.1216
533 40.8613 69.4344
175 41.1569 69.881
365 41.4644 70.3454
732 41.8067 70.8623
807 42.4602 71.849
350 42.9034 72.5183
189 43.3367 73.1728
540 43.728 73.7638
171 44.1197 74.3554
910 44.6081 75.0929
140 45.3012 76.1393
82 45.7179 76.7686
416 46.1194 77.3749
144 46.1803 77.4669
947 46.25 77.5721
539 46.3139 77.6686
530 46.5928 77.5849
319 46.8627 77.5038
406 47.1407 77.4204
320 47.4126 77.3388
415 47.7041 77.2513
12 47.9864 77.1666
245 48.2403 77.0904
840 48.4872 77.0162
280 48.8128 76.9185
193 49.1036 76.8312
861 49.4303 76.7331
432 49.7619 76.6336
575 50.0596 76.5443
509 50.3391 76.4603
940 50.4923 76.4144
782 50.6609 76.3638
755 50.825 76.3145
109 51.0224 76.2553
317 51.2117 76.1985
460 51.147 75.7224
9 51.0827 75.2492
112 51.0191 74.7811
315 50.9594 74.3413
832 50.8994 73.8995
515 50.8342 73.4197
563 50.5175 73.3927
671 50.2546 73.3702
582 49.9548 73.3446
94 49.6355 73.3174
215 49.2869 73.2876
614 49.2869 73.2876
294 49.2869 73.2876
91 49.2869 73.2876
562 49.2869 73.2876
642 49.2869 73.2876
800 49.2869 73.2876
921 49.2869 73.2876
632 49.2869 73.2876
895 49.2869 73.2876
484 49.2869 73.2876
459 49.2869 73.2876
561 49.2869 73.2876
564 49.3222 72.8098
80 49.3633 72.2524
513 49.4033 71.711
163 49.4449 71.1472
453 49.483 70.6315
802 49.5182 70.1546
857 49.5572 69.627
855 49.5983 69.0697
235 49.6385 68.525
468 49.6786 67.9825
523 49.7158 67.4785
986 49.7547 66.9518
617 49.7964 66.3869
683 49.8374 65.8306
779 49.8779 65.2828
894 49.9196 64.7171
676 49.9698 64.0367
743 50.0199 63.3575
84 50.0703 62.6727
625 50.1217 61.9756
188 50.1721 61.2913
210 50.2169 60.684
577 50.2208 60.6312
161 50.2249 60.5764
492 50.2295 60.5127
843 50.234 60.4517
127 50.2385 60.3908
621 50.2385 60.3908
101 50.2385 60.3908
370 50.2385 60.3908
923 50.2385 60.3908
186 50.2385 60.3908
793 50.2385 60.3908
498 50.2385 60.3907
282 50.2385 60.3907
281 50.2385 60.3907
623 50.2385 60.3907
293 50.2385 60.3907
440 50.2385 60.3907
647 50.2385 60.3907
810 50.1654 60.3023
907 50.0923 60.2139
216 50.0071 60.1109
286 49.9232 60.0095
968 49.8427 59.9121
208 49.7575 59.8091
522 47.5347 57.1185
597 47.0035 56.4761
461 46.4717 55.833
69 45.9993 55.2619
945 45.622 54.8058
791 45.2645 54.3737
155 43.9132 52.7386
922 42.8905 51.5016
891 41.9001 50.3036
929 41.033 49.2549
194 39.7283 47.6767
989 38.3838 46.0502
566 37.0812 44.4745
421 35.7138 42.8204
342 35.6536 42.7476
790 35.1507 42.1396
160 34.6325 41.513
7 34.6325 41.513
848 34.6325 41.513
257 34.4944 41.5532
529 34.3402 41.5981
147 34.1953 41.6403
512 34.071 41.6765
49 33.9137 41.7223
414 33.7631 41.7661
783 33.6261 41.806
480 33.4886 41.8461
853 33.3433 41.8884
706 33.1885 41.9334
180 33.0394 41.9768
778 32.8848 42.0219
917 32.7417 42.0635
811 32.5793 42.1108
452 32.4311 42.1539
603 32.2053 42.2197
876 32.0078 42.2772
151 31.8097 42.3349
664 31.6116 42.3926
869 31.4233 42.4474
549 31.2328 42.5028
486 31.0497 42.5561
612 30.8979 42.6003
191 30.764 42.6393
862 30.1003 42.8324
78 27.7422 43.519
908 26.4383 43.8985
391 25.3224 44.2233
990 24.347 44.5072
508 24.5732 44.8136
698 24.773 45.0842
723 24.9715 45.3532
397 25.1769 45.6314
11 25.3817 45.9088
403 25.5877 46.1878
655 25.7973 46.4718
633 26.0263 46.7821
413 26.2465 47.0804
543 26.4491 47.3548
279 26.6514 47.6288
475 26.8812 47.9402
438 27.1198 48.2633
302 27.3766 48.6113
619 27.6238 48.9461
324 27.8727 49.2833
640 28.1229 49.6223
269 28.3194 49.8884
525 28.5171 50.1562
388 28.7209 50.4323
535 28.9481 50.7401
687 29.1879 51.0649
748 29.4747 51.4535
37 29.7813 51.8688
38 30.1788 52.4073
137 30.6782 53.084
237 31.0341 53.5663
30 31.3732 54.0255
809 31.6694 54.4268
913 31.9277 54.7766
264 32.2403 55.2002
59 32.2403 55.2002
756 32.2403 55.2002
804 32.2403 55.2002
765 31.412 55.2537
493 30.1249 55.3368
705 28.7317 55.4267
788 27.6294 55.4979
720 26.4757 55.5724
965 25.3596 55.6445
89 23.6777 55.753
841 17.7562 56.1337
764 17.1102 56.1755
691 16.4897 56.2155
336 15.8473 56.257
542 15.2027 56.2987
534 14.5902 56.3383
589 13.9773 56.3778
925 13.3806 56.4164
531 12.8982 56.4476
747 12.5437 56.4705
981 12.217 56.4916
347 11.7484 56.5219
849 11.7484 56.5219
122 11.7484 56.5219
166 11.7484 56.5219
677 11.7484 56.5219
760 11.7484 56.5219
451 11.7484 56.5219
196 11.7484 56.5219
784 11.7484 56.5219
936 11.7484 56.5219
218 11.7484 56.5219
192 11.7484 56.5219
565 11.7484 56.5219
772 11.7484 56.5219
524 11.7484 56.5219
411 11.7484 56.5219
352 11.6241 55.2346
303 11.5065 54.0161
312 11.3909 52.8184
116 11.3565 52.4623
749 11.3305 52.1918
805 11.3061 51.9386
57 11.2802 51.67
128 11.254 51.3984
463 11.2309 51.159
663 11.2078 50.9194
496 11.1865 50.6985
771 11.1649 50.4742
863 11.1433 50.2504
616 11.1238 50.0478
123 11.105 49.8529
858 11.0873 49.6694
157 11.0689 49.4783
423 11.05 49.282
182 11.0336 49.1117
100 11.0159 48.9288
46 10.996 48.7221
527 10.9802 48.5581
909 10.9628 48.3771
489 10.9452 48.1943
148 10.9267 48.0028
384 10.9093 47.8225
938 10.8946 47.67
214 10.8775 47.4922
505 10.8591 47.3009
972 10.841 47.1136
222 10.8198 46.8939
797 10.7997 46.6845
949 10.7796 46.4763
47 10.7606 46.279
228 10.7395 46.06
708 10.7206 45.8644
758 10.6932 45.58
154 10.6644 45.2809
174 10.6361 44.9879
142 10.6064 44.6795
341 10.3148 41.6598
898 9.85157 36.8676
700 9.85157 36.8676
373 9.85157 36.8676
476 9.92372 36.6619
499 9.99148 36.4687
731 10.0725 36.2377
652 10.1542 36.0047
330 10.2471 35.7398
212 10.3464 35.4568
328 10.446 35.1728
86 10.6116 34.7007
65 10.7679 34.255
74 10.9134 33.8401
299 11.0467 33.4601
268 11.1663 33.1193
205 11.2771 32.8034
10 11.2856 32.5767
514 11.2948 32.3271
4 11.3037 32.0902
32 11.3117 31.8742
958 11.321 31.6233
770 11.3308 31.3588
283 11.3495 30.8562
87 11.3704 30.2946
985 11.3924 29.7025
125 11.4156 29.077
794 11.4507 28.1325
455 11.4856 27.1951
641 11.5166 26.362
402 11.5463 25.562
661 11.5733 24.8348
710 11.5997 24.122
133 11.6283 23.3536
258 11.6627 22.4275
331 11.7001 21.4231
362 11.7398 20.356
646 11.7752 19.4028
963 11.8024 18.6702
61 11.838 17.7134
722 11.8716 16.8091
881 11.8782 16.6331
588 11.8841 16.474
8 11.8904 16.3042
488 11.8959 16.1562
629 11.9006 16.0315
682 11.9048 15.9182
412 11.9091 15.8038
187 11.9135 15.6836
812 11.9184 15.5546
211 12.4979 15.8446
741 13.0785 16.135
366 13.6576 16.4248
643 14.2393 16.7158
348 14.6468 16.9197
674 15.071 17.1319
673 15.5553 17.3742
572 16.0422 17.6178
439 18.2046 18.6987
702 19.9449 19.5689
121 21.4626 20.3278
943 21.9309 20.562
836 22.3963 20.7948
829 22.8986 21.0461
354 24.0558 20.6546
111 25.2652 20.2455
883 25.8045 20.063
351 26.2046 19.9276
363 26.4904 19.8309
915 26.7286 19.7502
337 27.0175 19.6525
573 27.2019 19.5901
64 27.3625 19.5357
254 27.5273 19.4799
26 27.7088 19.4185
602 27.8381 19.3748
284 27.9803 19.3267
669 28.1317 19.2754
709 28.2714 19.2282
704 28.4174 19.1788
899 28.5487 19.1343
307 28.7026 19.0823
221 28.8527 19.0314
824 29.0141 18.9768
822 29.1806 18.9205
902 29.3322 18.8692
474 29.514 18.8077
379 32.5418 17.7841
653 35.3609 16.831
518 36.7205 16.371
310 36.9205 17.0958
287 37.1114 17.788
407 37.332 18.5875
626 37.6173 19.6215
246 37.9011 20.6499
787 38.5404 22.9649
934 39.0174 24.6927
834 39.4715 26.3376
278 39.8757 27.8022
289 40.2568 29.1828
586 40.6538 30.6209
679 41.0482 32.0498
870 45.3078 35.8969
875 46.3596 36.8462
472 46.653 37.1109
873 46.8706 37.3073
716 47.8992 38.2356
355 48.848 39.0919
356 49.6795 39.8423
519 50.6685 40.735
262 50.6685 40.735
66 50.6685 40.735
594 50.6685 40.735
935 50.6685 40.735
377 50.6685 40.735
634 50.6685 40.735
692 50.6685 40.735
930 53.3604 40.9309
117 56.1153 41.1315
276 56.2201 41.1391
644 56.3522 41.1488
978 56.4617 41.1567
842 56.5739 41.1649
844 56.587 41.1659
197 56.6024 41.167
63 56.6188 41.1682
143 56.6369 41.1695
314 56.1414 40.2143
681 55.6002 39.1707
19 55.1113 38.2281
821 54.6681 37.3738
43 54.2455 36.5592
217 53.7407 35.5859
831 53.0254 34.2066
250 52.4682 33.1323
906 51.9641 32.1606
467 50.8958 30.1
261 50.4231 29.1887
419 51.3809 28.8482
959 52.3259 28.5123
751 52.5565 28.4305
865 52.7884 28.3482
785 53.0342 28.2609
55 53.287 28.1711
27 53.5352 28.083
164 53.7757 27.9976
781 54.04 27.9038
819 54.2906 27.8148
358 54.5225 27.7325
458 54.9465 27.2936
6 55.5636 26.6548
828 56.1312 26.0671
555 56.7922 25.3829
209 57.5798 24.5676
176 61.4317 20.5825
24 62.2783 19.7062
295 63.085 18.8712
598 63.9243 18.0025
721 64.7982 17.0981
504 65.1084 16.7769
581 65.4371 16.4367
777 65.7949 16.0664
103 66.1997 15.6473
