0,260,243,979,627,483,590,33,98,345,520,835,675,609,745,670,466,29,592,274,926,323,314,45,875,606,195,553,232,357,932,583,920,977,838,425,497,170,884,107,136,198,242,951,383,852,201,387,334,967,900,650,684,152,110,340,385,941,460,818,775,204,332,660,450,975,528,506,889,25,473,685,372,311,928,983,820,322,817,845,580,477,813,158,854,353,544,620,622,42,135,893,740,742,648,666,494,725,837,145,481,464,317,297,417,864,159,937,465,71,51,801,823,318,251,992,575,290,727,285,149,52,931,305,62,273,887,980,746,984,896,754,415,624,344,911,185,856,313,567,177,5,541,408,406,961,618,511,23,713,882,532,584,105,375,434,851,239,206,947,952,516,202,449,53,156,309,389,165,539,292,738,181,146,22,866,877,172,874,559,763,562,861,367,737,816,814,826,280,561,229,564,129,343,536,320,40,140,118,437,649,774,895,690,636,319,782,940,294,894,245,659,755,335,94,671,432,9,563,855,832,880,91,82,802,582,769,857,530,259,179,208,12,369,395,378,668,83,393,315,987,904,109,867,744,595,579,654,238,18,509,964,478,625,102,173,112,962,143,605,420,850,656,468,68,67,767,286,70,190,577,515,440,293,396,762,810,35,84,942,842,519,907,791,186,538,793,647,623,485,484,986,847,617,523,632,968,161,216,282,356,117,848,217,828,43,945,358,377,66,472,978,342,644,262,85,127,843,492,798,906,870,69,716,188,210,930,566,692,197,594,191,917,891,706,619,155,989,63,597,237,101,452,194,923,370,512,498,276,621,522,844,180,862,876,264,922,281,453,715,778,235,461,30,147,533,903,765,743,558,779,459,732,576,410,56,54,493,471,267,137,804,788,596,104,809,225,365,175,662,676,80,21,359,350,724,404,910,144,921,513,683,291,800,226,134,163,540,193,642,394,126,248,171,976,919,223,241,416,189,840,252,308,789,215,2,807,270,124,689,614,872,231,76,696,918,766,569,470,139,150,795,548,392,96,28,167,72,786,613,230,752,306,960,92,974,441,761,768,256,141,773,707,120,73,672,631,448,265,44,490,859,885,611,651,20,36,253,491,430,833,15,360,871,808,521,806,469,428,954,271,638,41,93,550,757,424,578,886,418,454,431,982,249,58,247,115,695,753,933,825,495,184,88,386,50,368,13,399,374,409,608,183,236,456,593,442,712,776,227,610,714,827,447,637,106,325,304,699,750,200,678,364,17,462,199,213,288,263,39,988,628,321,138,557,435,178,585,719,316,95,815,405,380,916,955,969,108,973,31,444,446,153,792,803,868,718,914,547,426,736,203,169,711,301,892,560,300,953,693,401,568,1,443,657,830,255,728,502,119,503,860,667,436,445,570,48,346,339,607,457,298,686,639,630,524,371,207,90,546,890,240,905,944,615,554,75,759,966,665,376,433,799,556,694,427,517,224,939,277,734,429,551,991,114,739,796,97,531,398,77,361,950,680,338,717,879,3,347,784,760,747,219,14,970,234,381,131,948,589,703,764,981,897,411,132,336,701,266,720,927,526,571,591,878,971,479,888,587,60,946,601,99,658,390,780,113,220,487,244,552,327,604,924,574,333,635,296,726,400,272,326,537,16,130,733,697,162,500,482,965,730,599,275,600,168,645,501,640,705,81,349,735,329,846,772,38,269,438,688,535,508,913,233,956,451,603,510,957,901,79,756,59,507,37,929,89,839,729,908,912,7,543,525,414,655,413,811,382,545,388,748,49,302,783,151,397,664,11,687,403,32,78,65,174,391,691,612,205,723,125,476,949,324,422,279,633,797,192,565,475,142,858,698,677,805,34,222,972,771,148,505,57,214,938,708,196,527,122,749,542,157,128,154,218,463,100,312,116,47,303,849,166,925,384,936,990,330,87,985,352,328,758,841,663,496,770,534,228,489,341,212,909,46,123,283,616,182,863,423,731,652,958,373,700,499,331,258,4,514,455,641,402,661,710,133,794,10,412,187,898,74,86,646,963,61,722,881,588,812,629,348,674,673,682,362,488,8,211,741,366,299,354,474,268,829,943,836,572,121,702,278,439,284,602,915,549,626,261,869,26,669,709,704,899,307,221,824,787,902,379,573,64,254,337,111,883,351,246,643,363,407,310,934,518,653,467,822,586,287,486,257,790,853,679,529,834,480,289,935,160,421,777,819,209,634,6,785,55,27,355,751,781,419,681,19,164,250,555,873,865,821,458,581,959,831,295,598,176,103,24,504,721,
value : 506.81 running time : 39.702321
0 80 20
260 85.8904 17.6386
243 85.9703 17.6066
979 86.0468 17.5759
627 86.1196 17.5467
483 86.1902 17.5184
590 84.203 23.4249
33 83.9997 24.0293
98 83.8454 24.4878
345 83.5899 24.7661
520 80.3784 28.2667
835 76.4322 32.5681
675 72.8436 36.4793
609 72.2754 37.0984
745 71.7254 37.6976
670 71.14 38.3354
466 70.6381 38.8823
29 70.1369 39.4283
592 69.6378 39.9721
274 69.1239 40.532
926 68.2931 41.4373
323 67.7215 42.0601
314 67.0912 42.7468
45 66.4707 43.4229
875 65.7593 44.198
606 67.2812 45.3977
195 68.9355 46.702
553 69.978 47.5237
232 70.8708 48.2273
357 71.8922 49.0323
932 73.5182 50.3147
583 75.415 51.8101
920 77.348 53.3341
977 79.2527 54.8358
838 80.6157 55.9101
425 81.9261 56.9429
497 83.7994 58.4203
170 83.5503 58.6719
884 83.2878 58.9371
107 83.0134 59.2144
136 82.714 59.5168
198 82.3887 59.8454
242 82.0626 60.1749
951 81.7316 60.5093
383 81.1754 61.0713
852 80.7068 61.5448
201 80.3092 61.9464
387 79.9553 62.3039
334 79.5218 62.7418
967 79.1069 63.1611
900 78.1715 64.1061
650 77.4211 64.8643
684 76.8849 65.406
152 75.9473 66.3534
110 75.081 67.2287
340 74.2062 68.1125
385 73.7918 68.5312
941 73.3014 69.0266
460 71.7996 70.5443
818 73.4257 70.4948
775 75.0731 70.4446
204 78.1026 70.3526
332 80.2385 70.2875
660 82.2107 70.2275
450 82.2107 70.2275
975 82.2107 70.2275
528 82.2107 70.2275
506 82.2107 70.2275
889 85.7503 80.145
25 85.8555 80.4397
473 85.9474 80.6972
685 86.0308 80.9308
372 86.1104 81.1538
311 85.199 82.4154
928 80.9169 88.3418
983 79.9004 88.3409
820 78.4771 88.3396
322 77.0344 88.3383
817 74.6097 88.3362
845 74.6097 88.3362
580 74.6097 88.3362
477 74.6097 88.3362
813 74.6097 88.3362
158 74.6097 88.3362
854 74.6097 88.3362
353 74.6097 88.3362
544 74.6097 88.3362
620 74.6097 88.3362
622 74.6097 88.3362
42 74.6097 88.3362
135 74.6097 88.3362
893 74.2838 88.1346
740 73.9148 87.9064
742 73.4827 87.6392
648 73.0651 87.381
666 72.5995 87.093
494 72.1565 86.819
725 71.671 86.5188
837 70.4894 85.788
145 70.38 85.7203
481 70.2632 85.6482
464 70.1591 85.5837
317 70.0374 85.5085
297 69.9353 85.4453
417 69.8421 85.3877
864 69.7455 85.3279
159 69.6405 85.263
937 69.5196 85.1882
465 69.4057 85.1178
71 69.2891 85.0457
51 69.175 84.9751
801 69.0782 84.9152
823 68.9953 84.864
318 68.9059 84.8086
251 68.747 84.7104
992 68.4816 84.5463
575 68.2133 84.3803
290 68.0034 84.2505
727 67.8396 84.1492
285 65.8915 85.8774
149 64.2345 87.3473
52 62.3063 87.661
931 59.8197 88.0654
305 57.4464 88.4515
62 57.1348 88.5022
273 56.8573 88.5473
887 56.5072 88.6043
980 56.1723 88.6587
746 55.8391 88.7129
984 55.5646 88.7575
896 55.2327 88.8115
754 54.9152 88.8631
415 54.5995 88.9145
624 54.3069 88.9621
344 54.027 89.0076
911 53.7625 89.0506
185 53.4889 89.0951
856 53.1726 89.1465
313 52.8562 89.198
567 52.5679 89.2449
177 52.2075 89.3035
5 51.734 89.3805
541 51.5635 89.4082
408 51.4115 89.433
406 51.2578 89.458
961 51.0991 89.4838
618 50.9493 89.5081
511 50.7872 89.5345
23 50.6288 89.5603
713 50.4581 89.588
882 50.3057 89.6128
532 50.1479 89.6385
584 50.0018 89.6623
105 49.8154 89.6926
375 49.6451 89.7203
434 49.4969 89.7444
851 49.3421 89.7696
239 49.1646 89.7984
206 49.0016 89.8249
947 48.8635 89.8474
952 48.7083 89.8727
516 48.539 89.9002
202 48.3746 89.9269
449 48.1579 89.9622
53 47.9738 89.9922
156 47.8169 90.0177
309 47.6409 90.0463
389 47.48 90.0725
165 47.3219 90.0982
539 47.1597 90.1246
292 46.9887 90.1524
738 46.9887 90.1524
181 47.0466 90.0407
146 47.1144 89.9099
22 47.1838 89.7761
866 47.2562 89.6365
877 47.3305 89.4932
172 47.4047 89.3501
874 47.4726 89.2191
559 47.56 89.0505
763 47.6602 88.8573
562 47.7673 88.6508
861 47.8578 88.4761
367 47.9373 88.3229
737 48.0225 88.1585
816 48.1379 87.9359
814 48.234 87.7504
826 48.3447 87.537
280 48.4506 87.3327
561 48.5445 87.1515
229 48.6474 86.9531
564 48.6533 86.9417
129 48.6591 86.9306
343 48.6658 86.9177
536 48.673 86.9038
320 48.6805 86.8893
40 48.6882 86.8744
140 48.6957 86.8602
118 48.7023 86.8473
437 48.7084 86.8355
649 48.7156 86.8216
774 49.2252 85.9825
895 49.794 85.046
690 50.2979 84.2161
636 50.8273 83.3443
319 51.3512 82.4815
782 51.9192 81.5464
940 52.4328 80.7006
294 52.9651 79.8239
894 53.6292 78.7304
245 53.7381 78.6183
659 53.853 78.5
755 53.9829 78.3662
335 54.124 78.2209
94 54.2608 78.08
671 54.3945 77.9423
432 54.5189 77.8142
9 54.6344 77.6952
563 54.7404 77.5861
855 54.8694 77.4533
832 54.9767 77.3427
880 55.074 77.2425
91 55.185 77.1283
82 55.2856 77.0246
802 55.4247 76.8814
582 55.5687 76.7331
769 55.701 76.5969
857 55.8223 76.4719
530 55.9326 76.3583
259 56.2999 75.98
179 56.7583 75.508
208 57.361 74.8874
12 57.8084 74.4266
369 58.4004 73.8169
395 59.1383 73.057
378 59.9484 72.2227
668 60.9324 71.2094
83 61.7672 70.3497
393 61.8183 70.2836
315 61.8644 70.2239
987 61.9171 70.1557
904 61.9726 70.084
109 62.0241 70.0174
867 62.0849 69.9388
744 62.1387 69.8692
595 62.1945 69.797
579 62.2462 69.7301
654 62.207 69.2755
238 62.1643 68.7791
18 62.1289 68.3684
509 62.0612 67.5827
964 61.9807 66.6482
478 61.9129 65.8605
625 61.8482 65.1101
102 61.7925 64.4638
173 61.761 64.0982
112 61.7248 63.678
962 61.6826 63.188
143 61.279 58.4997
605 61.1746 58.5645
420 61.1033 58.6088
850 61.0256 58.657
656 60.8964 58.7371
468 60.7417 58.8332
68 60.6291 58.9031
67 60.515 58.9739
767 60.4112 59.0384
286 60.2896 59.1138
70 60.1823 59.1804
190 60.0541 59.26
577 59.9071 59.3512
515 59.7768 59.4321
440 59.6554 59.5075
293 59.5457 59.5756
396 59.4285 59.6483
762 59.2967 59.7301
810 59.1796 59.8028
35 59.0644 59.8743
84 58.9492 59.9458
942 58.8561 60.0036
842 58.7479 60.0708
519 58.3785 60.3001
907 58.0217 60.5216
791 57.6488 60.753
186 57.3406 60.9443
538 57.0359 61.1334
793 56.6946 61.3453
647 56.3768 61.5425
623 56.0472 61.7471
485 55.5534 62.0536
484 54.8002 62.5211
986 54.8002 62.5211
847 54.8002 62.5211
617 53.3065 62.1742
523 51.7928 61.8225
632 51.7961 61.7754
968 51.9073 60.2211
161 52.039 58.3807
216 52.1831 56.3658
282 52.397 53.3747
356 52.8619 46.8628
117 52.8913 46.4526
848 52.9299 45.9132
217 52.9681 45.3796
828 53.0062 44.8471
43 52.8568 44.9911
945 52.6921 45.1499
358 52.5743 45.2634
377 52.4056 45.426
66 52.2032 45.6211
472 51.9992 45.8178
978 51.8333 45.9777
342 51.6369 46.167
644 51.4811 46.3171
262 50.894 46.8831
85 50.3281 47.4285
127 49.7773 47.9594
843 49.4651 48.2604
492 49.1381 48.5756
798 48.7919 48.9093
906 48.6073 48.7706
870 48.4327 48.6394
69 48.2605 48.51
716 48.0946 48.3854
188 47.9468 48.2743
210 47.7472 48.1243
930 47.5683 47.9899
566 47.3004 47.7886
692 47.0663 47.6127
197 47.023 47.5802
594 46.9783 47.5466
191 42.3547 44.073
917 42.2698 44.949
891 42.1805 45.8716
706 42.1647 46.0342
619 42.1479 46.2081
155 42.1322 46.37
989 42.1157 46.541
63 42.0987 46.7162
597 42.078 46.9297
237 42.0613 47.1023
101 42.0463 47.2578
452 42.0331 47.3933
194 42.0174 47.556
923 42.0003 47.7323
370 41.9848 47.8927
512 41.9711 48.0337
498 41.956 48.1899
276 41.9431 48.3236
621 41.9276 48.4839
522 41.915 48.6131
844 41.9029 48.7386
180 41.7957 49.8459
862 41.6901 50.9368
876 41.5239 52.6518
264 41.3082 54.8778
922 41.1311 56.7061
281 40.9463 58.6139
453 40.7466 60.6749
715 40.7466 60.6749
778 40.7466 60.6749
235 40.7132 60.7628
461 40.6864 60.8334
30 40.6554 60.9151
147 40.6258 60.9929
533 40.0052 62.626
903 39.3507 64.3481
765 39.3924 64.4353
743 39.4352 64.5248
558 39.4727 64.6031
779 39.5093 64.6795
459 39.5425 64.7489
732 39.5755 64.818
576 39.6104 64.8909
410 39.647 64.9674
56 39.6805 65.0375
54 39.7126 65.1046
493 39.7443 65.1709
471 39.7797 65.2448
267 39.8126 65.3137
137 39.8785 65.4514
804 39.9469 65.5944
788 40.0066 65.7192
596 40.1832 66.0884
104 40.3469 66.4307
809 40.5176 66.7875
225 40.7185 67.2077
365 40.8879 67.5617
175 41.0696 67.9417
662 41.2607 68.3412
676 41.4227 68.6798
80 41.5918 69.0333
21 41.7467 69.3572
359 41.9177 69.7146
350 42.1363 70.1718
724 42.323 70.562
404 42.5019 70.936
910 42.6928 71.3353
144 42.9036 71.7759
921 43.1061 72.1992
513 43.2721 72.5462
683 43.4227 72.861
291 43.6053 73.2429
800 43.8878 73.8335
226 43.5172 74.1279
134 43.2291 74.3568
163 42.9171 74.6048
540 42.6002 74.8565
193 42.2952 75.0989
642 41.9907 75.3408
394 41.6545 75.608
126 41.5488 75.6919
248 41.4297 75.7866
171 41.3072 75.884
976 41.1684 75.9942
919 41.0142 76.1168
223 40.8966 76.2102
241 40.7884 76.2962
416 40.682 76.3807
189 40.5903 76.4535
840 40.4986 76.5264
252 40.4083 76.5981
308 40.3184 76.6696
789 35.4834 80.5116
215 35.3291 81.1297
2 35.1793 81.7298
807 35.046 82.2639
270 34.9129 82.7973
124 34.7685 83.3755
689 34.6186 83.9761
614 34.4397 84.6929
872 34.2343 85.5158
231 33.987 86.5063
76 33.7762 87.3506
696 33.564 88.2006
918 33.398 88.8657
766 33.2242 89.562
569 33.1177 89.5767
470 32.9984 89.5931
139 32.8847 89.6087
150 32.7643 89.6253
795 32.655 89.6403
548 32.5513 89.6546
392 32.4382 89.6701
96 32.3187 89.6866
28 32.2035 89.7024
167 32.0951 89.7173
72 32.0012 89.7303
786 31.8934 89.7451
613 31.7941 89.7587
230 31.6881 89.7733
752 31.5791 89.7883
306 31.456 89.8052
960 31.3526 89.8195
92 31.2468 89.834
974 31.1406 89.8486
441 31.0033 89.8675
761 30.9731 89.8717
768 30.9446 89.8756
256 30.9446 89.8756
141 30.9446 89.8756
773 30.9446 89.8756
707 30.9446 89.8756
120 30.9446 89.8756
73 30.9446 89.8756
672 30.9446 89.8756
631 30.9446 89.8756
448 30.9446 89.8756
265 30.9446 89.8756
44 30.321 89.7117
490 29.7989 89.5745
859 29.3273 89.4506
885 28.8781 89.3326
611 28.4715 89.2258
651 27.9976 89.1012
20 27.5773 88.9908
36 27.0773 88.8594
253 26.586 88.7303
491 26.0742 88.5959
430 25.6201 88.4766
833 25.1078 88.3419
15 24.6143 88.2123
360 24.5682 88.1554
871 24.5313 88.1097
808 24.4929 88.0623
521 24.448 88.0068
806 24.3967 87.9435
469 24.3488 87.8843
428 24.3077 87.8335
954 24.2638 87.7793
271 24.2268 87.7336
638 24.173 87.6671
41 24.1189 87.6003
93 24.069 87.5387
550 24.0179 87.4755
757 23.971 87.4176
424 23.9252 87.361
578 23.8754 87.2995
886 23.8279 87.2408
418 23.7834 87.1859
454 23.7338 87.1245
431 22.5617 86.9204
982 21.4981 86.7351
249 21.2313 86.6887
58 20.9453 86.6388
247 20.6387 86.5854
115 20.3944 86.5429
695 20.1379 86.4982
753 19.8821 86.4536
933 19.6042 86.4052
825 19.3171 86.3552
495 19.0433 86.3075
184 18.7797 86.2616
88 18.5179 86.216
386 18.2661 86.1722
50 18.0365 86.1322
368 17.7849 86.0884
13 17.5034 86.0393
399 17.2031 85.987
374 16.9359 85.9405
409 16.8224 89.5057
608 16.7603 89.5085
183 16.6993 89.5112
236 16.6355 89.514
456 16.5802 89.5164
593 16.5179 89.5192
442 16.4491 89.5222
712 16.3882 89.5249
776 16.3281 89.5275
227 16.2675 89.5302
610 16.207 89.5329
714 16.1328 89.5361
827 14.3006 89.617
447 13.9612 89.632
637 13.6441 89.646
106 13.3318 89.6598
325 13.0778 89.671
304 12.8011 89.6832
699 12.5251 89.6954
750 12.2321 89.7083
200 11.9333 89.7215
678 11.6465 89.7342
364 11.3987 89.7451
17 11.1669 89.7554
462 10.8928 89.7675
199 10.5802 89.7813
213 10.2845 89.7943
288 10.2711 89.7949
263 10.2509 89.7958
39 10.2324 89.7966
988 10.2154 89.7974
628 10.2265 89.613
321 10.2364 89.4482
138 10.2431 89.3366
557 10.2508 89.2085
435 10.258 89.0896
178 10.2674 88.9319
585 10.2749 88.8082
719 10.2838 88.6601
316 10.2921 88.5214
95 10.3001 88.3877
815 10.3077 88.2615
405 10.3147 88.1454
380 10.3227 88.0123
916 10.3338 87.8273
955 10.3433 87.6686
969 10.3512 87.5383
108 10.3602 87.3876
973 10.369 87.2421
31 10.3793 87.0698
444 10.388 86.9258
446 10.3963 86.7872
153 10.405 86.643
792 10.4138 86.4969
803 10.4219 86.3613
868 10.4301 86.2244
718 10.4435 86.0022
914 10.4558 85.7977
547 10.469 85.5781
426 10.4826 85.352
736 10.4948 85.1488
203 10.5075 84.9361
169 10.5188 84.7481
711 10.5295 84.5704
301 10.5532 84.176
892 10.5785 83.7546
560 10.6026 83.3544
300 10.6221 83.0292
953 10.6426 82.6895
693 10.6674 82.2756
401 10.6949 81.8186
568 10.723 81.3511
1 10.7786 80.4253
443 10.8607 79.0583
657 10.9205 78.063
830 10.9762 77.1357
255 11.0435 76.0151
728 11.047 75.9569
502 11.051 75.8915
119 11.0547 75.829
503 11.0581 75.7724
860 11.0614 75.7174
667 11.065 75.6585
436 11.0681 75.6062
445 11.0719 75.5439
570 11.075 75.4914
48 11.0785 75.4331
346 11.0826 75.3653
339 11.0865 75.3008
607 11.0904 75.2352
457 11.094 75.1755
298 11.0978 75.1112
686 11.1018 75.0447
639 11.1057 74.9809
630 11.1098 74.9127
524 11.1136 74.8495
371 11.1167 74.7983
207 11.1191 74.7573
90 11.1216 74.7164
546 11.1264 74.6363
890 11.1317 74.5481
240 11.1368 74.4632
905 11.142 74.3755
944 11.1477 74.2812
615 11.1542 74.1735
554 11.1607 74.0641
75 11.171 73.8929
759 11.1871 73.6248
966 11.2176 73.1153
665 11.2343 72.8379
376 11.2503 72.5711
433 11.2641 72.341
799 11.2809 72.0604
556 11.2954 71.8188
694 11.3119 71.5433
427 11.328 71.2738
517 11.3441 71.0055
224 11.3592 70.7536
939 11.3768 70.4608
277 11.3841 70.3391
734 11.3915 70.2158
429 11.3979 70.1086
551 11.405 69.9908
991 11.4133 69.8522
114 11.4223 69.7026
739 11.4302 69.5706
796 11.4373 69.4511
97 11.4462 69.303
531 11.4553 69.1524
398 11.4576 69.114
77 11.4601 69.0716
361 11.4623 69.0356
950 11.4646 68.9957
680 11.4675 68.9487
338 11.4703 68.9022
717 11.4731 68.8554
879 11.4757 68.8106
3 11.4786 68.7635
347 11.4814 68.716
784 11.6258 68.6332
760 11.7637 68.5541
747 11.8951 68.4788
219 12.0201 68.407
14 12.146 68.3349
970 12.2905 68.252
234 12.4207 68.1773
381 12.5611 68.0968
131 12.7904 67.9652
948 12.993 67.849
589 13.2298 67.7132
703 13.4491 67.5874
764 13.6763 67.4571
981 13.8928 67.333
897 14.0627 67.2355
411 14.2218 67.1442
132 14.3902 67.0476
336 14.5652 66.9472
701 15.9582 68.015
266 17.2376 68.9958
720 18.2387 69.7634
927 19.0828 70.4106
526 19.8918 71.031
571 20.6692 71.6271
591 21.3007 72.1114
878 21.7276 72.4388
971 21.7276 72.4388
479 21.7276 72.4388
888 21.7276 72.4388
587 21.7276 72.4388
60 21.7276 72.4388
946 21.7276 72.4388
601 21.7276 72.4388
99 21.7276 72.4388
658 21.7276 72.4388
390 21.7276 72.4388
780 21.7276 72.4388
113 21.7466 72.4385
220 21.7667 72.4382
487 21.7861 72.438
244 21.8061 72.4377
552 21.8261 72.4374
327 21.8476 72.4372
604 21.8688 72.4369
924 21.8871 72.4366
574 21.9078 72.4364
333 21.9264 72.4361
635 21.9448 72.4359
296 21.9641 72.4356
726 22.0303 72.1488
400 22.0983 71.8544
272 22.1695 71.5461
326 22.2316 71.2773
537 22.3002 70.9805
16 22.371 70.6738
130 22.453 70.3187
733 22.5268 69.9994
697 22.5819 69.761
162 22.6521 69.4567
500 22.7264 69.1353
482 22.8106 68.7705
965 22.8883 68.4342
730 22.9602 68.1231
599 23.0444 67.7585
275 23.1126 67.4631
600 23.1821 67.1624
168 23.2573 66.8369
645 23.5249 65.6784
501 23.7332 64.7767
640 23.9588 63.8001
705 24.1474 62.9833
81 24.3056 62.2988
349 24.5202 61.3695
735 24.7488 60.3801
329 24.9572 59.4779
846 25.2038 58.4101
772 25.5168 57.0551
38 26.0479 54.7557
269 26.0784 54.624
438 26.1091 54.491
688 26.1355 54.3768
535 26.1637 54.2545
508 26.1891 54.1446
913 26.2121 54.0451
233 26.2332 53.9537
956 26.2573 53.8491
451 26.2821 53.7418
603 26.3107 53.6183
510 26.3359 53.5091
957 26.3603 53.4033
901 26.3867 53.2889
79 26.4151 53.1661
756 26.4453 53.0355
59 26.4741 52.9106
507 26.5031 52.785
37 26.5376 52.6358
929 26.5626 52.5276
89 26.59 52.4088
839 26.6163 52.2949
729 26.6436 52.1768
908 26.6771 52.032
912 26.7066 51.904
7 27.4767 48.5687
543 27.2748 48.6554
525 27.084 48.7372
414 26.8994 48.8164
655 26.6999 48.9021
413 26.5052 48.9856
811 26.3093 49.0696
382 26.0555 49.1785
545 25.8059 49.061
388 25.5581 48.9443
748 25.3233 48.8338
49 25.0931 48.7254
302 24.8068 48.5906
783 24.5246 48.4577
151 24.183 48.2969
397 23.84 48.1353
664 23.5171 47.9833
11 23.1933 47.8308
687 22.8703 47.6788
403 22.4266 47.4698
32 21.9729 47.2562
78 21.5774 47.0699
65 21.1973 46.891
174 21.1973 46.891
391 21.1973 46.891
691 21.1973 46.891
612 21.1973 46.891
205 21.1973 46.891
723 20.7711 47.1954
125 20.3344 47.5073
476 19.5697 48.0536
949 18.8319 48.5806
324 18.1088 49.0971
422 17.2857 49.6851
279 16.5098 50.2393
633 15.8014 50.7454
797 14.9349 51.3643
192 13.9069 52.0987
565 13.9069 52.0987
475 13.9069 52.0987
142 13.9002 52.0935
858 13.8933 52.0882
698 13.8865 52.083
677 13.8796 52.0778
805 13.8727 52.0725
34 13.8667 52.0679
222 13.5709 51.8417
972 13.3301 51.6576
771 13.071 51.4594
148 12.8142 51.263
505 12.5774 51.0819
57 12.3367 50.8978
214 12.1117 50.7258
938 11.9028 50.566
708 11.6511 50.3735
196 11.4291 50.2037
527 11.1472 49.9882
122 10.883 49.7861
749 10.8841 49.657
542 10.8851 49.5405
157 10.8861 49.43
128 10.8871 49.3146
154 10.888 49.2034
218 10.8889 49.1034
463 10.8899 48.9865
100 10.8908 48.8783
312 10.8918 48.7636
116 10.8926 48.6665
47 10.8935 48.5645
303 10.8944 48.461
849 10.8953 48.3567
166 10.8966 48.1991
925 10.8981 48.0295
384 10.9037 47.3668
936 10.908 46.8634
990 10.9131 46.2638
330 10.9177 45.7329
87 10.922 45.2302
985 10.9253 44.8394
352 10.9276 44.5676
328 10.9306 44.2189
758 10.9325 44.0041
841 10.9346 43.7532
663 10.9369 43.4866
496 10.939 43.2328
770 10.9413 42.9689
534 10.9434 42.7246
228 10.9457 42.4549
489 10.9477 42.2153
341 10.9501 41.9412
212 10.9526 41.6445
909 10.9549 41.3761
46 10.9576 41.0637
123 10.96 40.7811
283 10.9625 40.4882
616 10.9647 40.2308
182 10.9668 39.98
863 10.9698 39.6272
423 10.9727 39.2938
731 10.9754 38.976
652 10.9782 38.6526
958 10.9813 38.285
373 10.9842 37.952
700 10.9886 37.4301
499 10.9928 36.9495
331 11.0272 32.9079
258 11.0343 32.0705
4 11.0396 31.4536
514 11.0446 30.8754
455 11.0498 30.2601
641 11.0543 29.7358
402 11.0588 29.2155
661 11.0627 28.7576
710 11.0662 28.3435
133 11.0698 27.9216
794 11.0736 27.4795
10 11.0773 27.0446
412 11.0917 25.3659
187 11.1006 24.3155
898 11.1006 24.3155
74 11.1006 24.3155
86 11.1006 24.3155
646 11.1747 22.1214
963 11.2319 20.4205
61 11.2924 18.6246
722 11.3446 17.0729
881 11.3583 16.6652
588 11.3708 16.2898
812 11.3855 15.8523
629 11.7315 16.0737
348 12.1065 16.3136
674 12.4464 16.5311
673 12.8027 16.7591
682 13.1003 16.9496
362 13.4224 17.1557
488 13.752 17.3666
8 14.2046 17.6562
211 14.6176 17.9205
741 15.0612 18.2044
366 15.5297 18.5042
299 15.9992 18.8046
354 17.548 19.7956
474 18.27 20.2576
268 19.0023 20.7262
829 19.7981 21.2354
943 19.7981 21.2354
836 19.7981 21.2354
572 19.7981 21.2354
121 21.3378 21.5857
702 22.6093 21.875
278 23.9348 22.1766
439 24.1245 22.2198
284 24.3355 22.2678
602 24.5501 22.3167
915 24.7717 22.3671
549 25.0041 22.4201
626 26.4287 21.8364
261 27.7829 21.2815
869 27.7829 21.2815
26 28.2743 20.9928
669 28.592 20.8063
709 28.8324 20.6651
704 29.103 20.5061
899 29.3111 20.3839
307 29.5814 20.2252
221 29.8468 20.0693
824 30.1454 19.8939
787 30.4567 19.7111
902 30.7673 19.5287
379 31.1522 19.3027
573 31.5125 19.0911
64 31.8017 18.9212
254 32.1106 18.7398
337 32.5379 18.4888
111 32.9045 18.2735
883 33.2625 18.0633
351 33.6063 17.8613
246 33.9171 17.6788
643 34.2767 17.4676
363 34.7621 17.1825
407 35.2077 16.9208
310 35.6038 16.6882
934 35.9995 16.4558
518 36.4224 16.2074
653 36.4357 17.9527
467 36.4496 19.7599
822 36.4569 20.7315
586 36.464 21.6635
287 36.468 22.1884
486 36.5113 27.7787
257 36.5113 27.7787
790 36.5113 27.7787
853 36.5113 27.7787
679 36.5113 27.7787
529 37.1047 27.7363
834 37.8071 27.686
480 38.5041 27.6362
289 40.8715 27.4668
935 42.8653 27.3241
160 44.818 27.1844
421 48.6636 26.9092
777 57.075 26.3062
819 57.177 26.3902
209 57.2608 26.4591
634 57.3655 26.5452
6 57.3987 26.5055
785 57.4275 26.4709
55 57.4584 26.4339
27 57.4873 26.3993
355 57.5165 26.3643
751 57.5483 26.3262
781 57.5811 26.2869
419 57.6125 26.2494
681 57.6397 26.2167
19 57.6694 26.1811
164 57.71 26.1325
250 57.7472 26.088
555 57.7872 26.04
873 57.8259 25.9936
865 57.8623 25.95
821 57.9007 25.9041
458 57.939 25.8582
581 59.1862 24.3649
959 60.3196 23.0074
831 61.4447 21.6597
295 62.7315 20.1188
598 64.025 18.5698
176 65.3554 16.9766
103 66.5424 15.555
24 69.0252 16.3752
504 71.6025 17.2266
721 74.6702 18.24
