0,627,260,979,243,483,520,345,835,590,33,98,242,942,745,195,29,466,609,274,592,334,143,932,967,941,190,920,583,425,850,198,387,767,977,900,478,975,497,136,506,838,170,884,107,951,684,332,204,152,867,385,818,71,775,648,311,528,450,660,25,372,685,740,983,928,820,322,893,473,889,813,742,725,42,494,666,135,580,854,149,145,318,159,158,845,937,285,481,202,395,837,417,83,864,367,992,622,259,801,567,465,344,353,931,816,980,690,297,317,369,464,273,177,620,52,544,823,251,185,754,817,511,584,746,887,140,911,856,118,229,575,477,313,984,179,882,896,737,105,434,539,165,763,624,774,239,23,561,62,40,181,343,613,532,394,241,172,309,814,320,245,406,319,156,72,375,389,206,559,766,952,713,541,618,5,961,866,516,636,305,415,536,129,215,874,428,752,146,230,265,974,189,416,270,22,53,449,139,672,253,96,448,614,795,2,649,651,569,707,150,470,773,183,424,919,611,392,256,548,141,271,92,877,786,610,456,73,761,20,231,437,960,738,60,167,430,808,120,288,306,409,28,368,833,491,593,15,227,768,521,714,871,933,418,697,578,490,495,50,776,399,631,44,36,441,696,678,386,58,628,969,719,446,13,95,462,750,815,17,973,827,916,115,364,236,753,360,570,988,712,982,693,247,547,1,568,138,405,304,442,736,868,325,955,585,153,953,380,106,200,637,718,447,803,444,213,435,39,711,162,759,199,48,426,905,240,890,546,991,207,263,557,457,108,914,469,316,551,825,886,31,699,169,830,75,554,792,615,300,944,301,90,401,780,93,244,695,249,443,701,192,892,114,552,487,556,686,436,667,860,503,203,429,966,734,371,119,502,374,178,728,657,321,277,224,517,427,694,445,526,879,339,346,361,298,500,479,433,601,130,703,524,630,560,97,717,338,680,3,796,772,607,400,272,113,398,255,77,234,849,376,665,347,948,381,970,14,219,747,760,784,639,708,214,939,799,122,81,196,218,336,482,589,925,565,341,222,373,531,749,527,166,131,972,805,542,154,909,489,505,411,422,691,764,545,279,391,949,148,771,47,463,423,770,128,858,534,182,116,303,157,100,958,652,677,57,212,328,797,936,616,125,499,829,496,312,283,476,174,758,352,841,543,514,330,836,46,65,990,384,10,700,228,863,673,32,299,133,663,74,731,123,985,221,902,899,661,915,602,86,710,268,943,741,572,87,187,898,362,331,4,258,455,794,812,682,474,348,402,412,881,629,646,61,963,8,643,211,588,674,366,488,722,354,284,363,439,702,254,26,379,822,278,518,407,337,246,669,64,653,573,310,351,287,261,704,834,191,467,586,480,160,934,883,388,641,111,787,709,626,307,679,664,811,549,612,824,78,205,151,687,155,529,121,486,869,356,525,929,603,876,461,413,127,748,37,403,913,956,142,655,11,475,938,451,59,619,535,302,397,324,640,269,633,507,908,723,846,38,438,981,599,237,891,957,720,735,698,414,49,756,233,512,147,264,989,522,922,194,596,382,30,104,89,34,510,688,508,79,705,576,471,903,765,732,533,359,365,390,901,715,912,733,804,56,54,493,788,267,137,971,454,163,540,171,223,976,308,99,587,604,658,730,662,226,550,350,252,888,946,537,729,329,16,349,275,645,965,132,501,897,739,726,168,326,635,608,927,88,954,296,924,184,333,21,431,600,757,950,574,885,266,220,327,918,124,76,859,789,41,571,134,806,872,638,689,724,878,591,80,294,82,432,562,484,895,921,94,582,671,408,755,564,782,292,840,193,642,632,851,800,126,248,807,940,659,769,861,947,826,530,335,440,12,880,855,9,563,280,668,378,832,625,987,904,393,315,173,112,595,509,605,468,67,18,110,340,727,290,460,744,579,654,238,51,68,208,650,201,852,656,420,962,647,383,286,907,538,847,762,515,513,235,453,91,84,798,498,186,281,923,161,617,968,225,410,459,144,802,282,676,810,857,894,101,964,109,291,683,404,779,743,791,558,986,216,175,910,839,523,262,597,809,210,862,844,276,870,906,472,492,716,843,370,778,783,935,853,566,7,706,790,180,848,917,692,257,421,197,452,621,675,293,842,519,357,793,396,623,577,945,644,66,35,594,85,70,342,69,102,485,188,634,232,117,45,670,323,606,926,553,358,217,314,43,978,875,930,377,63,6,828,289,419,164,250,555,19,209,819,581,831,959,785,458,821,865,873,777,681,781,751,355,27,55,103,721,504,295,24,176,598,
value : 484.313 running time : 62.943660
0 80 20
627 85.2811 17.9709
260 86.2684 17.5916
979 86.2684 17.5916
243 86.2684 17.5916
483 86.2684 17.5916
520 84.3378 25.4976
345 84.2351 25.9184
835 83.3452 29.5623
590 83.1537 30.3468
33 82.9656 31.1171
98 82.7705 31.9158
242 78.7529 48.3688
942 78.008 51.4192
745 78.008 51.4192
195 78.0052 51.4499
29 78.0024 51.4792
466 77.9996 51.5091
609 77.9967 51.5409
274 77.9936 51.5739
592 77.99 51.6128
334 77.986 51.6551
143 77.9831 51.6863
932 77.9157 52.4091
967 77.8463 53.1527
941 77.776 53.9065
190 77.7106 54.6073
920 77.6779 54.9574
583 77.6434 55.3271
425 77.6098 55.6862
850 77.574 56.0699
198 77.5399 56.4349
387 77.503 56.8302
767 77.4641 57.2472
977 77.427 57.6442
900 77.3867 58.0759
478 77.3867 58.0759
975 79.9648 59.4368
497 84.5207 61.8419
136 84.4921 61.9139
506 84.4619 61.9902
838 84.4333 62.0623
170 84.4043 62.1356
884 84.3743 62.2112
107 84.3424 62.2919
951 84.3092 62.3757
684 83.6078 64.1463
332 82.8173 66.1419
204 82.1414 67.848
152 81.5956 69.2258
867 81.0784 70.5314
385 81.3508 71.8869
818 81.6518 73.3853
71 81.8764 74.5028
775 82.6088 75.8173
648 83.1497 76.7879
311 83.6008 77.5975
528 84.0027 78.3188
450 84.4904 79.194
660 85.0641 80.2238
25 85.6629 81.2984
372 86.0243 81.9469
685 84.7659 83.5741
740 83.1718 85.6356
983 81.245 88.1272
928 81.1797 88.2117
820 80.8823 88.2066
322 80.612 88.2018
893 80.3166 88.1967
473 80.0503 88.1921
889 79.7456 88.1868
813 78.4977 88.1651
742 77.5228 88.1481
725 76.5903 88.1319
42 75.4313 88.1117
494 75.4313 88.1117
666 75.4313 88.1117
135 75.4313 88.1117
580 75.1791 88.0257
854 74.4314 87.7705
149 73.6755 87.5126
145 73.0272 87.2913
318 72.4681 87.1005
159 71.9052 86.9085
158 71.2315 86.6785
845 70.5299 86.4391
937 69.8658 86.2125
285 69.2284 85.995
481 68.5123 85.7506
202 67.7919 85.5048
395 67.7919 85.5048
837 67.7919 85.5048
417 67.2444 85.7872
83 66.5212 86.1603
864 65.6407 86.6145
367 64.2896 87.3117
992 63.7047 87.6135
622 63.1543 87.8974
259 62.5529 88.2076
801 62.031 88.4768
567 61.4855 88.7582
465 60.9388 89.0401
344 60.1803 89.4314
353 60.1803 89.4314
931 60.1803 89.4314
816 60.1803 89.4314
980 60.1803 89.4314
690 60.1803 89.4314
297 60.1803 89.4314
317 60.1803 89.4314
369 60.1803 89.4314
464 60.1803 89.4314
273 60.1803 89.4314
177 60.1803 89.4314
620 60.1803 89.4314
52 60.1803 89.4314
544 60.1803 89.4314
823 60.1803 89.4314
251 60.1803 89.4314
185 59.5834 89.4303
754 58.9922 89.4292
817 58.5034 89.4284
511 57.8353 89.4271
584 57.4677 89.4265
746 57.0789 89.4257
887 56.7615 89.4252
140 56.4269 89.4246
911 56.1269 89.424
856 55.8123 89.4234
118 55.4893 89.4228
229 55.1721 89.4223
575 54.841 89.4217
477 54.5082 89.4211
313 54.1001 89.4203
984 53.7288 89.4196
179 53.2717 89.4188
882 52.8743 89.4181
896 52.4827 89.4173
737 52.0838 89.4166
105 51.6226 89.4158
434 51.2204 89.415
539 50.7646 89.4142
165 50.3983 89.4135
763 50.0578 89.4129
624 49.7483 89.4123
774 49.4019 89.4117
239 49.0262 89.411
23 48.6901 89.4104
561 47.8887 89.4089
62 47.3499 89.408
40 46.7207 89.4068
181 45.8993 89.4053
343 45.3687 89.4043
613 44.8021 89.4033
532 44.7227 89.4031
394 44.6261 89.403
241 44.536 89.4028
172 44.4441 89.4026
309 44.3581 89.4025
814 44.2781 89.4023
320 44.194 89.4022
245 44.1088 89.402
406 44.0156 89.4018
319 43.9168 89.4017
156 43.8184 89.4015
72 43.7088 89.4013
375 43.6211 89.4011
389 43.5302 89.4009
206 43.4388 89.4008
559 43.3493 89.4006
766 43.2593 89.4004
952 43.1812 89.4003
713 43.0852 89.4001
541 42.9941 89.4
618 42.9031 89.3998
5 42.7922 89.3996
961 42.691 89.3994
866 42.5194 89.3991
516 42.3579 89.3988
636 42.1907 89.3985
305 42.0008 89.3981
415 41.824 89.3978
536 41.365 89.3969
129 40.8614 89.396
215 40.3822 89.3951
874 39.8763 89.3942
428 39.2657 89.3931
752 38.8422 89.3923
146 38.4532 89.3916
230 38.0578 89.3908
265 37.6549 89.3901
974 37.2431 89.3893
189 36.8504 89.3886
416 36.4397 89.3879
270 36.0264 89.3871
22 35.9202 89.3885
53 35.8153 89.3898
449 35.7047 89.3912
139 35.5802 89.3928
672 35.4568 89.3944
253 35.3374 89.3959
96 35.2294 89.3973
448 35.1297 89.3986
614 35.0239 89.4
795 34.562 89.4059
2 34.1153 89.4116
649 33.6887 89.4171
651 33.2068 89.4233
569 32.9882 89.4261
707 32.7197 89.4296
150 32.4411 89.4332
470 32.1798 89.4365
773 31.8989 89.4401
183 31.6128 89.4438
424 31.458 89.4458
919 31.3176 89.4476
611 31.1658 89.4495
392 31.0272 89.4513
256 30.8802 89.4532
548 30.7357 89.4551
141 30.5746 89.4571
271 30.4249 89.459
92 30.2693 89.461
877 30.1169 89.463
786 29.9382 89.4653
610 29.7607 89.4676
456 29.5925 89.4697
73 29.4535 89.4715
761 29.3069 89.4734
20 29.174 89.4751
231 29.045 89.4768
437 28.91 89.4785
960 28.7381 89.4807
738 28.5717 89.4828
60 28.2131 89.4875
167 27.8548 89.4921
430 27.5213 89.4963
808 27.2072 89.5004
120 26.8515 89.5049
288 26.4675 89.5099
306 26.1472 89.514
409 25.8179 89.5182
28 25.4877 89.5225
368 25.1357 89.527
833 24.7992 89.5313
491 24.4769 89.5355
593 24.1606 89.5395
15 23.8457 89.5436
227 23.5727 89.5471
768 23.3324 89.5502
521 23.079 89.5534
714 22.8194 89.5567
871 22.562 89.5601
933 22.3132 89.5633
418 22.0878 89.5661
697 21.8452 89.5693
578 21.5807 89.5727
490 21.3112 89.5761
495 21.0168 89.5799
50 20.7652 89.5831
776 20.4968 89.5866
399 20.2325 89.59
631 20.0247 89.5927
44 19.3302 89.6016
36 18.6113 89.6108
441 17.6921 89.6226
696 16.6132 89.6365
678 14.7308 89.6607
386 14.5065 89.6636
58 14.2905 89.6663
628 14.0118 89.6699
969 13.769 89.673
719 13.5789 89.6755
446 13.3863 89.678
13 13.2002 89.6803
95 12.9968 89.683
462 12.8026 89.6855
750 12.5904 89.6882
815 12.3908 89.6907
17 12.201 89.6932
973 11.9933 89.6958
827 11.7755 89.6986
916 11.6094 89.7008
115 11.4164 89.7033
364 11.2012 89.706
236 11.0157 89.7084
753 10.834 89.7107
360 10.6217 89.7135
570 10.363 89.7168
988 10.1383 89.7197
712 10.1384 89.7134
982 10.1384 89.7077
693 10.1385 89.7023
247 10.1385 89.6968
547 10.1386 89.6915
1 10.1387 89.6861
568 10.1387 89.6807
138 10.1388 89.6753
405 10.1388 89.67
304 10.1389 89.6641
442 10.139 89.6584
736 10.139 89.653
868 10.1391 89.6479
325 10.1391 89.6416
955 10.1392 89.6361
585 10.1393 89.6312
153 10.1393 89.6255
953 10.1394 89.6201
380 10.1394 89.6148
106 10.1395 89.6094
200 10.1396 89.6037
637 10.1396 89.5975
718 10.1397 89.5918
447 10.1397 89.5862
803 10.1398 89.5804
444 10.1399 89.5745
213 10.1399 89.5694
435 10.1439 89.1886
39 10.1561 88.0288
711 10.1733 86.3847
162 10.2158 82.3529
759 10.2182 82.1303
199 10.2205 81.9089
48 10.2236 81.6087
426 10.2267 81.3192
905 10.2296 81.0339
240 10.2327 80.7423
890 10.2358 80.4488
546 10.2387 80.1727
991 10.2417 79.8801
207 10.2446 79.6109
263 10.2446 79.6109
557 10.2446 79.6109
457 10.2446 79.6109
108 10.2446 79.6109
914 10.2446 79.6109
469 10.2497 79.6081
316 10.254 79.6058
551 10.2584 79.6034
825 10.2629 79.601
886 10.2673 79.5987
31 10.2714 79.5965
699 10.2757 79.5942
169 10.2797 79.592
830 10.2837 79.5899
75 10.288 79.5876
554 10.2923 79.5852
792 10.2969 79.5827
615 10.3014 79.5803
300 10.3059 79.5779
944 10.3105 79.5755
301 10.3154 79.5728
90 10.3199 79.5705
401 10.3249 79.5677
780 10.3305 79.5648
93 10.3357 79.5619
244 10.3406 79.5593
695 10.3452 79.5568
249 10.3498 79.5544
443 10.5886 77.9464
701 10.7908 76.5854
192 10.9594 75.4503
892 11.0091 75.116
114 11.0656 74.7357
552 11.1066 74.4598
487 11.123 74.3497
556 11.14 74.2354
686 11.1583 74.1122
436 11.1756 73.9959
667 11.1947 73.867
860 11.2138 73.7388
503 11.2331 73.6086
203 11.2511 73.4877
429 11.2722 73.3458
966 11.2903 73.2242
734 11.2989 73.1662
371 11.307 73.1119
119 11.3153 73.0559
502 11.3232 73.0024
374 11.3307 72.9526
178 11.3383 72.9009
728 11.3473 72.8406
657 11.3563 72.7802
321 11.3649 72.7218
277 11.3745 72.6573
224 11.383 72.6005
517 11.3924 72.5372
427 11.4011 72.4785
694 11.4098 72.4197
445 11.4188 72.359
526 11.4278 72.299
879 11.3624 72.0805
339 11.3029 71.8819
346 11.2357 71.6573
361 11.1669 71.4274
298 11.0978 71.1964
500 11.032 70.9766
479 10.9651 70.7529
433 10.8911 70.5054
601 10.8064 70.2223
130 10.7296 69.9658
703 10.6564 69.7213
524 10.593 69.5095
630 10.5326 69.3076
560 10.4766 69.1202
97 10.3768 68.7867
717 10.2862 68.484
338 10.2016 68.2012
680 10.1163 67.9161
3 10.0279 67.6207
796 9.94784 67.3532
772 9.83987 66.9924
607 9.74673 66.6811
400 9.64996 66.3577
272 9.54033 65.9913
113 9.4359 65.6424
398 9.29838 65.1828
255 9.15413 64.7007
77 9.00951 64.2174
234 8.86432 63.7322
849 8.72716 63.2738
376 8.72716 63.2738
665 8.72716 63.2738
347 8.72716 63.2738
948 8.72716 63.2738
381 8.72716 63.2738
970 8.72716 63.2738
14 8.72716 63.2738
219 8.72716 63.2738
747 8.72716 63.2738
760 8.72716 63.2738
784 8.72716 63.2738
639 8.72716 63.2738
708 8.97555 62.8997
214 9.19146 62.5745
939 9.37854 62.2927
799 9.59513 61.9664
122 9.84502 61.59
81 10.072 61.2481
196 10.3042 60.8985
218 10.5214 60.5713
336 10.7387 60.2439
482 10.9241 59.9646
589 11.134 59.6484
925 11.3423 59.3347
565 11.5834 58.9716
341 11.8129 58.6258
222 11.9913 58.3571
373 12.1361 58.139
531 12.2603 57.9519
749 12.4149 57.7192
527 12.5405 57.53
166 12.6699 57.3351
131 12.7985 57.1413
972 12.9564 56.9034
805 13.1071 56.6764
542 13.2553 56.4532
154 13.3992 56.2364
909 13.5249 56.0472
489 13.6492 55.8599
505 13.7703 55.6775
411 13.8828 55.5081
422 14.1715 55.0732
691 14.4343 54.6773
764 14.6986 54.2792
545 15.0046 53.8183
279 14.6741 53.1251
391 14.3509 52.4469
949 14.0082 51.7281
148 13.6981 51.0776
771 13.4348 50.5251
47 13.1815 49.9939
463 12.9121 49.4287
423 12.6557 48.8909
770 12.4215 48.3995
128 12.2054 47.9461
858 12.034 47.5867
534 11.8378 47.1751
182 11.64 46.76
116 11.4222 46.3033
303 11.3903 46.1586
157 11.3548 45.9979
100 11.3215 45.8467
958 11.2828 45.6713
652 11.2531 45.5369
677 11.224 45.4049
57 11.1762 45.1886
212 11.1255 44.9589
328 11.0787 44.7468
797 11.2405 44.6532
936 11.3708 44.5777
616 11.5094 44.4975
125 11.6495 44.4164
499 11.767 44.3483
829 14.8912 42.5396
496 14.9497 42.5057
312 15.0068 42.4726
283 15.0765 42.4323
476 15.1453 42.3924
174 15.209 42.3556
758 15.2738 42.3181
352 15.3342 42.2831
841 15.3997 42.2452
543 15.4739 42.2022
514 13.5664 35.1381
330 13.5664 35.1381
836 13.6036 34.9497
46 13.6313 34.8094
65 13.6646 34.6408
990 13.694 34.4918
384 13.7243 34.3383
10 13.7578 34.1686
700 13.7907 34.0021
228 13.8224 33.8413
863 13.8584 33.6589
673 13.9012 33.4423
32 13.9327 33.2826
299 13.9674 33.1066
133 13.9987 32.9482
663 14.0269 32.8052
74 14.0688 32.5933
731 14.0909 32.4812
123 14.1253 32.3071
985 14.325 31.2952
221 14.5344 30.2345
902 14.1773 29.6064
899 13.9094 29.1351
661 13.6477 28.6746
915 13.4043 28.2464
602 12.9029 27.3643
86 11.9851 25.7496
710 11.8819 25.5349
268 11.7833 25.3299
943 11.6801 25.1151
741 11.5601 24.8653
572 11.4549 24.6466
87 11.3483 24.4249
187 11.209 24.135
898 11.209 24.135
362 11.2954 23.5201
331 11.3682 23.0018
4 11.4397 22.4924
258 11.524 21.8927
455 11.6133 21.2569
794 11.7067 20.5916
812 12.4623 15.2123
682 12.508 15.2242
474 12.5576 15.2371
348 12.5953 15.2469
402 12.6344 15.2571
412 12.669 15.266
881 12.7048 15.2754
629 12.7434 15.2854
646 12.7821 15.2954
61 12.8247 15.3065
963 12.8708 15.3185
8 12.9193 15.3311
643 12.9636 15.3427
211 13.0005 15.3523
588 13.0392 15.3623
674 13.0787 15.3726
366 13.1221 15.3839
488 13.1612 15.394
722 13.1987 15.4038
354 21.0388 17.4423
284 23.1163 17.9826
363 24.9157 18.4506
439 25.6566 18.6433
702 26.4248 18.843
254 27.2314 19.0528
26 28.2112 19.3077
379 28.6551 19.4231
822 28.935 19.4959
278 29.2138 19.5684
518 35.3468 15.5191
407 35.2234 15.9872
337 35.0862 16.5078
246 34.9574 16.9966
669 34.8489 17.4083
64 34.7111 17.9311
653 34.5948 18.3722
573 34.4626 18.8737
310 34.3245 19.3977
351 34.1896 19.9096
287 34.0152 20.5711
261 33.6429 21.9837
704 33.3212 23.2041
834 32.837 25.041
191 32.4591 26.4749
467 32.1676 27.5805
586 31.8527 28.7753
480 31.5341 29.9841
160 31.5341 29.9841
934 31.5341 29.9841
883 31.0483 30.1717
388 29.7061 30.6903
641 29.244 30.8689
111 29.2478 30.8874
787 29.3174 31.2312
709 29.385 31.5645
626 29.4572 31.9206
307 29.5811 32.5321
679 29.731 33.2719
664 29.8621 33.9187
811 29.9766 34.4838
549 30.0822 35.0045
612 30.1932 35.5522
824 30.3048 36.1031
78 30.5118 37.1243
205 30.9043 37.729
151 31.3733 38.4518
687 31.8299 39.1554
155 32.2777 39.8455
529 31.589 39.9195
121 30.9194 39.9915
486 30.8538 40.767
869 30.7649 41.8172
356 30.642 43.2685
525 30.4973 44.9777
929 30.3591 46.6092
603 30.3224 47.0425
876 30.2879 47.4508
461 30.2525 47.869
413 30.2267 48.175
127 30.199 48.5016
748 30.1784 48.7453
37 30.1558 49.013
403 30.1318 49.2964
913 30.1066 49.5951
956 30.0822 49.8838
142 30.0619 50.1237
655 30.0422 50.3564
11 30.0159 50.668
475 29.9869 51.0105
938 29.955 51.387
451 29.9249 51.7433
59 29.9123 51.8929
619 29.9011 52.0252
535 29.8886 52.173
302 29.8749 52.3349
397 29.8618 52.49
324 29.8462 52.6739
640 29.8317 52.8456
269 29.819 52.9959
633 29.8055 53.1556
507 29.7915 53.3211
908 29.7795 53.4626
723 29.7665 53.6166
846 29.6861 54.5667
38 29.6878 54.566
438 29.6893 54.5654
981 29.6908 54.5648
599 29.6923 54.5641
237 29.6941 54.5634
891 29.6956 54.5628
957 29.697 54.5622
720 29.6985 54.5616
735 29.7 54.561
698 29.7017 54.5603
414 30.9229 54.0609
49 31.6087 54.1836
756 32.3602 54.3181
233 33.0866 54.4481
512 33.7784 54.5717
147 33.7783 54.5725
264 33.7781 54.5733
989 33.778 54.574
522 33.7506 54.718
922 33.7213 54.8716
194 33.694 55.0149
596 33.5997 55.5097
382 33.5379 55.8338
30 33.4842 56.1155
104 33.428 56.4107
89 33.3761 56.683
34 33.3184 56.9855
510 33.2699 57.2401
688 33.2222 57.4905
508 33.173 57.7484
79 33.0842 58.2143
705 33.0074 58.6176
576 32.9375 58.9844
471 32.8648 59.3653
903 32.7813 59.8036
765 32.7101 60.1773
732 32.6387 60.5521
533 32.5633 60.9476
359 32.4793 61.3883
365 32.4049 61.7788
390 32.3316 62.1634
901 32.2621 62.5278
715 32.1923 62.8941
912 32.1251 63.2467
733 32.0528 63.6263
804 31.9847 63.9834
56 31.9083 64.384
54 31.8361 64.7628
493 31.759 65.1672
788 31.6761 65.6025
267 31.5951 66.0275
137 31.5026 66.5129
971 31.4027 67.0369
454 31.3056 67.5469
163 31.2321 67.9323
540 31.1512 68.3569
171 31.1207 68.5165
223 31.0867 68.6954
976 31.0576 68.8478
308 31.0318 68.9833
99 31.0028 69.1352
587 30.975 69.2816
604 30.9439 69.4444
658 30.915 69.5963
730 30.8879 69.7384
662 30.8603 69.8835
226 30.8333 70.0252
550 30.8069 70.1635
350 30.8069 70.1635
252 30.2637 70.1989
888 29.6361 70.2398
946 29.0883 70.2755
537 28.6528 70.3038
729 28.2196 70.332
329 27.8007 70.3593
16 27.4923 70.3794
349 27.1633 70.4008
275 26.8358 70.4222
645 26.5461 70.441
965 26.1954 70.4639
132 25.8396 70.487
501 25.5309 70.5071
897 25.1735 70.5304
739 24.8372 70.5523
726 25.2288 71.2888
168 25.6029 71.9923
326 25.9583 72.6606
635 26.3203 73.3413
608 26.6934 74.0429
927 27.0202 74.6575
88 27.3991 75.3699
954 27.5611 75.5961
296 27.712 75.8066
924 27.8358 75.9792
184 28.0056 76.2162
333 28.1821 76.4624
21 28.3475 76.6932
431 28.5215 76.9359
600 28.6946 77.1774
757 28.8954 77.4576
950 29.0728 77.7051
574 29.2816 77.9965
885 29.5088 78.3135
266 29.5615 78.3869
220 29.6197 78.4683
327 29.6844 78.5584
918 29.7689 78.6763
124 29.8288 78.7599
76 29.8937 78.8504
859 29.9546 78.9355
789 30.9167 78.8981
41 32.0905 78.8524
571 33.5127 78.797
134 35.4021 78.7235
806 35.8762 78.705
872 36.3771 78.6856
638 36.9079 78.6649
689 37.4813 78.6426
724 38.1119 78.618
878 38.6916 78.5955
591 39.3637 78.5693
80 40.8718 78.5106
294 42.3781 78.452
82 43.8575 78.3944
432 45.3647 78.3358
562 45.6298 78.3255
484 45.9203 78.3142
895 46.2152 78.3027
921 46.5091 78.2913
94 46.7934 78.2802
582 47.0801 78.269
671 47.3433 78.2588
408 47.5329 78.2514
755 47.7298 78.2437
564 47.9399 78.2356
782 48.1672 78.2267
292 48.343 78.2199
840 48.5975 78.21
193 48.9248 78.1972
642 49.258 78.1843
632 49.5908 78.1713
851 49.8977 78.1594
800 50.1611 78.0045
126 50.3854 77.8727
248 50.6148 77.7379
807 50.8528 77.598
940 51.1679 77.4128
659 51.4764 77.2315
769 51.8537 77.0097
861 52.1724 76.8224
947 52.5024 76.6284
826 52.8712 76.4116
530 53.2699 76.1773
335 53.835 75.8451
440 54.379 75.5254
12 54.7781 75.2908
880 55.1979 75.0441
855 55.6581 74.7736
9 56.1533 74.4825
563 56.6114 74.2133
280 57.3481 73.7803
668 58.2772 73.2342
378 59.0624 72.7727
832 59.9016 72.2794
625 60.8079 71.7467
987 60.9963 71.636
904 61.1992 71.5167
393 61.394 71.4023
315 61.5676 71.3002
173 61.767 71.183
112 61.9494 71.0758
595 62.15 70.9579
509 62.3269 70.8539
605 62.5139 70.7439
468 62.709 70.6293
67 62.9249 70.5024
18 63.1171 70.3894
110 63.3532 70.2507
340 63.5236 70.1505
727 63.7032 70.0449
290 63.8826 69.9394
460 64.0522 69.8398
744 64.2463 69.7257
579 64.4449 69.6089
654 64.615 69.509
238 64.7888 69.4068
51 64.9689 69.3009
68 65.1542 69.192
208 65.3304 69.0884
650 65.5431 68.9634
201 65.7494 68.8422
852 65.9033 68.7517
656 66.0432 68.6695
420 66.1464 68.6088
962 66.2449 68.5509
647 66.3458 68.4916
383 66.455 68.4274
286 60.6471 67.2378
907 59.8295 67.0703
538 58.9915 66.8987
847 58.1584 66.728
762 57.1777 66.5272
515 56.1933 66.3255
513 55.1326 66.1083
235 54.7421 66.0283
453 54.3953 65.9572
91 54.0486 65.8862
84 53.7009 65.815
798 53.3299 65.739
498 52.9805 65.6675
186 52.6787 65.6056
281 52.394 65.5473
923 52.1825 65.504
161 51.9944 65.4655
617 51.7943 65.4245
968 51.5839 65.3814
225 51.3504 65.3336
410 51.1625 65.2951
459 50.9892 65.2596
144 50.8329 65.2276
802 50.8329 65.2276
282 50.5145 65.034
676 50.1849 64.8336
810 49.8995 64.6601
857 49.5883 64.4708
894 49.1964 64.2326
101 48.8357 64.0133
964 48.5129 63.817
109 48.1522 63.5977
291 47.6698 63.3044
683 47.3267 63.0958
404 46.996 62.8947
779 46.9209 62.6267
743 46.8432 62.3492
791 46.7663 62.0748
558 46.6913 61.8072
986 46.6181 61.5457
216 46.5226 61.205
175 46.4312 60.8785
910 46.3362 60.5398
839 45.4606 57.4158
523 45.4606 57.4158
262 45.4754 55.9966
597 45.4857 55.0136
809 45.4962 54.0043
210 45.5107 52.6089
862 45.5254 51.2007
844 45.5342 50.3563
276 45.5379 49.9991
870 45.5417 49.6391
906 45.5451 49.3154
472 45.548 49.0316
492 45.5511 48.7317
716 45.5544 48.4144
843 45.5573 48.144
370 45.5601 47.8719
778 45.5634 47.5554
783 45.5751 46.4329
935 45.5816 45.811
853 45.5867 45.3234
566 45.5867 45.3234
7 45.5867 45.3234
706 45.6518 45.3323
790 45.787 45.3508
180 45.9223 45.3693
848 46.0624 45.3885
917 46.1813 45.4048
692 46.3082 45.4221
257 46.4454 45.4409
421 46.8311 45.4937
197 47.4562 45.5793
452 48.0554 45.6613
621 48.7124 45.7512
675 54.3484 46.5226
293 55.8801 46.7322
842 55.9847 46.7465
519 56.0764 46.7591
357 56.1753 46.7726
793 56.2682 46.7853
396 56.3671 46.7989
623 56.4603 46.8116
577 56.554 46.8245
945 56.6444 46.8368
644 56.7569 46.8522
66 56.8514 46.8652
35 56.9626 46.8804
594 57.0954 46.8673
85 57.2266 46.8544
70 57.3673 46.8405
342 57.4787 46.8295
69 58.4469 46.734
102 60.8017 46.5018
485 60.8017 46.5018
188 60.8017 46.5018
634 60.8017 46.5018
232 60.8017 46.5018
117 60.8017 46.5018
45 60.8017 46.5018
670 60.8017 46.5018
323 60.8017 46.5018
606 60.8017 46.5018
926 60.8017 46.5018
553 60.8017 46.5018
358 60.5807 45.127
217 60.4069 44.0463
314 60.2321 42.9584
43 60.0683 41.9399
978 59.9058 40.929
875 59.7356 39.8702
930 59.5342 38.6173
377 59.337 37.3908
63 59.1462 36.2043
6 58.7053 33.4628
828 58.3659 31.3516
289 57.9983 29.066
419 58.0963 28.918
164 58.1854 28.7834
250 58.2728 28.6515
555 58.3711 28.503
19 58.4652 28.361
209 58.59 28.1725
819 58.7359 27.9522
581 58.8606 27.7639
831 58.9581 27.6166
959 59.0636 27.4573
785 59.1546 27.32
458 59.26 27.1608
821 59.3975 26.9531
865 59.5236 26.7626
873 59.6912 26.5096
777 59.8722 26.2363
681 59.9735 26.0832
781 60.1128 25.8729
751 60.2516 25.6633
355 60.4061 25.43
27 60.9392 24.6249
55 61.9431 23.109
103 67.0494 15.3981
721 68.2179 15.8133
504 69.2252 16.1713
295 70.2047 16.5193
24 71.3096 16.9119
176 72.5186 17.3415
598 74.6843 18.1111
