0,103,819,777,581,504,721,598,295,24,176,751,419,209,959,19,681,821,555,6,458,250,781,164,27,55,785,865,831,314,935,873,355,358,377,634,217,197,594,43,828,191,917,862,664,257,7,160,790,421,529,480,853,586,289,278,834,934,310,407,653,467,261,287,379,518,702,626,246,902,822,824,221,307,899,704,709,669,284,602,26,254,64,573,337,915,363,787,351,883,111,354,486,869,439,643,836,943,121,474,488,348,674,8,588,881,812,722,187,412,682,629,258,61,963,646,362,331,673,572,74,133,268,299,211,366,741,794,958,514,10,4,710,661,402,641,455,898,700,328,770,228,86,32,283,125,985,87,731,303,936,677,565,352,222,972,505,214,938,384,148,489,909,527,46,100,182,423,157,858,123,616,863,771,496,663,463,128,57,805,749,708,212,330,652,499,764,691,116,949,542,341,797,534,142,174,47,154,122,849,166,312,336,218,34,451,758,772,192,908,841,78,391,990,205,65,373,476,549,829,475,612,811,151,413,508,49,748,783,687,38,37,913,535,388,525,269,640,324,302,438,279,543,633,655,403,11,397,723,698,679,414,688,929,876,844,566,692,522,621,276,498,512,370,923,194,452,101,237,597,63,989,155,619,706,930,262,978,356,342,85,492,843,127,875,848,945,66,472,922,264,623,716,69,870,906,461,147,778,186,281,533,471,35,793,625,161,577,396,286,519,188,847,523,617,632,986,484,810,791,84,440,538,647,383,583,485,852,152,334,420,509,767,67,110,941,173,962,595,293,579,837,460,964,867,393,515,727,762,340,112,931,315,987,109,907,654,904,51,18,895,744,378,668,68,468,238,395,317,605,968,216,282,12,208,179,259,530,857,769,582,802,82,91,880,832,855,563,9,432,671,94,335,755,659,245,894,294,940,782,319,636,369,690,861,118,562,437,305,140,40,320,536,343,129,564,229,561,280,826,814,921,513,800,840,171,248,126,976,642,193,540,163,134,226,80,576,732,459,779,558,743,765,56,175,365,225,809,104,596,807,350,662,903,21,359,252,308,270,124,410,912,804,798,291,144,910,404,453,676,724,180,683,715,235,891,137,267,603,54,788,30,545,839,210,411,422,552,965,720,705,756,59,89,233,956,510,957,901,79,507,729,382,493,398,888,587,645,327,604,924,574,333,16,537,789,689,189,614,872,571,132,701,266,927,526,296,730,599,275,600,635,501,81,349,479,329,846,735,99,658,390,601,591,878,971,697,130,733,326,443,726,400,272,981,717,234,925,747,531,347,589,897,131,482,162,500,77,445,784,114,680,950,184,796,429,346,374,168,830,734,113,760,739,524,703,97,966,970,220,630,361,879,939,948,376,196,639,207,825,780,88,487,224,503,371,321,502,339,219,728,556,517,667,991,14,457,554,551,433,338,665,119,381,657,255,628,427,694,607,686,799,277,3,946,58,495,608,431,886,298,560,712,13,50,615,860,240,178,759,905,546,75,90,982,890,300,637,325,1,462,364,868,944,988,213,301,711,169,203,736,247,426,547,914,718,304,803,792,153,446,444,31,973,108,969,955,916,380,405,557,815,95,48,316,719,585,570,892,106,263,39,401,199,953,386,115,753,17,435,750,436,568,447,693,827,678,699,236,288,200,244,138,306,714,610,470,773,141,256,768,761,441,631,808,871,360,521,833,430,491,253,36,76,918,696,469,271,954,428,638,806,550,757,93,651,223,885,859,490,44,15,919,672,424,60,456,409,399,418,368,933,593,227,442,776,249,183,454,578,41,695,20,569,265,649,92,416,448,28,752,230,613,786,72,167,960,73,120,611,2,215,394,139,96,392,548,795,974,766,231,738,172,877,866,22,146,53,150,181,707,874,763,559,449,292,539,165,389,309,156,241,980,575,737,774,532,882,713,23,511,618,961,541,5,177,887,62,105,202,516,952,206,239,434,375,367,567,947,851,816,746,313,856,185,911,344,624,415,754,584,801,896,408,406,464,544,992,481,285,477,251,984,52,297,494,893,725,417,648,740,318,823,149,145,666,158,273,465,622,42,135,817,775,845,353,813,937,742,854,820,580,71,620,983,928,322,818,685,473,889,159,864,25,372,900,332,450,660,311,528,204,385,975,83,201,290,977,932,650,684,497,242,506,107,884,198,136,170,967,387,838,951,592,835,675,190,656,70,926,842,102,850,478,942,466,29,425,323,143,195,606,357,745,45,644,274,117,232,609,920,553,670,520,590,33,98,483,345,260,243,627,979,
value : 466.848 running time : 82.976862
0 80 20
103 66.9455 15.4322
819 66.542 16.0122
777 66.2414 16.4441
581 65.9433 16.8727
504 65.6624 17.2763
721 65.4028 17.6495
598 64.7049 18.6525
295 64.0455 19.6002
24 63.4174 20.5029
176 62.7824 21.4155
751 60.32 24.9539
419 59.6589 25.904
209 59.0825 26.7325
959 58.7794 27.168
19 58.4024 27.7099
681 58.2047 27.994
821 58.0324 28.2417
555 57.8536 28.4986
6 57.6768 28.7527
458 57.4785 29.0377
250 57.3085 29.282
781 57.1574 29.4991
164 56.9992 29.7266
27 56.8364 29.9605
55 56.678 30.1881
785 56.5129 30.4254
865 56.3524 30.6561
831 56.2033 30.8704
314 56.0293 31.1205
935 55.6566 31.2736
873 55.5798 31.3051
355 55.5004 31.3377
358 55.4205 31.3705
377 55.3337 31.4062
634 55.2456 31.4424
217 55.1531 31.4804
197 54.7945 31.4808
594 54.5095 31.4812
43 54.1908 31.4816
828 50.8734 31.4859
191 45.3132 31.4925
917 42.2843 31.4964
862 40.1899 31.4991
664 36.8783 31.5032
257 36.8664 31.1546
7 36.8553 30.8263
160 36.8429 30.4595
790 36.8316 30.127
421 36.8186 29.742
529 36.8055 29.3564
480 36.7916 28.9456
853 36.7669 28.2178
586 36.7388 27.3915
289 36.7092 26.5173
278 36.6797 25.6501
834 36.6448 24.6223
934 36.6053 23.4573
310 36.5652 22.2799
407 36.5288 21.2065
653 36.5082 20.6005
467 36.489 20.034
261 36.4618 19.2299
287 36.4308 18.3174
379 36.4048 17.5525
518 36.3578 16.1705
702 34.0615 17.4024
626 33.4231 17.7449
246 32.8106 18.0736
902 32.2322 18.384
822 31.9258 18.5484
824 31.5882 18.7295
221 31.2799 18.895
307 31.028 19.0301
899 30.7765 19.1651
704 30.6102 19.2543
709 30.4056 19.3641
669 30.2211 19.4631
284 30.0102 19.5763
602 29.8162 19.6804
26 29.649 19.7701
254 29.4437 19.8802
64 29.2653 19.976
573 29.0971 20.0662
337 28.9 20.172
915 28.6726 20.294
363 28.4867 20.3938
787 28.263 20.5138
351 28.0802 20.6119
883 27.8486 20.7361
111 27.5942 20.8726
354 27.2945 21.0334
486 27.0299 21.1754
869 26.8126 21.292
439 26.0257 20.9689
643 25.2919 20.6675
836 24.6068 20.3861
943 24.1557 20.2008
121 23.7335 20.0274
474 20.564 18.7256
488 17.5682 17.4951
348 16.5059 17.0588
674 15.5563 16.6687
8 14.8011 16.3586
588 13.9029 15.9896
881 13.0216 15.6276
812 12.2881 15.3264
722 12.2709 15.7695
187 12.2425 16.4987
412 12.2242 16.9705
682 12.207 17.4121
629 12.1898 17.8554
258 12.1674 18.4313
61 12.1505 18.8658
963 12.1316 19.3503
646 12.1153 19.7705
362 12.0959 20.2691
331 12.0748 20.8099
673 12.0547 21.3271
572 12.0351 21.8317
74 12.0168 22.3008
133 11.9995 22.7458
268 11.9839 23.1469
299 11.9694 23.5199
211 11.9559 23.8683
366 11.9291 24.5571
741 11.8804 25.8097
794 11.821 27.3353
958 11.7648 28.7806
514 11.7506 29.1451
10 11.736 29.5206
4 11.7236 29.8404
710 11.7104 30.1778
661 11.6975 30.5111
402 11.683 30.8826
641 11.6661 31.3192
455 11.6477 31.7909
898 11.6233 32.4195
700 11.5327 34.7486
328 11.4577 36.6745
770 11.4492 36.8948
228 11.4409 37.1075
86 11.4332 37.3053
32 11.4022 38.1012
283 11.3716 38.8891
125 11.3418 39.6546
985 11.3084 40.5122
87 11.2696 41.5108
731 11.2229 42.7097
303 11.1763 43.9074
936 11.1506 44.568
677 11.1265 45.1867
565 11.1203 45.3458
352 11.1188 45.3857
222 11.1173 45.4252
972 11.1155 45.4699
505 11.114 45.5098
214 11.1124 45.5506
938 11.1111 45.5832
384 11.11 45.6123
148 11.1086 45.6472
489 11.1071 45.6848
909 11.1058 45.72
527 11.1044 45.7551
46 11.1033 45.7846
100 11.1018 45.8223
182 11.1005 45.8561
423 11.0992 45.888
157 11.0979 45.9234
858 11.0965 45.9573
123 11.0954 45.9873
616 11.0941 46.0198
863 11.0928 46.0538
771 11.0913 46.0908
496 11.0899 46.1264
663 11.0886 46.1606
463 11.0872 46.1964
128 11.0859 46.2313
57 11.0844 46.2692
805 11.083 46.3059
749 11.0816 46.3403
708 11.0802 46.3764
212 11.079 46.4062
330 11.0777 46.4404
652 11.0762 46.4789
499 11.0747 46.5168
764 10.9698 49.2091
691 10.9675 49.2677
116 10.9654 49.323
949 10.9634 49.3749
542 10.961 49.434
341 10.9588 49.4906
797 10.9567 49.5453
534 10.9544 49.6052
142 10.9521 49.6642
174 10.9497 49.7244
47 10.9473 49.7866
154 10.945 49.8444
122 10.9425 49.9095
849 11.2178 50.1167
166 11.6428 50.4368
312 12.0804 50.7663
336 12.6751 51.214
218 13.2315 51.6329
34 13.8352 52.0873
451 13.8352 52.0873
758 13.8352 52.0873
772 13.8352 52.0873
192 13.8352 52.0874
908 15.3856 50.8601
841 16.4806 49.9934
78 17.7435 48.9937
391 18.7173 48.2229
990 19.6319 47.4989
205 20.6159 46.7201
65 20.645 46.6971
373 20.6707 46.6767
476 21.572 45.9631
549 22.4861 45.2393
829 22.7934 44.9961
475 23.1077 45.1887
612 23.3907 45.3621
811 23.7193 45.5634
151 24.0361 45.7575
413 24.3539 45.9523
508 24.6451 46.1307
49 24.9308 46.3058
748 25.1405 46.4343
783 25.3641 46.5713
687 25.5704 46.6977
38 25.778 46.8249
37 25.98 46.9487
913 26.2018 47.0846
535 26.4067 47.2101
388 26.6206 47.3411
525 26.8426 47.4772
269 27.0734 47.6186
640 27.2911 47.752
324 27.2911 47.752
302 27.2911 47.752
438 27.2911 47.752
279 27.2911 47.752
543 27.5206 47.7401
633 27.7374 47.7289
655 27.9606 47.7174
403 28.1915 47.7055
11 28.4393 47.6927
397 28.6751 47.6805
723 28.9101 47.6684
698 29.1541 47.6558
679 30.6248 47.5798
414 31.957 47.5109
688 33.3786 47.4375
929 35.1756 47.3446
876 37.5607 47.2214
844 40.4704 47.0711
566 40.6679 47.0609
692 40.8713 47.0504
522 41.0744 47.0399
621 41.2899 47.0288
276 41.4981 47.0181
498 41.6827 47.0085
512 41.8353 47.0006
370 41.9852 46.9929
923 42.1595 46.9839
194 42.3079 46.9762
452 42.464 46.9682
101 42.6179 46.9602
237 42.759 46.9529
597 42.9225 46.9445
63 43.0752 46.9366
989 43.2033 46.93
155 43.3497 46.9224
619 43.4852 46.9154
706 44.1233 46.8825
930 46.2309 46.7737
262 46.1629 47.0295
978 46.0981 47.2738
356 45.9216 47.9382
342 45.7523 48.5756
85 45.5898 49.1872
492 45.5774 49.2338
843 45.5646 49.2821
127 45.5513 49.3324
875 45.5403 49.3738
848 45.5277 49.4211
945 45.515 49.4691
66 45.5032 49.5134
472 45.4886 49.5685
922 45.4735 49.6252
264 45.4601 49.6756
623 45.4494 49.7161
716 45.4382 49.7582
69 45.4255 49.8062
870 45.4131 49.8528
906 45.3996 49.9035
461 45.3842 49.9615
147 45.3703 50.0138
778 45.6241 50.4743
186 46.3118 51.7216
281 46.939 52.8596
533 47.5341 53.939
471 48.1302 55.0205
35 48.7228 56.0955
793 49.2149 56.9881
625 49.6857 57.8422
161 50.1047 58.6024
577 50.4938 59.3083
396 50.88 60.0089
286 51.2909 60.7544
519 51.7015 61.4992
188 52.3031 62.5907
847 53.0148 63.8816
523 53.0148 63.8816
617 53.4946 63.9262
632 53.9504 63.9685
986 54.4022 64.0104
484 54.8872 64.0554
810 56.1991 64.1773
791 57.4637 64.2947
84 58.926 64.4305
440 60.6176 64.5877
538 62.4195 64.755
647 64.3222 64.9318
383 66.3675 65.1219
583 66.3675 65.1219
485 66.2312 65.2462
852 66.1069 65.3597
152 65.9729 65.4819
334 65.8451 65.5985
420 65.666 65.7619
509 65.4696 65.9411
767 65.3238 66.0741
67 65.1511 66.2316
110 64.9919 66.3769
941 64.8243 66.5298
173 64.5763 66.7561
962 64.3569 66.9562
595 64.1335 67.1601
293 63.9068 67.3669
579 63.6731 67.5801
837 63.337 67.8868
460 62.9869 68.2061
964 62.6973 68.4703
867 62.4159 68.727
393 62.1028 69.0127
515 61.7825 69.305
727 61.4663 69.5935
762 61.1407 69.8905
340 60.8161 70.1867
112 60.4606 70.511
931 60.1275 70.8148
315 60.0013 70.93
987 59.88 71.0407
109 59.7591 71.151
907 59.6515 71.2492
654 59.5214 71.3678
904 59.3879 71.4896
51 59.2508 71.6147
18 59.1045 71.7482
895 58.9614 71.8787
744 58.873 71.9594
378 58.7696 72.0538
668 58.6768 72.1384
68 58.5786 72.228
468 58.4688 72.3281
238 58.3611 72.4264
395 58.2334 72.5429
317 58.1202 72.6462
605 58.0274 72.7309
968 57.9285 72.8212
216 57.8262 72.9145
282 57.4782 73.2319
12 56.8589 73.7969
208 56.3976 74.2177
179 55.8363 74.7297
259 55.4097 75.1188
530 55.0601 75.4378
857 54.9299 75.5566
769 54.791 75.6833
582 54.6485 75.8133
802 54.4947 75.9535
82 54.3454 76.0897
91 54.2289 76.196
880 54.0992 76.3143
832 53.9827 76.4206
855 53.8526 76.5393
563 53.7106 76.6688
9 53.5919 76.777
432 53.4634 76.8943
671 53.3266 77.0191
94 53.1823 77.1507
335 53.0349 77.2851
755 52.8799 77.4266
659 52.7371 77.5568
245 52.6132 77.6698
894 52.4925 77.7799
294 52.3591 77.9017
940 52.2376 78.0125
782 52.1156 78.1238
319 51.9797 78.2477
636 51.8608 78.3562
369 51.7455 78.4614
690 51.62 78.5759
861 51.5107 78.6756
118 51.3991 78.7774
562 49.4064 78.9827
437 47.7346 79.1549
305 47.1746 79.2127
140 47.1251 79.1997
40 47.074 79.1864
320 47.0164 79.1713
536 46.96 79.1566
343 46.9007 79.1411
129 46.843 79.126
564 46.6827 78.9136
229 46.5394 78.7237
561 46.3429 78.4632
280 46.1613 78.2225
826 45.958 77.9532
814 45.7615 77.6927
921 45.5176 77.3695
513 45.2762 77.0495
800 45.0531 76.7539
840 44.773 76.3826
171 44.4892 76.0064
248 44.2761 75.7241
126 44.0521 75.4272
976 43.7829 75.0704
642 43.5516 74.7638
193 43.2629 74.3812
540 42.922 73.9295
163 42.5933 73.4938
134 42.3155 73.1256
226 42.0332 72.7515
80 41.7425 72.3662
576 41.443 71.9693
732 41.2575 71.7234
459 41.129 71.5531
779 41.0019 71.3846
558 40.8666 71.2054
743 40.7358 71.032
765 40.5893 70.8378
56 40.456 70.6612
175 40.3227 70.4845
365 40.1916 70.3107
225 40.065 70.143
809 39.9227 69.9544
104 39.8144 69.8109
596 39.717 69.6818
807 39.6246 69.5593
350 39.3675 69.2186
662 39.0969 68.8599
903 38.8011 68.468
21 38.8011 68.468
359 38.8011 68.468
252 38.8011 68.468
308 38.8011 68.468
270 38.8011 68.468
124 38.8011 68.468
410 38.8263 67.8889
912 38.8501 67.3395
804 38.8698 66.8846
798 38.8891 66.4393
291 38.8891 66.4393
144 38.8891 66.4393
910 38.8891 66.4393
404 38.8891 66.4393
453 38.8891 66.4393
676 38.519 64.9734
724 38.1397 63.4714
180 37.5801 61.2577
683 37.5801 61.2577
715 37.5801 61.2577
235 37.5801 61.2577
891 37.3263 61.3339
137 37.0638 61.4127
267 36.8314 61.4825
603 36.6163 61.5471
54 36.4021 61.6114
788 36.1649 61.6826
30 35.9551 61.7456
545 35.7238 61.8151
839 35.5365 61.8713
210 35.3439 61.9292
411 29.9016 63.5635
422 29.5933 63.656
552 29.5723 63.6623
965 29.5521 63.6684
720 29.5312 63.6747
705 29.5101 63.681
756 29.4901 63.687
59 29.4693 63.6932
89 29.4493 63.6993
233 29.4274 63.7058
956 29.4068 63.712
510 29.311 64.191
957 29.2006 64.7428
901 29.0929 65.2815
79 28.9855 65.8183
507 28.8713 66.3896
729 28.7479 67.0063
382 28.6145 67.6737
493 28.4693 68.3995
398 28.2698 69.3971
888 28.2795 69.5367
587 28.2878 69.6547
645 28.2963 69.7765
327 28.3057 69.911
604 28.3152 70.0477
924 28.3236 70.1682
574 28.3326 70.2973
333 28.3418 70.4293
16 28.3503 70.5502
537 28.3581 70.6623
789 28.366 70.7751
689 28.3741 70.8915
189 28.3822 71.0083
614 28.3822 71.0083
872 28.1283 70.9624
571 27.8698 70.9156
132 27.5989 70.8665
701 27.3587 70.8231
266 27.1472 70.7848
927 26.9241 70.7444
526 26.7078 70.7053
296 26.5059 70.6687
730 26.2474 70.622
599 25.9717 70.572
275 25.6952 70.522
600 25.4386 70.4756
635 25.1863 70.4299
501 24.9367 70.3847
81 24.6484 70.3325
349 24.4178 70.2908
479 24.1686 70.2457
329 23.9308 70.2027
846 23.711 70.1629
735 23.4897 70.1228
99 23.2743 70.0838
658 23.0557 70.0443
390 22.8382 70.0049
601 22.6035 69.9624
591 22.401 69.9258
878 22.1624 69.8826
971 21.6109 69.7828
697 21.0768 69.6861
130 20.4043 69.5644
733 19.8185 69.4583
326 19.1435 69.3362
443 18.4735 69.2149
726 17.7291 69.0802
400 16.9334 68.9362
272 16.183 68.8004
981 15.4707 68.6714
717 13.3145 68.2816
234 12.0441 68.0517
925 11.5111 67.9553
747 11.4927 68.055
531 11.4752 68.1492
347 11.4568 68.2484
589 11.439 68.3449
897 11.4196 68.4493
131 11.385 68.636
482 11.3485 68.8328
162 11.312 69.0301
500 11.2773 69.2173
77 11.2462 69.3848
445 11.2116 69.5716
784 11.1785 69.7503
114 11.1422 69.9465
680 11.1041 70.1519
950 11.0655 70.3605
184 11.0284 70.5603
796 10.9966 70.732
429 10.9659 70.898
346 10.9342 71.0691
374 10.9022 71.2414
168 10.8706 71.412
830 10.8416 71.5688
734 10.8416 71.5688
113 10.8416 71.5688
760 10.8416 71.5688
739 10.8416 71.5688
524 10.8416 71.5688
703 10.8416 71.5688
97 10.8416 71.5688
966 10.8416 71.5688
970 10.8416 71.5688
220 10.8416 71.5688
630 10.8416 71.5688
361 10.8416 71.5688
879 10.8416 71.5688
939 10.8416 71.5688
948 10.8387 71.6323
376 10.836 71.6908
196 10.833 71.7546
639 10.8259 71.9097
207 10.8195 72.0494
825 10.8133 72.1841
780 10.8072 72.3168
88 10.8014 72.4423
487 10.7965 72.5491
224 10.7919 72.6502
503 10.7871 72.7551
371 10.7822 72.8617
321 10.7763 72.9899
502 10.7712 73.0996
339 10.7656 73.2213
219 10.761 73.3222
728 10.7554 73.4448
556 10.7503 73.5555
517 10.7456 73.6577
667 10.7403 73.7716
991 10.7348 73.8909
14 10.7298 74.0013
457 10.724 74.128
554 10.7184 74.2493
551 10.7136 74.3538
433 10.7088 74.4575
338 10.7045 74.5508
665 10.6997 74.655
119 10.6948 74.7617
381 10.6896 74.8748
657 10.6842 74.9937
255 10.679 75.1062
628 10.6725 75.2472
427 10.668 75.3457
694 10.6629 75.4567
607 10.6576 75.5711
686 10.6522 75.6885
799 10.6469 75.8043
277 10.6336 76.0929
3 10.6198 76.3936
946 10.5453 78.0156
58 10.4426 80.2512
495 10.4192 80.7614
608 10.3993 81.1945
431 10.3789 81.6365
886 10.358 82.0909
298 10.337 82.5471
560 10.2759 83.8768
712 10.2045 85.429
13 10.1704 86.1699
50 10.1651 86.2869
615 10.1603 86.3902
860 10.1548 86.5096
240 10.1485 86.646
178 10.1426 86.7764
759 10.1364 86.9107
905 10.1302 87.0451
546 10.1242 87.1754
75 10.1182 87.3058
90 10.112 87.442
982 10.105 87.5941
890 10.099 87.725
300 10.091 87.899
637 10.083 88.0726
325 10.0756 88.2326
1 10.0672 88.4151
462 10.0591 88.5914
364 10.0523 88.7412
868 10.045 88.899
944 10.0387 89.0368
988 10.013 89.5965
213 10.0632 89.5926
301 10.1367 89.5869
711 10.2058 89.5815
169 10.2728 89.5763
203 10.3423 89.5709
736 10.4102 89.5657
247 10.481 89.5602
426 10.5442 89.5553
547 10.6098 89.5502
914 10.6808 89.5447
718 10.7534 89.539
304 10.8249 89.5335
803 10.8908 89.5284
792 10.9585 89.5231
153 11.0304 89.5175
446 11.1037 89.5118
444 11.1736 89.5064
31 11.2469 89.5007
973 11.3145 89.4955
108 11.379 89.4905
969 11.4462 89.4852
955 11.5185 89.4796
916 11.585 89.4745
380 11.6418 89.4701
405 11.7077 89.465
557 11.7819 89.4592
815 11.8491 89.454
95 11.9163 89.4488
48 11.9827 89.4436
316 12.0442 89.4388
719 12.104 89.4342
585 12.1647 89.4295
570 12.2342 89.4241
892 12.3126 89.418
106 12.3822 89.4126
263 12.4577 89.4067
39 12.534 89.4008
401 12.6163 89.3944
199 12.6995 89.388
953 12.782 89.3816
386 12.8733 89.3745
115 12.9623 89.3676
753 13.045 89.3611
17 13.1171 89.3555
435 13.1876 89.3501
750 13.341 89.3382
436 13.492 89.3264
568 13.6435 89.3147
447 13.7952 89.3029
693 13.9548 89.2905
827 14.1149 89.2781
678 14.366 89.2586
699 14.8752 89.219
236 15.357 89.1816
288 15.8873 89.1404
200 16.3288 89.1062
244 17.4361 89.0202
138 18.44 88.9422
306 20.4674 88.7847
714 21.366 88.7149
610 22.2856 88.6435
470 23.1597 88.5756
773 23.1871 88.5735
141 23.214 88.5714
256 23.2394 88.5694
768 23.2648 88.5675
761 23.2931 88.5653
441 23.3214 88.5631
631 23.3528 88.5606
808 23.383 88.5583
871 23.4082 88.5563
360 23.4354 88.5542
521 23.4653 88.5519
833 23.4938 88.5497
430 23.5245 88.5473
491 23.5537 88.545
253 23.5848 88.5426
36 23.6142 88.5404
76 23.6436 88.5381
918 23.6748 88.5357
696 23.7021 88.5335
469 23.73 88.5314
271 23.7643 88.5287
954 23.7916 88.5266
428 23.8204 88.5244
638 23.8494 88.5221
806 23.8758 88.5201
550 23.9004 88.5181
757 23.9274 88.5161
93 23.9528 88.5141
651 23.9857 88.5115
223 24.0177 88.509
885 24.0177 88.509
859 24.0177 88.509
490 24.0177 88.509
44 24.0177 88.509
15 24.0177 88.509
919 24.0177 88.509
672 24.0177 88.509
424 24.0177 88.509
60 24.0177 88.509
456 24.0177 88.509
409 24.0177 88.509
399 24.0177 88.509
418 24.102 88.5129
368 24.1795 88.5164
933 24.2554 88.5199
593 24.3356 88.5235
227 24.4138 88.5271
442 24.591 88.5352
776 24.7966 88.5445
249 25.933 88.5963
183 27.2677 88.6571
454 28.9379 88.7333
578 29.3772 88.7532
41 29.84 88.7743
695 30.3057 88.7955
20 31.1145 88.8325
569 31.7945 88.8636
265 32.589 88.8998
649 32.589 88.8998
92 32.589 88.8998
416 32.589 88.8998
448 32.589 88.8998
28 32.589 88.8998
752 32.589 88.8998
230 32.589 88.8998
613 32.589 88.8998
786 32.589 88.8998
72 32.589 88.8998
167 32.589 88.8998
960 32.589 88.8998
73 32.589 88.8998
120 32.589 88.8998
611 32.589 88.8998
2 33.1315 88.8931
215 33.6831 88.8863
394 34.1085 88.8811
139 34.5109 88.8761
96 34.8971 88.8713
392 35.3333 88.8659
548 35.7569 88.8607
795 36.1585 88.8557
974 36.5963 88.8503
766 37.0268 88.845
231 37.381 88.8406
738 37.769 88.8358
172 38.1557 88.831
877 38.5507 88.8261
866 38.9579 88.8211
22 39.3024 88.8168
146 39.6654 88.8123
53 40.0456 88.8076
150 40.4 88.8033
181 40.9153 88.7969
707 41.4134 88.7907
874 41.9756 88.7838
763 42.468 88.7777
559 42.9395 88.7719
449 43.378 88.7664
292 43.8242 88.7609
539 44.3414 88.7545
165 44.8609 88.7481
389 45.356 88.742
309 45.8617 88.7357
156 46.4391 88.7286
241 46.9638 88.7221
980 47.7212 88.7127
575 48.3389 88.7051
737 48.6173 88.7016
774 48.8366 88.6989
532 49.0547 88.6962
882 49.2991 88.6932
713 49.5089 88.6906
23 49.7431 88.6877
511 49.8971 88.6858
618 50.0523 88.6839
961 50.1963 88.6821
541 50.3481 88.6803
5 50.5077 88.6783
177 50.7972 88.6747
887 50.9613 88.6727
62 51.1183 88.6707
105 51.2786 88.6688
202 51.4642 88.6665
516 51.6218 88.6645
952 51.7906 88.6624
206 51.9422 88.6606
239 52.1257 88.6583
434 52.3264 88.6558
375 52.506 88.6536
367 52.9068 88.6486
567 53.2951 88.6438
947 53.6011 88.6401
851 53.935 88.6359
816 54.2799 88.6317
746 54.5846 88.6279
313 54.9463 88.6234
856 55.317 88.6189
185 55.6714 88.6145
911 55.9881 88.6106
344 56.2929 88.6068
624 56.6523 88.6024
415 57.0485 88.5975
754 57.4907 88.592
584 57.9518 88.5863
801 58.3813 88.581
896 58.7828 88.576
408 59.2008 88.5709
406 59.7758 88.5638
464 61.2489 88.5456
544 62.509 88.53
992 63.4605 88.5182
481 64.446 88.506
285 65.2877 88.4956
477 66.0321 88.4864
251 66.8471 88.4764
984 67.5627 88.4675
52 68.4242 88.4569
297 69.3054 88.446
494 70.3682 88.4329
893 71.2485 88.422
725 71.72 88.4161
417 72.0363 88.4122
648 72.3787 88.408
740 72.6542 88.4046
318 72.7927 88.4029
823 72.9374 88.4011
149 73.0927 88.3992
145 73.2543 88.3972
666 73.4244 88.3951
158 73.5815 88.3931
273 73.7339 88.3913
465 73.9144 88.389
622 74.0889 88.3869
42 74.273 88.3846
135 74.4888 88.3819
817 74.5018 88.3818
775 74.5182 88.3816
845 74.5342 88.3814
353 74.5511 88.3812
813 74.5676 88.381
937 74.584 88.3808
742 74.602 88.3806
854 74.6191 88.3803
820 74.6374 88.3801
580 74.6536 88.3799
71 74.67 88.3797
620 74.6874 88.3795
983 79.1908 88.3232
928 80.9989 88.3004
322 81.681 87.4109
818 82.3703 86.5122
685 82.9584 85.7453
473 83.3656 85.2145
889 83.7889 84.6624
159 84.219 84.1017
864 84.7113 83.4597
25 85.4152 82.542
372 86.0432 81.7231
900 82.8954 75.4794
332 82.7553 75.2015
450 82.6328 74.9586
660 82.506 74.707
311 82.361 74.4195
528 82.1975 74.095
204 82.0405 73.7838
385 81.8653 73.4362
975 81.7047 73.1177
83 81.5644 72.8393
201 80.7082 71.1178
290 80.0161 69.7266
977 79.9219 65.8928
932 79.8753 63.998
650 79.8753 63.998
684 81.9392 60.6837
497 83.7767 57.733
242 83.4468 57.2128
506 83.1479 56.7418
107 82.8297 56.2401
884 82.4864 55.699
198 82.1413 55.1549
136 81.8011 54.6185
170 81.4759 54.106
967 81.0709 53.4674
387 80.7025 52.8868
838 80.3261 52.2934
951 79.9242 51.6598
592 79.4955 50.9841
835 79.1194 50.3912
675 70.8216 50.4562
190 70.8216 50.4562
656 70.8216 50.4562
70 70.8216 50.4562
926 70.8216 50.4562
842 70.8216 50.4562
102 70.8216 50.4562
850 70.8216 50.4562
478 70.8216 50.4562
942 71.1071 49.8404
466 71.3889 49.2325
29 71.6706 48.6249
425 71.9439 48.0354
323 72.2067 47.4685
143 72.4655 46.9105
195 72.7315 46.3368
606 72.9859 45.7881
357 73.2494 45.2198
745 73.5328 44.6086
45 73.7981 44.0363
644 73.7981 44.0363
274 73.7981 44.0363
117 73.7981 44.0363
232 74.1544 43.3435
609 74.5133 42.6457
920 74.8488 41.9932
553 75.2532 41.2069
670 76.2822 39.2061
520 79 33.9217
590 80.4442 31.1135
33 81.6456 28.7774
98 83.168 25.8172
483 86.1464 17.4768
345 86.0085 17.5334
260 85.8745 17.5884
243 85.5073 17.7391
627 85.0134 17.9419
979 83.6174 18.5149
