0,103,176,24,295,581,504,777,721,598,819,555,959,935,790,634,781,831,594,164,419,865,209,930,681,978,27,289,355,356,217,6,55,751,276,458,257,828,421,43,69,377,862,692,19,480,873,785,197,844,917,250,66,853,834,706,716,413,7,783,180,989,155,748,522,49,508,461,778,147,549,679,302,529,811,869,151,664,586,354,191,467,310,363,934,883,573,518,822,160,653,379,287,261,351,626,26,337,669,407,704,307,246,643,111,64,278,709,121,787,254,915,486,674,836,602,899,943,702,439,812,412,661,488,722,268,572,646,61,963,299,682,710,331,629,588,474,211,366,8,881,362,673,187,4,258,741,74,612,902,641,284,221,65,824,348,455,212,898,514,133,402,312,86,283,87,794,542,352,949,328,985,388,11,397,438,205,829,723,655,543,525,403,125,32,700,37,475,78,731,496,228,384,330,154,565,677,698,616,936,505,749,463,128,534,770,909,303,341,373,863,57,157,797,222,100,708,279,423,771,990,663,10,476,123,841,805,972,116,166,849,925,214,527,499,46,758,489,47,958,174,142,652,148,391,122,956,422,336,218,347,531,879,939,948,196,734,825,81,130,272,760,739,524,747,589,703,234,113,946,321,433,552,600,326,162,639,991,503,500,97,966,131,398,726,114,970,950,220,924,630,361,784,224,48,890,325,90,955,560,75,554,400,686,31,77,184,665,376,338,445,830,892,615,374,436,277,780,192,479,219,607,14,346,119,657,427,502,680,381,799,517,694,298,207,429,551,487,728,667,255,3,371,717,556,796,988,953,213,944,444,753,628,304,736,982,699,435,868,153,711,200,316,405,585,759,169,1,300,547,969,792,401,199,914,399,240,178,905,386,95,236,637,88,933,719,39,108,916,570,115,446,106,815,247,442,203,380,301,718,426,803,546,360,973,557,93,17,263,750,568,447,693,827,678,364,495,58,138,288,860,457,608,431,886,15,92,859,418,885,697,368,550,712,150,833,469,761,610,490,296,167,638,491,443,50,695,339,462,13,244,593,306,521,456,44,183,249,578,776,227,651,2,96,120,76,253,611,714,441,409,631,430,757,16,60,392,696,871,808,768,72,292,877,974,139,707,773,231,738,766,141,786,20,449,215,840,309,22,223,672,806,271,73,613,548,752,28,960,172,470,795,424,36,919,954,428,918,239,256,265,814,230,146,866,541,874,181,539,305,319,516,437,448,636,416,350,82,294,189,415,642,649,394,659,406,241,206,165,980,532,961,118,896,343,952,53,569,185,911,559,23,344,229,984,530,259,156,584,562,802,317,851,737,245,880,856,882,280,690,763,774,746,62,105,713,320,202,434,618,624,40,816,129,375,511,5,389,140,887,193,826,931,335,273,817,177,567,367,313,536,408,464,992,620,544,744,42,725,893,622,481,145,740,417,251,823,318,854,83,159,52,864,71,937,465,818,297,353,775,648,666,494,285,149,845,580,477,813,158,322,820,135,983,928,889,473,25,372,311,204,742,685,450,152,660,332,975,201,528,334,385,900,579,497,951,977,170,884,107,136,198,242,506,920,967,932,684,110,838,387,340,837,420,852,383,485,509,767,67,941,173,962,595,538,293,650,647,68,238,468,393,515,668,904,290,727,907,964,460,395,109,987,315,605,968,810,440,432,84,282,847,51,867,112,769,762,654,832,632,801,94,563,18,855,179,800,582,235,895,857,671,12,575,378,208,617,743,947,369,126,921,248,986,564,9,861,754,676,523,755,561,804,782,171,798,940,91,453,791,558,662,765,878,513,614,807,270,56,216,144,540,252,454,910,124,410,163,976,226,484,839,533,267,683,597,576,645,756,591,291,809,732,30,779,404,225,724,894,308,596,134,459,54,912,501,788,80,175,99,789,382,715,41,730,872,689,571,526,365,333,21,635,493,359,574,266,327,927,846,390,587,275,971,233,168,604,764,482,733,981,735,349,537,79,701,658,888,182,545,601,510,938,901,640,772,633,324,507,903,691,132,965,411,137,858,891,897,720,89,929,269,451,329,59,913,599,957,876,908,705,237,603,34,104,688,729,535,38,414,687,619,127,922,923,281,472,843,342,492,194,210,875,519,262,906,945,870,566,370,63,186,621,452,512,35,85,577,848,498,264,101,471,161,793,396,623,286,625,478,188,842,190,656,675,232,357,644,143,314,323,609,117,425,29,466,850,583,195,102,926,70,606,553,942,274,821,670,358,745,592,45,835,33,520,590,98,483,243,345,979,627,260,
value : 449.709 running time : 94.357914
0 80 20
103 66.4413 15.5833
176 66.1455 15.9224
24 65.8293 16.2848
295 65.5475 16.6078
581 65.2928 16.8998
504 65.045 17.1838
777 64.8003 17.4643
721 64.5641 17.7351
598 62.5523 20.041
819 60.1793 22.7611
555 57.5977 25.7202
959 56.1939 27.3293
935 52.1517 31.9625
790 51.1684 33.0896
634 51.0973 33.1711
781 51.0246 33.2544
831 50.9477 33.3426
594 50.8519 33.4524
164 50.7683 33.5482
419 50.6821 33.647
865 50.5852 33.758
209 50.4951 33.8613
930 50.4043 33.9654
681 50.3141 34.0689
978 50.2216 34.1748
27 50.1562 34.2498
289 50.0851 34.3313
355 50.0082 34.4194
356 49.9223 34.5179
217 49.9223 34.5179
6 49.9223 34.5179
55 49.9223 34.5179
751 49.9223 34.5179
276 49.9223 34.5179
458 49.9223 34.5179
257 49.9223 34.5179
828 49.9223 34.5179
421 49.9223 34.5179
43 49.9223 34.5179
69 49.1727 34.9374
377 48.6746 35.2163
862 47.9855 35.6019
692 47.535 35.8541
19 47.1588 36.0647
480 46.7416 36.2982
873 46.3935 36.4931
785 45.9192 36.7586
197 45.3794 37.0608
844 44.851 37.3565
917 44.2759 37.6785
250 43.7557 37.9696
66 43.1338 38.3177
853 42.4303 38.7115
834 41.7451 39.095
706 41.0463 39.4862
716 40.4726 39.8073
413 39.6656 40.259
7 39.5742 40.3102
783 39.4798 40.363
180 39.3923 40.412
989 39.3067 40.4599
155 39.2216 40.5075
748 39.132 40.5577
522 39.0531 40.6018
49 38.9703 40.6482
508 38.8901 40.6931
461 38.8126 40.7365
778 38.8126 40.7365
147 38.8126 40.7365
549 37.2256 38.6059
679 37.2256 38.6059
302 37.2256 38.6059
529 37.1887 37.5094
811 37.1553 36.5169
869 37.12 35.4664
151 37.091 34.6029
664 37.0573 33.6019
586 36.9465 30.3079
354 36.826 26.7225
191 36.7907 25.6716
467 36.7408 24.187
310 36.6799 22.3772
363 36.6304 20.9033
934 36.5991 19.9727
883 36.5586 18.7672
573 36.5147 17.4622
518 36.4735 16.2363
822 34.3563 17.4342
160 32.4646 18.5045
653 32.4646 18.5045
379 32.2362 18.5725
287 32.0145 18.6386
261 31.7714 18.7109
351 31.5143 18.7875
626 31.2561 18.8643
26 31.0087 18.938
337 30.7471 19.0159
669 30.4652 19.0998
407 30.1989 19.1791
704 29.889 19.2713
307 29.5294 19.3784
246 29.1988 19.4768
643 28.8752 19.5732
111 28.5784 19.6615
64 28.2431 19.7613
278 27.9233 19.8566
709 27.0965 20.0767
121 26.2539 20.301
787 26.2178 20.3106
254 26.1806 20.3205
915 26.1421 20.3307
486 26.1036 20.341
674 20.0617 17.9498
836 19.8472 17.8649
602 19.6206 17.7753
899 19.3471 17.667
943 19.0711 17.5578
702 17.9118 17.099
439 16.3414 16.4775
812 12.7119 15.0411
412 12.7184 15.2346
661 12.7245 15.4181
488 12.7294 15.5625
722 12.7354 15.7432
268 12.7472 16.0956
572 12.7479 16.1164
646 12.7485 16.1346
61 12.7492 16.1545
963 12.7499 16.1767
299 12.7506 16.1964
682 12.7512 16.2147
710 12.7519 16.2374
331 12.7525 16.2539
629 12.753 16.269
588 12.7536 16.2887
474 12.7543 16.3078
211 12.7548 16.3247
366 12.7554 16.3426
8 12.756 16.3596
881 12.7566 16.377
362 12.7573 16.3981
673 12.758 16.4185
187 12.7586 16.4369
4 14.2857 22.7861
258 14.4829 23.6062
741 14.7009 24.5128
74 14.9541 25.5658
612 15.3284 27.1218
902 15.3284 27.1218
641 15.3284 27.1218
284 15.3284 27.1218
221 15.3284 27.1218
65 15.3284 27.1218
824 15.3284 27.1218
348 15.2071 27.3222
455 13.8952 29.4902
212 12.4158 31.9351
898 12.0082 32.6087
514 12.0097 32.8272
133 12.0114 33.0538
402 12.013 33.2791
312 12.0161 33.7117
86 12.0178 33.9435
283 12.0196 34.1988
87 12.0213 34.4391
794 12.0231 34.68
542 12.0524 38.7677
352 12.0536 38.929
949 12.0536 38.929
328 12.0536 38.929
985 14.139 40.7058
388 16.0882 42.3666
11 16.0882 42.3666
397 16.0882 42.3666
438 16.0882 42.3666
205 16.0882 42.3666
829 16.0882 42.3666
723 16.0882 42.3666
655 16.0882 42.3666
543 16.0882 42.3666
525 16.0882 42.3666
403 15.9007 42.5429
125 15.7217 42.711
32 15.522 42.8986
700 15.315 43.093
37 15.1131 43.2827
475 14.8985 43.4843
78 14.6723 43.6968
731 14.4333 43.9213
496 14.2166 44.1249
228 13.996 44.3321
384 13.7679 44.5464
330 13.537 44.7633
154 13.3488 44.9401
565 13.1516 45.1253
677 13.0464 45.2241
698 12.9759 45.2903
616 12.9038 45.3581
936 12.8118 45.4446
505 12.7261 45.5251
749 12.6441 45.6021
463 12.5635 45.6778
128 12.4817 45.7546
534 12.4083 45.8236
770 12.3322 45.8951
909 12.2526 45.9699
303 12.1734 46.0443
341 12.1034 46.11
373 12.0312 46.1779
863 11.9604 46.2444
57 11.883 46.317
157 11.8095 46.3861
797 11.7408 46.4507
222 11.662 46.5247
100 11.5788 46.6029
708 11.5025 46.6746
279 11.4477 46.726
423 11.3892 46.781
771 11.3262 46.8402
990 11.2604 46.902
663 11.1964 46.9621
10 11.1302 47.0243
476 11.0582 47.0919
123 10.981 47.1645
841 10.9047 47.2361
805 10.8287 47.3076
972 10.7554 47.3763
116 10.6798 47.4474
166 10.6114 47.5116
849 10.5468 47.5723
925 10.5248 47.593
214 10.5248 47.593
527 10.5248 47.593
499 10.5248 47.593
46 10.5207 47.8594
758 10.5155 48.1947
489 10.5105 48.5242
47 10.5058 48.8303
958 10.5017 49.0955
174 10.4938 49.6055
142 10.4863 50.0912
652 10.4788 50.5828
148 10.4713 51.0708
391 10.4599 51.8091
122 10.4358 53.3804
956 10.4152 54.7212
422 10.3961 55.9689
336 10.3772 57.1946
218 10.3572 58.4958
347 10.3354 59.9186
531 10.3154 61.2193
879 10.2947 62.5703
939 10.2765 63.7537
948 10.2592 64.8753
196 10.2441 65.8577
734 10.2257 67.0548
825 10.2073 68.2583
81 10.2043 68.4532
130 10.2011 68.6583
272 10.1979 68.8694
760 10.1948 69.0674
739 10.1913 69.2962
524 10.1878 69.5225
747 10.1844 69.7462
589 10.1807 69.9803
703 10.1766 70.2525
234 10.1721 70.5428
113 10.1658 70.9542
946 10.1598 71.3425
321 10.1579 71.4667
433 10.156 71.5858
552 10.1542 71.703
600 10.1522 71.8375
326 10.1473 71.9021
162 10.1429 71.9612
639 10.1383 72.0225
991 10.1336 72.0858
503 10.1291 72.145
500 10.1246 72.2063
97 10.12 72.2671
966 10.1154 72.3282
131 10.1106 72.392
398 10.1056 72.4588
726 10.1006 72.5263
114 10.0962 72.5844
970 10.0916 72.647
950 10.0864 72.7162
220 10.0813 72.7835
924 10.0765 72.8485
630 10.0714 72.9166
361 10.0661 72.9874
784 10.0612 73.0518
224 10.0549 73.1366
48 10.0486 73.2201
890 10.0433 73.2913
325 10.0377 73.366
90 10.0327 73.4332
955 10.0281 73.4939
560 10.0237 73.5531
75 10.0194 73.6103
554 10.0151 73.6682
400 10.011 73.7222
686 10.0069 73.7775
31 10.0023 73.8391
77 9.99879 73.8858
184 9.99427 73.9462
665 9.99044 73.9974
376 9.98649 74.0501
338 9.98167 74.1144
445 9.97675 74.1801
830 9.97176 74.2467
892 9.96709 74.3091
615 9.96267 74.3682
374 9.95857 74.4229
436 9.95425 74.4806
277 9.95052 74.5305
780 9.94648 74.5844
192 9.94319 74.6283
479 9.93824 74.6944
219 9.9341 74.7497
607 9.92968 74.8088
14 9.92529 74.8674
346 9.92091 74.9258
119 9.91678 74.981
657 9.91247 75.0386
427 9.90823 75.0952
502 9.90387 75.1534
680 9.89954 75.2112
381 9.89523 75.2687
799 9.89087 75.327
517 9.88621 75.3892
694 9.88152 75.4519
298 9.87675 75.5156
207 9.87218 75.5767
429 9.8676 75.6378
551 9.86269 75.7033
487 9.85811 75.7645
728 9.85378 75.8223
667 9.84948 75.8797
255 9.84497 75.94
3 9.83999 76.0065
371 9.83515 76.0711
717 9.78587 76.7292
556 9.59713 79.2497
796 9.35317 82.5075
988 8.89409 88.6383
953 8.94027 88.6214
213 8.97978 88.6068
944 9.03707 88.5858
444 9.09338 88.5651
753 9.14647 88.5456
628 9.16452 88.539
304 9.18335 88.5321
736 9.20262 88.525
982 9.22294 88.5175
699 9.24281 88.5102
435 9.25936 88.5041
868 9.27736 88.4975
153 9.29737 88.4902
711 9.31663 88.4831
200 9.33632 88.4759
316 9.35689 88.4683
405 9.37532 88.4616
585 9.39499 88.4543
759 9.41533 88.4469
169 9.43504 88.4396
1 9.4552 88.4322
300 9.47403 88.4253
547 9.49339 88.4182
969 9.51302 88.411
792 9.53302 88.4036
401 9.5525 88.3965
199 9.57215 88.3893
914 9.59198 88.382
399 9.61341 88.3741
240 9.63312 88.3669
178 9.65274 88.3597
905 9.67292 88.3522
386 9.69306 88.3448
95 9.71278 88.3376
236 9.7314 88.3308
637 9.75195 88.3232
88 9.77404 88.3151
933 9.79264 88.3083
719 9.81048 88.3017
39 9.82926 88.2948
108 9.84889 88.2876
916 9.86961 88.28
570 9.8868 88.2737
115 9.90531 88.2669
446 9.92288 88.2604
106 9.9402 88.2541
815 9.96085 88.2465
247 9.98135 88.2389
442 10.0017 88.2315
203 10.019 88.2251
380 10.036 88.2189
301 10.0547 88.212
718 10.0735 88.2051
426 10.0919 88.1983
803 10.1104 88.1916
546 10.1304 88.1842
360 10.1508 88.1767
973 10.1687 88.1701
557 10.1871 88.1634
93 10.2059 88.1565
17 10.2235 88.15
263 10.2401 88.1439
750 10.2584 88.1372
568 10.284 88.1278
447 10.3086 88.1187
693 10.3335 88.1096
827 10.3579 88.1006
678 10.3861 88.0903
364 10.4168 88.079
495 10.4507 88.0665
58 10.4826 88.0548
138 10.5109 88.0444
288 10.541 88.0334
860 10.5671 88.0238
457 11.2195 88.0469
608 14.2049 88.1525
431 16.1194 88.2202
886 17.8447 88.2812
15 19.5044 88.3399
92 21.1127 88.3968
859 21.2063 88.4001
418 21.3012 88.4035
885 21.3956 88.4068
697 21.4904 88.4102
368 21.5809 88.4134
550 21.6751 88.4167
712 21.7649 88.4199
150 21.8633 88.4233
833 21.9508 88.4264
469 22.0402 88.4296
761 22.1305 88.4328
610 22.2186 88.4359
490 22.3065 88.439
296 22.3972 88.4422
167 22.4798 88.4451
638 22.5656 88.4482
491 22.6468 88.451
443 22.7322 88.4541
50 22.8218 88.4572
695 22.9126 88.4604
339 23.0071 88.4638
462 23.0989 88.467
13 23.1985 88.4705
244 23.3004 88.4741
593 23.402 88.4777
306 23.5078 88.4815
521 23.6086 88.485
456 23.7113 88.4887
44 23.8172 88.4924
183 23.9211 88.4961
249 24.0271 88.4998
578 24.1332 88.5036
776 24.2294 88.507
227 24.3388 88.5109
651 24.5528 88.5184
2 24.782 88.5265
96 24.9579 88.5327
120 25.1319 88.5389
76 25.3105 88.5452
253 25.4909 88.5516
611 25.6626 88.5577
714 25.8279 88.5635
441 26.0507 88.5714
409 26.2912 88.5799
631 26.5281 88.5882
430 26.7613 88.5965
757 27.0012 88.605
16 27.2486 88.6137
60 27.4926 88.6223
392 27.7258 88.6306
696 27.938 88.6381
871 28.1684 88.6462
808 28.4534 88.6563
768 28.7 88.665
72 29.9931 88.7108
292 31.0691 88.7488
877 31.9108 88.7786
974 32.6798 88.8057
139 32.9819 88.8164
707 33.1902 88.8238
773 33.3975 88.8311
231 33.6311 88.8394
738 33.8651 88.8476
766 34.0891 88.8556
141 34.0891 88.8556
786 34.0891 88.8556
20 34.0891 88.8556
449 34.0891 88.8556
215 34.0891 88.8556
840 34.0891 88.8556
309 34.0891 88.8556
22 34.0891 88.8556
223 34.0891 88.8556
672 34.0891 88.8556
806 34.0891 88.8556
271 34.0891 88.8556
73 34.0891 88.8556
613 34.0891 88.8556
548 34.0891 88.8556
752 34.0891 88.8556
28 34.0891 88.8556
960 34.0891 88.8556
172 34.0891 88.8556
470 34.0891 88.8556
795 34.0891 88.8556
424 34.0891 88.8556
36 34.4029 88.8363
919 34.7781 88.8133
954 35.1356 88.7914
428 35.8067 88.7503
918 36.5684 88.7036
239 37.3994 88.6526
256 38.0654 88.6118
265 38.777 88.5682
814 39.6371 88.5154
230 40.4086 88.4681
146 41.2315 88.4177
866 42.129 88.3626
541 43.0031 88.309
874 43.1057 88.187
181 43.2245 88.0458
539 43.3845 87.8556
305 43.5322 87.6799
319 43.6803 87.5038
516 43.8181 87.3399
437 43.9562 87.1756
448 44.0913 87.015
636 44.3218 86.7409
416 44.5039 86.5244
350 44.7023 86.2884
82 44.8664 86.3596
294 45.0231 86.4276
189 45.1818 86.4964
415 45.3985 86.5904
642 45.5672 86.6637
649 45.7357 86.7368
394 45.9234 86.8182
659 46.1297 86.9077
406 46.3316 86.9953
241 46.5029 87.0696
206 46.7195 87.1636
165 46.9398 87.2593
980 47.1618 87.3556
532 47.3512 87.4378
961 47.5313 87.5159
118 47.5313 87.5159
896 47.5313 87.5159
343 47.5313 87.5159
952 47.5313 87.5159
53 47.5313 87.5159
569 47.5313 87.5159
185 51.1006 88.7479
911 51.1006 88.7479
559 51.1006 88.7479
23 51.1006 88.7479
344 51.1006 88.7479
229 51.1006 88.7479
984 51.1006 88.7479
530 51.1006 88.7479
259 51.1006 88.7479
156 51.1006 88.7479
584 51.1006 88.7479
562 51.1006 88.7479
802 51.1006 88.7479
317 51.1006 88.7479
851 51.1006 88.7479
737 51.1006 88.7479
245 51.1006 88.7479
880 51.1006 88.7479
856 51.1006 88.7479
882 51.1006 88.7479
280 51.1006 88.7479
690 51.1006 88.7479
763 51.1006 88.7479
774 51.1006 88.7479
746 51.1006 88.7479
62 51.1006 88.7479
105 51.1006 88.7479
713 51.1006 88.7479
320 51.1006 88.7479
202 51.1006 88.7479
434 51.1006 88.7479
618 51.1006 88.7479
624 51.1006 88.7479
40 51.1006 88.7479
816 51.1006 88.7479
129 51.1006 88.7479
375 51.1006 88.7479
511 51.1006 88.7479
5 51.1006 88.7479
389 51.515 88.7313
140 52.0753 88.7088
887 52.6399 88.6861
193 53.1563 88.6654
826 53.8808 88.6362
931 54.9612 88.5928
335 55.8298 88.5579
273 56.7255 88.5219
817 57.4564 88.4926
177 57.8824 88.4754
567 58.3014 88.4586
367 58.7043 88.4424
313 59.1263 88.4255
536 59.5576 88.4081
408 60.1663 88.3837
464 61.9314 88.3127
992 63.658 88.2433
620 65.4504 88.1712
544 67.2004 88.1008
744 68.9117 88.032
42 69.8854 88.06
725 71.1117 88.0953
893 71.3859 88.1032
622 71.5985 88.1093
481 71.8366 88.1162
145 72.0884 88.1234
740 72.3712 88.1315
417 72.473 88.1345
251 72.5749 88.1374
823 72.6787 88.1404
318 72.7922 88.1437
854 72.9059 88.1469
83 73.0106 88.1499
159 73.1207 88.1531
52 73.2246 88.1561
864 73.3415 88.1595
71 73.4518 88.1626
937 73.5631 88.1658
465 73.676 88.1691
818 73.7907 88.1724
297 73.8905 88.1753
353 74.0065 88.1786
775 74.1305 88.1822
648 74.2598 88.1859
666 74.3713 88.1891
494 74.4903 88.1925
285 74.6016 88.1957
149 74.7185 88.1991
845 74.8421 88.2026
580 74.9692 88.2063
477 75.0849 88.2096
813 75.8948 88.2329
158 76.732 88.257
322 77.7026 88.2849
820 78.3796 88.3044
135 79.0529 88.3238
983 79.9955 88.3509
928 80.8515 88.3755
889 82.4099 86.0256
473 83.7148 84.058
25 85.2215 81.7861
372 86.2923 80.1713
311 86.2588 79.9265
204 86.2283 79.704
742 86.2009 79.5034
685 86.0757 78.5896
450 85.3706 73.4429
152 84.6299 68.0363
660 84.6299 68.0363
332 84.6299 68.0363
975 84.6299 68.0363
201 84.6299 68.0363
528 84.6299 68.0363
334 84.6299 68.0363
385 84.6299 68.0362
900 84.6299 68.0362
579 84.6299 68.0362
497 85.144 63.2451
951 83.4378 62.3134
977 83.2095 62.3089
170 83.0009 62.3049
884 82.7778 62.3005
107 82.5496 62.2961
136 82.2403 62.2901
198 81.9007 62.2835
242 81.5547 62.2768
506 81.2041 62.2699
920 80.8191 62.2624
967 80.2893 62.4481
932 79.7638 62.6323
684 79.1917 62.8328
110 78.5361 63.0626
838 77.9808 63.2573
387 76.6384 63.7277
340 73.0156 64.9972
837 72.034 65.3413
420 71.2117 65.6295
852 70.3635 65.9268
383 69.4124 66.2601
485 68.124 66.7117
509 67.8991 66.8587
767 67.7025 66.9873
67 67.4693 67.1398
941 67.2508 67.2827
173 66.9589 67.4735
962 66.7055 67.6392
595 66.4561 67.8023
538 66.2047 67.9667
293 65.9455 68.1362
650 65.6861 68.3058
647 65.4104 68.4861
68 65.1401 68.6629
238 64.8636 68.8437
468 64.571 69.035
393 64.3594 69.1734
515 64.1332 69.3213
668 63.9148 69.4641
904 63.7016 69.6035
290 63.4883 69.743
727 63.2727 69.884
907 63.0563 70.0255
964 62.8153 70.183
460 62.5845 70.334
395 62.3542 70.4846
109 62.1469 70.6201
987 61.9557 70.7452
315 61.7583 70.8743
605 61.5748 70.9943
968 61.3874 71.1168
810 61.2168 71.2283
440 61.0118 71.3624
432 60.798 71.5022
84 60.6018 71.6305
282 60.4001 71.7624
847 60.2287 71.8745
51 60.0582 71.986
867 59.8707 72.1086
112 59.6589 72.2471
769 59.4727 72.3689
762 59.2923 72.4868
654 59.1052 72.6091
832 58.8951 72.7465
632 58.6897 72.8808
801 58.5027 73.0031
94 58.3078 73.1306
563 58.1193 73.2539
18 58.0846 73.2765
855 58.0477 73.3006
179 58.0106 73.3249
800 57.979 73.3456
582 57.9465 73.3668
235 57.9131 73.3887
895 57.8802 73.4102
857 57.8503 73.4298
671 57.8205 73.4492
12 57.7894 73.4696
575 57.7598 73.4889
378 57.7306 73.508
208 57.7001 73.5279
617 57.6668 73.5497
743 57.6352 73.5704
947 55.3011 75.6883
369 55.0918 75.8782
126 54.8689 76.0805
921 54.6509 76.2782
248 54.4246 76.4836
986 54.2287 76.6613
564 54.0171 76.8533
9 53.8501 77.0049
861 53.6574 77.1797
754 53.4699 77.3498
676 48.5957 74.2483
523 47.9225 73.82
755 47.3774 73.4732
561 46.7941 73.102
804 46.1669 72.703
782 45.8553 72.5047
171 45.4536 72.2491
798 45.1663 72.0663
940 45.1663 72.0663
91 45.1663 72.0663
453 45.1663 72.0663
791 45.1663 72.0663
558 44.5638 71.8123
662 43.9928 71.5717
765 43.55 71.385
878 43.1996 71.2373
513 42.9226 71.1205
614 42.5963 70.983
807 42.2976 70.8571
270 41.9383 70.7057
56 41.6098 70.5672
216 41.3139 70.4424
144 40.8868 70.2624
540 40.43 70.0699
252 39.9438 69.8649
454 39.4815 69.6701
910 39.462 69.4678
124 39.4447 69.2886
410 39.4058 68.8862
163 39.3717 68.5321
976 39.3388 68.1918
226 39.3034 67.8248
484 39.2639 67.4149
839 39.2242 67.0035
533 39.1903 66.653
267 39.1585 66.323
683 39.1501 66.2365
597 39.141 66.1422
576 37.0979 66.611
645 34.9727 67.0987
756 32.7476 67.6093
591 32.7476 67.6093
291 32.7476 67.6093
809 32.7476 67.6093
732 32.7476 67.6093
30 32.7476 67.6093
779 32.7476 67.6093
404 32.7476 67.6093
225 32.7476 67.6093
724 32.7475 67.6093
894 32.7475 67.6093
308 32.5969 67.6911
596 32.4532 67.769
134 32.3087 67.8474
459 32.0681 67.9779
54 31.8067 68.1197
912 31.5159 68.2774
501 31.1846 68.4572
788 30.8911 68.6164
80 30.5999 68.7744
175 30.2722 68.9521
99 29.8594 69.176
789 29.4928 69.3749
382 29.1682 69.5509
715 28.831 69.7339
41 27.9644 70.2039
730 27.9038 70.1252
872 27.846 70.05
689 27.7875 69.9739
571 27.7249 69.8926
526 27.6642 69.8136
365 27.6047 69.7363
333 27.5466 69.6607
21 27.4853 69.581
635 27.4245 69.502
493 27.3607 69.4189
359 27.3043 69.3457
574 27.2481 69.2725
266 27.1882 69.1947
327 27.1257 69.1134
927 27.0648 69.0343
846 27.0031 68.954
390 26.9448 68.8783
587 26.8867 68.8027
275 26.8282 68.7266
971 26.7691 68.6497
233 26.7084 68.5708
168 26.7084 68.5708
604 26.4266 67.108
764 26.0672 65.2425
482 25.9788 64.7833
733 25.9719 64.7217
981 25.9649 64.6593
735 25.9585 64.6022
349 25.9521 64.5446
537 25.9459 64.4888
79 25.9383 64.4212
701 25.932 64.3647
658 25.9254 64.305
888 25.8181 63.3433
182 25.0587 56.5371
545 25.1075 56.5185
601 25.1483 56.5029
510 25.1924 56.4861
938 25.2323 56.4709
901 25.2737 56.455
640 25.3144 56.4395
772 25.3516 56.4253
633 25.3974 56.4078
324 25.4403 56.3914
507 25.4811 56.3758
903 25.5219 56.3602
691 25.5601 56.3456
132 25.6009 56.3301
965 25.6478 56.3122
411 25.6901 56.296
137 25.9173 56.2092
858 26.1062 56.1371
891 26.3089 56.0597
897 26.4912 55.99
720 26.6915 55.9135
89 26.9038 55.8325
929 27.0954 55.7593
269 27.2793 55.6891
451 27.4439 55.6262
329 27.6254 55.5569
59 28.0049 55.4119
913 28.3748 55.2707
599 28.7283 55.1357
957 29.0979 54.9945
876 29.4718 54.8517
908 29.7974 54.7274
705 30.1472 54.5938
237 30.5489 54.4404
603 30.9011 54.3058
34 31.2527 54.1716
104 31.7352 53.9873
688 32.1245 53.8386
729 32.5288 53.6842
535 33.0385 53.4896
38 33.6474 53.257
414 34.2304 53.0344
687 34.8268 52.8066
619 35.9642 52.6934
127 37.3577 52.5547
922 38.5904 52.432
923 39.9346 52.2982
281 40.7568 52.2164
472 41.5257 52.1398
843 42.2122 52.0715
342 42.818 52.0112
492 43.4264 51.9506
194 43.9401 51.8995
210 44.4537 51.8484
875 45.0536 51.7887
519 45.4251 51.7517
262 45.7721 51.7171
906 46.0988 51.6846
945 46.38 51.6566
870 46.6762 51.6272
566 46.9184 51.603
370 47.219 51.5731
63 47.5616 51.539
186 47.8405 51.5113
621 48.1193 51.4835
452 48.4289 51.4527
512 48.75 51.4207
35 49.0884 51.387
85 49.3899 51.357
577 49.6519 51.3309
848 49.9094 51.3053
498 50.1744 51.2789
264 50.4361 51.2529
101 50.8043 51.2162
471 51.1597 51.1809
161 52.2946 51.0679
793 53.5391 50.944
396 54.8118 50.8173
623 55.9078 50.7083
286 57.0069 50.5989
625 58.2082 50.4793
478 61.6508 50.1366
188 61.926 49.9419
842 62.2422 49.7182
190 62.5383 49.5087
656 62.8397 49.2954
675 63.1768 48.8983
232 63.4828 48.5377
357 63.7466 48.2268
644 64.0111 47.9152
143 64.2799 47.5985
314 64.5568 47.2723
323 64.8152 46.9677
609 65.0459 46.696
117 65.2269 46.4827
425 65.4271 46.2468
29 65.5593 46.0911
466 65.6802 45.9486
850 65.7846 45.8256
583 65.9089 45.6791
195 66.0561 45.5057
102 66.1301 45.4185
926 66.2158 45.3176
70 66.2943 45.2251
606 66.3815 45.1223
553 66.4628 45.0265
942 66.5457 44.9288
274 69.3594 41.6134
821 70.0974 40.7438
670 70.6195 40.1287
358 71.1809 39.4673
745 72.0174 38.4817
592 72.7915 37.5696
45 73.6924 36.5081
835 76.2369 33.5099
33 78.2712 31.1129
520 79.6519 29.4862
590 81.4572 27.359
98 83.7411 24.6679
483 86.181 17.5096
243 86.11 17.5382
345 86.0343 17.5687
979 85.9613 17.5982
627 85.8837 17.6294
260 85.8155 17.6569
