0,295,176,819,777,581,504,721,598,24,103,19,358,355,634,458,6,555,821,681,289,935,873,959,828,421,66,209,751,419,191,257,853,377,586,467,197,250,781,164,27,55,785,865,831,869,787,822,902,64,439,934,626,486,160,287,307,278,261,363,669,824,379,337,883,518,643,310,351,26,407,834,704,653,573,254,354,899,702,246,221,111,915,709,284,602,366,474,488,348,674,8,588,881,362,61,963,646,211,812,722,187,412,682,629,258,514,794,836,86,958,898,943,205,741,710,455,661,641,402,4,133,74,572,673,331,299,10,476,125,612,549,700,731,829,65,78,534,123,32,990,268,985,87,770,652,373,212,330,121,328,384,489,909,938,403,423,663,749,805,616,341,708,218,565,771,166,100,312,858,182,154,758,116,46,527,352,228,47,949,174,797,698,222,505,214,723,496,499,936,283,863,841,157,148,849,463,764,956,57,303,128,542,122,772,162,131,897,279,701,927,275,630,846,81,451,784,972,601,677,531,925,329,336,680,502,427,119,346,607,219,479,347,457,589,939,77,734,686,132,3,739,14,371,948,657,255,234,374,376,277,361,338,879,381,860,556,703,747,500,665,113,970,482,799,196,114,97,796,339,825,524,168,429,760,445,991,639,224,717,667,207,298,694,517,966,503,554,560,178,90,728,944,830,192,272,266,526,608,99,726,600,946,955,400,780,487,551,890,557,695,444,803,399,247,88,153,973,718,914,736,711,301,300,953,568,933,360,916,547,447,199,39,585,263,1,75,213,183,628,637,325,169,203,426,792,446,31,108,969,546,905,868,615,988,693,240,759,462,17,364,200,750,699,304,106,244,435,115,753,405,380,138,442,227,719,95,316,368,678,386,827,236,401,288,249,776,815,982,433,321,436,48,570,892,469,184,58,495,886,120,41,306,470,141,256,13,610,28,714,93,431,333,223,651,428,271,696,491,871,808,441,761,712,757,550,50,253,92,631,859,44,795,430,36,418,167,521,833,456,593,919,638,918,20,768,73,96,230,76,548,885,707,409,490,960,773,150,392,672,786,806,954,15,60,424,578,2,139,241,416,215,172,613,738,129,611,265,649,569,872,189,124,16,437,807,662,752,72,766,156,974,319,448,763,181,146,866,375,206,449,874,53,239,343,713,389,309,877,22,559,231,193,840,292,118,896,40,754,5,165,690,408,229,313,344,992,746,185,856,984,320,851,536,367,911,406,931,539,273,624,814,947,280,177,980,575,737,774,532,882,434,23,511,618,961,541,179,530,259,887,62,105,202,516,952,567,861,584,801,395,317,305,564,802,622,816,42,464,415,297,823,318,494,251,71,864,544,481,285,477,158,465,52,135,817,725,417,893,149,145,666,580,983,648,740,820,159,854,742,937,813,353,845,775,620,928,372,889,25,311,660,450,332,818,473,322,685,204,528,932,838,387,967,170,136,198,884,951,385,583,684,107,506,242,920,497,977,837,942,383,650,201,290,900,334,852,152,941,485,70,420,850,102,767,67,110,35,793,460,315,282,340,987,907,68,968,208,393,293,605,190,173,962,595,656,625,478,509,654,579,975,744,727,83,582,668,904,647,515,762,769,468,378,51,921,440,847,18,867,791,617,632,484,880,832,855,563,432,94,335,755,659,245,294,940,782,369,976,642,562,235,513,82,671,112,109,12,140,561,826,91,394,226,895,126,857,9,636,800,743,80,724,134,225,163,453,144,216,248,676,986,161,84,894,523,396,810,964,538,238,732,342,498,370,262,188,577,945,281,923,519,512,186,798,891,809,30,912,410,804,576,291,175,359,264,533,104,270,252,558,779,21,540,910,571,350,591,267,788,171,54,459,404,683,765,308,56,715,614,596,471,604,296,454,971,697,130,443,326,733,365,903,390,730,137,689,878,34,220,888,950,635,552,789,658,501,537,981,735,398,574,924,233,587,691,327,645,422,493,382,729,507,79,901,957,510,756,705,720,965,411,633,543,599,508,413,545,839,142,475,89,391,908,349,59,655,862,11,566,929,688,679,397,706,194,414,438,302,324,640,525,269,876,151,913,619,748,811,388,535,37,38,687,917,603,237,452,664,989,461,522,922,778,180,210,127,480,155,783,49,7,529,69,870,790,844,906,716,843,848,692,147,621,930,356,276,492,101,597,85,286,978,623,43,217,63,594,875,472,606,675,842,926,425,143,195,323,553,670,466,592,745,609,45,274,117,644,232,314,357,29,835,520,590,33,98,979,260,483,627,345,243,
value : 446.695 running time : 104.301125
0 80 20
295 73.4077 17.9215
176 71.5664 17.3407
819 70.3964 16.9717
777 69.6441 16.7345
581 69.0758 16.5552
504 68.5509 16.3897
721 68.0032 16.2169
598 67.4382 16.0387
24 66.8422 15.8507
103 66.1983 15.6477
19 55.3907 26.8209
358 54.4868 27.7555
355 54.2602 27.838
634 54.0443 27.9166
458 53.8318 27.994
6 53.6355 28.0654
555 53.4206 28.1437
821 53.2237 28.2154
681 52.9832 28.3029
289 52.751 28.3874
935 52.5386 28.4648
873 52.368 28.5269
959 52.1993 28.5883
828 51.681 28.777
421 51.0883 28.9928
66 50.6603 29.1486
209 50.2923 29.2826
751 49.922 29.4173
419 49.5282 29.5607
191 49.0397 29.7386
257 49.0397 29.7386
853 49.0397 29.7386
377 49.0397 29.7386
586 48.9614 29.7071
467 48.8929 29.6795
197 48.833 29.6555
250 48.7699 29.6301
781 48.7107 29.6063
164 48.6386 29.5773
27 48.5729 29.5509
55 48.5023 29.5225
785 48.4276 29.4925
865 48.35 29.4612
831 48.2693 29.4288
869 34.56 23.9163
787 34.2322 23.7845
822 33.9079 23.6541
902 33.5522 23.511
64 33.5522 23.511
439 33.5522 23.511
934 33.5522 23.511
626 33.5522 23.511
486 33.5522 23.511
160 33.8339 22.6649
287 34.171 21.6524
307 34.2826 21.317
278 34.4081 20.9403
261 34.636 20.2556
363 34.8715 19.5485
669 35.0702 18.9515
824 35.1869 18.6013
379 35.3607 18.0792
337 35.5907 17.3884
883 35.8124 16.7224
518 36.056 15.9909
643 35.1985 16.8551
310 34.8911 17.165
351 34.5666 17.492
26 34.2184 17.843
407 33.8745 18.1896
834 33.4695 18.5978
704 33.1898 18.547
653 32.9242 18.4987
573 31.7225 18.2803
254 30.4313 18.0458
354 29.49 17.8747
899 28.6915 17.7296
702 28.113 17.6244
246 27.5683 17.5254
221 27.0262 17.4268
111 26.4698 17.3257
915 25.6327 17.1735
709 24.823 17.0263
284 23.8151 16.8431
602 22.7363 16.6471
366 21.2656 16.3797
474 20.1306 16.1734
488 18.9818 15.9646
348 17.9146 15.7706
674 16.9663 15.5983
8 16.2454 15.4672
588 15.3936 15.3124
881 14.5729 15.1632
362 13.8897 15.039
61 13.2814 14.9285
963 12.9508 14.8684
646 12.9508 14.8684
211 12.9508 14.8684
812 12.9508 14.8684
722 12.9355 15.2289
187 12.8085 18.2197
412 12.7919 18.6089
682 12.7759 18.9836
629 12.7589 19.381
258 12.6014 23.0789
514 12.4897 25.6978
794 12.4591 26.414
836 12.43 27.0948
86 12.3985 27.8332
958 12.3806 28.2522
898 12.3806 28.2522
943 12.5373 28.8443
205 12.6945 29.4385
741 12.7402 29.611
710 12.7938 29.8139
455 12.8451 30.0075
661 12.9027 30.2251
641 12.9605 30.4436
402 13.0165 30.6554
4 13.0758 30.8794
133 13.1397 31.1209
74 13.2005 31.351
572 13.2676 31.6044
673 13.3341 31.8556
331 13.406 32.1274
299 13.5125 32.5299
10 13.6445 33.0289
476 13.7607 33.4681
125 13.8391 33.7644
612 13.9181 34.0629
549 13.9946 34.3521
700 13.8814 34.7722
731 13.7735 35.173
829 13.6897 35.4841
65 13.5886 35.8591
78 13.4757 36.2783
534 13.366 36.6856
123 13.3218 36.8494
32 13.2804 37.0033
990 13.2366 37.1659
268 13.1971 37.3124
985 13.1469 37.4988
87 13.0945 37.6931
770 13.0395 37.8973
652 12.9874 38.0908
373 12.9397 38.2679
212 12.9027 38.405
330 12.8657 38.5424
121 12.8327 38.6648
328 11.8592 42.2788
384 11.7639 42.99
489 11.6621 43.75
909 11.5758 44.3944
938 11.4953 44.9949
403 11.4822 45.0923
423 11.4692 45.1894
663 11.455 45.2956
749 11.4404 45.4046
805 11.4258 45.5138
616 11.4127 45.6117
341 11.3975 45.7252
708 11.3819 45.8414
218 11.3729 45.9086
565 11.3645 45.9713
771 11.357 46.0271
166 11.3481 46.0938
100 11.3481 46.0938
312 11.3481 46.0938
858 11.3481 46.0938
182 11.3481 46.0938
154 11.3481 46.0938
758 11.3481 46.0938
116 11.3481 46.0938
46 11.3735 46.0989
527 11.3988 46.1039
352 11.4256 46.1092
228 11.4515 46.1144
47 11.4758 46.1192
949 11.505 46.125
174 11.5303 46.13
797 11.555 46.135
698 11.5782 46.1396
222 11.5997 46.1438
505 11.6229 46.1485
214 11.6462 46.1531
723 11.6744 46.1587
496 11.3823 46.3667
499 11.0579 46.5977
936 11.0874 47.0682
283 11.1116 47.4542
863 11.1424 47.946
841 11.1771 48.4981
157 11.2098 49.0202
148 11.2415 49.5248
849 11.282 50.1706
463 11.3118 50.6442
764 11.3447 51.1694
956 11.3692 51.5589
57 11.3912 51.91
303 11.4147 52.2842
128 11.4367 52.6357
542 11.5011 53.6624
122 11.574 54.8228
772 11.7719 57.9668
162 11.9457 60.731
131 11.9979 61.5623
897 12.048 62.3609
279 12.0975 63.1485
701 12.2349 65.3341
927 12.3132 66.5795
275 12.3132 66.5795
630 12.3132 66.5795
846 12.3132 66.5795
81 12.3132 66.5795
451 12.3132 66.5795
784 12.3132 66.5795
972 12.3132 66.5795
601 12.3132 66.5795
677 12.3132 66.5795
531 12.3132 66.5795
925 12.3132 66.5795
329 12.3132 66.5795
336 12.3132 66.5795
680 12.309 66.6408
502 12.3052 66.6974
427 12.3016 66.75
119 12.298 66.8032
346 12.2943 66.8565
607 12.291 66.9061
219 12.2875 66.9566
479 12.2839 67.0106
347 12.2808 67.0563
457 12.2748 67.1442
589 12.2698 67.2181
939 12.2641 67.3013
77 12.2582 67.3874
734 12.2523 67.4747
686 12.2461 67.5656
132 12.2406 67.6463
3 12.2351 67.7275
739 12.2293 67.8119
14 12.2234 67.8986
371 12.2176 67.9844
948 12.2115 68.0739
657 12.2056 68.1605
255 12.2004 68.2372
234 12.195 68.3156
374 12.1884 68.4133
376 12.1829 68.4938
277 12.1767 68.5851
361 12.1705 68.6759
338 12.1648 68.7594
879 12.159 68.8442
381 12.1531 68.932
860 12.1469 69.0229
556 12.1412 69.1058
703 12.1362 69.1791
747 12.1308 69.2593
500 12.1242 69.355
665 12.1185 69.4388
113 12.1128 69.5232
970 12.1075 69.6009
482 12.102 69.6824
799 12.0964 69.7641
196 12.091 69.8434
114 12.0848 69.935
97 12.0781 70.0322
796 12.0714 70.1307
339 12.0651 70.224
825 12.0593 70.3088
524 12.0542 70.3835
168 12.0481 70.4726
429 12.0428 70.5517
760 12.0377 70.6261
445 12.0318 70.7125
991 12.0259 70.7993
639 12.0205 70.879
224 12.0152 70.9575
717 12.0103 71.0297
667 12.0049 71.1083
207 11.9995 71.1878
298 11.9995 71.1878
694 11.9995 71.1878
517 11.9995 71.1878
966 11.9995 71.1878
503 11.9238 73.204
554 11.8424 75.3716
560 11.8357 75.5519
178 11.8282 75.754
90 11.821 75.9453
728 11.821 75.9453
944 11.821 75.9453
830 11.821 75.9453
192 11.8211 75.9453
272 12.3983 76.4351
266 13.0076 76.9521
526 12.9816 77.0712
608 12.921 77.3486
99 12.8676 77.593
726 12.8035 77.8866
600 12.739 78.1823
946 12.6538 78.5724
955 12.5648 78.9801
400 12.4842 79.3492
780 12.3933 79.7657
487 12.3077 80.1576
551 12.2183 80.5669
890 12.1231 81.0032
557 12.0235 81.4593
695 11.9361 81.8595
444 11.8524 82.2431
803 11.7666 82.636
399 11.6916 82.9792
247 11.6147 83.3316
88 11.5441 83.6548
153 11.4622 84.0298
973 11.3825 84.3952
718 11.3174 84.6932
914 11.2483 85.01
736 11.1833 85.3073
711 11.1134 85.6277
301 11.0593 85.8756
300 11.0046 86.126
953 10.9457 86.3959
568 10.889 86.6558
933 10.8356 86.9001
360 10.7866 87.1247
916 10.7341 87.3652
547 10.6776 87.624
447 10.6201 87.8873
199 10.564 88.1442
39 10.5078 88.4016
585 10.4581 88.6296
263 10.4122 88.8398
1 10.3646 89.0578
75 10.3184 89.2696
213 10.2274 89.6864
183 10.2263 89.6915
628 10.2251 89.6971
637 10.2238 89.7029
325 10.2226 89.7084
169 10.2213 89.7145
203 10.22 89.7203
426 10.2187 89.7264
792 10.2173 89.7325
446 10.216 89.7385
31 10.2147 89.7443
108 10.2133 89.7506
969 10.212 89.7569
546 10.2108 89.7625
905 10.2094 89.7686
868 10.2079 89.7754
615 10.2068 89.7808
988 10.2054 89.7871
693 10.2475 89.7785
240 10.2881 89.7702
759 10.3287 89.7619
462 10.3723 89.753
17 10.4133 89.7447
364 10.4486 89.7374
200 10.4859 89.7298
750 10.5271 89.7214
699 10.5682 89.713
304 10.6063 89.7052
106 10.6442 89.6975
244 10.6888 89.6883
435 10.7255 89.6808
115 10.768 89.6721
753 10.8072 89.6641
405 10.8418 89.6571
380 10.8795 89.6494
138 10.9189 89.6413
442 10.9591 89.6331
227 10.9969 89.6254
719 11.0312 89.5457
95 11.0627 89.4725
316 11.0932 89.4017
368 11.122 89.3348
678 11.1502 89.2694
386 11.1796 89.2011
827 11.2073 89.1368
236 11.2386 89.064
401 11.2727 88.9847
288 11.304 88.912
249 11.3347 88.8408
776 11.3628 88.7755
815 11.3967 88.6966
982 11.4302 88.6188
433 11.4654 88.5371
321 11.7653 88.5475
436 12.0813 88.5584
48 12.4029 88.5696
570 12.7 88.5799
892 13.8198 88.6187
469 15.2219 88.6672
184 16.4255 88.7089
58 17.5446 88.7476
495 18.5848 88.7836
886 19.7735 88.8247
120 21.0138 88.8677
41 21.8147 88.8954
306 22.5471 88.9207
470 23.2592 88.9454
141 23.4144 88.9508
256 23.5646 88.956
13 23.6781 88.9599
610 23.826 88.9651
28 23.9672 88.97
714 24.0989 88.9746
93 24.2257 88.979
431 24.3815 88.9844
333 24.539 88.9898
223 24.6963 88.9953
651 24.719 88.9961
428 24.745 88.997
271 24.7695 88.9979
696 24.7913 88.9986
491 24.8133 88.9994
871 24.8374 89.0002
808 24.8648 89.0012
441 24.8885 89.002
761 24.9142 89.0029
712 24.9391 89.0037
757 24.9667 89.0047
550 24.9923 89.0056
50 25.0163 89.0064
253 25.0435 89.0073
92 25.0697 89.0082
631 25.0928 89.009
859 25.1171 89.0099
44 25.1418 89.0107
795 25.1687 89.0117
430 25.191 89.0124
36 25.2153 89.0133
418 25.2403 89.0141
167 25.2652 89.015
521 25.2877 89.0158
833 25.3117 89.0166
456 25.3365 89.0175
593 25.3635 89.0184
919 25.3944 89.0195
638 25.4197 89.0203
918 25.4435 89.0212
20 25.466 89.0219
768 25.4893 89.0227
73 25.5164 89.0237
96 25.5428 89.0246
230 25.5692 89.0255
76 25.5928 89.0263
548 25.6182 89.0272
885 25.6396 89.0279
707 25.6637 89.0288
409 25.6851 89.0295
490 25.7094 89.0304
960 25.7342 89.0312
773 25.7342 89.0312
150 25.7342 89.0312
392 25.7342 89.0312
672 25.7342 89.0312
786 25.7342 89.0312
806 25.7342 89.0312
954 25.7342 89.0312
15 25.7342 89.0312
60 26.9777 88.9665
424 28.0034 88.9132
578 29.1304 88.8545
2 30.6754 88.7741
139 32.1339 88.6982
241 32.1339 88.6982
416 32.1339 88.6982
215 32.1339 88.6982
172 32.1339 88.6982
613 32.1339 88.6982
738 32.1339 88.6982
129 32.1339 88.6982
611 32.1339 88.6982
265 34.7762 88.0807
649 34.7762 88.0807
569 34.7762 88.0807
872 34.7762 88.0807
189 34.7763 88.0807
124 34.7763 88.0807
16 34.7763 88.0807
437 35.1148 87.9869
807 35.4413 87.8964
662 35.7227 87.8184
752 36.6482 87.8505
72 37.5201 87.8809
766 38.4059 87.9117
156 38.9962 87.9322
974 39.2403 87.9407
319 39.5877 87.9528
448 39.8856 87.9632
763 40.2202 87.9748
181 40.5285 87.9855
146 40.8412 87.9964
866 41.1866 88.0085
375 41.5067 88.0196
206 41.8068 88.0301
449 42.1056 88.0405
874 42.4147 88.0512
53 42.6598 88.0598
239 42.9256 88.069
343 43.179 88.0778
713 43.428 88.0865
389 43.6637 88.0947
309 43.8964 88.1028
877 44.1351 88.1112
22 44.3978 88.1203
559 44.6883 88.1304
231 44.9374 88.1391
193 45.3765 88.1544
840 45.788 88.1687
292 46.2955 88.1864
118 46.9997 88.2109
896 47.5063 88.2286
40 47.9329 88.2435
754 48.3384 88.2576
5 48.6928 88.2699
165 49.2483 88.2893
690 49.9074 88.3122
408 50.4633 88.3316
229 51.0803 88.3531
313 51.5041 88.3678
344 51.9456 88.3832
992 52.2319 88.3931
746 52.2721 88.3945
185 52.3201 88.3962
856 52.3625 88.3977
984 52.4028 88.3991
320 52.4419 88.4005
851 52.486 88.402
536 52.5294 88.4035
367 52.5775 88.4052
911 52.6249 88.4068
406 52.666 88.4083
931 52.7136 88.4099
539 52.7522 88.4113
273 52.8033 88.413
624 52.8117 88.4133
814 52.8198 88.4136
947 52.829 88.4139
280 52.8387 88.4143
177 52.8491 88.4146
980 52.8582 88.415
575 52.8675 88.4153
737 52.8768 88.4156
774 52.8854 88.4159
532 52.8943 88.4162
882 52.9038 88.4166
434 52.9131 88.4169
23 52.9222 88.4172
511 52.931 88.4175
618 52.94 88.4178
961 52.9489 88.4181
541 52.9579 88.4184
179 52.9666 88.4187
530 52.9755 88.4191
259 52.9859 88.4194
887 52.9958 88.4198
62 53.0055 88.4201
105 53.015 88.4204
202 53.0248 88.4208
516 53.0337 88.4211
952 53.0433 88.4214
567 53.0529 88.4218
861 53.0613 88.422
584 53.0716 88.4224
801 53.0806 88.4227
395 53.0897 88.423
317 53.0985 88.4233
305 53.1064 88.4236
564 53.1148 88.4239
802 53.1172 88.424
622 56.3067 88.5348
816 57.8153 88.5869
42 59.3183 88.6389
464 60.4636 88.6785
415 61.4211 88.7115
297 63.1612 88.7718
823 64.7321 88.8261
318 66.1119 88.8739
494 67.2432 88.9129
251 67.7817 88.9315
71 68.3301 88.9504
864 68.881 88.9694
544 69.3384 88.9851
481 69.8299 89.0021
285 70.3177 89.0189
477 70.8037 89.0356
158 71.4052 89.0564
465 71.9764 89.0761
52 72.539 89.0955
135 73.2547 89.1202
817 73.4726 89.1277
725 73.772 89.138
417 74.0194 89.1465
893 74.272 89.1552
149 74.486 89.1626
145 74.7303 89.171
666 75.012 89.1807
580 75.2944 89.1904
983 75.5887 89.2006
648 75.5887 89.2006
740 75.5887 89.2006
820 75.5887 89.2006
159 75.5887 89.2006
854 75.5887 89.2006
742 75.5887 89.2006
937 75.5887 89.2006
813 75.5887 89.2006
353 75.5887 89.2006
845 75.5887 89.2006
775 75.5887 89.2006
620 75.5887 89.2006
928 80.2837 88.6896
372 86.2913 80.1756
889 86.281 80.114
25 86.2688 80.0409
311 86.2552 79.9598
660 86.2424 79.8835
450 86.2299 79.8089
332 86.2183 79.7395
818 86.208 79.6781
473 86.1985 79.6218
322 86.1883 79.5606
685 86.0414 78.6841
204 85.3263 74.4159
528 84.5324 69.6766
932 83.3767 62.7754
838 83.3375 62.5409
387 83.3013 62.325
967 83.2658 62.1129
170 83.2383 61.9492
136 83.2089 61.7733
198 83.1827 61.617
884 83.1567 61.4618
951 83.1311 61.3093
385 83.1111 61.1897
583 83.0834 61.0244
684 83.282 60.9534
107 83.4743 60.8847
506 83.6405 60.8253
242 83.8037 60.7669
920 83.9672 60.7085
497 84.1479 60.6439
977 80.3941 61.2323
837 73.0324 62.3862
942 72.5422 62.4631
383 72.1224 62.5289
650 71.6212 62.6075
201 71.173 62.6777
290 70.6753 62.7557
900 70.267 62.8197
334 69.8449 62.8859
852 69.3727 62.9599
152 68.8755 63.0378
941 68.3797 63.1156
485 67.8299 63.2017
70 67.357 63.2759
420 66.9465 63.4018
850 66.5315 63.529
102 65.9879 63.6958
767 65.4018 63.8756
67 64.7908 64.063
110 64.2106 64.2409
35 63.4321 64.4797
793 62.7595 64.686
460 62.7426 64.8445
315 62.7289 64.9728
282 62.7181 65.0742
340 62.7059 65.1879
987 62.6939 65.3005
907 62.6837 65.3963
68 62.6723 65.5025
968 62.6606 65.6123
208 62.6491 65.7197
393 62.6387 65.8178
293 62.6285 65.9125
605 62.6165 66.0247
190 62.6063 66.121
173 62.5926 66.2489
962 62.5803 66.3643
595 62.5694 66.4659
656 62.5585 66.568
625 62.4976 67.138
478 62.4266 67.8032
509 62.3449 68.5678
654 62.2732 69.2394
579 62.2058 69.8707
975 62.2058 69.8707
744 62.2058 69.8707
727 62.2058 69.8707
83 62.2058 69.8707
582 61.859 70.0376
668 61.5851 70.1694
904 61.307 70.3033
647 61.0191 70.4419
515 60.7113 70.59
762 60.3999 70.7399
769 60.0791 70.8943
468 59.8044 71.0265
378 59.5433 71.1522
51 59.2841 71.277
921 58.9602 71.4329
440 58.7178 71.5496
847 58.4577 71.6747
18 58.1923 71.8025
867 57.9327 71.9275
791 57.2885 72.2375
617 56.6419 72.5488
632 56.003 72.8563
484 55.3945 73.1492
880 54.9532 73.3616
832 54.5594 73.5512
855 54.1133 73.7659
563 53.6662 73.9811
432 53.2972 74.1587
94 52.8863 74.3565
335 52.4699 74.5569
755 52.0113 74.7777
659 51.609 74.9713
245 51.3187 75.111
294 51.0356 75.2473
940 50.7907 75.3652
782 50.5494 75.4814
369 50.2873 75.6075
976 49.9889 75.7512
642 49.7259 75.8777
562 49.4711 76.0004
235 49.2373 76.1129
513 48.9807 76.2364
82 48.7262 76.3589
671 48.5073 76.4643
112 48.2427 76.5916
109 47.9555 76.7299
12 47.6331 76.8851
140 47.2737 77.0581
561 46.9121 77.2321
826 46.6168 77.3743
91 46.3192 77.5175
394 45.9378 77.7011
226 46.0914 77.1571
895 46.2471 76.6055
126 46.4035 76.0514
857 46.5758 75.4409
9 46.734 74.8806
636 46.872 74.3919
800 47.0436 73.7841
743 47.2176 73.1675
80 47.34 72.7341
724 47.4709 72.2703
134 47.6177 71.7504
225 47.7623 71.2382
163 47.9095 70.7167
453 48.0555 70.1995
144 48.1879 69.7306
216 48.3457 69.1714
248 48.4763 68.7089
676 48.7231 67.8346
986 48.9392 67.0693
161 49.1921 66.1735
84 49.4019 65.4305
894 49.5884 64.7697
523 49.8435 63.8661
396 50.2171 62.5429
810 50.2171 62.5429
964 50.2171 62.5429
538 50.2171 62.5429
238 50.0734 62.4733
732 48.2738 61.6009
342 46.45 60.7171
498 46.4218 60.7035
370 46.3916 60.6889
262 46.367 60.6769
188 46.2905 60.6399
577 46.2058 60.5988
945 46.1123 60.5535
281 46.0288 60.513
923 45.9445 60.4722
519 45.8585 60.4305
512 44.4459 59.746
186 43.989 60.0461
798 43.1767 60.5796
891 42.2861 61.1646
809 41.7534 61.5145
30 41.2372 61.8535
912 40.7398 62.1803
410 40.2759 62.4849
804 39.7921 62.8027
576 39.2958 63.1287
291 38.774 63.4714
175 38.2795 63.7963
359 37.7901 64.1177
264 37.3661 64.3962
533 36.8347 64.7453
104 36.2692 65.1167
270 35.7105 65.4837
252 35.6245 65.5401
558 35.5513 65.5882
779 35.4604 65.6479
21 35.3578 65.7154
540 35.2639 65.777
910 35.1726 65.837
571 35.0774 65.8995
350 34.9907 65.9565
591 34.901 66.0154
267 34.8179 66.07
788 34.7286 66.1287
171 34.6441 66.1841
54 34.5591 66.24
459 34.4709 66.2979
404 34.3767 66.3598
683 34.2917 66.4156
765 34.2008 66.4753
308 34.1015 66.5406
56 34.0075 66.6023
715 33.9115 66.6654
614 33.8091 66.7326
596 33.8091 66.7326
471 33.8091 66.7326
604 31.1526 68.4306
296 29.0324 69.7863
454 28.7936 69.6584
971 28.5314 69.5179
697 28.3086 69.3985
130 28.052 69.2611
443 28.052 69.2611
326 28.052 69.2611
733 28.0627 69.1681
365 28.0723 69.0847
903 28.081 69.0098
390 28.0895 68.9356
730 28.0978 68.8637
137 28.107 68.7837
689 28.1147 68.7162
878 28.1232 68.6425
34 28.1313 68.5721
220 28.1385 68.5094
888 28.1464 68.4408
950 28.1544 68.3713
635 28.1627 68.299
552 28.1712 68.2251
789 28.1793 68.1543
658 28.1876 68.0826
501 28.1964 68.0059
537 28.2045 67.9356
981 28.2132 67.8596
735 28.2203 67.7981
398 28.2267 67.742
574 28.3917 66.302
924 28.572 64.7271
233 28.7761 62.9425
587 28.9522 61.4049
691 29.1446 59.7237
327 29.1446 59.7237
645 29.1446 59.7237
422 29.1446 59.7237
493 29.1446 59.7237
382 29.1446 59.7237
729 29.1446 59.7237
507 29.1446 59.7237
79 29.1446 59.7237
901 29.1446 59.7237
957 29.1446 59.7237
510 29.1446 59.7237
756 29.1446 59.7237
705 29.1446 59.7237
720 29.1446 59.7237
965 29.1446 59.7237
411 29.1446 59.7237
633 29.5386 58.3934
543 29.8303 57.4083
599 29.9499 57.0046
508 30.1036 56.4856
413 30.2239 56.0794
545 30.3287 55.7258
839 30.4393 55.3522
142 30.56 54.9448
475 30.6766 54.5509
89 30.7341 54.357
391 30.7955 54.1497
908 30.8555 53.947
349 30.9102 53.7622
59 31.4984 51.7761
655 32.3691 48.8358
862 32.3961 48.8188
11 32.4245 48.8008
566 32.4561 48.7809
929 32.4824 48.7642
688 32.5104 48.7466
679 32.5407 48.7274
397 32.5694 48.7093
706 32.6018 48.6889
194 32.6324 48.6696
414 32.6594 48.6525
438 32.6867 48.6353
302 32.7151 48.6174
324 32.7418 48.6005
640 32.7717 48.5816
525 32.8623 48.5244
269 32.9524 48.4675
876 33.0427 48.4105
151 33.1277 48.3569
913 33.2072 48.3067
619 33.2936 48.2521
748 33.3776 48.1991
811 33.4616 48.1461
388 33.5397 48.0968
535 33.6173 48.0477
37 33.7014 47.9947
38 33.7943 47.936
687 33.8869 47.8775
917 33.9764 47.8211
603 34.0512 47.7739
237 34.1413 47.717
452 34.2352 47.6577
664 34.3134 47.6083
989 34.3997 47.5538
461 34.4791 47.5037
522 34.5582 47.4538
922 34.6331 47.4064
778 34.7156 47.3544
180 34.8044 47.2983
210 34.8896 47.2445
127 34.973 47.1919
480 35.0611 47.1363
155 35.1426 47.0848
783 35.2163 47.0383
49 35.2949 46.9887
7 35.3839 46.9325
529 35.473 46.8762
69 40.1235 46.6063
870 41.3579 46.5345
790 41.727 46.513
844 42.1362 46.4892
906 42.4835 46.469
716 42.7828 46.4516
843 43.0626 46.4353
848 43.3339 46.4195
692 43.597 46.4042
147 43.8629 46.3887
621 45.4349 46.2972
930 47.1212 46.1991
356 47.6745 46.1669
276 48.332 46.1286
492 48.9928 46.0902
101 49.6209 46.0536
597 50.3126 46.0133
85 51.9099 45.9204
286 52.9859 45.8577
978 53.6409 45.6202
623 54.2303 45.4065
43 54.8512 45.1814
217 55.3863 44.9874
63 55.8915 44.8042
594 56.4609 44.5977
875 56.9757 44.4111
472 57.5203 44.2136
606 60.1403 43.2641
675 62.2668 42.4934
842 64.2149 41.7872
926 66.5573 40.9381
425 69.4661 39.884
143 69.4661 39.884
195 69.4661 39.884
323 69.4661 39.884
553 69.4661 39.884
670 69.4661 39.884
466 69.4661 39.884
592 69.4661 39.884
745 69.4661 39.884
609 69.4661 39.884
45 69.4661 39.884
274 69.4661 39.884
117 69.4661 39.884
644 69.8334 39.4904
232 70.3199 38.969
314 70.7974 38.4572
357 71.3246 37.8922
29 73.0548 36.0379
835 76.5747 32.2655
520 78.8949 29.779
590 80.4582 28.1035
33 81.9459 26.5092
98 83.8686 24.4486
979 85.7719 18.7749
260 86.1799 17.5589
483 86.1927 17.5207
627 85.8031 17.6767
345 85.325 17.8681
243 84.7603 18.0942
