0,176,581,721,103,598,819,295,24,785,821,55,6,27,777,504,781,959,873,831,934,930,421,935,586,555,217,314,19,978,355,906,681,751,209,865,419,43,634,917,945,828,358,458,519,644,377,262,594,85,63,623,396,577,276,472,492,844,161,69,66,870,197,498,155,210,875,194,512,793,186,923,370,597,237,101,522,342,461,621,810,35,791,625,468,286,941,340,68,595,515,538,964,293,440,188,485,647,173,767,420,762,84,832,393,743,617,650,509,67,867,18,744,395,904,378,297,782,857,12,802,940,727,582,671,9,91,800,798,248,225,134,109,676,484,523,410,986,282,605,558,632,235,769,453,804,208,415,259,126,840,294,112,179,408,564,659,513,562,561,636,406,895,94,350,280,921,193,530,880,894,432,855,404,662,968,175,144,755,540,189,976,270,689,683,912,563,779,724,291,715,308,216,839,732,30,365,471,533,459,171,80,163,41,252,443,16,60,910,226,614,56,695,587,21,326,604,886,578,757,490,76,730,360,333,266,537,697,526,574,418,872,99,888,789,454,965,897,591,596,658,571,601,349,846,501,726,81,927,635,479,132,600,640,361,971,223,275,903,645,220,507,950,359,390,327,901,788,137,524,411,878,279,130,89,720,599,729,957,59,705,233,104,267,510,576,778,809,54,324,34,765,79,756,382,735,733,603,438,493,913,908,147,38,414,679,543,664,151,269,388,655,142,619,706,688,545,413,49,397,37,475,302,78,529,391,748,11,525,876,811,535,723,549,929,783,891,508,281,922,264,848,127,843,180,566,7,452,716,191,356,989,160,467,379,257,687,164,822,862,480,853,692,261,250,289,834,278,790,653,643,518,310,287,407,626,702,602,284,669,709,704,899,307,221,824,787,902,26,573,64,254,337,111,883,351,363,915,439,869,486,661,641,402,246,348,674,673,488,881,588,8,812,211,741,366,722,646,963,61,629,65,121,514,682,412,455,331,258,4,187,86,74,299,474,268,362,354,943,836,572,829,32,958,770,283,87,985,125,990,612,205,898,710,133,794,10,700,403,328,157,749,805,57,128,463,341,423,534,182,373,476,663,771,652,330,212,708,312,100,46,527,633,352,909,489,148,384,938,214,505,972,222,698,797,174,949,47,228,499,731,863,616,123,542,858,496,691,336,849,196,784,936,218,956,422,192,565,329,122,841,531,747,981,589,347,166,758,154,116,925,303,451,677,760,764,966,948,131,338,272,739,703,772,665,376,482,799,219,939,255,77,734,114,630,224,860,686,607,667,14,717,517,381,552,879,970,429,321,780,3,946,113,701,398,346,728,560,234,554,944,955,546,436,570,657,444,178,90,298,207,371,119,892,500,374,694,31,830,905,277,615,203,97,153,991,551,445,759,556,433,240,400,75,924,162,339,639,796,550,427,502,680,487,168,825,815,503,249,585,973,263,447,982,969,495,557,364,916,1,17,718,868,699,106,316,446,95,736,380,568,719,711,637,199,401,988,399,213,48,300,169,426,803,953,301,827,435,405,462,200,750,304,547,88,244,469,693,457,325,792,138,386,628,890,39,108,914,678,58,753,115,247,776,712,933,184,491,859,288,442,521,593,456,236,696,610,227,871,833,430,44,885,15,714,409,431,651,808,93,13,608,139,611,230,613,786,72,96,183,28,271,368,50,441,806,768,631,761,919,424,296,306,649,167,73,877,253,428,638,239,22,146,181,672,231,20,392,548,795,707,960,416,448,766,129,2,265,172,256,141,773,120,974,814,866,150,206,389,470,807,36,752,918,954,124,569,53,449,92,305,801,245,851,335,952,774,319,140,367,437,947,241,5,320,215,292,165,394,738,309,156,105,874,961,532,882,40,861,816,737,887,896,536,826,690,763,746,541,118,82,642,713,539,375,559,434,511,516,343,185,23,624,344,854,980,285,817,992,52,984,251,477,575,369,911,584,754,202,618,856,313,62,229,317,931,742,481,937,864,740,177,353,579,820,813,417,845,725,893,567,580,273,620,71,465,42,622,544,464,318,158,666,145,149,823,494,648,135,322,983,928,25,473,889,685,372,450,159,660,311,528,204,900,775,290,837,385,975,51,83,332,460,987,315,110,818,152,383,852,201,654,238,847,962,668,102,656,583,478,942,842,70,907,334,926,117,143,190,553,850,838,967,951,195,884,506,932,977,198,920,136,107,170,242,387,684,497,357,675,425,606,745,29,45,323,670,466,609,592,232,835,274,33,98,590,520,243,260,627,483,345,979,
value : 488.835 running time : 56.315684
0 80 20
176 72.9024 17.6964
581 70.2358 16.8298
721 68.4569 16.2515
103 66.4196 15.5893
598 64.7569 17.4792
819 63.3073 19.1269
295 62.1968 20.3893
24 61.0181 21.7292
785 59.3637 23.6097
821 59.0693 23.9445
55 58.7948 24.2566
6 58.5394 24.5471
27 58.285 24.8363
777 58.0686 25.0824
504 57.7705 25.4214
781 56.9249 26.3827
959 56.1998 27.2071
873 55.1631 28.3857
831 54.2116 29.4675
934 52.8565 31.0078
930 52.77 31.2662
421 52.6936 31.4945
935 52.6216 31.7097
586 52.556 31.9058
555 52.7633 32.8111
217 53.0162 33.9153
314 53.1461 34.4825
19 53.1461 34.4825
978 53.1461 34.4825
355 53.1461 34.4825
906 53.1461 34.4825
681 53.1461 34.4825
751 53.1461 34.4825
209 53.1461 34.4825
865 53.1461 34.4825
419 53.1461 34.4825
43 52.6113 37.5765
634 52.2716 39.5414
917 51.8416 42.0286
945 51.8034 42.2499
828 51.7681 42.454
358 51.7242 42.708
458 51.673 43.0042
519 51.6175 43.3248
644 51.573 43.5826
377 51.3927 44.1315
262 51.1782 44.7852
594 50.9793 45.3909
85 50.7643 46.0461
63 50.5858 46.5895
623 50.4054 47.1389
396 50.2258 47.6861
577 50.0592 48.1933
276 49.9232 48.6073
472 49.7861 49.0247
492 49.6506 49.437
844 49.5147 49.8505
161 49.3514 50.3482
69 49.3443 50.3696
66 49.3369 50.3919
870 49.3286 50.4171
197 49.3198 50.4437
498 49.3099 50.4738
155 49.3019 50.4981
210 49.2932 50.5244
875 49.2855 50.548
194 49.2765 50.5752
512 49.2675 50.6025
793 49.2583 50.6305
186 49.2495 50.6571
923 49.2405 50.6843
370 49.2314 50.7118
597 49.2231 50.7371
237 49.2149 50.7621
101 49.6163 51.1439
522 49.9911 51.5003
342 50.547 52.0289
461 51.1594 52.6112
621 52.3708 53.7623
810 53.8378 55.1561
35 55.0193 56.2789
791 56.113 57.3184
625 57.1638 58.3171
468 58.1989 59.3009
286 59.2183 60.2697
941 60.3796 61.3734
340 60.3217 61.6379
68 60.2697 61.8751
595 60.2167 62.1171
515 60.1631 62.3614
538 60.1128 62.5911
964 60.058 62.8414
293 60.0062 63.0775
440 59.9501 63.3335
188 59.8999 63.5629
485 59.844 63.8181
647 59.7806 64.1072
173 59.7183 64.3915
767 59.663 64.6439
420 59.5767 65.0376
762 59.4468 65.6303
84 59.3213 66.2029
832 59.1917 66.7938
393 59.0974 67.2244
743 58.9984 67.6761
617 58.8955 68.1456
650 58.7948 68.6049
509 58.6571 69.2332
67 58.5383 69.775
867 58.4048 70.3843
18 58.231 71.1768
744 58.1034 71.759
395 58.009 72.1899
904 57.93 72.5501
378 57.8421 72.9511
297 57.7636 73.3093
782 57.3021 73.2703
857 56.8969 73.236
12 56.5245 73.2045
802 56.1332 73.1714
940 55.7823 73.1418
727 55.4906 73.1171
582 54.7816 73.0572
671 54.1101 73.0004
9 53.3658 72.9375
91 52.5568 72.8692
800 51.7998 72.8052
798 50.9461 72.7331
248 50.7782 72.7189
225 50.6095 72.7046
134 50.4509 72.6912
109 50.3074 72.679
676 50.1432 72.6651
484 49.9931 72.6524
523 49.8445 72.6398
410 49.7044 72.628
986 49.5718 72.6168
282 49.4353 72.6052
605 49.2944 72.5933
558 49.1362 72.5799
632 48.9983 72.5682
235 48.8506 72.5557
769 48.7132 72.5441
453 48.5631 72.5314
804 48.4062 72.5181
208 48.0275 73.7169
415 47.2374 76.2176
259 46.9927 76.9924
126 46.9563 77.1075
840 46.92 77.2224
294 46.8853 77.3323
112 46.852 77.4377
179 46.8109 77.5678
408 46.7721 77.6906
564 46.6466 77.5453
659 46.5279 77.4078
513 46.4017 77.2615
562 46.2817 77.1225
561 46.1633 76.9854
636 46.0519 76.8562
406 45.9345 76.7202
895 45.8042 76.5692
94 45.6734 76.4176
350 45.5403 76.2634
280 45.4193 76.1233
921 45.2835 75.966
193 45.1495 75.8107
530 45.0143 75.6541
880 44.8717 75.4888
894 44.6604 75.2441
432 44.4809 75.0361
855 44.1697 74.6757
404 43.8842 74.345
662 43.6359 74.0574
968 43.4013 73.7856
175 43.1205 73.4603
144 42.888 73.1911
755 42.6532 72.919
540 42.3876 72.6114
189 42.1267 72.3091
976 41.8558 71.9954
270 41.5825 71.6788
689 41.2986 71.35
683 41.0269 71.0352
912 40.7747 70.7431
563 40.7747 70.7431
779 40.7747 70.7431
724 40.7747 70.7431
291 40.7747 70.7431
715 40.7747 70.7431
308 40.7747 70.7431
216 40.7747 70.7431
839 38.3525 69.4629
732 38.3525 69.4629
30 38.3525 69.4629
365 38.3525 69.4629
471 38.3525 69.4629
533 37.8977 69.7126
459 37.1058 70.1475
171 36.1657 70.6637
80 35.1384 71.2278
163 33.9688 71.8701
41 32.191 72.8465
252 31.8451 73.0365
443 31.4619 73.2468
16 31.227 73.3758
60 31.0074 73.4964
910 30.7893 73.6161
226 30.5406 73.7526
614 30.2863 73.8922
56 30.0118 74.0429
695 25.4164 76.5674
587 25.4322 76.3902
21 25.4451 76.246
326 25.4549 76.1369
604 25.4651 76.0224
886 25.475 75.9112
578 25.4853 75.7966
757 25.4957 75.6798
490 25.5063 75.5612
76 25.5182 75.4279
730 25.5322 75.2714
360 25.544 75.1391
333 25.558 74.9826
266 25.5722 74.8228
537 25.5858 74.671
697 25.5991 74.522
526 25.6138 74.3572
574 25.6273 74.2062
418 25.6398 74.0662
872 25.6708 73.7194
99 25.7027 73.362
888 25.7325 73.029
789 25.7622 72.6959
454 25.7925 72.3566
965 25.8275 71.9646
897 25.8598 71.6039
591 25.8835 71.3381
596 25.9085 71.0585
658 25.9204 70.9248
571 25.9338 70.7749
601 25.9471 70.6264
349 25.9602 70.48
846 25.9723 70.3438
501 25.9838 70.215
726 25.9949 70.091
81 26.0074 69.9516
927 26.0192 69.819
635 26.0308 69.6891
479 26.0431 69.5514
132 26.0568 69.398
600 26.0689 69.2623
640 26.0825 69.1102
361 26.0932 68.9904
971 26.1053 68.8558
223 26.1165 68.7302
275 26.1596 68.2476
903 26.2036 67.7544
645 26.2446 67.2962
220 26.2792 66.9091
507 26.3227 66.4222
950 26.3585 66.0208
359 26.4041 65.5111
390 26.4485 65.0136
327 26.4909 64.5396
901 26.5377 64.0156
788 26.5821 63.5182
137 26.6241 63.0481
524 26.6638 62.6045
411 26.7089 62.0994
878 26.7596 61.5323
279 26.9837 59.0214
130 26.9837 59.0214
89 27.2687 58.7341
720 27.4973 58.5037
599 27.7394 58.2597
729 27.9882 58.009
957 28.2462 57.749
59 28.5028 57.4903
705 28.7586 57.2326
233 29.0264 56.9627
104 29.3198 56.667
267 29.5896 56.395
510 29.8652 56.1172
576 30.1572 55.8229
778 30.1714 55.5981
809 30.1825 55.4203
54 30.1944 55.2323
324 30.2083 55.0103
34 30.2215 54.8015
765 30.2355 54.5789
79 30.2527 54.3053
756 30.271 54.0131
382 30.2887 53.7316
735 30.3087 53.415
733 30.3296 53.0814
603 30.3587 52.6187
438 30.3871 52.1672
493 30.4074 51.844
913 30.4348 51.4092
908 30.4606 50.9992
147 30.4855 50.6023
38 30.5118 50.1848
414 30.5357 49.8048
679 30.558 49.4495
543 30.573 49.2113
664 30.5893 48.9531
151 30.604 48.7192
269 30.6164 48.5209
388 30.6309 48.2905
655 30.6446 48.0737
142 30.6568 47.8789
619 30.6701 47.6678
706 30.6831 47.4615
688 30.6948 47.2756
545 30.7078 47.0684
413 30.724 46.8107
49 30.7393 46.5679
397 30.755 46.3186
37 30.77 46.0802
475 30.7845 45.849
302 30.7989 45.62
78 30.8147 45.3685
529 30.8147 45.3685
391 30.8147 45.3685
748 30.8147 45.3685
11 30.8148 45.3685
525 30.8148 45.3685
876 30.8148 45.3685
811 30.8148 45.3685
535 30.8148 45.3685
723 30.8148 45.3685
549 30.8148 45.3685
929 33.2292 46.6799
783 34.1718 47.1925
891 35.1542 47.7266
508 36.1007 48.2413
281 37.2082 48.8433
922 37.424 48.9608
264 37.6402 49.0785
848 37.6765 48.5673
127 37.7089 48.1115
843 37.7436 47.6233
180 37.8425 46.2353
566 37.9559 44.6464
7 38.0636 43.1368
452 38.1552 41.8517
716 38.2551 40.451
191 38.3336 39.3487
356 38.3958 38.4754
989 38.4684 37.4561
160 38.5627 36.1338
467 38.6343 35.1275
379 38.6924 34.3113
257 38.7421 33.6113
687 38.7935 32.8884
164 38.9583 30.5824
822 38.9583 30.5824
862 38.9583 30.5824
480 38.9049 30.3186
853 38.8432 30.0137
692 38.7809 29.7057
261 38.7062 29.3362
250 38.6404 29.0111
289 38.5687 28.6567
834 38.501 28.322
278 38.4324 27.9828
790 38.3623 27.6364
653 37.0489 21.145
643 36.1815 16.8575
518 36.1908 16.0726
310 35.4551 16.4804
287 34.6993 16.8994
407 33.8299 17.3812
626 32.8161 17.943
702 31.8765 18.4637
602 31.1385 18.8728
284 30.9381 18.984
669 30.7494 19.0887
709 30.5408 19.2045
704 30.3446 19.3134
899 30.1252 19.4351
307 29.9488 19.533
221 29.7714 19.6315
824 29.6012 19.726
787 29.4359 19.8177
902 29.2733 19.908
26 29.1348 19.985
573 28.9796 20.0711
64 28.7944 20.1739
254 28.6177 20.272
337 28.4529 20.3635
111 28.2685 20.4659
883 28.0789 20.5711
351 27.8865 20.6779
363 27.6427 20.8132
915 27.3305 20.9863
439 27.0536 21.1399
869 26.7759 21.294
486 26.1238 21.0204
661 23.8169 20.0533
641 22.337 19.4328
402 20.941 18.8473
246 19.8403 18.3856
348 18.002 17.6149
674 16.6755 17.0587
673 15.8164 16.6982
488 15.0102 16.36
881 14.2264 16.0312
588 13.6551 15.7915
8 13.0961 15.557
812 12.3895 15.2605
211 12.387 15.4871
741 12.3845 15.7149
366 12.3822 15.9248
722 12.3799 16.1344
646 12.3716 16.8729
963 12.3626 17.6647
61 12.3559 18.2625
629 12.3485 18.9224
65 12.2695 25.5242
121 12.1697 25.5001
514 11.9044 25.4362
682 11.6799 25.3821
412 11.4732 25.3323
455 11.2849 25.2869
331 11.0996 25.2423
258 10.9163 25.1981
4 10.7412 25.1559
187 10.5666 25.1138
86 10.7756 25.4563
74 10.9716 25.7776
299 11.1775 26.1148
474 11.3934 26.4686
268 11.6 26.8072
362 11.7938 27.1248
354 13.0685 29.2167
943 13.0181 29.4748
836 12.9682 29.7304
572 12.9167 29.9944
829 12.8638 30.2656
32 12.8094 30.5445
958 12.7629 30.7832
770 12.7227 30.9891
283 12.7098 31.0549
87 12.6973 31.119
985 12.6846 31.1841
125 12.6717 31.2504
990 12.6589 31.3159
612 12.6467 31.378
205 12.3811 31.8534
898 12.0532 32.4401
710 12.054 32.9204
133 12.0549 33.457
794 12.0558 34.0265
10 12.0605 36.4152
700 12.0646 38.5238
403 12.0688 40.6968
328 12.0688 40.6968
157 12.3727 44.4992
749 12.3851 44.6545
805 12.3973 44.8075
57 12.4084 44.9467
128 12.4192 45.0822
463 12.4303 45.221
341 12.4411 45.3569
423 12.4515 45.487
534 12.4631 45.6327
182 12.4743 45.773
373 12.4849 45.9064
476 12.4953 46.0362
663 12.5059 46.1699
771 12.517 46.3087
652 12.5279 46.4464
330 12.5386 46.5802
212 12.5517 46.7441
708 12.5662 46.9261
312 12.5662 46.9261
100 12.5662 46.9261
46 12.5662 46.9261
527 12.5662 46.9261
633 12.5662 46.9261
352 12.426 46.9861
909 12.2878 47.0452
489 12.1568 47.1012
148 12.0378 47.1521
384 11.9054 47.2087
938 11.7849 47.2602
214 11.6367 47.3236
505 11.5172 47.3747
972 11.398 47.4257
222 11.2779 47.4771
698 11.1626 47.5264
797 11.0392 47.5791
174 10.9078 47.6353
949 10.7757 47.6918
47 10.6258 47.7559
228 10.4946 47.8121
499 10.3522 47.873
731 10.3642 48.2243
863 10.3766 48.588
616 10.3902 48.9845
123 10.405 49.4199
542 10.4215 49.9041
858 10.4374 50.3695
496 10.4528 50.8213
691 10.47 51.3254
336 10.485 51.7653
849 10.4994 52.1871
196 10.514 52.6164
784 10.5269 52.9962
936 10.5376 53.3064
218 10.5487 53.6317
956 10.5601 53.9669
422 10.5713 54.2938
192 10.5823 54.6171
565 10.5917 54.8917
329 10.6014 55.1752
122 10.6033 55.23
841 10.6052 55.2848
531 10.6075 55.3521
747 10.6097 55.416
981 10.6118 55.4769
589 10.6138 55.5354
347 10.6157 55.5927
166 10.6176 55.6466
758 10.6195 55.7027
154 10.6214 55.7575
116 10.6234 55.8152
925 10.6587 56.8542
303 10.6916 57.8203
451 10.7292 58.9269
677 10.7631 59.9233
760 10.7999 61.0058
764 10.8375 62.1126
966 10.8767 63.2651
948 10.8857 63.5301
131 10.894 63.7701
338 10.9027 64.0243
272 10.9109 64.2638
739 10.9188 64.4946
703 10.9267 64.7256
772 10.935 64.9678
665 10.9439 65.2257
376 10.952 65.4638
482 10.9606 65.7126
799 10.9688 65.9519
219 10.9771 66.1939
939 10.9852 66.4308
255 10.9938 66.6808
77 11.0023 66.9311
734 11.0111 67.1866
114 11.0199 67.4447
630 11.0292 67.7157
224 11.039 68.0006
860 11.0431 68.1222
686 11.047 68.2344
607 11.0509 68.347
667 11.0547 68.4592
14 11.0585 68.5686
717 11.0623 68.6803
517 11.0663 68.7956
381 11.0703 68.9123
552 11.0743 69.028
879 11.0783 69.1461
970 11.0825 69.267
429 11.0869 69.3945
321 11.0912 69.5208
780 11.0953 69.6395
3 11.0986 69.738
946 11.1027 69.855
113 11.1061 69.955
701 11.1095 70.0541
398 11.1128 70.1525
346 11.1165 70.2595
728 11.12 70.3629
560 11.1234 70.4629
234 11.1265 70.5518
554 11.2472 74.1268
944 11.2504 74.2215
955 11.2534 74.3072
546 11.2562 74.3906
436 11.259 74.4726
570 11.2617 74.5516
657 11.2643 74.6264
444 11.2671 74.7079
178 11.2697 74.7847
90 11.2723 74.8585
298 11.2723 74.8585
207 11.2723 74.8585
371 11.2723 74.8585
119 11.3205 75.0509
892 11.3737 75.2633
500 11.4174 75.4377
374 11.4632 75.6206
694 11.5074 75.7971
31 11.5627 76.0176
830 11.6125 76.2165
905 11.6624 76.4153
277 11.7029 76.5772
615 11.7564 76.7905
203 11.8064 76.9903
97 11.8517 77.1709
153 11.9078 77.3951
991 11.9416 77.3863
551 11.9762 77.3772
445 12.0069 77.3692
759 12.0374 77.3612
556 12.0731 77.3518
433 12.108 77.3427
240 12.1426 77.3337
400 12.1818 77.3234
75 12.2147 77.3148
924 12.2614 77.3026
162 12.1973 77.5471
339 12.128 77.8111
639 12.0589 78.0746
796 11.9907 78.3347
550 11.9215 78.5985
427 11.8517 78.8645
502 11.7695 79.1779
680 11.675 79.5382
487 11.5269 80.1027
168 11.3752 80.6813
825 11.2097 81.3121
815 11.0256 82.014
503 10.8723 82.5983
249 10.5014 84.0126
585 10.1267 85.441
973 10.0865 85.5945
263 10.0493 85.7362
447 10.0122 85.8778
982 9.97778 86.0089
969 9.94197 86.1454
495 9.90985 86.2679
557 9.87488 86.4012
364 9.84057 86.532
916 9.80814 86.6557
1 9.77192 86.7938
17 9.73713 86.9264
718 9.70222 87.0595
868 9.66613 87.1971
699 9.63511 87.3154
106 9.60077 87.4463
316 9.5713 87.5587
446 9.5381 87.6853
95 9.506 87.8076
736 9.47149 87.9392
380 9.4345 88.0803
568 9.40498 88.1928
719 9.37569 88.3045
711 9.34319 88.4285
637 9.31385 88.5403
199 9.28292 88.6583
401 9.25281 88.773
988 9.22105 88.8942
399 9.24008 88.8847
213 9.25485 88.8773
48 9.27584 88.8668
300 9.2928 88.8583
169 9.3109 88.8492
426 9.32864 88.8403
803 9.34564 88.8318
953 9.36269 88.8233
301 9.38055 88.8143
827 9.39781 88.8057
435 9.41552 88.7968
405 9.43397 88.7876
462 9.45366 88.7777
200 9.47129 88.7689
750 9.49028 88.7594
304 9.50981 88.7496
547 9.52907 88.7399
88 9.55081 88.729
244 9.56839 88.7202
469 9.58506 88.7119
693 9.59906 88.7049
457 9.6164 88.6962
325 9.6164 88.6962
792 9.6164 88.6962
138 9.6164 88.6962
386 9.6164 88.6962
628 9.6164 88.6962
890 9.6164 88.6962
39 10.1337 88.7164
108 10.724 88.7396
914 11.3223 88.7631
678 11.962 88.7882
58 12.7296 88.8186
753 13.4021 88.8451
115 14.0145 88.8691
247 14.6139 88.8927
776 15.229 88.9168
712 15.8169 88.9399
933 16.3923 88.9625
184 16.9685 88.9851
491 17.498 89.0058
859 17.9332 89.0228
288 18.3341 89.0384
442 18.7207 89.0534
521 19.1343 89.0696
593 19.4763 89.0829
456 19.8072 89.0958
236 20.1269 89.1082
696 20.5488 89.1246
610 20.9423 89.14
227 21.31 89.1542
871 21.7031 89.1696
833 22.1035 89.1852
430 22.5015 89.2007
44 22.8672 89.2149
885 23.2312 89.229
15 23.5852 89.2428
714 23.9875 89.2584
409 24.4006 89.2745
431 24.7958 89.2898
651 25.2228 89.3065
808 25.6635 89.3237
93 26.0452 89.3385
13 26.7204 89.365
608 28.3132 89.4283
139 30.4458 89.5139
611 30.4458 89.5139
230 30.4458 89.5139
613 30.4458 89.5139
786 30.4458 89.5139
72 30.4458 89.5139
96 30.4458 89.5139
183 30.4458 89.5139
28 30.4458 89.5139
271 30.4458 89.5139
368 30.4458 89.5139
50 30.4458 89.5139
441 30.4458 89.5139
806 30.4458 89.5139
768 30.4458 89.5139
631 30.6741 89.478
761 30.9124 89.4406
919 31.1693 89.4003
424 31.3943 89.365
296 31.6642 89.3226
306 31.9242 89.2818
649 32.2631 89.2286
167 32.5253 89.1874
73 32.8081 89.143
877 33.1168 89.0945
253 33.3849 89.0524
428 33.6742 89.007
638 33.9857 88.9581
239 34.3131 88.9067
22 34.3421 88.9021
146 34.3715 88.8975
181 34.4011 88.8929
672 34.4281 88.8886
231 34.4562 88.8842
20 34.4837 88.8799
392 34.5376 88.8714
548 34.5894 88.8633
795 34.6388 88.8556
707 34.6895 88.8476
960 34.7392 88.8398
416 34.7943 88.8311
448 34.8453 88.8231
766 34.8963 88.8151
129 34.9431 88.8078
2 34.9883 88.8006
265 35.0385 88.7928
172 35.0861 88.7853
256 35.1336 88.7778
141 35.1823 88.7702
773 35.2324 88.7623
120 35.2839 88.7542
974 35.3418 88.7451
814 35.399 88.7361
866 35.4485 88.7284
150 35.4916 88.7216
206 35.5452 88.7132
389 35.5946 88.7054
470 35.6419 88.698
807 35.6921 88.6901
36 35.7393 88.6827
752 35.7907 88.6746
918 35.8402 88.6668
954 35.8912 88.6588
124 36.2109 88.6086
569 37.6586 88.3815
53 39.0144 88.1688
449 40.3779 87.9549
92 41.7329 87.7424
305 45.9356 87.084
801 50.1816 86.4189
245 50.0319 86.5888
851 49.8878 86.7524
335 49.7522 86.9063
952 49.5782 87.1039
774 49.4131 87.2914
319 49.2564 87.4693
140 49.0988 87.6482
367 48.9189 87.8525
437 48.7343 88.0622
947 48.5712 88.2473
241 48.3914 88.4515
5 48.228 88.637
320 48.101 88.7811
215 47.9631 88.9377
292 47.8171 89.1035
165 47.5791 89.5355
394 47.3548 89.9425
738 47.1312 90.3484
309 47.3272 90.3146
156 47.5347 90.2788
105 47.7332 90.2446
874 47.9323 90.2103
961 48.1542 90.1721
532 48.3778 90.1336
882 48.6071 90.0941
40 48.8354 90.0548
861 49.0482 90.0181
816 49.2505 89.9833
737 49.4309 89.9522
887 49.6027 89.9225
896 49.7637 89.8947
536 49.9235 89.8672
826 50.086 89.8391
690 50.2435 89.8119
763 50.3945 89.7858
746 50.5537 89.7584
541 50.7115 89.7311
118 50.8893 89.7005
82 51.0473 89.6732
642 51.2203 89.6434
713 51.3885 89.6143
539 51.5657 89.5838
375 51.7447 89.5529
559 51.9403 89.5192
434 52.514 89.4205
511 53.0985 89.32
516 53.7184 89.2134
343 54.3537 89.1042
185 55.1159 88.9733
23 55.7873 88.8579
624 56.6354 88.7122
344 57.7222 88.5256
854 62.6579 87.6828
980 62.6579 87.6828
285 62.6579 87.6828
817 62.6579 87.6828
992 62.6579 87.6828
52 62.6579 87.6828
984 62.6579 87.6828
251 62.6579 87.6828
477 62.6579 87.6828
575 62.6579 87.6828
369 62.6579 87.6828
911 62.6579 87.6828
584 62.664 87.6808
754 62.6702 87.6786
202 62.6767 87.6764
618 62.6831 87.6742
856 62.6898 87.672
313 62.6966 87.6696
62 62.7037 87.6672
229 63.6926 87.327
317 64.8303 86.9355
931 66.0195 86.5262
742 67.2657 86.0972
481 68.1915 85.7789
937 69.0847 85.4717
864 69.9631 85.1696
740 70.7805 84.8886
177 70.8539 84.8635
353 70.9426 84.8331
579 71.0313 84.8027
820 73.3654 87.1586
813 73.4619 87.2558
417 73.5569 87.3515
845 73.6579 87.4531
725 73.7664 87.5625
893 73.8601 87.6568
567 73.9344 87.7315
580 74.0519 87.8498
273 74.0519 87.8498
620 74.0519 87.8498
71 74.0732 87.8503
465 74.092 87.8506
42 74.1109 87.851
622 74.1312 87.8514
544 74.1515 87.8518
464 74.172 87.8523
318 74.3459 87.8558
158 74.5253 87.8594
666 74.7044 87.863
145 74.8765 87.8665
149 75.0573 87.8702
823 75.7736 87.8847
494 76.7319 87.9041
648 77.6594 87.9229
135 78.5065 87.94
322 79.8316 87.9668
983 80.92 87.9887
928 81.6852 87.9832
25 83.9675 85.6544
473 84.4582 85.1536
889 84.9738 84.6274
685 85.5104 84.0797
372 86.0123 83.5674
450 84.4206 82.2942
159 84.1572 82.111
660 83.9433 81.9623
311 82.9916 81.3004
528 81.1583 80.0253
204 79.633 78.9644
900 77.1882 77.2638
775 76.2242 76.5934
290 75.2271 75.9
837 74.5149 75.4047
385 73.8701 74.9563
975 73.1803 74.4766
51 72.5284 74.0233
83 71.9314 73.6081
332 71.3201 73.1831
460 69.889 72.1878
987 69.0201 71.5835
315 68.4435 71.1825
110 68.6195 70.6469
818 68.7643 70.2063
152 68.9775 69.5576
383 69.1787 68.9453
852 69.349 68.427
201 69.5024 67.9604
654 69.6334 67.5617
238 69.7836 67.1048
847 69.9326 66.6514
962 70.1939 65.8563
668 70.474 65.0039
102 71.0128 63.3643
656 71.3617 62.3025
583 71.6716 61.3597
478 71.928 60.5794
942 72.217 59.7
842 72.5017 58.8339
70 72.5457 58.7
907 72.5873 58.5732
334 72.6363 58.4242
926 72.6884 58.2657
117 72.7369 58.118
143 72.7369 58.118
190 73.527 57.8472
553 74.5849 57.4846
850 75.6259 57.1278
838 76.7858 56.7302
967 77.6481 56.4347
951 78.5109 56.1389
195 79.0722 55.9465
884 79.6364 55.7532
506 80.0793 55.6014
932 80.4793 55.4643
977 80.9047 55.3185
198 81.3281 55.1733
920 81.7338 55.0343
136 82.1603 54.8881
107 82.5707 54.7474
170 82.9243 54.6262
242 83.2411 54.5176
387 83.5704 54.4047
684 83.9376 54.2789
497 84.3076 54.152
357 75.0631 41.8178
675 75.0742 41.749
425 75.0903 41.6486
606 75.1075 41.5414
745 75.1255 41.4297
29 75.1423 41.325
45 75.1595 41.2179
323 75.4435 40.6714
670 75.735 40.1103
466 76.0714 39.4628
609 76.4214 38.7893
592 76.7883 38.0832
232 77.2269 37.2392
835 78.1614 35.4415
274 79.1325 33.5736
33 81.0742 29.8396
98 83.1784 25.7933
590 83.2372 25.6286
520 83.3015 25.4483
243 85.7978 18.4556
260 86.1166 17.5623
627 86.1317 17.5202
483 86.147 17.4773
345 85.2048 17.8639
979 83.716 18.4748
