0,959,581,721,504,176,24,819,103,777,45,295,831,598,164,6,873,606,555,421,828,250,358,197,377,634,458,785,681,55,27,751,209,276,875,906,355,821,781,865,43,69,844,217,862,19,452,356,716,155,930,194,843,675,623,594,848,519,262,357,63,842,190,767,485,945,515,978,538,793,188,281,286,964,293,625,791,85,264,923,216,577,396,986,582,478,35,440,907,968,340,762,235,632,84,468,161,432,800,671,904,579,867,962,650,727,51,847,595,900,647,173,67,975,68,238,852,837,152,453,810,208,668,605,393,290,395,744,654,18,378,617,248,109,94,832,460,9,857,112,987,315,801,509,642,807,561,887,193,80,144,259,280,229,245,350,523,513,779,140,855,91,126,179,940,782,921,134,724,662,976,501,574,226,649,189,614,715,533,484,270,540,225,404,765,839,252,689,599,171,645,291,30,54,175,910,410,576,308,621,894,798,282,558,186,498,104,56,163,676,732,596,922,210,809,493,147,101,743,342,929,683,912,459,237,733,804,443,924,266,137,735,965,601,382,359,957,772,130,451,390,846,971,524,552,333,789,537,365,21,591,878,16,950,872,954,730,327,81,88,550,326,457,825,429,482,275,903,422,279,981,691,510,79,901,720,349,329,729,739,658,888,927,411,788,34,59,600,630,526,99,726,956,897,267,640,571,705,505,688,507,587,233,652,771,391,132,182,154,174,341,698,196,797,324,269,388,525,908,972,302,354,37,829,549,723,205,65,486,278,11,403,414,397,687,180,891,508,748,783,989,7,619,913,543,778,535,545,438,756,790,876,413,612,151,692,529,679,664,869,655,917,706,480,811,38,603,370,89,461,49,633,471,127,522,512,257,566,472,492,597,870,160,853,66,337,289,834,191,467,935,419,653,379,586,518,351,704,287,407,669,307,261,310,284,363,26,899,822,934,702,602,64,824,221,643,254,573,709,787,915,439,246,111,883,626,943,682,488,362,8,331,673,61,299,187,963,412,629,674,812,722,402,661,474,881,836,741,366,902,258,348,455,588,646,211,572,268,74,4,514,87,86,121,133,710,641,985,794,898,958,330,123,283,534,10,423,148,700,125,863,663,312,212,46,463,770,758,841,990,499,328,476,936,228,336,475,32,731,949,496,909,542,78,749,142,384,352,57,214,122,805,527,131,858,589,616,128,218,373,677,116,938,222,100,849,760,157,708,489,47,303,234,347,166,427,925,113,255,747,3,784,162,97,277,398,879,717,77,966,381,734,701,680,374,970,376,224,764,400,565,272,694,531,192,219,114,703,939,371,517,799,503,119,948,657,207,570,203,346,338,502,500,168,479,556,445,728,665,686,607,14,667,639,759,892,178,890,298,635,860,339,615,184,554,830,678,300,399,969,718,169,31,699,547,446,693,301,199,568,803,546,213,153,585,75,108,991,200,736,444,17,90,916,321,435,988,263,386,380,405,316,827,780,360,560,944,364,711,1,95,719,401,868,815,792,750,247,39,436,628,955,447,236,106,905,426,240,433,953,288,914,521,712,15,13,249,753,304,651,871,637,462,973,933,227,776,495,469,58,183,368,714,93,557,138,608,456,833,697,442,982,361,604,796,220,296,454,487,48,325,431,886,244,551,707,146,795,918,172,394,76,167,808,28,491,124,223,44,418,672,761,593,60,141,696,36,115,50,578,946,695,757,41,877,490,859,409,441,631,768,306,424,430,428,20,738,53,763,265,773,610,271,638,120,470,611,806,840,919,72,539,548,392,885,766,449,2,960,752,974,569,96,73,253,786,231,613,181,448,150,92,215,241,156,961,256,230,139,22,344,952,343,292,313,129,206,408,713,5,814,105,541,516,866,434,690,754,746,375,309,530,774,437,305,532,874,165,559,23,624,511,239,755,618,861,320,12,62,851,367,294,319,826,406,536,564,880,802,563,562,895,40,369,636,389,415,947,416,82,659,980,335,856,882,896,477,118,737,816,769,931,575,567,251,911,666,177,317,202,158,984,83,185,465,813,285,845,823,464,52,992,584,135,71,580,159,742,494,775,620,145,937,417,353,622,817,273,854,481,149,297,318,42,818,893,544,820,928,322,473,983,725,450,648,740,311,528,864,685,889,660,25,372,201,385,332,204,383,110,497,170,884,136,506,198,838,684,977,951,387,967,107,425,29,143,835,102,553,242,334,592,274,466,745,656,932,941,850,420,926,942,70,117,314,323,609,195,232,920,583,670,644,520,33,590,98,483,979,260,345,627,243,
value : 478.769 running time : 71.271073
0 80 20
959 71.6913 16.8286
581 71.048 16.5831
721 70.4513 16.3553
504 69.8607 16.1298
176 69.2421 15.8937
24 68.7024 15.6876
819 68.1287 15.4686
103 67.5118 15.2331
777 65.03 20.0019
45 61.5833 26.6245
295 61.2405 27.2832
831 60.8215 28.0882
598 60.4115 28.8762
164 59.5709 30.4915
6 58.846 31.8846
873 58.0177 33.4763
606 56.8564 35.7079
555 56.3207 36.7373
421 55.5579 38.2031
828 55.5057 38.3033
250 55.4493 38.4116
358 55.3918 38.5221
197 55.3283 38.6442
377 55.2721 38.7521
634 55.2135 38.8647
458 55.1545 38.978
785 55.0964 39.0897
681 55.0374 39.203
55 54.9804 39.3125
27 54.9156 39.4371
751 54.8485 39.5659
209 54.7802 39.6972
276 54.6877 39.8747
875 54.6121 40.02
906 54.5371 40.164
355 54.465 40.3026
821 54.3907 40.4454
781 54.2339 40.7465
865 54.0474 41.1048
43 53.7307 41.7133
69 53.3958 42.3566
844 53.0953 42.934
217 52.7921 43.5164
862 52.4586 44.157
19 52.5101 44.4133
452 52.57 44.7119
356 52.6273 44.9975
716 52.6914 45.317
155 52.7595 45.6563
930 52.8269 45.9917
194 52.9039 46.3755
843 52.9814 46.762
675 53.051 47.1087
623 53.1706 47.7042
594 53.2797 48.2483
848 53.4037 48.8659
519 53.5438 49.5638
262 53.6667 50.1764
357 53.7817 50.7493
63 53.9822 51.7483
842 54.2604 53.1342
190 54.5746 54.6995
767 54.7084 55.3664
485 54.7104 55.3764
945 54.7124 55.386
515 54.7145 55.3966
978 54.7164 55.4061
538 54.7263 55.4552
793 54.7352 55.4994
188 54.7442 55.5441
281 54.7531 55.5888
286 54.7622 55.6339
964 54.7714 55.6794
293 54.7798 55.7212
625 54.7884 55.7644
791 54.7971 55.8072
85 54.8056 55.8495
264 54.8138 55.8904
923 55.41 57.1863
216 56.1472 58.7883
577 56.7957 60.1979
396 57.5308 61.7956
986 58.6464 64.2199
582 58.7552 64.2984
478 58.8492 64.3661
35 58.9391 64.4309
440 59.0345 64.4996
907 59.1274 64.5666
968 59.2142 64.6292
340 59.317 64.7032
762 59.404 64.766
235 59.4878 64.8264
632 59.8467 65.0851
84 60.2277 65.3598
468 60.631 65.6505
161 61.0481 65.9512
432 61.547 66.3108
800 62.0352 66.6628
671 62.4292 66.9468
904 62.7996 67.2139
579 63.1658 67.4778
867 63.1658 67.4778
962 63.1658 67.4778
650 63.1658 67.4778
727 63.1658 67.4778
51 63.1658 67.4778
847 63.1658 67.4778
595 63.1658 67.4778
900 63.1658 67.4778
647 63.1658 67.4778
173 63.1658 67.4778
67 63.1658 67.4778
975 63.1658 67.4778
68 63.1658 67.4778
238 63.1658 67.4778
852 63.1658 67.4778
837 62.7593 67.7067
152 62.3385 67.9436
453 61.7077 68.2987
810 61.3547 68.4975
208 60.9824 68.7071
668 60.6381 68.9009
605 60.2756 69.105
393 59.9229 69.3036
290 59.5476 69.5149
395 59.124 69.7533
744 58.9034 69.8775
654 58.3323 70.1991
18 57.5653 70.6309
378 56.7558 71.0867
617 55.9395 71.5462
248 55.0915 72.0237
109 54.8009 72.1873
94 54.4891 72.3629
832 54.1968 72.5274
460 53.9015 72.6937
9 53.5869 72.8708
857 53.2695 73.0495
112 52.9764 73.2145
987 52.674 73.3848
315 52.3451 73.5699
801 52.014 73.7564
509 51.6228 73.9766
642 51.064 74.2912
807 50.5962 74.5546
561 50.5125 74.6017
887 50.5125 74.6017
193 50.5125 74.6017
80 50.5125 74.6017
144 50.5125 74.6017
259 50.5125 74.6017
280 50.33 74.5072
229 50.1397 74.4086
245 49.9331 74.3015
350 49.5375 74.0965
523 49.1915 73.9172
513 48.9045 73.7684
779 48.5999 73.6106
140 48.3442 73.4781
855 48.0066 73.3031
91 47.6873 73.1376
126 47.3669 72.9716
179 47.0294 72.7967
940 46.4793 72.5116
782 45.7841 72.1513
921 44.9405 71.7142
134 43.8561 71.1522
724 42.8192 70.6149
662 41.862 70.1188
976 41.0717 69.7093
501 40.1457 69.2294
574 39.8227 69.062
226 39.8227 69.062
649 39.8227 69.062
189 39.7774 68.934
614 39.6853 68.6737
715 39.5826 68.3835
533 39.4872 68.1136
484 39.4135 67.9055
270 39.3344 67.6818
540 39.2405 67.4162
225 39.1393 67.1302
404 39.036 66.8382
765 38.9259 66.5271
839 38.8287 66.2522
252 38.7538 66.0407
689 38.6458 65.7354
599 38.2796 64.7001
171 38.5092 64.4219
645 38.7342 64.1494
291 38.9675 63.8666
30 39.2038 63.5803
54 39.4249 63.3124
175 39.6386 63.0535
910 39.8574 62.7883
410 40.1126 62.4791
576 40.3531 62.1877
308 40.5744 61.9195
621 40.8523 61.5828
894 41.1035 61.2785
798 41.435 60.8767
282 41.7219 60.5292
558 41.9132 60.2973
186 42.1205 60.0461
498 42.0949 60.0498
104 42.0673 60.0539
56 42.0402 60.0578
163 42.0155 60.0614
676 41.9916 60.0648
732 41.966 60.0686
596 41.9399 60.0723
922 41.9154 60.0759
210 41.8912 60.0794
809 41.8641 60.0834
493 41.8378 60.0872
147 41.8142 60.0906
101 41.8142 60.0906
743 41.8142 60.0906
342 41.8142 60.0906
929 40.4089 60.7626
683 39.2292 61.3267
912 38.0032 61.9129
459 36.8601 62.4595
237 35.6165 63.0542
733 33.5943 64.0212
804 32.1981 64.6888
443 27.6676 66.8553
924 27.6546 66.8616
266 27.6432 66.867
137 27.6321 66.8723
735 27.6183 66.879
965 27.6049 66.8853
601 27.5915 66.8917
382 27.5796 66.8974
359 27.5675 66.9033
957 27.5539 66.9098
772 27.5394 66.9167
130 27.5261 66.9231
451 27.5147 66.9285
390 27.5031 66.9341
846 27.4896 66.9406
971 27.4765 66.9468
524 27.4626 66.9535
552 27.4502 66.9594
333 27.4378 66.9654
789 27.4251 66.9714
537 27.4125 66.9775
365 27.4006 66.9831
21 27.389 66.9887
591 27.3773 66.9943
878 27.3656 66.9999
16 27.3529 67.006
950 27.3411 67.0117
872 27.3306 67.0167
954 25.6019 67.5429
730 23.9335 68.0507
327 22.0916 68.6114
81 20.1958 69.1884
88 18.3496 69.7504
550 18.3496 69.7504
326 18.3496 69.7504
457 18.3496 69.7504
825 18.4597 69.149
429 18.5982 68.3924
482 18.7408 67.613
275 18.8755 66.877
903 19.0161 66.109
422 19.1514 65.3693
279 19.2603 64.7743
981 19.2621 64.7645
691 19.264 64.7544
510 19.2658 64.7445
79 19.2676 64.7348
901 19.2693 64.7252
720 19.2711 64.7156
349 19.2729 64.7057
329 19.2747 64.6956
729 19.2767 64.6851
739 19.2783 64.676
658 19.2799 64.6673
888 19.2818 64.6567
927 19.2838 64.6461
411 19.2858 64.6352
788 19.2879 64.6238
34 19.2898 64.6134
59 19.2916 64.6034
600 19.2931 64.5951
630 19.2949 64.5853
526 19.2966 64.5758
99 19.2984 64.5659
726 19.3003 64.5559
956 19.3026 64.5433
897 19.3044 64.5335
267 19.3062 64.5236
640 19.3062 64.5236
571 19.3062 64.5236
705 18.8854 61.3366
505 18.5211 58.5767
688 18.4158 57.7791
507 18.4158 57.7791
587 18.4158 57.7791
233 18.028 56.2921
652 17.6148 54.7077
771 17.6148 54.7077
391 17.6148 54.7077
132 17.6148 54.7077
182 17.9425 54.0983
154 18.2511 53.5247
174 18.5342 52.9982
341 18.7952 52.5129
698 19.0639 52.0134
196 19.322 51.5335
797 19.7833 50.6758
324 20.1618 49.9721
269 20.5755 49.2029
388 20.8839 48.6294
525 21.1308 48.1704
908 21.3624 47.7397
972 21.5852 47.3255
302 23.6373 43.5101
354 26.0418 39.0394
37 26.2772 39.3261
829 26.4732 39.5648
549 26.698 39.8387
723 26.9265 40.117
205 27.1236 40.3571
65 27.3335 40.6127
486 27.5719 40.9031
278 27.8417 41.2316
11 28.152 41.6097
403 28.4418 41.9626
414 28.7209 42.3025
397 28.9944 42.6357
687 29.2808 42.9845
180 29.5787 43.3473
891 29.6718 43.4608
508 29.7556 43.5628
748 29.8413 43.6672
783 29.9296 43.7747
989 30.0174 43.8816
7 30.0993 43.9813
619 30.1857 44.0866
913 30.2712 44.1908
543 30.3543 44.292
778 30.4412 44.3978
535 30.5191 44.4927
545 30.6045 44.5967
438 30.681 44.6899
756 30.7722 44.801
790 30.7722 44.801
876 30.7722 44.801
413 30.7722 44.801
612 30.7722 44.801
151 30.7722 44.801
692 30.7722 44.801
529 30.7722 44.801
679 30.7722 44.801
664 30.7722 44.801
869 30.7722 44.801
655 31.1229 44.8725
917 31.5261 44.9546
706 31.8795 45.0267
480 32.2364 45.0994
811 32.5828 45.17
38 32.94 45.2429
603 33.2995 45.3162
370 33.6704 45.3918
89 33.7521 45.4084
461 33.8408 45.4265
49 33.9212 45.4429
633 34.0012 45.4592
471 39.0404 46.4868
127 39.0762 46.4941
522 39.1111 46.5013
512 39.1478 46.5087
257 39.1814 46.5156
566 39.2151 46.5225
472 39.2518 46.53
492 39.2887 46.5375
597 39.3216 46.5442
870 40.041 42.0118
160 39.8764 39.8454
853 39.8275 39.2011
66 39.7823 38.6064
337 39.172 30.5725
289 39.12 29.8882
834 39.0723 29.2597
191 39.0241 28.6253
467 38.9712 27.9287
935 38.9213 27.2719
419 38.6995 24.3513
653 38.4738 23.1816
379 38.2945 22.2521
586 38.0768 21.1239
518 37.206 16.6146
351 36.7068 16.8844
704 36.2378 17.1378
287 35.7959 17.3766
407 35.3503 17.6173
669 34.8485 17.8884
307 34.3487 18.1585
261 33.9588 18.3692
310 33.5434 18.5936
284 33.068 18.8505
363 32.694 19.0525
26 32.2689 19.2823
899 31.7778 19.5476
822 31.7778 19.5476
934 31.7778 19.5476
702 31.1322 19.4265
602 30.614 19.3293
64 30.2078 19.2531
824 29.7953 19.1757
221 29.366 19.0951
643 28.9273 19.0128
254 28.5311 18.9384
573 28.2005 18.8764
709 27.7946 18.8002
787 27.3758 18.7216
915 26.9077 18.6338
439 26.4605 18.5499
246 26.0556 18.4739
111 25.6484 18.3975
883 25.1072 18.296
626 23.616 18.0162
943 21.4042 17.6012
682 17.7018 16.6093
488 16.6401 16.3246
362 15.5685 16.0373
8 14.902 15.8586
331 14.1295 15.6514
673 13.5304 15.4908
61 12.873 15.3146
299 12.4707 15.2067
187 12.4707 15.2067
963 12.4707 15.2067
412 12.4707 15.2067
629 12.4707 15.2067
674 12.4707 15.2067
812 12.4707 15.2067
722 12.4612 15.5914
402 12.4448 16.2606
661 12.4306 16.8391
474 12.4182 17.341
881 12.4073 17.7862
836 12.3906 18.4653
741 12.3814 18.8412
366 12.3721 19.2202
902 12.3611 19.6655
258 12.3509 20.0797
348 12.3411 20.4785
455 12.3304 20.9147
588 12.3207 21.3088
646 12.3105 21.7239
211 12.2931 22.434
572 12.2655 23.5539
268 12.2429 24.476
74 12.2222 25.3152
4 12.2019 26.1416
514 12.1818 26.9613
87 12.1643 27.6714
86 12.1493 28.2819
121 12.1377 28.7526
133 12.1269 29.1929
710 12.1161 29.6318
641 12.1054 30.0667
985 12.0932 30.5614
794 12.0829 30.9819
898 12.0705 31.4867
958 12.0242 33.3714
330 11.9884 34.8242
123 11.9685 35.6338
283 11.9518 36.3155
534 11.9339 37.0435
10 11.9265 37.3436
423 11.9186 37.6637
148 11.911 37.9745
700 11.904 38.2592
125 11.8965 38.5631
863 11.8881 38.904
663 11.88 39.2314
312 11.8725 39.5379
212 11.8653 39.8314
46 11.8579 40.1319
463 11.8503 40.4423
770 11.8435 40.7158
758 11.8361 41.0197
841 11.8296 41.2821
990 11.8238 41.5199
499 11.8176 41.7721
328 11.8111 42.0346
476 11.7956 42.6663
936 11.7794 43.3251
228 11.7649 43.9135
336 11.7492 44.5535
475 11.7406 44.8996
32 11.7307 45.256
731 11.718 45.7118
949 11.705 46.1762
496 11.6923 46.633
909 11.6798 47.0821
542 11.667 47.5378
78 11.6553 47.9594
749 11.6416 48.451
142 11.6274 48.9589
384 11.6148 49.4118
352 11.5978 50.0197
57 11.5815 50.6042
214 11.565 51.195
122 11.5497 51.7441
805 11.5457 51.8864
527 11.5416 52.0348
131 11.5373 52.1896
858 11.534 52.3075
589 11.5303 52.4407
616 11.5269 52.5617
128 11.5233 52.6899
218 11.5186 52.8573
373 11.5144 53.0102
677 11.5097 53.1767
116 11.5055 53.3274
938 11.4994 53.5443
222 11.4936 53.7516
100 11.4872 53.9834
849 11.4807 54.2158
760 11.4741 54.4515
157 11.4686 54.6459
708 11.449 55.3492
489 11.4301 56.0231
47 11.4076 56.829
303 11.3827 57.7183
234 11.3549 58.7145
347 11.33 59.6019
166 11.3097 60.3277
427 11.2816 61.3332
925 11.2641 61.9585
113 11.2435 62.6952
255 11.2359 62.9673
747 11.2285 63.2312
3 11.2201 63.5345
784 11.2118 63.8304
162 11.203 64.1449
97 11.1952 64.4229
277 11.1872 64.7079
398 11.1795 64.984
879 11.1718 65.2588
717 11.1642 65.533
77 11.1566 65.8046
966 11.1488 66.0811
381 11.1416 66.339
734 11.1347 66.5872
701 11.1273 66.849
680 11.1205 67.0921
374 11.1134 67.3492
970 11.1076 67.5562
376 11.1014 67.7774
224 11.0947 68.0166
764 11.0918 68.1191
400 11.0887 68.2292
565 11.0861 68.3216
272 11.0811 68.5034
694 11.0764 68.6712
531 11.0723 68.8164
192 11.067 69.0049
219 11.0618 69.1921
114 11.0568 69.3703
703 11.0517 69.552
939 11.0461 69.7534
371 11.04 69.9708
517 11.0339 70.1877
799 11.0279 70.4018
503 11.0218 70.6211
119 11.0159 70.8302
948 11.0096 71.0539
657 11.0032 71.2831
207 10.997 71.5069
570 10.9905 71.7359
203 10.9884 71.8118
346 10.9865 71.8813
338 10.9846 71.9499
502 10.9823 72.0288
500 10.9801 72.1076
168 10.978 72.1856
479 10.9759 72.26
556 10.9737 72.3376
445 10.9716 72.4116
728 10.9695 72.488
665 10.9675 72.5587
686 10.9653 72.6362
607 10.9632 72.7108
14 10.9612 72.7839
667 10.959 72.863
639 10.9568 72.9396
759 10.9546 73.019
892 10.9546 73.019
178 10.9546 73.019
890 10.9546 73.019
298 10.9546 73.019
635 10.9546 73.019
860 10.7118 74.4936
339 10.4697 75.9643
615 10.2346 77.3925
184 10.0143 78.7314
554 9.79723 80.05
830 9.59289 81.2915
678 9.3749 82.6157
300 9.31438 82.9834
399 9.25324 83.355
969 9.1903 83.7374
718 9.13874 84.0507
169 9.08667 84.3671
31 9.03511 84.6805
699 8.9758 85.0409
547 8.91953 85.3828
446 8.86491 85.7147
693 8.81125 86.0407
301 8.7586 86.3606
199 8.7051 86.6857
568 8.65339 86.9999
803 8.60354 87.3029
546 8.55376 87.6054
213 8.50272 87.9156
153 8.50272 87.9156
585 8.50272 87.9156
75 8.50272 87.9156
108 8.50272 87.9156
991 8.50272 87.9156
200 8.53076 87.996
736 8.54974 88.0504
444 8.57033 88.1094
17 8.5931 88.1747
90 8.61193 88.2287
916 8.63575 88.297
321 8.65873 88.3629
435 8.68636 88.4421
988 8.70633 88.4994
263 8.79039 88.501
386 8.87699 88.5027
380 8.95454 88.5042
405 9.0354 88.5058
316 9.11972 88.5074
827 9.19913 88.509
780 9.28777 88.5107
360 9.37237 88.5123
560 9.45352 88.5139
944 9.52511 88.5153
364 9.6045 88.5169
711 9.68664 88.5185
1 9.76803 88.52
95 9.84902 88.5216
719 9.92583 88.5231
401 10.0035 88.5246
868 10.0846 88.5262
815 10.1716 88.5279
792 10.2496 88.5294
750 10.3395 88.5312
247 10.4235 88.5328
39 10.5016 88.5343
436 10.586 88.5359
628 10.6692 88.5376
955 10.7548 88.5392
447 10.8348 88.5408
236 10.9191 88.5424
106 10.9968 88.5439
905 11.0777 88.5455
426 11.1573 88.5471
240 11.2417 88.5487
433 11.3269 88.5504
953 12.5731 88.5745
288 14.1933 88.6059
914 15.9189 88.6393
521 17.8052 88.6766
712 17.8054 88.6764
15 17.8055 88.6762
13 17.8056 88.676
249 17.8058 88.6758
753 17.8059 88.6756
304 17.806 88.6754
651 17.8061 88.6752
871 17.8063 88.675
637 17.8064 88.6748
462 17.8065 88.6747
973 17.8067 88.6745
933 17.8068 88.6743
227 17.8069 88.6741
776 17.8071 88.6739
495 17.8072 88.6737
469 17.8074 88.6735
58 17.8075 88.6733
183 17.8076 88.6731
368 17.8077 88.6729
714 17.8079 88.6727
93 18.046 88.3354
557 18.2704 88.0176
138 18.4926 87.7029
608 18.8134 87.2485
456 19.0451 86.9204
833 19.3649 86.4674
697 19.7087 85.9805
442 19.8577 85.7697
982 20.1603 85.3411
361 20.6484 84.65
604 22.3848 85.345
796 22.3848 85.345
220 22.3848 85.345
296 22.4124 85.3633
454 22.4363 85.3791
487 22.4594 85.3943
48 22.4832 85.4101
325 22.5074 85.4261
431 22.5984 85.4862
886 22.6865 85.5445
244 22.7736 85.6021
551 22.8609 85.6598
707 25.4336 87.3597
146 25.6711 87.5167
795 25.823 87.6171
918 25.972 87.7156
172 26.1262 87.8175
394 26.2626 87.9077
76 26.2626 87.9077
167 26.2626 87.9077
808 26.2626 87.9077
28 26.2626 87.9077
491 26.2626 87.9077
124 26.2651 87.8193
223 26.2672 87.746
44 26.269 87.6817
418 26.271 87.6089
672 26.2729 87.542
761 26.2748 87.474
593 26.2768 87.4021
60 26.2793 87.3162
141 26.2812 87.2465
696 26.2832 87.1772
36 26.2852 87.1039
115 26.2873 87.0293
50 26.2897 86.9445
578 26.2922 86.8573
946 26.2944 86.778
695 26.53 86.9607
757 26.75 87.1312
41 26.96 87.2941
877 27.1875 87.4705
490 27.3678 87.6103
859 27.5671 87.7649
409 27.7741 87.9254
441 27.9626 88.0716
631 28.1551 88.2208
768 28.3261 88.3534
306 28.8091 88.4218
424 29.2918 88.49
430 29.785 88.5598
428 30.4467 88.6535
20 31.0813 88.7433
738 31.7473 88.8376
53 32.3142 88.9178
763 32.7578 88.9805
265 32.7578 88.9805
773 32.7578 88.9805
610 32.7578 88.9805
271 32.7578 88.9805
638 32.7578 88.9805
120 32.7578 88.9805
470 32.7578 88.9805
611 32.7578 88.9805
806 33.0491 89.0051
840 33.3589 89.0312
919 33.6304 89.0541
72 33.9064 89.0774
539 34.1774 89.1003
548 34.4382 89.1223
392 34.694 89.1439
885 34.938 89.1645
766 35.3128 89.1961
449 35.5835 89.219
2 35.8312 89.2399
960 36.0986 89.2625
752 36.4065 89.2885
974 36.7074 89.3138
569 36.9913 89.3378
96 37.2503 89.3597
73 37.5192 89.3824
253 37.8213 89.4079
786 38.166 89.437
231 38.5488 89.4693
613 38.9297 89.5014
181 39.3105 89.5336
448 39.6521 89.5624
150 39.9898 89.5909
92 40.3942 89.6251
215 40.8515 89.6637
241 41.2908 89.7008
156 41.7708 89.7413
961 42.1732 89.7752
256 42.3174 89.7874
230 42.4981 89.8027
139 42.6775 89.8178
22 44.5456 89.9754
344 47.2229 90.201
952 47.2566 90.0535
343 47.2898 89.9083
292 47.3249 89.7553
313 47.3849 89.7275
129 47.4373 89.7032
206 47.4963 89.6758
408 47.5594 89.6465
713 47.6159 89.6203
5 47.6717 89.5945
814 47.7343 89.5654
105 47.7918 89.5387
541 47.8512 89.5112
516 47.9119 89.483
866 47.9691 89.4565
434 48.0319 89.4273
690 48.0952 89.3979
754 48.1547 89.3703
746 48.206 89.3466
375 48.2582 89.3223
309 48.3111 89.2978
530 48.3792 89.2662
774 48.4399 89.238
437 48.4937 89.2131
305 48.5538 89.1852
532 48.6124 89.158
874 48.6689 89.1318
165 48.7386 89.0995
559 48.8093 89.0667
23 48.8884 89.03
624 48.9622 88.9957
511 49.0363 88.9614
239 49.1079 88.9282
755 49.1836 88.8931
618 49.2594 88.8579
861 49.3341 88.8233
320 49.4046 88.7906
12 49.4797 88.7557
62 49.5487 88.7237
851 49.6216 88.6899
367 49.6927 88.6569
294 49.7589 88.6262
319 49.8287 88.5939
826 49.9015 88.5601
406 49.9721 88.5273
536 50.0412 88.4953
564 50.112 88.4624
880 50.1865 88.4279
802 50.2541 88.3965
563 50.3186 88.3666
562 50.3826 88.3369
895 50.4541 88.3037
40 50.5194 88.2735
369 50.5871 88.242
636 50.6495 88.2131
389 50.7083 88.1859
415 50.7879 88.1489
947 50.8574 88.1167
416 50.9227 88.0864
82 50.9873 88.0564
659 51.0513 88.0267
980 51.1178 87.9959
335 51.1861 87.9642
856 51.2475 87.9357
882 51.3072 87.908
896 52.1361 87.5237
477 53.0218 87.113
118 53.594 86.8476
737 54.1792 86.5762
816 54.763 86.3055
769 55.3251 86.0449
931 57.1492 86.416
575 58.76 86.7436
567 60.4395 87.0853
251 62.0172 87.4062
911 62.0172 87.4062
666 62.3203 87.4285
177 62.5081 87.4424
317 62.7057 87.457
202 62.9033 87.4715
158 63.1154 87.4872
984 63.305 87.5011
83 63.5225 87.5172
185 63.658 87.5272
465 63.8114 87.5385
813 63.9595 87.5494
285 64.0934 87.5593
845 64.2281 87.5692
823 64.3632 87.5791
464 64.4945 87.5888
52 64.6308 87.5989
992 64.7637 87.6087
584 64.8945 87.6183
135 74.6097 88.3362
71 74.6097 88.3362
580 74.6097 88.3362
159 74.6097 88.3362
742 74.6097 88.3362
494 74.6097 88.3362
775 74.6097 88.3362
620 74.6097 88.3362
145 74.6097 88.3362
937 74.6097 88.3362
417 74.6097 88.3362
353 74.6097 88.3362
622 74.6097 88.3362
817 74.6097 88.3362
273 74.6835 88.3372
854 74.7939 88.3387
481 74.8867 88.34
149 74.9876 88.3414
297 75.0909 88.3428
318 75.2151 88.3446
42 75.3336 88.3462
818 75.8044 88.3527
893 76.3242 88.3599
544 76.7843 88.3663
820 78.7779 88.3933
928 80.766 88.4202
322 80.8371 88.3128
473 80.9034 88.2126
983 80.9641 88.1209
725 82.6947 85.5053
450 84.8615 82.2307
648 84.9866 82.0415
740 85.1276 81.8284
311 85.2811 81.5964
528 85.4081 81.4045
864 85.5191 81.2367
685 85.6703 81.0082
889 85.8132 80.7922
660 85.9955 80.5166
25 86.1508 80.2819
372 86.3302 80.0109
201 85.2826 70.3161
385 85.1757 69.3263
332 85.0708 68.3556
204 84.9614 67.3431
383 84.7908 65.7638
110 84.6235 64.2152
497 84.2945 61.1693
170 83.9055 60.4259
884 83.5331 59.7142
136 83.1803 59.0398
506 82.8862 58.4778
198 82.5543 57.8436
838 82.2395 57.2418
684 81.9542 56.6966
977 81.6232 56.0639
951 81.2685 55.3861
387 80.94 54.7583
967 80.6054 54.1186
107 80.2987 53.5325
425 79.5577 52.1164
29 78.8887 50.8377
143 78.4489 49.9973
835 78.4489 49.9973
102 78.2246 50.0355
553 78.0471 50.0657
242 77.8759 50.0949
334 77.6719 50.1297
592 77.499 50.1591
274 77.3177 50.19
466 77.1468 50.2191
745 76.9752 50.2483
656 76.7817 50.2813
932 76.6109 50.3104
941 76.4184 50.3432
850 76.2404 50.3735
420 76.0606 50.4041
926 75.9095 49.8895
942 75.7746 49.4299
70 75.5724 48.7414
117 75.3711 48.0556
314 74.9799 44.1037
323 74.9799 44.1037
609 74.9799 44.1037
195 74.9799 44.1037
232 74.9799 44.1037
920 74.9799 44.1037
583 74.9799 44.1037
670 74.9799 44.1037
644 74.9799 44.1037
520 78.6864 35.8367
33 80.2745 32.293
590 81.5324 29.4863
98 83.0469 26.1069
483 86.1431 17.4736
979 85.9751 17.5428
260 85.8272 17.6036
345 85.511 17.7336
627 85.1565 17.8794
243 84.6164 18.1015
