0,103,176,777,721,504,821,781,419,6,581,819,27,555,634,24,831,959,598,295,930,358,355,55,681,785,458,164,873,209,421,276,257,377,875,844,63,906,250,197,751,865,870,45,828,862,19,519,923,492,262,452,716,286,978,217,606,357,314,186,485,594,623,66,43,472,675,281,35,577,538,188,793,621,396,964,498,342,194,471,945,293,625,791,127,85,282,216,843,308,779,715,533,743,56,804,732,410,163,264,459,676,778,912,596,765,291,54,175,30,80,104,903,601,225,574,901,171,252,730,976,333,226,614,501,689,662,365,16,591,21,789,697,350,910,382,739,956,482,645,599,965,971,981,788,729,733,957,735,897,79,196,526,220,600,99,359,327,510,390,329,451,132,349,545,131,938,81,137,279,841,698,174,352,59,839,493,972,797,723,846,34,524,772,507,267,37,640,720,397,758,805,142,154,990,475,535,476,908,688,237,771,496,705,370,922,391,543,929,210,858,809,461,89,913,269,525,356,155,756,603,891,783,38,147,748,49,935,706,848,692,566,480,790,917,69,7,11,324,413,522,508,876,180,302,388,403,151,619,989,512,664,853,205,829,486,834,191,289,467,379,934,822,586,261,363,653,518,337,407,669,351,310,626,883,111,287,26,573,824,160,246,354,307,64,284,704,488,915,61,722,881,8,366,299,254,211,682,402,710,474,812,258,572,187,629,588,646,362,74,902,661,348,673,455,412,331,741,963,674,133,268,787,643,985,65,836,702,709,602,439,125,612,549,641,899,121,221,414,182,616,655,87,278,943,811,687,529,679,869,663,438,794,4,898,86,514,312,212,46,731,228,283,32,542,148,78,958,123,708,700,330,157,373,527,47,218,534,328,222,128,499,909,936,10,423,463,505,384,691,422,633,770,214,749,652,949,116,341,863,234,122,166,764,849,57,303,336,703,677,565,489,100,233,255,162,784,3,747,925,272,531,119,97,760,192,630,219,130,347,517,589,427,371,860,376,970,374,728,948,381,939,686,445,665,734,114,966,77,717,879,398,277,14,298,799,607,667,184,503,500,207,554,890,457,178,694,400,657,718,556,75,90,153,639,615,447,570,719,944,224,444,914,905,203,240,316,326,433,401,759,546,386,803,436,108,95,830,780,991,628,678,31,442,247,431,300,892,560,699,249,796,48,346,168,886,263,321,955,199,827,435,750,380,711,868,325,982,301,200,426,815,360,792,304,557,637,568,106,953,1,15,969,585,138,213,405,236,364,736,547,446,39,693,988,712,17,871,13,399,169,651,753,462,973,933,227,776,714,495,469,58,183,885,368,167,76,695,115,50,41,578,604,141,88,726,550,946,339,253,93,275,950,502,479,429,487,658,443,361,113,916,635,680,244,825,927,888,338,411,701,454,266,552,551,428,587,924,223,919,954,872,806,124,2,795,437,60,241,309,394,416,490,918,73,786,230,92,120,608,44,859,189,548,773,491,833,456,409,521,808,296,441,430,696,757,610,593,738,20,139,974,960,28,761,424,150,672,392,256,22,96,470,418,231,613,448,271,72,265,611,306,288,569,877,631,36,768,270,540,146,752,707,375,239,408,532,206,449,866,181,638,172,434,530,642,562,82,624,5,961,814,156,763,165,105,53,559,874,541,766,389,129,305,755,826,636,292,947,536,369,807,802,248,690,294,840,887,563,12,185,344,980,746,511,367,880,882,895,896,516,774,584,713,23,539,561,564,140,62,659,343,632,801,940,179,126,319,91,259,513,523,484,724,112,235,134,193,921,537,144,649,404,571,215,878,810,986,800,453,968,515,907,558,84,576,161,894,440,617,683,315,605,173,857,597,855,468,582,94,208,109,762,798,432,9,101,317,393,406,837,727,83,782,460,654,668,769,904,931,567,864,671,395,481,51,744,297,378,509,816,987,847,823,832,335,861,618,320,952,118,911,992,229,817,18,575,280,40,851,415,737,245,318,52,854,42,666,353,158,149,845,285,754,813,251,622,544,177,273,620,313,464,477,856,775,145,465,937,71,202,984,580,820,725,322,893,135,983,928,494,648,742,818,159,740,417,528,660,204,685,372,889,25,311,450,473,290,579,385,977,110,201,332,900,867,383,334,656,340,152,478,68,67,852,420,238,942,647,842,962,975,850,143,70,595,644,650,466,425,117,190,553,941,102,29,920,670,767,583,967,195,232,609,926,274,323,592,497,198,932,506,387,838,951,170,884,107,136,684,242,520,835,745,33,98,590,345,627,483,979,260,243,
value : 508.392 running time : 43.584214
0 80 20
103 67.1409 15.3671
176 66.7601 15.9686
777 66.3514 16.6144
721 65.966 17.2232
504 64.2935 19.8654
821 62.2707 23.0611
781 61.6307 24.0721
419 61.2148 24.7292
6 60.9402 25.1631
581 60.6826 25.57
819 60.3534 26.0901
27 59.9965 26.6541
555 59.7121 27.1033
634 59.4625 27.4977
24 59.3316 27.7045
831 59.168 27.963
959 59.0037 28.2225
598 58.8282 28.4999
295 58.4794 29.051
930 57.5612 30.5015
358 57.1211 31.1969
355 56.7426 31.7948
55 56.4024 32.3323
681 56.0413 32.9028
785 55.7045 33.4348
458 55.3716 33.9609
164 55.0631 34.4483
873 54.6768 35.0585
209 54.1075 35.958
421 53.4221 37.0408
276 52.9012 37.8637
257 52.5977 38.3433
377 52.5951 38.544
875 52.5925 38.744
844 52.59 38.9347
63 52.5875 39.1251
906 52.5851 39.3112
250 52.5827 39.4957
197 52.5799 39.7088
751 52.5771 39.9249
865 52.5741 40.1537
870 52.5706 40.4237
45 52.5671 40.6926
828 52.561 41.1613
862 52.5537 41.7179
19 52.671 42.5567
519 52.836 43.7352
923 52.941 44.4857
492 52.9861 44.8085
262 53.0294 45.1181
452 53.0698 45.4069
716 53.1131 45.7163
286 53.1598 46.0502
978 53.1709 46.1293
217 53.1821 46.2097
606 53.1934 46.2901
357 53.2048 46.3719
314 53.2163 46.4539
186 53.3686 47.5423
485 53.4886 48.4004
594 53.4886 48.4004
623 53.4886 48.4004
66 53.4886 48.4004
43 53.4886 48.4004
472 53.4886 48.4004
675 53.4886 48.4004
281 52.9511 49.5071
35 52.6254 50.1777
577 52.3534 50.7377
538 52.1032 51.253
188 51.674 51.6131
793 51.2468 51.9715
621 50.8273 52.3235
396 50.4402 52.6484
964 50.0333 52.9898
498 49.8109 53.1765
342 49.5911 53.3609
194 49.3759 53.5415
471 49.1656 53.718
945 48.967 53.8846
293 48.7652 54.054
625 48.2478 54.4881
791 47.6908 54.9555
127 47.1478 55.4111
85 46.6258 55.849
282 45.9292 56.4335
216 45.1855 57.0574
843 44.4341 57.6878
308 43.2678 58.6662
779 43.1581 58.7583
715 43.0526 58.8468
533 42.952 58.9313
743 42.8521 59.0151
56 42.7531 59.0982
804 42.658 59.178
732 42.5641 59.2568
410 42.471 59.335
163 42.3794 59.4119
264 42.291 59.4861
459 42.2037 59.5594
676 42.1173 59.6319
778 42.0313 59.7042
912 41.0384 60.5935
596 40.1484 61.3908
765 39.3797 62.0794
291 38.6266 62.754
54 37.9055 63.3999
175 37.1647 64.0635
30 36.4241 64.7269
80 35.6098 65.4563
104 34.8128 66.1702
903 33.9423 66.95
601 33.1697 67.6421
225 33.0025 67.7918
574 32.8279 67.9482
901 32.6619 68.0969
171 32.4952 68.2461
252 32.3224 68.4009
730 32.1562 68.5497
976 31.9972 68.6921
333 31.8285 68.8432
226 31.7582 68.9061
614 31.6885 68.9686
501 31.6199 69.03
689 31.5516 69.0912
662 31.4843 69.1514
365 31.4176 69.2112
16 31.3488 69.2728
591 31.2853 69.3297
21 31.2217 69.3866
789 31.1572 69.4443
697 31.0948 69.5002
350 31.0948 69.5002
910 29.9315 68.1885
382 27.5661 65.5217
739 25.8973 63.6401
956 25.7002 63.4178
482 25.5397 63.2369
645 25.4932 63.1845
599 25.4455 63.1306
965 25.398 63.077
971 25.3496 63.0224
981 25.3003 62.9669
788 25.2528 62.9133
729 25.2047 62.8591
733 25.1571 62.8054
957 25.1094 62.7516
735 25.0613 62.6973
897 25.0136 62.6436
79 24.9664 62.5904
196 24.9193 62.5372
526 24.9193 62.5372
220 24.9193 62.5372
600 24.8293 62.367
99 24.7225 62.1651
359 24.5636 61.8647
327 24.3724 61.5032
510 24.153 61.0882
390 23.9469 60.6986
329 23.7087 60.2482
451 23.4676 59.7925
132 23.2293 59.3419
349 22.9551 58.8234
545 22.6389 58.2256
131 22.3285 57.6388
938 22.142 57.2832
81 21.9354 56.8894
137 21.7137 56.4666
279 21.1522 55.3951
841 20.5056 54.1615
698 20.8459 54.1688
174 21.1951 54.1763
352 21.5538 54.184
59 21.9248 54.192
839 22.2991 54.2
493 22.2991 54.2
972 22.2991 54.2
797 22.2991 54.2
723 22.2991 54.2
846 22.2991 54.2
34 22.2991 54.2
524 22.2991 54.2
772 22.2721 54.0189
507 22.2438 53.8288
267 22.2153 53.6374
37 22.1865 53.444
640 22.1571 53.2464
720 22.1275 53.0478
397 22.0359 52.4316
758 21.9426 51.8043
805 21.8512 51.1894
142 21.8371 50.2655
154 21.823 49.3454
990 21.8144 48.7851
475 22.6909 48.7244
535 23.5601 48.6643
476 24.4267 48.6043
908 25.4414 48.5341
688 26.4835 48.462
237 27.4935 48.3921
771 27.9049 48.3636
496 28.4011 48.3292
705 29.2095 48.2732
370 30.4453 48.1878
922 30.4629 48.1865
391 30.4802 48.1853
543 30.4979 48.1841
929 30.5159 48.1828
210 30.5336 48.1816
858 30.5374 48.1813
809 32.8775 48.0196
461 33.034 47.8725
89 33.1924 47.7236
913 33.3533 47.5724
269 33.5144 47.4211
525 33.6763 47.2689
356 33.8345 47.1202
155 33.9947 46.9697
756 34.1587 46.8155
603 34.4161 46.5736
891 34.6802 46.3255
783 34.957 46.0654
38 35.2385 45.8009
147 35.5237 45.5329
748 35.8151 45.2591
49 36.1088 44.9832
935 36.3988 44.7106
706 36.3988 44.7106
848 36.3988 44.7106
692 36.3988 44.7106
566 36.3988 44.7106
480 36.3988 44.7106
790 36.3988 44.7106
917 36.3988 44.7106
69 36.3988 44.7106
7 35.2406 44.899
11 34.0322 45.0955
324 32.8557 45.2868
413 32.8829 45.0281
522 32.9105 44.7645
508 32.9382 44.5002
876 32.9662 44.2328
180 32.9944 43.9641
302 33.0232 43.6897
388 33.052 43.4145
403 33.0813 43.1355
151 33.1116 42.8463
619 33.1422 42.5548
989 33.1727 42.2636
512 33.2031 41.9736
664 33.4014 40.074
853 33.5988 38.1836
205 33.8016 36.2409
829 33.9946 34.3919
486 34.1987 32.7742
834 34.4188 31.0283
191 34.6287 29.3643
289 34.8613 27.5198
467 34.9739 26.6271
379 35.0905 25.7027
934 35.2116 24.7428
822 35.3307 23.7988
586 35.4525 22.8335
261 35.6741 21.0754
363 35.9194 19.1301
653 36.1149 17.58
518 36.2971 16.1353
337 36.0945 16.2862
407 35.8897 16.4388
669 35.6797 16.5952
351 35.4736 16.7488
310 35.2642 16.9048
626 35.0531 17.0621
883 34.8521 17.2118
111 34.6532 17.36
287 34.4557 17.5071
26 34.2417 17.6665
573 34.024 17.8287
824 33.802 17.9941
160 33.6271 18.1243
246 31.7048 17.9127
354 29.8977 17.7138
307 28.5565 17.5662
64 27.1912 17.416
284 25.8025 17.2632
704 24.3162 17.0996
488 21.0395 16.7387
915 18.7488 16.4864
61 13.8067 15.9417
722 12.9661 15.8492
881 12.9661 15.8492
8 12.9661 15.8492
366 12.9661 15.8492
299 12.9661 15.8492
254 12.9661 15.8492
211 12.9661 15.8492
682 12.9661 15.8492
402 12.9661 15.8492
710 12.9661 15.8492
474 12.6838 15.5773
812 12.369 15.2739
258 12.7125 16.2023
572 12.7161 16.2121
187 12.7195 16.2211
629 12.9673 16.8907
588 13.2572 17.6738
646 13.5557 18.4801
362 14.1005 19.9517
74 14.7554 21.7207
902 14.88 21.9532
661 15.0058 22.1881
348 15.1365 22.432
673 15.2656 22.6729
455 15.3981 22.9203
412 15.5345 23.1749
331 15.69 23.4651
741 15.8533 23.7698
963 16.0202 24.0813
674 16.2126 24.4404
133 16.8665 25.66
268 17.6011 27.03
787 18.3651 28.455
643 18.3651 28.455
985 18.3693 28.5273
65 18.3735 28.598
836 18.3777 28.6713
702 18.382 28.7447
709 18.3864 28.8197
602 18.4163 29.3302
439 18.4471 29.8543
125 18.4956 30.682
612 18.542 31.4729
549 18.5867 32.2347
641 18.63 32.9723
899 18.6768 33.7703
121 18.7404 34.8524
221 18.8078 36.0012
414 18.9343 38.1518
182 18.9864 39.0406
616 19.3948 38.6188
655 19.8223 38.1772
87 20.2574 37.7277
278 20.7063 37.264
943 20.7063 37.264
811 20.7063 37.264
687 20.7063 37.264
529 20.5399 37.2641
679 20.1808 37.2643
869 19.4717 37.2645
663 18.4167 37.2649
438 17.398 37.2652
794 9.67266 37.2671
4 9.58904 37.2671
898 9.5214 37.2672
86 9.56545 37.5663
514 9.62375 37.9622
312 9.72187 38.6286
212 9.80833 39.2157
46 9.89079 39.7757
731 9.97408 40.3413
228 10.053 40.8772
283 10.1286 41.3903
32 10.2103 41.9452
542 10.304 42.5818
148 10.3745 43.0604
78 10.4424 43.5216
958 10.5113 43.9893
123 10.5915 44.5339
708 10.6742 45.0958
700 10.6791 45.1292
330 10.6842 45.1634
157 10.6893 45.1984
373 10.6944 45.233
527 10.6995 45.2674
47 10.7043 45.3
218 10.709 45.3322
534 10.7135 45.3625
328 10.7179 45.3924
222 10.7498 45.6089
128 10.781 45.8209
499 10.8123 46.0333
909 10.875 46.4591
936 10.936 46.8733
10 10.9928 47.2592
423 11.0668 47.7618
463 11.154 48.3541
505 11.2424 48.9543
384 11.3269 49.5281
691 11.5202 50.8408
422 11.6263 51.5608
633 11.7006 52.0653
770 11.6999 52.0814
214 11.6991 52.0989
749 11.6984 52.1158
652 11.6977 52.1328
949 11.697 52.1501
116 11.6963 52.1674
341 11.6955 52.1852
863 11.6948 52.2031
234 11.6098 54.2214
122 11.5933 54.6124
166 11.579 54.9539
764 11.5646 55.2948
849 11.5513 55.6109
57 11.5374 55.942
303 11.5219 56.3087
336 11.5059 56.6892
703 11.4894 57.0818
677 11.4741 57.4443
565 11.4587 57.8101
489 11.4432 58.1798
100 11.4206 58.7158
233 11.392 59.3958
255 11.347 60.4637
162 11.3218 61.0624
784 11.3069 61.4157
3 11.2923 61.7638
747 11.2783 62.0965
925 11.2642 62.4315
272 11.2487 62.7981
531 11.2345 63.1366
119 11.2193 63.4987
97 11.2052 63.8316
760 11.1922 64.1419
192 11.1783 64.4706
630 11.1644 64.8014
219 11.1509 65.1235
130 11.1377 65.437
347 11.1244 65.7517
517 11.1092 66.1122
589 11.095 66.4496
427 11.0787 66.8369
371 11.0634 67.2003
860 11.0479 67.569
376 11.0354 67.8654
970 11.0222 68.1795
374 11.0085 68.5059
728 10.9967 68.7847
948 10.9891 68.9646
381 10.9816 69.1437
939 10.9741 69.3219
686 10.9653 69.5317
445 10.9567 69.7362
665 10.9482 69.9376
734 10.9397 70.1379
114 10.9309 70.3474
966 10.9214 70.5732
77 10.9114 70.8113
717 10.9005 71.0712
879 10.889 71.3434
398 10.8771 71.6255
277 10.8647 71.9199
14 10.8519 72.2254
298 10.8381 72.5517
799 10.8252 72.8594
607 10.8093 73.237
667 10.7925 73.6362
184 10.774 74.0763
503 10.7584 74.4453
500 10.7423 74.8292
207 10.7256 75.2256
554 10.7065 75.6785
890 10.6925 76.0108
457 10.6794 76.3236
178 10.6663 76.6352
694 10.6544 76.917
400 10.6389 77.2847
657 10.622 77.6877
718 10.6037 78.1224
556 10.5903 78.4395
75 10.5764 78.7693
90 10.5634 79.0781
153 10.5512 79.369
639 10.5412 79.607
615 10.5298 79.8781
447 10.5184 80.1475
570 10.5123 80.2939
719 10.5061 80.4398
944 10.5003 80.5786
224 10.4945 80.7158
444 10.4861 80.9162
914 10.4779 81.1091
905 10.4716 81.2598
203 10.4653 81.4092
240 10.459 81.5584
316 10.4528 81.7071
326 10.4468 81.8487
433 10.4401 82.0071
401 10.4332 82.171
759 10.4268 82.3245
546 10.4203 82.4778
386 10.4138 82.6332
803 10.4078 82.7762
436 10.4021 82.9101
108 10.3964 83.0461
95 10.3908 83.1785
830 10.3854 83.3077
780 10.3798 83.4416
991 10.374 83.5786
628 10.3677 83.7278
678 10.3615 83.8748
31 10.3565 83.9949
442 10.3513 84.1187
247 10.3464 84.2339
431 10.3417 84.3447
300 10.3367 84.4646
892 10.3318 84.5815
560 10.3268 84.6985
699 10.3217 84.8218
249 10.3166 84.9421
796 10.3117 85.0594
48 10.3061 85.1925
346 10.3005 85.3247
168 10.2941 85.4755
886 10.2812 85.7827
263 10.2646 86.1777
321 10.2489 86.5514
955 10.2283 87.0404
199 10.2041 87.6138
827 10.1827 88.1239
435 10.1694 88.4394
750 10.1664 88.5108
380 10.1641 88.5657
711 10.162 88.6162
868 10.1599 88.6655
325 10.1579 88.713
982 10.1558 88.7623
301 10.1537 88.8115
200 10.1517 88.8607
426 10.1497 88.9079
815 10.1476 88.9571
360 10.1455 89.0063
792 10.1434 89.0573
304 10.1412 89.1093
557 10.139 89.1606
637 10.1369 89.212
568 10.1347 89.2637
106 10.1325 89.315
953 10.1304 89.365
1 10.1283 89.4152
15 10.1262 89.4657
969 10.1249 89.496
585 10.1236 89.5267
138 10.1224 89.557
213 10.1211 89.5874
405 10.1206 89.5997
236 10.12 89.6119
364 10.1195 89.6241
736 10.119 89.6362
547 10.1185 89.6485
446 10.118 89.6607
39 10.1175 89.6732
693 10.1169 89.6855
988 10.1164 89.6979
712 10.861 89.6612
17 11.5096 89.6291
871 12.1198 89.599
13 12.5262 89.579
399 12.9114 89.56
169 13.298 89.541
651 13.7745 89.5175
753 14.171 89.4979
462 14.5418 89.4797
973 14.9054 89.4618
933 15.2687 89.4439
227 15.6258 89.4263
776 15.9638 89.4096
714 16.2947 89.3933
495 16.6794 88.8206
469 17.0545 88.2621
58 17.3799 87.7776
183 17.6803 87.3303
885 17.9927 86.8652
368 18.2915 86.4203
167 18.6003 85.9605
76 18.8022 85.6599
695 18.9905 85.3796
115 19.1814 85.0953
50 19.4314 84.7231
41 19.6944 84.3315
578 19.9299 83.9809
604 20.1474 83.6572
141 20.1474 83.6572
88 20.0284 83.1903
726 19.9144 82.7432
550 19.8195 82.3707
946 19.7275 82.0097
339 19.6439 81.6815
253 19.565 81.3719
93 19.4209 80.8066
275 19.2482 80.1288
950 19.1881 79.893
502 19.1316 79.6714
479 19.0866 79.4949
429 19.0426 79.3222
487 19.0015 79.1608
658 18.9605 79
443 18.92 78.8409
361 18.8794 78.6817
113 18.8408 78.5301
916 18.804 78.3856
635 18.7633 78.2262
680 18.7239 78.0717
244 18.6905 77.9405
825 18.6552 77.8018
927 18.6194 77.6613
888 18.587 77.5344
338 18.5544 77.4063
411 18.8741 77.4795
701 19.2593 77.5676
454 19.6436 77.6554
266 20.0014 77.7373
552 20.354 77.8179
551 20.7176 77.9011
428 21.0878 77.9857
587 21.0878 77.9857
924 21.7702 78.9725
223 22.5519 80.1027
919 23.3773 81.2961
954 24.0432 82.2591
872 24.6822 83.183
806 25.314 84.0967
124 25.9466 85.0114
2 26.5963 85.951
795 27.2403 86.8823
437 27.8596 87.7778
60 28.1554 88.2057
241 28.4533 88.6366
309 28.7425 89.0548
394 28.7553 89.0734
416 28.7681 89.0919
490 28.7796 89.1086
918 28.791 89.1252
73 28.8024 89.1417
786 28.8138 89.1581
230 28.8252 89.1746
92 28.8366 89.1912
120 28.848 89.2078
608 28.8596 89.2245
44 28.8712 89.2414
859 28.883 89.2584
189 28.8948 89.2756
548 28.9069 89.2931
773 28.9192 89.3109
491 28.9315 89.3287
833 29.0004 89.3474
456 29.0714 89.3667
409 29.1463 89.3871
521 29.2215 89.4075
808 29.3077 89.4309
296 29.3905 89.4534
441 29.474 89.4761
430 29.5671 89.5014
696 29.6615 89.527
757 29.7574 89.5531
610 29.8614 89.5813
593 29.9659 89.6097
738 30.1643 89.6636
20 30.3182 89.7054
139 30.4701 89.7467
974 30.5416 89.7661
960 30.5639 89.7722
28 30.5858 89.7781
761 30.6078 89.7841
424 30.63 89.7902
150 30.6532 89.7964
672 30.6761 89.8027
392 30.6991 89.8089
256 30.7216 89.815
22 30.7443 89.8212
96 30.7667 89.8273
470 30.7891 89.8334
418 30.8112 89.8394
231 30.8342 89.8456
613 30.857 89.8518
448 30.8793 89.8579
271 30.9011 89.8638
72 30.9229 89.8697
265 30.9446 89.8756
611 30.9446 89.8756
306 30.9446 89.8756
288 30.9446 89.8756
569 30.9446 89.8756
877 30.9446 89.8756
631 30.9446 89.8756
36 30.9446 89.8756
768 30.9446 89.8756
270 37.0047 87.4068
540 39.0518 86.5728
146 39.844 87.2936
752 40.6228 88.0023
707 41.0718 88.0324
375 41.5065 88.0615
239 41.9449 88.0909
408 42.3623 88.1189
532 42.7853 88.1473
206 42.9998 88.1616
449 43.2049 88.1753
866 43.4075 88.1889
181 43.6119 88.2026
638 43.8285 88.2171
172 46.5242 88.399
434 47.868 88.4897
530 47.8681 88.4897
642 47.8681 88.4897
562 47.8681 88.4897
82 47.8681 88.4897
624 47.8681 88.4897
5 47.8681 88.4897
961 47.8682 88.4897
814 47.8682 88.4897
156 47.8682 88.4897
763 47.8682 88.4897
165 47.8682 88.4897
105 47.8682 88.4897
53 47.8682 88.4897
559 47.8683 88.4897
874 47.8683 88.4897
541 47.8683 88.4897
766 47.8683 88.4897
389 47.8939 88.491
129 47.9199 88.4923
305 47.9454 88.4936
755 47.9715 88.4949
826 47.9966 88.4962
636 48.0219 88.4975
292 48.0478 88.4988
947 48.0751 88.5001
536 48.103 88.5015
369 48.1312 88.503
807 48.1599 88.5044
802 48.1871 88.5058
248 48.2146 88.5072
690 48.242 88.5086
294 48.2705 88.51
840 48.298 88.5114
887 49.0024 88.5458
563 49.8186 88.5857
12 50.459 88.6169
185 51.1654 88.6514
344 51.15 88.6178
980 51.1342 88.5834
746 51.1184 88.5488
511 51.1026 88.5143
367 51.0868 88.4798
880 51.071 88.4452
882 51.0546 88.4093
895 51.0388 88.3747
896 51.0218 88.3376
516 51.0056 88.3021
774 50.9891 88.2661
584 50.9725 88.2297
713 50.9557 88.193
23 50.9387 88.1558
539 50.7837 87.8159
561 50.624 87.4658
564 50.4621 87.1109
140 50.3034 86.7631
62 50.143 86.4114
659 50.0082 86.116
343 49.8647 85.8014
632 49.7244 85.4939
801 49.7244 85.4939
940 49.3481 84.7762
179 48.9734 84.0616
126 48.6084 83.3656
319 48.2441 82.6708
91 47.8825 81.9813
259 47.5251 81.2997
513 47.1797 80.6409
523 46.8368 79.9869
484 46.8368 79.9869
724 46.8368 79.9869
112 46.8368 79.9869
235 44.0041 78.5144
134 42.761 77.868
193 41.5189 77.2222
921 40.2428 76.5588
537 37.6335 75.2024
144 38.2134 74.8567
649 38.7415 74.5419
404 39.3216 74.196
571 39.8951 73.8542
215 41.0946 73.1391
878 42.8114 72.1155
810 49.1041 68.3633
986 49.4873 68.1348
800 49.881 67.9002
453 50.264 67.6719
968 50.6419 67.4466
515 51.0075 67.2287
907 51.3114 67.0475
558 51.3114 67.0475
84 51.3114 67.0475
576 51.3114 67.0475
161 51.3607 67.0473
894 51.4098 67.047
440 51.4601 67.0468
617 51.5092 67.0465
683 51.5582 67.0463
315 51.6094 67.046
605 51.6596 67.0458
173 51.7089 67.0456
857 51.7089 67.0456
597 51.7089 67.0456
855 51.7111 67.0486
468 51.7133 67.0517
582 51.7154 67.0548
94 51.7176 67.0578
208 51.7196 67.0607
109 51.7217 67.0636
762 51.7238 67.0666
798 51.7258 67.0695
432 51.728 67.0726
9 51.7301 67.0755
101 51.7321 67.0784
317 56.882 74.3753
393 57.5424 75.311
406 58.8118 77.1096
837 59.7732 78.4718
727 59.8534 78.5854
83 59.935 78.7011
782 60.005 78.8003
460 60.0795 78.9058
654 60.1546 79.0122
668 60.2295 79.1184
769 60.6036 79.6484
904 61.1909 80.4806
931 62.0165 81.6504
567 62.8172 82.785
864 63.441 83.6688
671 63.3783 83.7284
395 63.3163 83.7871
481 63.2547 83.8456
51 63.1914 83.9055
744 63.1237 83.9697
297 63.0502 84.0395
378 62.9762 84.1096
509 62.902 84.1799
816 62.823 84.2549
987 62.7457 84.3282
847 62.6528 84.4163
823 62.267 84.7823
832 61.8606 85.1678
335 61.4046 85.6004
861 60.9608 86.0213
618 60.6043 86.3595
320 60.3229 86.6264
952 60.6871 86.8074
118 61.0939 87.0097
911 61.5176 87.2203
992 61.628 87.2434
229 61.7445 87.2678
817 61.8537 87.2906
18 61.9694 87.3148
575 62.0837 87.3387
280 62.1993 87.3629
40 62.3172 87.3875
851 62.436 87.4124
415 62.5578 87.4379
737 62.681 87.4636
245 62.8079 87.4902
318 62.9409 87.518
52 63.0573 87.5423
854 63.1724 87.5664
42 63.2658 87.586
666 63.3575 87.6051
353 63.4467 87.6238
158 63.5347 87.6422
149 63.6215 87.6603
845 63.6215 87.6603
285 63.6215 87.6603
754 63.6215 87.6603
813 63.6215 87.6603
251 63.6215 87.6603
622 63.6215 87.6603
544 63.6215 87.6603
177 63.6215 87.6603
273 63.6215 87.6603
620 63.6215 87.6603
313 63.6215 87.6603
464 63.6215 87.6603
477 63.6216 87.6603
856 63.6216 87.6603
775 64.5525 87.6866
145 65.3781 87.7099
465 66.1861 87.7328
937 66.9804 87.7552
71 67.7658 87.7774
202 68.5769 87.8003
984 70.9567 87.8672
580 73.5804 87.9407
820 74.8694 87.977
725 76.0176 88.0093
322 77.173 88.0419
893 78.2399 88.0719
135 79.2527 88.1005
983 80.4215 88.1334
928 81.293 88.158
494 81.7059 87.6346
648 82.151 87.0705
742 82.6001 86.5013
818 83.0548 85.9251
159 83.5088 85.3496
740 83.9725 84.7619
417 84.444 84.1643
528 84.9309 83.5472
660 85.3365 83.0332
204 85.5755 82.7301
685 85.7968 82.4497
372 86.009 82.1806
889 85.8369 81.9045
25 85.5817 81.4949
311 85.1379 80.7829
450 84.7012 80.0821
473 84.3458 79.512
290 79.2634 71.3585
579 78.6353 70.3507
385 78.0112 69.3494
977 77.3704 68.3213
110 76.9898 67.7106
201 76.647 67.1605
332 76.3237 66.6418
900 75.9269 66.0051
867 75.5151 65.3443
383 75.1007 64.6794
334 74.6418 63.9432
656 74.2208 63.2677
340 73.8734 62.7103
152 73.7717 62.5193
478 73.6711 62.3305
68 73.5694 62.1395
67 73.4672 61.9477
852 73.3658 61.7574
420 73.2668 61.5714
238 73.166 61.3823
942 73.1008 60.5188
647 73.0352 59.6512
842 72.9617 58.6788
962 72.9617 58.6788
975 72.9773 58.3167
850 73.0128 57.4975
143 73.0464 56.7231
70 73.0626 56.3486
595 73.0769 56.0175
644 73.2019 53.1379
650 73.2019 53.1379
466 73.322 53.0292
425 73.4124 52.9474
117 73.5006 52.8676
190 73.596 52.7812
553 73.6978 52.6891
941 73.7992 52.5974
102 73.9038 52.5028
29 74.0131 52.4038
920 74.1152 52.3114
670 74.2144 52.2216
767 74.3115 52.1339
583 74.4163 52.0389
967 74.5234 51.9421
195 74.6292 51.8463
232 74.7312 51.754
609 74.8306 51.6641
926 74.923 51.5805
274 75.0199 51.4928
323 75.0199 51.4928
592 79.7871 50.8262
497 86.6737 49.8631
198 86.6724 49.7617
932 86.6711 49.6598
506 86.6697 49.5553
387 86.6683 49.4477
838 86.6668 49.3377
951 86.6654 49.2266
170 86.6639 49.1137
884 86.6624 49.0008
107 86.6609 48.8867
136 86.6594 48.7704
684 86.6578 48.6508
242 86.6309 46.5049
520 86.5886 43.1289
835 86.5569 40.6078
745 86.5258 38.1287
33 86.4812 34.5704
98 86.4386 31.1684
590 86.3978 27.9133
345 86.3464 23.807
627 86.3041 20.4348
483 86.2684 17.5916
979 86.2684 17.5916
260 86.2683 17.5916
243 84.6185 18.2254
