0,581,721,504,176,24,598,777,103,821,781,6,295,865,785,831,959,27,819,555,164,55,883,407,337,26,351,669,363,704,518,488,573,310,287,643,121,641,915,284,486,626,439,307,354,64,653,421,289,834,934,257,586,261,111,869,822,829,853,709,221,379,205,787,687,414,529,706,811,467,278,160,848,692,566,480,191,358,419,355,681,377,930,458,716,69,634,751,873,19,217,276,870,844,594,790,197,828,66,862,917,935,209,250,492,906,117,675,143,314,70,190,978,188,793,357,923,842,606,670,63,621,286,810,538,35,577,644,964,519,43,498,875,342,843,194,471,85,945,293,623,186,485,472,625,262,216,308,910,715,683,163,743,779,523,127,576,765,264,101,533,54,558,161,56,410,804,596,901,59,922,237,210,599,645,778,912,30,903,732,929,104,267,965,459,291,175,601,225,537,80,350,730,171,676,493,252,540,878,986,563,571,215,954,872,226,662,689,501,614,144,404,649,861,270,638,172,365,21,591,16,976,333,428,924,587,416,773,548,189,859,44,608,120,92,230,786,73,918,490,789,574,697,41,604,578,223,919,339,31,253,141,946,550,726,88,275,825,244,680,635,916,113,361,443,658,487,429,479,502,950,927,551,552,266,454,701,411,338,888,640,79,720,349,132,451,329,390,510,327,359,99,600,220,526,196,839,797,972,971,897,735,957,733,729,788,981,841,705,908,352,174,698,723,507,772,524,34,846,81,279,382,655,397,137,370,748,147,38,783,891,603,756,155,356,525,269,913,89,461,809,452,512,989,619,151,403,388,302,180,876,508,522,413,324,49,7,182,664,616,899,549,402,474,710,824,702,836,65,985,8,682,211,254,299,366,246,602,629,362,646,588,722,881,812,187,572,258,74,331,412,455,673,348,963,674,902,61,741,268,4,10,86,661,312,794,652,328,898,133,958,943,514,679,663,11,125,612,475,32,228,476,87,700,496,423,535,148,771,37,688,949,545,938,422,543,142,438,78,131,633,128,849,527,100,489,691,391,758,565,858,373,677,703,336,936,863,303,57,47,123,505,463,384,46,770,534,749,214,116,708,499,330,157,341,222,154,990,283,542,805,909,212,731,255,764,166,122,939,734,665,445,686,119,347,517,233,956,218,739,272,925,747,3,784,162,234,482,97,760,192,630,219,130,531,427,371,860,376,970,374,728,948,381,589,966,77,717,879,398,277,14,298,799,607,114,184,503,500,207,554,890,457,178,667,400,657,718,556,75,90,153,639,615,447,570,719,944,694,444,914,905,203,240,316,326,433,401,759,546,386,803,436,108,95,224,780,991,628,678,169,442,247,431,300,892,560,699,249,796,48,346,168,886,263,321,955,830,969,585,138,213,405,236,364,736,547,446,39,693,988,15,827,435,750,380,711,868,325,982,301,200,426,815,360,792,304,557,637,568,106,953,1,199,495,469,58,183,885,368,167,76,695,115,50,714,36,768,631,17,871,712,296,441,430,696,757,610,593,808,399,93,651,753,462,973,933,227,776,13,833,456,409,521,491,611,306,288,569,877,265,20,139,974,960,28,761,424,150,672,392,256,22,96,470,418,231,613,448,271,72,738,124,2,795,437,60,241,309,394,806,129,305,389,618,713,343,181,408,539,239,206,449,866,532,146,375,707,752,434,737,766,541,874,559,53,105,165,763,156,814,961,5,624,82,40,562,118,642,940,530,887,516,126,896,313,62,23,895,536,315,582,229,987,801,992,882,880,567,280,259,367,511,851,746,980,911,774,344,952,353,158,273,251,185,856,149,202,464,584,415,580,285,984,42,465,620,318,813,666,817,544,297,864,823,775,937,245,931,177,481,71,369,317,52,816,378,145,845,622,575,983,820,928,725,473,893,494,854,135,159,25,528,742,322,685,450,889,332,372,660,311,648,417,204,740,385,201,51,837,650,152,962,654,290,83,393,818,440,671,477,12,460,904,867,18,727,395,744,406,690,320,754,140,857,832,840,294,484,617,802,855,248,769,800,109,782,453,509,755,947,292,636,826,193,659,921,564,561,807,319,179,335,112,724,91,94,134,513,396,340,762,847,235,632,282,84,597,468,798,595,968,894,432,9,281,515,208,668,605,767,791,852,579,941,553,850,238,478,647,173,67,656,975,68,383,967,387,102,110,334,926,942,900,907,45,466,745,323,609,195,232,425,583,420,684,107,497,170,977,242,136,506,198,838,951,932,29,835,592,274,920,520,590,33,884,98,345,627,979,483,260,243,
value : 568.437 running time : 29.994773
0 80 20
581 72.5779 17.8303
721 71.3825 17.4807
504 70.2834 17.1593
176 69.2148 16.8468
24 68.3264 16.587
598 67.4117 16.3194
777 66.425 16.0309
103 65.587 15.7858
821 59.1458 20.9558
781 58.4517 20.9199
6 57.7549 20.8838
295 57.0474 20.8472
865 56.2375 20.8053
785 56.2375 20.8053
831 56.2375 20.8053
959 56.2375 20.8053
27 56.2375 20.8053
819 55.2003 20.5776
555 53.7313 20.255
164 52.2787 19.936
55 50.857 19.6238
883 44.086 18.1368
407 41.9928 17.6772
337 40.947 17.4475
26 39.9376 17.2259
351 38.8939 16.9967
669 38.1709 16.8379
363 38.0093 16.8024
704 37.8478 16.767
518 37.6812 16.7304
488 27.3026 14.45
573 27.7231 15.5495
310 28.0661 16.4464
287 28.309 17.0816
643 29.2759 19.6101
121 30.4961 22.8011
641 30.4961 22.8011
915 30.8579 22.9539
284 31.2294 23.1109
486 31.6035 23.269
626 32.0084 23.44
439 32.3903 23.6014
307 32.8302 23.7872
354 33.276 23.9756
64 33.8006 24.1972
653 34.3818 24.4428
421 34.3178 27.6147
289 34.3178 27.6147
834 34.2444 27.8739
934 34.1781 28.1079
257 34.1006 28.3817
586 34.0354 28.6121
261 33.972 28.836
111 33.9021 29.0826
869 33.8159 29.3872
822 33.7481 29.6266
829 33.666 29.9166
853 33.7369 29.9856
709 33.7904 30.0377
221 33.8511 30.0968
379 33.9199 30.1638
205 33.9825 30.2247
787 34.431 30.6615
687 34.943 31.16
414 35.3649 31.5709
529 36.1771 31.7516
706 37.0206 31.9392
811 37.8275 32.1187
467 39.087 32.3989
278 40.2616 32.6602
160 42.4281 33.1423
848 45.2588 33.7725
692 45.5718 33.8421
566 45.9139 33.9182
480 46.5968 34.0701
191 47.4813 34.2668
358 49.4316 34.7009
419 49.4316 34.7009
355 49.5223 34.8302
681 49.6051 34.9484
377 49.6919 35.0721
930 49.7708 35.1847
458 49.8454 35.2912
716 49.9207 35.3986
69 49.9985 35.5096
634 50.07 35.6116
751 50.1337 35.7024
873 50.1996 35.7964
19 50.2788 35.9094
217 50.3622 36.0283
276 50.4316 36.1273
870 50.5002 36.2252
844 50.5661 36.3192
594 50.6351 36.4176
790 50.6957 36.5041
197 50.7644 36.6021
828 50.834 36.7013
66 50.9005 36.7962
862 50.9627 36.885
917 51.0299 36.9808
935 51.4564 37.5894
209 51.9111 38.2381
250 52.5343 39.1272
492 53.7279 40.8294
906 54.7383 42.2708
117 55.7963 43.7798
675 56.3428 44.5595
143 56.8846 45.3325
314 57.2716 45.8847
70 57.7003 46.4963
190 58.0602 47.0097
978 58.0602 47.0097
188 58.0602 47.0097
793 58.0602 47.0097
357 58.0602 47.0097
923 58.0602 47.0097
842 58.7405 47.1295
606 59.3096 47.2298
670 59.848 47.3246
63 57.1541 49.0437
621 54.7196 50.5971
286 54.5101 50.7309
810 54.2985 50.8659
538 54.095 50.9958
35 53.8666 51.1415
577 53.6468 51.2818
644 53.4512 51.4066
964 53.1651 51.5892
519 53.0585 51.6572
43 52.9525 51.7249
498 52.784 51.8324
875 52.6479 51.9192
342 52.4857 52.0228
843 52.3373 52.1175
194 52.1824 52.2163
471 52.0456 52.3036
85 51.9471 52.3665
945 51.8332 52.4392
293 51.7323 52.5036
623 51.6236 52.573
186 51.5066 52.6476
485 51.398 52.7169
472 50.2456 53.4526
625 49.121 54.1704
262 47.7049 55.0743
216 45.3654 56.5675
308 42.7961 58.2074
910 42.6082 58.3274
715 42.4926 58.4011
683 42.3829 58.4712
163 42.2721 58.5418
743 42.1755 58.6035
779 42.0652 58.6739
523 41.9592 58.7416
127 41.8655 58.8014
576 41.7597 58.8689
765 41.6549 58.9358
264 41.5595 58.9967
101 41.4622 59.0588
533 41.3442 59.1341
54 41.2322 59.2056
558 41.1295 59.2712
161 41.0244 59.3383
56 40.1071 59.9238
410 39.2521 60.4695
804 38.3914 61.0189
596 37.5143 61.5788
901 36.6838 62.1089
59 36.1009 62.481
922 36.1009 62.481
237 36.1009 62.481
210 36.1009 62.481
599 36.1009 62.481
645 36.1009 62.481
778 36.1009 62.481
912 35.8955 62.776
30 35.695 63.0641
903 35.4775 63.3764
732 35.3043 63.6252
929 35.1034 63.9139
104 34.8905 64.2197
267 34.6664 64.5416
965 34.4379 64.8698
459 34.2605 65.1246
291 34.0574 65.4164
175 33.8442 65.7226
601 33.6083 66.0615
225 34.5013 67.4526
537 35.1765 68.5044
80 35.4112 68.8701
350 35.6354 69.2193
730 35.8251 69.5149
171 36.0169 69.8137
676 36.2051 70.1068
493 36.39 70.3948
252 36.754 70.962
540 37.0754 71.4625
878 37.353 71.8951
986 37.6751 72.3969
563 37.7984 72.5888
571 37.8909 72.7331
215 38.0234 72.9394
954 38.1281 73.1024
872 38.2388 73.275
226 38.3496 73.4476
662 38.4565 73.614
689 38.5615 73.7777
501 38.6663 73.9409
614 39.0962 74.6107
144 39.4738 75.1989
404 39.8307 75.7548
649 40.2611 76.4253
861 40.6615 77.049
270 39.3298 77.0473
638 38.1605 77.0457
172 37.4157 77.0446
365 36.8171 77.0438
21 35.6279 77.0422
591 34.5159 77.0407
16 33.4789 77.0393
976 32.6008 77.0381
333 31.3925 77.0365
428 30.4243 77.0352
924 29.4992 77.0339
587 29.5451 77.7441
416 29.8489 82.4694
773 29.8489 82.4694
548 29.8489 82.4694
189 29.1035 82.4273
859 28.3481 82.3846
44 27.6136 82.343
608 27.6136 82.343
120 27.6136 82.343
92 27.6136 82.343
230 27.6136 82.343
786 27.596 82.3339
73 27.2351 82.1462
918 26.8578 81.95
490 26.4309 81.728
789 26.0239 81.5164
574 25.6549 81.3245
697 25.3012 81.1405
41 24.9552 80.9607
604 24.6035 80.7777
578 24.2474 80.5926
223 23.9161 80.4203
919 23.5417 80.2257
339 22.6493 79.7615
31 21.8974 79.3706
253 21.8974 79.3706
141 21.8974 79.3706
946 21.8926 78.9904
550 21.8883 78.6487
726 21.8838 78.2999
88 21.8797 77.9729
275 21.8748 77.589
825 21.8712 77.3034
244 21.8674 77.001
680 21.8628 76.6397
635 21.8592 76.3576
916 21.856 76.105
113 21.8502 75.653
361 21.8451 75.2472
443 21.8403 74.868
658 21.8353 74.4737
487 21.8303 74.0802
429 21.8249 73.6524
479 21.8198 73.2492
502 21.8143 72.8196
950 21.8093 72.423
927 21.8041 72.0105
551 21.7993 71.6333
552 21.7935 71.179
266 21.7884 70.7767
454 21.7832 70.3621
701 21.7766 69.843
411 21.7697 69.2977
338 21.7634 68.8076
888 21.7574 68.3332
640 21.7499 67.7443
79 21.7443 67.3023
720 21.7395 66.9257
349 21.7347 66.5467
132 21.73 66.1729
451 21.7248 65.7676
329 21.7203 65.4086
390 21.7158 65.0559
510 21.7109 64.6709
327 21.7075 64.3961
359 21.7036 64.0883
99 21.6995 63.7705
600 21.6947 63.3925
220 21.6893 62.9636
526 21.6805 62.2671
196 21.6679 61.2763
839 21.6563 60.3629
797 21.072 58.4853
972 20.9873 58.213
971 20.9163 57.9848
897 20.8184 57.6704
735 20.7189 57.3506
957 20.6236 57.0441
733 20.5188 56.7074
729 20.4047 56.3407
788 20.2878 55.9649
981 20.1356 55.4761
841 19.9722 54.9508
705 19.9722 54.9508
908 19.9722 54.9508
352 19.9722 54.9508
174 19.9722 54.9508
698 19.9722 54.9508
723 19.9722 54.9508
507 19.9722 54.9508
772 19.9722 54.9508
524 19.9722 54.9508
34 19.9722 54.9508
846 19.9722 54.9508
81 19.9722 54.9508
279 21.415 54.2981
382 22.9739 53.5928
655 24.6035 52.8555
397 25.3612 52.5129
137 26.0732 52.191
370 29.5396 49.9854
748 29.8106 49.8129
147 30.0798 49.6416
38 30.3461 49.4722
783 30.6123 49.3028
891 30.8522 49.1503
603 31.0983 48.9937
756 31.3558 48.8298
155 31.6747 48.6269
356 31.6747 48.6269
525 31.6748 48.6269
269 31.6748 48.6269
913 31.6748 48.6269
89 31.6748 48.6269
461 31.6748 48.6269
809 31.6748 48.6269
452 32.2707 47.388
512 32.0961 47.2861
989 31.7975 47.112
619 31.483 46.9286
151 31.1787 46.7511
403 30.8926 46.5843
388 30.6475 46.4413
302 30.4161 46.3064
180 30.1901 46.1746
876 29.9106 46.0116
508 29.6199 45.8421
522 29.3482 45.6837
413 28.6334 45.2668
324 27.9056 44.8423
49 27.1781 44.4181
7 26.0218 43.7436
182 23.9866 42.5561
664 23.0813 40.1383
616 22.0527 37.3909
899 20.5221 33.3031
549 20.0309 31.9908
402 19.368 30.2205
474 19.0244 29.3025
710 18.7346 28.5284
824 18.5028 27.9093
702 18.2349 27.1936
836 18.0238 26.6297
65 17.8071 26.0509
985 17.4881 25.199
8 15.4019 19.6275
682 15.4019 19.6275
211 15.4019 19.6275
254 15.4019 19.6275
299 15.4019 19.6275
366 15.4019 19.6275
246 15.4019 19.6275
602 15.0913 19.3767
629 13.4678 18.0662
362 12.8754 17.588
646 12.3346 17.1514
588 11.9174 16.8147
722 11.4512 16.4383
881 11.2085 16.2424
812 10.9783 16.0566
187 10.9788 17.0727
572 10.9793 18.0461
258 10.9796 18.7058
74 10.9799 19.2802
331 10.9801 19.7076
412 10.9803 20.1262
455 10.9805 20.598
673 10.9807 21.0303
348 10.9809 21.4234
963 10.9811 21.8833
674 10.9813 22.2965
902 10.9816 22.7831
61 10.9818 23.2533
741 10.9825 24.6722
268 10.9833 26.3804
4 10.9841 27.9206
10 10.9848 29.5706
86 10.9853 30.5161
661 10.9858 31.4322
312 10.9867 33.416
794 10.9869 33.9133
652 10.9873 34.6722
328 10.9874 34.8818
898 11.0222 34.9115
133 11.359 35.1982
958 11.7301 35.5142
943 12.0923 35.8226
514 12.4299 36.11
679 19.426 42.0675
663 19.3784 42.2654
11 19.3392 42.4288
125 19.3005 42.5895
612 19.2599 42.7586
475 19.2122 42.9571
32 19.1692 43.1359
228 19.1226 43.3299
476 19.0795 43.509
87 19.039 43.6772
700 18.9636 43.9912
496 18.8829 44.3267
423 18.8092 44.6334
535 18.7359 44.9383
148 18.658 45.2622
771 18.5798 45.5876
37 18.5047 45.9001
688 18.4208 46.249
949 18.4208 46.249
545 18.4208 46.249
938 17.9115 46.6258
422 17.439 46.9753
543 17.0416 47.2693
142 16.5126 47.6607
438 16.0003 48.0397
78 14.7488 48.9656
131 11.6862 51.2315
633 11.6862 51.2315
128 11.5502 51.1782
849 11.4505 51.1392
527 11.36 51.1037
100 11.2766 51.071
489 11.1913 51.0376
691 11.1188 51.0091
391 11.035 50.9763
758 10.9372 50.938
565 10.8381 50.8991
858 10.7377 50.8598
373 10.6238 50.8151
677 10.5276 50.7774
703 10.4279 50.7383
336 10.3242 50.6977
936 10.2072 50.6518
863 10.0917 50.6065
303 9.99189 50.5674
57 9.88797 50.5266
47 9.7846 50.4861
123 9.68878 50.4486
505 9.59346 50.4112
463 9.48993 50.3706
384 9.38485 50.3294
46 9.28494 50.2902
770 9.19527 50.2551
534 9.10509 50.2197
749 9.00214 50.1794
214 8.90074 50.1396
116 8.79688 50.0989
708 8.705 50.0629
499 8.60598 50.0241
330 8.60598 50.0241
157 8.60598 50.0241
341 8.60598 50.0241
222 8.60598 50.0241
154 8.60598 50.0241
990 8.60598 50.0241
283 8.60598 50.0241
542 8.72598 50.6492
805 8.83733 51.2291
909 8.94298 51.7793
212 9.05058 52.3398
731 9.32605 53.7751
255 9.94537 57.0035
764 10.0738 57.6723
166 10.1858 58.2557
122 10.3121 58.9135
939 10.5083 59.9359
734 10.6479 60.6631
665 10.7727 61.3132
445 10.8724 61.8322
686 10.8724 61.8322
119 10.8724 61.8322
347 10.8724 61.8322
517 10.8724 61.8322
233 10.8724 61.8322
956 10.8672 62.027
218 10.8598 62.3027
739 10.851 62.6325
272 10.843 62.9311
925 10.8361 63.1906
747 10.828 63.4931
3 10.8196 63.8049
784 10.8116 64.1047
162 10.8031 64.4227
234 10.7961 64.686
482 10.7879 64.9927
97 10.78 65.2871
760 10.773 65.5506
192 10.7649 65.8528
630 10.7567 66.1606
219 10.7489 66.45
130 10.7413 66.7352
531 10.7339 67.0115
427 10.7246 67.3594
371 10.7162 67.6762
860 10.7071 68.0163
376 10.6997 68.2921
970 10.6914 68.6019
374 10.6823 68.942
728 10.6748 69.2245
948 10.6685 69.4574
381 10.6623 69.6922
589 10.6561 69.9231
966 10.6483 70.2163
77 10.6406 70.5009
717 10.6326 70.802
879 10.6245 71.1067
398 10.6163 71.4134
277 10.6081 71.7174
14 10.5998 72.0273
298 10.591 72.3571
799 10.5831 72.6525
607 10.5743 72.9845
114 10.5656 73.3095
184 10.554 73.7409
503 10.5452 74.0696
500 10.5359 74.4173
207 10.5268 74.7608
554 10.5165 75.1459
890 10.5078 75.4686
457 10.4995 75.7798
178 10.4911 76.0959
667 10.4838 76.3685
400 10.4752 76.6895
657 10.4661 77.0279
718 10.4561 77.4023
556 10.4486 77.6819
75 10.4401 78.0025
90 10.4319 78.3089
153 10.4238 78.612
639 10.4174 78.8489
615 10.4097 79.1367
447 10.4018 79.4352
570 10.4011 79.4587
719 10.4004 79.4841
944 10.3998 79.5071
694 10.3992 79.5297
444 10.3935 79.7418
914 10.3882 79.9386
905 10.3852 80.0518
203 10.3821 80.1675
240 10.3789 80.2864
316 10.3757 80.4056
326 10.373 80.5072
433 10.3695 80.635
401 10.3657 80.7768
759 10.3625 80.8986
546 10.3591 81.025
386 10.3555 81.1592
803 10.3523 81.2767
436 10.3495 81.3826
108 10.3463 81.5009
95 10.3433 81.6098
224 10.3407 81.7094
780 10.3334 81.9815
991 10.3257 82.2661
628 10.3166 82.6037
678 10.3079 82.9291
169 10.3026 83.1255
442 10.2971 83.3288
247 10.2921 83.5161
431 10.2874 83.6912
300 10.2822 83.8846
892 10.2775 84.0581
560 10.2729 84.2311
699 10.2675 84.43
249 10.2626 84.6134
796 10.2581 84.7815
48 10.2527 84.9798
346 10.2477 85.165
168 10.2419 85.3805
886 10.2331 85.7088
263 10.2236 86.061
321 10.2156 86.3619
955 10.206 86.7186
830 10.1959 87.095
969 10.1761 87.831
585 10.1587 88.4774
138 10.1439 89.026
213 10.1294 89.5664
405 10.129 89.5818
236 10.1286 89.5967
364 10.1282 89.6111
736 10.1278 89.6258
547 10.1274 89.6413
446 10.1269 89.6571
39 10.1264 89.6743
693 10.126 89.6897
988 10.1256 89.707
15 10.3515 89.6997
827 10.4959 89.695
435 10.6564 89.6899
750 10.826 89.6844
380 10.9818 89.6794
711 11.1487 89.674
868 11.3134 89.6686
325 11.5057 89.6624
982 11.6795 89.6568
301 11.8469 89.6514
200 12.0214 89.6458
426 12.194 89.6402
815 12.4206 89.6329
360 12.6461 89.6256
792 12.8328 89.6196
304 13.0628 89.6122
557 13.2943 89.6047
637 13.5035 89.5979
568 13.7252 89.5908
106 13.9441 89.5837
953 14.2124 89.575
1 14.7134 89.5589
199 15.2265 89.5423
495 15.8294 89.5229
469 16.4159 89.5041
58 16.962 89.4865
183 17.4762 89.4699
885 17.9983 89.453
368 18.483 89.4374
167 18.9794 89.4214
76 19.2152 89.4138
695 19.4351 89.4067
115 19.6637 89.3993
50 19.9102 89.3913
714 20.1495 89.3836
36 20.3955 89.3757
768 20.6238 89.3683
631 20.8535 89.3609
17 21.0294 89.3552
871 21.2245 89.3489
712 21.4256 89.3424
296 21.6522 89.3351
441 21.8166 89.3298
430 21.9994 89.3239
696 22.181 89.318
757 22.3596 89.3122
610 22.5248 89.3069
593 22.6859 89.3017
808 22.8623 89.296
399 23.0009 89.2915
93 23.1805 89.2857
651 23.3706 89.2795
753 23.5499 89.2738
462 23.7282 89.268
973 23.9192 89.2618
933 24.1655 89.2539
227 24.4087 89.246
776 24.7038 89.2365
13 25.0821 89.2243
833 25.5263 89.2099
456 25.9606 89.1959
409 26.4172 89.1812
521 26.8596 89.1669
491 27.3653 89.1506
611 28.2432 89.1223
306 29.1366 89.0936
288 30.1485 89.061
569 31.3575 89.0222
877 32.0312 89.0005
265 32.6412 88.9808
20 32.7582 88.977
139 32.8965 88.9726
974 33.0192 88.9686
960 33.1292 88.9651
28 33.2395 88.9615
761 33.356 88.9577
424 33.4796 88.9538
150 33.6355 88.9487
672 33.786 88.9439
392 33.9401 88.9389
256 34.0842 88.9343
22 34.2312 88.9296
96 34.3681 88.9251
470 34.5129 88.9205
418 34.6486 88.9161
231 34.8123 88.9108
613 34.9722 88.9057
448 35.1263 88.9007
271 35.2717 88.896
72 35.4233 88.8912
738 35.5707 88.8864
124 35.704 88.8821
2 35.9234 88.875
795 36.1467 88.8678
437 36.3888 88.86
60 36.6026 88.8531
241 37.23 88.8328
309 37.8315 88.8134
394 38.439 88.7938
806 39.0413 88.7744
129 39.7835 88.7505
305 40.5279 88.7265
389 41.2119 88.7045
618 41.9159 88.6818
713 41.9192 88.6817
343 41.9226 88.6816
181 41.9258 88.6815
408 41.9296 88.6813
539 41.9329 88.6812
239 41.9364 88.6811
206 41.9398 88.681
449 41.9432 88.6809
866 41.9468 88.6808
532 41.9503 88.6807
146 41.9534 88.6806
375 41.957 88.6804
707 41.9602 88.6803
752 41.964 88.6802
434 47.8682 88.4896
737 47.8683 88.4896
766 47.8683 88.4896
541 47.8968 88.4875
874 47.9234 88.4855
559 48.007 88.4793
53 48.0905 88.4731
105 48.1889 88.4658
165 48.2802 88.4591
763 48.3724 88.4522
156 48.47 88.445
814 48.5627 88.4381
961 48.6619 88.4308
5 48.756 88.4238
624 48.8572 88.4163
82 48.946 88.4097
40 49.0516 88.4019
562 49.1467 88.3949
118 49.257 88.3867
642 49.349 88.3799
940 49.4476 88.3726
530 49.5483 88.3651
887 49.6588 88.3569
516 49.7607 88.3494
126 49.8608 88.342
896 49.9723 88.3337
313 50.0746 88.3262
62 50.1735 88.3188
23 50.2724 88.3115
895 51.7788 87.4798
536 53.1612 86.7166
315 54.7151 85.8587
582 55.2862 85.5434
229 55.7178 85.3051
987 56.1311 85.0769
801 57.1951 86.7455
992 58.3984 88.6326
882 59.3832 90.1769
880 59.4264 90.1887
567 59.4737 90.2016
280 59.5142 90.2127
259 59.5576 90.2246
367 59.6006 90.2363
511 59.6431 90.248
851 59.7026 90.2643
746 59.7607 90.2802
980 59.9836 90.3412
911 60.203 90.4012
774 60.4077 90.4573
344 60.6364 90.5199
952 60.8902 90.5893
353 61.2065 90.6759
158 61.4342 90.7383
273 61.62 90.7891
251 61.8196 90.8437
185 61.9885 90.89
856 62.169 90.9394
149 62.37 90.9944
202 62.5337 91.0392
464 62.7197 91.0901
584 62.89 91.1367
415 63.0683 91.1855
580 65.5994 91.8787
285 65.5929 91.8628
984 65.5862 91.8465
42 65.5801 91.8313
465 65.5737 91.8157
620 65.568 91.8017
318 65.5618 91.7866
813 65.5551 91.7702
666 65.5487 91.7546
817 65.5423 91.7388
544 65.5354 91.7219
297 65.5275 91.7026
864 65.521 91.6867
823 64.765 90.9878
775 63.9724 90.2551
937 63.6884 89.9957
245 63.3999 89.7322
931 64.0369 89.6832
177 64.6703 89.6343
481 65.3162 89.5846
71 65.8587 89.5428
369 65.9495 89.5358
317 66.1956 89.5168
52 66.4494 89.4972
816 66.6895 89.4787
378 66.9701 89.4571
145 67.2658 89.4343
845 67.5456 89.4127
622 67.8185 89.3916
575 68.0962 89.3702
983 78.6354 88.5581
820 79.7107 88.4751
928 80.8252 88.3892
725 80.8547 88.3531
473 80.8817 88.3201
893 80.9054 88.2913
494 80.9314 88.2594
854 80.9583 88.2267
135 80.9873 88.1912
159 82.3524 86.5244
25 83.79 84.7691
528 84.2646 84.1895
742 84.5435 83.8487
322 84.8796 83.4383
685 85.278 82.9518
450 85.657 82.4889
889 85.821 82.2886
332 86.017 82.0493
372 86.017 82.0493
660 85.2551 81.6969
311 84.1369 81.1798
648 82.4999 80.4228
417 80.8854 79.6762
204 79.7097 79.1325
740 77.9967 78.3404
385 75.5419 77.2052
201 73.1365 76.0929
51 71.502 76.0012
837 70.1631 75.9261
650 68.8429 75.852
152 68.342 75.9627
962 67.7086 76.1027
654 67.0466 76.2489
290 66.4098 76.3897
83 65.7612 76.533
393 65.0754 76.6845
818 64.4166 76.8301
440 63.2531 77.0871
671 62.573 77.2374
477 61.9734 77.3699
12 61.6762 77.3722
460 61.4196 77.3741
904 61.1684 77.3761
867 60.9067 77.3781
18 60.3553 77.3824
727 59.7888 77.3868
395 59.1381 77.3918
744 58.4684 77.397
406 57.0878 77.408
690 56.183 77.415
320 53.1816 77.3779
754 53.1816 77.3779
140 52.2988 77.2392
857 51.3037 77.0829
832 50.3434 76.9321
840 49.9774 76.8745
294 49.9774 76.8745
484 49.9774 76.8745
617 49.9773 76.8745
802 49.9773 76.8745
855 49.9773 76.8745
248 49.9773 76.8745
769 49.9772 76.8745
800 49.9772 76.8745
109 49.9772 76.8745
782 49.9772 76.8745
453 49.9772 76.8745
509 49.9771 76.8745
755 49.5168 76.8016
947 49.0835 76.733
292 48.6458 76.6636
636 48.7368 76.4774
826 48.8253 76.2961
193 48.9098 76.1232
659 48.9989 75.9408
921 49.0982 75.7376
564 49.1838 75.5624
561 49.2724 75.381
807 49.3743 75.1725
319 49.4904 74.9349
179 49.6186 74.6724
335 49.7543 74.3945
112 49.8903 74.1162
724 50.003 73.8855
91 50.5966 72.6705
94 51.1905 71.4548
134 51.8419 70.1215
513 52.6847 68.3962
396 54.2938 65.1015
340 54.2938 65.1015
762 54.2938 65.1015
847 54.2938 65.1015
235 54.2938 65.1015
632 54.2938 65.1015
282 54.2938 65.1015
84 54.2938 65.1015
597 54.2938 65.1015
468 54.2938 65.1015
798 54.2938 65.1015
595 54.2938 65.1015
968 54.2938 65.1015
894 54.2938 65.1015
432 54.2938 65.1015
9 54.2938 65.1015
281 54.2938 65.1015
515 55.9003 64.899
208 57.2562 64.7281
668 58.6847 64.5481
605 60.0154 64.3804
767 61.5233 64.1903
791 62.4782 64.07
852 65.3721 63.7052
579 66.4965 63.5635
941 66.8783 62.651
553 67.2219 61.8296
850 67.222 61.8295
238 67.222 61.8294
478 67.222 61.8294
647 67.2221 61.8293
173 67.2221 61.8292
67 67.2221 61.8291
656 67.2222 61.829
975 67.2222 61.8289
68 67.2222 61.8289
383 67.2223 61.8288
967 68.343 58.5918
387 68.4897 58.1681
102 68.4897 58.1681
110 68.4897 58.1681
334 68.4897 58.1681
926 68.4897 58.1681
942 68.4897 58.1681
900 68.4897 58.1681
907 68.7859 55.8137
45 69.7904 47.8303
466 70.0555 47.9404
745 70.3106 48.0464
323 70.5551 48.148
609 70.8355 48.2645
195 71.1174 48.3817
232 71.3694 48.4864
425 71.6751 48.6134
583 71.9659 48.7342
420 72.2661 48.859
684 83.9213 49.2855
107 85.741 49.3521
497 87.0915 49.4016
170 87.0733 49.1862
977 87.0555 48.9759
242 87.0299 48.6721
136 87.0034 48.3587
506 86.9795 48.0755
198 86.9174 47.3403
838 86.8484 46.5235
951 86.7709 45.6058
932 86.6886 44.6318
29 86.5437 42.9163
835 86.5424 42.795
592 86.5412 42.6859
274 86.5399 42.5705
920 86.5388 42.466
520 86.5373 42.3279
590 86.5359 42.2013
33 86.5347 42.0893
884 86.5336 41.9967
98 86.4193 31.4445
345 86.3341 23.5992
627 86.3005 20.5244
979 86.2795 18.6024
483 86.2684 17.5916
260 86.2684 17.5916
243 85.3971 17.9264
