0,295,504,721,176,103,777,581,310,626,26,307,704,337,709,284,787,111,221,278,822,653,261,934,873,917,586,716,862,865,811,783,566,706,379,191,467,692,421,679,160,529,413,438,748,7,723,771,32,496,476,797,148,508,121,549,486,11,664,151,228,388,125,829,990,641,899,268,702,205,612,65,824,869,439,354,246,902,474,943,602,643,915,834,573,64,883,518,407,287,351,363,366,8,669,488,661,254,741,211,588,331,348,812,722,362,412,646,682,674,61,881,629,455,402,86,898,187,328,673,963,572,836,299,258,74,10,794,514,710,87,4,985,133,46,312,423,499,949,972,489,122,373,909,57,749,841,958,212,330,384,283,123,863,157,341,100,128,616,218,527,505,805,214,849,770,336,542,166,47,116,663,700,708,174,936,652,154,279,731,565,908,255,717,347,939,966,925,303,329,3,677,680,463,182,79,352,691,858,545,543,633,132,599,601,507,758,222,130,475,589,403,391,956,142,510,938,59,422,78,397,37,534,603,414,720,655,535,525,687,913,688,698,772,903,878,451,981,897,764,137,349,788,501,760,503,131,574,327,927,266,113,924,888,846,233,551,97,99,162,780,196,701,630,726,703,272,591,275,398,411,308,571,587,596,34,912,267,365,789,552,359,901,350,804,390,971,735,957,729,756,640,765,56,839,733,645,705,910,302,778,876,324,619,989,522,891,127,370,382,163,89,49,929,180,54,597,194,676,493,968,798,732,101,809,843,144,558,576,743,617,779,21,523,683,235,225,632,715,533,689,175,404,291,292,459,134,226,171,724,894,193,60,280,807,536,814,861,513,921,256,840,561,305,540,614,649,141,16,802,129,270,872,189,443,41,730,124,288,215,150,416,773,183,241,88,608,252,487,360,526,757,296,537,886,428,550,604,223,469,578,918,662,490,965,954,249,429,58,424,658,76,454,695,697,48,333,169,502,946,796,825,326,220,479,361,108,1,728,90,207,890,667,203,570,31,719,615,457,244,431,75,639,436,240,560,860,495,970,219,192,739,600,482,346,950,524,635,81,114,500,607,531,234,747,376,381,784,948,277,400,734,427,119,371,338,14,879,224,517,686,77,799,546,693,916,694,374,321,665,178,991,556,445,298,955,657,628,568,386,301,236,447,17,547,815,138,637,953,364,678,263,446,93,718,557,554,462,199,380,153,736,973,712,433,830,792,905,969,944,759,300,405,988,426,803,213,444,39,868,106,585,914,982,401,827,711,435,892,714,753,247,768,456,304,750,227,871,28,399,200,44,115,933,316,806,168,339,50,325,699,184,833,95,776,13,306,441,231,795,442,167,368,631,15,491,696,593,885,418,409,470,139,521,761,73,430,808,752,20,36,271,611,253,172,265,569,707,181,375,146,120,96,974,392,766,786,22,230,613,877,651,960,437,610,859,2,638,548,940,738,394,448,320,92,40,408,539,618,919,672,309,763,532,319,239,851,206,449,53,866,72,952,984,746,559,961,156,5,874,389,516,567,737,856,690,62,754,774,931,624,105,23,344,882,713,511,541,434,165,343,530,880,369,294,659,118,140,173,245,769,887,642,229,126,582,564,895,335,91,636,179,94,410,857,855,161,80,976,782,563,82,248,755,826,562,964,762,668,84,453,484,112,847,440,432,9,109,800,791,396,264,538,281,907,282,262,35,216,515,647,621,186,468,986,259,12,378,816,509,395,18,937,340,478,650,595,68,67,832,208,727,290,904,975,605,900,648,622,742,481,51,962,83,744,317,775,417,71,579,823,654,845,987,315,177,980,406,947,575,671,460,297,801,318,52,251,817,584,42,896,911,367,992,185,313,145,477,415,854,285,465,464,544,580,353,620,273,202,666,813,158,494,322,983,159,725,928,820,893,135,149,25,685,372,889,450,660,528,311,473,740,864,977,497,204,383,201,152,818,837,684,385,332,420,425,553,195,932,852,110,198,334,387,293,102,583,867,188,393,238,625,519,85,485,656,941,623,143,810,190,70,942,906,342,875,577,472,286,461,793,512,498,480,69,269,30,471,104,922,147,848,38,923,237,844,210,452,276,155,945,492,63,355,853,209,935,356,257,250,790,751,785,197,377,217,27,43,357,594,644,681,66,634,458,606,978,358,555,164,781,6,289,831,419,828,870,19,930,55,819,598,959,24,314,745,926,842,675,609,29,117,592,670,323,45,232,821,967,466,850,767,136,107,242,835,951,838,506,170,884,920,520,274,98,590,33,627,345,483,979,260,243,
value : 611.872 running time : 27.764400
0 80 20
295 72.7659 18.1978
504 70.4353 17.617
721 68.4715 17.1275
176 66.048 16.5235
103 63.9323 15.9962
777 60.944 17.1145
581 57.7194 18.3212
310 43.8887 23.4972
626 40.3903 24.8064
26 39.622 25.0939
307 38.8118 25.397
704 38.408 25.5481
337 37.9867 25.7058
709 37.5324 25.8758
284 37.16 26.0152
787 37.2767 26.2111
111 37.3965 26.4123
221 37.5232 26.6248
278 37.6943 26.912
822 37.8677 27.203
653 38.0501 27.5093
261 38.5684 28.3795
934 39.1398 29.3389
873 39.7579 30.3769
917 39.9478 31.7687
586 40.0988 32.8751
716 40.2458 33.9529
862 39.6399 34.0537
865 39.0066 34.159
811 38.2275 34.2887
783 37.5231 34.406
566 36.8465 34.5185
706 36.1919 34.6275
379 35.5099 34.7409
191 34.8501 34.8507
467 34.1748 34.9631
692 33.473 35.0798
421 32.7307 35.2034
679 31.7649 35.3642
160 30.7858 35.5273
529 29.7379 35.7019
413 28.6318 35.8862
438 27.9501 35.9942
748 27.2591 36.1037
7 26.5427 36.2173
723 25.8646 36.3247
771 25.1848 36.4323
32 24.7438 36.5023
496 24.3189 36.5697
476 24.3189 36.5697
797 24.3189 36.5697
148 24.3189 36.5697
508 24.3189 36.5697
121 24.2717 36.558
549 24.2226 36.5459
486 24.1746 36.5341
11 24.1258 36.522
664 24.0773 36.5101
151 24.0306 36.4985
228 23.9859 36.4875
388 24.0106 36.4126
125 24.0358 36.3359
829 24.0614 36.258
990 24.0881 36.1767
641 24.3273 35.4465
899 24.8959 33.713
268 25.4578 32.0004
702 25.9537 30.7
205 26.114 30.2794
612 26.2807 29.842
65 26.4658 29.3563
824 26.6995 28.7432
869 26.929 28.1412
439 27.1738 27.4992
354 27.3881 26.9369
246 27.5999 26.3813
902 27.7837 25.8992
474 27.9596 25.4377
943 28.1417 24.9598
602 28.423 24.2221
643 28.7424 23.3843
915 29.0409 22.6013
834 29.3746 21.726
573 30.369 19.1193
64 31.0424 17.3536
883 31.8225 15.3085
518 32.7243 12.9443
407 31.5866 13.0302
287 30.3467 13.1239
351 28.8644 13.2359
363 27.155 13.3651
366 25.373 13.5
8 24.1239 13.5943
669 22.8898 13.6875
488 21.4643 13.7952
661 20.0164 13.9046
254 18.7792 13.998
741 17.562 14.09
211 16.4639 14.1729
588 15.4357 14.2505
331 14.4708 14.3233
348 14.0031 14.3585
812 13.5512 14.3926
722 13.4546 14.7844
362 13.2956 15.4284
412 13.1354 16.0779
646 12.9809 16.7037
682 12.8323 17.3061
674 12.6837 17.9083
61 12.5367 18.504
881 12.3866 19.1122
629 12.1547 20.0515
455 11.8154 21.4237
402 11.4421 22.9338
86 11.1006 24.3155
898 11.1006 24.3155
187 11.1006 24.3155
328 10.7197 34.3389
673 10.7197 34.3389
963 10.7197 34.3389
572 10.72 34.4212
836 10.7204 34.5049
299 10.7208 34.5894
258 10.7211 34.6774
74 10.7221 34.9117
10 10.7231 35.1723
794 10.7242 35.4346
514 10.7254 35.745
710 10.7267 36.0818
87 10.7281 36.4266
4 10.7295 36.7962
985 10.7332 37.8065
133 10.7371 38.8824
46 10.7414 40.0839
312 10.7458 41.3313
423 10.7504 42.606
499 10.7547 43.8036
949 10.7601 45.3621
972 10.7651 46.7856
489 10.7703 48.2377
122 10.7751 49.5708
373 10.7751 49.5708
909 10.7751 49.5708
57 10.7751 49.5708
749 10.7751 49.5708
841 10.7751 49.5708
958 10.7751 49.5708
212 10.7751 49.5708
330 10.7751 49.5708
384 10.7751 49.5708
283 10.7751 49.5708
123 10.7751 49.5708
863 10.7751 49.5708
157 10.7751 49.5708
341 10.7751 49.5708
100 10.7751 49.5708
128 10.7751 49.5708
616 10.7751 49.5708
218 10.7751 49.5708
527 10.7751 49.5708
505 10.7751 49.5708
805 10.7751 49.5708
214 10.7751 49.5708
849 10.7751 49.5708
770 10.7751 49.5708
336 10.7751 49.5708
542 10.7751 49.5708
166 10.7751 49.5708
47 10.7751 49.5708
116 10.7751 49.5708
663 10.7751 49.5708
700 10.7751 49.5708
708 10.7849 49.5908
174 10.7949 49.6112
936 10.8047 49.6312
652 10.8145 49.6512
154 10.8244 49.6713
279 10.8343 49.6916
731 10.8442 49.7116
565 10.8543 49.7323
908 10.8643 49.7526
255 8.87583 56.7784
717 8.54786 57.9379
347 8.38295 58.5211
939 8.24423 59.0117
966 8.12763 59.4242
925 8.7767 59.13
303 9.49986 58.8022
329 10.202 58.484
3 10.6264 58.2917
677 11.0893 58.0818
680 11.5385 57.8783
463 12.9345 57.2456
182 14.3256 56.6151
79 15.4455 56.1075
352 16.0193 55.8475
691 16.6239 55.5734
858 17.228 55.2997
545 17.7789 55.05
543 18.166 54.8745
633 18.2651 54.8296
132 18.3603 54.7864
599 18.5162 54.7158
601 18.6479 54.6561
507 18.8008 54.5868
758 18.9474 54.5204
222 19.0922 54.4547
130 19.2773 54.3709
475 19.562 54.2418
589 19.7837 54.1413
403 20.1447 53.9777
391 20.4575 53.8359
956 20.7545 53.7013
142 21.057 53.5642
510 21.3556 53.4289
938 21.6323 53.3035
59 21.9147 53.1755
422 22.1877 53.0517
78 22.4734 52.9222
397 22.6828 52.8274
37 22.867 52.7439
534 23.0361 52.6672
603 23.2983 52.5484
414 23.5291 52.4438
720 23.5291 52.4438
655 24.1213 52.0736
535 24.6165 51.764
525 25.0851 51.471
687 25.5313 51.1922
913 25.3431 52.5242
688 25.1027 54.2257
698 24.8168 56.2489
772 24.3558 59.5129
903 24.0429 61.7277
878 23.781 63.582
451 23.3502 63.8048
981 22.9151 64.0299
897 22.4834 64.2533
764 22.0562 64.4742
137 21.6208 64.6995
349 20.9902 65.0258
788 20.3201 65.3725
501 19.5406 65.7759
760 18.6241 66.2502
503 18.6466 66.4768
131 18.6706 66.7183
574 18.6942 66.956
327 18.7168 67.1831
927 18.7389 67.4059
266 18.7603 67.6213
113 18.782 67.8397
924 18.8038 68.0586
888 18.8249 68.271
846 18.8462 68.4852
233 18.8676 68.7001
551 18.8979 69.0054
97 18.9295 69.324
99 18.96 69.6312
162 18.9905 69.9388
780 19.0198 70.2332
196 19.0198 70.2332
701 19.0198 70.2332
630 19.0198 70.2332
726 19.0198 70.2332
703 19.0198 70.2332
272 20.1599 69.9137
591 21.4165 69.5616
275 22.3372 69.3035
398 23.2232 69.0551
411 24.1791 68.7872
308 25.1851 68.5053
571 25.9942 68.2784
587 26.7629 68.0629
596 27.4942 67.8579
34 28.1884 67.6632
912 28.8688 67.4725
267 29.487 67.2991
365 30.0366 67.1449
789 30.5522 67.0003
552 31.1143 66.8427
359 31.8482 66.6369
901 32.5973 66.4269
350 33.3854 66.206
804 33.5096 65.7276
390 33.6298 65.2647
971 33.7476 64.8106
735 33.8843 64.2843
957 33.9887 63.8818
729 34.091 63.488
756 34.1899 63.1069
640 34.2815 62.7542
765 34.3692 62.4163
56 34.4555 62.0842
839 34.5452 61.7385
733 34.6331 61.4
645 34.7267 61.0393
705 34.8229 60.6689
910 35.1361 59.6841
302 35.5278 58.4531
778 35.7329 57.8083
876 35.9265 57.1995
324 36.1083 56.6276
619 36.3347 55.916
989 36.4882 55.4331
522 36.4859 55.468
891 36.4835 55.5032
127 36.481 55.5387
370 36.4786 55.5742
382 36.4762 55.6093
163 38.2251 56.6546
89 38.4726 56.8026
49 38.7465 56.9663
929 39.0685 57.1587
180 39.4148 57.3657
54 39.8011 57.5966
597 40.174 57.8195
194 40.5118 58.0214
676 41.1906 58.4271
493 41.7265 58.7474
968 42.6303 59.2876
798 42.6303 59.2876
732 42.6303 59.2876
101 42.6303 59.2876
809 42.6303 59.2876
843 42.6303 59.2876
144 42.4718 62.677
558 42.4458 63.2376
576 42.4198 63.7978
743 42.3924 64.3854
617 42.3644 64.989
779 42.3377 65.563
21 42.3117 66.1244
523 42.2878 66.6383
683 42.2645 67.1404
235 42.2405 67.6564
225 42.2163 68.1777
632 42.1926 68.6881
715 42.1744 69.0809
533 42.1559 69.4804
689 42.112 70.4239
175 42.0861 70.9816
404 42.0581 71.5847
291 42.0285 72.2198
292 41.9912 73.0233
459 41.967 73.5441
134 41.9372 74.1855
226 41.9053 74.8711
171 41.8732 75.562
724 41.8357 76.3683
894 41.7943 77.2583
193 41.7454 78.3094
60 41.7003 79.278
280 41.6815 79.6828
807 41.5406 80.5465
536 41.4018 81.3971
814 41.2298 81.3918
861 41.0498 81.3863
513 40.861 81.3805
921 40.6696 81.3747
256 40.4665 81.3685
840 40.2359 81.3614
561 40.0055 81.3544
305 39.7716 81.3472
540 39.4559 81.3376
614 39.1498 81.3283
649 38.8382 81.3188
141 38.5321 81.3095
16 38.23 81.3003
802 37.9447 81.2915
129 36.8592 81.2589
270 35.7092 81.2244
872 34.5224 81.1888
189 33.2885 81.1517
443 32.1798 81.1184
41 31.8109 81.1072
730 31.4403 81.0959
124 31.0614 81.0844
288 30.6937 81.0732
215 30.691 81.0731
150 30.688 81.073
416 30.6852 81.0729
773 28.9283 81.0203
183 26.8498 80.958
241 26.8498 80.958
88 26.6971 80.8492
608 26.531 80.7307
252 26.359 80.6082
487 26.1996 80.4945
360 26.034 80.3765
526 25.8741 80.2625
757 25.7145 80.1487
296 25.5577 80.0369
537 25.4083 79.9304
886 25.2558 79.8217
428 25.0941 79.7065
550 24.937 79.5944
604 24.779 79.4818
223 24.622 79.3699
469 24.4711 79.2623
578 24.3061 79.1447
918 24.1444 79.0294
662 23.8935 78.8506
490 23.612 78.6501
965 23.3263 78.4466
954 22.7488 78.4797
249 22.1649 78.5131
429 21.5618 78.5476
58 21.0367 78.5777
424 20.5058 78.6081
658 19.9624 78.6392
76 19.4033 78.6713
454 18.7765 78.7071
695 18.0096 78.7509
697 17.1808 78.7983
48 16.3667 78.8447
333 15.508 78.8938
169 14.6908 78.9403
502 14.6071 78.9452
946 14.5223 78.9501
796 14.4409 78.9548
825 14.3577 78.9596
326 14.2738 78.9645
220 14.1899 78.9693
479 14.1057 78.9742
361 14.0212 78.9791
108 13.935 78.9841
1 13.8546 78.9887
728 12.7362 77.5244
90 11.8286 76.3363
207 11.7272 76.2034
890 11.7202 76.1943
667 11.713 76.1849
203 11.7064 76.1762
570 11.6995 76.1672
31 11.6927 76.1583
719 11.6857 76.1491
615 11.6599 76.1154
457 11.6338 76.0811
244 11.6067 76.0458
431 11.5807 76.0117
75 11.5556 75.9789
639 11.5304 75.946
436 11.5031 75.9102
240 11.4766 75.8756
560 11.4499 75.8406
860 11.4237 75.8064
495 11.3964 75.7706
970 11.3683 75.7339
219 11.3388 75.6952
192 11.308 75.6549
739 11.2823 75.6213
600 11.256 75.587
482 11.2317 75.5551
346 11.2057 75.5211
950 11.1797 75.4871
524 11.155 75.4547
635 11.155 75.4547
81 10.4143 74.5201
114 9.70817 73.629
500 9.08846 72.8469
607 8.51005 72.1169
531 7.95642 71.4183
234 7.96798 71.5221
747 7.98192 71.6474
376 7.9975 71.7876
381 8.01394 71.9354
784 8.03083 72.0873
948 8.04969 72.2569
277 8.06868 72.4278
400 8.08819 72.6033
734 8.1075 72.777
427 8.12826 72.9637
119 8.14944 73.1543
371 8.17125 73.3504
338 8.1954 73.5677
14 8.22054 73.794
879 8.24744 74.036
224 8.27607 74.2937
517 8.30517 74.5556
686 8.33773 74.8486
77 8.37218 75.1586
799 8.4353 75.7271
546 8.60183 77.2283
693 8.72705 78.3569
916 8.74598 78.5272
694 8.76197 78.671
374 8.78056 78.8382
321 8.79943 79.0079
665 8.81842 79.1788
178 8.84235 79.3942
991 8.8661 79.6078
556 8.89063 79.8286
445 8.91614 80.0581
298 8.96625 80.5092
955 9.03095 81.0919
657 9.09635 81.6808
628 9.18558 82.4846
568 9.26928 83.2385
386 9.32455 83.7361
301 9.3701 84.1461
236 9.41168 84.5205
447 9.43509 84.7311
17 9.45722 84.9302
547 9.47664 85.105
815 9.49583 85.2776
138 9.51478 85.4481
637 9.53225 85.6052
953 9.5494 85.7595
364 9.56608 85.9095
678 9.58246 86.0569
263 9.59795 86.1962
446 9.61337 86.3349
93 9.62854 86.4714
718 9.64365 86.6072
557 9.65878 86.7433
554 9.67361 86.8767
462 9.69585 87.0768
199 9.71497 87.2488
380 9.73349 87.4154
153 9.74117 87.4844
736 9.7489 87.5539
973 9.75675 87.6245
712 9.76425 87.692
433 9.77149 87.757
830 9.77942 87.8283
792 9.79533 87.9714
905 9.81171 88.1188
969 9.82877 88.2722
944 9.84546 88.4223
759 9.87134 88.6551
300 9.90156 88.9272
405 9.93775 89.2529
988 9.97148 89.5565
426 10.0002 89.5585
803 10.0291 89.5605
213 10.0582 89.5625
444 10.2339 89.5748
39 10.4169 89.5875
868 10.6125 89.6011
106 10.8302 89.6162
585 11.0642 89.6325
914 11.3474 89.6522
982 11.6483 89.6731
401 11.9529 89.6942
827 12.321 89.7198
711 12.76 89.7502
435 13.2335 89.7831
892 14.3391 89.8596
714 15.9489 89.9708
753 16.2763 89.9936
247 16.5979 90.0159
768 16.9214 90.0383
456 17.1085 90.0514
304 17.2908 90.0641
750 17.4774 90.077
227 17.763 90.0969
871 18.049 90.1168
28 18.3307 90.1363
399 18.3307 90.1363
200 18.3307 90.1363
44 19.0258 89.5454
115 19.8164 88.8734
933 20.6308 88.1811
316 21.483 87.4567
806 22.1303 86.907
168 22.1303 86.907
339 22.1303 86.907
50 22.1303 86.907
325 22.1303 86.907
699 22.2203 86.9508
184 22.3162 86.9974
833 22.4165 87.0463
95 22.5196 87.0964
776 22.6539 87.1617
13 22.7749 87.2206
306 22.895 87.279
441 22.9926 87.3266
231 23.085 87.3715
795 23.1581 87.4071
442 23.2293 87.4417
167 23.3019 87.4771
368 23.3749 87.5126
631 23.447 87.5477
15 23.447 87.5477
491 24.5056 87.8951
696 25.2411 88.1366
593 25.9612 88.373
885 26.7564 88.634
418 27.6068 88.9132
409 28.5338 89.2174
470 29.4617 89.522
139 30.2481 89.7801
521 30.3058 89.7991
761 30.541 89.8763
73 30.7852 89.9565
430 31.0319 90.0375
808 31.3126 90.1297
752 31.5887 90.2204
20 31.828 90.2989
36 32.0682 90.3778
271 32.3234 90.4617
611 32.5762 90.5447
253 32.8452 90.633
172 33.1213 90.7237
265 33.3936 90.8131
569 33.6281 90.8901
707 33.8452 90.9614
181 34.0591 91.0316
375 34.2551 91.096
146 34.2551 91.096
120 34.2551 91.096
96 34.2551 91.096
974 34.2551 91.096
392 34.2551 91.096
766 34.2551 91.096
786 34.2551 91.096
22 34.2551 91.096
230 34.2551 91.096
613 34.2551 91.096
877 34.2551 91.096
651 34.2551 91.096
960 34.6223 91.0535
437 35.0307 91.0062
610 35.4388 90.9589
859 35.9257 90.9025
2 37.0678 90.7699
638 38.3965 90.6156
548 39.9957 90.4298
940 41.6908 90.2329
738 41.8123 90.2189
394 41.9317 90.2051
448 42.0532 90.191
320 42.1763 90.1768
92 42.2975 90.1628
40 42.4243 90.1482
408 42.5048 90.1389
539 42.5827 90.1299
618 42.6599 90.121
919 42.7321 90.1127
672 42.8083 90.1039
309 43.1992 90.0586
763 43.6035 90.0118
532 44.0098 89.9648
319 44.3892 89.9208
239 44.7573 89.8782
851 45.1169 89.8366
206 45.4508 89.7979
449 45.786 89.7591
53 46.1407 89.7181
866 46.5321 89.6728
72 46.9527 89.6241
952 48.3669 89.4598
984 49.6754 89.3079
746 49.6754 89.3079
559 49.6754 89.3079
961 49.6754 89.3079
156 49.6754 89.3079
5 49.6754 89.3079
874 49.6754 89.3079
389 49.9185 89.1449
516 50.1579 88.9843
567 50.3972 88.8237
737 50.5092 88.7487
856 50.6199 88.6745
690 50.7272 88.6026
62 50.8385 88.5281
754 50.9477 88.4549
774 51.06 88.3797
931 51.1668 88.3082
624 51.1668 88.3082
105 51.1668 88.3082
23 51.1668 88.3082
344 51.1668 88.3082
882 51.1731 88.2293
713 51.1822 88.1171
511 51.1916 88.0011
541 51.2016 87.8776
434 51.2155 87.7053
165 51.2801 86.9108
343 51.3691 85.818
530 51.465 84.6388
880 51.5592 83.4812
369 51.6533 82.3257
294 51.7483 81.1578
659 51.8383 80.0518
118 51.933 78.8876
140 52.1344 76.4197
173 52.3459 73.8298
245 52.3459 73.8298
769 52.3268 73.7597
887 52.3078 73.6901
642 52.2818 73.5949
229 52.2541 73.4934
126 52.2252 73.3874
582 52.195 73.2767
564 52.1646 73.1655
895 52.132 73.0461
335 52.0985 72.9231
91 52.062 72.7896
636 52.0254 72.6553
179 51.9837 72.5024
94 51.9291 72.3025
410 51.8733 72.098
857 51.8419 71.983
855 51.8102 71.8668
161 51.7792 71.7533
80 51.751 71.65
976 51.764 71.6063
782 51.7785 71.5574
563 51.7931 71.508
82 51.808 71.4575
248 51.8391 71.3528
755 51.8733 71.2373
826 51.9133 71.1021
562 51.9598 70.9454
964 52.1132 70.4277
762 52.2355 70.0149
668 52.3443 69.648
84 52.442 69.3182
453 52.5318 69.0151
484 52.6202 68.7169
112 52.7133 68.4026
847 52.8095 68.0781
440 52.9111 67.7352
432 53.0081 67.4077
9 53.1134 67.0525
109 53.2379 66.6324
800 53.3715 66.1816
791 53.6935 65.0956
396 53.9859 64.1092
264 54.0691 63.8284
538 54.1429 63.5792
281 54.2085 63.3579
907 54.2661 63.1636
282 54.3212 62.9777
262 54.3763 62.7916
35 54.4409 62.9155
216 54.5063 63.0409
515 54.5723 63.1673
647 54.6365 63.2905
621 54.6985 63.4094
186 55.0182 64.0222
468 56.2926 66.4646
986 57.9523 69.6454
259 60.8134 75.128
12 60.8134 75.128
378 60.8134 75.128
816 60.8134 75.128
509 61.2974 74.8136
395 61.8132 74.4786
18 62.3152 74.1525
937 62.8178 73.826
340 63.3131 73.5043
478 63.7836 73.1987
650 63.9897 73.4707
595 64.2047 73.7545
68 64.4284 74.0498
67 64.6861 74.39
832 64.9562 74.7465
208 65.2359 75.1157
727 65.5704 75.5571
290 65.9107 76.0062
904 66.261 76.4685
975 66.6181 76.9398
605 67.0032 77.4479
900 68.1103 78.9079
648 69.6061 80.8798
622 69.4376 80.9914
742 69.2625 81.1073
481 69.0908 81.2209
51 68.9138 81.3381
962 68.7312 81.4589
83 68.5193 81.5991
744 68.3057 81.7405
317 68.0896 81.8835
775 67.8739 82.0263
417 67.6564 82.1701
71 67.4407 82.3129
579 67.2183 82.4601
823 66.8619 82.6958
654 66.5054 82.9317
845 66.1184 83.1876
987 65.714 83.4551
315 64.8905 84.0031
177 63.7844 84.7387
980 62.7543 85.4238
406 61.5952 86.1943
947 61.7048 86.3414
575 61.8154 86.49
671 61.9299 86.6437
460 62.0454 86.7988
297 62.1869 86.9888
801 62.3364 87.1895
318 62.4849 87.389
52 62.5303 87.45
251 62.574 87.5086
817 62.6138 87.562
584 62.653 87.6147
42 62.6906 87.665
896 62.7286 87.7161
911 62.7287 87.7162
367 62.9724 87.7675
992 63.2071 87.817
185 63.4514 87.8685
313 63.7011 87.9212
145 63.9545 87.9746
477 64.2238 88.0314
415 64.4952 88.0887
854 65.2103 88.24
285 66.0087 88.4087
465 66.8745 88.5917
464 67.7093 88.7681
544 68.4955 88.9343
580 69.2401 89.0917
353 69.2401 89.0917
620 69.2401 89.0917
273 69.2401 89.0917
202 69.2401 89.0917
666 70.403 89.2279
813 71.633 89.3721
158 72.8531 89.5151
494 74.0253 89.6525
322 75.1465 89.7839
983 76.0735 89.8927
159 76.8533 89.9842
725 77.5796 90.0695
928 78.2977 90.1538
820 78.2977 90.1538
893 78.2978 90.1538
135 78.2978 90.1538
149 78.2978 90.1538
25 83.272 83.8527
685 84.8447 81.8596
372 86.3422 79.9617
889 86.3422 79.9617
450 86.3422 79.9617
660 86.3422 79.9617
528 86.3422 79.9617
311 86.3422 79.9617
473 86.3422 79.9617
740 86.3422 79.9617
864 86.3422 79.9617
977 87.4009 69.0845
497 87.6512 66.5126
204 85.6495 66.8779
383 83.6719 67.2388
201 81.9125 67.5598
152 80.4569 67.8255
818 79.2618 68.0436
837 78.6783 67.1306
684 77.9777 66.0341
385 77.3268 65.0157
332 76.538 63.7814
420 74.9316 61.2671
425 73.6208 59.2155
553 73.0126 58.2639
195 72.5366 57.5191
932 72.5366 57.5191
852 72.5366 57.5191
110 72.5366 57.5191
198 72.5366 57.5191
334 72.1359 57.5211
387 71.735 57.523
293 71.3653 57.5248
102 71.0398 57.5265
583 70.7243 57.5281
867 70.4227 57.5297
188 66.9342 56.745
393 66.0473 56.5459
238 65.2009 56.356
625 64.4056 56.1775
519 63.6947 56.0179
85 63.1051 55.8857
485 62.5301 55.7567
656 61.9493 55.6264
941 61.3097 55.4829
623 60.5358 55.3091
143 59.7132 55.1245
810 58.8164 54.9232
190 57.9045 54.7185
70 56.9243 54.4984
942 55.8316 54.2531
906 53.3706 53.6996
342 52.38 53.4772
875 51.3525 53.2465
577 50.3374 53.0186
472 49.2863 52.7827
286 48.2292 52.5454
461 47.1532 52.3038
793 46.0527 52.0567
512 44.7515 51.7645
498 43.3493 51.4496
480 41.7974 51.1011
69 41.7974 51.1011
269 41.7974 51.1011
30 41.7974 51.1011
471 41.7974 51.1011
104 41.7974 51.1011
922 41.7076 50.4614
147 41.6114 49.7767
848 41.5109 49.0608
38 41.4127 48.361
923 42.0242 47.9028
237 42.598 47.4728
844 43.2602 46.9766
210 43.7783 46.5883
452 44.3168 46.1848
276 44.8468 45.7877
155 45.3622 45.4015
945 45.8884 45.0072
492 46.4324 44.5995
63 46.9614 44.2031
355 47.4646 43.826
853 47.5459 43.7651
209 50.7268 41.3812
935 50.8271 41.306
356 50.9284 41.2301
257 51.0432 41.1441
250 51.2963 40.9544
790 51.505 40.798
751 51.8135 40.5668
785 52.082 40.3655
197 52.3203 40.187
377 52.5683 40.0012
217 52.7983 39.8288
27 53.0294 39.6556
43 53.2371 39.4999
357 53.436 39.3509
594 53.5863 39.2382
644 53.7356 39.1264
681 53.8194 38.9235
66 53.9007 38.727
634 53.9826 38.5289
458 54.0637 38.3329
606 54.1444 38.1378
978 54.4674 37.3562
358 54.8529 36.4236
555 55.2271 35.5182
164 55.5172 34.8165
781 55.7266 34.3099
6 55.9223 33.8366
289 56.0935 33.4224
831 56.0935 33.4224
419 56.0935 33.4224
828 56.7306 33.3137
870 57.3681 33.2049
19 58.1459 33.0722
930 59.0576 32.9167
55 60.0407 32.749
819 61.0432 32.5781
598 61.9927 32.4162
959 62.0026 32.4145
24 62.0125 32.4128
314 64.5599 35.4768
745 66.4823 37.7893
926 67.4654 38.972
842 67.8614 39.4486
675 68.1169 39.7561
609 68.3737 40.0651
29 68.6082 40.3474
117 68.8212 40.6037
592 68.9894 40.8062
670 69.1357 40.9823
323 69.2759 41.1511
45 69.4177 41.3217
232 69.5675 41.502
821 69.7171 41.6821
967 71.7527 44.1306
466 72.4008 44.9104
850 73.0788 45.7261
767 73.558 46.3028
136 78.8632 48.2031
107 81.0013 48.969
242 81.0482 48.9859
835 81.0941 49.0023
951 81.1402 49.0188
838 81.1855 49.0351
506 81.2308 49.0513
170 81.3434 48.349
884 81.6703 46.3081
920 82.1724 43.1734
520 82.7723 39.4257
274 83.3046 36.1014
98 83.9391 32.1385
590 84.3889 29.3298
33 84.9177 26.0274
627 85.5943 21.8001
345 85.9443 19.6151
483 86.2684 17.5916
979 86.2684 17.5916
260 86.2684 17.5916
243 84.5596 18.2479
