0,260,979,243,345,627,483,98,590,33,520,274,835,198,951,497,977,967,170,684,136,506,242,107,884,201,383,425,387,850,932,553,102,920,583,838,195,609,485,117,650,238,668,647,110,941,68,293,334,842,190,656,767,67,85,962,942,605,478,420,340,460,208,515,867,743,793,393,855,810,468,396,847,907,173,968,112,161,857,91,769,35,286,538,595,440,632,782,498,791,798,762,109,513,880,894,9,432,94,582,895,292,659,193,826,636,12,887,530,940,642,755,562,40,82,921,319,807,561,564,976,816,134,484,315,320,851,575,140,229,415,800,280,335,536,290,937,509,801,987,832,900,83,71,744,837,51,369,818,904,654,179,845,481,378,567,18,317,727,579,385,417,975,152,332,852,311,450,204,528,740,889,25,685,372,473,660,725,775,983,648,322,820,928,893,135,251,742,159,931,297,544,464,494,864,580,813,754,823,318,666,622,145,620,353,149,465,477,367,690,854,259,817,118,856,177,273,185,158,984,285,992,52,202,42,584,861,947,911,774,245,713,671,395,980,406,343,305,511,882,434,105,541,952,344,746,737,516,624,23,62,313,896,126,389,5,866,559,961,156,375,416,569,181,53,294,449,874,2,638,548,738,394,448,92,919,672,309,763,532,206,239,618,539,408,265,707,172,165,724,60,814,256,840,649,802,266,270,872,252,129,540,614,141,16,124,41,730,563,248,171,715,533,689,175,404,291,459,226,225,809,144,558,576,779,21,523,683,235,365,282,986,621,216,101,676,493,732,453,281,264,410,80,617,84,342,597,452,69,194,89,49,929,180,54,324,302,778,876,30,210,237,38,147,922,104,56,163,522,891,127,370,382,910,901,839,733,645,705,765,804,471,350,137,599,927,591,587,571,878,596,308,267,275,97,630,720,79,59,451,501,701,680,99,130,113,327,551,772,272,601,503,726,924,132,398,846,349,888,411,565,34,329,443,780,789,574,424,495,560,657,965,954,918,487,360,526,757,296,537,886,428,550,604,223,469,578,189,773,183,241,88,608,168,806,662,454,76,288,73,72,215,150,859,146,120,96,974,392,766,786,22,230,613,877,651,960,437,610,611,761,253,430,808,752,20,36,271,521,491,696,593,885,418,409,470,139,28,871,333,695,697,48,231,699,184,833,95,776,13,306,441,15,795,442,167,368,631,325,339,490,658,58,50,429,249,316,399,200,44,115,933,768,827,711,435,892,714,753,247,227,456,304,750,955,444,39,868,106,585,914,982,213,426,803,405,628,568,386,301,236,447,17,547,815,138,637,953,364,678,263,446,93,718,557,554,462,199,380,153,736,973,712,433,830,792,905,969,944,759,300,988,860,401,693,546,240,203,570,31,719,615,457,244,431,178,639,436,298,374,321,90,75,991,556,445,207,169,502,946,796,825,326,220,479,361,108,1,728,665,667,890,694,916,607,970,219,192,739,600,482,346,950,524,635,81,114,500,799,747,376,381,784,948,277,400,734,427,119,371,338,14,879,224,517,686,77,966,939,717,131,303,47,57,489,162,3,764,166,255,708,589,279,758,234,531,347,925,703,122,100,527,116,863,949,958,10,534,312,373,936,770,46,384,463,505,749,652,123,677,341,956,760,218,214,283,154,909,182,805,542,616,849,499,898,157,328,128,330,455,258,673,299,4,86,514,794,710,87,985,700,133,388,228,543,222,336,212,731,972,938,841,475,698,174,858,352,908,423,78,691,663,148,723,771,32,496,476,797,640,545,359,903,390,912,142,525,913,603,233,688,391,971,981,788,756,729,507,957,735,897,510,196,422,552,535,403,37,397,619,687,633,414,7,413,438,748,679,692,853,790,257,461,269,480,566,917,862,811,783,151,655,486,11,664,989,508,121,836,65,205,612,990,125,829,549,529,602,902,474,943,963,588,74,572,331,702,641,268,61,629,362,187,348,812,211,674,722,881,412,646,682,402,246,741,661,439,899,643,488,366,8,573,704,363,287,407,351,669,310,518,915,834,653,26,626,709,111,254,883,64,307,337,284,787,467,160,869,824,354,706,379,191,934,221,278,822,586,289,865,66,716,261,512,848,935,250,164,785,873,276,634,930,45,875,63,358,19,355,681,357,644,623,155,197,421,751,188,606,843,945,594,217,356,675,844,458,978,43,906,472,964,186,577,519,923,870,70,262,492,625,323,926,466,670,745,232,143,29,592,959,377,821,6,831,314,781,55,27,828,295,24,555,819,419,598,209,103,176,504,777,721,581,
value : 554.43 running time : 30.346831
0 80 20
260 86.2684 17.5916
979 86.2684 17.5916
243 86.2684 17.5916
345 86.2684 17.5916
627 86.2684 17.5916
483 86.2684 17.5916
98 86.1326 27.4062
590 86.0818 31.0775
33 86.0428 33.8979
520 86.002 36.8516
274 85.9593 39.9431
835 85.9183 42.9022
198 85.8621 46.9693
951 85.8341 48.9966
497 85.8063 51.0044
977 85.0796 51.3154
967 84.4506 51.5845
170 83.9519 51.7979
684 83.3603 52.0511
136 82.8095 52.2868
506 82.2381 52.5313
242 81.6416 52.7866
107 81.0764 53.0284
884 80.0623 53.4624
201 78.4782 54.1402
383 77.6966 54.4747
425 77.5338 54.4234
387 77.3908 54.3784
850 77.2409 54.3312
932 77.0973 54.286
553 76.9477 54.2389
102 76.8074 54.1947
920 76.6757 54.1532
583 76.5413 54.1109
838 76.4106 54.0698
195 76.2621 54.023
609 76.1153 53.9768
485 72.0377 56.3515
117 70.646 57.1621
650 69.5341 57.8097
238 68.4704 58.4292
668 67.7501 58.8487
647 67.4604 59.0174
110 67.1957 59.1716
941 66.9002 59.3437
68 66.5587 59.5426
293 66.2439 59.7259
334 65.9749 59.8826
842 65.6207 60.0889
190 65.2313 60.3157
656 64.8438 60.5414
767 64.4056 60.7966
67 63.9383 61.0687
85 63.4815 61.3348
962 63.0982 61.558
942 62.6013 61.8474
605 61.9942 62.201
478 61.5475 62.4612
420 61.0572 62.7467
340 60.3501 63.1585
460 59.6517 63.5653
208 59.5277 63.6375
515 59.4103 63.7059
867 59.2913 63.7752
743 59.1369 63.8651
793 59.0026 63.9433
393 58.866 64.0229
855 58.7138 64.1115
810 58.5898 64.1838
468 58.457 64.2611
396 58.3352 64.332
847 58.191 64.416
907 58.0569 64.4941
173 57.9087 64.5804
968 57.754 64.6705
112 57.6115 64.7535
161 57.4748 64.8331
857 57.3306 64.9171
91 57.207 64.9891
769 57.0957 65.0539
35 56.9943 65.113
286 56.8856 65.1763
538 56.7782 65.2389
595 56.6598 65.3078
440 56.526 65.3857
632 56.3861 65.4672
782 56.2665 65.5369
498 56.2665 65.5369
791 55.6952 66.5904
798 55.1019 67.6847
762 54.4213 68.9399
109 53.6778 70.3109
513 52.9396 71.6723
880 52.3056 72.8415
894 51.9095 73.572
9 51.529 74.2737
432 51.1321 75.0058
94 50.7076 75.7888
582 50.2744 76.5877
895 49.8084 77.4472
292 49.3473 78.2975
659 49.4 78.3205
193 49.4507 78.3426
826 49.5018 78.3649
636 49.5532 78.3873
12 49.606 78.4104
887 49.6545 78.4315
530 49.6993 78.4511
940 49.7465 78.4717
642 49.7931 78.492
755 49.8388 78.5119
562 49.8865 78.5328
40 49.9377 78.5551
82 49.982 78.5744
921 50.0294 78.5951
319 50.0751 78.615
807 50.1197 78.6345
561 50.167 78.6552
564 50.2159 78.6765
976 50.2645 78.6977
816 50.3216 78.7226
134 50.3219 78.7227
484 50.3222 78.7229
315 50.3226 78.723
320 50.3229 78.7232
851 50.3233 78.7233
575 50.3237 78.7235
140 50.324 78.7236
229 50.3243 78.7238
415 50.3247 78.7239
800 50.325 78.7241
280 50.3253 78.7242
335 50.3257 78.7244
536 50.326 78.7245
290 57.9338 77.2125
937 59.8453 76.8328
509 60.4775 76.7072
801 61.1148 76.5806
987 61.7697 76.4505
832 62.4548 76.3144
900 63.2316 76.1601
83 63.1702 76.2618
71 63.1099 76.3617
744 63.0504 76.4604
837 62.9904 76.5598
51 62.9253 76.6676
369 62.8557 76.783
818 62.8016 76.8726
904 62.6391 77.142
654 62.4629 77.434
179 62.2505 77.7859
845 67.2204 78.3266
481 67.4348 78.27
378 67.6263 78.2196
567 67.8225 78.1678
18 68.4046 78.0144
317 69.007 77.8555
727 69.8151 77.6425
579 70.6367 77.4259
385 71.3895 77.2274
417 71.8175 77.1146
975 72.268 76.9958
152 72.7057 76.8804
332 73.1501 76.7633
852 73.5023 76.6704
311 83.0931 81.7
450 84.9948 82.6973
204 85.1362 82.8124
528 85.2791 82.9285
740 85.4438 83.0625
889 85.6215 83.207
25 85.7588 83.3187
685 85.8853 83.4216
372 86.0097 83.5228
473 85.8731 83.6623
660 85.7544 83.7834
725 84.3465 85.2203
775 82.2227 87.3878
983 81.6088 88.0146
648 81.6082 88.0151
322 81.6076 88.0157
820 81.607 88.0164
928 81.6064 88.017
893 79.7646 88.0563
135 77.9128 88.0959
251 76.1189 88.1342
742 74.8073 88.1624
159 73.4635 88.1912
931 72.106 88.2202
297 72.0401 88.2216
544 71.9775 88.223
464 71.9112 88.2244
494 71.8514 88.2257
864 71.7876 88.2271
580 71.7226 88.2285
813 68.6094 88.2947
754 66.2023 88.346
823 66.0267 88.3498
318 65.8439 88.3537
666 65.6521 88.3578
622 65.4391 88.3624
145 65.2329 88.3669
620 65.0265 88.3713
353 64.8242 88.3757
149 64.603 88.3804
465 64.357 88.3857
477 64.0893 88.3915
367 63.8218 88.3972
690 63.6053 88.4019
854 63.4091 88.4061
259 63.0973 88.4129
817 62.8312 88.4186
118 62.5462 88.4247
856 62.2818 88.4304
177 62.0504 88.4354
273 61.8146 88.4405
185 61.5723 88.4457
158 61.3456 88.4506
984 61.0283 88.4574
285 60.7302 88.4638
992 60.3527 88.472
52 59.9824 88.4799
202 59.5421 88.4894
42 59.1249 88.4984
584 58.6555 88.5085
861 58.2039 88.5182
947 57.7947 88.527
911 57.4103 88.5353
774 57.018 88.5437
245 56.6437 88.5518
713 56.271 88.5598
671 56.2013 88.5613
395 55.7992 88.57
980 55.3094 88.5805
406 54.8051 88.5914
343 54.3417 88.6013
305 53.9562 88.6096
511 53.6138 88.617
882 53.2851 88.6241
434 52.9721 88.6308
105 52.6525 88.6377
541 52.3988 88.6432
952 52.1888 88.6477
344 51.9721 88.6524
746 51.7027 88.6582
737 51.4569 88.6635
516 51.1747 88.6695
624 50.9126 88.6752
23 50.6432 88.681
62 50.2236 88.69
313 49.8026 88.6991
896 49.3636 88.7085
126 48.8816 88.7189
389 48.3745 88.7298
5 47.9332 88.7393
866 47.5432 88.7477
559 47.1684 88.7558
961 46.8202 88.7633
156 46.418 88.7719
375 46.0001 88.7809
416 45.5919 88.7897
569 45.1903 88.7983
181 44.8287 88.8061
53 44.527 88.8126
294 44.2493 88.8186
449 43.9328 88.8254
874 43.6304 88.8319
2 43.3168 88.8387
638 43.2786 88.8395
548 43.2444 88.8402
738 43.2101 88.841
394 43.1763 88.8417
448 43.1412 88.8425
92 43.1057 88.8432
919 43.0722 88.8439
672 43.0391 88.8447
309 43.0391 88.8447
763 43.0391 88.8447
532 43.0391 88.8447
206 43.0391 88.8447
239 43.0391 88.8447
618 43.0391 88.8447
539 43.0391 88.8447
408 43.0391 88.8447
265 43.0391 88.8447
707 42.3735 87.9281
172 41.716 87.0228
165 41.0893 86.1598
724 39.9215 84.5516
60 39.6291 84.1489
814 39.4537 83.9074
256 39.2462 83.6217
840 39.0484 83.3494
649 38.8527 83.0799
802 38.6602 82.8148
266 35.2681 78.1429
270 35.2681 78.1429
872 35.2681 78.1429
252 35.2681 78.1429
129 35.2681 78.1429
540 35.3721 77.9122
614 35.4677 77.7003
141 35.5581 77.4998
16 35.6614 77.2709
124 35.7694 77.0314
41 35.8736 76.8003
730 36.3702 75.6991
563 36.8867 74.5537
248 37.3439 73.5399
171 37.8674 72.3791
715 38.3498 71.3093
533 38.7897 70.334
689 38.9159 70.0541
175 39.0746 69.7023
404 39.2217 69.3761
291 39.3766 69.0327
459 39.5209 68.7128
226 39.6553 68.4147
225 39.8215 68.0463
809 39.9919 67.6683
144 40.1271 67.3687
558 40.2869 67.0143
576 40.4321 66.6924
779 40.5679 66.3913
21 40.7029 66.092
523 40.8531 65.759
683 41.0059 65.4202
235 41.1544 65.091
365 41.3 64.7682
282 41.4548 64.425
986 41.5079 64.3073
621 41.5704 64.1686
216 41.6283 64.0402
101 41.6854 63.9137
676 41.7343 63.8052
493 41.7844 63.6941
732 41.8369 63.5778
453 41.8885 63.4634
281 41.9408 63.3475
264 41.9891 63.2403
410 42.0359 63.1367
80 42.0833 63.0315
617 42.144 62.8969
84 42.2045 62.7628
342 41.0585 57.9707
597 40.7028 56.4834
452 40.3075 54.8306
69 40.2354 54.5295
194 39.6815 54.4451
89 39.1152 54.3587
49 38.6077 54.2814
929 38.1232 54.2075
180 37.6555 54.1362
54 37.174 54.0628
324 36.6164 53.9778
302 36.6164 53.9778
778 36.6164 53.9778
876 36.6164 53.9778
30 36.6164 53.9778
210 36.6164 53.9778
237 36.6164 53.9778
38 36.6164 53.9778
147 36.4229 54.698
922 36.223 55.4419
104 36.023 56.1859
56 35.8395 56.8688
163 35.6992 57.3907
522 35.6354 57.6281
891 35.561 57.9048
127 35.4862 58.1833
370 35.4069 58.4782
382 35.3246 58.7843
910 35.2505 59.06
901 35.1938 59.2711
839 35.1389 59.4753
733 35.0817 59.6879
645 35.0293 59.883
705 34.979 60.07
765 34.7437 61.2563
804 34.5109 62.43
471 34.272 63.6344
350 33.8512 65.7559
137 32.8871 65.8599
599 31.9603 65.9598
927 31.1469 66.0475
591 30.4852 66.1188
587 29.7718 66.1957
571 29.1279 66.2652
878 28.4871 66.3342
596 27.7938 66.409
308 26.9123 66.504
267 25.8138 66.6225
275 24.4268 66.772
97 23.1471 66.91
630 22.9265 66.9338
720 22.7335 66.9546
79 22.5183 66.9778
59 22.2978 67.0016
451 22.0423 67.0291
501 21.8023 67.055
701 21.5173 67.0857
680 21.2449 67.1151
99 21.0069 67.1407
130 20.7456 67.1689
113 20.5034 67.195
327 20.2745 67.2197
551 20.0139 67.2478
772 20.0139 67.2478
272 20.0139 67.2478
601 20.0139 67.2478
503 20.0139 67.2478
726 20.0139 67.2478
924 20.0139 67.2478
132 20.0139 67.2478
398 20.0139 67.2478
846 20.0139 67.2478
349 20.0139 67.2478
888 20.0139 67.2478
411 20.0139 67.2478
565 20.0139 67.2478
34 19.886 68.1735
329 19.6998 69.5218
443 19.4595 71.262
780 19.2693 72.6396
789 19.1718 73.345
574 19.0679 74.0972
424 18.9315 75.0852
495 18.8859 75.4155
560 18.8859 75.4155
657 18.8859 75.4155
965 19.5035 76.0941
954 21.6776 78.483
918 23.1735 80.1267
487 23.34 80.3096
360 23.5343 80.5232
526 23.7253 80.733
757 23.9614 80.9925
296 24.1866 81.2399
537 24.3891 81.4624
886 24.6049 81.6995
428 24.8447 81.963
550 25.0466 82.1849
604 25.2666 82.4266
223 25.5065 82.6902
469 25.7256 82.931
578 25.9619 83.1905
189 26.2148 83.4684
773 26.4283 83.703
183 26.6297 83.9244
241 26.8359 84.151
88 26.9488 84.275
608 27.0864 84.4261
168 27.2276 84.5813
806 27.5605 84.9471
662 27.8565 85.2723
454 28.2655 85.7218
76 28.7608 86.266
288 29.2598 86.8143
73 29.8409 87.4529
72 30.4085 88.0765
215 30.8309 88.5407
150 30.9941 88.8356
859 31.1594 89.1343
146 31.3161 89.4176
120 31.4794 89.7127
96 31.6399 90.0028
974 31.7906 90.2753
392 31.927 90.5218
766 32.0605 90.763
786 31.9428 90.722
22 31.8324 90.6836
230 31.7197 90.6444
613 31.6097 90.6061
877 31.493 90.5656
651 31.373 90.5238
960 31.2632 90.4856
437 31.1467 90.4451
610 31.0299 90.4044
611 30.9163 90.3649
761 30.7963 90.3231
253 30.6808 90.283
430 30.5708 90.2447
808 30.4607 90.2064
752 30.3502 90.1679
20 30.2263 90.1248
36 30.1006 90.0811
271 29.9827 90.0401
521 29.859 89.9971
491 29.7437 89.957
696 29.7437 89.957
593 29.7437 89.957
885 29.7437 89.957
418 29.7437 89.957
409 29.7437 89.957
470 29.7437 89.957
139 29.7437 89.957
28 28.4258 89.4799
871 26.9864 88.9589
333 25.847 88.5465
695 24.9495 88.2217
697 24.164 87.9374
48 23.3851 87.6555
231 23.3637 87.6478
699 23.3313 87.636
184 23.3059 87.6268
833 23.2825 87.6184
95 23.2567 87.6091
776 23.2567 87.6091
13 23.2567 87.6091
306 23.2567 87.6091
441 23.2567 87.6091
15 23.2567 87.6091
795 23.2567 87.6091
442 23.2567 87.6091
167 23.2567 87.6091
368 23.2567 87.6091
631 23.2567 87.6091
325 21.3647 86.1822
339 20.916 85.8439
490 20.5231 85.5476
658 20.0807 85.214
58 19.6809 84.9125
50 19.2617 84.5964
429 18.7883 84.2395
249 18.1962 85.5372
316 17.6343 86.7686
399 17.1542 87.8207
200 16.6248 88.9809
44 16.5072 89.2385
115 16.3826 89.5118
933 16.2611 89.778
768 16.1362 90.0517
827 15.1067 90.2723
711 14.9995 90.2952
435 14.898 90.317
892 14.898 90.317
714 14.898 90.317
753 14.5894 90.2309
247 14.2612 90.1393
227 13.9816 90.0613
456 13.6556 89.9704
304 13.1719 89.8354
750 12.7183 89.7089
955 12.2164 89.5689
444 11.7709 89.4446
39 11.3677 89.3321
868 10.9958 89.2284
106 10.6624 89.1354
585 10.3314 89.043
914 10.0313 88.9593
982 9.73589 88.8769
213 9.42672 88.7906
426 9.40261 88.7839
803 9.37967 88.7775
405 9.35646 88.771
628 9.33363 88.7647
568 9.31121 88.7584
386 9.28857 88.7521
301 9.26459 88.7454
236 9.2419 88.7391
447 9.21816 88.7325
17 9.19656 88.7264
547 9.17131 88.7194
815 9.14964 88.7134
138 9.12729 88.7071
637 9.10372 88.7005
953 9.08023 88.694
364 9.05775 88.6877
678 9.03478 88.6813
263 9.01255 88.6751
446 8.99192 88.6694
93 8.97107 88.6635
718 8.94762 88.657
557 8.92592 88.6509
554 8.90197 88.6443
462 8.90197 88.6443
199 8.90197 88.6443
380 8.90197 88.6443
153 8.90197 88.6443
736 8.90197 88.6443
973 8.90197 88.6443
712 8.90197 88.6443
433 8.90197 88.6443
830 8.90197 88.6443
792 8.90197 88.6443
905 8.90197 88.6443
969 8.90197 88.6443
944 8.90197 88.6443
759 8.90197 88.6443
300 8.90197 88.6443
988 8.90197 88.6443
860 9.08965 87.1965
401 9.13921 86.8141
693 9.19095 86.4149
546 9.24744 85.9791
240 9.3007 85.5682
203 9.35182 85.1737
570 9.40187 84.7876
31 9.45045 84.4128
719 9.49758 84.0492
615 9.54813 83.6592
457 9.59742 83.2789
244 9.64083 82.944
431 9.68615 82.5943
178 9.72701 82.2791
639 9.77098 81.9398
436 9.80643 81.6663
298 9.8451 81.368
374 9.8789 81.1072
321 9.9116 80.8549
90 9.94373 80.607
75 9.97747 80.3467
991 10.0131 80.0717
556 10.0477 79.8049
445 10.0824 79.5368
207 10.1058 79.3564
169 10.1203 79.2451
502 10.1376 79.1111
946 10.1525 78.9962
796 10.1662 78.8907
825 10.1798 78.7854
326 10.1939 78.6768
220 10.208 78.5678
479 10.2207 78.4703
361 10.2329 78.3758
108 10.2438 78.2918
1 10.256 78.1978
728 10.3119 77.7666
665 10.3669 77.342
667 10.412 76.9942
890 10.4488 76.7103
694 10.4891 76.3997
916 10.5231 76.1373
607 10.5958 75.5759
970 10.6612 75.0719
219 10.7135 74.6679
192 10.7624 74.2906
739 10.7993 74.006
600 10.8298 73.7709
482 10.8575 73.5569
346 10.8829 73.3613
950 10.9109 73.1448
524 10.9395 72.9242
635 10.9634 72.7401
81 10.948 72.3808
114 10.9337 72.0464
500 10.9211 71.7534
799 10.9078 71.4436
747 10.8949 71.1432
376 10.8844 70.897
381 10.8745 70.6667
784 10.8639 70.4198
948 10.8546 70.2031
277 10.845 69.9782
400 10.8355 69.756
734 10.8256 69.5271
427 10.8164 69.3104
119 10.8067 69.0862
371 10.7972 68.8647
338 10.788 68.6495
14 10.7788 68.4342
879 10.7695 68.2186
224 10.7608 68.0138
517 10.7334 67.3761
686 10.7067 66.7523
77 10.6775 66.0696
966 10.6493 65.4117
939 10.6133 64.5708
717 10.5775 63.7354
131 10.5368 62.7843
303 10.4952 61.8141
47 10.4634 61.0703
57 10.4427 60.5872
489 10.4284 60.2544
162 10.4211 60.084
3 10.4056 59.7232
764 10.3889 59.3335
166 10.3723 58.9462
255 10.3577 58.6056
708 10.337 58.122
589 10.3186 57.6938
279 10.2992 57.2388
758 10.2808 56.8104
234 10.2677 56.5059
531 10.253 56.1626
347 10.2379 55.8088
925 10.212 55.2057
703 10.1859 54.5954
122 10.1555 53.8868
100 10.1242 53.1555
527 10.0933 52.4347
116 10.061 51.6802
863 10.0307 50.9725
949 10.0104 50.4989
958 9.99013 50.0257
10 9.98518 49.9102
534 9.98518 49.9102
312 9.98518 49.9102
373 9.98518 49.9102
936 9.98518 49.9102
770 9.98518 49.9102
46 9.98518 49.9102
384 9.98518 49.9102
463 9.98518 49.9102
505 9.98518 49.9102
749 9.98518 49.9102
652 9.98518 49.9102
123 9.98518 49.9102
677 9.98518 49.9102
341 9.98518 49.9102
956 9.98518 49.9102
760 9.941 49.6686
218 9.8791 49.3301
214 9.81361 48.972
283 9.73919 48.565
154 9.68821 48.2862
909 9.6378 48.0106
182 9.58685 47.732
805 9.53492 47.448
542 9.47963 47.1457
616 9.42228 46.8321
849 9.37168 46.5554
499 8.74423 43.1276
898 7.94928 38.7839
157 7.94928 38.7839
328 8.02998 38.28
128 8.10799 37.7929
330 8.28103 36.7124
455 8.48213 35.4567
258 8.54089 35.5346
673 8.6303 35.653
299 8.75024 35.8119
4 8.88231 35.9869
86 9.03174 36.1849
514 9.18739 36.3911
794 9.35246 36.6098
710 9.71774 37.0937
87 10.2007 37.7335
985 10.6646 38.3481
700 11.1536 38.9959
133 11.6039 39.5926
388 17.3214 47.1673
228 17.388 47.2554
543 17.463 47.3548
222 17.5293 47.4426
336 17.6032 47.5406
212 17.664 47.6211
731 17.7597 47.7479
972 17.8783 47.9051
938 17.9843 48.0454
841 18.0804 48.1728
475 18.1908 48.319
698 18.2989 48.4622
174 18.4032 48.6004
858 18.5097 48.7416
352 18.6126 48.8779
908 18.7197 49.0197
423 18.8179 49.1498
78 18.9318 49.3007
691 19.0539 49.4625
663 19.1586 49.6011
148 19.273 49.7527
723 19.3906 49.9085
771 19.504 50.0587
32 19.616 50.2071
496 20.2087 50.9923
476 20.8332 51.8196
797 21.7819 53.0765
640 23.0634 54.7742
545 23.9212 55.9107
359 24.8053 57.0819
903 24.8053 57.0819
390 24.8053 57.0819
912 24.8053 57.0819
142 24.8053 57.0819
525 24.8053 57.0819
913 24.8053 57.0819
603 24.8053 57.0819
233 24.8053 57.0819
688 24.8053 57.0819
391 24.8053 57.0819
971 24.8053 57.0819
981 24.8053 57.0819
788 24.8053 57.0819
756 24.8053 57.0819
729 24.8053 57.0819
507 24.8053 57.0819
957 24.8053 57.0819
735 24.8053 57.0819
897 24.8053 57.0819
510 24.8053 57.0819
196 24.8053 57.0819
422 24.837 57.0291
552 24.8666 56.9798
535 26.4251 54.3844
403 27.2194 53.0615
37 27.927 51.8828
397 28.5033 50.923
619 29.0213 50.0602
687 29.4949 49.2715
633 29.8505 48.6792
414 30.2986 47.9328
7 30.7073 47.2521
413 31.0015 46.762
438 31.3167 46.237
748 31.6526 45.6776
679 31.9997 45.0994
692 32.3229 44.5612
853 32.6061 44.0894
790 32.7397 43.8669
257 32.8649 43.6583
461 32.8649 43.6583
269 32.5595 43.3532
480 32.2584 43.0526
566 31.963 42.7575
917 31.6437 42.4386
862 31.3064 42.1017
811 30.8928 41.6886
783 30.5342 41.3305
151 30.1261 40.9229
655 29.7184 40.5156
486 29.346 40.1438
11 29.0637 39.8617
664 28.7658 39.5643
989 28.4784 39.2772
508 27.4945 38.2945
121 25.6821 36.4843
836 24.3814 35.1853
65 23.865 34.6695
205 23.3655 34.1707
612 22.8479 33.6536
990 22.2918 33.0982
125 22.04 32.7128
829 21.7897 32.3297
549 21.5474 31.9587
529 21.2967 31.575
602 19.9774 29.5553
902 18.6975 27.5961
474 17.6938 26.0596
943 16.8018 24.6941
963 15.5612 22.7951
588 14.9383 21.8416
74 14.4543 21.1007
572 14.2978 20.7122
331 14.124 20.281
702 13.9601 19.8744
641 13.7787 19.4242
268 13.5634 18.89
61 13.2447 18.099
629 13.0798 17.6899
362 12.9544 17.3786
187 12.8266 17.0616
348 13.1076 15.7958
812 13.3892 14.5272
211 13.4531 14.5261
674 13.5111 14.5252
722 13.5684 14.5242
881 13.8454 14.5196
412 14.1134 14.5151
646 14.4106 14.5101
682 15.3422 14.4945
402 16.5857 14.4737
246 17.9383 14.4511
741 18.4795 14.4421
661 19.3239 14.428
439 20.3205 14.4113
899 21.1578 14.3973
643 22.0482 14.3824
488 22.8467 14.3691
366 23.7912 14.3533
8 25.3422 14.3273
573 27.5894 14.2898
704 28.6726 14.2717
363 29.5491 14.257
287 30.386 14.243
407 31.0626 14.2317
351 31.6943 14.2211
669 32.3474 14.2102
310 33.1108 14.1975
518 33.7896 14.1861
915 33.651 18.3895
834 33.6459 18.5438
653 33.6459 18.5438
26 33.6459 18.5438
626 33.6459 18.5438
709 33.6459 18.5438
111 33.6459 18.5438
254 33.6459 18.5438
883 33.9393 19.4181
64 34.2122 20.2312
307 34.5029 21.0975
337 34.7715 21.8978
284 35.0438 22.7092
787 35.3694 23.6794
467 35.6729 24.5839
160 35.935 25.3649
869 36.1742 26.0776
824 36.3211 26.5155
354 36.4887 27.0149
706 37.9684 31.4239
379 37.9684 31.4239
191 37.9684 31.4239
934 37.9684 31.4239
221 37.9684 31.4239
278 38.5467 31.8569
822 39.1747 32.3272
586 40.0158 32.9569
289 40.842 33.5756
865 41.6808 34.2035
66 42.4171 34.7549
716 42.8209 35.0572
261 43.1338 35.2915
512 44.0716 35.9937
848 44.2292 36.1117
935 44.3726 36.2191
250 44.5185 36.3283
164 44.6693 36.4412
785 44.8296 36.5612
873 44.9844 36.6771
276 47.7718 38.764
634 50.0087 40.4388
930 51.5012 41.5562
45 52.9427 42.6354
875 52.9427 42.6354
63 52.9427 42.6354
358 52.9427 42.6354
19 52.9427 42.6354
355 52.9427 42.6354
681 52.9427 42.6354
357 52.9427 42.6354
644 52.9427 42.6354
623 52.9427 42.6354
155 52.9427 42.6354
197 52.9427 42.6354
421 52.9427 42.6354
751 53.1758 43.0593
188 53.4686 43.5917
606 53.4797 43.612
843 53.4901 43.6308
945 53.5008 43.6503
594 53.5115 43.6698
217 53.5223 43.6894
356 53.5323 43.7077
675 53.9123 44.3988
844 54.2452 45.0043
458 54.6281 45.7008
978 55.1033 46.565
43 55.5586 47.3932
906 56.0249 48.2413
472 56.6517 49.3813
964 57.6423 51.1829
186 57.7905 51.0216
577 57.9359 50.8634
519 58.0876 50.6982
923 58.234 50.5389
870 58.4181 50.3385
70 58.5857 50.1561
262 58.7412 49.9869
492 58.9041 49.8096
625 59.0744 49.6242
323 61.8295 46.6257
926 62.665 45.7164
466 63.5835 44.7166
670 64.1014 44.153
745 64.6063 43.6035
232 64.7966 43.3964
143 64.9883 43.1877
29 65.2114 42.9449
592 65.413 42.7255
959 62.9774 35.3521
377 62.8102 34.846
821 62.6297 34.2995
6 62.4478 33.7489
831 62.293 33.2803
314 62.1597 32.8769
781 61.9817 32.3382
55 61.809 31.8154
27 61.6575 31.3567
828 61.5035 30.8907
295 61.3343 30.3785
24 61.1963 29.9607
555 61.0832 29.6183
819 60.9741 29.2882
419 60.8657 28.96
598 60.8657 28.96
209 60.8657 28.96
103 67.6151 15.1933
176 68.4008 15.4982
504 69.2334 15.8214
777 69.9782 16.1104
721 71.1943 16.5824
581 72.4419 17.0666
