0,581,598,24,176,504,721,777,103,831,295,751,45,358,819,27,959,6,781,821,873,785,555,828,276,492,458,930,377,681,355,634,594,844,870,55,250,906,623,945,197,217,19,186,706,566,783,127,194,989,716,480,848,862,498,66,875,342,452,929,922,237,793,512,69,472,461,155,778,30,264,493,54,101,597,843,765,545,522,370,619,302,543,688,687,180,49,876,475,525,756,603,891,147,37,397,655,811,111,917,586,209,935,421,356,257,467,834,853,790,865,379,529,160,679,692,191,869,221,278,824,883,934,419,64,164,261,26,573,337,310,704,289,653,518,822,407,363,351,287,626,899,787,709,669,268,366,8,641,702,246,284,439,915,643,602,943,474,902,488,588,211,741,254,661,812,331,348,187,572,963,673,722,402,455,629,881,61,674,682,646,412,362,836,74,258,299,10,86,898,328,46,133,985,4,87,710,514,794,612,205,65,307,829,354,700,121,125,388,228,151,664,11,486,549,7,413,32,771,723,438,748,38,414,508,535,78,496,148,797,476,373,758,677,142,403,391,352,990,489,972,949,312,499,805,505,527,218,616,128,100,341,157,863,123,283,384,330,212,958,841,749,858,909,423,122,770,154,47,463,936,174,182,731,222,542,303,652,663,938,760,691,534,166,908,708,116,698,57,214,849,925,589,272,162,966,897,565,113,374,336,277,114,607,531,234,376,381,784,948,747,400,734,427,119,371,14,879,799,517,686,77,939,764,703,196,503,717,3,97,347,255,482,860,667,192,361,500,168,796,633,705,422,507,279,735,913,269,89,957,640,839,645,809,56,175,596,233,912,788,324,630,739,59,34,131,729,81,329,349,720,901,526,772,524,733,79,510,726,981,846,130,327,451,903,789,132,382,390,267,956,252,910,571,924,16,587,965,291,359,715,591,21,308,804,600,732,410,80,976,104,144,894,350,137,599,614,501,689,662,226,872,954,365,171,730,424,971,220,697,540,888,878,428,604,41,946,919,806,292,275,333,223,88,560,916,550,757,244,825,99,601,537,339,398,338,574,411,701,454,266,552,551,927,950,502,479,429,487,658,443,680,635,431,167,970,570,169,203,615,75,719,436,639,665,694,219,298,830,445,207,693,955,95,224,321,905,346,657,554,447,17,547,815,138,637,953,364,678,263,446,93,718,557,728,31,301,457,240,991,556,433,759,890,405,546,300,108,153,736,90,178,792,944,1,58,695,316,368,495,988,833,247,914,982,401,827,711,435,892,750,304,585,426,803,213,444,39,868,106,200,399,236,628,568,386,380,184,50,325,699,969,469,183,249,886,442,199,712,973,578,611,296,491,92,521,593,430,20,36,696,441,409,490,120,795,150,13,326,780,48,360,608,28,885,761,253,73,271,462,227,456,714,753,15,871,933,768,76,631,306,651,776,115,610,96,44,230,60,141,859,960,786,124,189,418,672,773,638,2,470,808,974,288,139,613,649,548,918,215,270,940,659,921,265,569,840,72,231,738,256,156,539,146,707,763,877,22,394,752,313,896,882,880,541,624,259,861,516,172,746,392,437,165,559,449,239,961,866,309,690,193,766,774,105,181,448,367,305,241,389,62,618,406,564,754,40,245,434,874,5,375,713,511,126,532,408,206,53,129,369,23,477,343,952,584,911,319,416,887,320,737,118,344,856,158,273,353,817,620,464,823,845,980,18,378,671,622,415,816,575,864,654,395,744,937,83,544,818,854,149,931,567,202,317,177,666,984,297,185,992,318,52,481,494,251,893,42,983,135,417,285,813,465,145,159,775,820,580,742,928,372,322,311,889,648,25,685,725,660,450,473,528,740,204,332,837,900,656,852,650,110,478,190,201,385,71,152,383,727,51,173,67,867,290,340,595,962,393,975,904,832,460,579,800,440,432,9,109,605,94,179,636,91,895,582,229,769,964,987,140,851,807,814,947,561,12,280,536,509,315,801,530,335,642,855,294,617,533,84,453,484,112,208,563,782,248,755,826,562,82,523,134,235,802,513,404,724,683,968,743,986,632,558,225,459,576,163,676,798,779,857,621,577,468,515,647,762,847,791,262,188,293,161,286,538,907,282,396,35,216,842,85,519,625,485,668,810,471,281,210,923,63,606,357,43,978,670,68,767,238,644,926,70,334,977,242,420,941,850,553,466,102,942,117,323,583,425,232,195,609,170,107,967,387,951,136,684,838,198,506,497,29,932,920,884,835,274,592,314,745,143,675,520,590,33,98,483,345,979,627,260,243,
value : 493.674 running time : 47.255703
0 80 20
581 73.0241 17.5364
598 72.0027 17.1756
24 71.0414 16.8361
176 70.1321 16.5149
504 69.384 16.2507
721 68.6018 15.9744
777 67.7538 15.6749
103 67.0084 15.4117
831 63.2236 21.0143
295 61.7127 23.251
751 59.7176 26.2047
45 58.7806 27.5919
358 58.3422 28.241
819 57.9997 28.7482
27 57.5813 29.3676
959 57.2094 29.9184
6 56.7519 30.5958
781 56.266 31.3153
821 55.7787 32.0367
873 55.2441 32.8282
785 54.6498 33.7082
555 54.0672 34.5709
828 53.3806 35.5874
276 52.5684 36.7901
492 52.1158 37.4601
458 51.9901 37.6463
930 51.8543 37.8474
377 51.7194 38.047
681 51.5795 38.2542
355 51.4344 38.4691
634 51.2838 38.6921
594 51.1287 38.9217
844 50.9749 39.1494
870 50.8289 39.3657
55 50.6952 39.5636
250 50.2559 40.214
906 49.6198 41.1558
623 48.9981 42.0763
945 48.5259 42.7755
197 48.1211 43.3748
217 47.674 44.0368
19 47.0703 44.9306
186 45.5035 47.2503
706 44.3083 49.0197
566 44.2803 49.0709
783 44.2512 49.1241
127 44.2219 49.1776
194 44.1944 49.2278
989 44.1664 49.2789
716 44.139 49.3291
480 44.1088 49.3841
848 44.0775 49.4414
862 44.0459 49.4992
498 44.013 49.5592
66 43.9857 49.6092
875 43.9229 49.7239
342 43.854 49.8496
452 43.7854 49.975
929 43.7062 50.1197
922 43.7062 50.1197
237 43.7062 50.1197
793 43.7062 50.1197
512 43.2002 50.1113
69 42.7185 50.1033
472 42.2018 50.0947
461 41.6469 50.0855
155 41.0996 50.0764
778 40.5305 50.0669
30 40.0284 50.0586
264 39.5661 50.0509
493 39.0249 50.0419
54 39.0249 50.0419
101 39.0249 50.0419
597 39.0249 50.0419
843 39.0249 50.0419
765 39.0249 50.0419
545 37.0702 48.3582
522 36.9356 48.2423
370 36.7946 48.1208
619 36.644 47.9911
302 36.5052 47.8715
543 36.3629 47.7489
688 36.2378 47.6412
687 36.1132 47.5339
180 35.9966 47.4335
49 35.8612 47.3168
876 35.7308 47.2045
475 35.5902 47.0834
525 35.5902 47.0834
756 35.5902 47.0834
603 35.4865 46.4268
891 35.373 45.708
147 35.2374 44.8491
37 35.0804 43.8544
397 34.9382 42.9542
655 34.7912 42.023
811 35.7388 37.9295
111 36.9687 32.6172
917 37.0082 32.4466
586 37.0595 32.2247
209 37.1118 31.999
935 37.1118 31.999
421 37.1118 31.999
356 37.1118 31.999
257 37.1961 31.5384
467 37.2807 31.0764
834 37.3587 30.6507
853 37.4322 30.2494
790 37.509 29.8297
865 37.6041 29.3107
379 37.6261 29.1906
529 37.6468 29.0774
160 37.6692 28.9551
679 37.6898 28.8427
692 37.7315 28.6153
191 37.7795 28.3533
869 37.8253 28.1034
221 37.9137 27.6206
278 38.037 26.9477
824 38.1788 26.1736
883 38.3413 25.2867
934 38.4858 24.4975
419 38.6307 23.7066
64 38.6105 23.6493
164 38.593 23.5997
261 38.3781 22.9911
26 38.1639 22.3846
573 37.9526 21.786
337 37.7758 21.2853
310 37.5961 20.7766
704 37.4257 20.2941
289 37.2792 19.8791
653 36.6481 18.0919
518 35.8635 15.87
822 34.8637 15.9607
407 33.9536 16.0434
363 32.9908 16.1308
351 32.0072 16.2201
287 31.0247 16.3093
626 29.5474 16.4434
899 28.0109 16.583
787 27.3585 16.6422
709 25.9789 16.7675
669 24.2447 16.9249
268 19.6823 17.3392
366 19.6823 17.3392
8 19.6823 17.3392
641 19.6823 17.3392
702 19.6823 17.3392
246 19.6823 17.3392
284 19.6823 17.3392
439 19.6823 17.3392
915 19.6823 17.3392
643 19.6823 17.3392
602 19.6823 17.3392
943 19.6823 17.3392
474 18.8712 17.1135
902 18.0549 16.8863
488 17.142 16.6322
588 16.2975 16.3972
211 15.5412 16.1867
741 14.8251 15.9874
254 14.1564 15.8014
661 13.3344 15.5726
812 12.3368 15.2949
331 12.2977 15.5583
348 12.2639 15.7858
187 12.229 16.0203
572 12.1977 16.2311
963 12.1745 16.3875
673 12.153 16.5322
722 12.1339 16.6608
402 12.0629 17.1385
455 11.9985 17.5724
629 11.9455 17.9289
881 11.8837 18.3448
61 11.7862 19.0012
674 11.6887 19.6579
682 11.5854 20.3532
646 11.474 21.1027
412 11.3208 22.1338
362 11.153 23.264
836 10.9429 24.6784
74 10.7517 25.9655
258 10.5738 27.1636
299 10.3852 28.4328
10 10.1805 29.811
86 10.0348 30.7923
898 9.89586 31.7274
328 9.73996 32.777
46 10.085 32.8288
133 10.4226 32.8795
985 10.7613 32.9304
4 11.0832 32.9788
87 11.4673 33.0364
710 11.825 33.0902
514 12.1755 33.1428
794 12.6349 33.2118
612 16.3427 33.769
205 18.2885 34.0614
65 19.8789 34.3003
307 21.5508 34.5515
829 21.6835 34.8153
354 21.8111 35.0689
700 21.9476 35.3403
121 22.0809 35.6051
125 22.2226 35.8868
388 22.3703 36.1803
228 22.5009 36.44
151 22.6336 36.7035
664 22.7606 36.956
11 22.8837 37.2007
486 22.9968 37.4255
549 23.1211 37.6724
7 23.2567 37.9421
413 22.4929 38.8428
32 22.2834 38.9879
771 22.0858 39.1248
723 21.921 39.239
438 21.7558 39.3535
748 21.591 39.4677
38 21.4103 39.5929
414 21.2214 39.7238
508 21.0224 39.8617
535 20.14 40.473
78 19.1895 41.1316
496 18.2534 41.7802
148 17.4124 42.3629
797 16.5643 42.9505
476 15.7128 43.5405
373 14.7878 44.1814
758 14.0674 44.6805
677 13.2746 45.2298
142 13.0927 45.3559
403 12.8961 45.4921
391 12.6525 45.6609
352 12.3945 45.8396
990 12.1564 46.0046
489 11.8902 46.1891
972 11.6468 46.3578
949 11.4341 46.5051
312 11.1807 46.6807
499 10.9327 46.8525
805 10.9369 47.001
505 10.9407 47.1348
527 10.9445 47.2672
218 10.9482 47.3996
616 10.9514 47.5127
128 10.955 47.6408
100 10.9589 47.7782
341 10.9625 47.9028
157 10.9659 48.026
863 10.9692 48.1428
123 10.9728 48.2678
283 10.9762 48.3901
384 10.9801 48.527
330 10.9841 48.668
212 10.9887 48.8291
958 10.9933 48.9925
841 10.999 49.1943
749 11.0045 49.3882
858 11.0099 49.581
909 11.0149 49.755
423 11.02 49.9381
122 11.0261 50.1515
770 11.0271 50.1868
154 11.0282 50.2272
47 11.0294 50.2698
463 11.0306 50.3101
936 11.0317 50.3516
174 11.0329 50.392
182 11.034 50.4332
731 11.0352 50.4734
222 11.0364 50.5159
542 11.0376 50.5591
303 11.0388 50.6028
652 11.0399 50.6401
663 11.041 50.6791
938 11.0423 50.725
760 11.0436 50.7731
691 11.0447 50.8125
534 11.0458 50.8495
166 11.047 50.8911
908 11.048 50.9293
708 11.0719 51.7704
116 11.0958 52.6148
698 11.1245 53.625
57 11.1525 54.6139
214 11.1836 55.7077
849 11.215 56.8151
925 11.2604 58.4174
589 11.3068 60.0549
272 11.3541 61.7216
162 11.3917 63.0494
966 11.4189 64.0064
897 11.6777 64.288
565 11.9148 64.5459
113 12.132 64.7822
374 12.3413 65.01
336 12.3413 65.01
277 12.3413 65.01
114 12.3413 65.01
607 12.3413 65.01
531 12.3413 65.01
234 12.3413 65.01
376 12.3413 65.01
381 12.3413 65.01
784 12.3415 65.01
948 12.3417 65.01
747 12.3419 65.01
400 12.3421 65.0101
734 12.3423 65.0101
427 12.3425 65.0101
119 12.3427 65.0101
371 12.3429 65.0101
14 12.3431 65.0102
879 12.3433 65.0102
799 12.3434 65.0102
517 12.3436 65.0102
686 12.3438 65.0103
77 12.344 65.0103
939 12.3442 65.0103
764 12.3445 65.0103
703 12.3447 65.0104
196 12.3449 65.0104
503 12.345 65.0104
717 12.3452 65.0104
3 12.3454 65.0105
97 12.3456 65.0105
347 12.3458 65.0105
255 12.346 65.0105
482 12.3462 65.0106
860 12.3464 65.0106
667 12.3466 65.0106
192 13.3558 65.1344
361 14.4019 65.2628
500 15.3383 65.3776
168 16.2825 65.4935
796 16.9234 65.1531
633 21.7129 62.6099
705 22.3063 62.2948
422 22.8521 62.0049
507 23.4033 61.7122
279 23.9403 61.4269
735 24.6836 61.0322
913 25.4651 60.6172
269 25.5952 60.838
89 25.7513 61.1026
957 25.9126 61.3764
640 26.0677 61.6394
839 26.2247 61.9058
645 26.3842 62.1763
809 26.5357 62.4333
56 26.6644 62.6516
175 26.6072 62.6755
596 26.3425 62.7864
233 26.0312 62.9169
912 25.784 63.0205
788 25.4533 63.1591
324 25.1109 63.3025
630 24.7292 63.4625
739 24.4476 63.5805
59 24.2276 63.6727
34 23.9712 63.7801
131 23.6931 63.8967
729 23.776 63.9428
81 23.8499 63.9839
329 23.931 64.029
349 24.0126 64.0744
720 24.0906 64.1179
901 24.1658 64.1597
526 24.2396 64.2007
772 24.3063 64.2379
524 24.3873 64.2829
733 24.4729 64.3306
79 24.5506 64.3738
510 24.6291 64.4175
726 24.7047 64.4596
981 24.8835 64.534
846 25.0724 64.6126
130 25.257 64.6895
327 25.4629 64.7752
451 25.6545 64.8549
903 25.8713 64.9452
789 26.0723 65.0289
132 26.2554 65.1051
382 26.4573 65.1891
390 26.6666 65.2763
267 26.8677 65.36
956 27.0682 65.4434
252 29.4297 66.4266
910 29.9319 66.6356
571 30.3562 66.8122
924 30.7733 66.9858
16 31.3452 67.2239
587 31.4112 67.2514
965 31.4823 67.281
291 31.5554 67.3115
359 31.624 67.34
715 31.696 67.37
591 31.7616 67.3973
21 31.8294 67.4255
308 31.8971 67.4537
804 31.9651 67.482
600 32.0264 67.5076
732 32.1063 67.5408
410 32.1398 67.8541
80 32.1783 68.2143
976 32.2143 68.5516
104 32.2425 68.8152
144 32.2771 69.1392
894 32.3041 69.3914
350 32.1229 69.7753
137 31.9549 70.1313
599 31.7668 70.5298
614 31.5523 70.9842
501 31.3649 71.3812
689 31.1656 71.8035
662 30.978 72.201
226 30.7927 72.5935
872 30.6063 72.9885
954 30.4292 73.3638
365 30.2802 73.6794
171 30.0396 74.1892
730 29.6251 75.0673
424 29.2075 75.9521
971 29.2075 75.9521
220 29.2075 75.9521
697 29.2075 75.9521
540 29.2075 75.9521
888 29.0317 75.9726
878 28.887 75.9895
428 28.7316 76.0076
604 28.5782 76.0255
41 28.4228 76.0436
946 28.2738 76.0609
919 28.1455 76.0759
806 28.0064 76.0921
292 27.8622 76.1089
275 26.856 76.2262
333 26.0323 76.3222
223 25.2494 76.4134
88 24.2284 76.5325
560 23.456 76.6225
916 22.8309 76.6953
550 22.4571 76.7389
757 22.0627 76.7849
244 21.6355 76.8347
825 21.2504 76.8796
99 20.8921 76.9213
601 20.516 76.9652
537 20.0887 77.015
339 19.6117 77.0706
398 19.1631 77.1229
338 18.7195 77.1746
574 18.6754 77.1797
411 18.6222 77.1859
701 18.5718 77.1918
454 18.5234 77.1974
266 18.4678 77.2039
552 18.4095 77.2107
551 18.351 77.2175
927 18.3007 77.2234
950 18.2445 77.2299
502 18.1847 77.2369
479 18.1295 77.2433
429 18.0723 77.25
487 18.0172 77.2564
658 17.9626 77.2628
443 17.9026 77.2698
680 17.8395 77.2771
635 17.7894 77.2829
431 17.7355 77.2892
167 17.6835 77.2953
970 14.1266 77.7098
570 13.4683 77.9733
169 12.9903 78.1645
203 12.6682 78.2934
615 12.3586 78.4172
75 12.0595 78.5369
719 11.8063 78.6382
436 11.5805 78.7286
639 11.3514 78.8202
665 11.132 78.908
694 10.9181 78.9936
219 10.9181 78.9936
298 10.7966 79.0638
830 10.6815 79.1302
445 10.5741 79.1922
207 10.4648 79.2553
693 10.4564 79.5643
955 10.4501 79.7962
95 10.4436 80.0356
224 10.4378 80.249
321 10.4306 80.5146
905 10.4232 80.7859
346 10.4165 81.0344
657 10.4093 81.2964
554 10.4009 81.6065
447 10.3919 81.937
17 10.3844 82.2123
547 10.379 82.4128
815 10.3733 82.6216
138 10.3674 82.8382
637 10.3624 83.0208
953 10.3574 83.205
364 10.3526 83.3834
678 10.3477 83.5605
263 10.3437 83.7097
446 10.3395 83.8631
93 10.3354 84.0128
718 10.3313 84.166
557 10.327 84.3223
728 10.3235 84.4519
31 10.3191 84.6125
301 10.3146 84.7798
457 10.3108 84.9201
240 10.3065 85.0777
991 10.3024 85.2287
556 10.2978 85.3947
433 10.2931 85.5704
759 10.288 85.7573
890 10.2829 85.943
405 10.2768 86.1661
546 10.2724 86.3307
300 10.2674 86.5142
108 10.2622 86.7048
153 10.2571 86.8911
736 10.2523 87.0702
90 10.2476 87.2418
178 10.2419 87.4504
792 10.2359 87.6718
944 10.23 87.8893
1 10.2227 88.1553
58 10.2161 88.3995
695 10.2089 88.6648
316 10.2016 88.934
368 10.1941 89.2093
495 10.1869 89.4727
988 10.1791 89.7606
833 10.1876 89.7604
247 10.1941 89.7602
914 10.2007 89.7601
982 10.2076 89.76
401 10.2141 89.7598
827 10.2209 89.7597
711 10.2278 89.7596
435 10.2347 89.7594
892 10.2418 89.7593
750 10.2486 89.7592
304 10.2554 89.759
585 10.2618 89.7589
426 10.2691 89.7587
803 10.276 89.7586
213 10.2826 89.7585
444 10.5263 89.7536
39 10.7604 89.7489
868 11.0054 89.744
106 11.2795 89.7385
200 11.57 89.7327
399 11.8588 89.7269
236 12.1403 89.7213
628 12.4101 89.7159
568 12.703 89.71
386 13.002 89.7041
380 13.2858 89.6984
184 13.6696 89.6907
50 13.988 89.6843
325 14.2535 89.679
699 14.5388 89.6733
969 14.8169 89.6678
469 15.4454 89.6552
183 15.9823 89.6444
249 16.4835 89.6344
886 16.9501 89.6251
442 17.3879 89.6163
199 17.8209 89.6077
712 18.6747 89.5906
973 19.4767 89.5746
578 20.4744 89.5546
611 21.3192 89.5377
296 21.3903 89.5363
491 21.4574 89.535
92 21.5295 89.5335
521 21.5928 89.5322
593 21.6574 89.531
430 21.7252 89.5296
20 21.7915 89.5283
36 21.8654 89.3351
696 21.9387 89.1434
441 22.0075 88.9638
409 22.082 88.7688
490 22.1712 88.5358
120 22.2485 88.3339
795 22.3282 88.1255
150 22.4019 87.933
13 22.4764 87.7382
326 22.5692 87.4956
780 22.5972 87.5102
48 22.705 87.5664
360 22.8414 87.6375
608 22.9763 87.7079
28 23.1265 87.7862
885 23.2402 87.8454
761 23.3605 87.9082
253 23.4781 87.9695
73 23.5983 88.0322
271 23.718 88.0946
462 23.718 88.0946
227 23.718 88.0946
456 23.7807 88.0955
714 23.8407 88.0965
753 23.9001 88.0974
15 23.9599 88.0983
871 24.0266 88.0994
933 24.0934 88.1004
768 24.1635 88.1015
76 24.2342 88.1026
631 24.2996 88.1037
306 24.363 88.1047
651 24.4252 88.1056
776 24.4878 88.1066
115 24.9791 88.1143
610 25.6033 88.1241
96 26.2051 88.1336
44 26.742 88.142
230 27.3536 88.1516
60 27.8164 88.1589
141 28.2948 88.1664
859 28.7457 88.1734
960 29.2502 88.1814
786 29.6488 88.1876
124 30.0356 88.1937
189 30.4303 88.1999
418 30.7644 88.2051
672 31.1422 88.2111
773 31.5112 88.2169
638 31.8878 88.2228
2 32.2645 88.2287
470 32.6477 88.2347
808 33.018 88.2405
974 33.3963 88.2464
288 33.3963 88.2464
139 33.953 88.15
613 34.96 87.887
649 36.0412 87.6047
548 36.9754 87.3607
918 37.9341 87.1103
215 39.2178 86.7751
270 40.3643 86.4757
940 41.7713 86.1083
659 42.6461 85.8799
921 43.4958 85.658
265 43.5307 89.1554
569 43.5311 89.1965
840 43.5315 89.2319
72 43.5319 89.2816
231 43.5324 89.3251
738 43.5328 89.3682
256 43.5332 89.4059
156 43.5336 89.4473
539 43.534 89.4875
146 43.5344 89.53
707 43.5348 89.5711
763 43.5352 89.6103
877 43.5356 89.6501
22 43.536 89.6898
394 43.5364 89.7276
752 43.5368 89.7693
313 44.7209 89.5471
896 45.9116 89.3236
882 46.8359 89.15
880 46.8594 89.1456
541 46.8805 89.1416
624 46.9045 89.1371
259 46.9294 89.1324
861 46.9509 89.1284
516 46.9706 89.1247
172 46.9909 89.1209
746 47.0154 89.1163
392 47.0368 89.1123
437 47.0608 89.1077
165 47.0852 89.1032
559 47.1089 89.0987
449 47.1327 89.0943
239 47.1578 89.0895
961 47.1824 89.0849
866 47.206 89.0805
309 47.23 89.076
690 47.257 89.0709
193 47.2793 89.0667
766 47.3006 89.0627
774 47.3274 89.0577
105 47.3504 89.0534
181 47.372 89.0493
448 47.4112 89.042
367 47.4976 89.0257
305 47.5677 89.0126
241 47.6343 89.0001
389 47.7147 88.985
62 47.7966 88.9696
618 47.8731 88.9553
406 47.943 88.9421
564 48.0113 88.9293
754 48.087 88.9151
40 48.159 88.9016
245 48.2271 88.8888
434 48.2914 88.8768
874 48.3536 88.8651
5 48.4319 88.8504
375 48.5143 88.8349
713 48.5991 88.819
511 48.6866 88.8026
126 48.7718 88.7866
532 48.85 88.7719
408 48.9313 88.7566
206 49.0073 88.7424
53 49.0917 88.7265
129 49.6742 88.6172
369 50.4448 88.4726
23 51.0084 88.3668
477 51.5384 88.2673
343 51.6639 88.2438
952 51.8146 88.2155
584 51.9634 88.1875
911 52.1016 88.1616
319 52.2168 88.14
416 52.3379 88.1173
887 52.4814 88.0903
320 52.6073 88.0667
737 52.7445 88.041
118 52.8758 88.0163
344 53.0044 87.9922
856 56.9531 87.2509
158 61.6828 86.3626
273 62.175 86.2703
353 62.69 86.1736
817 63.0211 86.1115
620 63.3617 86.0476
464 63.4719 85.9986
823 63.5864 85.9478
845 63.6952 85.8994
980 63.7955 85.8549
18 63.9654 85.7795
378 64.1186 85.7114
671 64.2666 85.6457
622 64.4154 85.5796
415 64.5527 85.5186
816 64.9509 85.3417
575 65.3694 85.1559
864 65.8239 84.954
654 66.1982 84.7878
395 66.4384 84.9621
744 66.6986 85.1509
937 66.9706 85.3482
83 67.2334 85.5389
544 67.5108 85.7401
818 67.7412 85.9074
854 67.9865 86.0853
149 68.206 86.2446
931 68.206 86.2446
567 68.206 86.2446
202 68.206 86.2446
317 68.3214 86.2692
177 68.4341 86.2933
666 68.5515 86.3183
984 68.6583 86.3411
297 68.7756 86.3661
185 68.8867 86.3899
992 69.4724 86.5149
318 70.2248 86.6755
52 70.868 86.8127
481 71.5791 86.9645
494 72.3441 87.1278
251 72.9723 87.2619
893 73.6575 87.4081
42 74.1126 87.5052
983 77.9897 88.3329
135 77.9897 88.3329
417 77.9897 88.3329
285 77.9897 88.3329
813 77.9897 88.3329
465 77.9897 88.3329
145 77.9897 88.3329
159 77.9897 88.3329
775 77.9897 88.3329
820 77.9897 88.3329
580 77.9897 88.3329
742 79.5808 88.2277
928 81.4033 88.1072
372 86.0073 83.478
322 85.7895 83.3009
311 85.5782 83.1291
889 85.3696 82.9595
648 85.1357 82.7694
25 84.9304 82.6025
685 84.6726 82.3928
725 84.3763 82.1519
660 84.1097 81.9352
450 83.7343 81.63
473 82.9396 80.9838
528 81.4109 79.7409
740 80.177 78.7377
204 78.771 77.5946
332 76.3513 75.6272
837 73.566 73.3626
900 71.2594 71.4872
656 68.8866 69.5579
852 68.5197 69.2597
650 68.1223 68.9365
110 67.7493 68.6333
478 67.3245 68.2879
190 66.9502 67.9835
201 66.9502 67.9835
385 66.9502 67.9835
71 66.8307 68.0693
152 66.7379 68.1359
383 66.6393 68.2066
727 66.3326 68.4267
51 66.0526 68.6276
173 65.801 68.8082
67 65.5594 68.9816
867 65.305 69.1641
290 65.0387 69.3552
340 64.7796 69.5412
595 64.531 69.7196
962 64.2685 69.908
393 63.9974 70.1026
975 63.7349 70.2909
904 63.3999 70.5313
832 63.0694 70.7685
460 62.7629 70.9885
579 62.4877 71.1859
800 61.836 71.6536
440 61.3082 72.0324
432 60.7361 72.443
9 60.2117 72.8193
109 59.7241 73.1692
605 59.2501 73.5094
94 58.7197 73.89
179 58.2241 74.2457
636 57.9443 74.4465
91 57.8253 74.5319
895 57.6992 74.6223
582 57.5822 74.7063
229 57.4626 74.7921
769 57.3463 74.8756
964 57.2352 74.9553
987 55.7985 75.9864
140 54.0263 77.2582
851 52.6897 78.2174
807 52.252 78.5315
814 52.1305 78.6186
947 52.0347 78.6874
561 51.9351 78.7589
12 51.8536 78.8174
280 51.7648 78.8811
536 51.6717 78.9479
509 51.3708 78.4048
315 51.0668 77.8561
801 50.773 77.3258
530 50.3441 76.5516
335 49.8715 75.6984
642 49.256 74.5874
855 48.4705 73.1695
294 47.8095 71.9762
617 46.9119 70.3559
533 46.0081 68.7243
84 46.0218 68.7393
453 46.0349 68.7536
484 46.048 68.7679
112 46.0617 68.7829
208 46.0742 68.7966
563 46.0871 68.8107
782 46.0998 68.8246
248 46.1121 68.838
755 46.1243 68.8514
826 46.1366 68.8648
562 46.1482 68.8775
82 46.1598 68.8902
523 46.3239 68.7825
134 46.4941 68.6708
235 46.6702 68.5552
802 46.8341 68.4477
513 46.9989 68.3395
404 47.156 68.2364
724 47.3285 68.1232
683 47.5407 67.984
968 47.7642 67.8373
743 47.9656 67.7051
986 48.1568 67.5797
632 48.3523 67.4514
558 48.5357 67.331
225 48.7197 67.2103
459 48.9202 67.0788
576 49.1277 66.9426
163 49.3334 66.8076
676 49.566 66.6549
798 49.7998 66.5015
779 50.0153 66.3601
857 50.2545 66.2032
621 50.4841 66.0525
577 50.7393 65.885
468 50.9706 65.7332
515 51.2078 65.5776
647 51.4348 65.4286
762 51.6102 65.3135
847 51.7865 65.1978
791 52.4112 63.5465
262 53.0537 61.8479
188 53.2442 61.3442
293 53.4218 60.8746
161 53.5862 60.44
286 53.7655 59.9662
538 53.9397 59.5055
907 54.1026 59.075
282 54.2633 58.65
396 54.4388 58.1862
35 54.5935 57.7771
216 54.75 57.3636
842 54.9499 56.835
85 54.9499 56.835
519 54.9499 56.835
625 54.9499 56.835
485 54.9499 56.835
668 54.9499 56.835
810 54.3395 56.2743
471 53.6732 55.6622
281 53.5318 55.5324
210 53.3965 55.4082
923 54.3913 55.2134
63 55.4544 55.0053
606 59.8627 54.1417
357 60.7078 53.9763
43 61.3927 53.8423
978 62.2066 53.7104
670 63.7135 53.4663
68 63.9898 53.4215
767 64.3097 53.3697
238 64.6095 53.3211
644 66.3125 53.0452
926 68.172 52.744
70 70.071 52.4364
334 72.5068 52.0419
977 74.5601 51.7093
242 74.5601 51.7093
420 74.5601 51.7093
941 74.5601 51.7093
850 74.5601 51.7093
553 74.5601 51.7093
466 74.5601 51.7093
102 74.5601 51.7093
942 74.5601 51.7093
117 74.5601 51.7093
323 74.5601 51.7093
583 75.259 51.747
425 75.9611 51.7849
232 76.6079 51.8197
195 77.6258 51.8746
609 78.6263 51.9286
170 80.3683 52.0226
107 81.0248 52.058
967 81.4357 52.0801
387 81.9071 52.1055
951 82.4049 52.1324
136 82.8684 52.1574
684 83.3133 52.1814
838 83.7423 52.2045
198 84.1864 52.2285
506 84.6391 52.2529
497 85.0635 52.2758
29 82.8559 49.6018
932 82.2792 48.9033
920 81.6763 48.1731
884 81.0821 47.4534
835 79.5103 45.5497
274 78.1115 43.8555
592 76.8851 42.3701
314 75.4245 40.601
745 75.3156 40.4691
143 75.2007 40.3298
675 75.0775 40.1807
520 78.4227 34.2247
590 80.1159 31.2102
33 81.5345 28.6847
98 83.2539 25.6237
483 86.1496 17.4798
345 86.0406 17.5245
979 85.9352 17.5677
627 85.8279 17.6117
260 85.7313 17.6513
243 84.9493 17.9717
