0,777,721,176,24,504,103,598,295,419,819,959,581,555,831,458,906,27,781,6,358,466,66,821,675,751,828,492,217,55,681,355,197,421,250,257,43,594,377,716,844,848,875,634,989,19,522,276,512,870,452,155,356,566,209,164,261,289,935,785,26,480,191,692,822,160,873,790,865,917,824,379,834,586,111,407,602,221,709,518,337,467,883,934,573,287,310,653,669,351,704,363,488,254,64,629,8,674,881,710,402,646,211,812,722,682,963,412,348,366,362,741,794,74,514,4,299,258,187,61,661,572,836,985,455,898,641,588,268,673,331,121,65,246,284,643,439,869,474,626,902,702,915,307,899,354,829,943,549,423,616,990,863,283,87,341,489,312,749,700,123,384,841,958,731,46,330,771,133,86,499,212,154,157,496,328,652,148,142,476,391,174,698,938,770,764,589,534,972,565,100,57,463,373,542,182,505,336,279,909,303,222,47,936,708,849,531,747,122,116,218,128,939,784,517,255,234,760,214,527,925,347,966,192,376,371,445,734,427,374,457,686,31,970,657,554,991,607,799,14,717,381,338,667,162,718,905,436,694,207,830,224,203,298,75,615,570,444,890,178,639,433,955,93,892,48,240,637,759,304,719,300,426,792,138,263,953,568,446,628,95,90,1,944,301,973,693,712,442,982,827,106,200,380,435,247,462,316,364,547,711,868,699,39,557,585,969,169,447,213,401,199,546,815,108,678,115,914,803,399,153,325,736,916,988,469,17,885,368,386,750,183,15,441,933,871,611,236,776,491,227,405,13,714,696,521,631,786,306,768,430,593,795,428,96,918,761,651,168,244,825,360,431,424,550,88,44,487,50,610,833,859,253,36,456,167,60,41,780,695,773,757,490,495,333,288,58,638,92,470,294,418,574,73,150,76,296,129,919,806,649,16,658,730,308,241,578,141,189,223,689,635,124,888,600,99,479,604,587,537,266,502,443,249,697,81,560,339,551,680,860,701,720,608,665,796,275,346,789,326,556,184,728,272,630,114,219,3,77,277,119,97,772,361,879,726,503,948,482,321,946,507,398,130,132,400,220,971,886,846,903,500,735,329,571,524,950,526,411,552,113,429,545,729,601,927,59,897,451,454,596,404,910,163,878,327,715,724,901,912,591,599,79,603,913,891,733,839,269,876,688,324,349,965,493,390,645,137,382,501,510,30,267,233,756,352,758,981,924,422,166,131,703,196,739,677,640,34,705,956,805,691,655,908,797,78,32,228,10,205,11,125,723,543,663,858,278,664,486,397,811,7,37,438,414,783,748,38,403,508,413,679,525,535,949,475,612,619,151,388,853,787,529,633,778,180,922,621,127,49,732,302,862,687,706,957,104,788,359,89,809,804,779,365,175,291,459,597,410,576,264,194,743,281,765,676,533,147,929,237,370,471,683,923,69,843,342,210,461,84,498,762,286,54,798,161,144,755,216,921,453,671,826,894,632,484,91,80,558,235,225,802,56,171,134,940,229,280,895,857,563,460,315,140,575,800,432,582,968,9,468,112,313,320,415,642,335,814,248,530,540,215,292,523,270,256,406,513,350,179,394,21,954,82,614,226,662,252,2,416,562,976,230,146,561,172,872,564,672,239,20,409,960,548,707,808,271,738,28,753,392,53,613,139,265,974,22,72,375,448,877,120,231,206,165,763,389,766,774,874,5,62,105,569,961,752,181,851,40,319,126,980,746,118,516,737,659,343,245,866,636,559,539,952,408,618,690,536,992,185,856,816,532,896,367,624,882,584,344,823,318,202,23,434,911,567,622,317,177,511,156,807,193,259,12,947,840,713,305,861,437,541,309,449,984,94,880,987,801,369,378,887,931,297,754,579,395,18,782,769,340,509,393,353,481,727,145,417,832,837,158,51,818,937,83,464,273,817,775,149,465,845,666,52,820,620,251,494,544,864,477,854,813,928,135,983,580,285,42,742,322,893,725,25,660,685,889,473,372,290,648,159,740,528,71,204,650,900,904,744,173,962,975,201,838,110,383,311,332,977,506,170,107,450,684,136,242,951,497,932,967,884,198,920,583,425,387,850,553,941,656,385,767,68,907,109,152,654,67,852,334,867,420,810,647,188,538,847,440,208,793,595,478,238,605,577,668,855,986,617,101,472,625,515,791,964,85,519,262,186,282,945,35,293,396,978,63,644,930,117,70,232,143,314,670,842,323,926,623,102,485,942,190,357,592,29,274,606,45,609,745,195,835,33,520,590,243,98,627,345,483,979,260,
value : 578.01 running time : 27.927986
0 80 20
777 71.4725 16.7249
721 70.6362 16.4037
176 69.8097 16.0862
24 69.0854 15.808
504 68.3455 15.5238
103 67.5503 15.2184
598 65.6217 19.0063
295 64.0549 22.0837
419 62.2394 25.6495
819 62.2262 26.4773
959 62.2131 27.307
581 62.1997 28.1502
555 62.1704 29.9919
831 62.1347 32.2389
458 62.0936 34.8201
906 62.0572 37.1095
27 62.0572 37.1095
781 62.0572 37.1095
6 62.0572 37.1095
358 62.0572 37.1095
466 62.0572 37.1095
66 60.0712 37.2875
821 59.0399 37.3799
675 57.8775 37.4841
751 56.4637 37.6108
828 55.1909 37.7248
492 53.7886 37.8505
217 53.4352 37.8822
55 53.0564 37.9161
681 52.6516 37.9524
355 52.2459 37.9888
197 51.7963 38.029
421 51.3765 38.0667
250 50.9996 38.1004
257 50.6226 38.1342
43 50.3411 38.1594
594 49.9883 38.1911
377 49.6186 38.2242
716 49.1602 38.2653
844 48.7259 38.3042
848 48.2939 38.3429
875 47.9044 38.3778
634 47.4767 38.4161
989 46.5591 38.4984
19 45.901 38.5573
522 45.1261 38.6268
276 44.9179 38.3179
512 44.6913 37.9816
870 44.4319 37.5966
452 44.1324 37.1523
155 43.8208 36.6899
356 43.4684 36.1671
566 43.0855 35.5989
209 42.6604 34.9681
164 42.237 34.3399
261 41.8778 33.8069
289 41.6269 33.4346
935 41.3944 33.0897
785 41.1223 32.6859
26 40.7801 32.1782
480 40.6959 32.0532
191 40.6001 31.9111
692 40.5068 31.7726
822 40.3974 31.6103
160 40.3041 31.4718
873 40.2177 31.3437
790 39.9819 30.9938
865 39.7108 30.5916
917 39.4096 30.1446
824 37.6563 27.543
379 37.1299 26.7621
834 36.6079 25.9875
586 36.0335 25.1351
111 35.1685 23.8517
407 34.3745 22.6737
602 34.3745 22.6737
221 34.6883 21.7556
709 35.498 19.386
518 36.5582 16.2833
337 35.9686 17.0172
467 35.3708 17.7612
883 35.0463 17.731
934 34.7332 17.7019
573 34.34 17.6653
287 33.9544 17.6294
310 33.5623 17.5929
653 33.1554 17.555
669 31.4761 17.3988
351 30.0492 17.2661
704 28.5426 17.1259
363 26.4748 16.9336
488 22.4933 16.5634
254 21.1872 16.4419
64 19.851 16.3176
629 16.4296 15.9995
8 15.3389 15.898
674 14.0585 15.7789
881 12.9028 15.6713
710 11.9294 15.5808
402 11.9211 15.5779
646 11.9118 15.5748
211 11.9034 15.572
812 11.8942 15.5689
722 11.8088 16.035
682 11.6799 16.7383
963 11.5499 17.4483
412 11.4528 17.9779
348 11.3574 18.4989
366 11.256 19.0523
362 11.1409 19.6805
741 11.0214 20.3327
794 10.8988 21.0018
74 10.8119 21.4763
514 10.7296 21.9254
4 10.7126 22.0186
299 10.696 22.1092
258 10.6792 22.2004
187 10.6632 22.2879
61 10.6464 22.3799
661 10.6288 22.4758
572 10.6095 22.5812
836 10.5917 22.6781
985 10.5733 22.7785
455 10.558 22.862
898 10.5417 22.951
641 11.5972 23.2203
588 12.3802 23.4201
268 13.2625 23.6452
673 14.0788 23.8535
331 14.9761 24.0825
121 16.2725 24.4132
65 17.1245 24.6306
246 17.7629 24.7935
284 18.1538 24.8932
643 18.5259 24.9882
439 18.8996 25.0835
869 19.2671 25.1773
474 19.475 25.2303
626 19.7099 25.2903
902 19.4219 25.726
702 19.1312 26.1658
915 18.8031 26.6623
307 18.4682 27.1689
899 17.9805 27.9068
354 17.4596 28.6949
829 16.8425 29.6286
943 16.2432 30.5354
549 15.611 31.4919
423 14.5136 33.1524
616 13.7773 34.2663
990 13.2208 35.1083
863 12.7118 35.8785
283 12.2792 36.533
87 11.8502 37.1821
341 11.387 37.8829
489 11.0983 38.3196
312 11.0983 38.3196
749 11.0983 38.3196
700 11.0983 38.3196
123 11.0983 38.3196
384 11.0983 38.3196
841 11.0983 38.3196
958 11.0983 38.3196
731 11.0983 38.3196
46 11.0983 38.3196
330 11.0983 38.3196
771 11.0983 38.3196
133 11.0983 38.3196
86 11.0983 38.3196
499 11.0953 39.7562
212 11.0931 40.8285
154 11.0908 41.9099
157 11.0888 42.8713
496 11.0879 43.2731
328 11.0871 43.6567
652 11.0856 44.362
148 11.0842 45.0307
142 11.0827 45.7604
476 11.0815 46.3094
391 11.0802 46.9187
174 11.0791 47.4404
698 11.0781 47.9535
938 11.0771 48.4359
770 11.0762 48.8468
764 11.075 49.4182
589 11.0746 49.6044
534 11.0742 49.7685
972 11.0739 49.9502
565 11.0735 50.1252
100 11.0732 50.2832
57 11.0728 50.4451
463 11.0725 50.6082
373 11.0721 50.778
542 11.0718 50.9526
182 11.0714 51.1258
505 11.071 51.2983
336 11.0706 51.4791
279 11.0703 51.6461
909 11.07 51.8029
303 11.0696 51.9736
222 11.0693 52.1363
47 11.0689 52.3078
936 11.0685 52.482
708 11.0682 52.6569
849 11.0678 52.8312
531 11.0674 53.0115
747 11.0671 53.1689
122 11.0668 53.3081
116 11.0665 53.449
218 11.0662 53.6128
128 11.0658 53.7675
939 11.0533 59.7257
784 11.0521 60.2916
517 11.0509 60.848
255 11.0502 61.2
234 11.0495 61.5144
760 11.0488 61.8342
214 11.0482 62.1504
527 11.0474 62.539
925 11.0456 63.3538
347 11.0436 64.304
966 11.0415 65.3403
192 11.0401 65.9899
376 11.0387 66.6794
371 11.0371 67.4159
445 11.0355 68.1769
734 11.0341 68.8419
427 11.0325 69.5909
374 11.0309 70.3528
457 11.0295 71.019
686 11.0283 71.6223
31 11.0269 72.274
970 11.0259 72.7528
657 11.0246 73.3452
554 11.0234 73.9314
991 11.0231 74.0921
607 11.0227 74.2462
799 11.0224 74.4064
14 11.022 74.5934
717 11.0216 74.7889
381 11.0212 75.0027
338 11.0206 75.285
667 11.02 75.5708
162 11.0193 75.8836
718 11.0185 76.2634
905 11.0181 76.4809
436 11.0176 76.6838
694 11.0172 76.8721
207 11.0168 77.0905
830 11.0162 77.3719
224 11.0156 77.6317
203 11.015 77.9152
298 11.0145 78.1781
75 11.0139 78.4724
615 11.0133 78.7501
570 11.0127 79.0265
444 11.0121 79.2991
890 11.0116 79.554
178 11.011 79.8199
639 11.0105 80.0754
433 11.0099 80.3638
955 11.0093 80.6606
93 11.0086 80.9619
892 11.008 81.2457
48 11.0075 81.5249
240 11.0068 81.815
637 11.0062 82.1199
759 11.0056 82.3905
304 11.005 82.6836
719 11.0045 82.9332
300 11.004 83.1844
426 11.0034 83.4294
792 11.0029 83.6985
138 11.0023 83.9767
263 11.0018 84.2139
953 11.0013 84.4542
568 11.0008 84.6837
446 11.0004 84.9006
628 10.9999 85.1165
95 10.9994 85.339
90 10.999 85.5605
1 10.9984 85.822
944 10.9979 86.0637
301 10.9973 86.3513
973 10.9967 86.632
693 10.9962 86.8847
712 10.9956 87.1414
442 10.9951 87.3965
982 10.9946 87.6527
827 10.994 87.9397
106 10.9935 88.1647
200 10.993 88.3824
380 10.9926 88.5922
435 10.9922 88.778
247 10.9919 88.8954
462 10.9917 89.0259
316 10.9914 89.1503
364 10.9911 89.2845
547 10.9908 89.4198
711 10.9905 89.5652
868 10.9902 89.7015
699 10.99 89.8255
39 10.9897 89.9608
557 10.9894 90.0857
585 10.9892 90.2208
969 10.9889 90.3471
169 10.9886 90.4699
447 10.9883 90.6047
213 10.9881 90.7411
401 10.9946 90.7442
199 11.0012 90.7473
546 11.0076 90.7504
815 11.0142 90.7535
108 11.0203 90.7563
678 11.0265 90.7592
115 11.0334 90.7625
914 11.0392 90.7653
803 11.0455 90.7682
399 11.0521 90.7713
153 11.0582 90.7742
325 11.0647 90.7773
736 11.0708 90.7802
916 11.0773 90.7832
988 11.0829 90.7858
469 11.8268 91.1368
17 12.5232 91.4653
885 13.1892 91.7795
368 13.6656 92.0042
386 14.1317 92.2241
750 14.6078 92.4487
183 15.0464 92.6556
15 15.5074 92.873
441 15.9439 93.079
933 16.3537 93.2723
871 16.7677 93.4676
611 17.1723 93.6584
236 17.1714 93.6578
776 17.1707 93.6573
491 17.17 93.6568
227 17.1693 93.6563
405 17.1685 93.6557
13 17.5071 93.2833
714 17.8485 92.9077
696 18.1962 92.5252
521 18.5401 92.147
631 18.8851 91.7676
786 19.2251 91.3936
306 19.4923 91.0996
768 19.7639 90.8009
430 20.048 90.4884
593 20.3474 90.1591
795 20.6591 89.8162
428 20.813 89.647
96 20.961 89.4841
918 21.1063 89.3242
761 21.2421 89.1749
651 21.3821 89.0209
168 21.5304 88.8577
244 21.5532 88.8326
825 21.5763 88.8072
360 21.5971 88.7843
431 21.6185 88.7607
424 21.639 88.7383
550 21.66 88.7151
88 21.6803 88.6928
44 21.7005 88.6706
487 21.7222 88.6467
50 21.7415 88.6254
610 21.7613 88.6037
833 21.7818 88.5811
859 21.803 88.5578
253 21.824 88.5346
36 21.8434 88.5133
456 21.864 88.4906
167 21.8876 88.4646
60 21.9097 88.4403
41 21.9097 88.4403
780 21.9097 88.4403
695 22.5408 87.9428
773 23.2094 87.4157
757 23.7887 86.959
490 24.3238 86.5372
495 24.851 86.1216
333 25.5668 85.5573
288 26.2129 85.048
58 26.942 84.4732
638 27.754 83.833
92 28.5293 83.2218
470 29.3165 82.6013
294 31.2185 81.102
418 31.2185 81.102
574 31.2185 81.102
73 31.2185 81.102
150 31.2185 81.102
76 31.2185 81.102
296 31.2185 81.102
129 31.2185 81.102
919 30.9124 80.5454
806 30.5955 79.9693
649 30.2889 79.412
16 29.9357 78.7701
658 29.5836 78.13
730 29.2863 77.5895
308 28.9965 77.0627
241 28.9965 77.0627
578 28.7304 76.9563
141 28.5151 76.8703
189 28.281 76.7767
223 28.0167 76.671
689 27.7457 76.5627
635 27.4547 76.4463
124 27.2041 76.3462
888 26.9259 76.235
600 26.6564 76.1272
99 26.4089 76.0283
479 26.1651 75.9308
604 25.9485 75.8442
587 25.7064 75.7475
537 25.4782 75.6562
266 25.2341 75.5586
502 24.9813 75.4576
443 24.8573 75.408
249 24.732 75.3579
697 23.6476 74.8991
81 22.3693 74.3581
560 21.6643 74.0598
339 21.0256 73.7895
551 20.3514 73.5042
680 19.7257 73.2395
860 19.1633 73.0015
701 18.7911 72.844
720 18.4041 72.6802
608 17.5962 72.3384
665 16.3268 71.8012
796 16.0807 71.6971
275 15.8171 71.5855
346 15.5227 71.461
789 15.2588 71.3493
326 14.9055 71.1998
556 14.523 71.0379
184 14.2172 70.9086
728 13.8293 70.7444
272 13.8293 70.7444
630 13.8293 70.7444
114 13.8293 70.7444
219 13.8293 70.7444
3 13.8293 70.7444
77 13.8293 70.7444
277 14.1055 70.6653
119 14.408 70.5787
97 14.7056 70.4935
772 15.0114 70.406
361 15.2886 70.3267
879 15.5587 70.2493
726 15.854 70.1648
503 16.1178 70.0893
948 16.4002 70.0085
482 16.7034 69.9217
321 16.9945 69.8384
946 17.6042 69.6638
507 18.1578 69.5053
398 18.4303 69.4273
130 18.7195 69.3446
132 19.0161 69.2597
400 19.3008 69.1782
220 19.6161 69.0879
971 19.9309 68.9978
886 20.2183 68.9155
846 20.6725 68.7855
903 21.1234 68.6565
500 21.5214 68.5426
735 21.9802 68.4112
329 22.3971 68.2919
571 22.8427 68.1643
524 23.2186 68.0567
950 23.6377 67.9368
526 24.0648 67.8145
411 24.4815 67.6952
552 24.9238 67.5686
113 25.3672 67.4417
429 25.9248 67.2821
545 28.3585 66.5851
729 28.3585 66.5851
601 28.3585 66.5851
927 28.3585 66.5851
59 28.3585 66.5851
897 28.3585 66.5851
451 28.3585 66.5851
454 28.3585 66.5851
596 28.3585 66.5851
404 28.3585 66.5851
910 28.3585 66.5851
163 28.3585 66.5851
878 28.3585 66.5851
327 28.3585 66.5851
715 28.3585 66.5851
724 28.3585 66.5851
901 28.1667 65.505
912 27.9978 64.5537
591 27.8483 63.7114
599 27.6571 62.6351
79 27.4656 61.5565
603 27.2761 60.4896
913 27.1262 59.6453
891 27.0408 59.1641
733 26.9593 58.7052
839 26.8707 58.206
269 26.7791 57.6903
876 26.6961 57.2225
688 26.5607 57.214
324 26.4229 57.2054
349 26.2911 57.1972
965 26.1635 57.1892
493 26.0424 57.1816
390 25.9125 57.1735
645 25.785 57.1655
137 25.6512 57.1571
382 25.5133 57.1485
501 25.3806 57.1402
510 25.2381 57.1313
30 25.0986 57.1225
267 24.4999 57.085
233 23.8717 57.0457
756 23.2614 57.0075
352 22.6189 56.9672
758 22.6189 56.9672
981 22.6189 56.9672
924 22.6189 56.9672
422 18.9543 55.537
166 15.171 54.0605
131 15.4394 53.9094
703 15.7317 53.7448
196 16.0552 53.5628
739 16.3869 53.376
677 17.6947 52.6397
640 19.5203 51.6119
34 19.6866 51.2413
705 19.8723 50.8271
956 20.0646 50.3985
805 20.2625 49.9575
691 20.5172 49.3896
655 20.8409 48.668
908 21.1034 48.083
797 21.3715 47.4853
78 21.6504 46.8637
32 21.9123 46.2798
228 22.1413 45.7694
10 22.3839 45.2285
205 22.9247 44.7315
11 23.3241 44.3645
125 23.7068 44.0128
723 24.078 43.6717
543 24.4518 43.3283
663 24.8165 42.9931
858 25.2312 42.612
278 25.9556 41.9463
664 26.0606 41.8498
486 26.1658 41.7532
397 26.2598 41.6668
811 26.3687 41.5667
7 26.4703 41.4733
37 26.5598 41.3911
438 26.6584 41.3005
414 26.7645 41.2029
783 26.8666 41.1092
748 26.9636 41.02
38 27.0606 40.9309
403 27.1541 40.845
508 27.2553 40.7519
413 27.3564 40.6591
679 27.4622 40.5618
525 27.5556 40.476
535 27.654 40.3856
949 27.7518 40.2957
475 27.867 40.1898
612 27.9891 40.0776
619 28.0993 39.9764
151 28.2151 39.87
388 28.3254 39.7686
853 28.4494 39.6547
787 28.5059 39.6027
529 29.7146 41.7134
633 31.6848 45.1539
778 32.7986 47.0991
180 33.6917 48.6588
922 34.441 49.9674
621 35.0287 50.9937
127 35.147 51.2002
49 35.2614 51.4001
732 35.3875 51.6203
302 35.4837 51.7884
862 35.5857 51.9664
687 35.6932 52.1543
706 36.0626 52.7993
957 36.6993 53.9112
104 37.1791 54.7492
788 37.5645 55.4222
359 37.9293 56.0594
89 38.7846 56.0207
809 39.6018 55.9839
804 40.4126 55.9472
779 41.2062 55.9114
365 41.246 55.9096
175 41.2877 55.9077
291 41.3302 55.9058
459 41.3765 55.9037
597 41.4232 55.9016
410 41.4648 55.8997
576 41.5068 55.8978
264 41.5505 55.8959
194 41.5935 55.8939
743 41.6359 55.892
281 41.6644 55.8907
765 41.6922 55.8895
676 41.7229 55.8881
533 41.7516 55.8868
147 41.7804 55.8855
929 41.8105 55.8841
237 41.8424 55.8827
370 41.8739 55.8813
471 41.9057 55.8798
683 41.9371 55.8784
923 41.971 55.8769
69 42.0028 55.8754
843 42.3144 56.5937
342 42.6722 57.4184
210 43.1573 58.5364
461 43.7549 59.9139
84 44.6835 62.0543
498 45.235 63.3255
762 45.9787 65.0398
286 45.9787 65.0398
54 46.1507 65.6953
798 46.3475 66.4458
161 46.5669 67.2824
144 46.8173 68.2372
755 47.0354 69.0687
216 47.1695 69.5804
921 47.3395 70.2283
453 47.4833 70.7766
671 47.6463 71.3981
826 47.6796 71.5251
894 47.7109 71.6445
632 47.7448 71.774
484 47.7772 71.8974
91 47.8113 72.0275
80 47.8432 72.149
558 47.8753 72.2717
235 47.9115 72.4097
225 47.9478 72.548
802 47.9857 72.6925
56 48.0188 72.8185
171 48.1068 73.1541
134 48.2076 73.5386
940 48.322 73.9749
229 48.4193 74.3457
280 48.5021 74.6616
895 48.5764 74.9448
857 48.6488 75.2209
563 48.7284 75.5244
460 48.8068 75.8234
315 48.8068 75.8234
140 48.8068 75.8234
575 48.8068 75.8234
800 48.8068 75.8235
432 48.8068 75.8235
582 48.8068 75.8235
968 48.8068 75.8235
9 48.8068 75.8235
468 48.8068 75.8235
112 48.4985 77.7752
313 47.8214 82.0601
320 47.4073 81.9261
415 47.0046 81.7959
642 46.5698 81.6553
335 46.1582 81.5222
814 45.6513 81.3582
248 45.1308 81.1899
530 44.633 81.0289
540 44.0802 80.8501
215 43.598 80.6942
292 43.1189 80.5392
523 42.6457 80.3862
270 42.2885 80.2707
256 41.9714 80.1681
406 41.6894 80.0769
513 41.3343 79.962
350 40.971 79.8445
179 40.6445 79.7389
394 39.7692 79.4559
21 38.8096 79.1455
954 38.6407 79.537
82 38.4862 79.895
614 38.3311 80.2546
226 38.1724 80.6225
662 38.0098 80.9993
252 37.8419 81.3884
2 37.6564 81.8185
416 37.4858 82.2138
562 37.3355 82.5623
976 37.1632 82.9615
230 36.94 83.4789
146 36.7518 83.9149
561 36.5917 84.2861
172 36.4111 84.7047
872 36.2496 85.079
564 36.076 85.4814
672 35.8374 86.0343
239 35.617 86.5453
20 32.9664 88.8892
409 32.5798 89.2311
960 32.3755 89.4118
548 32.1889 89.5769
707 31.9831 89.7588
808 31.7727 89.9449
271 31.5731 90.1214
738 31.3694 90.3015
28 31.149 90.4964
753 30.94 90.6812
392 31.9911 90.7644
53 32.8944 90.8359
613 33.5737 90.8896
139 34.2272 90.9413
265 34.8414 90.9899
974 35.3976 91.034
22 35.9264 91.0758
72 36.4572 91.1178
375 37.0146 91.1619
448 37.4545 91.1967
877 37.8923 91.2314
120 38.3194 91.2652
231 38.8551 91.3076
206 39.464 91.3558
165 40.0254 91.4002
763 40.5246 91.4397
389 41.009 91.478
766 41.4909 91.5162
774 42.0039 91.5567
874 42.3849 91.5869
5 42.7789 91.6181
62 43.1748 91.6494
105 43.519 91.6767
569 43.8482 91.7027
961 44.2194 91.7321
752 44.5272 91.7564
181 45.0288 91.7961
851 45.6117 91.8423
40 46.1153 91.8821
319 46.5332 91.9152
126 46.9915 91.9514
980 47.4116 91.9847
746 47.773 92.0133
118 48.1654 92.0443
516 48.5046 92.0712
737 48.8706 92.1002
659 49.1382 92.1213
343 49.4591 92.1467
245 49.805 92.1741
866 50.1255 92.1995
636 50.4771 92.2273
559 50.8228 92.2546
539 51.2037 92.2848
952 51.6777 92.3223
408 52.1004 92.3557
618 52.5537 92.3916
690 52.9982 92.4268
536 53.4171 92.4599
992 53.9109 92.499
185 54.3168 92.5311
856 54.6842 92.5602
816 55.0451 92.5888
532 55.3856 92.6157
896 55.7788 92.6468
367 56.1655 92.6774
624 56.5522 92.708
882 56.9542 92.7399
584 57.397 92.7749
344 57.8185 92.8083
823 58.2888 92.8455
318 58.6695 92.8756
202 58.1861 92.5766
23 57.7397 92.3005
434 57.3007 92.0291
911 56.871 91.7633
567 56.4209 91.485
622 55.9632 91.2019
317 55.1057 90.6715
177 54.2357 90.1335
511 53.0848 89.4216
156 51.7529 88.5979
807 50.4064 87.7651
193 50.1779 87.6238
259 49.9828 87.5031
12 49.7624 87.3668
947 49.5171 87.2151
840 49.2638 87.0585
713 49.2638 87.0585
305 49.2638 87.0585
861 49.2638 87.0585
437 49.2638 87.0585
541 49.2638 87.0585
309 49.4355 86.9604
449 49.7056 86.8062
984 52.9189 84.9712
94 54.1586 84.2632
880 55.176 83.6821
987 56.2587 83.0637
801 56.9513 82.6681
369 57.5928 82.3018
378 58.2585 81.9215
887 58.8656 81.5748
931 59.5376 81.1909
297 60.1882 80.8193
754 60.7894 80.476
579 63.3177 79.0321
395 63.3177 79.0321
18 63.3177 79.0321
782 63.3177 79.0321
769 63.3177 79.0321
340 63.3177 79.0321
509 63.3177 79.0321
393 63.3177 79.0321
353 67.2063 82.7318
481 67.349 82.8676
727 67.4916 83.0033
145 67.6692 83.1722
417 67.8181 83.3139
832 67.9565 83.4457
837 68.2963 83.769
158 68.6963 84.1496
51 69.0048 84.4431
818 69.3944 84.8138
937 69.7621 85.1638
83 70.1427 85.5259
464 70.5557 85.9188
273 70.9222 86.2676
817 71.3034 86.6303
775 71.6316 86.9426
149 72.0019 87.2949
465 72.2591 87.5396
845 72.5556 87.8218
666 72.8546 88.1062
52 73.1441 88.3818
820 73.4437 88.6669
620 73.6716 88.8837
251 73.9095 89.11
494 74.1457 89.3348
544 74.371 89.5491
864 74.5923 89.7597
477 74.832 89.9878
854 75.4677 90.5927
813 76.0902 91.1849
928 76.7712 91.8329
135 76.7712 91.8329
983 76.7712 91.8329
580 76.7712 91.8329
285 76.7712 91.8329
42 76.7712 91.8329
742 78.1546 90.4438
322 79.4402 89.1528
893 80.5588 88.0295
725 82.4289 86.1515
25 84.4692 84.1027
660 85.2538 83.3147
685 85.4334 83.1345
889 85.6092 82.9579
473 85.7932 82.7731
372 85.9937 82.5717
290 79.4829 75.4113
648 79.21 75.1112
159 78.8965 74.7664
740 78.4843 74.3131
528 77.9909 73.7705
71 77.4518 73.1776
204 76.9543 72.6304
650 76.1813 71.7803
900 75.9764 71.555
904 75.7661 71.3236
744 75.5812 71.1203
173 75.3838 70.9033
962 76.7975 69.9866
975 78.6713 68.7715
201 80.9893 67.2684
838 83.7578 65.473
110 84.0743 65.6382
383 84.6025 65.9139
311 85.1863 66.2185
332 85.141 65.7598
977 85.0921 65.2642
506 85.0492 64.829
170 85.0079 64.4107
107 84.9743 64.0698
450 84.9486 63.8097
684 84.9113 63.4312
136 84.8732 63.0455
242 84.8511 62.8215
951 84.8288 62.596
497 84.8288 62.596
932 82.73 62.3052
967 81.9695 62.1998
884 81.4824 62.1323
198 80.3273 61.9722
920 78.9165 61.7767
583 77.9667 61.6451
425 77.1985 61.5387
387 76.3163 61.7569
850 75.2764 62.0141
553 74.305 62.2543
941 73.2196 62.5228
656 72.1514 62.787
385 71.0983 63.0475
767 69.1444 63.5307
68 67.28 63.9917
907 65.5474 64.4202
109 63.9954 64.804
152 64.1161 64.6786
654 64.2149 64.5759
67 64.3163 64.4706
852 64.4251 64.3576
334 64.5266 64.2521
867 64.0841 64.2148
420 63.6402 64.1774
810 63.1457 64.1358
647 62.7167 64.0996
188 62.2846 64.0633
538 61.964 64.0363
847 61.6325 64.0083
440 61.3001 63.9804
208 60.9714 63.9527
793 60.6606 63.9265
595 60.3936 63.904
478 60.108 63.88
238 59.7767 63.8521
605 59.4449 63.8241
577 59.125 63.7972
668 58.8273 63.7721
855 58.5008 63.7446
986 58.2115 63.7203
617 58.2086 61.0088
101 58.2035 56.3307
472 58.1997 52.7604
625 58.1997 52.7604
515 58.1997 52.7604
791 58.2564 52.6977
964 58.3262 52.6205
85 58.4008 52.5379
519 58.4703 52.461
262 58.54 52.3839
186 58.6067 52.3101
282 58.6731 52.2367
945 58.8304 52.0626
35 59.1733 51.6832
293 59.5497 51.2667
396 59.9462 50.828
978 60.3583 50.372
63 60.7278 49.9632
644 61.1421 49.5048
930 61.5307 49.0748
117 61.7957 48.7816
70 62.0718 48.4761
232 62.3639 48.153
143 62.5997 47.892
314 62.8416 47.6244
670 63.0686 47.3733
842 63.2709 47.1494
323 63.495 46.9015
926 63.6864 46.6897
623 63.8779 46.4778
102 64.0825 46.2515
485 64.2965 46.0147
942 64.5503 45.7338
190 65.0208 45.2133
357 66.342 43.7514
592 67.8422 42.0915
29 68.6882 41.1554
274 69.4695 40.2909
606 69.9609 39.7472
45 70.5643 39.0796
609 71.2337 38.3389
745 71.9009 37.6006
195 72.554 36.878
835 76.0883 32.9672
33 78.4494 30.3545
520 80.1111 28.5158
590 82.5984 25.7635
243 86.7625 21.1554
98 86.7625 21.1554
627 86.6286 19.9976
345 86.5036 18.9164
483 86.3602 17.676
979 86.1155 17.6711
260 85.8884 17.6666
