0,260,345,483,243,979,627,590,323,745,274,821,520,33,609,835,98,466,136,838,951,538,606,357,143,478,942,767,195,592,198,29,242,334,70,850,102,920,670,425,684,967,977,941,932,884,170,506,387,497,107,372,25,528,204,450,660,473,311,685,322,889,818,742,135,983,740,465,145,813,864,893,158,159,648,417,725,285,666,775,494,928,854,820,580,395,845,52,251,318,464,477,185,620,353,544,149,817,481,937,42,83,367,737,823,622,642,245,880,408,369,575,317,816,851,690,992,273,177,536,940,320,530,754,947,814,156,618,297,179,344,584,911,624,62,23,896,516,961,118,774,882,511,105,434,541,5,389,874,559,449,856,980,984,202,313,866,416,280,415,766,746,952,343,532,713,129,305,659,437,636,406,562,319,763,126,248,826,12,335,229,801,259,921,315,140,986,895,432,172,92,292,392,215,239,2,134,60,795,230,539,564,563,649,82,561,802,806,294,80,614,404,189,144,241,256,394,96,808,72,773,139,206,271,309,613,181,375,707,974,638,193,755,960,53,738,120,22,610,919,470,786,231,265,877,146,448,548,752,569,165,807,672,58,651,871,50,712,789,689,124,443,183,249,918,859,885,833,184,244,886,428,487,333,368,76,872,954,223,424,253,28,495,456,593,430,631,753,491,776,306,714,982,761,36,757,409,768,73,696,418,20,141,150,521,611,405,386,200,441,227,106,138,115,988,750,973,13,247,31,678,213,711,380,301,447,868,827,435,199,969,718,585,953,551,933,442,1,364,568,955,39,401,15,48,892,44,236,462,490,17,815,153,830,479,500,288,240,446,547,628,304,169,792,637,325,426,108,803,263,75,890,300,699,914,556,546,693,469,796,780,991,736,360,95,905,93,321,570,695,860,457,400,88,219,119,657,557,719,436,224,639,90,728,433,554,759,374,517,339,220,560,346,97,667,178,615,444,944,399,298,203,316,916,207,376,411,14,764,665,277,192,255,503,948,272,734,338,879,347,939,686,445,371,131,589,381,966,234,607,427,799,694,717,747,3,735,772,524,77,505,81,758,174,352,166,531,970,489,100,130,122,196,218,760,925,157,858,936,303,784,703,739,279,336,677,805,849,909,463,182,214,47,373,57,708,10,990,731,228,123,496,423,616,770,116,330,341,949,542,663,148,972,476,841,154,527,384,749,128,222,499,312,283,212,534,328,78,86,65,958,863,32,475,37,652,46,915,641,125,985,205,943,836,87,700,514,963,268,133,474,4,455,710,299,898,74,258,254,794,902,661,402,702,412,572,61,682,673,629,366,362,331,646,187,211,674,741,588,722,812,348,488,881,351,822,899,407,573,626,8,337,518,669,643,883,653,704,287,307,363,310,467,379,934,26,709,160,486,602,284,829,612,354,221,824,439,64,246,111,664,529,388,787,121,278,7,869,549,834,257,783,853,191,413,619,876,480,438,917,989,692,748,687,811,38,679,706,862,151,655,397,771,566,414,127,508,525,269,797,908,535,142,938,49,543,11,839,391,901,403,913,237,705,723,688,545,603,302,956,897,79,565,267,324,981,493,349,733,633,691,698,451,729,778,878,359,596,957,291,591,604,640,233,382,720,137,507,788,645,390,59,329,501,571,510,34,422,104,114,361,502,398,680,482,162,630,971,578,910,252,21,41,635,226,537,608,924,113,888,600,552,574,275,726,266,701,526,965,132,846,431,658,550,167,697,825,730,99,927,601,599,327,429,946,296,16,168,326,950,454,662,765,912,587,903,809,976,724,350,857,840,270,894,968,91,484,513,84,855,540,632,577,109,582,625,515,453,964,798,468,762,810,743,791,161,904,378,173,769,94,744,931,654,962,67,393,867,460,595,668,727,440,340,71,605,987,832,208,647,9,671,112,509,847,40,861,51,782,887,800,567,18,332,238,650,68,852,975,385,579,837,290,201,420,656,900,383,110,293,583,152,907,35,190,281,793,485,85,597,558,210,498,945,63,342,843,194,155,621,922,461,370,264,512,923,180,286,452,523,186,410,188,522,715,30,929,101,216,282,54,459,804,617,163,56,308,756,175,471,683,533,732,365,779,676,171,576,225,891,147,89,235,472,623,396,906,844,848,276,519,356,926,553,842,117,644,594,492,675,45,232,458,377,870,978,217,27,751,69,875,197,930,314,634,43,358,262,716,785,355,935,681,261,586,790,6,250,421,66,19,865,209,164,555,873,289,419,828,781,55,819,103,581,721,831,504,176,777,295,24,959,598,
value : 502.531 running time : 39.215817
0 80 20
260 84.6809 17.342
345 85.1362 17.0836
483 85.54 16.8545
243 85.3134 17.1752
979 85.0134 17.5999
627 84.6609 18.0991
590 78.987 26.1362
323 74.899 30.154
745 74.8144 30.2372
274 74.74 30.3103
821 74.6678 30.3812
520 79.0605 32.4648
33 80.0322 32.9257
609 80.7899 33.2851
835 81.8705 33.7977
98 82.7367 34.2085
466 78.8947 40.9957
136 76.6645 44.9346
838 76.1084 45.9167
951 75.7229 46.5973
538 72.1285 52.946
606 72.1285 52.946
357 72.1285 52.946
143 72.3364 53.1109
478 72.5631 53.2909
942 72.7801 53.4632
767 72.9987 53.6366
195 73.2246 53.8159
592 73.4533 53.9974
198 73.7015 54.1945
29 73.8867 54.3415
242 74.1342 54.5379
334 74.3287 54.6923
70 74.5095 54.8357
850 74.7457 55.0232
102 74.9811 55.21
920 75.2328 55.4097
670 75.4738 55.601
425 76.3467 56.2942
684 77.3391 57.0825
967 78.0397 57.6387
977 78.8145 58.254
941 79.4999 58.7981
932 80.3728 59.4913
884 81.4601 60.355
170 82.4385 61.132
506 83.2565 61.7816
387 84.0511 62.4125
497 85.1762 63.3062
107 85.2419 64.1701
372 86.4226 79.6545
25 86.2013 79.9683
528 86.0005 80.2532
204 85.7987 80.5393
450 85.5967 80.8259
660 85.3163 81.2236
473 84.8569 81.875
311 84.4866 82.4001
685 83.8615 83.2865
322 83.087 84.3845
889 82.4542 85.2819
818 81.7775 86.2414
742 80.9852 87.3646
135 80.2371 88.4253
983 80.1185 88.5936
740 80.0388 88.7066
465 79.9416 88.8445
145 79.8718 88.9435
813 79.8718 88.9435
864 79.8718 88.9435
893 79.8718 88.9435
158 79.8718 88.9435
159 79.8718 88.9435
648 79.8718 88.9435
417 79.8718 88.9435
725 79.8718 88.9435
285 79.8718 88.9435
666 79.8718 88.9435
775 79.8718 88.9435
494 79.8718 88.9435
928 79.8718 88.9435
854 77.6823 88.9977
820 75.8246 89.0438
580 73.4948 89.1014
395 70.4278 89.1769
845 70.165 89.1835
52 69.9018 89.19
251 69.651 89.1963
318 69.3936 89.2027
464 69.125 89.2094
477 68.8723 89.2158
185 68.6282 89.2219
620 68.4177 89.2271
353 68.21 89.2323
544 67.9859 89.2379
149 67.7635 89.2435
817 67.5382 89.2491
481 67.3307 89.2543
937 67.1026 89.26
42 66.8548 89.2662
83 66.6262 89.2719
367 63.2259 89.356
737 62.0426 89.3854
823 61.0611 89.4099
622 59.686 89.4441
642 57.5944 89.4959
245 57.4645 89.4992
880 57.3434 89.5022
408 57.2262 89.5051
369 57.1232 89.5077
575 57.0183 89.5103
317 56.9113 89.513
816 56.7963 89.5158
851 56.677 89.5188
690 56.568 89.5215
992 56.4636 89.5241
273 56.3465 89.5271
177 56.2112 89.5304
536 56.0552 89.5343
940 55.9206 89.5377
320 55.7952 89.5408
530 55.6778 89.5437
754 55.5752 89.5463
947 55.4629 89.5491
814 55.3505 89.5519
156 55.2526 89.5543
618 55.1614 89.5566
297 55.07 89.5589
179 54.8014 89.5656
344 54.5697 89.5714
584 54.3337 89.5773
911 54.0795 89.5836
624 53.8008 89.5906
62 53.5315 89.5973
23 53.2754 89.6037
896 53.0124 89.6102
516 52.7386 89.6171
961 52.4836 89.6234
118 52.2551 89.6291
774 52.0055 89.6354
882 51.7599 89.6415
511 51.5066 89.6478
105 51.2538 89.6541
434 51.0228 89.6599
541 50.7702 89.6662
5 50.5225 89.6724
389 50.3057 89.6778
874 50.1087 89.6827
559 50.0597 89.6839
449 50.0129 89.6851
856 49.9726 89.6861
980 49.927 89.6872
984 49.8803 89.6884
202 49.8149 89.69
313 49.7432 89.6918
866 49.6662 89.6937
416 49.6016 89.6953
280 49.5473 89.6967
415 49.4817 89.6983
766 49.4062 89.7002
746 49.3943 89.4562
952 49.3819 89.2007
343 49.3696 88.9488
532 49.3577 88.7038
713 49.3435 88.4115
129 49.328 88.0948
305 49.3127 87.7811
659 49.2965 87.4485
437 49.2815 87.1415
636 49.2663 86.8292
406 49.2521 86.5373
562 49.2379 86.2471
319 49.2252 85.9865
763 49.2129 85.7319
126 49.1972 85.4113
248 49.1827 85.1127
826 49.1692 84.8352
12 49.1562 84.5697
335 49.1429 84.2965
229 49.1299 84.029
801 49.1178 83.7799
259 49.0769 83.7014
921 49.0301 83.6115
315 48.9882 83.5308
140 48.9544 83.466
986 48.9162 83.3925
895 48.8862 83.335
432 48.856 83.277
172 44.0866 82.4847
92 41.8293 82.1094
292 41.8293 82.1094
392 41.8293 82.1094
215 41.8293 82.1094
239 41.8293 82.1094
2 41.6734 82.0354
134 41.5319 81.9682
60 41.3985 81.9049
795 41.3602 81.8867
230 41.3267 81.8708
539 41.2925 81.8546
564 41.2551 81.8368
563 41.2168 81.8186
649 41.176 81.7992
82 41.139 81.7817
561 41.0995 81.7629
802 41.0604 81.7443
806 41.0151 81.7228
294 40.977 81.7048
80 40.9351 81.6848
614 40.8961 81.6663
404 40.8568 81.6476
189 40.4679 82.2826
144 40.0993 82.8845
241 39.5375 83.8019
256 38.9968 84.6848
394 38.4996 85.4968
96 37.9925 86.3247
808 37.6509 86.8826
72 37.4383 87.2296
773 37.2388 87.5554
139 37.034 87.8897
206 37.034 87.8897
271 37.034 87.8897
309 37.034 87.8897
613 37.034 87.8897
181 37.034 87.8897
375 37.034 87.8897
707 37.026 87.891
974 37.0185 87.8921
638 37.0115 87.8931
193 37.0052 87.8941
755 36.9973 87.8953
960 35.5382 88.1145
53 35.5382 88.1145
738 35.5382 88.1145
120 35.5382 88.1145
22 35.5382 88.1145
610 35.5382 88.1145
919 35.5382 88.1145
470 35.5382 88.1145
786 35.5382 88.1145
231 35.5382 88.1145
265 35.5382 88.1145
877 35.5382 88.1145
146 35.5382 88.1145
448 35.5382 88.1145
548 35.5382 88.1145
752 35.5382 88.1145
569 35.5382 88.1145
165 35.5382 88.1145
807 33.7831 87.8101
672 31.7249 87.4523
58 29.685 87.0978
651 28.1836 86.8375
871 26.9571 86.6249
50 26.8124 86.4095
712 26.6691 86.1961
789 26.5123 85.9627
689 26.5123 85.9627
124 26.4004 86.0474
443 26.2755 86.1417
183 26.1446 86.2406
249 26.0306 86.3268
918 25.9204 86.4101
859 25.8058 86.4968
885 25.6948 86.5807
833 25.5849 86.6638
184 25.4831 86.7407
244 25.3778 86.8204
886 25.2757 86.8976
428 25.1726 86.9755
487 25.0685 87.0542
333 24.9668 87.1311
368 24.8556 87.2152
76 24.7566 87.2901
872 24.6595 87.3635
954 24.5086 87.4776
223 24.3425 87.6031
424 24.1185 87.7722
253 23.8993 87.9379
28 23.6679 88.1127
495 23.4575 88.2715
456 23.2507 88.4278
593 23.0571 88.5741
430 22.8772 88.7101
631 22.7091 88.8371
753 22.5466 88.9599
491 22.3864 89.081
776 22.2361 89.1946
306 22.0991 89.2982
714 21.9616 89.4021
982 21.8352 89.4977
761 21.8352 89.4977
36 21.8352 89.4977
757 21.8352 89.4977
409 21.8352 89.4977
768 21.8352 89.4977
73 21.8352 89.4977
696 21.8352 89.4977
418 21.8352 89.4977
20 21.8352 89.4977
141 21.7182 89.5104
150 21.616 89.5215
521 21.5133 89.5326
611 21.4121 89.5436
405 15.525 90.1798
386 15.0439 90.232
200 14.5788 90.2825
441 14.2016 90.3235
227 13.5624 90.3929
106 12.7497 90.4811
138 12.187 90.5422
115 11.6427 90.6013
988 10.9882 90.6724
750 10.9829 90.673
973 10.9778 90.6735
13 10.9724 90.6741
247 10.9663 90.6748
31 10.9601 90.6755
678 10.9533 90.6762
213 10.9471 90.6769
711 11.0013 90.5862
380 11.0542 90.4976
301 11.1106 90.4032
447 11.1642 90.3134
868 11.2165 90.2258
827 11.2727 90.1319
435 11.3313 90.0338
199 11.3944 89.9279
969 11.456 89.8248
718 11.5208 89.7164
585 11.5815 89.6147
953 11.6519 89.4968
551 11.7307 89.3649
933 11.7528 89.3279
442 11.7748 89.2911
1 11.7964 89.2549
364 11.8185 89.218
568 11.8414 89.1795
955 11.8658 89.1387
39 11.8865 89.1041
401 11.9108 89.0634
15 11.9354 89.0222
48 11.9648 88.9729
892 11.9907 88.9295
44 12.0165 88.8863
236 12.2607 87.9107
462 12.5586 86.7201
490 12.9396 85.1965
17 12.8745 84.9394
815 12.8038 84.6605
153 12.7332 84.3814
830 12.6594 84.09
479 12.6479 84.0444
500 12.636 83.9977
288 12.6256 83.9564
240 12.6131 83.9075
446 12.6017 83.8625
547 12.5895 83.8141
628 12.5772 83.7656
304 12.5654 83.7192
169 12.552 83.6664
792 12.5393 83.6162
637 12.5272 83.5686
325 12.5142 83.5172
426 12.5015 83.4671
108 12.4897 83.4208
803 12.4776 83.373
263 12.4645 83.3213
75 12.4507 83.2667
890 12.438 83.2169
300 12.4267 83.1722
699 12.4216 82.9778
914 12.4164 82.7791
556 12.4101 82.5424
546 12.4048 82.3404
693 12.3995 82.1409
469 12.3934 81.9103
796 12.3875 81.6838
780 12.3821 81.4797
991 12.3768 81.2775
736 12.3718 81.0894
360 12.3663 80.8811
95 12.361 80.6787
905 12.3554 80.4644
93 12.3496 80.2464
321 12.3435 80.0161
570 12.3378 79.7989
695 12.3319 79.5752
860 12.3254 79.3299
457 12.3192 79.0945
400 12.3129 78.8595
88 12.3073 78.6435
219 12.3011 78.4119
119 12.2984 78.3077
657 12.296 78.2156
557 12.2937 78.128
719 12.2907 78.0117
436 12.2871 77.8775
224 12.2835 77.7394
639 12.2808 77.6375
90 12.2784 77.5433
728 12.2736 77.3619
433 12.2689 77.1839
554 12.2642 77.0059
759 12.2545 76.6384
374 12.2424 76.1826
517 12.2303 75.7291
339 12.2301 75.7195
220 12.2298 75.7089
560 12.2295 75.6988
346 12.2292 75.6878
97 12.2289 75.6765
667 12.2287 75.6668
178 12.2284 75.6582
615 12.2282 75.6487
444 12.2279 75.6392
944 12.2277 75.6286
399 12.2255 75.5484
298 12.223 75.4561
203 12.2208 75.3747
316 12.2186 75.2917
916 12.212 75.0501
207 12.1534 72.911
376 12.1481 72.138
411 12.1437 71.5212
14 12.1398 70.9667
764 12.136 70.4353
665 12.1339 70.1547
277 12.1318 69.863
192 12.1297 69.5663
255 12.1277 69.2924
503 12.1257 69.0293
948 12.1237 68.7502
272 12.1216 68.463
734 12.1195 68.1797
338 12.1175 67.9061
879 12.1155 67.6245
347 12.1134 67.3375
939 12.1128 67.2657
686 12.1123 67.1982
445 12.1118 67.1253
371 12.1112 67.0474
131 12.1107 66.9707
589 12.1101 66.8956
381 12.1096 66.8273
966 12.109 66.7532
234 12.107 66.4735
607 12.1051 66.2172
427 12.1031 65.9392
799 12.101 65.6489
694 12.0989 65.3581
717 12.0889 63.7984
747 12.0798 62.3607
3 12.0691 60.6874
735 12.0596 59.1737
772 12.053 59.0456
524 12.0465 58.9185
77 12.0396 58.7853
505 12.0213 58.4294
81 12.0065 58.1405
758 11.9875 57.7722
174 11.9727 57.4838
352 11.9598 57.2339
166 11.948 57.0039
531 11.9363 56.7773
970 11.9237 56.5318
489 11.9077 56.2216
100 11.8943 55.961
130 11.8821 55.7232
122 11.8652 55.394
196 11.8526 55.1511
218 11.8392 54.8903
760 11.8264 54.642
925 11.8122 54.3661
157 11.7969 54.0669
858 11.7906 53.9445
936 11.7844 53.8253
303 11.7787 53.7138
784 11.7732 53.6079
703 11.7669 53.4856
739 11.7602 53.354
279 11.7453 53.0658
336 11.7316 52.7997
677 11.7179 52.5324
805 11.7032 52.2464
849 11.6889 51.9696
909 11.6727 51.6549
463 11.6575 51.3603
182 11.6434 51.0863
214 11.6294 50.8146
47 11.6139 50.5129
373 11.5981 50.2049
57 11.5827 49.9066
708 11.567 49.6021
10 11.5482 49.2355
990 11.5362 49.0034
731 11.5254 48.7928
228 11.5149 48.5894
123 11.5049 48.3943
496 11.4952 48.2065
423 11.4849 48.0063
616 11.4753 47.8205
770 11.4662 47.6437
116 11.4576 47.4767
330 11.4454 47.2396
341 11.4359 47.0547
949 11.426 46.8627
542 11.4161 46.6699
663 11.4053 46.4602
148 11.395 46.2617
972 11.3856 46.0777
476 11.3738 45.8496
841 11.363 45.6396
154 11.352 45.4251
527 11.3411 45.2141
384 11.3127 44.6613
749 11.2878 44.1775
128 11.2612 43.6605
222 11.233 43.1125
499 11.2015 42.4991
312 11.1739 41.9625
283 11.1459 41.4179
212 11.1195 40.9047
534 11.0934 40.3966
328 11.0605 39.7582
78 11.0302 39.168
86 10.994 38.4626
65 11.7799 38.2672
958 12.4122 38.1101
863 13.1155 37.9353
32 13.8979 37.7407
475 14.6139 37.5628
37 14.6885 37.5443
652 14.5223 36.6459
46 14.0231 33.9458
915 13.2214 29.6078
641 13.1797 29.5111
125 13.1414 29.4225
985 13.0993 29.325
205 13.0594 29.2325
943 13.0021 29.0997
836 12.9453 28.9682
87 12.8902 28.8403
700 12.8335 28.7092
514 12.7668 28.5546
963 12.706 28.4135
268 12.6519 28.2883
133 12.5952 28.1568
474 12.539 28.0265
4 12.4802 27.8904
455 12.4244 27.7611
710 12.372 27.6396
299 12.3178 27.5139
898 12.2642 27.3898
74 12.3284 26.4202
258 12.3959 25.4003
254 12.4632 24.3839
794 12.4913 23.9591
902 12.5272 23.4181
661 12.5603 22.9173
402 12.5942 22.4067
702 12.6282 21.8935
412 12.654 21.5041
572 12.6785 21.1344
61 12.7078 20.6917
682 12.7275 20.3948
673 12.7453 20.1254
629 12.7664 19.8073
366 12.7724 19.7155
362 12.7782 19.6279
331 12.7841 19.5399
646 12.7907 19.4394
187 12.7969 19.346
211 12.9494 18.341
674 13.0853 17.4448
741 13.2166 16.579
588 13.3626 15.6168
722 13.5136 14.6221
812 13.5479 14.3954
348 14.7198 14.4149
488 15.9604 14.4356
881 17.0439 14.4537
351 25.3335 14.5906
822 27.9273 14.6338
899 27.9273 14.6338
407 28.5409 14.575
573 29.03 14.5282
626 29.4328 14.4896
8 29.8289 14.4517
337 32.2805 14.2169
518 33.6885 14.0821
669 33.5916 14.7909
643 33.4784 15.6185
883 33.3907 16.2594
653 33.3109 16.8433
704 33.2238 17.4799
287 33.1335 18.1399
307 33.0004 19.1133
363 32.904 19.8179
310 32.7728 20.7772
467 32.6098 21.9692
379 32.5132 22.6753
934 32.429 23.2912
26 32.3462 23.8965
709 32.2497 24.6018
160 32.1501 25.33
486 32.0632 25.9654
602 31.9968 26.4507
284 31.9325 26.9213
829 31.855 27.4877
612 31.8143 27.785
354 31.7872 27.9837
221 31.759 28.1892
824 31.7316 28.3897
439 31.7042 28.59
64 31.665 28.8766
246 31.62 29.2059
111 31.533 29.8417
664 31.36 31.1071
529 31.2666 31.7903
388 31.1784 32.4348
787 31.124 32.8328
121 31.0602 33.2994
278 30.9969 33.7617
7 30.9289 34.2591
869 30.8678 34.7061
549 30.8061 35.157
834 30.7473 35.5864
257 30.6743 36.1201
783 30.5863 36.7639
853 30.5192 37.2544
191 30.4407 37.8287
413 30.3367 38.5893
619 30.2654 39.1105
876 30.2026 39.5697
480 30.1551 39.9167
438 30.1022 40.3036
917 30.0545 40.6522
989 30.0044 41.0186
692 29.9569 41.3658
748 29.9039 41.7536
687 29.854 42.1182
811 29.8035 42.4872
38 29.7485 42.8892
679 29.6966 43.2686
706 29.6394 43.6874
862 29.5826 44.1023
151 29.5116 44.6215
655 29.4318 45.2051
397 29.3456 45.8354
771 29.2587 46.4705
566 29.1833 47.0213
414 29.0104 48.2856
127 28.6694 50.7787
508 28.6077 50.9516
525 28.5436 51.1309
269 28.4772 51.3171
797 28.4136 51.4952
908 28.349 51.676
535 28.2857 51.8534
142 28.2158 52.049
938 28.1491 52.2359
49 28.0893 52.4033
543 28.0246 52.5844
11 27.9574 52.7728
839 27.874 53.0063
391 27.7999 53.2139
901 27.7227 53.4299
403 27.6586 53.6094
913 27.5873 53.8091
237 27.5116 54.0213
705 27.4317 54.2451
723 27.3607 54.4438
688 27.1833 54.9406
545 26.9998 55.4542
603 26.819 55.9603
302 26.6257 56.5012
956 26.3721 57.2108
897 26.1229 57.9083
79 25.9028 58.5242
565 25.6881 59.1254
267 25.6881 59.1254
324 25.6881 59.1254
981 25.6881 59.1254
493 25.6881 59.1254
349 25.6881 59.1254
733 25.6881 59.1254
633 25.6881 59.1254
691 25.6881 59.1254
698 25.6881 59.1254
451 25.6881 59.1255
729 25.6881 59.1255
778 25.6881 59.1255
878 25.4844 62.4715
359 25.4619 62.8411
596 25.441 63.1832
957 25.4237 63.4675
291 25.4049 63.7771
591 25.4004 63.8232
604 25.3963 63.866
640 25.3922 63.9082
233 25.3878 63.9542
382 25.3828 64.0058
720 25.3777 64.0582
137 25.3728 64.1083
507 25.3681 64.1576
788 25.363 64.2097
645 25.3579 64.2623
390 25.353 64.3138
59 25.3483 64.3618
329 25.3429 64.4177
501 25.3375 64.4737
571 25.3325 64.525
510 25.3283 64.569
34 25.3233 64.6201
422 25.3182 64.6726
104 25.3127 64.7298
114 25.2382 65.4951
361 25.1663 66.2346
502 25.1123 66.7903
398 25.0748 67.1769
680 25.0383 67.5539
482 25.0069 67.8775
162 24.9751 68.2063
630 25.3015 68.691
971 25.7914 69.4179
578 26.2695 70.1274
910 26.6535 70.6975
252 26.6518 70.702
21 26.6501 70.7066
41 26.648 70.712
635 26.6463 70.7166
226 26.6446 70.7209
537 26.6428 70.7259
608 26.6409 70.7308
924 26.6392 70.7353
113 26.6374 70.74
888 26.6357 70.7444
600 26.634 70.7489
552 26.6324 70.7532
574 26.6307 70.7577
275 26.6289 70.7624
726 26.6271 70.7672
266 26.6254 70.7716
701 26.6237 70.7761
526 26.6221 70.7804
965 26.6205 70.7847
132 26.6187 70.7894
846 26.6169 70.7941
431 26.6148 70.7995
658 26.6131 70.8042
550 26.6113 70.8088
167 26.6096 70.8133
697 26.6082 70.817
825 26.6069 70.8207
730 26.7248 70.8141
99 26.8257 70.8085
927 26.9308 70.8027
601 27.0347 70.797
599 27.1452 70.7909
327 27.2448 70.7853
429 27.3411 70.78
946 27.5005 70.7712
296 27.6722 70.7617
16 27.8244 70.7533
168 27.9662 70.7454
326 28.2282 70.7309
950 29.1524 70.6798
454 30.5248 70.6038
662 31.9147 70.5269
765 33.1107 70.4607
912 33.8354 70.4205
587 34.4168 70.3884
903 35.2831 70.3404
809 37.1553 70.2368
976 38.2716 70.175
724 39.2993 70.1181
350 40.403 70.057
857 41.4676 69.998
840 41.7565 69.982
270 42.4496 69.9437
894 43.6957 69.8747
968 44.9432 69.8056
91 45.7672 69.76
484 46.4581 69.7218
513 47.1964 69.6809
84 47.9482 69.6393
855 48.5357 69.6068
540 49.1097 69.575
632 50.0468 69.5231
577 50.9038 69.4757
109 51.2148 69.6568
582 51.5089 69.828
625 51.7699 69.98
515 52.0479 70.1419
453 52.3066 70.2925
964 52.5709 70.4465
798 52.8326 70.5988
468 53.1671 70.7936
762 53.5038 70.9897
810 53.822 71.175
743 54.1933 71.3912
791 54.6264 71.6434
161 55.1476 71.9468
904 55.9972 72.4412
378 56.5809 72.781
173 56.9903 73.0194
769 57.3769 73.2445
94 57.7922 73.4863
744 58.2633 73.7605
931 58.5572 73.9316
654 58.8183 74.0837
962 59.0615 74.2253
67 59.0931 74.2437
393 59.1252 74.2624
867 59.1592 74.2822
460 59.1901 74.3002
595 59.222 74.3187
668 59.2542 74.3375
727 59.2891 74.3578
440 59.3203 74.376
340 59.3553 74.3963
71 59.3906 74.4169
605 59.3906 74.4169
987 59.3906 74.4169
832 59.3906 74.4169
208 59.3906 74.4169
647 59.3906 74.4169
9 59.3771 74.946
671 59.3646 75.4365
112 59.353 75.8884
509 59.3406 76.3711
847 59.3276 76.8789
40 59.3126 77.4674
861 59.4381 77.3709
51 59.5867 77.2565
782 59.7049 77.1655
887 59.8318 77.068
800 59.9812 76.953
567 60.1289 76.8394
18 63.6234 74.1511
332 69.5533 69.5894
238 69.3392 69.3295
650 69.1716 69.1261
68 69.0129 68.9334
852 68.8719 68.7622
975 68.7268 68.586
385 68.5767 68.4037
579 68.3975 68.1861
837 68.2019 67.9487
290 67.9916 67.6934
201 67.7762 67.4319
420 67.5437 67.1497
656 67.3349 66.8963
900 67.1561 66.6791
383 66.9545 66.4344
110 66.345 65.6946
293 65.6304 64.8275
583 65.1633 64.2605
152 64.114 63.709
907 61.9784 62.586
35 59.972 61.531
190 58.3647 60.6861
281 55.5516 59.2065
793 54.7905 58.8066
485 54.0666 58.4262
85 52.9859 57.8582
597 51.8352 57.2533
558 50.8911 56.7571
210 49.99 56.2835
498 49.395 55.9709
945 48.7874 55.6516
63 48.2238 55.3555
342 48.1643 55.3498
843 48.1075 55.3443
194 48.0459 55.3384
155 47.9871 55.3328
621 47.9325 55.3275
922 47.8731 55.3218
461 47.8211 55.3168
370 47.7702 55.312
264 47.7218 55.3073
512 47.6722 55.3026
923 47.6246 55.298
180 47.5719 55.2929
286 47.5277 55.2887
452 47.471 55.2833
523 45.1646 57.3346
186 45.1646 57.3346
410 45.1646 57.3346
188 45.1646 57.3346
522 45.1646 57.3346
715 45.1646 57.3346
30 45.1646 57.3346
929 45.1646 57.3346
101 45.1646 57.3346
216 45.1646 57.3346
282 45.1646 57.3346
54 45.1646 57.3346
459 45.1646 57.3346
804 45.1646 57.3346
617 45.1646 57.3346
163 43.3921 57.5826
56 42.0881 57.7653
308 40.912 57.9302
756 40.0739 58.0477
175 40.0886 58.0539
471 40.1024 58.0596
683 40.1162 58.0654
533 40.1288 58.0706
732 40.1425 58.0763
365 40.156 58.082
779 40.1706 58.0881
676 40.1836 58.0935
171 40.196 58.0987
576 40.2081 58.1037
225 40.2207 58.109
891 40.5235 57.9123
147 40.8532 57.6981
89 41.1935 57.477
235 41.5625 57.2373
472 43.5519 55.943
623 46.6412 53.935
396 48.2407 52.8958
906 49.1625 52.297
844 49.7746 51.8995
848 49.7746 51.8995
276 49.7746 51.8995
519 49.7746 51.8995
356 49.7746 51.8995
926 57.9336 48.4247
553 60.5181 47.3246
842 60.3252 47.0284
117 60.1208 46.7145
644 59.898 46.3725
594 59.6648 46.0144
492 59.4551 45.6924
675 59.2653 45.4011
45 59.0713 45.1032
232 58.8926 44.8288
458 58.5131 44.2462
377 58.2198 43.7958
870 57.9585 43.3948
978 57.7129 43.0176
217 57.4555 42.6224
27 57.1783 42.1968
751 56.9679 41.8738
69 56.8137 41.6371
875 56.6542 41.3922
197 56.48 41.1248
930 56.3297 40.8941
314 56.1832 40.6693
634 56.0209 40.42
43 55.8632 40.178
358 55.6964 39.9219
262 55.5332 39.6713
716 54.4374 37.9885
785 53.3428 36.3077
355 52.5401 35.0752
935 51.5977 33.6281
681 50.7444 32.3179
261 49.6966 30.709
586 49.6966 30.709
790 49.6966 30.709
6 50.0356 30.3721
250 50.2779 30.1312
421 50.5223 29.8882
66 50.8023 29.6099
19 51.2286 29.1861
865 51.6968 28.7208
209 52.1829 28.2376
164 52.7019 27.7217
555 53.2172 27.2096
873 53.7396 26.6903
289 54.2721 26.161
419 54.9429 25.4942
828 55.6111 24.8301
781 56.5997 23.8475
55 57.9717 22.484
819 60.8358 19.6382
103 64.5534 15.9446
581 64.6161 15.9844
721 64.6777 16.0234
831 64.7403 16.063
504 65.5765 16.2788
176 66.3323 16.474
777 67.1306 16.68
295 68.1535 16.944
24 69.2361 17.2234
959 70.3911 17.5215
598 73.2108 18.2491
