0,260,721,176,504,959,24,581,103,781,6,777,831,295,164,419,598,819,828,27,785,555,323,906,458,594,930,821,357,875,55,355,634,43,358,45,257,865,19,289,751,873,844,843,276,935,250,209,681,421,66,197,644,675,217,377,519,70,793,842,85,186,63,69,978,945,989,566,783,492,870,848,716,180,356,862,210,790,452,853,480,467,917,486,748,191,692,664,612,834,284,65,943,915,439,278,899,787,586,934,26,307,160,379,310,64,626,518,337,363,287,261,111,573,407,351,883,653,704,709,669,822,588,488,674,211,254,246,474,402,641,702,643,881,366,8,963,682,412,646,258,812,61,187,629,362,455,4,722,661,348,331,710,328,514,898,794,572,299,74,700,87,86,499,863,673,32,663,741,902,824,221,268,205,125,836,121,829,869,354,985,133,616,37,602,543,11,549,525,529,7,151,687,811,38,679,706,388,475,891,535,508,391,723,545,438,233,413,324,633,142,655,414,78,619,908,778,302,397,981,182,123,542,212,283,958,148,858,771,909,731,534,352,222,341,463,373,174,990,46,770,384,423,10,116,312,330,489,496,652,805,157,749,128,527,476,228,100,797,505,166,758,949,154,336,925,589,403,279,698,705,57,849,122,97,970,214,47,131,936,747,841,234,708,734,347,14,531,607,524,948,219,879,376,218,972,691,784,303,327,703,630,3,772,130,196,764,677,739,760,680,482,565,938,733,382,359,897,510,756,34,398,422,291,601,89,596,640,956,471,155,127,54,913,56,365,839,603,599,493,922,876,147,49,269,688,558,765,576,134,104,175,929,237,804,591,225,779,30,809,923,410,621,459,101,498,461,370,512,522,194,342,472,597,281,286,282,264,647,732,743,810,798,109,262,396,623,335,248,468,976,968,235,986,676,484,163,112,582,9,857,94,617,769,453,683,216,84,632,513,894,208,562,855,614,840,91,806,662,636,82,523,369,642,782,800,126,671,564,895,280,851,343,305,861,230,404,724,193,689,755,807,563,394,129,294,226,80,872,561,241,189,826,406,814,921,540,256,253,296,16,231,919,470,309,92,946,658,550,635,223,424,76,167,757,490,270,171,574,697,252,715,878,910,350,144,927,533,21,59,735,132,912,729,720,349,137,507,788,645,390,220,954,124,451,428,88,41,113,888,600,411,552,275,726,266,701,339,903,79,571,329,501,267,114,957,604,901,308,587,971,81,479,326,950,429,924,454,965,526,665,846,272,427,361,192,503,939,31,224,966,554,75,667,615,207,686,381,799,860,77,445,502,338,371,694,255,277,717,556,759,955,298,657,119,517,346,905,639,570,892,546,830,890,637,108,469,780,916,399,316,325,718,426,169,433,90,728,695,982,719,436,557,944,178,444,203,693,321,153,991,374,213,988,585,714,868,678,711,435,199,380,750,17,386,827,106,462,871,914,699,301,447,405,138,304,50,973,651,815,13,39,364,401,300,240,446,547,628,568,803,792,263,736,953,247,969,442,360,200,1,495,236,162,551,796,400,500,457,560,487,789,99,537,730,825,418,58,431,115,859,333,44,48,288,168,712,183,443,60,96,36,886,184,244,95,578,227,249,918,885,608,28,368,93,786,808,768,430,776,593,15,753,306,761,631,491,611,441,933,409,20,456,521,833,72,139,73,165,638,707,150,141,974,265,877,146,448,548,610,53,738,120,696,22,960,773,292,613,181,752,763,156,713,5,659,375,569,795,172,649,416,437,539,320,392,215,672,2,239,206,271,449,319,530,866,389,774,105,185,746,23,516,896,766,980,434,754,690,532,624,62,344,882,874,856,961,559,511,952,541,618,408,536,931,179,984,584,367,40,395,202,575,880,737,273,911,42,118,313,415,887,816,290,173,605,315,229,432,567,245,940,259,947,140,802,801,832,987,904,654,847,509,18,285,620,158,12,145,251,317,818,744,417,864,378,83,71,460,622,465,481,477,297,740,837,544,52,817,725,464,992,177,823,318,937,845,854,494,983,666,580,135,928,893,648,775,813,742,159,353,820,149,450,322,889,473,372,685,25,660,110,852,383,385,332,311,579,204,900,975,528,884,684,497,977,506,932,242,198,951,967,107,387,838,920,170,334,595,51,238,340,68,152,293,485,941,201,867,190,393,420,650,668,478,67,727,962,625,577,102,161,35,767,188,791,964,515,762,440,907,538,117,425,942,926,850,592,656,670,583,232,143,835,274,136,590,33,745,609,29,466,314,606,195,553,520,345,98,627,243,483,979,
value : 518.718 running time : 34.923837
0 80 20
260 77.3482 16.0044
721 74.8559 15.6493
176 72.6591 15.3363
504 71.2213 15.1314
959 69.8613 14.9376
24 69.4504 14.8791
581 69.0189 14.8176
103 68.5981 14.7576
781 64.4256 22.3008
6 63.9681 23.1279
777 63.5866 23.8174
831 63.0191 24.8434
295 62.5172 25.7508
164 61.9356 26.8023
419 61.8001 27.0471
598 61.6275 27.7984
819 61.4176 28.7118
828 61.1784 29.7525
27 60.9763 30.6319
785 60.7889 31.4475
555 60.6108 32.2225
323 60.4006 33.1371
906 58.9745 33.7789
458 58.6126 33.9417
594 58.2522 34.1039
930 57.8886 34.2676
821 57.5477 34.421
357 57.1686 34.5916
875 56.5358 34.8764
55 56.0972 35.0737
355 55.6236 35.2869
634 55.1543 35.4981
43 54.6816 35.7109
358 54.2212 35.9181
45 53.7123 36.1471
257 52.995 36.4699
865 52.995 36.4699
19 52.995 36.4699
289 52.995 36.4699
751 53.0695 36.8793
873 53.1394 37.2634
844 53.2572 37.9104
843 53.3662 38.5092
276 53.4192 38.8004
935 53.4645 39.0494
250 53.5114 39.3071
209 53.5695 39.6259
681 53.6451 40.0415
421 53.7184 40.4441
66 53.8333 41.0753
197 53.9427 41.6766
644 54.0577 42.3083
675 54.1501 42.8159
217 54.2446 43.3349
377 54.339 43.8537
519 54.4598 44.5172
70 54.5653 45.0965
793 54.5653 45.0965
842 54.3187 44.9759
85 53.6403 44.6439
186 52.7776 44.2217
63 51.7539 43.7208
69 50.7993 43.2537
978 49.9154 42.8211
945 48.8235 42.2868
989 47.6093 41.6926
566 46.713 41.254
783 45.9045 40.8584
492 45.9045 40.8584
870 45.9045 40.8584
848 45.9045 40.8584
716 45.9045 40.8584
180 45.9045 40.8584
356 45.9045 40.8584
862 45.9045 40.8584
210 45.9045 40.8584
790 44.4989 39.885
452 43.2035 38.988
853 41.7516 37.9825
480 40.4234 37.0628
467 39.0839 36.1352
917 37.86 35.2877
486 36.3934 34.272
748 35.8541 33.8986
191 35.1683 33.4237
692 34.4672 32.9382
664 33.6244 32.3546
612 32.7801 31.7699
834 32.1053 31.3026
284 31.2957 30.742
65 30.6991 30.3288
943 30.6991 30.3288
915 30.8985 29.266
439 31.0905 28.2428
278 31.2232 27.5355
899 31.3728 26.7385
787 31.5132 25.99
586 31.6559 25.2299
934 31.8711 24.0829
26 32.0635 23.0577
307 32.225 22.1968
160 32.3894 21.3207
379 32.6074 20.1587
310 32.8947 18.6278
64 33.1398 17.3217
626 33.4096 15.8836
518 33.7381 14.1334
337 33.7381 14.1334
363 33.7381 14.1334
287 33.7381 14.1334
261 33.7381 14.1334
111 33.6368 14.1398
573 33.5378 14.1461
407 33.4375 14.1525
351 33.3369 14.1589
883 33.244 14.1648
653 33.1549 14.1705
704 32.1522 14.2343
709 31.1227 14.2997
669 30.271 14.3539
822 29.445 14.4065
588 21.6846 14.9001
488 20.8054 14.956
674 19.9143 15.0127
211 19.4279 15.0436
254 19.0039 15.0706
246 18.5534 15.0992
474 17.9464 15.1378
402 17.3789 15.1739
641 16.8738 15.2061
702 16.3775 15.2376
643 15.7907 15.275
881 15.0481 15.3222
366 14.4577 15.3597
8 13.8736 15.3969
963 13.0853 15.447
682 12.8001 15.4652
412 12.5166 15.4832
646 12.241 15.5007
258 11.9809 15.5173
812 11.9809 15.5173
61 11.7813 16.0296
187 11.6065 16.4784
629 11.472 16.8237
362 11.3014 17.2617
455 11.1312 17.6988
4 10.9849 18.0744
722 10.9849 18.0744
661 10.6442 20.4109
348 10.3586 22.369
331 9.92763 25.3243
710 9.46284 28.5115
328 8.95808 31.9726
514 8.94326 32.0743
898 8.92871 32.1741
794 8.91448 32.2716
572 8.90022 32.3694
299 8.88468 32.4759
74 8.86881 32.5848
700 8.85213 32.6992
87 8.83595 32.8101
86 8.81938 32.9237
499 8.80187 33.0438
863 9.90684 32.9071
673 11.0992 32.7597
32 12.2092 32.6225
663 13.0428 32.5194
741 13.6539 32.0759
902 16.7707 32.5386
824 18.1359 33.689
221 18.185 33.7706
268 18.2308 33.8467
205 18.2843 33.9356
125 18.3315 34.0141
836 18.3751 34.0865
121 18.4244 34.1684
829 18.4731 34.2494
869 18.5209 34.3289
354 18.564 34.4004
985 18.6088 34.4748
133 18.6565 34.554
616 19.3662 35.7335
37 19.9819 36.7567
602 20.4127 37.4726
543 21.2607 38.8819
11 21.7851 39.7533
549 22.2439 40.5157
525 22.8011 41.4417
529 23.2383 42.1683
7 23.7359 42.9951
151 23.7629 43.3615
687 23.79 43.7286
811 23.8166 44.0894
38 23.845 44.4753
679 23.8713 44.832
706 23.9009 45.2333
388 23.9304 45.634
475 23.9616 46.0573
891 23.993 46.4835
535 23.9272 46.495
508 23.865 46.5059
391 23.7956 46.5181
723 23.7333 46.529
545 23.6735 46.5395
438 23.6106 46.5505
233 23.5474 46.5616
413 23.4895 46.5717
324 23.4227 46.5834
633 23.3572 46.5949
142 23.2925 46.6062
655 23.2333 46.6166
414 23.1758 46.6266
78 23.1093 46.6383
619 23.0545 46.6479
908 22.9901 46.6591
778 22.9339 46.669
302 22.0104 46.8307
397 20.8938 47.0262
981 19.6036 47.2522
182 18.3665 47.4688
123 17.2171 47.6701
542 16.2442 47.8405
212 15.3538 47.9964
283 14.6223 48.1245
958 14.0162 48.2307
148 13.9238 48.2468
858 13.8222 48.2646
771 13.7095 48.2844
909 13.5842 48.3063
731 13.4712 48.3261
534 13.3644 48.3448
352 13.2536 48.3642
222 13.1397 48.3841
341 13.0272 48.4038
463 12.9161 48.4233
373 12.8089 48.4421
174 12.7051 48.4602
990 12.59 48.4804
46 12.4706 48.5013
770 12.3638 48.52
384 12.2553 48.539
423 12.1528 48.557
10 12.0378 48.5771
116 11.9136 48.5988
312 11.8692 48.6066
330 11.8248 48.6144
489 11.8174 48.7307
496 11.8107 48.8368
652 11.8036 48.9496
805 11.7961 49.0666
157 11.7891 49.1768
749 11.7823 49.2839
128 11.7754 49.3937
527 11.7681 49.5086
476 11.7621 49.6036
228 11.755 49.7153
100 11.7472 49.8377
797 11.7405 49.9432
505 11.7331 50.061
166 11.7255 50.1797
758 11.7194 50.277
949 11.7127 50.3813
154 11.7054 50.4965
336 11.6977 50.6176
925 11.6904 50.7342
589 11.6834 50.844
403 11.6775 50.9372
279 11.5657 52.6998
698 11.4562 54.4251
705 11.3348 56.3396
57 11.3094 56.5822
849 11.2807 56.857
122 11.2503 57.1475
97 11.2174 57.4612
970 11.1906 57.7181
214 11.1676 57.9374
47 11.142 58.1825
131 11.1118 58.4706
936 11.0869 58.7089
747 11.0567 58.9982
841 11.0313 59.2404
234 10.9895 59.6404
708 10.954 59.9795
734 10.9112 60.3885
347 10.8751 60.7335
14 10.8382 61.0861
531 10.8056 61.3977
607 10.7694 61.7437
524 11.2482 61.6262
948 11.6484 61.5281
219 12.0863 61.4206
879 12.5391 61.3095
376 13.0111 61.1937
218 13.5038 61.0728
972 14.0606 60.9362
691 14.5903 60.8063
784 15.061 60.6908
303 15.6055 60.5572
327 16.2107 60.4087
703 16.4665 60.346
630 16.7448 60.2777
3 17.0274 60.2084
772 17.3355 60.1328
130 17.6306 60.0604
196 17.9247 59.9882
764 18.2275 59.9139
677 18.516 59.8432
739 18.8074 59.7717
760 19.1017 59.6994
680 19.4904 59.6041
482 20.0229 59.4734
565 20.6359 59.323
938 21.2876 59.1632
733 21.9002 59.0129
382 22.4922 58.8676
359 23.0688 58.7262
897 23.0688 58.7262
510 23.0688 58.7262
756 23.0688 58.7262
34 23.0688 58.7262
398 23.0688 58.7262
422 25.3484 58.1487
291 28.2055 57.4249
601 28.6525 57.3117
89 29.5385 57.0873
596 30.382 56.8736
640 31.0097 56.7146
956 31.682 56.5443
471 34.7349 55.7709
155 36.8485 55.2355
127 36.9288 55.5879
54 37.0109 55.9482
913 37.0787 56.2458
56 37.1817 56.6981
365 37.26 57.0418
839 37.3266 57.3341
603 37.3973 57.6447
599 37.481 58.0119
493 37.5168 58.169
922 37.5515 58.3214
876 37.5863 58.4741
147 37.627 58.6529
49 37.6667 58.8274
269 37.7105 59.0194
688 37.7574 59.2252
558 37.8131 59.4699
765 37.8658 59.7014
576 37.9172 59.927
134 37.9717 60.1664
104 37.974 60.1763
175 37.9764 60.1867
929 37.9785 60.1963
237 37.9809 60.2066
804 37.9837 60.2191
591 37.9866 60.2315
225 38.3396 60.1243
779 38.6872 60.0188
30 39.0026 59.923
809 39.3408 59.8203
923 39.7134 59.7072
410 40 59.6201
621 40.2996 59.5292
459 40.5801 59.444
101 40.8985 59.3473
498 41.181 59.2615
461 41.4382 59.1834
370 41.7011 59.1036
512 41.9863 59.017
522 42.2264 58.9441
194 42.4828 58.8662
342 43.3237 59.0878
472 44.1553 59.3069
597 45.1766 59.576
281 46.2285 59.8532
286 47.3862 60.1582
282 48.3044 60.4001
264 49.1379 60.6198
647 50.1517 60.8869
732 50.1517 60.8869
743 50.1517 60.8869
810 50.1517 60.8869
798 50.1517 60.8869
109 50.1517 60.8869
262 50.1517 60.8869
396 50.1517 60.8869
623 50.1517 60.8869
335 46.6261 73.2418
248 46.6261 73.2418
468 46.6261 73.2418
976 46.6261 73.2418
968 46.6261 73.2418
235 46.6261 73.2418
986 46.6261 73.2418
676 46.6261 73.2418
484 46.6261 73.2418
163 46.6261 73.2418
112 46.6261 73.2418
582 46.6261 73.2418
9 46.6261 73.2418
857 46.6261 73.2418
94 46.6261 73.2418
617 46.6261 73.2418
769 46.6261 73.2418
453 46.6261 73.2418
683 46.6261 73.2418
216 46.6261 73.2418
84 46.6261 73.2418
632 46.5006 73.4838
513 46.3851 73.7065
894 46.2797 73.9097
208 46.1792 74.1035
562 45.8364 74.7645
855 45.5483 75.32
614 45.1643 76.0605
840 44.8179 76.7283
91 44.5266 77.29
806 44.1803 77.9577
662 44.4259 78.1192
636 44.7455 78.3294
82 45.0075 78.5016
523 45.2549 78.6642
369 45.5961 78.8886
642 45.7791 79.009
782 45.97 79.1344
800 46.1617 79.2605
126 46.342 79.3791
671 46.5294 79.5022
564 46.4668 79.6088
895 46.4098 79.706
280 46.35 79.808
851 46.2842 79.9201
343 45.3788 80.1066
305 44.6163 80.2637
861 43.9063 80.4099
230 42.9496 80.607
404 42.7892 80.64
724 42.6431 80.6701
193 42.4993 80.6997
689 42.3418 80.7322
755 42.2146 80.7584
807 42.0713 80.7879
563 41.9361 80.8157
394 41.7745 80.849
129 41.6304 80.8787
294 41.4922 80.9072
226 41.3435 80.9378
80 41.2035 80.9666
872 41.0491 80.9984
561 40.9221 81.0246
241 40.7849 81.0529
189 40.6515 81.0803
826 40.5358 81.1042
406 40.4048 81.1312
814 40.2595 81.1611
921 40.1293 81.1879
540 39.756 81.2648
256 39.3648 81.3454
253 39.0074 81.419
296 38.7804 81.4657
16 38.5628 81.5106
231 38.3908 81.546
919 38.2204 81.5811
470 38.045 81.6172
309 38.045 81.6172
92 35.8507 80.5663
946 32.6068 79.0128
658 32.5117 78.9672
550 32.4209 78.9237
635 32.3297 78.88
223 32.2441 78.8391
424 32.15 78.794
76 32.0922 78.3801
167 32.0252 77.9009
757 31.9565 77.4092
490 31.8891 76.9274
270 31.8018 76.3022
171 31.7088 75.637
574 31.6346 75.1059
697 31.5651 74.6088
252 31.4884 74.0597
715 31.4056 73.4674
878 31.3384 72.9867
910 31.2733 72.5206
350 31.2117 72.0798
144 31.1333 71.5187
927 30.8535 69.5165
533 30.5749 67.5231
21 30.5749 67.5231
59 30.5749 67.5231
735 30.553 67.5739
132 30.5303 67.6265
912 30.5096 67.6745
729 30.489 67.7222
720 30.4679 67.7712
349 30.4475 67.8182
137 30.4276 67.8644
507 30.4082 67.9093
788 30.3883 67.9555
645 30.3684 68.0015
390 30.3484 68.048
220 30.3271 68.0972
954 30.3075 68.1427
124 30.2901 68.183
451 30.2736 68.2212
428 27.2735 75.1719
88 27.2735 75.1719
41 27.0823 74.7806
113 26.8583 74.3225
888 26.6762 73.95
600 26.4883 73.5655
411 26.296 73.1722
552 26.145 72.8633
275 25.9985 72.5637
726 25.8603 72.2808
266 25.7134 71.9803
701 25.5591 71.6647
339 25.4101 71.36
903 25.2451 71.0224
79 25.0866 70.6981
571 24.9639 70.4471
329 24.8228 70.1586
501 24.7037 69.9149
267 24.5666 69.6344
114 24.183 69.7103
957 23.9875 69.749
604 23.769 69.7922
901 23.5512 69.8353
308 23.3424 69.8766
587 22.9276 69.9587
971 22.5196 70.0394
81 22.0888 70.1246
479 21.7219 70.1972
326 21.366 70.2676
950 21.0297 70.3341
429 20.6746 70.4044
924 20.3485 70.4689
454 20.0465 70.5286
965 18.9951 70.7366
526 17.5422 71.024
665 15.845 71.3598
846 15.2355 71.4804
272 14.3566 71.6542
427 13.4845 71.8267
361 12.7772 71.9667
192 11.9622 72.1279
503 11.0891 72.3006
939 10.184 72.4797
31 10.1904 72.6845
224 10.1953 72.8399
966 10.2003 73.0004
554 10.2063 73.1929
75 10.2113 73.3538
667 10.2154 73.4835
615 10.2202 73.6356
207 10.2241 73.7624
686 10.2283 73.8958
381 10.2325 74.0307
799 10.237 74.1749
860 10.2419 74.3318
77 10.246 74.4624
445 10.251 74.6219
502 10.2559 74.779
338 10.2607 74.9302
371 10.2653 75.0797
694 10.2711 75.2649
255 10.2766 75.4405
277 10.2829 75.6398
717 10.2892 75.8425
556 10.2965 76.0754
759 10.3035 76.3001
955 10.3097 76.4982
298 10.3153 76.6762
657 10.321 76.8606
119 10.3268 77.0429
517 10.3331 77.2462
346 10.3434 77.5738
905 10.3536 77.8999
639 10.3619 78.1664
570 10.3715 78.4748
892 10.3808 78.7693
546 10.3893 79.0416
830 10.3978 79.3127
890 10.4067 79.598
637 10.4167 79.918
108 10.425 80.185
469 10.4326 80.4263
780 10.4404 80.6758
916 10.449 80.9518
399 10.4572 81.2117
316 10.4652 81.4681
325 10.4729 81.7146
718 10.481 81.9745
426 10.4885 82.2133
169 10.4963 82.4628
433 10.5037 82.6979
90 10.5116 82.9507
728 10.5196 83.2077
695 10.5287 83.4967
982 10.5372 83.7702
719 10.5451 84.0221
436 10.5527 84.2662
557 10.5612 84.5361
944 10.5687 84.7765
178 10.5767 85.0315
444 10.5852 85.3038
203 10.5934 85.566
693 10.6022 85.8471
321 10.6096 86.083
153 10.6184 86.3669
991 10.6261 86.6117
374 10.6529 87.467
213 10.7437 90.3701
988 10.7437 90.3701
585 11.7513 90.7169
714 13.6863 91.3828
868 13.6413 91.2548
678 13.5977 91.1306
711 13.5572 91.0153
435 13.5143 90.8935
199 13.4661 90.7561
380 13.4248 90.6388
750 13.3809 90.5139
17 13.332 90.3748
386 13.2847 90.2401
827 13.2398 90.1126
106 13.1925 89.9779
462 13.1488 89.8536
871 13.1035 89.7249
914 13.0476 89.5657
699 12.9968 89.4211
301 12.9483 89.2833
447 12.9027 89.1534
405 12.8576 89.0251
138 12.8111 88.8929
304 12.7636 88.7576
50 12.7176 88.627
973 12.6714 88.4955
651 12.6248 88.3629
815 12.565 88.1928
13 12.5153 88.0513
39 12.456 87.8828
364 12.3923 87.7014
401 12.3293 87.5223
300 12.2685 87.3492
240 12.3519 87.2621
446 12.4295 87.1811
547 12.5044 87.1028
628 12.5846 87.0192
568 12.6604 86.9401
803 12.7385 86.8584
792 12.8177 86.7757
263 12.8956 86.6945
736 12.9766 86.6099
953 13.0551 86.5279
247 13.1426 86.4366
969 13.2211 86.3547
442 13.3139 86.2577
360 13.4056 86.1621
200 13.4763 86.0882
1 13.9085 85.637
495 14.3827 85.1419
236 14.8144 84.6912
162 16.768 82.6516
551 17.0549 82.7182
796 17.3402 82.7843
400 17.6169 82.8485
500 17.9216 82.9192
457 18.2349 82.9918
560 18.9186 83.1504
487 19.6006 83.3085
789 20.2865 83.4676
99 20.8537 83.5991
537 21.447 83.7367
730 22.0021 83.8654
825 22.0604 83.9641
418 22.1234 84.0708
58 22.1806 84.1675
431 22.2373 84.2635
115 22.3004 84.3703
859 22.3559 84.4643
333 22.4083 84.553
44 22.468 84.6541
48 22.516 84.7351
288 22.5754 84.8358
168 22.6278 84.9244
712 22.6931 85.035
183 22.7504 85.1319
443 22.8015 85.2184
60 22.8608 85.3189
96 22.9236 85.4251
36 22.9775 85.5163
886 23.024 85.595
184 23.0763 85.6835
244 23.1338 85.7808
95 23.1902 85.8763
578 23.9378 87.1417
227 24.8715 88.722
249 24.9076 88.7245
918 24.9434 88.7269
885 24.9764 88.7292
608 25.0097 88.7315
28 25.0414 88.7337
368 25.0743 88.7359
93 25.1075 88.7382
786 25.1437 88.7407
808 25.1773 88.743
768 25.2077 88.7451
430 25.2397 88.7473
776 25.2709 88.7494
593 25.3056 88.7518
15 25.3394 88.7541
753 25.6322 88.7743
306 25.9345 88.7951
761 26.2229 88.8149
631 26.5026 88.8341
491 26.764 88.8521
611 27.064 88.8727
441 27.3291 88.8909
933 27.6101 88.9102
409 27.9401 88.9329
20 28.2617 88.955
456 28.5546 88.9752
521 28.8762 88.9973
833 30.0355 89.077
72 31.7155 89.1925
139 33.0233 89.2824
73 33.8168 89.3369
165 34.7914 89.4039
638 34.8922 89.4108
707 35.0056 89.4186
150 35.1158 89.4262
141 35.233 89.4343
974 35.3598 89.443
265 35.4792 89.4512
877 35.5908 89.4589
146 35.7034 89.4666
448 35.8192 89.4746
548 35.9279 89.482
610 36.0315 89.4892
53 36.1692 89.4986
738 36.2849 89.5066
120 36.3914 89.5139
696 36.5012 89.5215
22 36.7681 89.5398
960 36.9994 89.5557
773 37.2493 89.5729
292 37.5271 89.592
613 37.7997 89.6107
181 38.0754 89.6297
752 38.3369 89.6476
763 38.6272 89.6676
156 38.9065 89.6868
713 39.154 89.7038
5 39.3905 89.7201
659 39.5911 89.7339
375 39.801 89.7483
569 39.9874 89.7611
795 40.1694 89.7736
172 40.3901 89.7888
649 40.6043 89.8035
416 40.831 89.8191
437 41.0484 89.834
539 41.2731 89.8495
320 41.4909 89.8645
392 41.6855 89.8778
215 41.8956 89.8923
672 42.093 89.9059
2 42.3423 89.923
239 42.903 89.9615
206 43.37 89.9936
271 43.8132 90.0241
449 44.5917 90.0776
319 45.3784 90.1317
530 46.1414 90.1842
866 46.8637 90.2338
389 47.6278 90.2863
774 48.4964 90.346
105 49.2723 90.3994
185 50.1546 90.46
746 50.1546 90.46
23 50.1546 90.46
516 50.1546 90.46
896 50.1546 90.46
766 50.1546 90.46
980 50.2115 90.415
434 50.2612 90.3757
754 50.3155 90.3327
690 50.3663 90.2926
532 50.4087 90.259
624 50.4575 90.2204
62 50.5084 90.1801
344 50.5564 90.1421
882 50.6043 90.1042
874 50.6518 90.0667
856 50.8234 89.9309
961 50.9678 89.8166
559 51.1226 89.6941
511 51.3158 89.5412
952 51.5128 89.3854
541 51.684 89.25
618 51.8914 89.0858
408 52.0865 88.9315
536 52.288 88.7721
931 52.518 88.59
179 52.6774 88.4639
984 52.8431 88.3328
584 52.9961 88.2117
367 53.1639 88.079
40 53.3443 87.9362
395 53.5395 87.7818
202 53.6845 87.667
575 53.8473 87.5382
880 53.9947 87.4216
737 54.1402 87.3065
273 54.3033 87.1775
911 54.4445 87.0657
42 56.7096 85.2735
118 57.1628 84.7597
313 57.6453 84.2126
415 58.2351 83.5439
887 58.8732 82.8205
816 59.5597 82.0421
290 60.345 81.1518
173 60.4933 80.9836
605 60.4933 80.9836
315 60.4933 80.9836
229 60.4933 80.9836
432 60.4933 80.9836
567 60.4933 80.9836
245 60.4933 80.9836
940 60.4933 80.9836
259 60.4933 80.9836
947 60.4933 80.9836
140 60.4933 80.9836
802 60.4933 80.9836
801 61.0107 81.3347
832 61.4626 81.6415
987 61.9356 81.9624
904 62.4801 82.332
654 63.048 82.7174
847 63.5929 83.0873
509 64.3276 83.5859
18 65.2828 84.2342
285 66.3489 84.9578
620 67.1596 85.508
158 67.1596 85.508
12 67.1596 85.508
145 67.1596 85.508
251 67.1596 85.508
317 67.1596 85.508
818 67.1596 85.508
744 67.1596 85.508
417 67.1596 85.508
864 67.1596 85.508
378 67.1596 85.508
83 67.1596 85.508
71 67.1596 85.508
460 67.1596 85.508
622 67.7533 85.5655
465 68.3902 85.6273
481 69.0038 85.6867
477 69.5874 85.7433
297 70.2532 85.8079
740 70.9844 85.8788
837 70.9844 85.8788
544 71.0424 85.9127
52 71.1052 85.9493
817 71.1688 85.9865
725 71.2361 86.0259
464 71.2835 86.0536
992 71.3339 86.083
177 71.8018 86.3565
823 72.4936 86.761
318 73.2045 87.1765
937 73.7958 87.5221
845 74.5109 87.9402
854 75.3038 88.4037
494 76.0736 88.8537
983 76.82 89.29
666 77.1564 89.4866
580 77.5538 89.7189
135 77.9402 89.9448
928 78.2978 90.1538
893 78.2978 90.1538
648 78.2978 90.1538
775 78.2978 90.1538
813 78.2978 90.1538
742 78.2978 90.1538
159 78.2978 90.1538
353 78.2978 90.1538
820 78.2978 90.1538
149 78.2978 90.1538
450 84.8184 81.8018
322 85.0754 81.4727
889 85.4087 81.0457
473 85.8373 80.4968
372 86.3845 79.7959
685 86.3045 79.2629
25 86.2036 78.5905
660 85.5249 74.0697
110 84.6141 68.0026
852 84.6141 68.0026
383 84.6141 68.0026
385 84.6141 68.0026
332 84.6141 68.0026
311 84.6141 68.0026
579 84.6141 68.0026
204 84.6479 67.6942
900 84.6836 67.3682
975 84.764 66.6344
528 84.8728 65.6411
884 85.0256 64.2462
684 85.0807 63.7434
497 85.1368 63.2314
977 84.7362 63.0124
506 84.3695 62.812
932 83.9673 62.5922
242 83.8076 62.5049
198 83.6431 62.415
951 83.4753 62.3233
967 82.9502 62.3167
107 82.5706 62.3119
387 81.8903 62.3033
838 81.2914 62.2958
920 80.6537 62.2877
170 80.6537 62.2877
334 76.4572 62.7649
595 72.3292 63.2343
51 70.0996 63.4878
238 69.8152 63.3261
340 69.5639 63.1832
68 69.3104 63.039
152 69.0689 62.9017
293 68.7686 62.7309
485 68.5184 62.5887
941 68.3009 62.465
201 68.0792 62.3389
867 67.8118 62.1869
190 67.5336 62.0286
393 67.2976 61.8945
420 67.0603 61.7595
650 66.8151 61.6201
668 66.5587 61.4742
478 66.3198 61.3384
67 66.0838 61.2042
727 65.8451 61.0684
962 65.5702 60.9121
625 65.1889 60.6953
577 64.8785 60.5187
102 64.6929 60.4132
161 64.4654 60.2838
35 64.4494 60.2747
767 64.4344 60.2662
188 64.416 60.2558
791 64.3989 60.246
964 64.7018 59.8429
515 65.0238 59.4143
762 65.3653 58.9597
440 65.7873 58.3979
907 66.4761 57.4811
538 67.2305 56.477
117 68.1106 55.3056
425 68.9384 54.2036
942 69.4706 53.4953
926 70.0935 52.6662
850 70.708 51.8482
592 71.3809 50.9526
656 71.8502 50.3279
670 72.4603 49.5158
583 72.9902 48.8105
232 73.625 47.9656
143 74.2156 47.1794
835 74.9746 46.1692
274 75.1114 45.9871
136 75.2414 45.8141
590 77.64 39.7337
33 77.3059 39.6725
745 76.916 39.6011
609 76.5543 39.5349
29 76.2052 39.4709
466 75.8542 39.4066
314 75.4862 39.3392
606 75.4862 39.3392
195 75.4862 39.3392
553 75.4862 39.3392
520 79.4523 32.3188
345 83.3443 25.4294
98 83.3443 25.4294
627 85.3881 19.6492
243 85.8797 18.2591
483 86.1538 17.4838
979 84.0214 18.3557
