0,103,176,873,164,681,27,865,419,250,751,6,831,295,504,959,598,777,581,24,555,819,934,19,209,930,828,935,785,421,197,377,45,634,355,55,781,906,704,653,289,467,111,278,822,834,191,379,261,518,643,439,64,626,883,26,337,310,287,407,573,669,351,254,363,787,354,221,824,486,943,284,902,702,899,709,307,402,246,602,836,331,881,366,8,629,588,674,741,211,348,412,812,488,641,722,474,187,646,74,673,682,61,362,898,125,990,423,268,312,384,46,86,87,514,4,258,963,455,299,661,794,572,710,985,133,100,505,958,863,330,328,499,116,57,909,283,10,212,797,496,758,228,279,565,703,182,677,123,148,616,652,749,731,391,234,157,527,166,849,708,131,218,122,192,303,972,214,805,936,222,47,589,463,336,841,154,373,531,542,196,760,489,341,128,347,925,799,14,97,81,329,601,482,956,705,422,130,747,688,772,929,501,691,233,981,901,908,38,451,770,352,174,938,949,913,771,142,510,32,59,858,545,663,388,698,543,151,525,438,37,475,476,633,508,723,534,78,869,403,829,748,679,700,535,414,655,11,121,549,205,397,65,612,529,160,915,302,356,452,862,413,155,790,664,783,706,687,49,619,7,811,989,853,512,69,586,257,917,848,692,870,63,844,480,66,293,791,468,281,286,945,472,267,370,127,566,498,276,522,809,237,342,210,194,30,603,891,89,269,922,147,171,471,493,676,180,778,876,264,597,453,798,576,793,779,523,216,461,84,112,782,460,582,226,765,94,144,986,617,632,743,163,235,225,894,459,484,755,910,410,804,683,80,878,715,56,591,662,359,404,327,635,540,454,270,252,350,732,912,533,175,365,645,308,729,903,291,730,596,137,324,735,846,756,839,54,720,733,571,788,965,349,79,104,587,640,897,957,739,114,924,34,382,971,390,599,124,872,574,21,927,658,443,537,701,333,954,266,600,220,507,361,424,825,888,184,859,695,608,339,16,604,757,726,58,560,95,168,551,326,99,132,680,429,255,457,503,298,427,552,411,524,275,630,398,946,162,796,479,948,970,657,615,764,607,381,717,667,784,325,780,879,502,272,277,694,219,3,376,338,224,517,665,119,686,734,371,966,905,892,178,433,77,639,830,346,570,939,890,944,75,426,90,207,546,554,719,169,759,401,547,263,556,374,991,244,399,792,445,495,728,400,955,108,718,699,736,860,50,469,950,113,500,487,203,48,1,386,301,815,321,240,436,247,637,17,693,304,776,183,933,360,13,490,288,886,93,557,316,31,444,628,41,300,446,969,199,568,153,868,39,364,405,447,953,678,982,711,803,213,106,988,585,916,200,462,442,914,435,827,36,368,138,753,380,115,973,15,750,227,236,146,593,96,651,521,44,306,610,28,430,73,960,613,611,441,768,253,409,871,249,271,808,491,919,761,885,20,231,631,120,72,548,578,150,877,92,428,672,714,697,456,707,696,418,833,712,167,76,88,638,141,550,60,773,431,806,309,918,437,241,189,526,134,724,296,689,2,976,564,649,561,789,223,416,256,172,840,614,857,814,513,82,294,536,713,129,305,516,539,826,807,449,563,230,292,659,215,746,569,795,763,53,389,394,470,766,559,239,866,5,786,974,532,448,139,738,181,752,22,265,375,392,874,961,343,774,319,408,816,690,206,156,23,541,105,434,882,118,737,931,624,642,165,511,980,567,320,62,896,952,344,562,754,202,313,193,530,91,18,395,9,335,800,832,802,208,940,921,126,280,895,987,636,904,847,515,109,671,769,229,259,378,140,861,801,947,887,245,406,12,179,369,880,315,248,282,647,855,654,595,173,432,340,110,837,727,290,440,238,67,579,900,51,962,975,417,575,477,317,481,744,867,297,509,71,775,83,415,618,40,856,544,620,584,145,367,42,911,984,817,185,273,177,851,992,464,285,158,580,893,494,622,823,473,52,149,318,928,135,889,813,854,465,353,322,159,742,251,820,983,864,666,937,818,725,648,845,685,740,25,660,528,450,311,372,204,884,107,201,387,242,332,684,497,170,506,977,852,420,425,838,383,385,583,932,941,842,538,767,102,656,152,920,907,393,478,334,968,762,650,810,668,605,68,190,964,85,492,923,558,188,577,161,35,623,875,396,117,644,625,186,621,101,843,43,358,314,606,262,519,926,716,594,675,466,745,670,323,458,978,357,821,217,942,485,195,274,232,143,553,70,609,850,967,136,951,198,592,29,98,520,835,33,590,483,345,627,260,243,721,979,
value : 512.67 running time : 36.877284
0 80 20
103 66.2302 15.6395
176 64.1223 17.8486
873 59.7926 22.3861
164 58.7865 23.4404
681 58.1272 24.1314
27 57.9397 24.3279
865 57.7652 24.5107
419 57.6242 24.6585
250 57.4819 24.8076
751 57.3966 24.8971
6 57.3146 24.983
831 57.2321 25.0694
295 57.1528 25.1525
504 57.0657 25.2439
959 56.9503 25.3648
598 56.838 25.4825
777 56.7075 25.6193
581 56.4796 25.8581
24 56.2115 26.1391
555 55.4797 26.9059
819 54.8641 27.5511
934 53.9343 28.5255
19 53.973 28.7529
209 54.0067 28.9505
930 54.0435 29.1663
828 54.0738 29.3443
935 54.1006 29.5016
785 54.1253 29.6463
421 54.1505 29.7942
197 54.1751 29.9382
377 54.1966 30.0645
45 54.217 30.1843
634 54.0642 30.1997
355 53.9065 30.2157
55 53.7508 30.2314
781 53.5879 30.2479
906 53.3873 30.2682
704 42.6682 24.6797
653 42.1689 24.4194
289 41.6862 24.1679
467 41.13 23.8779
111 40.547 23.574
278 40.0332 23.3062
822 39.8657 22.9006
834 39.7079 22.5185
191 39.5381 22.1072
379 38.9315 20.6386
261 38.1781 18.815
518 37.2839 16.6512
643 35.031 17.3693
439 34.4104 17.5672
64 34.0621 17.6783
626 33.7374 17.7819
883 33.4302 17.8799
26 33.1119 17.9815
337 32.7707 18.0903
310 32.4129 18.2045
287 32.0332 18.3256
407 31.5886 18.4674
573 31.0969 18.6243
669 30.5573 18.7964
351 29.9987 18.9746
254 29.3543 19.1801
363 28.831 19.347
787 28.1385 19.5679
354 27.4605 19.7842
221 26.8661 19.9738
824 26.3149 20.1496
486 25.7622 20.3259
943 25.0018 20.0324
284 24.4888 19.8343
902 23.9671 19.6329
702 23.4596 19.437
899 22.9497 19.2401
709 22.4466 19.0459
307 21.8364 18.8103
402 21.0342 18.5006
246 20.3251 18.2269
602 19.5175 17.9151
836 18.2027 17.4077
331 16.177 16.6263
881 15.6785 16.4338
366 15.3371 16.302
8 14.9933 16.1692
629 14.6239 16.0266
588 14.3021 15.9023
674 13.9825 15.7789
741 13.6815 15.6627
211 13.3733 15.5437
348 13.076 15.4289
412 12.7719 15.3114
812 12.4817 15.1994
488 12.4755 15.4837
641 12.468 15.8292
722 12.4624 16.089
474 12.4369 17.2622
187 12.4139 18.3227
646 12.397 19.1031
74 12.3765 20.0472
673 12.3638 20.6351
682 12.3518 21.1895
61 12.3386 21.7996
362 12.2611 25.344
898 12.196 28.3228
125 12.1617 29.8987
990 12.1362 31.0781
423 12.1192 31.8611
268 12.1066 32.4431
312 12.0928 33.0831
384 12.092 33.1204
46 12.0912 33.1557
86 12.0905 33.1902
87 12.0897 33.226
514 12.0889 33.2609
4 12.0882 33.2963
258 12.0874 33.3323
963 12.0866 33.3713
455 12.0839 33.4929
299 12.0798 33.6851
661 12.0754 33.8869
794 12.0689 34.189
572 12.0546 34.8542
710 12.0368 35.6741
985 12.0117 36.8355
133 11.9851 38.0635
100 11.9208 41.0169
505 11.9175 41.1706
958 11.9146 41.3041
863 11.9116 41.4471
330 11.9085 41.5905
328 11.9054 41.735
499 11.8789 42.9585
116 11.7715 47.8852
57 11.768 48.0484
909 11.7645 48.2127
283 11.761 48.3732
10 11.757 48.5612
212 11.7521 48.7878
797 11.7469 49.0298
496 11.7417 49.2689
758 11.7365 49.5107
228 11.7316 49.7392
279 11.7254 50.0251
565 11.7195 50.3
703 11.7139 50.5574
182 11.7095 50.7621
677 11.7048 50.9819
123 11.7006 51.1779
148 11.6959 51.3921
616 11.6907 51.6345
652 11.6848 51.9072
749 11.6787 52.1909
731 11.6729 52.4617
391 11.665 52.8251
234 11.6571 53.1925
157 11.6571 53.1925
527 11.6571 53.1925
166 11.6571 53.1925
849 11.6571 53.1925
708 11.6571 53.1925
131 11.6571 53.1925
218 11.6571 53.1925
122 11.6571 53.1925
192 11.6571 53.1925
303 11.6571 53.1925
972 11.6571 53.1925
214 11.6571 53.1925
805 11.6571 53.1925
936 11.6571 53.1925
222 11.6571 53.1925
47 11.6571 53.1925
589 11.6571 53.1925
463 11.6571 53.1925
336 11.6571 53.1925
841 11.6571 53.1925
154 11.6571 53.1925
373 11.6571 53.1925
531 11.6571 53.1925
542 11.6571 53.1925
196 11.6571 53.1925
760 11.6571 53.1925
489 11.6571 53.1925
341 11.6571 53.1926
128 11.6571 53.1926
347 11.709 56.7307
925 11.7272 57.9789
799 11.7436 59.1072
14 11.7462 59.2892
97 12.5767 59.1662
81 13.4259 59.0405
329 14.2443 58.9193
601 14.9934 58.8084
482 15.6124 58.7167
956 16.2686 58.6195
705 16.8816 58.5287
422 17.4459 58.4452
130 17.9925 58.3642
747 18.5613 58.2799
688 20.2396 58.0318
772 21.1789 57.8928
929 22.1569 57.748
501 22.1569 57.748
691 22.0931 56.72
233 22.0311 55.7199
981 21.9674 54.6928
901 21.8975 53.5675
908 21.7779 51.6427
38 21.6689 49.887
451 21.627 49.2113
770 21.4287 46.0215
352 21.472 45.9652
174 21.5208 45.9019
938 21.5699 45.8382
949 21.6214 45.7713
913 21.6715 45.7062
771 21.7174 45.6466
142 21.7633 45.587
510 21.8106 45.5256
32 21.8719 45.4459
59 21.9269 45.3746
858 22.0162 45.2586
545 22.1113 45.1351
663 22.2123 45.004
388 22.3192 44.8652
698 22.4042 44.7549
543 22.5079 44.6203
151 22.6106 44.4869
525 22.698 44.3734
438 22.7869 44.258
37 22.8747 44.144
475 22.962 44.0306
476 23.0491 43.9176
633 23.1416 43.7974
508 23.2404 43.6692
723 23.3293 43.5538
534 23.415 43.4425
78 23.6973 43.0759
869 23.9871 42.6997
403 24.1895 42.4369
829 24.4181 42.1401
748 24.6183 41.8801
679 24.8185 41.6202
700 24.9935 41.393
535 25.222 41.0963
414 25.4669 40.7784
655 25.7019 40.4733
11 25.9467 40.1553
121 26.2023 39.8235
549 26.4302 39.5276
205 26.647 39.2462
397 26.8555 38.9755
65 27.0918 38.6687
612 27.3355 38.3521
529 27.585 38.0283
160 27.8307 37.7093
915 27.8307 37.7093
302 30.7576 39.3457
356 32.3771 40.2511
452 33.0852 40.647
862 33.358 40.7995
413 33.6112 40.9411
155 33.8876 41.0956
790 34.0888 41.2081
664 34.2782 41.314
783 34.4933 41.4343
706 34.7005 41.5501
687 34.912 41.6684
49 35.1431 41.7975
619 35.349 41.9127
7 35.565 42.0335
811 35.7854 42.1567
989 36.0335 42.2954
853 36.2669 42.4259
512 36.5238 42.5695
69 36.7408 42.6908
586 36.7408 42.6908
257 37.5014 43.4502
917 38.5197 44.467
848 39.5825 45.5281
692 40.3992 46.3434
870 41.5978 47.5402
63 41.884 47.826
844 42.1255 48.067
480 42.3787 48.3199
66 42.7671 48.7077
293 48.3065 54.4793
791 48.3065 54.4793
468 48.3065 54.4793
281 47.4138 54.6003
286 46.6182 54.7081
945 45.2254 54.8969
472 43.7023 55.1033
267 41.3866 55.4171
370 41.3866 55.4171
127 41.3866 55.4171
566 41.3866 55.4171
498 41.4332 55.4875
276 41.4747 55.5502
522 41.5229 55.6231
809 41.5738 55.7001
237 41.6231 55.7746
342 41.6744 55.8522
210 41.7245 55.928
194 41.7752 56.0047
30 41.8258 56.0812
603 41.8756 56.1565
891 41.9311 56.2405
89 41.9862 56.3238
269 42.0425 56.4089
922 42.2319 56.6958
147 42.4286 56.9936
171 42.6165 57.2782
471 42.6165 57.2782
493 42.6165 57.2782
676 42.6165 57.2782
180 42.6165 57.2782
778 42.6165 57.2782
876 42.6165 57.2782
264 43.1447 58.0562
597 43.6441 58.7916
453 44.1782 59.5782
798 44.4803 60.0232
576 44.7681 60.447
793 45.0742 60.8978
779 45.3734 61.3384
523 45.6494 61.745
216 45.9011 62.1155
461 46.1318 62.4554
84 47.8761 65.0242
112 49.2743 67.0833
782 50.0709 68.2565
460 50.5908 69.0221
582 48.5066 68.7417
226 45.1675 68.2927
765 44.9768 68.267
94 44.8253 68.2467
144 44.6385 68.2215
986 44.4583 68.1973
617 44.2707 68.1721
632 44.0723 68.1454
743 43.8457 68.1149
163 43.6011 68.082
235 43.3869 68.0532
225 43.1519 68.0215
894 42.9279 67.9914
459 42.6951 67.9601
484 42.4865 67.932
755 42.2648 67.9022
910 41.5671 67.8083
410 40.9355 67.7234
804 40.2783 67.635
683 39.6139 67.5456
80 38.9197 67.4522
878 38.1888 67.3539
715 37.5475 67.2676
56 36.8679 67.1762
591 36.1616 67.0812
662 35.5214 66.9951
359 34.8676 66.9071
404 34.224 66.8205
327 33.4681 66.7189
635 32.9699 66.6518
540 32.9699 66.6518
454 32.9699 66.6518
270 32.9699 66.6518
252 32.9699 66.6518
350 32.9699 66.6518
732 32.7157 66.586
912 32.4111 66.507
533 32.1231 66.4324
175 31.8097 66.3512
365 31.4762 66.2648
645 31.1145 66.1711
308 30.7663 66.0809
729 30.3999 65.9859
903 30.0784 65.9026
291 29.777 65.8245
730 29.4148 65.7307
596 29.0681 65.6409
137 28.6843 65.5414
324 28.2827 65.4374
735 28.1934 65.5442
846 28.1112 65.6426
756 28.0361 65.7324
839 27.9588 65.8248
54 27.8769 65.9229
720 27.7191 66.1117
733 27.5646 66.2965
571 27.4077 66.4842
788 27.2692 66.6499
965 27.1184 66.8302
349 26.9768 66.9996
79 26.8367 67.1672
104 26.6913 67.3411
587 26.3173 67.7886
640 25.9613 68.2144
897 25.5371 68.7218
957 25.1105 69.2321
739 24.5903 69.8544
114 24.2727 70.2343
924 24.2432 70.3023
34 24.2148 70.3679
382 24.1841 70.4386
971 24.1512 70.5146
390 24.12 70.5864
599 24.0869 70.6629
124 24.0491 70.75
872 24.0147 70.8293
574 23.9842 70.8998
21 23.9538 70.9697
927 23.9193 71.0494
658 23.8846 71.1295
443 23.852 71.2045
537 23.8209 71.2764
701 23.7901 71.3473
333 23.7585 71.4202
954 23.7281 71.4905
266 23.6993 71.5568
600 23.6699 71.6247
220 23.6404 71.6927
507 23.6132 71.7555
361 22.7561 73.7318
424 21.9742 75.5348
825 21.6612 76.2567
888 21.3671 76.935
184 21.0479 77.6713
859 20.7407 78.3799
695 20.511 78.2566
608 20.2764 78.1307
339 20.0337 78.0004
16 19.8079 77.8792
604 19.5584 77.7453
757 19.286 77.5991
726 18.9859 77.438
58 18.7051 77.2873
560 18.3896 77.118
95 18.1003 76.9627
168 17.5711 76.5021
551 17.0226 76.0247
326 16.4923 75.5631
99 15.9395 75.082
132 15.3234 74.5458
680 14.7595 74.055
429 14.2469 73.6088
255 13.6976 73.1307
457 13.6735 73.1098
503 13.6474 73.0871
298 13.6213 73.0643
427 13.598 73.044
552 13.5768 73.0256
411 13.5531 73.0049
524 13.5288 72.9838
275 13.506 72.964
630 13.481 72.9422
398 13.4572 72.9215
946 13.4337 72.901
162 13.4072 72.878
796 13.3828 72.8567
479 13.3571 72.8343
948 13.3273 72.8084
970 13.2996 72.7843
657 13.2726 72.7608
615 13.246 72.7377
764 12.3282 71.4075
607 12.2389 71.4383
381 12.1586 71.4661
717 12.0865 71.4909
667 12.0152 71.5155
784 11.9475 71.5389
325 11.8807 71.5619
780 11.8129 71.5853
879 11.7435 71.6093
502 11.6761 71.6325
272 11.6039 71.6574
277 11.5258 71.6844
694 11.449 71.7109
219 11.3822 71.7339
3 11.3119 71.7582
376 11.2397 71.7831
338 11.1664 71.8084
224 11.0867 71.8359
517 11.0162 71.8602
665 10.9483 71.8836
119 10.8805 71.907
686 10.8078 71.9321
734 10.7363 71.9568
371 10.6662 71.981
966 10.593 72.0062
905 10.5251 72.0296
892 10.5251 72.0296
178 10.5251 72.0296
433 10.5251 72.0296
77 10.5251 72.0296
639 10.5251 72.0296
830 10.5251 72.0296
346 10.5251 72.0296
570 10.5251 72.0296
939 10.5251 72.0296
890 10.6843 73.4093
944 10.8165 74.5551
75 10.8864 75.1619
426 10.9419 75.6433
90 10.9894 76.0548
207 11.0287 76.3955
546 11.0887 76.9161
554 11.1446 77.4012
719 11.1996 77.878
169 11.2448 78.2698
759 11.286 78.6269
401 11.3273 78.9856
547 11.3597 79.266
263 11.3615 79.282
556 11.3615 79.282
374 11.3615 79.282
991 11.3615 79.282
244 11.3615 79.282
399 11.3615 79.282
792 11.3615 79.282
445 11.3615 79.282
495 11.4244 79.4328
728 11.4799 79.5657
400 11.5359 79.7001
955 11.6013 79.8568
108 11.6666 80.0134
718 11.7267 80.1575
699 11.7839 80.2944
736 11.8415 80.4326
860 11.8956 80.5623
50 11.9548 80.7044
469 11.9712 80.7437
950 11.9871 80.7817
113 12.0968 81.0447
500 12.2187 81.3368
487 12.3582 81.6713
203 12.4929 81.9941
48 12.6399 82.3464
1 12.7872 82.6996
386 12.9223 83.0236
301 13.0418 83.31
815 13.158 83.5886
321 13.2678 83.8518
240 13.3915 84.1482
436 13.5339 84.4897
247 13.6858 84.8537
637 13.8271 85.1925
17 13.9728 85.5418
693 14.1038 85.8558
304 14.2423 86.1878
776 14.3812 86.5208
183 14.3812 86.5208
933 14.3812 86.5208
360 14.3812 86.5208
13 14.3812 86.5208
490 14.3812 86.5208
288 14.3812 86.5208
886 14.3812 86.5208
93 14.3812 86.5208
557 14.3812 86.5208
316 14.3812 86.5208
31 14.3812 86.5208
444 14.3812 86.5208
628 14.3812 86.5208
41 14.3812 86.5208
300 10.9802 90.7287
446 10.9802 90.7287
969 10.9802 90.7287
199 10.9802 90.7287
568 10.9802 90.7287
153 10.9802 90.7287
868 10.9802 90.7287
39 10.9802 90.7287
364 10.9802 90.7287
405 10.9802 90.7287
447 10.9802 90.7287
953 10.9802 90.7287
678 10.9802 90.7287
982 10.9802 90.7287
711 10.9802 90.7287
803 10.9802 90.7287
213 10.9802 90.7287
106 10.9942 90.7271
988 11.0083 90.7256
585 11.3282 90.6902
916 11.7065 90.6484
200 12.0446 90.611
462 12.412 90.5703
442 12.7612 90.5317
914 13.0965 90.4946
435 13.4493 90.4556
827 13.8984 90.4059
36 14.5255 90.3366
368 14.6282 90.3252
138 14.7277 90.3142
753 14.8358 90.3023
380 14.9306 90.2918
115 15.5037 90.2284
973 16.0596 90.1669
15 16.626 90.1043
750 17.175 90.0436
227 18.914 89.8515
236 20.749 89.6488
146 24.7489 89.2078
593 24.9484 89.1858
96 25.1644 89.1619
651 25.3546 89.1408
521 25.5517 89.119
44 25.758 89.0962
306 25.9699 89.0728
610 26.1814 89.0494
28 26.389 89.0264
430 26.5906 89.0041
73 26.8103 88.9798
960 27.0225 88.9563
613 27.209 88.9357
611 27.209 88.9357
441 27.209 88.9357
768 27.209 88.9357
253 27.209 88.9357
409 27.209 88.9357
871 27.209 88.9357
249 27.209 88.9357
271 27.209 88.9357
808 27.209 88.9357
491 27.209 88.9357
919 27.209 88.9357
761 27.209 88.9357
885 27.209 88.9357
20 27.209 88.9356
231 27.209 88.9356
631 27.209 88.9356
120 27.209 88.9356
72 27.209 88.9356
548 27.209 88.9356
578 27.209 88.9356
150 27.209 88.9356
877 27.209 88.9356
92 27.209 88.9356
428 27.209 88.9356
672 27.209 88.9356
714 27.209 88.9356
697 27.2175 88.8604
456 27.2263 88.7817
707 27.2344 88.7102
696 27.2433 88.6307
418 27.2519 88.5541
833 27.2607 88.4766
712 27.2691 88.4011
167 27.2769 88.332
76 27.285 88.2606
88 27.2931 88.1885
638 27.6504 87.9742
141 27.9985 87.7654
550 28.336 87.5632
60 28.6772 87.3586
773 29.0072 87.1607
431 29.3289 86.968
806 29.7164 86.7355
309 30.1038 86.5032
918 30.3579 85.3105
437 30.6225 84.0684
241 30.8895 82.8152
189 31.1571 81.5593
526 31.4101 80.3716
134 35.8415 79.9186
724 35.8415 79.9186
296 35.8415 79.9186
689 35.8415 79.9186
2 35.8415 79.9186
976 35.8415 79.9186
564 35.8415 79.9186
649 35.8415 79.9186
561 35.8415 79.9186
789 35.8415 79.9186
223 36.6952 80.0685
416 37.6144 80.2298
256 38.4503 80.3766
172 39.3225 80.5297
840 40.2259 80.6883
614 41.1381 80.8484
857 42.0953 81.0165
814 41.9997 81.5746
513 41.9159 82.0638
82 41.8216 82.6146
294 41.7261 83.1722
536 41.628 83.745
713 41.5414 84.2508
129 41.5072 84.4502
305 41.4735 84.6467
516 41.4405 84.8396
539 41.4118 85.0072
826 41.3842 85.1681
807 41.3547 85.34
449 41.3239 85.5198
563 41.2958 85.6841
230 41.2613 85.8853
292 41.2314 86.0597
659 41.2003 86.2413
215 41.1672 86.434
746 41.1297 86.6532
569 41.097 86.8439
795 41.0678 87.0146
763 41.0382 87.1873
53 41.0081 87.3627
389 40.9808 87.5222
394 40.9549 87.6733
470 40.9269 87.8367
766 40.8997 87.9954
559 40.8755 88.137
239 40.854 88.2623
866 40.8312 88.3953
5 40.8087 88.5265
786 40.7924 88.6216
974 41.1276 88.7889
532 41.4197 88.9347
448 41.4197 88.9347
139 41.4197 88.9347
738 41.5542 88.9261
181 41.6912 88.9173
752 41.826 88.9086
22 42.0743 88.8927
265 42.3302 88.8762
375 43.0167 88.8321
392 43.6375 88.7922
874 44.4544 88.7397
961 45.4056 88.6785
343 46.0427 88.6376
774 46.7151 88.5943
319 47.3026 88.5566
408 47.9158 88.5172
816 48.5385 88.4771
690 48.9548 88.4504
206 49.3228 88.4267
156 49.7978 88.3962
23 50.2983 88.364
541 50.4077 88.357
105 50.5231 88.3496
434 50.6455 88.3417
882 50.7706 88.3336
118 50.9044 88.325
737 51.0378 88.3165
931 51.1668 88.3082
624 51.1668 88.3082
642 51.1668 88.3082
165 51.1668 88.3082
511 51.1668 88.3082
980 51.1668 88.3082
567 51.1668 88.3082
320 51.1668 88.3082
62 51.1668 88.3082
896 51.1668 88.3082
952 51.1668 88.3082
344 51.1668 88.3082
562 51.5698 87.4978
754 51.8883 86.8575
202 52.2106 86.2097
313 52.5493 85.5287
193 52.9347 84.7538
530 53.3371 83.9449
91 53.7987 83.0167
18 54.108 82.3949
395 54.3328 81.9429
9 54.5491 81.5082
335 54.7407 81.123
800 54.9383 80.7258
832 55.1291 80.3421
802 55.3019 79.9947
208 55.4862 79.6243
940 55.6233 79.3488
921 55.7767 79.0403
126 55.9257 78.7408
280 56.0845 78.4215
895 56.2401 78.1086
987 56.4078 77.7716
636 56.5609 77.4638
904 56.7388 77.1062
847 56.8965 76.789
515 57.0471 76.4863
109 57.0615 76.4574
671 57.0762 76.4278
769 57.0911 76.3978
229 57.1055 76.3689
259 57.1195 76.3409
378 57.1357 76.3082
140 57.151 76.2775
861 57.1673 76.2447
801 57.1847 76.2098
947 57.1983 76.1824
887 57.2249 76.1288
245 57.2515 76.0755
406 57.2801 76.0179
12 57.3108 75.9562
179 57.3413 75.8948
369 57.3748 75.8274
880 57.4081 75.7605
315 57.4449 75.6865
248 57.4794 75.6172
282 58.7105 73.1412
647 59.0119 73.1796
855 59.2607 73.2112
654 60.3088 73.3445
595 61.1082 73.4461
173 61.7812 73.5317
432 62.4253 73.6136
340 63.2302 73.7159
110 64.0327 73.818
837 64.0396 73.9599
727 64.0463 74.0983
290 64.0529 74.2339
440 64.0593 74.3676
238 64.0662 74.5086
67 64.0737 74.6647
579 64.0818 74.8321
900 64.0896 74.9922
51 64.0977 75.16
962 64.1053 75.3169
975 64.1133 75.4829
417 64.1983 77.2422
575 64.2277 77.8484
477 64.2547 78.4065
317 64.2698 78.7191
481 64.2847 79.0263
744 64.2992 79.326
867 64.3142 79.6347
297 64.354 80.4578
509 64.3914 81.2316
71 64.4373 82.1787
775 64.4884 83.2356
83 64.544 84.3852
415 64.6185 85.9267
618 64.764 88.9426
40 64.764 88.9426
856 64.764 88.9426
544 64.764 88.9426
620 64.764 88.9426
584 64.764 88.9427
145 64.764 88.9427
367 64.764 88.9427
42 64.764 88.9427
911 64.764 88.9427
984 64.8264 88.9437
817 64.8896 88.9447
185 64.9491 88.9457
273 65.0126 88.9468
177 65.0742 88.9478
851 65.1356 88.9489
992 66.3834 88.97
464 67.7633 88.9933
285 69.2551 89.0187
158 70.7081 89.0433
580 72.1306 89.0674
893 72.9698 89.0815
494 73.6544 89.093
622 74.3084 89.104
823 75.0666 89.1167
473 75.9366 89.1314
52 76.0899 89.1339
149 76.4367 89.1397
318 77.4304 89.1564
928 79.5021 89.1917
135 79.5021 89.1917
889 79.5021 89.1917
813 79.5021 89.1917
854 79.5021 89.1917
465 79.5021 89.1917
353 79.5021 89.1917
322 79.5021 89.1917
159 79.5021 89.1917
742 79.5021 89.1917
251 79.5021 89.1917
820 79.5732 88.9976
983 79.6467 88.797
864 79.7354 88.5551
666 79.8235 88.3147
937 79.9097 88.0798
818 79.9097 88.0798
725 79.9097 88.0798
648 79.9097 88.0798
845 79.9097 88.0798
685 83.0502 83.8995
740 83.9433 82.7106
25 84.8439 81.5116
660 85.4382 80.7205
528 85.7493 80.3063
450 86.0561 79.8978
311 86.3031 79.569
372 86.5413 79.2519
204 86.3259 73.2872
884 86.0308 65.121
107 86.0248 64.954
201 86.0198 64.8148
387 86.0142 64.6604
242 86.0142 64.6604
332 86.0142 64.6604
684 86.0142 64.6604
497 86.0142 64.6604
170 84.7821 64.2516
506 83.0809 63.6872
977 81.0267 63.0056
852 78.7103 62.2371
420 76.8231 61.6109
425 75.6865 61.2338
838 75.3478 61.1215
383 74.8964 60.9717
385 74.4048 60.8086
583 73.7086 60.5776
932 73.0703 60.3658
941 72.2923 60.1077
842 71.5031 59.8459
538 71.5031 59.8459
767 71.5031 59.8459
102 71.5031 59.8459
656 71.5031 59.8459
152 71.5031 59.8459
920 71.5031 59.8459
907 69.3168 59.5235
393 67.8557 59.3079
478 66.684 59.1351
334 65.5397 58.9663
968 60.8351 58.2731
762 60.5222 58.2269
650 60.213 58.1813
810 59.8386 58.126
668 59.5014 58.0763
605 59.1427 58.0233
68 58.7415 57.9641
190 58.2873 57.8971
964 57.7455 57.8172
85 57.2243 57.7403
492 56.7096 57.6643
923 56.3493 57.6112
558 56.025 57.5633
188 56.102 57.359
577 56.175 57.1654
161 56.2481 56.9713
35 56.3281 56.7591
623 56.411 56.5393
875 56.4886 56.3333
396 56.5402 56.1963
117 56.5941 56.0533
644 56.6476 55.9115
625 56.6858 55.8101
186 56.7297 55.6935
621 56.774 55.5761
101 57.2488 54.3163
843 57.9492 52.4581
43 58.7084 50.4441
358 59.1741 49.2084
314 59.2391 49.036
606 59.299 48.8771
262 59.3567 48.724
519 59.4189 48.559
926 59.482 48.3915
716 59.5485 48.2149
594 60.9983 47.0985
675 62.4391 45.9891
466 63.6728 45.0392
745 64.2228 44.6157
670 64.2228 44.6157
323 64.2228 44.6157
458 64.2228 44.6157
978 64.4218 44.4853
357 64.6338 44.3466
821 64.8514 44.2041
217 65.8616 44.4533
942 67.2361 44.7922
485 67.2361 44.7922
195 68.975 44.7884
274 69.9444 44.7863
232 70.4811 44.7851
143 71.0333 44.7839
553 71.63 44.7826
70 72.2058 44.7814
609 73.1906 44.7792
850 74.1528 44.7771
967 75.4028 44.7744
136 76.5684 44.7718
951 76.8598 44.7712
198 77.0649 44.7707
592 78.0699 41.6527
29 79.3807 37.5857
98 82.4392 28.1
520 82.4392 28.1
835 82.4392 28.1
33 82.7624 26.9426
590 83.1957 25.3912
483 85.57 16.8875
345 85.2975 16.9375
627 85.0135 16.9895
260 84.5721 17.0704
243 84.1119 17.1548
721 80.4838 17.82
979 80.3621 18.3683
