0,260,243,345,979,627,483,98,33,609,274,520,590,835,553,932,745,102,466,323,195,425,670,592,606,143,644,190,217,930,926,357,675,45,29,232,942,634,781,821,978,377,314,485,70,945,623,63,262,519,843,492,594,597,342,186,512,370,35,396,281,875,85,810,923,461,210,793,472,558,842,117,293,538,647,340,798,84,964,453,515,625,577,478,484,235,163,732,676,779,523,286,765,101,56,365,134,175,576,683,533,632,804,161,498,617,104,54,30,922,237,410,127,171,459,855,621,264,471,216,188,522,7,862,809,276,844,870,619,155,194,49,66,529,917,848,191,906,197,935,257,356,69,452,414,748,379,566,692,989,679,706,790,913,535,37,655,403,723,32,691,336,735,545,956,698,391,174,938,451,34,543,858,778,783,687,38,413,302,11,525,603,908,475,388,508,633,324,876,180,493,688,269,147,79,912,891,89,21,897,903,291,640,929,839,571,501,965,596,957,422,901,756,510,705,267,574,114,359,524,981,924,137,275,233,733,266,630,587,390,600,411,327,99,59,729,720,349,132,479,382,507,927,599,482,910,443,168,226,689,788,697,404,635,526,726,550,270,591,806,658,41,124,971,604,296,223,16,333,846,326,888,608,431,757,244,950,429,469,954,167,878,789,730,537,795,672,638,58,141,773,662,308,144,350,645,225,193,189,215,252,80,976,454,715,872,895,256,292,614,755,540,561,894,826,294,649,230,636,724,562,840,952,408,582,9,671,343,861,415,313,179,539,563,807,802,984,857,987,947,248,126,440,782,395,832,801,432,800,847,109,513,140,406,280,315,921,642,769,91,986,791,208,564,530,509,335,931,229,245,94,173,887,743,112,968,282,468,460,668,727,907,238,837,900,762,51,605,962,67,393,867,654,152,297,904,622,18,383,71,818,775,937,83,334,650,68,852,975,579,481,290,201,941,595,744,850,767,656,170,136,920,110,385,967,838,684,951,583,242,420,528,506,977,332,884,107,198,387,497,372,159,648,417,322,25,685,660,204,450,311,889,494,725,251,854,318,465,666,285,820,893,135,983,580,928,473,740,158,145,813,864,742,845,823,353,149,477,52,620,185,544,42,817,464,177,911,378,737,882,575,880,511,567,317,816,690,273,367,369,856,992,202,12,624,23,774,118,259,40,851,319,763,82,940,896,584,618,344,980,434,536,532,181,866,516,320,713,92,265,569,394,146,746,309,754,53,5,241,786,120,919,22,392,375,659,974,239,449,874,766,559,156,105,389,541,165,62,305,961,918,150,2,814,877,416,437,206,613,610,651,490,253,288,96,139,456,593,441,871,753,808,631,761,611,752,28,714,73,20,960,115,768,409,833,172,738,368,418,424,712,76,448,129,491,707,72,360,428,271,36,231,183,430,60,776,548,885,13,470,306,15,557,973,521,227,886,933,916,138,184,249,578,859,50,44,696,236,495,200,17,88,304,750,890,75,240,447,803,678,759,868,719,585,442,637,693,718,300,169,39,792,1,106,827,380,546,905,955,301,695,969,711,435,554,263,570,551,426,953,568,364,988,213,914,815,386,547,628,892,405,446,560,982,699,462,199,944,860,736,374,321,346,108,31,316,780,48,153,657,830,433,90,207,298,95,399,247,93,991,444,615,178,686,325,381,457,966,339,607,556,436,401,665,97,192,739,376,398,772,77,694,734,219,255,639,970,799,371,119,701,220,224,948,162,361,400,502,879,445,131,747,81,500,203,272,552,113,667,796,427,728,680,939,925,277,487,825,503,601,329,946,130,531,3,234,347,703,517,717,14,589,338,196,972,100,677,218,784,303,760,764,122,373,352,182,157,849,214,565,708,166,128,527,749,841,909,116,46,47,283,700,770,312,985,78,936,652,499,279,805,505,990,384,758,222,534,142,731,616,154,123,863,228,489,476,949,663,463,771,542,797,496,57,341,148,10,328,330,514,898,958,212,86,87,74,943,661,268,423,4,741,121,829,125,588,572,299,455,331,710,673,836,254,366,474,439,133,794,258,702,722,348,211,412,674,629,187,61,963,402,812,881,646,682,362,8,488,287,363,704,518,310,641,899,307,669,822,351,643,64,883,573,337,407,246,709,221,160,278,869,26,151,205,902,915,602,284,486,664,65,438,354,397,549,811,612,480,626,787,824,111,467,834,586,261,19,250,421,653,751,716,6,355,289,785,209,828,458,934,873,853,55,865,164,419,27,555,681,358,43,598,831,581,959,103,819,721,777,295,24,176,504,
value : 488.246 running time : 44.919282
0 80 20
260 85.8382 17.6233
243 85.9152 17.592
345 85.9815 17.565
979 86.0457 17.5389
627 86.1058 17.5144
483 86.1619 17.4915
98 83.4857 25.1426
33 80.8668 28.9229
609 78.5147 32.318
274 78.1017 32.9141
520 77.7625 33.4038
590 77.3212 34.0408
835 75.7981 36.2393
553 72.1389 41.5212
932 71.3212 42.7015
745 70.0754 43.2177
102 68.5519 43.8489
466 68.3949 43.914
323 68.2276 43.9834
195 68.0579 44.0538
425 67.8676 44.1327
670 67.663 44.2175
592 67.4549 44.3038
606 67.2118 44.4046
143 66.9768 44.502
644 66.7458 44.5978
190 66.519 44.6918
217 66.3289 44.7707
930 66.1485 44.8455
926 66.1485 44.8455
357 66.1485 44.8455
675 66.1485 44.8455
45 66.1485 44.8455
29 66.1485 44.8455
232 66.1485 44.8455
942 66.1485 44.8455
634 63.9864 44.1606
781 62.3328 43.637
821 62.1171 43.8528
978 61.4132 44.5573
377 60.7672 45.2038
314 59.9851 45.9866
485 58.9692 47.0035
70 58.2439 47.7295
945 57.449 48.5251
623 56.974 49.0005
63 56.5122 49.4627
262 56.0342 49.941
519 55.5792 50.3965
843 55.1397 50.8362
492 54.7275 51.2487
594 54.3295 51.6471
597 53.6343 52.3429
342 53.1363 52.8413
186 52.6726 53.3054
512 52.2054 53.7729
370 51.7814 54.1973
35 51.895 54.2676
396 51.9892 54.3259
281 52.0706 54.3763
875 52.1622 54.433
85 52.2555 54.4908
810 52.3406 54.5435
923 52.4222 54.594
461 52.5045 54.645
210 52.7079 54.771
793 53.0382 54.9755
472 53.3411 55.1631
558 53.7016 55.3863
842 54.2582 55.7311
117 54.2552 56.2957
293 54.2485 57.534
538 54.242 58.7474
647 54.2353 59.9781
340 54.2295 61.0613
798 54.1834 61.0704
84 54.1452 61.0779
964 54.1075 61.0854
453 54.068 61.0931
515 54.0322 61.1002
625 53.9929 61.1079
577 53.9525 61.1159
478 53.9137 61.1235
484 51.6038 61.5787
235 50.6917 61.7585
163 49.8447 61.9254
732 49.6789 61.958
676 49.5255 61.9882
779 49.3722 62.0184
523 49.2246 62.0475
286 49.0956 62.0729
765 48.9257 62.1064
101 48.7919 62.1328
56 48.6393 62.1628
365 48.5249 62.1854
134 48.5249 62.1854
175 48.5249 62.1854
576 48.5249 62.1854
683 48.5249 62.1854
533 48.5249 62.1854
632 48.5249 62.1854
804 48.4366 62.0007
161 48.3233 61.7637
498 48.2213 61.5501
617 48.0953 61.2864
104 47.9984 61.0836
54 47.8981 60.8736
30 47.801 60.6703
922 47.698 60.4545
237 47.6163 60.2834
410 47.6163 60.2833
127 47.6162 60.2832
171 47.6162 60.2832
459 47.2562 59.5242
855 46.8812 58.7338
621 46.405 57.7297
264 45.9254 56.7185
471 45.444 55.7035
216 44.9601 54.6833
188 44.2192 53.1207
522 43.2811 51.1411
7 42.1877 48.8338
862 42.0972 48.6433
809 42.0111 48.4618
276 41.8836 48.1933
844 41.7549 47.9221
870 41.6487 47.6984
619 41.5434 47.4765
155 41.4482 47.2759
194 41.3526 47.0744
49 41.2549 46.8687
66 41.1564 46.6611
529 39.4918 44.5743
917 39.4732 44.551
848 39.4549 44.528
191 39.4335 44.5012
906 39.4165 44.4798
197 39.1043 44.0883
935 38.7664 43.6645
257 38.4477 43.2648
356 38.16 42.9039
69 37.8629 42.5313
452 37.3079 41.8353
414 36.6928 41.0639
748 36.1104 40.3336
379 35.514 39.5856
566 35.0852 40.0081
692 34.6667 40.4204
989 34.2068 40.8735
679 33.7445 41.3289
706 33.2813 41.7852
790 32.8322 42.2277
913 32.1674 42.8826
535 31.6553 43.3871
37 31.2009 43.8347
655 30.7881 44.2414
403 30.4027 44.621
723 30.0699 44.9489
32 29.7423 45.2716
691 27.2326 51.4092
336 26.9905 52.0015
735 26.9905 52.0015
545 26.9905 52.0015
956 26.9905 52.0015
698 26.9905 52.0015
391 26.9905 52.0015
174 26.9905 52.0015
938 26.9905 52.0015
451 26.9905 52.0015
34 26.9905 52.0015
543 26.9905 52.0015
858 26.9906 52.0015
778 26.9906 52.0015
783 26.9906 52.0015
687 26.9906 52.0015
38 27.0756 52.0801
413 27.1612 52.159
302 27.2457 52.237
11 27.3287 52.3136
525 27.415 52.3933
603 27.5026 52.4742
908 27.5863 52.5514
475 27.6758 52.634
388 27.7708 52.7217
508 27.8682 52.8116
633 27.9605 52.8968
324 28.0584 52.9872
876 28.1665 53.087
180 28.2694 53.182
493 28.145 53.8261
688 28.0391 54.3737
269 27.9291 54.9428
147 27.8083 55.5679
79 27.6702 56.2827
912 27.5443 56.9341
891 27.4251 57.5505
89 27.29 58.2498
21 27.1333 59.0604
897 27.0642 59.4179
903 26.9962 59.7696
291 26.9324 60.0999
640 26.8797 60.3723
929 26.8252 60.6539
839 26.7663 60.9589
571 26.7023 61.2897
501 26.6471 61.5753
965 26.5948 61.8456
596 26.5446 62.1055
957 26.4988 62.3421
422 26.4522 62.5832
901 26.3992 62.8572
756 26.3469 63.1274
510 26.2918 63.4124
705 26.231 63.7267
267 26.1645 64.0709
574 26.0922 64.445
114 26.0324 64.7541
359 26.0351 64.8037
524 26.0378 64.8536
981 26.0406 64.9045
924 26.0436 64.9592
137 26.0464 65.0105
275 26.0492 65.0613
233 26.0519 65.11
733 26.0548 65.1632
266 26.0578 65.2184
630 26.0605 65.2675
587 26.0632 65.318
390 26.066 65.3679
600 26.0687 65.4187
411 26.0713 65.4662
327 26.074 65.5156
99 26.0767 65.5637
59 26.0791 65.6081
729 26.0818 65.6575
720 26.0846 65.7081
349 26.0873 65.7585
132 26.0901 65.8096
479 26.0929 65.8615
382 26.0929 65.8615
507 26.0929 65.8615
927 26.0929 65.8615
599 26.0929 65.8615
482 26.0929 65.8615
910 26.6797 70.1309
443 26.7206 70.4291
168 26.7567 70.6917
226 26.788 70.9199
689 26.8136 71.1066
788 26.837 71.277
697 26.8677 71.5007
404 26.8939 71.6916
635 26.9201 71.8829
526 26.9468 72.077
726 26.9744 72.2782
550 27.0021 72.4804
270 27.0274 72.6648
591 27.051 72.8367
806 27.0769 73.025
658 27.0987 73.1838
41 27.1218 73.3525
124 27.1419 73.4992
971 27.1612 73.6394
604 27.1832 73.7999
296 27.2057 73.964
223 27.2255 74.1079
16 27.2449 74.2498
333 27.2644 74.3915
846 27.2827 74.5248
326 27.3102 74.7251
888 27.3374 74.9236
608 27.3659 75.1309
431 27.3926 75.3258
757 27.4173 75.5056
244 27.4407 75.6762
950 27.4407 75.6762
429 27.4407 75.6762
469 27.7062 75.9482
954 27.9839 76.2326
167 28.2529 76.5081
878 28.5157 76.7772
789 28.7738 77.0415
730 29.0386 77.3127
537 29.3081 77.5888
795 29.593 77.8806
672 29.593 77.8806
638 29.593 77.8806
58 29.593 77.8806
141 30.1278 77.4969
773 30.7141 77.0762
662 31.3838 76.5958
308 32.019 76.1401
144 32.4861 75.805
350 32.8285 75.5593
645 33.1278 75.3445
225 34.226 75.9193
193 35.1931 76.4256
189 35.5308 76.6025
215 35.8601 76.775
252 36.1736 76.9392
80 36.489 77.1044
976 36.8061 77.2706
454 37.1174 77.4336
715 37.4446 77.605
872 37.8186 77.8009
895 38.209 78.0053
256 38.4169 78.1143
292 38.626 78.2238
614 38.8339 78.3327
755 39.0462 78.4439
540 39.2469 78.5491
561 39.451 78.6561
894 39.6496 78.7601
826 39.8539 78.8671
294 40.0444 78.9669
649 40.2329 79.0657
230 40.4238 79.1657
636 42.2006 79.5197
724 43.3358 79.7459
562 44.9304 80.0636
840 46.5349 80.3833
952 49.522 80.9782
408 49.7024 81.0142
582 49.8751 81.0486
9 50.0514 81.0838
671 50.2194 81.1172
343 50.3635 81.146
861 50.5262 81.1784
415 50.6905 81.2112
313 50.8508 81.2431
179 50.9721 81.2673
539 51.0915 81.2911
563 51.4681 81.3662
807 51.8751 81.4473
802 52.941 81.6596
984 54.1622 81.9029
857 54.2159 81.0102
987 54.2628 80.2303
947 54.3033 79.5579
248 54.3499 78.7837
126 54.3962 78.0129
440 54.4453 77.1989
782 54.4527 77.0742
395 54.4602 76.949
832 54.4684 76.8125
801 54.4763 76.6801
432 54.4849 76.5363
800 54.493 76.4012
847 54.5013 76.2636
109 54.5094 76.1277
513 54.517 76.0011
140 54.5243 75.8792
406 54.5323 75.7457
280 54.5411 75.5994
315 54.5503 75.4455
921 54.5591 75.2986
642 54.5679 75.152
769 54.5776 74.9901
91 54.5871 74.8316
986 54.5965 74.6754
791 54.6055 74.5248
208 54.6055 74.5248
564 54.6055 74.5248
530 54.6055 74.5248
509 54.7184 74.4883
335 54.8159 74.4568
931 54.9166 74.4242
229 55.007 74.395
245 55.0951 74.3665
94 55.3936 74.2699
173 55.7078 74.1682
887 55.9759 74.0815
743 56.2695 73.9865
112 56.6355 73.868
968 56.9891 73.7536
282 57.3542 73.6355
468 57.8998 73.4589
460 58.4653 73.2759
668 59.0312 73.0928
727 59.5686 72.9189
907 60.0443 72.7649
238 60.9061 73.321
837 61.9393 73.9878
900 62.6645 74.4558
762 62.8833 74.597
51 63.1871 74.7931
605 63.4533 74.9649
962 63.7641 75.1655
67 64.0444 75.3464
393 64.3422 75.5386
867 64.6819 75.7579
654 65.0166 75.9739
152 65.349 76.1884
297 65.4503 76.2822
904 65.5442 76.3693
622 65.6386 76.4568
18 67.094 74.5998
383 68.5042 72.8009
71 68.743 72.4958
818 68.9924 72.1775
775 69.2503 71.8481
937 69.5545 71.4597
83 69.9677 70.9321
334 70.4366 70.3336
650 70.5919 70.1353
68 70.7423 69.9432
852 70.8909 69.7534
975 71.0332 69.5717
579 71.1736 69.3924
481 71.3151 69.2117
290 71.7501 68.6563
201 72.2215 68.0545
941 72.6518 67.5052
595 72.9933 67.0691
744 73.3503 66.6134
850 73.9537 65.8432
767 74.2928 65.4102
656 77.0904 63.9943
170 80.7855 62.1239
136 80.9448 62.0433
920 81.06 61.9851
110 81.1438 61.9427
385 81.2451 61.8914
967 81.3535 61.8366
838 81.4592 61.7832
684 81.5557 61.7344
951 81.6533 61.685
583 81.6533 61.685
242 81.6533 61.685
420 81.6533 61.685
528 82.4466 62.1483
506 82.8312 62.3728
977 83.1952 62.5854
332 83.5705 62.8045
884 83.9091 63.0022
107 84.2714 63.2138
198 84.5848 63.3968
387 84.939 63.6036
497 85.55 63.9604
372 86.4654 79.5032
159 86.1684 79.9166
648 85.9473 80.2244
417 85.7388 80.5146
322 85.557 80.7677
25 85.4101 80.9722
685 85.258 81.184
660 85.1065 81.3948
204 84.9189 81.6561
450 84.7226 81.9293
311 84.0515 82.8631
889 82.707 84.7333
494 81.3321 86.6457
725 80.4026 87.9389
251 79.5021 89.1917
854 79.5021 89.1917
318 79.5021 89.1917
465 79.5021 89.1917
666 79.5021 89.1917
285 79.5021 89.1917
820 79.5021 89.1917
893 79.5021 89.1917
135 79.5021 89.1917
983 79.5021 89.1917
580 79.5021 89.1917
928 79.5021 89.1917
473 78.6137 89.2116
740 77.6118 89.2342
158 76.6032 89.2571
145 75.5534 89.2807
813 74.6073 89.302
864 73.7094 89.3221
742 72.8145 89.3422
845 71.8822 89.3632
823 70.9614 89.3839
353 70.058 89.4042
149 69.1555 89.4245
477 68.2567 89.4447
52 67.401 89.4639
620 66.5598 89.4828
185 65.7197 89.5016
544 64.9311 89.5193
42 64.1175 89.5375
817 63.2895 89.5561
464 62.4332 89.5753
177 61.5499 89.5952
911 60.6681 89.615
378 59.8176 89.6341
737 58.9621 89.6533
882 58.1062 89.6725
575 57.8085 89.6791
880 57.5142 89.6856
511 57.2311 89.6919
567 56.9781 89.6975
317 56.7195 89.7032
816 56.4521 89.7091
690 56.1815 89.7151
273 55.912 89.721
367 55.6177 89.7276
369 55.3277 89.734
856 55.036 89.7405
992 54.7402 89.747
202 54.4142 89.7542
12 54.0825 89.7616
624 53.7429 89.7691
23 53.4129 89.7765
774 53.0786 89.7839
118 52.7466 89.7912
259 52.4071 89.7988
40 52.0646 89.8064
851 51.7174 89.8141
319 51.3639 89.822
763 51.0331 89.8293
82 50.722 89.8362
940 50.4517 89.8422
896 50.1771 89.8482
584 49.9056 89.8542
618 49.5653 89.8618
344 49.2208 89.8694
980 48.7617 89.8796
434 48.2729 89.8905
536 47.6907 89.9036
532 47.1077 89.9166
181 46.5079 89.93
866 46.0687 89.9398
516 45.6385 89.9494
320 45.1912 89.9593
713 44.7403 89.9694
92 44.2788 89.9797
265 44.0186 89.9855
569 43.8308 89.9896
394 43.6458 89.9937
146 43.4677 89.9976
746 43.2921 90.0015
309 43.1104 90.0055
754 42.9357 90.0093
53 42.5569 90.0178
5 42.1886 90.0259
241 41.7849 90.0349
786 41.4013 90.0435
120 41.4013 90.0435
919 41.4013 90.0435
22 41.4013 90.0435
392 41.4013 90.0435
375 41.4013 90.0435
659 41.4013 90.0435
974 41.4013 90.0435
239 41.4013 90.0435
449 41.4013 90.0435
874 41.4013 90.0435
766 41.4013 90.0435
559 41.4013 90.0435
156 41.4013 90.0435
105 41.4013 90.0435
389 41.4013 90.0435
541 41.4013 90.0435
165 41.4013 90.0435
62 41.4012 90.0435
305 41.4012 90.0435
961 41.4012 90.0435
918 39.9431 89.9811
150 39.1058 89.9453
2 38.5166 89.9202
814 38.0078 89.8985
877 37.3698 89.8712
416 36.7433 89.8445
437 36.0656 89.8156
206 35.3417 89.7846
613 34.4081 89.7448
610 33.3909 89.7013
651 32.639 89.6691
490 32.2705 89.6534
253 31.9394 89.6393
288 31.6035 89.625
96 31.3515 89.6142
139 31.0919 89.6032
456 30.1626 89.5634
593 29.7406 89.5454
441 29.5833 89.5387
871 29.4494 89.533
753 29.3495 89.5288
808 29.2649 89.5252
631 29.1683 89.521
761 29.0735 89.517
611 28.9807 89.513
752 28.8906 89.5092
28 28.5742 89.4957
714 28.2589 89.4822
73 28.2588 89.4822
20 28.2588 89.4822
960 28.2588 89.4822
115 28.2588 89.4822
768 28.2587 89.4822
409 28.2587 89.4822
833 28.2587 89.4822
172 28.2587 89.4822
738 28.2586 89.4822
368 28.2469 89.4817
418 28.2368 89.4812
424 28.2268 89.4807
712 28.217 89.4802
76 28.2088 89.4799
448 28.2005 89.4795
129 28.1912 89.479
491 27.9431 89.4671
707 27.7262 89.4567
72 27.5053 89.4461
360 27.2744 89.435
428 27.0647 89.425
271 26.849 89.4146
36 26.6299 89.4041
231 26.4142 89.3938
183 26.1899 89.383
430 25.9676 89.3723
60 25.7497 89.3619
776 25.51 89.3504
548 25.3359 89.3421
885 24.863 89.3192
13 24.3696 89.2953
470 23.8764 89.2716
306 23.2925 89.2433
15 22.7424 89.2165
557 22.1841 89.1895
973 21.6412 89.1632
521 21.0937 89.1368
227 20.5723 89.1116
886 20.024 89.0852
933 19.4782 89.0588
916 18.953 89.0335
138 18.4255 89.008
184 17.8944 88.9824
249 17.3814 88.9577
578 16.869 88.933
859 16.2902 88.9051
50 15.7203 88.8775
44 15.1307 88.8491
696 14.5346 88.8202
236 14.0639 88.7972
495 13.4333 88.7666
200 12.8478 88.7381
17 12.1504 88.7044
88 11.5145 88.6735
304 10.9361 88.6454
750 10.3189 88.6153
890 9.72759 88.5865
75 9.69874 88.5851
240 9.67319 88.5839
447 9.64828 88.5827
803 9.62291 88.5815
678 9.59713 88.5803
759 9.57158 88.5791
868 9.54757 88.578
719 9.52368 88.5768
585 9.50011 88.5757
442 9.47763 88.5746
637 9.45247 88.5734
693 9.42753 88.5723
718 9.40214 88.571
300 9.37596 88.5698
169 9.35237 88.5687
39 9.32894 88.5676
792 9.30516 88.5664
1 9.2832 88.5654
106 9.26 88.5643
827 9.23701 88.5632
380 9.21362 88.5621
546 9.18975 88.561
905 9.16659 88.5599
955 9.14395 88.5588
301 9.12079 88.5577
695 9.09856 88.5566
969 9.07344 88.5554
711 9.05041 88.5543
435 9.02616 88.5532
554 9.00104 88.552
263 9.00104 88.552
570 9.00104 88.552
551 9.00104 88.552
426 8.96858 88.5629
953 8.93696 88.5735
568 8.90821 88.5832
364 8.8787 88.5931
988 8.8478 88.6035
213 8.85148 88.5054
914 8.86039 88.268
815 8.86941 88.0277
386 8.87814 87.795
547 8.88733 87.5503
628 8.8963 87.3114
892 8.90472 87.0869
405 8.9125 86.8798
446 8.92201 86.6266
560 8.9319 86.3629
982 8.94017 86.1427
699 8.94862 85.9176
462 8.95687 85.6978
199 8.9715 85.3081
944 8.98798 84.8691
860 9.0031 84.4663
736 9.01513 84.146
374 9.0284 83.7923
321 9.04037 83.4734
346 9.0515 83.1771
108 9.06094 82.9258
31 9.07164 82.6409
316 9.08192 82.3669
780 9.09343 82.0602
48 9.10422 81.773
153 9.11496 81.4868
657 9.12777 81.1457
830 9.13827 80.8658
433 9.14904 80.579
90 9.15953 80.2996
207 9.17077 80.0002
298 9.17807 79.8057
95 9.1845 79.6347
399 9.1918 79.4404
247 9.19957 79.2333
93 9.20908 78.9799
991 9.22022 78.6832
444 9.23011 78.4197
615 9.24116 78.1254
178 9.25251 77.8231
686 9.26488 77.4934
325 9.27512 77.2207
381 9.28725 76.8975
457 9.29529 76.6834
966 9.30396 76.4522
339 9.30396 76.4522
607 9.30396 76.4522
556 9.30396 76.4522
436 9.30396 76.4522
401 9.30396 76.4522
665 9.64936 75.2962
97 9.94037 74.3222
192 10.1926 73.478
739 10.3594 72.9195
376 10.4925 72.474
398 10.6087 72.0852
772 10.7233 71.7016
77 10.7302 71.6782
694 10.7376 71.6536
734 10.7455 71.6272
219 10.7533 71.6009
255 10.7609 71.5757
639 10.7681 71.5515
970 10.7768 71.5225
799 10.7846 71.4962
371 10.7926 71.4693
119 10.8007 71.4424
701 10.8085 71.4163
220 10.8161 71.3908
224 10.8233 71.3667
948 10.832 71.3376
162 10.8405 71.3091
361 10.8488 71.2812
400 10.8572 71.2531
502 10.866 71.2238
879 10.8745 71.1952
445 10.8828 71.1675
131 10.8924 71.1353
747 10.9008 71.1072
81 10.9084 71.0818
500 10.9153 71.0585
203 10.923 71.0328
272 11.0096 70.7429
552 11.0897 70.4748
113 11.1571 70.2492
667 11.2248 70.0223
796 11.2977 69.7784
427 11.3749 69.5198
728 11.4526 69.2598
680 11.6159 68.7129
939 11.7719 68.1907
925 11.9335 67.6499
277 12.0328 67.6483
487 12.144 67.6466
825 12.2169 67.6454
503 12.2848 67.6444
601 12.3565 67.6433
329 12.4221 67.6422
946 12.4875 67.6412
130 12.4631 66.8344
531 12.4389 66.037
3 12.4218 65.469
234 12.4049 64.9114
347 12.39 64.4182
703 12.3779 64.0147
517 12.3661 63.6243
717 12.352 63.1559
14 12.3363 62.6359
589 12.3156 61.954
338 12.2961 61.3092
196 12.2728 60.5377
972 12.2499 59.7838
100 12.2288 59.0879
677 12.2105 58.4805
218 12.1926 57.888
784 12.1754 57.3204
303 12.1569 56.7073
760 12.1393 56.1235
764 12.1204 55.5013
122 12.1003 54.8357
373 12.0976 54.3784
352 12.0949 53.9303
182 12.0924 53.4963
157 12.0899 53.0619
849 12.0884 52.8088
214 12.0869 52.528
565 12.0852 52.2408
708 12.0836 51.9533
166 12.0819 51.6588
128 12.0801 51.3525
527 12.0788 51.1179
749 12.0774 50.8777
841 12.0761 50.6423
909 12.0748 50.4113
116 12.0735 50.1816
46 12.0768 48.4793
47 12.0783 47.7303
283 12.0801 46.766
700 12.0814 46.0965
770 12.0825 45.5549
312 12.0835 45.0299
985 12.0845 44.5036
78 12.0852 44.1427
936 12.0859 43.795
652 12.0867 43.3584
499 12.0876 42.9149
279 12.0877 42.8641
805 12.0878 42.8012
505 12.0879 42.7326
990 12.0881 42.6584
384 12.0882 42.5911
758 12.0883 42.5289
222 12.0884 42.4604
534 12.0886 42.3915
142 12.0887 42.3208
731 12.0889 42.2129
616 12.0891 42.1109
154 12.0893 42.0147
123 12.0895 41.9128
863 12.0897 41.812
228 12.0899 41.7148
489 12.0901 41.6211
476 12.0903 41.5175
949 12.0905 41.416
663 12.0907 41.3122
463 12.0909 41.2118
771 12.0911 41.1064
542 12.0913 41.0018
797 12.0915 40.887
496 12.0917 40.7679
57 12.0919 40.6475
341 12.0922 40.5151
148 12.0925 40.3718
10 12.0928 40.226
328 12.093 40.0839
330 12.1711 37.1278
514 12.2646 33.6122
898 12.3424 30.6724
958 12.3438 30.6152
212 12.3454 30.5558
86 12.3483 30.4445
87 12.3511 30.3362
74 12.3541 30.2221
943 12.3568 30.116
661 12.3597 30.0042
268 12.3625 29.8976
423 12.3652 29.7921
4 12.3776 29.3206
741 12.3892 28.8761
121 12.3996 28.4773
829 12.4107 28.0518
125 12.4242 27.5374
588 12.445 26.7448
572 12.4571 26.2819
299 12.4693 25.8175
455 12.4813 25.3573
331 12.4931 24.9073
710 12.5047 24.4638
673 12.5165 24.0109
836 12.5284 23.5581
254 12.5408 23.0864
366 12.5515 22.6759
474 12.5611 22.3093
439 12.5707 21.9398
133 12.5787 21.6344
794 12.5873 21.3047
258 12.6235 19.9328
702 12.6684 18.2361
722 12.7225 16.19
348 12.7225 16.19
211 12.7225 16.19
412 12.7225 16.19
674 12.7225 16.19
629 12.7225 16.19
187 12.7225 16.19
61 12.8033 15.9414
963 12.8887 15.6787
402 13.0449 15.1984
812 13.2187 14.6638
881 13.6169 14.6333
646 14.0347 14.6014
682 14.8842 14.5364
362 15.9145 14.4575
8 19.4706 14.1847
488 22.7809 13.9308
287 28.2659 13.5095
363 29.9769 13.3785
704 31.5043 13.2615
518 32.8856 13.1557
310 31.5764 17.0871
641 30.1365 21.4104
899 30.1365 21.4104
307 30.1365 21.4104
669 30.1365 21.4104
822 30.1365 21.4104
351 30.1365 21.4104
643 30.1365 21.4104
64 30.1365 21.4104
883 30.1365 21.4104
573 30.1365 21.4104
337 30.1365 21.4104
407 30.1365 21.4104
246 30.2442 22.3359
709 30.365 23.3752
221 30.4819 24.3796
160 30.5872 25.2848
278 30.6742 26.0328
869 30.7506 26.6897
26 30.8153 27.2451
151 30.9175 28.124
205 30.9447 28.3577
902 30.9686 28.5627
915 31.0307 29.0969
602 31.0978 29.6732
284 31.1701 30.2951
486 31.2954 31.3723
664 31.4197 32.4409
65 31.5093 33.2105
438 31.5714 33.5481
354 31.5727 33.5475
397 31.5738 33.5471
549 32.0462 33.3641
811 32.5445 33.171
612 33.0692 32.9677
480 33.7619 32.6993
626 34.4583 32.4295
787 35.1067 32.2758
824 35.8067 32.1099
111 37.1743 31.786
467 38.2867 31.5224
834 39.3289 31.2755
586 40.429 31.0149
261 41.5325 30.7535
19 42.6688 30.4843
250 43.5387 30.2781
421 44.3323 30.0901
653 45.1676 29.8922
751 46.3726 30.0287
716 47.2896 30.1327
6 47.8822 30.1999
355 48.1463 30.2299
289 48.3755 30.2559
785 48.6165 30.2833
209 48.8555 30.3105
828 49.1046 30.3388
458 49.3174 30.3629
934 49.513 30.3852
873 49.73 30.4098
853 49.941 30.4338
55 50.4833 30.4954
865 50.9981 30.5538
164 51.5157 30.6125
419 52.0416 30.6722
27 52.6032 30.7359
555 53.1262 30.7953
681 53.6634 30.8562
358 54.1953 30.9165
43 54.6328 30.9662
598 59.0397 25.3205
831 60.5161 23.4287
581 62.4311 20.9748
959 64.031 18.9246
103 66.6961 15.51
819 67.3949 15.7459
721 68.1502 16.0009
777 68.8584 16.24
295 69.8473 16.5738
24 70.951 16.9464
176 72.1933 17.3657
504 74.5775 18.1703
