0,483,243,979,627,260,345,176,24,504,295,598,581,777,819,959,103,721,781,831,19,518,284,363,337,787,351,669,111,653,704,160,64,407,709,287,261,467,573,883,26,254,643,246,602,834,379,310,486,439,474,869,824,829,221,943,354,899,307,915,702,902,626,822,205,278,211,629,881,488,61,348,412,366,8,682,722,646,187,812,898,963,673,268,588,641,674,258,133,362,455,985,836,572,661,331,299,4,514,741,86,710,794,402,74,475,10,32,949,121,65,438,652,723,797,858,330,312,700,123,384,841,958,731,46,87,499,328,212,154,128,142,476,496,663,78,489,505,182,542,373,463,57,100,565,972,534,589,764,352,677,925,527,214,760,192,116,157,909,303,222,47,936,708,849,531,747,122,166,218,691,805,543,423,616,990,863,283,341,770,228,749,148,771,279,11,59,125,758,981,391,174,698,938,655,956,510,233,422,705,735,601,382,756,81,507,482,411,908,349,891,688,324,965,390,645,451,733,901,267,599,79,89,640,633,237,522,127,210,876,194,37,403,748,413,508,388,397,545,414,989,783,269,913,687,566,535,912,729,765,929,302,7,706,493,839,525,603,38,452,180,809,512,49,848,664,619,155,778,862,679,549,612,917,692,151,529,811,191,147,586,356,934,978,480,209,853,785,935,289,250,421,828,55,681,716,751,257,865,790,873,164,555,6,930,66,27,458,355,43,870,197,217,419,314,875,634,377,262,85,286,69,906,842,485,276,594,63,519,844,323,644,606,926,357,143,675,821,609,232,358,70,466,45,553,595,173,67,962,900,654,334,110,290,340,867,942,117,515,460,509,440,208,668,190,293,478,385,656,420,201,579,383,975,852,650,393,152,51,904,35,538,850,810,767,396,68,762,647,923,964,453,238,342,472,597,922,370,461,623,498,843,945,492,104,907,605,109,84,282,798,161,621,523,264,281,625,216,743,188,235,186,987,410,577,715,804,513,484,365,968,582,468,558,91,793,986,175,471,683,533,54,732,617,921,724,112,576,308,779,791,163,101,359,171,225,30,957,788,291,137,501,537,524,329,630,114,361,726,503,502,927,34,772,552,526,946,275,587,897,124,266,950,99,454,888,604,574,878,789,730,571,635,600,701,113,429,608,479,130,398,327,924,680,846,971,220,184,903,591,720,427,551,339,400,162,132,376,784,371,336,272,734,338,879,948,517,255,381,966,607,77,970,717,500,131,703,196,739,234,799,665,939,556,14,445,347,31,346,119,657,457,97,219,3,905,667,277,914,803,263,446,719,304,637,48,568,224,686,444,890,433,728,560,326,615,796,792,95,570,321,639,554,694,298,892,93,780,244,207,75,991,830,240,944,712,759,374,178,203,88,736,325,153,495,300,628,955,718,436,860,90,678,1,213,462,316,364,547,711,868,699,39,585,969,169,447,953,401,199,546,815,108,988,426,435,301,693,442,982,827,106,200,380,456,557,885,13,973,138,696,431,750,368,399,469,17,227,386,933,236,405,714,183,360,15,768,776,593,247,753,50,441,578,695,757,333,16,521,306,73,36,610,859,491,490,871,296,658,249,443,44,886,58,954,916,825,168,487,409,115,448,424,120,256,833,974,613,22,470,253,697,773,76,150,28,651,611,550,738,41,60,167,418,288,761,918,96,795,231,866,672,430,20,92,631,960,638,129,755,786,82,530,206,437,814,146,141,230,766,394,165,408,569,874,271,707,392,428,305,139,808,53,752,559,265,877,309,181,539,292,389,713,516,156,72,548,840,320,215,193,562,894,134,806,872,252,189,561,294,662,80,564,910,144,676,614,596,689,350,649,21,459,861,919,226,404,540,2,976,659,223,807,270,56,855,782,94,126,826,671,313,642,343,369,636,947,618,857,245,315,9,800,769,880,280,140,940,248,378,395,172,12,179,961,774,887,575,532,763,980,241,5,449,375,239,416,344,434,23,882,105,541,816,62,536,544,202,624,746,406,754,367,511,317,118,802,319,952,415,563,632,895,744,847,18,837,775,818,432,832,801,229,335,727,845,297,813,83,937,481,71,622,273,737,620,823,145,52,464,854,666,690,567,992,177,817,185,931,149,896,259,856,851,984,40,584,911,42,477,135,353,494,465,864,159,648,417,740,322,725,473,742,285,820,580,983,158,251,893,318,928,25,889,685,372,528,204,450,660,311,951,838,332,684,506,107,884,170,136,920,195,497,592,967,198,102,941,583,29,670,425,387,242,977,932,274,835,745,520,33,590,98,
value : 479.478 running time : 47.350912
0 80 20
483 84.3401 15.2891
243 84.3401 15.2891
979 84.3401 15.2891
627 84.3401 15.2891
260 84.0019 15.296
345 83.6924 15.3023
176 74.7608 15.4846
24 73.0342 15.5199
504 71.8079 15.5449
295 70.7071 15.5674
598 69.7924 15.5861
581 68.8845 15.6046
777 68.0773 15.6211
819 67.3612 15.6357
959 66.7265 15.6487
103 66.1473 15.6605
721 64.9713 16.2542
781 55.1944 21.1904
831 53.2258 22.1843
19 50.7325 23.4432
518 41.0282 17.6977
284 36.7547 19.0903
363 36.4315 19.1956
337 36.1063 19.3016
787 35.7485 19.4182
351 35.4519 19.5149
669 35.1359 19.6178
111 34.9189 19.6885
653 34.6971 19.7608
704 34.4252 19.8494
160 34.1548 19.9376
64 33.8882 20.0244
407 33.6489 20.1024
709 33.3719 20.1927
287 33.1266 20.2726
261 32.8497 20.3629
467 32.5586 20.4577
573 32.223 20.5671
883 31.8603 20.6853
26 31.489 20.8063
254 31.0363 20.9538
643 30.6815 21.0694
246 30.3588 21.1746
602 30.0287 21.2822
834 29.7588 21.3701
379 29.4127 21.4829
310 29.0353 21.6059
486 28.45 21.7966
439 28.0494 21.9272
474 27.6415 22.0601
869 27.3155 22.1664
824 27.0074 22.2668
829 26.6721 22.376
221 26.4663 22.4431
943 26.2385 22.5173
354 26.0456 22.5802
899 25.8457 22.6453
307 25.6524 22.7083
915 25.4469 22.7753
702 25.2505 22.8393
902 25.0476 22.9054
626 24.8634 22.9655
822 24.6633 23.0306
205 24.4106 23.113
278 23.8991 22.8068
211 17.7186 19.1076
629 15.2058 17.6034
881 14.5453 17.2081
488 14.1243 16.956
61 13.6947 16.6989
348 13.4842 16.5729
412 13.2583 16.4377
366 13.0477 16.3117
8 12.8262 16.179
682 12.5802 16.0318
722 12.3316 15.883
646 12.161 15.7809
187 11.9945 15.6812
812 11.8501 15.5948
898 12.1293 26.7204
963 12.1293 26.7204
673 12.1293 26.7204
268 12.1293 26.7204
588 12.1293 26.7204
641 12.1293 26.7204
674 12.1293 26.7204
258 12.1512 26.8687
133 12.173 27.0159
362 12.1915 27.1411
455 12.2386 27.4599
985 12.29 27.8071
836 12.3332 28.0995
572 12.3767 28.393
661 12.42 28.686
331 12.4655 28.994
299 12.514 29.3215
4 12.5637 29.658
514 12.6153 30.0064
741 12.6628 30.3278
86 12.7246 30.7457
710 12.7869 31.1668
794 12.8516 31.6042
402 12.9338 32.1603
74 13.055 32.9795
475 13.9126 38.7765
10 13.9505 39.033
32 13.9881 39.2876
949 14.0259 39.543
121 14.058 39.7599
65 14.1205 40.1828
438 14.1939 40.6786
652 13.9757 40.9314
723 13.8128 41.1202
797 13.6167 41.3475
858 13.4186 41.577
330 13.2248 41.8017
312 13.0587 41.9941
700 12.91 42.1664
123 12.7333 42.3711
384 12.5635 42.568
841 12.3928 42.7657
958 12.234 42.9499
731 12.0712 43.1384
46 11.9106 43.3246
87 11.7565 43.5031
499 11.5644 43.7258
328 11.413 43.9012
212 11.4249 44.2436
154 11.4375 44.6048
128 11.4493 44.9417
142 11.4603 45.2579
476 11.4699 45.5341
496 11.4803 45.833
663 11.4903 46.1186
78 11.5007 46.4184
489 11.5124 46.753
505 11.5236 47.0756
182 11.5343 47.3812
542 11.5446 47.6789
373 11.5547 47.9693
463 11.5648 48.2568
57 11.5754 48.5629
100 11.5863 48.875
565 11.5973 49.1902
972 11.6069 49.4665
534 11.6162 49.7334
589 11.6271 50.0463
764 11.6363 50.3094
352 11.6439 50.5297
677 11.6527 50.7798
925 11.6609 51.0163
527 11.6685 51.235
214 11.6767 51.4695
760 11.6855 51.7216
192 11.6934 51.9506
116 11.6934 51.9506
157 11.6934 51.9506
909 11.6934 51.9506
303 11.6934 51.9506
222 11.6934 51.9506
47 11.6934 51.9506
936 11.6934 51.9506
708 11.6934 51.9506
849 11.6934 51.9506
531 11.6934 51.9506
747 11.6934 51.9506
122 11.6934 51.9506
166 12.174 51.5393
218 12.7646 51.0338
691 13.462 50.4368
805 14.1859 49.8172
543 14.9921 49.127
423 15.1117 49.0247
616 15.2313 48.9223
990 15.3519 48.8191
863 15.4677 48.7199
283 15.5897 48.6155
341 15.7414 48.5698
770 15.9045 48.5206
228 16.071 48.4703
749 16.2257 48.4237
148 16.4221 48.3645
771 16.599 48.3111
279 16.7703 48.2595
11 16.967 48.2002
59 17.1023 48.1594
125 17.1023 48.1594
758 17.3166 48.7557
981 17.528 49.3438
391 17.6787 49.7632
174 17.8305 50.1855
698 17.9877 50.6227
938 18.142 51.052
655 18.2851 51.4503
956 18.4999 52.0478
510 18.6968 52.5957
233 18.8688 53.0743
422 19.0301 53.5231
705 19.194 53.9792
735 19.3563 54.4307
601 19.5152 54.8727
382 19.6105 55.1379
756 19.7013 55.3904
81 19.7984 55.6607
507 19.876 55.8765
482 19.9576 56.1034
411 20.5256 55.9831
908 21.1838 55.8437
349 21.781 55.7172
891 22.3827 55.5898
688 22.6981 55.523
324 22.9884 55.4615
965 23.2874 55.3982
390 24.0439 55.1137
645 24.6821 54.8736
451 25.081 54.7236
733 25.5418 54.5503
901 26.0125 54.3733
267 26.4981 54.1906
599 26.9589 54.0173
79 27.4534 53.8314
89 28.0069 53.6232
640 28.5048 53.436
633 29.0245 53.2405
237 29.6414 53.0084
522 30.1793 52.8061
127 30.595 52.6498
210 30.9662 52.5102
876 31.2534 52.4022
194 31.554 52.2891
37 31.554 52.2891
403 31.554 52.2891
748 31.554 52.2891
413 31.554 52.2891
508 31.554 52.2891
388 31.554 52.2891
397 31.554 52.2891
545 31.554 52.2891
414 31.554 52.2891
989 31.554 52.2891
783 31.554 52.2891
269 31.554 52.2891
913 31.554 52.2891
687 31.554 52.2891
566 31.554 52.2891
535 31.554 52.2891
912 31.554 52.2891
729 31.554 52.2891
765 31.554 52.2891
929 31.7325 51.6883
302 31.933 51.0136
7 32.1269 50.3611
706 32.204 50.1015
493 32.2689 49.8831
839 32.3553 49.5924
525 32.4547 49.2581
603 32.5454 48.9528
38 32.6457 48.6153
452 32.7363 48.3103
180 32.7586 48.2352
809 32.7806 48.1612
512 33.2315 46.6433
49 33.6242 45.3214
848 34.0651 43.8372
664 34.0627 43.5908
619 34.0606 43.3763
155 34.0585 43.1558
778 34.0563 42.93
862 34.0537 42.6685
679 34.0512 42.4055
549 34.0487 42.15
612 34.0466 41.9348
917 34.552 41.703
692 34.9987 41.4981
151 35.3923 41.3176
529 35.8235 41.1198
811 36.2532 40.9227
191 36.7449 40.6972
147 37.1679 40.5031
586 40.6902 38.8875
356 43.2159 37.7289
934 46.7536 36.1063
978 49.0967 35.0312
480 49.1204 35.0203
209 49.1498 35.0068
853 49.1754 34.995
785 49.2035 34.9822
935 49.2278 34.971
289 49.2534 34.9593
250 49.2792 34.9474
421 49.3052 34.9355
828 49.335 34.9219
55 49.3598 34.9105
681 49.3844 34.8992
716 49.4084 34.8882
751 49.4338 34.8765
257 49.4566 34.8661
865 49.4825 34.8542
790 49.5065 34.8432
873 49.5348 34.8302
164 49.5612 34.8181
555 49.5878 34.8059
6 49.6149 34.7934
930 49.6379 34.7829
66 49.6607 34.7725
27 49.6856 34.761
458 49.7093 34.7502
355 49.7333 34.7392
43 49.7574 34.7281
870 49.7574 34.7281
197 49.7574 34.7281
217 49.7574 34.7281
419 49.7574 34.7281
314 53.1595 39.349
875 54.0434 40.5493
634 54.8524 41.648
377 55.6825 42.7754
262 56.5754 43.988
85 57.3902 45.0946
286 57.9764 45.8908
69 58.1428 45.799
906 58.3181 45.7024
842 58.4864 45.6096
485 58.6371 45.5265
276 58.7853 45.4447
594 58.9758 45.3397
63 59.1431 45.2474
519 59.3168 45.1517
844 59.5196 45.0398
323 59.7551 44.91
644 59.9244 44.8166
606 60.1012 44.7191
926 60.2713 44.6253
357 60.4446 44.5298
143 60.6199 44.4331
675 60.7995 44.3341
821 60.9855 44.2315
609 64.1114 47.5373
232 64.1629 47.8021
358 64.2105 48.0463
70 64.2763 48.3844
466 64.3302 48.6612
45 64.3943 48.9904
553 65.1163 52.698
595 65.8739 56.5885
173 66.2859 58.7045
67 66.4377 59.4839
962 66.5774 60.2014
900 66.6675 60.6638
654 66.7406 61.0393
334 66.7605 61.1415
110 66.784 61.262
290 66.8077 61.3838
340 66.8285 61.4909
867 66.8493 61.5975
942 66.8678 61.6928
117 66.8868 61.79
515 67.2358 63.5827
460 67.599 65.4479
509 67.599 65.4479
440 67.599 65.4479
208 67.599 65.4479
668 67.599 65.4479
190 67.599 65.4479
293 67.599 65.4479
478 67.599 65.4479
385 67.599 65.4479
656 67.4488 65.4028
420 67.3063 65.3601
201 67.1783 65.3218
579 67.0454 65.282
383 66.9097 65.2413
975 66.7429 65.1913
852 66.5726 65.1403
650 66.3871 65.0847
393 66.2136 65.0327
152 66.0615 64.9871
51 65.8878 64.9351
904 65.7016 64.8793
35 65.5094 64.8217
538 65.352 64.7745
850 65.2054 64.7306
810 63.3193 64.1654
767 62.0252 63.7777
396 60.4842 63.3159
68 59.4427 63.0037
762 58.1349 62.6119
647 56.8587 62.2294
923 55.2786 61.7559
964 54.3536 61.4787
453 53.3501 61.178
238 52.3818 60.8879
342 49.0632 59.8936
472 48.5461 59.7386
597 48.4252 59.7024
922 48.2988 59.6645
370 48.2988 59.6645
461 48.2988 59.6645
623 48.2988 59.6645
498 48.3694 59.8334
843 48.4336 59.987
945 48.5058 60.1596
492 48.5886 60.3576
104 48.7286 60.6923
907 49.874 63.4306
605 49.8787 63.5669
109 49.8832 63.6975
84 49.8871 63.81
282 49.8911 63.926
798 49.8952 64.0433
161 49.8994 64.1651
621 49.9035 64.2827
523 49.9083 64.4217
264 49.9123 64.5372
281 49.9165 64.6593
625 49.9212 64.794
216 49.9258 64.9267
743 49.9303 65.0556
188 49.9345 65.1776
235 49.9397 65.3266
186 49.944 65.4522
987 49.9516 65.6725
410 49.6813 65.7068
577 49.4583 65.7352
715 49.1908 65.7692
804 48.9702 65.7972
513 48.766 65.8231
484 48.5527 65.8502
365 48.3376 65.8776
968 48.1937 65.8959
582 48.0327 65.9163
468 47.8563 65.9387
558 47.6688 65.9626
91 47.4995 65.9841
793 47.3239 66.0064
986 47.1277 66.0313
175 46.9152 66.0583
471 46.7419 66.0803
683 46.5652 66.1028
533 46.3893 66.1251
54 46.213 66.1476
732 46.0525 66.1679
617 45.9068 66.1865
921 45.7388 66.2078
724 45.5407 66.233
112 45.398 66.2511
576 45.0198 66.2992
308 44.6419 66.3472
779 44.3651 66.3823
791 44.09 66.4173
163 43.7013 66.4667
101 43.3781 66.5077
359 40.4988 66.8736
171 39.143 67.0458
225 37.7833 67.2186
30 36.2169 67.4175
957 34.4525 67.6417
788 33.1974 67.8012
291 32.1257 67.9373
137 30.737 68.1137
501 29.2413 68.3038
537 27.7262 68.4963
524 26.3102 68.6762
329 25.5131 68.7774
630 24.7658 68.8724
114 24.2298 68.9405
361 23.8873 68.984
726 23.5456 69.0274
503 23.1765 69.0743
502 23.1765 69.0743
927 23.1765 69.0743
34 23.1765 69.0743
772 23.1765 69.0743
552 23.1765 69.0743
526 23.1765 69.0743
946 23.1765 69.0743
275 23.1765 69.0743
587 23.1765 69.0743
897 23.1765 69.0743
124 23.1765 69.0743
266 23.107 69.0571
950 23.0381 69.0401
99 22.973 69.0241
454 22.9129 69.0093
888 22.8429 68.992
604 22.7785 68.9761
574 22.7124 68.9598
878 22.6481 68.9439
789 22.5776 68.9265
730 22.5121 68.9103
571 22.4433 68.8934
635 22.3699 68.8752
600 22.2989 68.8577
701 22.2276 68.8401
113 22.1572 68.8227
429 22.0886 68.8058
608 22.0272 68.7907
479 21.878 68.7538
130 21.7237 68.7158
398 21.58 68.6803
327 21.4495 68.6481
924 21.3017 68.6116
680 21.1499 68.5741
846 21.0148 68.5408
971 20.876 68.5065
220 20.7262 68.4696
184 20.5884 68.4356
903 20.4687 68.406
591 20.3362 68.3733
720 19.0485 68.0555
427 17.374 67.6423
551 17.0543 67.5634
339 16.739 67.4856
400 16.3713 67.3948
162 16.0175 67.3075
132 15.678 67.2238
376 15.2723 67.1237
784 14.9035 67.0326
371 14.5546 66.9465
336 14.5546 66.9465
272 14.2452 67.1407
734 13.9187 67.3456
338 13.6564 67.5102
879 13.3916 67.6764
948 13.1227 67.8452
517 12.8494 68.0167
255 12.6082 68.1681
381 12.3696 68.3178
966 12.1908 68.43
607 12.1395 68.4622
77 12.0889 68.494
970 12.0407 68.5242
717 11.9877 68.5575
500 11.9415 68.5865
131 11.8923 68.6174
703 11.8412 68.6495
196 11.7902 68.6815
739 11.7361 68.7154
234 11.6745 68.7541
799 11.6183 68.7894
665 11.5656 68.8224
939 11.5117 68.8562
556 11.4636 68.8865
14 11.413 68.9182
445 11.3612 68.9507
347 11.3118 68.9817
31 11.037 70.7731
346 10.9436 71.3824
119 10.8565 71.9511
657 10.7602 72.5791
457 10.6675 73.1838
97 10.5834 73.7328
219 10.4915 74.3321
3 10.3889 75.0015
905 10.2295 76.0407
667 10.1163 76.7794
277 9.96463 77.7688
914 9.69508 79.526
803 9.67457 79.6598
263 9.6565 79.7776
446 9.63929 79.8899
719 9.6225 79.9995
304 9.60458 80.1163
637 9.59421 80.1839
48 9.58432 80.2484
568 9.57276 80.3238
224 9.57276 80.3238
686 9.57276 80.3238
444 9.57276 80.3238
890 9.57276 80.3238
433 9.57276 80.3238
728 9.57276 80.3238
560 9.57276 80.3238
326 9.57276 80.3238
615 9.57276 80.3238
796 9.57276 80.3238
792 9.57276 80.3238
95 9.57276 80.3238
570 9.57276 80.3238
321 9.57276 80.3238
639 9.57276 80.3238
554 9.57276 80.3238
694 9.57276 80.3238
298 9.57293 80.3564
892 9.57312 80.3929
93 9.57329 80.4263
780 9.57344 80.4557
244 9.57359 80.4859
207 9.57373 80.513
75 9.57706 81.1545
991 9.58013 81.7519
830 9.58354 82.411
240 9.58704 83.0863
944 9.59059 83.7725
712 9.59417 84.461
759 9.59505 84.6353
374 9.59596 84.8154
178 9.59703 85.0236
203 9.59809 85.232
88 9.59914 85.4376
736 9.60028 85.6613
325 9.60133 85.867
153 9.60246 86.0874
495 9.60351 86.2945
300 9.60455 86.4989
628 9.60559 86.7029
955 9.6066 86.9012
718 9.60772 87.1206
436 9.60872 87.3181
860 9.60974 87.519
90 9.61137 87.836
678 9.61352 88.2547
1 9.61536 88.6137
213 9.61723 88.9791
462 9.61729 88.9915
316 9.61736 89.0043
364 9.61743 89.0181
547 9.6175 89.032
711 9.61757 89.0462
868 9.61764 89.0597
699 9.61771 89.0718
39 9.61778 89.0864
585 9.61785 89.0997
969 9.61791 89.1121
169 9.61798 89.1243
447 9.61805 89.1378
953 9.61812 89.1512
401 9.61818 89.164
199 9.61825 89.1771
546 9.61831 89.1891
815 9.61838 89.2024
108 9.61845 89.2163
988 9.61853 89.2311
426 9.90909 89.1972
435 10.1803 89.1656
301 10.4941 89.129
693 10.804 89.0929
442 11.1178 89.0563
982 11.4089 89.0223
827 11.693 88.9892
106 12.0158 88.9516
200 12.3714 88.9101
380 12.7413 88.867
456 13.4769 88.7813
557 13.5944 88.7676
885 13.7211 88.7528
13 13.8221 88.741
973 13.9245 88.7291
138 14.0324 88.7165
696 14.1588 88.7017
431 14.2609 88.6898
750 14.3518 88.6792
368 14.4747 88.6649
399 14.579 88.6527
469 14.6947 88.6392
17 14.798 88.6272
227 14.9029 88.6149
386 15.0054 88.603
933 15.1108 88.5907
236 15.2044 88.5798
405 15.3057 88.568
714 20.5641 87.9562
183 20.6103 87.9508
360 20.6551 87.9457
15 20.7016 87.9403
768 20.7502 87.9346
776 20.8001 87.9288
593 20.8531 87.9227
247 20.9026 87.9169
753 20.9596 87.9103
50 21.0145 87.9039
441 21.0707 87.8974
578 21.1222 87.8914
695 21.1751 87.8852
757 21.2306 87.8788
333 21.2852 87.8724
16 21.341 87.8659
521 21.3972 87.8594
306 21.4575 87.8524
73 21.5166 87.8455
36 21.5747 87.8388
610 21.6331 87.832
859 21.6901 87.8253
491 21.7482 87.8186
490 21.8082 87.8116
871 21.8689 87.8045
296 21.9298 87.7974
658 21.9857 87.791
249 22.1095 87.8265
443 22.2312 87.8614
44 22.3639 87.8995
886 22.4792 87.9326
58 22.6062 87.969
954 22.7331 88.0054
916 22.8393 88.0359
825 22.9475 88.0669
168 23.116 88.1153
487 23.4388 88.2079
409 24.7052 88.5711
115 25.8814 88.9086
448 28.3082 89.6048
424 28.5797 89.6826
120 28.9433 89.7869
256 29.2852 89.885
833 29.5888 89.9721
974 30.0012 90.0904
613 29.9987 90.0003
22 29.996 89.9009
470 29.9933 89.7998
253 29.9904 89.693
697 29.9876 89.5906
773 29.9855 89.5103
76 29.9833 89.4293
150 29.9812 89.3533
28 29.979 89.2731
651 29.9765 89.1802
611 29.9741 89.0896
550 29.9713 88.9874
738 30.285 89.1021
41 30.4821 89.1743
60 30.7154 89.2596
167 30.957 89.348
418 31.1989 89.4365
288 31.4545 89.53
761 31.7592 89.6415
918 32.0638 89.7529
96 32.3618 89.8619
795 32.6568 89.9699
231 32.9596 90.0806
866 33.2701 90.1942
672 33.2701 90.1942
430 33.2701 90.1942
20 33.5761 90.1179
92 33.9055 90.0358
631 34.2167 89.9581
960 35.0208 89.7576
638 36.0511 89.5005
129 37.1763 89.2198
755 38.2397 88.9545
786 38.2397 88.9545
82 38.2397 88.9545
530 38.2397 88.9545
206 38.2397 88.9545
437 38.2397 88.9545
814 38.2397 88.9545
146 38.2397 88.9545
141 38.2397 88.9545
230 38.2397 88.9545
766 38.2397 88.9545
394 38.2397 88.9545
165 38.2397 88.9545
408 38.2397 88.9545
569 38.2397 88.9545
874 38.2397 88.9545
271 38.2624 88.8932
707 38.2844 88.8338
392 38.3063 88.7745
428 38.3274 88.7175
305 38.3477 88.6627
139 38.3665 88.6117
808 38.3882 88.5532
53 38.4096 88.4954
752 38.4305 88.4389
559 38.4525 88.3794
265 38.4833 88.2962
877 38.516 88.2079
309 38.5456 88.1279
181 38.5752 88.0481
539 38.6097 87.9548
292 38.6426 87.8659
389 38.6693 87.7938
713 38.6989 87.7138
516 38.7297 87.6308
156 38.7615 87.5449
72 38.9971 86.9083
548 39.2709 86.1685
840 39.5793 85.3352
320 39.8724 84.5431
215 40.1614 83.7623
193 40.4519 82.9773
562 40.7319 82.2209
894 41.0026 81.4893
134 41.1859 80.9942
806 41.3224 80.6254
872 41.4764 80.2094
252 41.6389 79.7704
189 41.7953 79.3478
561 41.9581 78.9079
294 42.1218 78.4657
662 42.2809 78.036
80 42.4476 77.5855
564 42.6006 77.1722
910 42.761 76.7389
144 42.9125 76.3295
676 43.0693 75.9058
614 43.0693 75.9058
596 43.0693 75.9058
689 43.0693 75.9058
350 43.0693 75.9058
649 43.0693 75.9058
21 43.0693 75.9058
459 43.0962 76.2187
861 43.1414 76.7418
919 43.1815 77.2068
226 43.1829 77.2235
404 43.1844 77.2402
540 43.186 77.2589
2 43.1877 77.2793
976 43.1877 77.2793
659 43.1877 77.2793
223 43.1877 77.2793
807 43.1877 77.2793
270 43.1877 77.2793
56 43.1877 77.2793
855 43.6908 77.7032
782 44.7499 78.596
94 45.6306 79.3383
126 46.4546 80.0327
826 47.2405 80.6951
671 48.0468 81.3747
313 48.5741 81.8191
642 48.6722 81.9017
343 48.7808 81.9933
369 48.8921 82.0871
636 48.9939 82.1729
947 49.106 82.2674
618 49.2165 82.3605
857 49.3111 82.4402
245 49.4155 82.5282
315 49.5136 82.6109
9 49.6136 82.6952
800 49.7135 82.7794
769 49.8127 82.863
880 49.9185 82.9522
280 50.022 83.0394
140 50.1225 83.1241
940 50.2213 83.2073
248 50.3229 83.293
378 50.4513 83.4012
395 50.3849 83.5347
172 48.7472 86.8257
12 48.9935 87.0701
179 49.2145 87.2893
961 49.4458 87.5187
774 49.4919 87.5644
887 49.5379 87.6101
575 49.5862 87.658
532 49.6344 87.7058
763 49.6791 87.7501
980 49.7274 87.798
241 49.7661 87.8364
5 50.2665 88.3328
449 50.5289 88.3498
375 50.869 88.3717
239 51.2426 88.3959
416 51.6182 88.4202
344 52.1672 88.4556
434 52.4875 88.4763
23 52.7853 88.4956
882 53.0437 88.5122
105 53.2891 88.5281
541 53.6073 88.5486
816 54.7184 88.6204
62 55.6851 88.6828
536 56.7649 88.7526
544 58.3455 88.8547
202 58.3455 88.8547
624 58.3455 88.8547
746 58.3455 88.8547
406 58.3455 88.8547
754 58.3455 88.8547
367 58.3455 88.8547
511 58.3455 88.8547
317 58.0702 87.7061
118 57.7924 86.5473
802 57.495 85.3066
319 57.4342 85.0531
952 57.3806 84.8297
415 57.3198 84.576
563 57.2544 84.3033
632 57.413 84.2714
895 58.471 84.0586
744 60.987 83.5525
847 61.7166 83.4057
18 62.4117 83.2659
837 63.1433 83.1187
775 63.1602 83.1153
818 63.1765 83.112
432 63.1765 83.112
832 63.1737 83.1955
801 63.1709 83.2796
229 63.1682 83.3598
335 63.1655 83.4391
727 63.1631 83.5104
845 63.153 83.8077
297 63.1442 84.0691
813 63.1355 84.3274
83 63.1278 84.5533
937 63.1191 84.8119
481 63.1102 85.0731
71 63.1011 85.3421
622 63.0904 85.6587
273 63.0799 85.9692
737 63.0703 86.2557
620 63.062 86.5002
823 63.057 86.6471
145 63.0517 86.8032
52 63.0458 86.9767
464 63.0406 87.1311
854 63.0355 87.2827
666 63.0327 87.3639
690 63.0299 87.4469
567 63.0272 87.5278
992 63.0243 87.6123
177 63.0216 87.6924
817 63.0188 87.7749
185 63.0161 87.8553
931 63.0136 87.9289
149 63.0106 88.0186
896 63.0106 88.0186
259 63.0491 88.0194
856 63.0864 88.0202
851 63.1245 88.021
984 63.1644 88.0219
40 63.2001 88.0226
584 63.2384 88.0235
911 63.2793 88.0243
42 66.0226 88.0834
477 68.8567 88.1444
135 75.119 88.2791
353 75.2885 88.2828
494 75.4635 88.2865
465 75.6227 88.29
864 75.8084 88.294
159 75.9913 88.2979
648 76.1697 88.3017
417 76.3324 88.3052
740 76.5172 88.3092
322 76.6967 88.3131
725 76.858 88.3165
473 77.0241 88.3201
742 77.1593 88.323
285 77.303 88.3261
820 77.4773 88.3299
580 77.6348 88.3332
983 78.1532 88.3444
158 78.2452 88.3464
251 78.3497 88.3487
893 78.4907 88.3517
318 78.6248 88.3546
928 80.8015 88.4016
25 83.7773 83.8927
889 84.4681 82.8459
685 85.3767 81.4692
372 86.325 80.0322
528 86.0404 77.4579
204 85.8325 75.5773
450 85.6278 73.7252
660 85.4333 71.9657
311 85.1932 69.7942
951 84.3225 61.9183
838 84.2715 61.4574
332 84.2307 61.088
684 84.1682 60.5229
506 84.1094 59.9909
107 84.0496 59.4499
884 83.9938 58.9445
170 83.9417 58.4739
136 83.8878 57.9863
920 83.8371 57.5277
195 83.7905 57.1056
497 83.7905 57.1056
592 81.776 54.5445
967 81.201 53.8135
198 80.6596 53.1251
102 80.0437 52.3422
941 80.0864 51.9209
583 80.1382 51.4098
29 80.1958 50.8415
670 80.2426 50.3795
425 80.2833 49.9781
387 80.3228 49.5874
242 80.3655 49.1661
977 80.408 48.7465
932 80.6215 46.6394
274 80.9186 43.7072
835 81.1543 41.3806
745 81.3646 39.3058
520 81.5898 37.0829
33 81.7984 35.0244
590 81.9882 33.1511
98 82.1911 31.1484
