0,819,598,103,959,24,295,777,176,504,721,581,870,289,873,781,55,831,419,164,555,751,681,480,421,844,935,467,257,217,865,634,27,828,19,458,197,355,785,716,6,209,853,250,906,930,452,66,45,358,606,675,842,875,63,821,117,357,644,594,978,43,377,262,314,194,356,848,276,843,155,512,237,180,809,69,210,56,855,453,798,235,597,286,85,793,281,101,945,30,522,472,104,54,461,342,370,621,216,912,175,623,186,127,492,923,264,576,471,533,282,84,35,523,804,498,683,732,188,515,765,410,208,810,558,617,676,769,459,779,163,577,112,109,762,791,986,968,161,625,715,743,440,894,365,636,910,513,404,350,976,632,171,291,484,437,225,294,840,649,561,540,144,270,807,724,226,134,129,241,469,167,223,574,256,689,296,614,806,398,587,971,757,327,950,658,537,888,946,903,591,16,266,954,635,697,604,454,726,526,168,608,431,599,846,333,571,132,252,897,550,645,99,662,124,80,21,872,924,733,552,349,729,927,596,772,359,878,220,965,429,411,275,701,789,730,630,788,957,507,137,382,390,720,89,938,79,778,640,308,501,233,764,901,756,59,524,981,422,451,34,735,267,705,545,688,633,891,619,324,956,603,413,147,839,929,922,510,493,403,566,269,525,908,388,11,543,664,783,508,862,679,913,535,748,917,529,37,302,655,191,49,706,692,989,723,438,687,38,475,612,811,414,549,876,7,205,32,787,278,151,626,709,261,790,160,934,246,407,307,64,883,310,573,337,653,822,518,351,284,8,363,669,643,287,704,111,899,379,26,586,834,869,486,824,221,812,588,455,362,629,187,61,722,412,211,488,674,963,741,366,881,439,646,682,702,943,74,299,572,254,4,133,710,331,348,661,258,641,474,402,673,902,86,268,700,794,915,87,354,602,836,121,985,898,65,10,514,499,841,148,328,154,341,534,542,829,283,397,125,990,384,423,476,858,663,958,78,352,100,797,303,565,57,749,157,805,652,496,489,863,312,527,128,46,616,330,123,212,771,708,373,279,222,731,770,909,949,182,228,758,47,214,142,116,336,691,589,936,218,849,972,925,505,122,391,174,677,760,131,196,166,698,463,482,531,162,601,667,686,381,799,371,77,739,703,784,81,400,607,346,255,717,966,694,347,427,234,219,130,3,502,665,376,970,329,114,747,113,657,939,948,734,14,879,338,443,272,600,639,825,277,224,298,445,207,97,503,457,728,339,192,361,551,119,860,517,890,680,479,796,326,886,203,487,90,759,554,500,184,240,830,991,300,178,446,780,436,444,736,401,374,892,905,31,95,955,556,615,236,953,442,695,88,546,750,183,712,560,213,916,982,868,944,693,48,433,169,426,718,321,75,360,988,557,447,263,435,380,364,106,585,792,301,969,570,108,827,719,568,803,39,678,200,199,699,547,628,17,325,637,405,1,247,115,153,138,933,386,815,914,304,399,462,776,93,50,871,13,973,316,651,711,631,761,96,92,44,714,753,491,430,306,41,521,610,611,490,58,60,227,441,495,456,593,28,578,15,288,141,249,918,859,885,833,244,428,368,76,36,409,768,73,696,418,638,53,738,120,424,672,960,230,343,773,713,20,253,172,265,569,919,150,470,786,231,808,877,146,448,548,752,22,239,795,292,449,206,271,309,613,181,766,707,974,139,826,2,416,539,940,392,72,189,394,866,659,389,215,562,874,755,5,193,280,375,690,861,40,202,305,165,763,23,624,62,774,896,516,961,434,511,105,882,532,746,559,319,541,406,82,344,536,320,754,814,156,911,575,737,367,12,618,118,887,984,313,980,856,177,851,816,823,567,42,395,584,992,564,782,895,563,415,9,880,179,408,642,947,832,432,802,94,245,248,315,530,800,671,126,140,921,801,582,857,91,847,904,509,51,297,931,369,317,378,544,335,481,259,229,185,622,817,620,477,464,18,273,952,145,251,52,149,83,159,937,775,666,285,318,740,820,854,580,845,353,158,725,864,813,465,322,983,135,742,818,928,417,648,494,685,889,473,893,372,25,660,450,204,311,528,951,497,838,334,242,107,506,387,170,977,684,201,198,884,136,383,332,385,852,932,68,478,173,867,579,964,907,238,605,744,290,837,393,987,595,650,152,975,71,340,962,668,647,67,727,654,460,900,468,656,519,102,396,767,70,967,110,583,942,926,485,538,425,190,920,420,553,293,323,143,670,941,609,850,195,745,592,29,232,466,274,520,590,98,835,33,483,979,345,243,627,260,
value : 450.58 running time : 81.715725
0 80 20
819 69.5805 16.5532
598 68.0946 16.0616
103 66.5535 15.5518
959 66.2226 15.9501
24 65.9621 16.2634
295 65.7101 16.5667
777 65.4771 16.8471
176 65.2426 17.1293
504 64.9638 17.4648
721 64.6885 17.7961
581 61.5349 21.5908
870 53.6518 31.0764
289 53.4082 31.3695
873 53.1685 31.6579
781 52.9216 31.9551
55 52.673 32.2542
831 52.4271 32.5501
419 52.1366 32.8997
164 51.7779 33.3313
555 51.4053 33.7797
751 51.0088 34.2568
681 50.5933 34.7567
480 50.1544 35.285
421 50.1544 35.285
844 50.1544 35.285
935 50.1544 35.285
467 50.1544 35.285
257 50.2322 35.3794
217 50.3223 35.4889
865 50.3866 35.5669
634 50.465 35.6621
27 50.5284 35.739
828 50.5927 35.8171
19 50.6539 35.8913
458 50.7202 35.9718
197 50.7815 36.0462
355 50.8462 36.1249
785 50.9049 36.1961
716 50.9711 36.2764
6 51.0318 36.3501
209 51.0933 36.4248
853 51.1607 36.5065
250 51.5899 37.0275
906 52.1216 37.6731
930 52.6059 38.2609
452 53.0467 38.7961
66 53.5705 39.4318
45 54.1214 40.1006
358 54.5829 40.6608
606 55.0385 41.2139
675 55.3855 41.635
842 55.714 42.0339
875 55.714 42.0339
63 55.714 42.0339
821 55.714 42.0339
117 55.4606 42.5153
357 55.2669 42.8833
644 55.0666 43.264
594 54.8686 43.6403
978 54.6619 44.033
43 54.4576 44.4212
377 54.2427 44.8296
262 53.9755 45.3372
314 53.763 45.7409
194 52.7659 47.6355
356 52.2921 48.5357
848 51.8568 49.4405
276 51.4151 50.3586
843 50.9429 51.3401
155 50.4737 52.3152
512 49.7596 53.7995
237 48.8924 55.6017
180 48.6787 56.046
809 48.4155 56.5931
69 48.2585 56.9195
210 47.8251 57.8203
56 47.3384 58.8321
855 47.3384 58.8321
453 47.3384 58.8321
798 47.3384 58.8321
235 47.3384 58.8321
597 47.3384 58.8321
286 47.3384 58.8321
85 47.3384 58.8321
793 47.3384 58.8321
281 47.3384 58.8321
101 47.3384 58.8321
945 47.3384 58.8321
30 47.3384 58.8321
522 47.3384 58.8321
472 47.3384 58.8321
104 47.3384 58.8321
54 47.3384 58.8321
461 47.3384 58.8321
342 47.3384 58.8321
370 47.3384 58.8321
621 47.3384 58.8321
216 47.3384 58.8321
912 47.3384 58.8321
175 47.3495 58.8316
623 47.3637 58.8311
186 47.358 59.0285
127 47.352 59.2354
492 47.3461 59.4413
923 47.3382 59.714
264 47.3301 59.9969
576 47.3225 60.2604
471 47.3154 60.5052
533 47.3081 60.7592
282 47.3009 61.0074
84 47.2938 61.2558
35 47.287 61.4886
523 47.2794 61.7538
804 47.273 61.9751
498 47.2668 62.1894
683 47.2594 62.4482
732 47.2529 62.6731
188 47.2466 62.892
515 47.2381 63.1856
765 47.2347 63.3044
410 47.2309 63.4357
208 47.2271 63.5654
810 47.2239 63.6758
558 47.2204 63.7977
617 47.2167 63.9267
676 47.2131 64.0489
769 47.2093 64.1835
459 47.2093 64.1835
779 47.2093 64.1835
163 47.2093 64.1835
577 47.2093 64.1835
112 47.2093 64.1835
109 47.2093 64.1835
762 47.2093 64.1835
791 47.2093 64.1835
986 47.2093 64.1836
968 47.2093 64.1836
161 47.2093 64.1836
625 47.2093 64.1836
715 47.2093 64.1836
743 47.2093 64.1836
440 47.2093 64.1836
894 44.6172 67.8959
365 42.5017 70.9257
636 40.0493 74.4381
910 40.0365 74.4507
513 40.0239 74.4631
404 40.0108 74.4759
350 39.9981 74.4884
976 39.9858 74.5005
632 39.9745 74.5116
171 39.7998 74.6831
291 39.6221 74.8576
484 39.4267 75.0495
437 39.1874 75.2844
225 39.0253 75.4435
294 38.8326 75.6328
840 38.6406 75.8213
649 38.4629 75.9958
561 38.297 76.1587
540 38.1422 76.3107
144 37.9741 76.4757
270 37.7878 76.6587
807 37.6065 76.8367
724 37.439 77.0011
226 37.2585 77.1784
134 37.0826 77.3511
129 36.8709 77.5589
241 34.5393 77.038
469 28.1331 75.6068
167 28.1184 75.464
223 28.1025 75.31
574 28.0868 75.1582
256 28.0729 75.0226
689 28.021 74.5202
296 27.9709 74.0338
614 27.9136 73.4789
806 27.8453 72.8163
398 27.7737 72.1217
587 27.7732 72.1172
971 27.7728 72.1132
757 27.7725 72.1097
327 27.772 72.1054
950 27.7716 72.1018
658 27.7713 72.0981
537 27.7709 72.0945
888 27.7705 72.0906
946 27.7701 72.0868
903 27.7697 72.0829
591 27.7693 72.0795
16 27.769 72.0761
266 27.7686 72.0723
954 27.7682 72.0687
635 27.7678 72.0648
697 27.7675 72.0612
604 27.7671 72.0573
454 27.7667 72.0534
726 27.7662 72.0492
526 27.7658 72.0452
168 27.7655 72.0416
608 27.7651 72.0379
431 27.7646 72.0338
599 27.7642 72.0293
846 27.7638 72.0255
333 27.7635 72.0222
571 27.7631 72.0184
132 27.7627 72.0145
252 27.7623 72.0113
897 27.7619 72.0072
550 27.7619 72.0072
645 27.7619 72.0072
99 27.7619 72.0071
662 27.7619 72.0071
124 27.7619 72.0071
80 27.7619 72.0071
21 27.6815 71.6426
872 27.6054 71.2979
924 27.5226 70.9224
733 27.436 70.53
552 27.3589 70.1803
349 27.278 69.8136
729 27.2007 69.4635
927 27.1306 69.1458
596 27.0559 68.8071
772 26.9847 68.4846
359 26.9638 68.3898
878 26.9433 68.2972
220 26.9226 68.203
965 26.899 68.0964
429 26.8773 67.9981
411 26.8175 67.7271
275 26.7622 67.4766
701 26.7076 67.2291
789 26.6522 66.978
730 26.5913 66.7021
630 26.5191 66.3749
788 26.6225 65.6551
957 26.7143 65.0162
507 26.7985 64.43
137 26.8765 63.8873
382 26.9533 63.3529
390 27.0276 62.8354
720 27.1084 62.2732
89 27.1977 61.6516
938 27.2662 61.1748
79 27.3179 60.8142
778 27.3755 60.4133
640 27.3853 60.3451
308 27.395 60.278
501 27.4053 60.2058
233 27.4172 60.1233
764 27.4279 60.0492
901 27.4391 59.9709
756 27.4507 59.8902
59 27.4612 59.817
524 27.4707 59.7506
981 27.5383 59.2803
422 27.6046 58.8189
451 27.666 58.3917
34 27.73 57.9457
735 27.797 57.4794
267 27.8652 57.0051
705 27.937 56.5055
545 28.0101 55.9965
688 28.0822 55.4946
633 28.1505 55.0195
891 28.2139 54.5778
619 28.2827 54.0987
324 28.3366 53.7241
956 28.3927 53.3332
603 28.453 52.9135
413 28.5143 52.4872
147 28.5677 52.1151
839 28.619 51.7579
929 28.6778 51.3488
922 28.7419 50.9025
510 28.809 50.4358
493 28.8811 49.9342
403 29.0084 49.0481
566 29.1203 48.269
269 29.1711 47.9157
525 29.2272 47.5251
908 29.2822 47.142
388 29.3422 46.7242
11 29.396 46.3503
543 29.4465 45.9984
664 29.5017 45.6141
783 29.5509 45.272
508 29.5994 44.9344
862 29.6526 44.5637
679 29.6987 44.2431
913 29.7393 43.9606
535 29.7859 43.6359
748 29.8339 43.3016
917 29.883 42.9598
529 29.9298 42.6347
37 29.9676 42.3712
302 30.0084 42.0873
655 30.0573 41.7468
191 30.1064 41.4052
49 30.1374 41.1893
706 30.1756 40.9231
692 30.2144 40.6535
989 30.2495 40.4089
723 30.284 40.1691
438 30.3224 39.9013
687 30.3634 39.6164
38 30.4018 39.3489
475 30.4419 39.0699
612 30.4876 38.7515
811 30.5273 38.4753
414 30.5659 38.2069
549 30.6081 37.9132
876 30.6436 37.6661
7 30.7207 37.129
205 30.7952 36.6109
32 30.8677 36.1063
787 31.0232 35.0236
278 31.1401 34.2096
151 31.2502 33.4433
626 31.4022 32.3858
709 31.4449 32.0885
261 31.483 31.823
790 31.5147 31.6025
160 31.9732 28.4108
934 32.4597 25.0244
246 32.7943 22.6951
407 33.0626 20.8272
307 33.144 20.261
64 33.2435 19.5683
883 33.3457 18.8563
310 33.4491 18.1367
573 33.5467 17.4577
337 33.6378 16.8234
653 33.7336 16.1568
822 33.8335 15.4608
518 33.9883 14.3834
351 32.6245 14.6218
284 31.2497 14.8622
8 30.3552 15.0186
363 30.559 15.7425
669 30.7526 16.4299
643 30.9692 17.1995
287 31.1958 18.0041
704 31.4633 18.9545
111 31.7319 19.9086
899 31.9869 20.8144
379 32.1549 21.4109
26 32.3028 21.9362
586 32.4554 22.4782
834 31.7339 22.2067
869 30.9137 21.898
486 28.9903 21.1741
824 26.807 20.3523
221 24.2747 19.3991
812 12.7049 15.0461
588 12.7088 15.3041
455 12.7126 15.55
362 12.7157 15.755
629 12.7187 15.9541
187 12.7223 16.1889
61 12.7223 16.1892
722 12.7223 16.1894
412 12.726 16.4124
211 12.7294 16.6129
488 12.7329 16.8161
674 12.7393 17.1929
963 12.7457 17.5746
741 12.7511 17.8895
366 12.7559 18.1758
881 12.7611 18.4788
439 12.7704 19.0297
646 12.7777 19.459
682 12.7866 19.9877
702 12.7967 20.5849
943 12.8075 21.2187
74 12.8152 21.6729
299 12.822 22.0769
572 12.8286 22.4643
254 12.8345 22.813
4 12.842 23.2554
133 12.8488 23.6572
710 12.8548 24.0138
331 12.8604 24.3453
348 12.8661 24.6811
661 12.8731 25.0966
258 12.88 25.5051
641 12.8867 25.898
474 12.8933 26.2857
402 12.9002 26.6936
673 12.9076 27.1303
902 12.915 27.5728
86 12.9246 28.1337
268 12.9246 28.1337
700 12.9246 28.1337
794 12.9246 28.1337
915 12.9246 28.1337
87 12.9246 28.1337
354 12.9246 28.1337
602 12.8275 28.5951
836 12.7121 29.1433
121 12.5892 29.7269
985 12.4667 30.309
898 12.3537 30.846
65 12.3037 32.5202
10 12.2593 34.0048
514 12.2197 35.328
499 12.0905 39.6466
841 12.0906 39.6469
148 12.0906 39.6471
328 12.0907 39.6473
154 12.0937 39.6559
341 12.0965 39.6642
534 12.0992 39.6722
542 12.1019 39.68
829 12.1043 39.687
283 12.8159 41.7682
397 13.74 44.4711
125 13.7083 44.5928
990 13.6729 44.7283
384 13.6374 44.8645
423 13.6012 45.003
476 13.5634 45.148
858 13.5241 45.2985
663 13.4908 45.4263
958 13.4564 45.5583
78 13.4161 45.7125
352 13.3701 45.8891
100 13.3291 46.0462
797 13.2917 46.1894
303 13.2505 46.3475
565 13.2129 46.4916
57 13.1783 46.6244
749 13.1434 46.7578
157 13.1079 46.8941
805 13.1079 46.8941
652 13.1079 46.8941
496 13.1079 46.8941
489 13.1079 46.8941
863 13.1079 46.8942
312 13.1079 46.8942
527 13.1079 46.8942
128 13.1079 46.8942
46 13.1079 46.8942
616 13.1079 46.8942
330 13.1079 46.8942
123 13.0392 47.1915
212 12.9684 47.4976
771 12.8953 47.8141
708 12.8104 48.1815
373 12.7532 48.4291
279 12.6964 48.6748
222 12.6408 48.9155
731 12.586 49.1527
770 12.5282 49.403
909 12.4672 49.667
949 12.4102 49.9136
182 12.3473 50.1857
228 12.2871 50.4461
758 12.2191 50.7406
47 12.1453 51.06
214 12.0784 51.3496
142 12.0212 51.597
116 11.9557 51.8804
336 11.9376 52.2189
691 11.9198 52.5524
589 11.9032 52.8635
936 11.8881 53.146
218 11.8716 53.4548
849 11.8556 53.7529
972 11.8402 54.0409
925 11.8246 54.334
505 11.8108 54.5911
122 11.7953 54.881
391 11.7829 55.1143
174 11.7601 55.5395
677 11.7334 56.0392
760 11.7075 56.5233
131 11.6836 56.9705
196 11.6624 57.3669
166 11.6425 57.7391
698 11.6212 58.1384
463 11.5962 58.6068
482 11.5174 60.0801
531 11.4603 61.1479
162 11.3971 62.3311
601 11.3545 63.1273
667 11.3154 63.8587
686 11.3031 64.09
381 11.2918 64.3007
799 11.2819 64.4858
371 11.272 64.6715
77 11.2622 64.8549
739 11.2526 65.0348
703 11.2426 65.222
784 11.2317 65.4259
81 11.2198 65.6485
400 11.2072 65.883
607 11.1963 66.088
346 11.1853 66.2938
255 11.176 66.4671
717 11.166 66.6537
966 11.1559 66.8437
694 11.146 67.0279
347 11.1372 67.1932
427 11.1267 67.3901
234 11.1172 67.5664
219 11.1067 67.7639
130 11.0965 67.9539
3 11.0856 68.1577
502 11.0742 68.3707
665 11.0637 68.5684
376 11.0537 68.7548
970 11.0432 68.951
329 11.033 69.1434
114 11.022 69.3475
747 11.0106 69.5624
113 10.9966 69.8233
657 10.9842 70.0554
939 10.9738 70.2508
948 10.9608 70.4933
734 10.9486 70.7213
14 10.9357 70.9635
879 10.923 71.2009
338 10.9095 71.4524
443 10.8956 71.7124
272 10.8846 71.9191
600 10.8717 72.1603
639 10.8592 72.395
825 10.8468 72.6268
277 10.8359 72.8298
224 10.8238 73.0561
298 10.8123 73.2725
445 10.8012 73.4787
207 10.7897 73.6943
97 10.7788 73.8977
503 10.7662 74.1346
457 10.7532 74.3765
728 10.7412 74.6018
339 10.7302 74.8068
192 10.7202 74.9945
361 10.7061 75.2596
551 10.6919 75.5247
119 10.6799 75.7495
860 10.6657 76.0154
517 10.6529 76.2545
890 10.6356 76.5783
680 10.6208 76.8542
479 10.6034 77.1795
796 10.5859 77.5083
326 10.5685 77.8336
886 10.5504 78.1722
203 10.533 78.4966
487 10.517 78.7958
90 10.5008 79.0999
759 10.4847 79.4003
554 10.4699 79.6773
500 10.4558 79.9424
184 10.4384 80.2677
240 10.4213 80.5869
830 10.4052 80.8888
991 10.3889 81.194
300 10.37 81.548
178 10.3538 81.8509
446 10.3367 82.171
780 10.3222 82.4419
436 10.3063 82.7384
444 10.29 83.0446
736 10.274 83.3437
401 10.2594 83.6174
374 10.2464 83.859
892 10.23 84.1671
905 10.2142 84.4618
31 10.1988 84.7507
95 10.1823 85.0593
955 10.1676 85.3348
556 10.1523 85.6198
615 10.1312 86.0156
236 10.1068 86.4725
953 10.0888 86.8091
442 10.0724 87.1154
695 10.057 87.4028
88 10.041 87.7035
546 10.0224 88.0504
750 10.0011 88.4501
183 9.98972 88.6626
712 9.9781 88.8799
560 9.9679 89.0708
213 9.95343 89.3415
916 9.95343 89.3415
982 9.95343 89.3415
868 9.95343 89.3415
944 9.95343 89.3415
693 9.95351 89.3436
48 9.95359 89.3455
433 9.95367 89.3476
169 9.95479 89.3757
426 9.95584 89.4022
718 9.95691 89.4291
321 9.95788 89.4535
75 9.95904 89.4826
360 9.96023 89.5126
988 9.9616 89.547
557 10.1031 89.5464
447 10.2242 89.546
263 10.3476 89.5455
435 10.4799 89.545
380 10.612 89.5445
364 10.743 89.544
106 10.8684 89.5435
585 10.9962 89.543
792 11.1365 89.5425
301 11.2824 89.5419
969 11.4188 89.5414
570 11.5612 89.5408
108 11.7163 89.5402
827 11.8627 89.5397
719 12.0162 89.5391
568 12.1738 89.5385
803 12.3181 89.5379
39 12.4603 89.5374
678 12.6193 89.5368
200 12.7941 89.5361
199 12.9624 89.5354
699 13.1361 89.5348
547 13.2858 89.5342
628 13.468 89.5335
17 13.6626 89.5328
325 13.8204 89.5321
637 13.9732 89.5316
405 14.1358 89.5309
1 14.3234 89.5302
247 14.5151 89.5295
115 14.7055 89.5287
153 14.862 89.5281
138 15.0504 89.5274
933 15.2518 89.5266
386 15.4192 89.526
815 15.5858 89.5253
914 15.7564 89.5247
304 15.9676 89.5239
399 16.188 89.523
462 16.406 89.5222
776 16.6198 89.5214
93 16.8234 89.5206
50 17.0407 89.5197
871 17.2321 89.519
13 17.4125 89.5183
973 17.5938 89.5176
316 17.7888 89.5168
651 18.0198 89.5159
711 18.2113 89.5152
631 20.3006 89.5071
761 20.6892 89.5056
96 21.0489 89.5043
92 21.3722 89.503
44 21.5494 89.5023
714 21.737 89.5016
753 21.9293 89.5009
491 22.1416 89.5
430 22.361 89.4992
306 22.5679 89.4984
41 22.7624 89.4976
521 22.962 89.4969
610 23.169 89.4961
611 23.3698 89.4953
490 23.5429 89.4946
58 23.7223 89.4939
60 23.9292 89.4931
227 24.0522 89.4926
441 24.2068 89.4921
495 24.3591 89.4915
456 24.5347 89.4908
593 24.709 89.4901
28 24.8907 89.4894
578 25.0452 89.4888
15 25.2014 89.4882
288 25.3935 89.4875
141 25.6009 89.4867
249 25.7663 89.486
918 25.961 89.4853
859 26.1218 89.4847
885 26.2842 89.484
833 26.4459 89.4834
244 26.612 89.4828
428 27.0104 89.4812
368 27.3544 89.4799
76 27.7438 89.4784
36 28.1063 89.477
409 28.4735 89.4756
768 28.8513 89.4741
73 29.3604 89.4722
696 29.8313 89.4703
418 30.3526 89.4683
638 30.9511 89.466
53 31.5003 89.4639
738 31.8868 89.4624
120 32.2132 89.4611
424 32.5515 89.4598
672 33.0725 89.4578
960 33.5839 89.4559
230 34.146 89.4537
343 34.6777 89.4516
773 35.048 89.4502
713 35.4777 89.4485
20 35.4777 89.4485
253 35.6558 89.4346
172 35.8619 89.4185
265 36.0487 89.4039
569 36.2296 89.3897
919 36.3914 89.377
150 36.5555 89.3642
470 36.7336 89.3503
786 36.9064 89.3367
231 37.0987 89.3217
808 37.2859 89.3071
877 37.4957 89.2906
146 37.6905 89.2754
448 37.8851 89.2602
548 38.0743 89.2454
752 38.2625 89.2306
22 38.4617 89.2151
239 38.6682 89.1989
795 38.8403 89.1854
292 39.0391 89.1699
449 39.2327 89.1547
206 39.4177 89.1402
271 39.5837 89.1273
309 39.7765 89.1122
613 39.9568 89.0981
181 40.1504 89.0829
766 40.3413 89.068
707 40.5181 89.0541
974 40.7119 89.039
139 40.9233 89.0224
826 41.2479 88.997
2 41.4885 88.9782
416 41.7983 88.954
539 42.1065 88.9298
940 42.4132 88.9058
392 42.6248 88.8893
72 42.8762 88.8696
189 43.1572 88.8476
394 43.5005 88.8208
866 43.8675 88.792
659 44.2315 88.7636
389 44.5545 88.7383
215 44.8922 88.7119
562 45.25 88.6839
874 45.5758 88.6584
755 45.9686 88.6276
5 46.337 88.5988
193 46.7488 88.5666
280 47.1914 88.5319
375 47.5269 88.5057
690 47.9608 88.4717
861 48.3348 88.4425
40 48.6968 88.4141
202 49.0357 88.3876
305 49.3277 88.3648
165 49.6485 88.3397
763 49.9896 88.313
23 50.3912 88.2816
624 50.4089 88.2802
62 50.4259 88.2788
774 50.4429 88.2775
896 50.4601 88.2762
516 50.4762 88.2749
961 50.4929 88.2736
434 50.5105 88.2722
511 50.5271 88.2709
105 50.5435 88.2696
882 50.561 88.2683
532 50.5775 88.267
746 50.594 88.2657
559 50.6106 88.2644
319 50.8096 88.2488
541 51.0238 88.232
406 51.2257 88.2162
82 51.439 88.1995
344 51.6851 88.1803
536 51.8979 88.0999
320 52.1167 88.0173
754 52.3469 87.9303
814 52.5451 87.8554
156 52.7694 87.7707
911 53.0441 87.667
575 53.2993 87.5705
737 53.5269 87.4846
367 53.7452 87.4021
12 53.9745 87.3155
618 54.1947 87.2323
118 54.4318 87.1428
887 54.6671 87.0539
984 54.9034 86.9646
313 55.1177 86.8837
980 55.3493 86.7962
856 55.5931 86.7041
177 55.8669 86.6006
851 56.1098 86.5089
816 56.3974 86.4002
823 56.6925 86.2888
567 56.6145 86.1569
42 56.5378 86.0273
395 56.4221 85.8316
584 56.3239 85.6656
992 56.1006 85.2881
564 55.6521 84.5296
782 55.6521 84.5296
895 55.6521 84.5296
563 55.6521 84.5296
415 55.6521 84.5296
9 55.6521 84.5296
880 55.6521 84.5296
179 55.6521 84.5296
408 55.6521 84.5296
642 55.6521 84.5296
947 55.6521 84.5296
832 55.6521 84.5296
432 55.6521 84.5296
802 55.6521 84.5296
94 55.6521 84.5296
245 55.6521 84.5296
248 55.6521 84.5296
315 55.6522 84.5296
530 55.6522 84.5296
800 55.6522 84.5296
671 55.6522 84.5296
126 55.6522 84.5296
140 55.6522 84.5296
921 55.6522 84.5296
801 55.6522 84.5296
582 55.6522 84.5296
857 55.6522 84.5296
91 55.6522 84.5296
847 59.3941 84.2915
904 61.468 84.1596
509 61.6319 84.3039
51 61.8112 84.4617
297 61.9842 84.614
931 62.1404 84.7515
369 62.2954 84.8879
317 62.4617 85.0344
378 62.6275 85.1803
544 62.8023 85.3342
335 62.8789 85.4016
481 62.9714 85.483
259 63.0588 85.56
229 63.1493 85.6397
185 63.2644 85.741
622 63.3622 85.8271
817 63.4607 85.9138
620 63.5485 85.9911
477 63.5485 85.9911
464 63.5485 85.9911
18 63.5485 85.9911
273 63.5485 85.9911
952 63.5485 85.9911
145 65.4597 86.2879
251 67.1042 86.5432
52 68.0841 86.6954
149 69.0911 86.8518
83 69.7432 86.953
159 70.4578 87.064
937 71.0394 87.1543
775 71.6812 87.254
666 72.34 87.3563
285 72.9714 87.4543
318 73.654 87.5603
740 74.4207 87.6793
820 74.987 87.7673
854 75.4553 87.84
580 75.9477 87.9165
845 76.2608 87.9398
353 76.6389 87.968
158 77.0296 87.9972
725 77.4686 88.03
864 77.8266 88.0567
813 78.1973 88.0843
465 78.6038 88.1147
322 79.2272 88.1612
983 79.7007 88.1966
135 79.9699 88.2166
742 80.2614 88.2384
818 80.5781 88.262
928 81.011 88.2943
417 81.3127 87.8234
648 81.5798 87.4062
494 81.8174 87.0353
685 82.1389 86.5333
889 82.363 86.1835
473 82.5841 85.8383
893 82.8134 85.4802
372 86.3388 79.9756
25 86.2799 79.2984
660 86.0818 77.0181
450 85.919 75.1446
204 85.7805 73.5512
311 85.6276 71.7926
528 85.3606 68.7193
951 84.8288 62.596
497 84.8288 62.596
838 84.6519 62.6417
334 84.4737 62.6876
242 84.3293 62.7249
107 84.1826 62.7627
506 84.0177 62.8052
387 83.8529 62.8478
170 83.6956 62.8883
977 83.5205 62.9335
684 83.3437 62.9791
201 83.1583 63.0269
198 83.0162 63.0636
884 82.8598 63.1039
136 82.6888 63.1481
383 82.1018 63.2995
332 81.5764 63.4351
385 81.0674 63.5664
852 80.5896 63.6897
932 80.1502 63.803
68 73.3085 65.5676
478 71.655 65.9942
173 70.4072 66.3162
867 69.5153 66.5463
579 68.6262 66.7758
964 67.5304 67.0585
907 67.5304 67.0585
238 67.5304 67.0585
605 67.5304 67.0585
744 67.5304 67.0585
290 67.5304 67.0585
837 67.5304 67.0585
393 67.5304 67.0585
987 67.5304 67.0585
595 67.5304 67.0585
650 67.5304 67.0585
152 67.5304 67.0585
975 67.5304 67.0585
71 67.5304 67.0585
340 67.4318 66.8081
962 67.3401 66.575
668 67.2449 66.3331
647 67.1532 66.1001
67 67.0718 65.8932
727 66.9953 65.6988
654 66.9125 65.4882
460 66.8259 65.2681
900 66.4114 64.2148
468 65.803 62.6686
656 65.7356 59.3096
519 65.6758 56.3261
102 65.8163 56.1706
396 65.941 56.0325
767 66.0788 55.88
70 66.2157 55.7284
967 66.3519 55.5776
110 66.3519 55.5776
583 66.5963 55.1602
942 66.8176 54.7822
926 67.0506 54.3844
485 67.2586 54.0291
538 67.4886 53.6362
425 67.7806 53.1375
190 67.9949 52.7715
920 68.2444 52.3453
420 68.4083 52.0655
553 68.6121 51.7173
293 68.7978 51.4001
323 69.526 50.1565
143 69.9086 49.503
670 70.2998 48.8348
941 70.645 48.2453
609 71.2658 47.1851
850 71.7299 46.3924
195 72.5521 44.9881
745 73.323 43.6714
592 73.9417 42.6147
29 74.5795 41.5253
232 75.2645 40.3554
466 76.2266 38.712
274 77.6141 36.3421
520 79.5549 33.0267
590 81.0164 30.5303
98 82.4392 28.1
835 82.4392 28.1
33 83.3387 25.5347
483 86.1599 17.4897
979 86.0901 17.5181
345 86.014 17.5491
243 85.9354 17.5812
627 85.8492 17.6163
260 85.763 17.6514
