0,627,243,979,345,483,260,33,98,520,835,609,274,323,590,745,466,29,553,684,242,136,838,334,977,198,932,195,592,967,497,951,387,506,425,884,107,170,25,528,311,372,660,450,204,685,889,473,158,580,820,322,928,149,135,742,983,71,818,740,318,417,648,159,725,845,52,544,481,620,893,864,813,145,465,494,251,83,937,395,775,666,285,297,185,823,622,817,854,816,353,434,880,40,367,584,575,273,177,984,42,980,202,992,464,477,961,856,23,516,896,887,800,940,802,755,564,193,618,229,415,814,947,320,567,408,536,931,179,406,12,826,832,156,539,317,562,561,375,763,437,343,659,713,737,911,754,690,532,624,62,344,882,874,335,248,636,389,319,530,866,774,105,313,118,541,511,952,5,851,245,746,861,559,563,309,877,548,206,649,215,241,766,22,231,707,271,146,256,974,807,569,181,172,394,53,165,416,239,82,305,610,120,92,919,72,73,738,139,449,808,752,613,448,470,60,129,230,840,36,265,13,253,428,960,753,306,761,631,424,418,76,20,786,296,392,696,168,608,918,672,469,93,697,50,17,578,443,611,28,714,227,249,885,795,773,150,96,15,244,768,776,593,490,757,973,491,441,409,462,430,368,871,833,88,456,521,886,333,184,431,58,115,859,44,48,288,712,183,651,236,557,628,487,933,699,108,213,200,711,988,695,442,435,360,444,736,401,263,447,718,106,364,792,719,568,803,39,678,495,615,199,547,316,386,953,815,914,247,570,585,1,693,405,546,969,446,304,301,560,868,300,982,138,750,203,955,95,31,905,380,827,153,178,399,637,825,780,759,75,240,339,457,796,991,119,916,686,298,90,892,830,860,436,361,556,554,346,429,551,500,944,728,433,169,426,445,321,374,3,694,371,657,966,717,479,224,639,890,207,667,326,411,398,747,325,846,772,965,680,502,400,130,81,784,739,162,338,272,503,277,665,607,703,939,218,376,799,255,77,192,97,948,517,879,630,970,381,691,589,505,219,234,347,427,14,734,524,531,166,196,131,760,677,764,925,122,482,565,114,352,698,373,527,805,214,47,708,182,336,956,496,34,981,174,279,324,123,57,909,972,749,46,222,534,958,283,212,758,157,303,936,858,116,128,341,652,312,797,154,841,476,863,10,770,616,423,100,489,990,228,731,384,849,463,330,148,663,542,949,499,121,268,86,65,328,898,943,37,915,829,205,700,32,439,125,514,602,836,985,87,74,299,572,794,4,133,710,331,348,661,258,641,474,402,673,588,899,902,881,61,8,187,211,629,674,643,455,362,254,646,741,366,702,682,963,722,812,488,412,246,883,307,284,64,111,518,287,310,407,351,573,704,363,669,626,337,221,26,486,379,709,824,869,822,787,191,549,653,853,250,419,934,164,467,160,480,555,257,586,278,261,785,655,543,771,612,679,38,687,397,7,619,783,354,688,529,388,49,566,692,790,989,748,475,78,89,664,876,811,151,147,723,302,778,706,508,237,414,603,922,233,510,438,545,525,756,809,533,413,269,633,891,493,938,142,11,535,267,913,403,908,391,929,701,640,308,897,729,21,59,735,599,839,705,927,901,903,79,601,451,422,365,662,574,658,550,946,329,113,888,600,327,382,733,571,720,349,507,788,645,390,220,954,124,132,266,404,252,175,910,225,596,878,872,604,144,976,359,635,730,537,726,950,41,501,587,971,957,552,275,454,526,924,99,789,189,16,294,167,638,141,689,2,806,223,591,292,614,540,226,270,484,453,683,216,468,855,91,350,724,137,104,576,171,523,459,54,101,30,715,804,410,80,291,56,472,127,810,522,923,180,912,765,370,461,621,512,779,597,281,558,282,286,85,186,471,188,264,109,769,857,94,617,163,732,964,968,798,986,676,743,987,791,440,762,577,625,161,84,35,134,498,632,595,208,235,894,513,280,782,126,369,642,801,259,921,315,140,895,432,671,847,605,509,904,18,538,9,112,582,744,654,727,67,668,152,378,975,900,293,460,340,238,767,962,51,867,942,393,656,837,290,173,385,383,852,110,579,332,941,117,515,583,143,907,190,478,926,850,650,420,670,102,201,920,232,647,485,68,606,842,194,452,155,978,793,342,396,870,210,519,314,70,945,43,27,357,492,843,358,197,276,875,848,844,751,681,6,644,623,675,458,69,217,262,63,421,834,862,917,716,356,66,906,19,873,45,594,209,828,930,355,634,377,935,289,781,55,831,865,821,103,959,598,819,581,24,295,777,176,504,721,
value : 464.206 running time : 65.152149
0 80 20
627 84.7057 18.1919
243 85.2064 17.9996
979 85.5593 17.864
345 85.9267 17.7229
483 86.2684 17.5916
260 86.2684 17.5916
33 84.587 26.2197
98 83.9614 29.4281
520 83.2852 32.8968
835 82.7338 35.7248
609 82.2911 37.9955
274 81.9763 39.6097
323 81.6717 41.172
590 81.7641 41.9291
745 81.9079 43.1065
466 82.0729 44.4577
29 82.2831 46.1788
553 82.5476 48.3445
684 82.7497 49.9994
242 82.8253 50.6187
136 82.8956 51.1947
838 82.9681 51.7881
334 83.0412 52.3874
977 83.0993 52.8633
198 83.1523 53.2973
932 83.2049 53.7283
195 83.2579 54.1623
592 83.3187 54.6603
967 83.56 56.6352
497 83.8538 59.0404
951 83.8547 59.0475
387 83.8556 59.0548
506 83.8565 59.0623
425 83.8573 59.0691
884 84.0004 60.2511
107 84.1784 61.7214
170 84.4682 64.1158
25 86.1643 78.1508
528 86.2273 78.6713
311 86.2979 79.2541
372 86.3702 79.8511
660 86.0418 80.3064
450 85.6346 80.8712
204 84.8907 81.9028
685 83.9674 83.1833
889 82.7978 84.8053
473 81.6038 86.4612
158 80.3115 88.2534
580 79.7622 89.015
820 79.7622 89.015
322 79.7622 89.015
928 79.7622 89.015
149 76.8642 89.0331
135 76.6848 89.0342
742 76.5001 89.0354
983 76.3158 89.0366
71 75.8139 89.0397
818 75.4919 89.0417
740 75.1822 89.0437
318 74.8036 89.0461
417 74.4904 89.048
648 74.18 89.05
159 73.8008 89.0524
725 73.4227 89.0548
845 72.959 89.0577
52 72.5461 89.0603
544 72.1817 89.0626
481 71.8352 89.0647
620 71.4965 89.0669
893 71.2025 89.0687
864 70.822 89.0711
813 70.4081 89.0737
145 69.9903 89.0764
465 69.6053 89.0788
494 69.2327 89.0811
251 68.8023 89.0838
83 68.3927 89.0864
937 67.9245 89.0894
395 67.4391 89.0924
775 67.0346 89.095
666 66.5895 89.0978
285 66.0831 89.1009
297 65.5516 89.1043
185 65.0508 89.1074
823 64.596 89.1103
622 64.1102 89.1134
817 63.6204 89.1164
854 63.1372 89.1195
816 62.2449 89.1251
353 61.4762 89.1299
434 58.5853 89.148
880 58.3658 89.1494
40 58.1472 89.1507
367 57.931 89.1521
584 57.7242 89.1534
575 57.52 89.1547
273 57.3121 89.156
177 57.0942 89.1574
984 56.8728 89.1588
42 56.6484 89.1602
980 56.393 89.1618
202 56.1581 89.1633
992 55.9309 89.1647
464 55.6886 89.1662
477 55.3993 89.168
961 55.0667 89.1701
856 54.9737 88.9905
23 54.8778 88.805
516 54.7615 88.5804
896 54.6454 88.3559
887 54.513 88.1002
800 54.3865 87.8558
940 54.2917 87.6725
802 54.1964 87.4885
755 54.1265 87.3533
564 54.1098 87.3209
193 54.1098 87.3209
618 54.1098 87.3209
229 54.1098 87.3209
415 54.1097 87.3209
814 54.1097 87.3209
947 54.1097 87.3209
320 54.1097 87.3209
567 54.1097 87.3209
408 54.1097 87.3209
536 54.1097 87.3209
931 54.1097 87.3209
179 54.1097 87.3209
406 54.1097 87.3209
12 54.1097 87.3209
826 54.1097 87.3209
832 54.1097 87.3209
156 53.5478 87.5149
539 52.9589 87.7181
317 52.46 87.8902
562 51.9355 88.0712
561 51.4662 88.2331
375 51.4662 88.2331
763 51.4662 88.2331
437 51.4662 88.2331
343 51.4662 88.2331
659 51.4662 88.2331
713 51.4662 88.2331
737 51.4662 88.2331
911 51.4662 88.2331
754 51.4655 88.2331
690 51.4648 88.2331
532 51.4642 88.2331
624 51.4635 88.2331
62 51.4628 88.2331
344 51.4622 88.2331
882 50.3546 88.2441
874 47.1681 88.2757
335 47.0393 88.277
248 46.8754 88.2786
636 46.7214 88.2801
389 46.5618 88.2817
319 46.4122 88.2832
530 46.2616 88.2847
866 46.112 88.2861
774 45.973 88.2875
105 45.8234 88.289
313 45.6814 88.2904
118 45.5267 88.2919
541 45.3409 88.2937
511 45.1585 88.2955
952 44.9517 88.2976
5 44.7206 88.2999
851 44.5102 88.3019
245 44.2718 88.3043
746 44.0176 88.3068
861 43.7658 88.3093
559 43.4828 88.3121
563 43.2152 88.3147
309 42.902 88.3178
877 42.5994 88.3208
548 42.3196 88.3236
206 42.0585 88.3261
649 41.7811 88.3289
215 41.5161 88.3315
241 41.2481 88.3341
766 40.9919 88.3366
22 40.7161 88.3394
231 40.447 88.342
707 40.1956 88.3445
271 39.9468 88.347
146 39.71 88.3493
256 39.4709 88.3517
974 39.2504 88.3538
807 39.0414 88.3559
569 38.8263 88.358
181 38.6084 88.3602
172 38.3852 88.3624
394 38.1669 88.3645
53 37.9518 88.3666
165 37.7377 88.3688
416 37.4907 88.3712
239 37.2522 88.3735
82 36.9887 88.3761
305 36.6934 88.3791
610 36.3104 88.3828
120 36.1829 88.3841
92 36.0638 88.3853
919 35.9393 88.3865
72 35.817 88.3877
73 35.6877 88.389
738 35.5724 88.3901
139 35.4507 88.3913
449 35.3289 88.3925
808 35.1906 88.3939
752 35.0662 88.3951
613 34.9397 88.3964
448 34.8126 88.3976
470 34.6796 88.3989
60 34.5493 88.4002
129 34.4358 88.4013
230 34.3073 88.4026
840 34.1767 88.4039
36 34.0279 88.4054
265 33.906 88.4066
13 26.8415 88.4765
253 26.8415 88.4765
428 26.8415 88.4765
960 26.8415 88.4765
753 26.587 88.473
306 26.3589 88.4698
761 26.1367 88.4668
631 25.9114 88.4636
424 25.6884 88.4606
418 25.4619 88.4574
76 25.2309 88.4542
20 24.9925 88.4509
786 24.7351 88.4474
296 24.48 88.4438
392 24.1961 88.4399
696 23.5615 88.431
168 22.9538 88.4226
608 22.9271 88.449
918 22.899 88.4768
672 22.8709 88.5047
469 22.843 88.5323
93 22.8138 88.5612
697 22.7871 88.5876
50 22.7557 88.6187
17 22.726 88.6482
578 22.7003 88.6736
443 22.6713 88.7024
611 22.5237 88.8485
28 22.4389 88.8548
714 22.3467 88.8617
227 22.2571 88.8684
249 22.1753 88.8745
885 22.0968 88.8804
795 22.0204 88.8861
773 21.9365 88.8924
150 21.8453 88.8992
96 21.7467 88.9066
15 21.6352 88.915
244 21.5415 88.922
768 21.4549 88.9285
776 21.3607 88.9355
593 21.2762 88.9418
490 21.1935 88.948
757 21.1045 88.9547
973 21.0042 88.9622
491 20.9181 88.9686
441 20.8305 88.9752
409 20.7434 88.9817
462 20.6478 88.9889
430 20.5643 88.9951
368 20.4732 89.0019
871 20.38 89.0089
833 20.2911 89.0156
88 20.1998 89.0224
456 20.1105 89.0291
521 20.0212 89.0358
886 19.9357 89.0422
333 19.8498 89.0486
184 19.5492 89.0711
431 19.2699 89.092
58 18.9886 89.113
115 18.7027 89.1344
859 18.4336 89.1546
44 18.138 89.1767
48 17.8128 89.201
288 17.5449 89.2211
712 17.2531 89.2429
183 16.9642 89.2646
651 16.6666 89.2868
236 16.3331 89.3118
557 16.0357 89.334
628 15.7412 89.3561
487 15.5012 89.374
933 14.2914 89.4646
699 12.8857 89.5698
108 11.4933 89.674
213 10.2729 89.7653
200 10.2456 89.7674
711 10.2179 89.7695
988 10.19 89.7715
695 10.1938 89.7268
442 10.197 89.6887
435 10.2002 89.6509
360 10.2042 89.6033
444 10.2076 89.5633
736 10.2109 89.5248
401 10.2141 89.4863
263 10.2174 89.4484
447 10.2205 89.4108
718 10.2238 89.372
106 10.2269 89.3356
364 10.2304 89.295
792 10.2338 89.2545
719 10.2371 89.216
568 10.2401 89.1796
803 10.2433 89.142
39 10.2464 89.1056
678 10.2499 89.0649
495 10.2536 89.0212
615 10.257 88.9806
199 10.26 88.9452
547 10.2634 88.9056
316 10.2667 88.8665
386 10.2698 88.8293
953 10.2731 88.791
815 10.2764 88.7514
914 10.2796 88.7145
247 10.2829 88.6752
570 10.2863 88.6358
585 10.2891 88.6018
1 10.2925 88.5623
693 10.2958 88.5237
405 10.299 88.4856
546 10.3028 88.4405
969 10.3058 88.4049
446 10.3091 88.3664
304 10.3123 88.3281
301 10.3158 88.287
560 10.3196 88.2428
868 10.3224 88.2093
300 10.3259 88.1686
982 10.3291 88.131
138 10.3321 88.0952
750 10.3353 88.0577
203 10.3455 87.9365
955 10.3545 87.8312
95 10.3628 87.7334
31 10.3716 87.6296
905 10.3795 87.5362
380 10.3866 87.4523
827 10.4136 87.134
153 10.4627 86.5547
178 10.5121 85.972
399 10.5544 85.4727
637 10.597 84.9708
825 10.6451 84.4036
780 10.6854 83.9279
759 10.7237 83.4766
75 10.763 83.0131
240 10.8025 82.5468
339 10.8438 82.0602
457 10.8815 81.6149
796 10.9181 81.1832
991 10.9524 80.7792
119 10.9873 80.3672
916 11.0064 80.1427
686 11.0299 79.8646
298 11.0487 79.6431
90 11.0662 79.4369
892 11.085 79.2147
830 11.105 78.9788
860 11.1253 78.7395
436 11.1445 78.5136
361 11.1657 78.2633
556 11.1846 78.0401
554 11.2035 77.8177
346 11.2243 77.5717
429 11.2448 77.3308
551 11.2641 77.1034
500 11.2848 76.8593
944 11.302 76.6555
728 11.3227 76.4116
433 11.343 76.1725
169 11.363 75.9368
426 11.3945 75.5654
445 11.4346 75.0917
321 11.4683 74.6949
374 11.5045 74.2678
3 11.5443 73.7977
694 11.5766 73.4172
371 11.6093 73.0317
657 11.636 72.7165
966 11.6654 72.37
717 11.7132 72.2952
479 11.7604 72.2215
224 11.8032 72.1545
639 11.8506 72.0803
890 11.899 72.0047
207 11.9507 71.9238
667 12.0342 71.7932
326 12.1224 71.6553
411 12.2132 71.5134
398 12.2939 71.3872
747 12.372 71.2651
325 12.4419 71.1558
846 13.5976 69.3475
772 14.175 68.4445
965 14.6755 67.6617
680 14.5282 67.4845
502 14.3865 67.3138
400 14.2441 67.1424
130 14.0994 66.9683
81 13.9534 66.7926
784 13.8015 66.6097
739 13.6623 66.4422
162 13.5219 66.2732
338 13.3755 66.097
272 13.2328 65.9252
503 13.0863 65.7489
277 12.93 65.5607
665 12.7794 65.3794
607 12.6318 65.2018
703 12.4907 65.032
939 12.3438 64.8552
218 12.2266 64.714
376 12.2266 64.714
799 12.2266 64.714
255 12.2266 64.714
77 12.2266 64.714
192 12.2266 64.714
97 12.2266 64.714
948 12.2266 64.714
517 12.2266 64.714
879 12.2266 64.714
630 12.2266 64.714
970 12.2266 64.714
381 12.2266 64.714
691 12.2077 63.8703
589 12.1904 63.102
505 12.1735 62.3451
219 12.1682 62.113
234 12.1623 61.851
347 12.1564 61.5917
427 12.1508 61.344
14 12.1441 61.0459
734 12.1356 60.6671
524 12.126 60.2423
531 12.1155 59.7759
166 12.1053 59.323
196 12.0965 58.9345
131 12.0874 58.5315
760 12.0777 58.0979
677 12.0677 57.6576
764 12.058 57.2262
925 12.0476 56.7647
122 12.0372 56.3045
482 12.0628 56.1959
565 12.093 56.0673
114 12.1213 55.9467
352 12.1541 55.807
698 12.1838 55.6809
373 12.2111 55.5647
527 12.2371 55.4542
805 12.2646 55.3368
214 12.2911 55.2243
47 12.3195 55.1036
708 12.3471 54.9859
182 12.3765 54.8609
336 12.4038 54.7448
956 12.432 54.6248
496 12.4615 54.4992
34 12.4865 54.3926
981 12.519 54.2546
174 12.5529 54.1101
279 12.5847 53.9746
324 12.6177 53.8342
123 12.4671 53.0955
57 12.3519 52.5306
909 12.2374 51.9692
972 12.1258 51.4217
749 12.0094 50.851
46 11.8935 50.2827
222 11.8533 50.0859
534 11.8119 49.8826
958 11.7682 49.6683
283 11.7682 49.6683
212 11.7682 49.6683
758 11.7682 49.6683
157 11.7682 49.6683
303 11.7682 49.6683
936 11.7682 49.6683
858 11.7682 49.6683
116 11.7682 49.6683
128 11.7682 49.6683
341 11.7682 49.6683
652 11.7682 49.6683
312 11.7682 49.6683
797 11.7682 49.6683
154 11.7682 49.6683
841 11.7682 49.6683
476 11.7682 49.6683
863 11.7682 49.6683
10 11.7682 49.6683
770 11.7682 49.6683
616 11.7682 49.6683
423 11.7682 49.6683
100 11.7682 49.6683
489 11.7682 49.6683
990 11.7682 49.6683
228 11.7682 49.6683
731 11.7682 49.6683
384 11.7682 49.6683
849 11.7682 49.6683
463 11.6789 47.9255
330 11.59 46.1903
148 11.5202 44.8278
663 11.45 43.4582
542 11.3767 42.0274
949 11.2918 40.3704
499 11.1869 38.323
121 11.0514 35.6754
268 11.0066 35.6155
86 10.9632 35.5574
65 10.9277 35.5098
328 10.8852 35.453
898 10.8453 35.3996
943 13.5778 35.7099
37 15.8946 35.9731
915 15.1256 32.3526
829 14.9899 31.714
205 14.8508 31.059
700 14.6904 30.3042
32 14.5057 29.4345
439 13.9415 26.7788
125 13.9415 26.7788
514 13.9415 26.7788
602 13.9064 26.4956
836 13.8724 26.2225
985 13.84 25.961
87 13.8036 25.6683
74 13.7611 25.3258
299 13.7209 25.0024
572 13.6821 24.6902
794 13.6431 24.3759
4 13.6008 24.0352
133 13.5571 23.6839
710 13.5102 23.306
331 13.4608 22.9086
348 13.4124 22.5186
661 13.3701 22.1779
258 13.3256 21.82
641 13.2813 21.4636
474 13.2344 21.086
402 13.1864 20.6994
673 13.1382 20.3114
588 13.0864 19.8944
899 13.0419 19.5357
902 12.9903 19.1203
881 12.9304 18.6379
61 12.8981 18.3782
8 12.867 18.1278
187 12.867 18.1278
211 12.9046 17.9085
629 12.9408 17.697
674 12.9722 17.5139
643 13.0037 17.3299
455 13.0333 17.157
362 13.0677 16.9561
254 13.1023 16.7542
646 13.1358 16.5589
741 13.1688 16.3662
366 13.2045 16.1575
702 13.2377 15.9638
682 13.2724 15.7609
963 13.3068 15.5602
722 13.4463 14.7458
812 13.4994 14.4362
488 14.7054 14.4461
412 15.6813 14.4541
246 23.66 14.5197
883 27.5716 14.5518
307 28.7136 14.5611
284 29.8491 14.5705
64 31.267 14.5821
111 32.8445 14.5951
518 34.2245 14.6064
287 34.2725 15.1218
310 34.3215 15.6478
407 34.3661 16.1271
351 34.4147 16.6501
573 34.47 17.2434
704 34.5238 17.8214
363 34.5772 18.3952
669 34.6339 19.0043
626 34.7703 20.4707
337 34.8995 21.858
221 35.0372 23.3377
26 35.1341 24.3787
486 35.2483 25.6055
379 35.2626 25.7601
709 35.2773 25.9177
824 35.2927 26.0826
869 35.3083 26.2509
822 35.3222 26.4002
787 35.3374 26.5632
191 35.3527 26.728
549 35.3674 26.8858
653 38.1724 27.799
853 38.8161 28.0086
250 39.4628 28.2192
419 39.9993 28.3939
934 39.9993 28.3939
164 39.9993 28.3939
467 39.9993 28.3939
160 39.9993 28.3939
480 39.9993 28.3939
555 39.9993 28.3939
257 39.8987 28.4802
586 39.8032 28.5622
278 39.7047 28.6468
261 39.6222 28.7176
785 39.5329 28.7943
655 30.4907 36.5577
543 28.9688 37.8645
771 28.0224 38.677
612 28.0224 38.677
679 28.0224 38.677
38 28.0224 38.677
687 28.0224 38.677
397 28.0224 38.677
7 28.0224 38.677
619 28.0224 38.677
783 28.0224 38.677
354 28.0224 38.677
688 28.6779 40.204
529 28.7338 40.3342
388 28.7948 40.4763
49 28.8594 40.6268
566 28.9144 40.7551
692 28.9656 40.8744
790 29.0178 40.9958
989 28.9954 41.678
748 28.9747 42.3113
475 28.9543 42.9348
78 28.9348 43.5326
89 28.9131 44.1947
664 28.9011 44.5628
876 28.8872 44.988
811 28.875 45.3599
151 28.8608 45.7936
147 28.8451 46.2762
723 28.8316 46.6887
302 28.8171 47.1295
778 28.8032 47.5557
706 28.7905 47.9444
508 28.7755 48.4035
237 28.76 48.8765
414 28.7475 49.2582
603 28.7317 49.7432
922 28.7167 50.2004
233 28.7037 50.5975
510 28.6921 50.9515
438 28.6817 51.2713
545 28.6686 51.6705
525 28.6568 52.0305
756 28.643 52.4529
809 28.6303 52.8404
533 28.6198 53.1639
413 28.6155 53.2943
269 28.6108 53.4374
633 28.6061 53.5815
891 28.601 53.7362
493 28.5961 53.8884
938 28.5919 54.0164
142 28.5875 54.1509
11 28.583 54.2887
535 28.5707 54.6629
267 28.5558 55.118
913 28.5428 55.518
403 28.5292 55.9334
908 28.5 56.8255
391 28.459 58.0775
929 28.3596 61.1162
701 28.2433 64.6661
640 28.2425 64.6914
308 28.2416 64.719
897 28.2407 64.7456
729 28.2399 64.7723
21 28.239 64.7997
59 28.2382 64.8238
735 28.2373 64.8501
599 28.2364 64.8771
839 28.2356 64.9025
705 28.2347 64.9292
927 28.2338 64.9589
901 28.2329 64.9845
903 28.232 65.0118
79 28.2312 65.0378
601 28.2302 65.0665
451 28.2294 65.0926
422 28.2285 65.1193
365 28.2026 65.9087
662 28.1751 66.7484
574 28.1549 67.3648
658 28.1351 67.9674
550 28.1175 68.5071
946 28.1142 68.6067
329 28.1111 68.6997
113 28.1077 68.8041
888 28.2012 68.9106
600 28.2886 69.0102
327 28.3748 69.1085
382 28.4596 69.2052
733 28.5505 69.3088
571 28.6474 69.4192
720 28.7339 69.5178
349 28.8236 69.6199
507 28.9146 69.7237
788 29.0225 69.8466
645 29.132 69.9715
390 29.239 70.0934
220 29.3475 70.2171
954 29.4682 70.3546
124 29.5739 70.4751
132 29.6619 70.5754
266 29.7809 70.7111
404 29.9026 70.8497
252 30.0167 70.9798
175 30.1193 71.0967
910 30.2267 71.2191
225 30.3312 71.3382
596 30.4242 71.4442
878 30.5221 71.5557
872 30.6235 71.6713
604 30.7185 71.7796
144 30.8206 71.8959
976 30.8518 71.9315
359 30.8799 71.9635
635 30.9099 71.9977
730 30.9425 72.0348
537 30.9736 72.0704
726 31.0042 72.1052
950 31.0634 72.1727
41 31.1268 72.2449
501 31.1795 72.305
587 31.2349 72.3681
971 31.2931 72.4344
957 31.3524 72.5021
552 31.4279 72.588
275 31.5119 72.6839
454 31.6048 72.7897
526 31.6848 72.8808
924 31.7682 72.9759
99 31.93 73.1603
789 32.1003 73.3545
189 32.2811 73.5605
16 32.4401 73.7417
294 32.6061 73.9309
167 32.6221 73.9491
638 32.6389 73.9683
141 32.6551 73.9867
689 33.0352 73.6476
2 33.3906 73.3305
806 33.81 72.9563
223 34.2689 72.5469
591 34.7816 72.0895
292 35.2687 71.6549
614 35.9782 71.0218
540 36.7319 70.3494
226 37.4361 69.7212
270 38.2443 69.0001
484 39.3955 67.973
453 40.4045 67.0728
683 40.9681 66.57
216 41.5536 66.0476
468 42.0504 65.6044
855 42.0504 65.6044
91 42.0504 65.6044
350 42.1789 65.3567
724 42.3176 65.0894
137 42.4703 64.7952
104 42.6258 64.4955
576 42.7781 64.2021
171 42.9253 63.9183
523 43.079 63.6221
459 43.2395 63.313
54 43.4019 62.9999
101 43.5649 62.6859
30 43.7146 62.3975
715 43.8635 62.1105
804 44.02 61.8088
410 44.1754 61.5093
80 44.3317 61.2082
291 44.5779 60.7339
56 44.8366 60.2355
472 45.1135 59.7021
127 45.1168 59.6958
810 45.12 59.6897
522 45.1204 59.6889
923 45.1208 59.6881
180 45.1212 59.6873
912 45.1216 59.6865
765 45.1221 59.6857
370 45.1225 59.6849
461 45.1229 59.684
621 45.1233 59.6833
512 45.1237 59.6825
779 45.4671 60.0726
597 45.749 60.3929
281 46.046 60.7303
558 46.3649 61.0926
282 46.6783 61.4487
286 46.9669 61.7765
85 47.2395 62.0862
186 47.4818 62.3615
471 47.7337 62.6477
188 48.0261 62.98
264 48.3122 63.3049
109 48.6442 63.6822
769 48.9239 63.9999
857 49.1074 64.2084
94 49.2742 64.3979
617 49.407 64.5487
163 49.5362 64.6956
732 49.673 64.8509
964 49.8406 65.0414
968 49.9946 65.2164
798 50.1398 65.3814
986 50.296 65.5588
676 50.4362 65.7181
743 50.5939 65.8973
987 50.7598 66.0857
791 50.884 66.2268
440 51.0192 66.3804
762 51.1422 66.5202
577 51.2598 66.6537
625 51.3884 66.7998
161 51.5156 66.9444
84 51.6486 67.0955
35 51.7787 67.2433
134 51.9094 67.3918
498 52.0428 67.5433
632 53.679 69.4028
595 55.257 71.1959
208 55.3719 71.4076
235 55.484 71.614
894 55.6117 71.8492
513 55.8026 72.2008
280 55.9995 72.5636
782 56.1685 72.8748
126 56.3422 73.1949
369 56.5116 73.5068
642 56.6637 73.7871
801 56.6637 73.7871
259 56.6637 73.7871
921 56.9284 73.6308
315 57.2062 73.4668
140 57.4523 73.3214
895 57.8872 73.0646
432 58.4549 72.7294
671 59.0108 72.401
847 59.5832 72.063
605 60.1165 71.7481
509 60.6576 71.4285
904 61.2145 71.0997
18 61.7374 70.7909
538 62.2922 70.4632
9 62.4434 70.374
112 62.6154 70.2724
582 62.7978 70.1647
744 63.0176 70.0349
654 63.2187 69.9161
727 63.4164 69.7994
67 63.6132 69.6831
668 63.8017 69.5718
152 64.0087 69.4496
378 64.1746 69.3516
975 64.783 68.9923
900 65.2509 68.716
293 65.6316 68.4912
460 65.9251 68.3359
340 66.2795 68.1483
238 66.6386 67.9583
767 67.026 67.7533
962 67.266 67.6263
51 67.5048 67.4999
867 67.7642 67.3626
942 68.0225 67.2259
393 68.2483 67.1064
656 68.5052 66.9705
837 68.7248 66.8542
290 68.9513 66.7344
173 69.185 66.6107
385 69.4619 66.4642
383 69.7057 66.3352
852 69.9306 66.2161
110 70.1476 66.1013
579 70.3661 65.9856
332 70.6066 65.8584
941 69.9188 62.6205
117 69.392 60.1404
515 69.3121 59.7638
583 69.208 59.2738
143 69.1061 58.7942
907 69.0526 58.5423
190 68.994 58.2662
478 68.9367 57.9967
926 68.8728 57.6956
850 68.8197 57.4458
650 68.7673 57.1987
420 68.7075 56.9172
670 68.6407 56.6029
102 68.6407 56.6029
201 68.6407 56.6029
920 68.6407 56.6029
232 64.2588 53.8048
647 63.7361 53.535
485 63.1675 53.2415
68 62.6045 52.9509
606 60.2909 51.7565
842 57.9716 50.5592
194 53.9715 48.494
452 53.8519 48.4323
155 53.7489 48.3791
978 53.658 48.3322
793 53.5564 48.2797
342 53.444 48.2217
396 53.3508 48.1736
870 53.2363 48.1145
210 53.1271 48.0582
519 53.3209 47.5973
314 53.5309 47.0979
70 53.5309 47.0979
945 53.5885 46.1323
43 53.6574 44.9777
27 53.7213 43.9058
357 53.7422 43.555
492 53.7634 43.1995
843 53.7878 42.7914
358 53.8171 42.3006
197 53.8412 41.8954
276 53.8642 41.5111
875 53.8895 41.0863
848 53.9156 40.6493
844 53.9454 40.1495
751 53.9755 39.6442
681 54.0023 39.1956
6 54.028 38.764
644 54.028 38.764
623 54.0048 38.7826
675 53.9855 38.798
458 53.9651 38.8143
69 53.9426 38.8322
217 53.9217 38.8489
262 53.8998 38.8664
63 52.3507 37.3134
421 50.1918 35.1489
834 48.5588 33.5117
862 48.5588 33.5117
917 48.5829 33.4984
716 48.6097 33.4836
356 48.6342 33.47
66 49.539 32.9708
906 50.4479 32.4692
19 51.5678 31.8513
873 52.7817 31.1815
45 53.9642 30.5289
594 53.9642 30.5289
209 54.0622 30.4122
828 54.1604 30.2952
930 54.2538 30.184
355 54.3537 30.0649
634 54.4531 29.9466
377 54.5535 29.8269
935 54.6513 29.7104
289 55.2567 28.9892
781 55.9485 28.165
55 56.628 27.3555
831 57.3424 26.5045
865 57.9857 25.7381
821 59.5424 23.8836
103 66.5307 15.5583
959 67.0825 15.7403
598 67.6371 15.9232
819 68.1539 16.0936
581 68.7144 16.2785
24 69.3324 16.4823
295 69.9352 16.6811
777 70.5432 16.8816
176 71.6312 17.2404
504 73.1691 17.7475
721 75.0283 18.3606
