0,959,419,6,828,819,598,295,581,24,721,176,504,831,103,777,289,873,250,209,834,555,653,26,27,164,785,19,865,751,681,480,160,111,586,626,934,257,278,261,853,518,643,64,307,669,363,704,573,407,351,287,310,549,337,883,822,915,205,379,151,486,467,197,935,917,452,930,458,906,421,66,821,358,43,634,355,55,875,323,357,781,286,623,844,276,594,675,85,186,63,69,978,842,117,155,262,566,843,461,370,512,522,194,342,472,597,101,945,783,498,492,870,848,716,180,356,862,210,989,790,692,191,706,811,687,7,688,493,237,89,147,778,302,839,913,876,438,413,127,603,679,535,414,174,37,723,142,922,49,543,664,508,269,475,525,908,619,748,388,11,663,397,422,756,841,476,38,78,65,221,655,612,121,869,32,829,787,529,439,943,824,709,702,354,125,985,661,836,602,902,284,641,246,899,366,211,682,629,812,674,741,187,588,362,722,61,412,488,254,881,8,646,331,673,710,299,455,474,794,348,74,963,898,268,133,402,4,572,258,86,87,700,228,542,341,154,514,534,616,328,499,958,283,212,123,116,858,909,731,222,463,373,990,46,770,384,423,10,527,312,330,489,496,652,805,157,749,128,214,47,565,196,764,677,760,131,863,122,849,936,403,100,797,505,166,758,949,182,148,279,698,705,57,336,901,391,352,771,376,970,630,635,879,552,601,524,717,255,966,303,784,703,739,81,114,747,694,939,708,734,14,427,347,234,219,948,589,972,925,218,531,130,3,554,445,298,224,277,825,639,436,371,799,381,686,77,615,667,207,860,119,796,551,361,192,457,607,97,888,411,482,665,503,184,272,517,447,1,263,557,446,546,556,759,90,300,108,570,364,792,719,568,803,39,678,868,585,495,916,200,711,203,955,95,31,905,892,13,469,401,736,444,693,360,75,399,321,718,426,169,433,728,944,240,991,830,178,153,374,890,637,695,442,325,988,969,304,301,405,199,547,316,386,953,815,914,247,213,183,651,48,288,115,380,236,827,106,750,435,338,346,628,780,657,502,973,138,50,521,933,333,249,918,859,885,58,88,244,886,428,96,368,28,409,20,456,593,768,611,753,491,776,306,714,871,15,490,17,430,296,786,578,36,227,982,93,699,833,44,462,441,761,773,712,560,431,487,424,418,76,631,658,954,168,574,124,878,789,730,99,41,608,701,266,220,726,697,720,339,924,600,537,16,167,946,443,897,846,591,550,599,872,56,80,680,326,398,113,429,526,454,79,479,162,500,400,604,965,950,501,729,957,545,640,633,382,390,510,34,956,772,927,359,137,891,645,903,912,971,735,587,733,349,275,327,981,571,938,691,132,507,788,59,267,451,233,324,329,855,576,410,104,596,291,617,910,798,468,225,264,188,163,484,676,282,968,216,459,558,923,715,30,765,929,134,779,809,365,732,54,533,683,471,175,171,632,109,804,577,281,35,793,621,791,743,161,769,91,112,986,857,208,9,582,647,126,248,68,315,229,432,290,509,847,51,238,340,654,904,378,173,744,801,335,832,987,921,754,746,369,880,782,416,895,259,319,437,539,320,406,755,861,513,671,193,800,807,840,649,947,826,672,540,82,223,294,226,662,270,976,94,894,235,802,689,724,350,563,523,141,241,564,806,561,189,614,308,404,144,21,252,562,172,394,256,60,659,814,763,795,757,253,120,448,548,752,569,610,73,696,22,808,72,146,271,309,470,738,960,877,139,638,150,974,265,919,231,874,181,389,707,230,53,2,92,292,392,215,866,375,530,766,449,367,5,559,952,516,961,613,206,129,239,165,532,343,62,541,434,105,511,882,774,118,23,713,305,636,737,940,140,395,536,408,179,931,575,245,42,415,887,642,690,851,816,280,317,618,896,344,584,624,156,40,481,18,937,313,567,856,980,984,202,273,177,185,992,620,544,911,580,285,318,149,845,854,494,817,775,353,820,158,464,52,928,135,893,666,648,417,823,864,983,725,740,889,322,450,372,528,473,204,685,25,311,660,975,622,460,83,465,818,251,742,813,159,297,477,71,12,145,727,852,478,393,420,650,668,579,837,190,941,201,867,334,605,485,762,440,907,538,519,293,453,810,84,964,625,515,232,553,143,466,644,217,45,606,377,609,29,745,195,583,314,396,152,102,70,242,951,767,198,932,670,425,942,926,850,592,656,67,962,595,332,110,385,383,900,506,136,977,884,107,387,838,920,170,684,497,274,967,520,33,590,98,835,260,483,627,243,979,345,
value : 553.595 running time : 30.258346
0 80 20
959 68.7295 21.8476
419 62.5927 22.8541
6 62.5927 22.8541
828 62.5927 22.8541
819 62.5441 21.8276
598 62.4934 20.7554
295 62.4412 19.6532
581 62.3858 18.4821
24 62.3311 17.3257
721 62.2672 15.9755
176 62.2672 15.9754
504 62.2672 15.9754
831 62.2672 15.9754
103 62.2672 15.9754
777 58.6409 18.216
289 53.149 21.6089
873 51.3563 22.7167
250 49.7583 23.7042
209 48.5829 24.4305
834 47.5187 25.0882
555 47.3472 25.1943
653 47.1673 25.3055
26 46.9827 25.4196
27 46.8113 25.5256
164 46.5041 25.7155
785 46.1865 25.9117
19 45.862 26.1124
865 45.5525 26.3037
751 45.2374 26.4984
681 44.8467 26.74
480 42.6939 28.0702
160 42.4674 27.4933
111 42.243 26.9219
586 42.0408 26.4069
626 41.8428 25.9024
934 41.8428 25.9024
257 41.8428 25.9024
278 41.8428 25.9023
261 41.5319 25.0064
853 41.226 24.1249
518 38.8412 17.2475
643 36.1675 19.2588
64 36.1675 19.2588
307 36.1675 19.2588
669 36.1675 19.2588
363 36.0984 19.5831
704 36.0265 19.9209
573 35.9532 20.2654
407 35.8777 20.6197
351 35.7871 21.0454
287 35.6302 21.7828
310 35.203 23.7922
549 34.5895 26.68
337 34.483 27.1803
883 34.3593 27.7615
822 34.2162 28.434
915 34.0639 29.1495
205 33.9066 29.8888
379 34.6789 30.2852
151 35.4464 30.679
486 36.2153 31.0736
467 38.9212 32.4629
197 41.7605 33.9207
935 43.3333 34.7281
917 44.8166 35.4894
452 46.4699 36.3381
930 48.0545 37.1515
458 49.1975 37.7382
906 50.2044 38.2549
421 51.1675 38.7492
66 52.5204 39.4436
821 53.916 40.16
358 54.1276 40.2685
43 54.3306 40.3726
634 54.5285 40.4742
355 54.7239 40.5744
55 54.9212 40.6756
875 56.3471 41.4076
323 57.7595 42.1327
357 57.1793 42.6272
781 56.5582 43.1564
286 53.5012 45.7634
623 53.5012 45.7634
844 53.5012 45.7634
276 53.5012 45.7634
594 53.5012 45.7634
675 53.5012 45.7634
85 53.5012 45.7634
186 53.5012 45.7634
63 53.5012 45.7634
69 53.5012 45.7634
978 53.5012 45.7634
842 53.5012 45.7634
117 53.0839 45.7388
155 51.5284 45.6474
262 50.1821 45.5682
566 48.7974 45.4867
843 47.7575 45.4255
461 46.7308 45.365
370 45.8429 45.3127
512 45.6962 45.304
522 45.5502 45.2954
194 45.4081 45.2869
342 45.2678 45.2786
472 45.1268 45.2702
597 44.9845 45.2618
101 44.836 45.253
945 44.6761 45.2435
783 44.5131 45.2338
498 44.37 45.2253
492 44.0313 45.2053
870 43.6725 45.184
848 43.2754 45.1606
716 42.8708 45.1366
180 42.4289 45.1105
356 41.9974 45.085
862 41.5682 45.0597
210 41.1418 45.0345
989 40.712 45.0091
790 40.2894 44.9841
692 39.867 44.9591
191 39.4498 44.9345
706 37.6696 45.6494
811 36.1168 46.2731
687 35.0233 46.7122
7 33.9481 47.144
688 32.5571 47.7026
493 31.4611 48.1428
237 31.3493 48.1186
89 31.2321 48.0933
147 31.114 48.0678
778 30.9949 48.0421
302 30.8736 48.0159
839 30.7546 47.9902
913 30.6244 47.9621
876 30.4977 47.9348
438 30.366 47.9063
413 30.2429 47.8797
127 30.1207 47.8533
603 29.7582 47.7751
679 29.381 47.6938
535 29.017 47.6152
414 28.6619 47.5386
174 28.3103 47.4627
37 28.3103 47.4627
723 28.3103 47.4627
142 28.3103 47.4627
922 28.3103 47.4627
49 28.1815 47.3682
543 28.04 47.2644
664 27.9036 47.1644
508 27.7764 47.0711
269 27.6459 46.9754
475 27.5058 46.8726
525 27.3747 46.7765
908 27.2429 46.6799
619 27.1135 46.5849
748 26.9777 46.4853
388 26.8396 46.384
11 26.7031 46.2839
663 26.5669 46.184
397 26.4483 46.097
422 26.3314 46.0113
756 25.8776 45.6785
841 20.731 41.9036
476 20.6593 41.1676
38 20.584 40.3948
78 20.4898 39.4287
65 20.3921 38.4269
221 20.2997 37.4791
655 20.2481 36.9491
612 20.1942 36.3963
121 20.1407 35.8463
869 20.0889 35.3142
32 20.0382 34.7939
829 19.9854 34.2522
787 19.9327 33.7112
529 19.9327 33.7112
439 18.7448 30.0826
943 18.5831 29.5887
824 18.4195 29.0889
709 18.2558 28.5888
702 18.125 28.2462
354 17.9993 27.9168
125 17.8714 27.5819
985 17.7401 27.2379
661 17.6025 26.8773
836 17.464 26.5147
602 17.3237 26.147
902 17.1839 25.7811
284 17.0448 25.4167
641 16.9067 25.0548
246 16.7674 24.6899
899 15.6168 23.017
366 14.5151 21.4151
211 13.441 19.8534
682 12.4665 18.4368
629 11.5908 17.164
812 10.8655 16.1098
674 10.8655 16.1098
741 10.8655 16.1098
187 10.8655 16.1098
588 10.8655 16.1098
362 10.8655 16.1098
722 10.8655 16.1098
61 10.8655 16.1098
412 10.8655 16.1099
488 10.8655 16.1099
254 10.8657 16.1238
881 10.8659 16.1364
8 10.8662 16.1499
646 10.8848 17.2187
331 10.9043 18.3347
673 10.9229 19.4014
710 10.9401 20.3862
299 10.9556 21.2676
455 10.9701 22.0961
474 10.9845 22.9162
794 10.9982 23.7017
348 11.0112 24.4422
74 11.0263 25.3067
963 11.0417 26.1864
898 11.0575 27.0856
268 11.0706 27.8337
133 11.0834 28.5627
402 11.0964 29.3041
4 11.1103 30.1022
572 11.1255 30.9696
258 11.1415 31.8842
86 11.1638 33.1632
87 11.1892 34.6195
700 11.214 36.0413
228 11.2372 37.3752
542 11.2584 38.5869
341 11.2587 38.6053
154 11.259 38.6227
514 11.2593 38.6392
534 11.2751 39.5421
616 11.2869 40.2154
328 11.2985 40.873
499 11.3118 41.6318
958 11.3259 42.4354
283 11.3412 43.3064
212 11.3584 44.2855
123 11.3768 45.3354
116 11.396 46.4333
858 11.3981 46.5492
909 11.4001 46.6652
731 11.4021 46.7792
222 11.4042 46.8975
463 11.4063 47.0148
373 11.4084 47.131
990 11.4104 47.2448
46 11.4125 47.3633
770 11.4147 47.4872
384 11.4169 47.6126
423 11.4192 47.7426
10 11.4216 47.8781
527 11.4243 48.032
312 11.4267 48.1684
330 11.4292 48.3098
489 11.4328 48.5124
496 11.4363 48.71
652 11.4399 48.9156
805 11.4436 49.1261
157 11.4473 49.3326
749 11.4509 49.5368
128 11.4546 49.7461
214 11.4585 49.97
47 11.4622 50.1791
565 11.4659 50.3859
196 11.4694 50.587
764 11.4726 50.7688
677 11.4755 50.9319
760 11.4784 51.0939
131 11.4809 51.2392
863 11.481 51.2418
122 11.481 51.2453
849 11.7904 51.6707
936 12.1931 52.2242
403 12.5983 52.7813
100 12.6787 52.9234
797 12.7598 53.0669
505 12.8422 53.2126
166 12.926 53.3608
758 13.012 53.513
949 13.0983 53.6656
182 13.1918 53.831
148 13.2852 53.9961
279 13.586 54.5281
698 13.8801 55.0483
705 14.1827 55.5834
57 14.4115 55.9881
336 14.741 56.571
901 15.0802 57.1709
391 15.0802 57.1709
352 15.0802 57.1709
771 15.0802 57.1709
376 15.0948 58.5948
970 15.1146 60.4952
630 15.1341 62.3582
635 15.1527 64.1386
879 14.5959 64.0451
552 13.979 63.9414
601 13.3822 63.8412
524 12.7981 63.7432
717 12.265 63.6537
255 11.7103 63.5605
966 11.1599 63.4681
303 11.1448 63.4655
784 11.1301 63.4631
703 11.1153 63.4606
739 11.1007 63.4581
81 11.0855 63.4555
114 11.0688 63.4527
747 11.0512 63.4498
694 11.0341 63.4469
939 11.0341 63.4469
708 11.0341 63.4469
734 11.0407 63.6132
14 11.0472 63.7764
427 11.0535 63.9348
347 11.0595 64.0862
234 11.0658 64.2438
219 11.0723 64.408
948 11.0787 64.568
589 11.0847 64.719
972 11.0908 64.8722
925 11.0974 65.038
218 11.1044 65.2137
531 11.1636 66.72
130 11.2551 69.0537
3 11.3537 71.5678
554 11.4631 74.3639
445 11.4631 74.3639
298 11.4631 74.3639
224 11.4631 74.3639
277 11.4631 74.3639
825 11.4631 74.3639
639 11.4631 74.3639
436 11.4631 74.3639
371 11.4631 74.3639
799 11.4631 74.3639
381 11.4631 74.3639
686 11.4631 74.3639
77 11.4631 74.3639
615 11.4992 74.4412
667 11.5315 74.5102
207 11.5666 74.5852
860 11.607 74.6716
119 11.6459 74.7547
796 11.6873 74.8433
551 11.7266 74.9274
361 11.7641 75.0074
192 11.801 75.0863
457 11.8451 75.1806
607 11.8872 75.2707
97 11.933 75.3686
888 11.9809 75.4709
411 11.9716 75.5272
482 11.9585 75.6063
665 11.9445 75.6911
503 11.9298 75.78
184 11.9149 75.8702
272 11.9012 75.9535
517 11.8856 76.0481
447 11.1163 80.7085
1 11.0372 81.1876
263 10.9753 81.563
557 10.9252 81.8661
446 10.8805 82.1371
546 10.8393 82.3869
556 10.7974 82.6406
759 10.7502 82.9268
90 10.7034 83.2101
300 10.6545 83.5062
108 10.6095 83.779
570 10.5669 84.0371
364 10.521 84.3153
792 10.4789 84.57
719 10.4366 84.8265
568 10.3938 85.086
803 10.3547 85.3227
39 10.3161 85.5568
678 10.2917 85.7042
868 10.2687 85.8438
585 10.2599 85.8972
495 10.2524 85.9428
916 10.2444 85.9907
200 10.2357 86.0437
711 10.2281 86.0898
203 10.2213 86.1312
955 10.2141 86.1748
95 10.2063 86.2221
31 10.1987 86.2676
905 10.1909 86.315
892 10.183 86.3629
13 10.1749 86.4124
469 10.1679 86.4543
401 10.1604 86.5
736 10.153 86.5448
444 10.1457 86.5889
693 10.1382 86.6346
360 10.1314 86.6758
75 10.1243 86.7189
399 10.1168 86.7641
321 10.1096 86.808
718 10.1017 86.8556
426 10.0943 86.9006
169 10.0867 86.9462
433 10.0795 86.9903
728 10.0719 87.0364
944 10.0631 87.0895
240 10.0544 87.1424
991 10.0458 87.1945
830 10.0265 87.3109
178 10.0035 87.4502
153 9.97981 87.594
374 9.95739 87.7298
890 9.92786 87.9087
637 9.88238 88.1843
695 9.84045 88.4383
442 9.79341 88.7232
325 9.74887 88.9931
988 9.69788 89.302
969 9.70957 89.2988
304 9.72149 89.2955
301 9.73322 89.2923
405 9.74485 89.2891
199 9.75699 89.2858
547 9.76914 89.2825
316 9.78192 89.279
386 9.79409 89.2756
953 9.80567 89.2725
815 9.81829 89.269
914 9.83014 89.2658
247 9.84264 89.2623
213 9.85434 89.2591
183 11.0064 88.9438
651 11.8695 88.7075
48 11.8695 88.7075
288 11.8695 88.7075
115 11.8695 88.7075
380 11.8695 88.7075
236 11.8695 88.7075
827 11.8695 88.7075
106 11.8695 88.7075
750 11.8695 88.7075
435 11.8695 88.7075
338 13.4979 80.4953
346 13.7631 80.7559
628 14.0376 81.0255
780 14.3215 81.3045
657 14.6086 81.5865
502 15.0376 82.008
973 17.3017 84.2344
138 18.4917 85.404
50 19.7426 86.6337
521 20.8805 87.7521
933 20.9683 87.8384
333 21.0539 87.9225
249 21.1465 88.0133
918 21.2397 88.1049
859 21.3267 88.1904
885 21.4123 88.2744
58 21.4963 88.3569
88 21.581 88.4401
244 21.6709 88.5284
886 21.7652 88.621
428 21.8684 88.7223
96 21.9689 88.821
368 22.0619 88.9124
28 22.1582 89.0069
409 22.2446 89.0918
20 22.3271 89.1728
456 22.3179 89.1453
593 22.3087 89.118
768 22.2996 89.0909
611 22.2903 89.0631
753 22.2745 89.0159
491 22.2589 88.9691
776 22.2427 88.9209
306 22.2262 88.8716
714 22.2092 88.8208
871 22.1909 88.7662
15 22.1723 88.7106
490 22.1527 88.6522
17 22.1335 88.5948
430 22.1141 88.537
296 22.0923 88.4718
786 22.0707 88.4074
578 22.0486 88.3414
36 22.0259 88.2737
227 22.0029 88.205
982 21.974 88.1188
93 21.974 88.1187
699 21.974 88.1187
833 21.974 88.1187
44 21.974 88.1187
462 21.974 88.1187
441 21.974 88.1186
761 21.974 88.1186
773 21.974 88.1186
712 21.974 88.1186
560 21.974 88.1186
431 21.9741 88.1185
487 21.9741 88.1185
424 21.9741 88.1185
418 21.9741 88.1185
76 21.9741 88.1185
631 21.9741 88.1184
658 22.2448 87.3647
954 22.6697 86.1804
168 23.3344 84.328
574 24.0074 82.4528
124 24.667 80.6157
878 25.2715 78.9322
789 25.4034 78.5654
730 25.5341 78.202
99 25.6632 77.8429
41 25.7935 77.4807
608 25.9217 77.1242
701 26.0496 76.7686
266 26.1806 76.4042
220 26.3112 76.0412
726 26.4423 75.6766
697 26.5752 75.3069
720 26.7047 74.947
339 26.8159 74.6378
924 26.9291 74.323
600 27.0431 74.0059
537 27.1588 73.6843
16 27.2748 73.3618
167 27.3912 73.0382
946 27.5118 72.7028
443 27.6358 72.358
897 27.7619 72.0072
846 27.7619 72.0072
591 27.7619 72.0072
550 27.7619 72.0072
599 27.7619 72.0072
872 27.7619 72.0072
56 27.7619 72.0072
80 27.7619 72.0072
680 25.8292 69.7657
326 25.7486 69.6723
398 25.665 69.5752
113 25.5891 69.4872
429 25.5149 69.4012
526 25.4443 69.3194
454 25.3733 69.2371
79 25.2911 69.1418
479 25.2177 69.0566
162 25.1419 68.9687
500 25.146 68.9572
400 25.1502 68.9455
604 25.3583 68.3682
965 25.6004 67.6963
950 25.8282 67.0639
501 26.1458 66.1825
729 26.4685 65.287
957 26.7487 64.5095
545 27.0019 63.8068
640 27.1781 63.318
633 27.3454 62.8535
382 27.3486 62.8447
390 27.3519 62.8356
510 27.3554 62.8258
34 27.3587 62.8167
956 27.362 62.8075
772 27.3651 62.7989
927 27.3682 62.7904
359 27.3715 62.781
137 27.3752 62.7709
891 27.3788 62.7607
645 27.3819 62.7521
903 27.3852 62.7432
912 27.3885 62.7338
971 27.3917 62.7251
735 27.3952 62.7152
587 27.3985 62.7062
733 27.402 62.6965
349 27.4053 62.6872
275 27.4086 62.6782
327 27.4121 62.6684
981 27.4159 62.6577
571 27.4194 62.6482
938 27.4233 62.6374
691 27.5621 62.6331
132 27.8279 62.6249
507 28.1307 62.6155
788 28.4405 62.6059
59 28.7415 62.5966
267 29.0536 62.587
451 29.3524 62.5778
233 29.6944 62.5672
324 30.0991 62.5547
329 30.5872 62.5396
855 39.41 62.2694
576 39.9776 62.2519
410 40.5312 62.2348
104 41.0605 62.2184
596 41.6277 62.2009
291 42.2616 62.1813
617 42.9703 62.1595
910 43.362 62.1474
798 43.8121 62.1335
468 44.2227 62.1208
225 44.5226 62.1115
264 44.8485 62.1014
188 45.1876 62.091
163 45.1876 62.091
484 45.1876 62.091
676 45.1876 62.091
282 45.1876 62.091
968 45.1876 62.091
216 45.1876 62.091
459 45.1876 62.091
558 45.1876 62.091
923 45.1876 62.091
715 45.1876 62.091
30 45.1876 62.091
765 45.1876 62.091
929 45.1876 62.091
134 45.3747 62.2616
779 45.5507 62.4223
809 45.7229 62.5794
365 45.9096 62.7499
732 46.1061 62.9292
54 46.3087 63.114
533 46.5214 63.3082
683 46.7556 63.5218
471 46.9928 63.7383
175 47.2497 63.9727
171 47.5275 64.2262
632 47.8221 64.4949
109 48.065 64.7166
804 48.2895 64.9214
577 48.5246 65.136
281 48.7618 65.3525
35 49.0235 65.5912
793 49.2776 65.8231
621 49.5447 66.0668
791 49.8814 66.374
743 50.2227 66.6854
161 50.5691 67.0014
769 50.9263 67.3273
91 51.2486 67.6213
112 51.5554 67.9013
986 51.847 68.1673
857 52.1348 68.4299
208 52.4128 68.6835
9 52.6833 68.9304
582 52.9349 69.16
647 53.1777 69.3815
126 53.4048 69.5887
248 53.4936 69.6698
68 56.1179 71.4085
315 56.2287 71.6678
229 56.338 71.9238
432 56.4437 72.171
290 56.5496 72.4187
509 56.6066 72.5521
847 56.6633 72.6848
51 56.7204 72.8182
238 56.7716 72.9381
340 56.8247 73.0622
654 56.8782 73.1874
904 56.9297 73.3079
378 56.9807 73.427
173 57.0301 73.5427
744 57.0798 73.6589
801 55.8306 74.8686
335 54.5644 76.0948
832 53.261 77.3568
987 51.9093 78.6657
921 50.5432 79.9889
754 49.2028 81.2874
746 47.7675 82.6775
369 47.7675 82.6775
880 47.7675 82.6775
782 47.7675 82.6775
416 47.7675 82.6775
895 47.7675 82.6775
259 47.7675 82.6775
319 47.7675 82.6775
437 47.7675 82.6775
539 47.7675 82.6775
320 47.7675 82.6775
406 47.7675 82.6775
755 47.7675 82.6775
861 47.7675 82.6775
513 47.7675 82.6775
671 47.7675 82.6775
193 47.049 82.5402
800 46.2959 82.3964
807 45.3545 82.2167
840 44.4021 82.0349
649 43.4407 81.8514
947 42.4677 81.6655
826 41.3731 81.4567
672 40.362 81.2639
540 40.3718 80.7694
82 40.3812 80.2868
223 40.3909 79.7964
294 40.4002 79.321
226 40.4096 78.8417
662 40.4189 78.3711
270 40.428 77.9087
976 40.4371 77.4446
94 40.4461 76.9849
894 40.4478 76.8962
235 40.4495 76.8079
802 40.3665 76.8293
689 40.278 76.8521
724 40.1962 76.8731
350 40.1147 76.8941
563 40.0322 76.9153
523 39.9467 76.9374
141 39.8564 76.9606
241 39.8564 76.9606
564 39.8564 76.9606
806 39.8564 76.9606
561 39.8564 76.9606
189 39.8564 76.9606
614 39.8564 76.9606
308 39.8564 76.9606
404 39.6159 77.4471
144 39.3773 77.9297
21 39.1349 78.42
252 38.8161 79.0655
562 38.4893 79.7269
172 38.191 80.3308
394 37.8728 80.9749
256 37.5531 81.6219
60 37.2335 82.2686
659 36.9181 82.9069
814 36.6227 83.5047
763 36.3275 84.1022
795 36.3272 84.1028
757 36.327 84.1033
253 36.305 84.9403
120 36.284 85.7376
448 36.2657 86.4338
548 36.2511 86.9846
752 36.2374 87.5037
569 36.2313 87.7333
610 36.2255 87.9508
73 36.2243 87.9949
696 36.2232 88.0394
22 36.278 88.1029
808 36.331 88.164
72 36.3829 88.2241
146 36.4337 88.2827
271 36.485 88.3421
309 36.5361 88.4011
470 36.5858 88.4586
738 36.6373 88.518
960 36.686 88.5744
877 36.9909 88.5767
139 37.2801 88.5789
638 37.5775 88.5811
150 37.8827 88.5834
974 38.2228 88.586
265 38.5699 88.5886
919 38.92 88.5913
231 39.2875 88.5941
874 39.683 88.5971
181 39.8785 88.5985
389 40.0758 88.6
707 40.2635 88.6015
230 40.4619 88.603
53 40.6655 88.6045
2 40.8622 88.606
92 41.084 88.6077
292 41.3331 88.6096
392 41.5796 88.6114
215 41.8485 88.6135
866 42.1095 88.6155
375 42.3662 88.6174
530 42.6174 88.6193
766 42.8447 88.621
449 43.0892 88.6229
367 43.3504 88.6249
5 43.4798 88.6259
559 43.6106 88.6269
952 43.7467 88.6279
516 43.8649 88.6288
961 43.9779 88.6296
613 44.0405 88.6301
206 44.5689 88.6341
129 45.1142 88.6383
239 45.7268 88.6429
165 46.3377 88.6476
532 46.9727 88.6524
343 47.5405 88.6567
62 48.1536 88.6614
541 48.7053 88.6656
434 49.2722 88.6699
105 49.6458 88.6727
511 50.0564 88.6758
882 50.4598 88.6789
774 50.8019 88.6815
118 51.1419 88.6841
23 51.4582 88.6865
713 51.723 88.6885
305 52.0142 88.6907
636 52.3327 88.6932
737 52.6756 88.6958
940 52.9683 88.698
140 53.2824 88.7004
395 53.6091 88.7029
536 53.8116 88.7044
408 54.0279 88.706
179 54.2588 88.7078
931 54.5042 88.7097
575 54.7169 88.7113
245 54.9196 88.7128
42 55.1389 88.7145
415 55.2921 88.7156
887 55.4525 88.7169
642 55.6096 88.7181
690 55.7857 88.7194
851 55.9577 88.7207
816 56.1374 88.7221
280 56.3072 88.7234
317 56.4861 88.7247
618 56.6494 88.726
896 56.8214 88.7273
344 56.999 88.7286
584 57.2014 88.7302
624 57.3936 88.7316
156 57.6121 88.7333
40 58.957 88.7435
481 60.734 88.7569
18 60.9919 88.7589
937 61.2368 88.7608
313 61.415 88.7621
567 61.6159 88.7637
856 61.8076 88.7651
980 62.0164 88.7667
984 62.2483 88.7685
202 62.4749 88.7702
273 62.7161 88.772
177 62.9497 88.7738
185 63.1841 88.7756
992 63.4252 88.7774
620 63.6701 88.7793
544 63.8998 88.781
911 64.1131 88.7826
580 70.3868 88.8298
285 70.6617 88.8319
318 70.9397 88.834
149 71.2194 88.8361
845 71.5075 88.8383
854 71.8136 88.8407
494 72.1112 88.8429
817 72.3872 88.845
775 72.7273 88.8476
353 73.0748 88.8503
820 73.4334 88.853
158 73.7164 88.8551
464 74.0073 88.8574
52 74.8121 88.8635
928 79.9368 88.902
135 79.9368 88.902
893 79.9368 88.902
666 79.9368 88.902
648 79.9368 88.902
417 79.9368 88.902
823 79.9368 88.902
864 80.2091 88.6498
983 80.4842 88.395
725 81.6308 87.3339
740 82.7954 86.2562
889 83.8859 85.2469
322 84.88 84.3269
450 85.9989 83.2914
372 85.9989 83.2914
528 85.8325 83.2576
473 85.6846 83.2275
204 85.5348 83.197
685 85.3886 83.1673
25 85.2277 83.1346
311 85.0466 83.0978
660 84.8434 83.0565
975 75.2426 81.1065
622 71.7552 82.5599
460 69.6459 83.4388
83 69.5675 83.6864
465 69.4884 83.9365
818 69.4092 84.1864
251 69.3279 84.4432
742 69.1184 83.9572
813 68.8939 83.4365
159 68.6503 82.8714
297 68.3768 82.2371
477 68.102 81.5997
71 67.7979 80.8946
12 67.4998 80.2033
145 67.2211 78.5419
727 66.6605 75.2042
852 66.1588 72.2165
478 65.989 71.2037
393 65.8661 70.4706
420 65.749 69.7717
650 65.6559 69.2163
668 65.5672 68.6867
579 65.4784 68.1564
837 65.3757 67.5433
190 65.2591 66.8476
941 65.1861 66.412
201 65.1289 66.0705
867 65.0706 65.7224
334 65.0104 65.3629
605 64.4579 64.7774
485 63.9473 64.2362
762 63.4482 63.7073
440 62.9684 63.1989
907 62.5054 62.7083
538 62.0488 62.2244
519 61.603 61.7519
293 61.603 61.7519
453 61.603 61.7519
810 61.7847 60.7077
84 61.9713 59.6351
964 62.1897 58.3798
625 62.4442 56.9178
515 62.7444 55.1938
232 63.2977 52.0197
553 63.4888 50.921
143 63.6661 49.9021
466 63.8347 48.9332
644 63.868 48.7414
217 63.9012 48.5501
45 63.9346 48.358
606 63.9628 48.1955
377 63.9912 48.032
609 66.7566 49.1414
29 68.0006 49.6407
745 69.0499 50.0618
195 69.1969 50.1839
583 69.335 50.2985
314 69.4668 50.408
396 69.798 50.6831
152 75.0221 55.0263
102 75.1194 55.1071
70 75.219 55.1899
242 75.3477 55.2968
951 75.4698 55.3982
767 75.4597 55.5303
198 75.4501 55.656
932 75.4402 55.7853
670 75.4302 55.9169
425 75.4157 56.1074
942 75.4004 56.3078
926 75.3857 56.5
850 75.3699 56.7067
592 75.3541 56.9143
656 75.2598 58.1599
67 75.1661 59.3973
962 75.1661 59.3973
595 75.5782 59.4335
332 77.5405 59.6053
110 77.6884 59.4658
385 77.8455 59.3176
383 78.0233 59.1499
900 78.2088 58.975
506 79.3812 57.8696
136 80.2863 57.0162
977 80.9554 56.3852
884 81.6312 55.748
107 82.1829 55.2278
387 82.6162 54.8191
838 83.0641 54.3968
920 83.5059 53.9801
170 83.9587 53.5531
684 84.3805 53.1554
497 84.857 52.7061
274 85.0593 47.6749
967 85.135 45.7961
520 85.3487 40.4825
33 85.4872 37.0397
590 85.5936 34.399
98 85.6953 31.8744
835 85.7808 29.753
260 86.2684 17.5916
483 86.2684 17.5916
627 85.8939 17.7354
243 85.4 17.925
979 84.5674 18.2448
345 83.5657 18.6296
