0,504,721,103,176,581,295,777,24,27,819,250,6,458,873,555,598,828,45,831,821,751,355,785,164,55,419,959,209,19,935,314,870,945,681,930,377,492,644,594,217,843,276,793,810,875,498,844,978,70,117,85,842,282,906,66,63,43,396,623,485,69,342,357,84,264,161,625,597,471,101,765,576,922,262,459,558,791,621,732,410,49,472,891,186,512,461,634,790,452,356,923,865,522,155,566,210,862,989,783,716,848,421,480,917,853,197,397,467,180,876,748,586,257,822,160,834,337,191,307,363,787,287,26,379,626,310,934,289,261,111,573,518,351,883,653,704,407,902,246,669,8,641,673,474,741,674,588,211,348,643,402,702,254,488,366,362,881,812,682,722,187,629,61,74,898,412,646,133,331,328,963,4,299,572,710,514,86,794,258,423,455,283,87,384,863,46,770,909,534,700,943,125,10,661,829,836,915,268,284,278,64,65,32,664,221,824,612,899,709,439,602,205,354,869,692,543,11,475,655,549,525,486,7,151,687,811,38,679,706,388,529,414,858,78,121,619,34,908,663,603,535,771,403,797,508,705,391,723,545,438,233,413,422,510,565,3,589,130,376,542,760,784,698,234,59,324,633,489,100,142,949,37,148,123,505,990,708,499,985,463,616,958,652,228,341,222,758,182,496,731,476,174,157,303,841,154,166,214,749,330,312,527,128,925,116,936,805,212,352,373,57,517,192,970,218,347,14,531,122,336,703,47,849,607,279,524,349,601,552,327,451,733,680,956,329,938,599,735,507,196,772,972,132,131,482,81,600,971,981,734,747,879,677,398,764,739,665,361,427,924,113,950,88,272,948,503,630,658,571,501,720,114,219,97,99,691,901,267,359,965,587,897,701,411,308,846,79,275,957,537,454,21,604,137,788,596,526,479,16,888,2,726,662,806,789,730,266,41,429,326,946,825,418,115,168,288,48,44,333,859,321,153,469,399,916,780,184,578,95,244,316,693,203,444,178,944,557,436,719,982,695,728,90,433,169,426,718,325,162,487,560,457,500,400,796,551,502,338,371,905,346,119,657,298,955,759,556,717,277,255,694,939,554,966,224,31,792,445,77,860,799,381,686,207,615,667,39,803,568,628,547,446,240,300,401,364,991,374,639,892,637,890,830,546,108,570,58,339,442,236,495,1,200,360,75,969,247,953,736,263,213,714,750,380,199,435,711,678,868,585,988,17,13,815,651,973,50,304,138,405,447,301,699,914,871,462,106,827,386,227,776,430,768,808,36,93,368,28,608,885,918,249,443,886,92,96,60,139,73,521,72,833,712,183,309,256,593,456,20,409,933,441,611,491,631,761,306,753,15,165,569,752,181,613,292,713,105,5,866,449,877,638,707,141,974,265,392,672,53,296,960,22,696,120,738,248,536,320,539,437,271,548,146,448,659,239,416,649,424,428,150,610,490,172,786,795,872,206,470,561,230,919,80,226,294,129,394,563,807,755,689,193,724,404,231,167,773,56,523,350,910,878,715,252,697,215,76,574,220,431,635,550,927,124,757,253,223,954,390,144,903,533,30,809,54,291,382,756,912,89,269,913,688,640,147,729,127,302,798,839,365,281,778,194,804,237,929,370,175,104,493,779,208,855,645,562,591,225,513,894,614,109,840,241,270,540,921,814,406,826,189,575,880,530,861,305,343,851,280,895,564,671,126,800,782,832,987,567,801,802,140,947,259,940,245,408,179,931,156,389,23,746,185,763,774,816,896,319,375,516,118,642,887,415,313,856,618,541,952,511,559,961,766,874,882,344,62,624,532,690,754,434,980,544,817,52,737,42,911,273,149,464,984,367,584,481,297,477,18,251,145,12,158,620,285,983,135,580,666,928,648,893,25,685,372,473,889,322,820,725,775,353,159,742,813,937,494,854,845,740,837,992,318,823,177,317,83,378,864,417,744,818,847,509,579,962,71,465,622,460,904,654,40,202,395,290,369,632,9,968,82,432,229,743,964,769,91,857,636,976,676,617,171,163,453,94,216,468,582,335,35,484,235,683,986,134,112,440,515,647,926,583,656,293,595,519,188,190,942,762,538,286,907,577,102,605,900,941,975,201,383,650,420,967,173,478,68,110,315,668,393,238,340,67,727,850,51,152,867,852,684,332,660,450,528,385,204,311,497,977,170,951,884,670,387,920,198,136,838,425,195,592,242,334,767,506,932,553,781,358,143,606,675,466,232,745,323,29,33,274,590,609,107,835,98,345,520,627,243,483,979,260,
value : 593.695 running time : 26.956539
0 80 20
504 75.4525 18.2592
721 71.2026 16.6319
103 67.5305 15.226
176 66.624 16.9864
581 65.6303 18.9161
295 64.5917 20.933
777 63.5349 22.9852
24 62.4147 25.1603
27 61.7051 26.5381
819 60.6173 28.6505
250 59.5256 30.7704
6 59.5256 30.7704
458 59.5256 30.7704
873 59.5256 30.7704
555 59.5256 30.7704
598 59.5256 30.7704
828 59.5256 30.7704
45 59.5256 30.7704
831 59.5256 30.7704
821 59.5256 30.7704
751 59.5256 30.7704
355 59.5256 30.7704
785 59.5256 30.7704
164 59.5256 30.7704
55 59.5256 30.7704
419 59.5256 30.7704
959 59.1261 31.9334
209 58.3661 34.146
19 57.394 36.977
935 56.3296 40.0766
314 56.0532 40.9332
870 55.7856 41.7626
945 55.5109 42.614
681 55.3422 43.1368
930 55.1621 43.6946
377 54.9765 44.2694
492 54.7809 44.8757
644 54.5865 45.4777
594 54.3799 46.1177
217 54.1699 46.7684
843 53.954 47.4375
276 53.7433 48.0903
793 53.5438 48.7082
810 53.3518 49.3029
875 53.3131 49.4229
498 53.2698 49.5569
844 53.2333 49.6698
978 53.1923 49.7968
70 53.1483 49.9331
117 53.1015 50.078
85 53.0524 50.2301
842 53.0069 50.371
282 52.945 50.5626
906 52.945 50.5626
66 52.945 50.5626
63 52.945 50.5626
43 52.945 50.5626
396 52.945 50.5626
623 52.945 50.5626
485 52.945 50.5626
69 52.945 50.5626
342 52.945 50.5626
357 52.945 50.5626
84 48.9417 53.084
264 48.5864 53.2081
161 48.3112 53.3043
625 48.0237 53.4047
597 47.6382 53.5393
471 47.2666 53.6692
101 46.9402 53.7832
765 46.5723 53.9117
576 46.3964 53.9732
922 46.2346 54.0297
262 46.0975 54.0776
459 45.9086 54.1435
558 45.8681 54.0408
791 45.8237 53.9284
621 45.769 53.7899
732 45.717 53.6583
410 45.6611 53.5168
49 45.5612 53.2637
472 45.491 53.0861
891 45.421 52.9089
186 45.8415 51.007
512 46.3064 48.9042
461 46.7583 46.8602
634 47.5269 43.3825
790 47.3841 43.3019
452 47.2659 43.2352
356 47.151 43.1704
923 47.0466 43.1115
865 44.1528 41.478
522 43.8047 41.327
155 43.4635 41.179
566 43.1152 41.0279
210 42.7852 40.8848
862 42.3136 40.6803
989 41.8471 40.4779
783 41.3947 40.2817
716 40.9991 40.1101
848 40.5008 39.894
421 39.9263 39.6448
480 39.3275 39.3851
917 38.7442 39.132
853 38.1507 38.8746
197 37.5647 38.6204
397 36.1003 37.985
467 36.1003 37.985
180 36.1003 37.985
876 36.0625 37.5005
748 35.9751 36.3784
586 35.8442 34.6967
257 35.7205 33.1066
822 35.5918 31.4529
160 35.4841 30.0701
834 35.3783 28.7118
337 35.2719 27.345
191 35.1848 26.2271
307 35.0843 24.9369
363 34.9871 23.6885
787 34.9483 23.1912
287 34.9076 22.6693
26 34.9076 22.6693
379 34.9076 22.6693
626 34.9076 22.6692
310 34.9076 22.6692
934 34.9076 22.6692
289 34.9076 22.6692
261 34.7422 20.7104
111 34.5721 18.6979
573 34.4001 16.6613
518 34.2267 14.6084
351 33.9751 14.6085
883 33.7479 14.6086
653 33.5211 14.6087
704 32.0068 14.6093
407 30.1797 14.6101
902 27.1746 14.6115
246 25.6775 14.6122
669 24.0344 14.6129
8 21.4544 14.614
641 19.0792 14.6151
673 17.0882 14.616
474 16.8596 14.6161
741 16.6123 14.6162
674 16.3822 14.6163
588 16.1613 14.6164
211 15.9502 14.6164
348 15.7437 14.6165
643 15.5515 14.6166
402 15.3104 14.6167
702 15.0894 14.6168
254 14.8177 14.6169
488 14.5148 14.617
366 14.1943 14.6171
362 13.8581 14.6173
881 13.5723 14.6174
812 13.2772 14.6175
682 13.2025 14.9424
722 13.132 15.249
187 12.446 18.2298
629 12.3009 18.8606
61 11.9614 20.3365
74 11.4496 22.5606
898 11.1257 23.9687
412 11.1257 23.9687
646 11.1257 23.9687
133 11.0087 26.9605
331 10.9031 29.6628
328 10.7197 34.3389
963 10.7197 34.3389
4 10.7317 34.3589
299 10.7441 34.3794
572 10.7569 34.4007
710 10.7692 34.4212
514 10.7811 34.4409
86 10.7933 34.4612
794 10.8055 34.4815
258 10.8188 34.5036
423 10.836 34.5321
455 10.8466 34.5498
283 11.0928 34.9588
87 11.3107 35.3209
384 11.5307 35.6865
863 11.7383 36.0314
46 11.9382 36.3636
770 12.1449 36.7071
909 12.3431 37.0364
534 12.7551 36.8466
700 14.1037 36.2253
943 15.4733 35.5944
125 16.5447 35.1008
10 17.5649 34.6308
661 18.8743 34.0276
829 19.7732 33.6135
836 20.6171 33.2247
915 21.5101 32.8133
268 22.235 32.4793
284 23.2356 32.0183
278 23.8325 31.7433
64 24.3529 31.5035
65 24.389 31.5952
32 24.4234 31.6824
664 24.4535 31.7586
221 24.4775 31.8195
824 24.504 31.8867
612 24.5341 31.9629
899 24.5592 32.0265
709 24.5885 32.1008
439 24.6186 32.1772
602 24.9557 33.0317
205 25.3477 34.0252
354 25.7223 34.975
869 26.2622 36.3435
692 26.8488 37.8303
543 26.6536 38.1264
11 26.4881 38.3774
475 26.3252 38.6245
655 26.179 38.8462
549 26.042 39.054
525 25.8933 39.2796
486 25.7598 39.4819
7 25.6193 39.695
151 25.4613 39.9348
687 25.3028 40.1752
811 25.1415 40.4197
38 24.9745 40.6731
679 24.8152 40.9147
706 24.6456 41.1719
388 24.4669 41.443
529 24.2945 41.7043
414 24.0777 42.0333
858 23.8467 42.3836
78 23.677 42.641
121 23.5141 42.888
619 21.856 45.4038
34 19.893 48.3827
908 19.893 48.3827
663 19.893 48.3827
603 19.893 48.3827
535 19.8143 48.4432
771 19.7278 48.5097
403 19.6501 48.5694
797 19.5708 48.6303
508 19.4994 48.6852
705 19.4051 48.7577
391 19.323 48.8207
723 19.244 48.8815
545 19.1594 48.9464
438 19.0755 49.0109
233 18.9806 49.0838
413 18.8996 49.1461
422 18.1768 49.7015
510 17.519 50.207
565 14.8898 52.2274
3 12.9356 53.7292
589 12.7318 53.8858
130 12.5393 54.0337
376 12.5269 54.0432
542 12.5153 54.0521
760 12.5017 54.0626
784 12.4897 54.0718
698 12.4795 54.0796
234 12.4666 54.0895
59 14.3946 52.4247
324 14.325 51.9695
633 14.2494 51.4745
489 14.1719 50.9676
100 14.1 50.4975
142 14.0285 50.0292
949 13.9537 49.5404
37 13.8815 49.0679
148 13.4051 48.5167
123 12.9433 47.9824
505 12.5442 47.5207
990 12.1099 47.0183
708 11.7259 46.574
499 11.2927 46.0728
985 11.2927 46.0728
463 11.2911 46.2192
616 11.2897 46.3454
958 11.2884 46.4743
652 11.2868 46.6243
228 11.2852 46.7646
341 11.2836 46.9165
222 11.282 47.0617
758 11.2805 47.2072
182 11.279 47.3456
496 11.2776 47.4746
731 11.2763 47.6009
476 11.2747 47.7445
174 11.2731 47.895
157 11.2717 48.028
303 11.2701 48.1755
841 11.2687 48.3077
154 11.2672 48.4452
166 11.2656 48.592
214 11.2642 48.7229
749 11.263 48.8375
330 11.2617 48.9534
312 11.2577 49.3294
527 11.253 49.7654
128 11.249 50.135
925 11.2443 50.5762
116 11.2407 50.9139
936 11.2369 51.2669
805 11.2331 51.6226
212 11.2295 51.9597
352 11.2157 53.2436
373 11.2007 54.6411
57 11.1804 56.535
517 11.1456 59.7517
192 11.1456 59.7517
970 11.1456 59.7517
218 11.1456 59.7517
347 11.1456 59.7517
14 11.1456 59.7517
531 11.1456 59.7517
122 11.1456 59.7517
336 11.1568 59.8218
703 11.1693 59.9004
47 11.1804 59.9703
849 11.1936 60.0532
607 11.5877 62.5284
279 12.2196 62.6635
524 12.8328 62.7946
349 13.4532 62.9272
601 13.5973 62.9579
552 13.7395 62.9883
327 13.8842 63.0192
451 13.8842 63.0192
733 13.8842 63.0192
680 13.8842 63.0192
956 13.8842 63.0192
329 13.8842 63.0192
938 13.8842 63.0192
599 14.6153 64.0312
735 14.6588 64.0915
507 14.7018 64.151
196 14.741 64.2052
772 14.7858 64.2672
972 14.829 64.327
132 14.8819 64.4002
131 14.9261 64.4614
482 14.9757 64.53
81 15.026 64.5997
600 15.0783 64.6721
971 15.1203 64.7302
981 15.1555 64.779
734 15.1898 64.8265
747 15.3198 65.0064
879 15.4684 65.2122
677 15.6057 65.4022
398 15.7801 65.6436
764 15.9276 65.8478
739 16.0877 66.0695
665 16.2491 66.2928
361 16.5687 66.7353
427 16.8452 67.118
924 17.34 67.803
113 17.8438 68.5003
950 18.3226 69.1632
88 18.7826 69.7999
272 18.8797 69.7212
948 18.9696 69.6484
503 19.0669 69.5695
630 19.1742 69.4826
658 19.2713 69.404
571 19.3876 69.3097
501 19.4943 69.2233
720 19.591 69.145
114 19.6753 69.0767
219 19.7613 69.007
97 19.8645 68.9234
99 19.9782 68.8313
691 20.1135 68.7217
901 21.7473 69.1105
267 25.2337 69.9402
359 25.2337 69.9402
965 25.2337 69.9402
587 25.2337 69.9402
897 25.2337 69.9402
701 25.2337 69.9402
411 25.2337 69.9402
308 25.2337 69.9402
846 25.2337 69.9402
79 25.2337 69.9402
275 25.2337 69.9402
957 25.2337 69.9402
537 25.2337 69.9402
454 25.2337 69.9402
21 25.2337 69.9402
604 25.2337 69.9402
137 25.2337 69.9402
788 25.2337 69.9402
596 25.2337 69.9402
526 24.5483 71.7008
479 23.8873 73.3989
16 23.3681 74.7324
888 22.9027 75.9281
2 22.3862 77.2547
726 22.3862 77.2547
662 22.3862 77.2547
806 22.1597 77.5811
789 21.8957 77.9614
730 21.621 78.3572
266 21.3204 78.7902
41 21.0021 79.2488
429 20.6839 79.7071
326 20.3505 80.1874
946 20.0097 80.6783
825 19.6588 81.1838
418 19.2965 81.7057
115 18.9462 82.2103
168 18.9462 82.2103
288 18.9462 82.2103
48 18.9462 82.2103
44 18.9462 82.2103
333 18.375 81.9437
859 17.793 81.6721
321 16.134 80.8979
153 15.091 80.4112
469 14.9323 80.3371
399 14.7509 80.2525
916 14.5786 80.172
780 14.3938 80.0858
184 14.2264 80.0077
578 14.055 79.9277
95 13.8419 79.8283
244 13.6401 79.7341
316 13.4188 79.6308
693 13.199 79.5282
203 13.0045 79.3812
444 12.8294 79.2488
178 12.6536 79.1159
944 12.4975 78.9979
557 12.3779 78.9074
436 12.2231 78.7904
719 12.0767 78.6797
982 11.94 78.5763
695 11.7931 78.4653
728 11.579 78.3034
90 11.4023 78.1698
433 11.2541 78.0577
169 11.1141 77.9519
426 10.971 77.8437
718 10.8384 77.7434
325 10.7 77.6387
162 10.5541 77.5284
487 10.417 77.4248
560 10.2607 77.3066
457 10.0899 77.1774
500 9.93441 77.0599
400 9.77641 76.9404
796 9.62252 76.8241
551 9.45539 76.6977
502 9.27135 76.5586
338 9.08498 76.4177
371 8.91028 76.2856
905 8.80641 76.2071
346 8.68492 76.1152
119 8.55597 76.0177
657 8.43312 75.9248
298 8.31255 75.8337
955 8.20515 75.7525
759 8.07747 75.6559
556 7.94313 75.5544
717 7.80322 75.4486
277 7.67869 75.3544
255 7.55251 75.259
694 7.43484 75.1701
939 7.31646 75.0806
554 7.36459 75.2901
966 7.40508 75.4663
224 7.45264 75.6734
31 7.50285 75.8919
792 7.54507 76.0757
445 7.57938 76.225
77 7.61752 76.391
860 7.68261 76.6744
799 7.73929 76.9211
381 7.83783 77.35
686 7.97516 77.9478
207 8.12398 78.5957
615 8.3047 79.3824
667 8.47768 80.1355
39 9.42137 84.245
803 9.42137 84.245
568 9.42137 84.245
628 9.42137 84.245
547 9.42137 84.245
446 9.42137 84.245
240 9.42137 84.245
300 9.42137 84.245
401 9.42137 84.245
364 9.42137 84.245
991 9.42137 84.245
374 9.42137 84.245
639 9.42137 84.245
892 9.4572 84.3703
637 9.49185 84.4915
890 9.52232 84.5981
830 9.55495 84.7123
546 9.58879 84.8306
108 9.62329 84.9513
570 9.65515 85.0628
58 9.68656 85.1727
339 9.71925 85.287
442 9.86069 85.7816
236 9.99222 86.2416
495 10.1079 86.6463
1 10.2244 87.0537
200 10.3392 87.4552
360 10.4392 87.8052
75 10.5437 88.1705
969 10.7119 88.7589
247 10.8763 89.3336
953 11.0435 89.9183
736 11.2131 90.5114
263 11.3907 91.1324
213 11.5771 91.7843
714 12.4169 92.8902
750 12.4169 92.8902
380 12.4169 92.8902
199 12.4169 92.8902
435 12.4169 92.8902
711 12.4169 92.8902
678 12.4169 92.8902
868 12.4169 92.8902
585 12.4169 92.8902
988 12.4169 92.8902
17 12.645 92.7932
13 12.8464 92.7076
815 13.0428 92.6241
651 13.2374 92.5413
973 13.4071 92.4692
50 13.5884 92.3921
304 13.7378 92.3286
138 13.8936 92.2623
405 14.0523 92.1949
447 14.2291 92.1197
301 14.4124 92.0417
699 14.6011 91.9615
914 14.7742 91.8879
871 14.9624 91.8078
462 15.1401 91.7323
106 15.309 91.6605
827 15.5785 91.5459
386 16.6055 91.1094
227 17.6786 90.6534
776 18.8014 90.1762
430 19.8728 89.721
768 20.9333 89.2702
808 22.0255 88.8061
36 22.0255 88.8061
93 22.0255 88.8061
368 22.0255 88.8061
28 22.0255 88.8061
608 22.0255 88.8061
885 22.0255 88.8061
918 22.0255 88.8061
249 22.0255 88.8061
443 22.0255 88.8061
886 22.8774 89.1947
92 23.9431 89.6809
96 24.7652 90.0559
60 25.5129 90.397
139 27.9389 91.5044
73 27.9502 91.5095
521 27.9618 91.5149
72 27.9746 91.5207
833 27.9841 91.525
712 27.9951 91.53
183 28.0087 91.5362
309 28.0257 91.544
256 28.0257 91.544
593 28.0257 91.544
456 28.0257 91.544
20 28.0257 91.544
409 28.0257 91.544
933 28.0257 91.544
441 28.0257 91.544
611 28.0257 91.544
491 28.0257 91.544
631 28.0257 91.544
761 28.0257 91.544
306 28.0257 91.544
753 28.0257 91.544
15 28.0257 91.544
165 34.4635 91.5818
569 34.8895 91.5843
752 35.2898 91.5867
181 35.6882 91.5891
613 36.0632 91.5913
292 36.4387 91.5935
713 36.8793 91.5962
105 37.2537 91.5984
5 37.2292 91.5443
866 37.202 91.4839
449 37.1734 91.4207
877 37.1436 91.3546
638 37.1141 91.2892
707 37.09 91.236
141 37.0641 91.1786
974 37.0436 91.1332
265 37.0191 91.079
392 36.9896 91.0137
672 36.9617 90.952
53 36.9381 90.8998
296 36.9082 90.8335
960 36.8897 90.7925
22 36.8672 90.7428
696 36.843 90.689
120 37.0261 89.746
738 37.2281 88.7061
248 37.4708 87.4563
536 37.4708 87.4563
320 37.329 87.3759
539 37.1533 87.2764
437 36.9754 87.1757
271 36.8015 87.0771
548 36.6378 86.9844
146 36.4749 86.8921
448 36.3171 86.8028
659 36.158 86.7127
239 35.9809 86.6124
416 35.5027 86.3414
649 35.0017 86.0576
424 34.4637 85.7527
428 34.4637 85.7527
150 34.4637 85.7527
610 34.4637 85.7527
490 34.5033 85.5189
172 34.5411 85.2962
786 34.5781 85.0782
795 34.6217 84.8213
872 34.6672 84.5531
206 34.7058 84.3258
470 34.7798 83.8899
561 34.8662 83.3801
230 34.9475 82.9011
919 35.0365 82.3761
80 35.1297 81.8268
226 35.182 81.5183
294 35.2319 81.2246
129 35.279 80.9468
394 35.3327 80.6303
563 35.3919 80.2813
807 35.2698 80.0938
755 35.1467 79.9048
689 35.01 79.6949
193 34.8957 79.5194
724 34.7531 79.3004
404 34.6205 79.0968
231 34.5073 78.9231
167 34.1342 78.3501
773 33.7741 77.7971
56 33.4052 77.2307
523 33.2921 77.057
350 33.2744 77.0432
910 33.2546 77.0277
878 33.2352 77.0126
715 33.2175 76.9987
252 32.9172 76.8403
697 32.6079 76.6772
215 32.3359 76.5338
76 32.0118 76.3629
574 31.6962 76.1964
220 31.377 76.0281
431 31.1829 75.9257
635 31.2158 75.816
550 31.2468 75.7125
927 31.2818 75.5961
124 31.3115 75.4968
757 31.3412 75.3977
253 31.3744 75.287
223 31.7359 74.0809
954 32.1328 72.7565
390 32.5619 71.3242
144 32.9892 69.8986
903 33.4561 68.3399
533 33.9027 66.8492
30 34.2274 65.7658
809 34.5171 64.7997
54 34.7807 63.9202
291 35.0339 63.0757
382 35.2883 62.2271
756 35.5545 61.3393
912 35.8059 60.5004
89 36.0535 59.6746
269 36.2891 58.8888
913 36.4911 58.215
688 36.547 58.2077
640 36.6045 58.2003
147 36.6654 58.1924
729 36.7243 58.1848
127 36.8285 58.1713
302 36.9227 58.1591
798 37.8706 58.0368
839 37.8706 58.0368
365 37.8707 58.0368
281 37.8707 58.0368
778 37.8707 58.0368
194 37.8707 58.0368
804 38.5199 58.8213
237 39.1644 59.6
929 39.8374 60.4132
370 40.5712 61.3
175 41.3234 62.2089
104 42.0911 63.1366
493 42.8919 64.1043
779 43.8795 65.2979
208 45.1094 66.7846
855 44.2628 67.2064
645 43.5312 67.5709
562 43.6303 67.8093
591 43.6303 67.8093
225 44.3114 69.3739
513 44.9858 70.9232
894 45.5835 72.2961
614 46.1896 73.6883
109 46.768 75.0171
840 47.3515 76.3576
241 47.8623 77.5309
270 47.8681 77.5441
540 47.8748 77.5595
921 47.8822 77.5767
814 47.8903 77.5951
406 47.8973 77.6112
826 47.9039 77.6264
189 47.9108 77.6422
575 48.1362 78.1602
880 48.2751 78.4796
530 48.4133 78.7972
861 48.5482 79.1073
305 48.6869 79.4259
343 48.6869 79.4259
851 48.6869 79.4259
280 48.6869 79.4259
895 48.6869 79.4259
564 48.6869 79.4259
671 48.6869 79.426
126 48.6869 79.426
800 48.6869 79.426
782 48.6869 79.426
832 48.6869 79.426
987 48.6869 79.426
567 50.4681 86.801
801 50.4681 86.801
802 50.4681 86.801
140 50.4681 86.801
947 50.4681 86.801
259 50.4681 86.801
940 50.4681 86.801
245 50.4681 86.801
408 50.4681 86.801
179 50.4681 86.801
931 50.4681 86.801
156 50.4103 87.4756
389 50.3413 88.2822
23 50.272 89.0908
746 50.2118 89.793
185 50.1546 90.46
763 50.1546 90.46
774 50.1546 90.46
816 50.1546 90.46
896 50.1546 90.46
319 50.1546 90.46
375 50.1546 90.46
516 50.1546 90.46
118 50.1546 90.46
642 50.1546 90.46
887 50.1546 90.46
415 50.1546 90.46
313 50.1546 90.46
856 50.1546 90.46
618 50.1546 90.46
541 50.1546 90.46
952 50.1546 90.46
511 50.1546 90.46
559 50.1546 90.46
961 50.1546 90.46
766 50.1546 90.46
874 50.4372 90.4384
882 51.1673 90.3827
344 51.862 90.3296
62 52.4795 90.2824
624 53.1018 90.2349
532 53.7378 90.1863
690 54.6024 90.1203
754 55.4128 90.0584
434 56.2363 89.9954
980 57.4932 89.8994
544 58.9393 89.7889
817 59.4783 89.7477
52 59.9589 89.711
737 60.3576 89.6806
42 60.8069 89.6462
911 61.2134 89.6152
273 61.7076 89.5774
149 62.1917 89.5404
464 62.4856 89.518
984 62.77 89.4963
367 63.0597 89.4741
584 63.4264 89.4461
481 63.8426 89.4143
297 64.1828 89.3883
477 64.5196 89.3626
18 64.8688 89.3359
251 65.227 89.3085
145 65.5481 89.284
12 65.8522 89.2608
158 68.0251 89.0947
620 69.7576 88.9623
285 72.8785 88.7238
983 77.9897 88.3329
135 77.9897 88.3329
580 77.9897 88.3329
666 80.0294 88.0313
928 82.5313 87.6611
648 83.1439 87.3223
893 83.7177 87.0049
25 85.0949 86.2432
685 85.7524 85.8796
372 86.3049 85.574
473 85.1612 85.5209
889 83.9489 85.4646
322 82.1752 85.3824
820 80.0566 85.2844
725 79.1126 85.2234
775 78.132 85.1599
353 77.2268 85.1015
159 76.5654 85.0588
742 75.9 85.0158
813 75.2281 84.9724
937 74.5774 84.9304
494 73.945 84.8896
854 73.2667 84.8458
845 72.5841 84.8017
740 71.9286 84.7594
837 70.7822 84.6852
992 69.7077 84.6158
318 69.7077 84.6158
823 69.3725 84.3554
177 69.0321 84.0911
317 68.6904 83.8256
83 68.3628 83.5711
378 68.0451 83.3243
864 67.7345 83.0831
417 67.4063 82.8281
744 67.0664 82.5641
818 66.7348 82.3066
847 66.3922 82.0405
509 66.1278 81.8351
579 65.8811 81.6435
962 65.551 81.387
71 65.1816 81.3256
465 64.8061 81.2631
622 64.435 81.2014
460 64.0836 81.1429
904 63.7306 81.0842
654 63.3664 81.0236
40 62.9693 80.9575
202 62.7376 80.919
395 61.4986 79.8057
290 60.2377 78.6729
369 58.6773 77.271
632 57.1097 75.8629
9 55.7034 74.5993
968 54.2903 73.3298
82 53.1279 72.2854
432 52.9857 72.1291
229 52.8375 71.9661
743 52.6451 71.7546
964 52.4894 71.5835
769 52.3504 71.4307
91 52.1985 71.2637
857 52.0464 71.0965
636 51.8909 70.9256
976 51.5597 70.5615
676 51.3789 70.3628
617 51.2249 70.1936
171 51.0553 70.0071
163 51.0553 70.0071
453 51.0553 70.0071
94 51.0553 70.0071
216 51.0553 70.0071
468 51.0553 70.007
582 51.0553 70.007
335 51.0553 70.007
35 51.8878 69.352
484 52.1606 69.1374
235 52.4567 68.9045
683 52.7592 68.6665
986 53.3146 68.2295
134 53.9 67.7689
112 55.531 66.4855
440 57.3172 65.0797
515 59.1152 63.6647
647 60.9023 62.2584
926 62.5956 60.9258
583 62.5956 60.9258
656 62.5956 60.9258
293 62.5956 60.9258
595 62.5956 60.9258
519 62.5956 60.9258
188 62.8392 60.8899
190 63.1108 60.8499
942 63.3595 60.8132
762 63.5847 60.78
538 63.8379 60.7427
286 64.0849 60.7063
907 64.3547 60.6665
577 64.624 60.6269
102 65.0528 60.5637
605 65.4405 60.5066
900 66.3095 60.3787
941 66.9448 60.2852
975 67.5239 60.1999
201 67.9736 60.1336
383 68.375 60.0745
650 68.4949 60.0568
420 68.6248 60.0376
967 68.7568 60.0182
173 68.1775 61.8898
478 67.7493 63.2724
68 67.317 64.6688
110 66.8835 66.0688
315 66.4403 67.5002
668 67.0428 67.4536
393 67.7175 67.4014
238 68.4394 67.3456
340 69.2852 67.2802
67 70.2603 67.2048
727 71.3524 67.1203
850 72.6675 67.0187
51 73.5988 67.0067
152 75.0011 66.9887
867 76.4955 66.9695
852 78.5 66.944
684 80.5988 66.9173
332 82.4634 66.8934
660 84.3107 66.8698
450 84.3107 66.8698
528 84.3107 66.8698
385 84.3107 66.8698
204 84.3107 66.8698
311 84.3107 66.8698
497 84.3252 61.2689
977 83.3753 59.9088
170 82.434 58.5611
951 81.3088 56.95
884 80.3936 55.6397
670 79.1672 53.8838
387 79.0601 53.7305
920 78.9478 53.5697
198 78.8453 53.423
136 78.7338 53.2633
838 78.6172 53.0963
425 78.491 52.9156
195 78.3752 52.7499
592 78.2707 52.6003
242 78.1809 52.4718
334 78.0779 52.3242
767 77.9624 52.1589
506 77.9331 52.117
932 74.5397 47.2571
553 71.1873 42.4553
781 68.9884 39.3059
358 69.5139 39.4991
143 70.1894 39.7474
606 70.8757 39.9997
675 71.6661 40.2903
466 72.8414 40.7223
232 74.0257 41.1576
745 75.3255 41.6354
323 76.6867 42.1358
29 78.8349 42.9253
33 81.7798 44.0076
274 82.55 44.2908
590 83.4005 44.6034
609 83.9063 44.7894
107 84.6222 45.0526
835 84.9887 38.9393
98 85.4537 31.1808
345 85.717 26.7899
520 85.7507 26.2281
627 86.1056 20.3072
243 86.2212 18.3779
483 86.2684 17.5916
979 86.2684 17.5916
260 86.2684 17.5916
