0,721,598,103,176,295,581,504,24,959,819,777,821,781,164,873,55,6,19,831,419,934,337,379,261,26,111,853,586,310,407,363,287,467,518,653,246,883,351,669,573,439,64,822,869,626,902,160,221,824,643,787,284,704,254,278,65,641,664,354,32,486,836,37,205,985,10,700,612,307,474,915,661,702,812,722,488,8,682,61,881,646,211,402,362,588,629,86,74,258,455,4,963,187,348,366,674,133,572,899,331,673,299,412,943,741,710,958,794,87,898,330,514,499,328,125,283,312,128,57,148,222,770,78,990,616,542,496,771,663,863,423,46,463,841,476,123,212,268,384,11,655,723,121,403,602,566,692,480,7,748,706,917,549,811,783,529,829,191,679,709,151,250,945,790,257,421,834,289,865,555,209,681,155,472,935,785,906,930,43,875,66,262,458,594,377,828,27,978,634,751,186,355,461,576,862,237,876,210,180,370,147,63,522,778,49,197,30,619,356,194,844,452,512,716,342,989,276,492,688,508,127,302,414,535,397,413,438,391,908,510,34,142,174,705,687,525,388,797,38,543,913,603,89,735,269,324,912,839,545,390,981,971,587,267,382,633,422,691,956,949,182,137,891,336,957,858,565,901,349,59,938,601,79,233,677,279,119,708,764,303,589,475,228,154,652,698,352,749,341,489,196,760,214,731,909,373,849,972,116,936,47,100,505,805,534,157,122,527,451,272,630,376,218,411,329,758,192,166,338,531,255,114,3,371,970,298,400,457,639,277,657,860,234,925,747,132,503,14,717,517,694,734,703,772,784,347,113,991,799,966,427,667,939,77,381,445,686,224,219,665,607,728,890,399,203,90,153,401,207,792,556,75,615,830,169,240,325,759,736,719,948,429,162,442,905,551,780,444,955,244,554,301,300,637,914,982,446,892,699,178,364,321,263,436,433,570,944,426,213,247,199,106,39,953,827,386,95,973,304,868,988,48,568,815,1,200,236,380,585,183,916,546,969,678,108,803,405,718,447,547,776,711,750,435,557,88,360,184,316,695,249,58,495,768,628,693,462,115,15,138,441,871,73,651,761,253,795,490,96,672,608,833,885,13,611,859,786,753,17,712,227,50,933,20,491,521,430,610,714,368,631,409,456,418,120,696,638,44,146,954,469,593,306,36,808,428,256,806,960,265,28,271,206,752,974,288,296,76,270,252,918,292,141,416,437,424,877,150,689,789,872,757,724,16,92,223,189,241,454,225,479,886,333,167,946,359,649,60,560,487,578,93,31,443,950,168,697,658,552,431,398,879,374,550,326,81,537,99,502,266,599,500,361,825,482,739,720,346,726,600,501,574,130,131,680,846,903,327,604,526,339,796,888,635,220,41,275,924,308,788,524,97,701,571,927,591,878,21,730,897,507,756,662,523,733,929,175,640,104,676,404,291,365,596,493,765,809,729,965,645,533,471,597,922,144,513,540,80,54,732,216,910,715,171,459,264,769,743,134,410,683,91,163,804,56,826,976,754,406,350,894,484,921,800,564,814,947,807,636,12,802,575,782,887,248,671,259,229,986,880,394,124,179,773,239,226,82,563,139,919,2,766,548,309,343,181,392,561,231,840,408,448,449,53,569,5,539,129,230,22,470,613,707,72,541,536,738,140,940,511,874,532,344,911,23,737,980,690,516,618,202,882,584,856,896,961,952,62,375,624,105,713,434,389,305,559,415,245,126,313,367,530,659,861,165,866,156,755,172,215,614,763,9,851,746,94,320,294,562,774,895,193,642,319,984,18,280,40,335,317,567,801,544,931,369,395,845,816,297,273,992,318,620,42,177,185,353,52,251,118,622,813,145,937,817,864,477,465,464,823,158,135,149,983,285,666,494,854,159,742,820,322,580,893,928,473,25,889,450,685,725,660,311,648,740,528,372,932,136,838,198,884,951,170,107,506,497,204,684,383,332,242,900,975,852,579,744,83,201,656,850,334,977,152,842,767,117,293,941,538,102,942,420,190,378,71,654,727,605,460,481,110,385,837,962,775,417,818,904,51,867,290,340,208,173,625,847,577,286,235,498,791,161,798,84,85,779,558,440,832,432,515,582,509,987,315,968,964,855,810,793,109,632,857,112,453,650,468,668,478,68,595,485,617,238,67,762,907,519,843,393,647,35,396,188,870,282,623,621,848,101,69,923,281,357,644,606,675,217,358,70,592,314,926,232,323,745,967,425,45,466,609,143,274,920,670,29,553,387,195,583,98,835,520,33,590,627,979,260,243,483,345,
value : 509.334 running time : 48.731122
0 80 20
721 73.4453 18.123
598 69.3028 16.9365
103 65.4058 15.8203
176 64.6419 16.3895
295 63.8329 16.9923
581 63.0478 17.5773
504 62.2508 18.1712
24 61.4176 18.7921
959 60.5422 19.4443
819 59.6731 20.0919
777 58.7974 20.7444
821 57.8194 21.4731
781 56.3376 21.8075
164 54.7594 22.1638
873 53.3661 22.4783
55 52.0656 22.7718
6 50.7094 23.0778
19 48.4991 23.5769
831 48.499 23.5769
419 47.8101 23.6612
934 47.0974 23.7485
337 46.4173 23.8318
379 45.8225 23.9046
261 45.3885 23.9578
26 44.9742 24.0086
111 44.5756 24.0574
853 44.2253 24.1003
586 43.3005 22.7865
310 42.1989 21.2215
407 41.2255 19.8386
363 40.7595 19.1765
287 40.3808 18.6382
467 40.0451 18.1612
518 39.5353 17.4368
653 38.7425 17.8548
246 37.8753 18.312
883 37.3717 18.5776
351 36.8798 18.837
669 36.3878 19.0964
573 35.3684 20.1638
439 34.2668 21.3173
64 33.5761 22.0406
822 32.9092 22.7388
869 32.2502 23.429
626 31.9631 23.7297
902 31.6625 24.0445
160 31.3983 24.3212
221 31.1341 24.5978
824 30.8893 24.8542
643 30.6523 25.1025
787 30.4044 25.3621
284 30.1652 25.6126
704 29.9312 25.8577
254 29.1713 26.6535
278 28.1283 27.7455
65 27.1245 28.7965
641 26.5313 29.4177
664 25.9683 30.0074
354 25.5407 30.4552
32 25.0849 30.9325
486 24.727 31.3073
836 24.3631 31.6885
37 24.0027 32.0659
205 22.8391 31.1267
985 21.6305 30.1513
10 21.2668 29.8576
700 20.8719 29.3357
612 20.327 28.6155
307 19.5547 27.5947
474 18.4738 26.1659
915 17.5698 24.971
661 16.2109 23.175
702 14.7702 21.2706
812 10.8655 16.1098
722 10.8655 16.1098
488 10.8655 16.1098
8 10.8658 16.1324
682 10.8723 16.5162
61 10.8788 16.9068
881 10.8857 17.3144
646 10.8935 17.7788
211 10.9017 18.269
402 10.9101 18.764
362 10.9177 19.2205
588 10.9257 19.6963
629 10.9338 20.1731
86 11.0023 24.233
74 11.0028 24.2608
258 11.0032 24.287
455 11.0037 24.3132
4 11.0041 24.3395
963 11.0045 24.3635
187 11.0049 24.3868
348 11.0085 24.599
366 11.0123 24.8313
674 11.0176 25.1444
133 11.0243 25.5438
572 11.0303 25.9028
899 11.036 26.2465
331 11.042 26.6028
673 11.0482 26.9711
299 11.0544 27.3435
412 11.0605 27.7083
943 11.0719 28.3891
741 11.0829 29.0435
710 11.097 29.8863
958 11.1119 30.773
794 11.123 31.4333
87 11.1357 32.1904
898 11.1478 32.9147
330 11.175 34.5293
514 11.1923 35.5621
499 11.2209 37.2618
328 11.227 37.6256
125 11.2325 37.9571
283 11.2384 38.3083
312 11.2446 38.6739
128 11.2504 39.0199
57 11.2504 39.0199
148 11.5075 38.9861
222 11.7362 38.9559
770 11.98 38.9238
78 12.2306 38.8908
990 12.4563 38.8611
616 12.6807 38.8315
542 12.9042 38.8021
496 13.2161 38.761
771 13.5099 38.7223
663 13.7892 38.6855
863 14.0619 38.6496
423 14.3482 38.6118
46 14.628 38.575
463 14.93 38.5352
841 15.3433 38.4808
476 15.8553 38.4134
123 16.3527 38.3479
212 16.9057 38.275
268 17.59 38.185
384 18.3403 38.0862
11 20.0798 37.8575
655 21.5007 37.6706
723 22.869 37.4905
121 24.2542 37.3083
403 25.6518 37.1244
602 27.4422 36.889
566 29.8233 36.576
692 29.8233 36.5759
480 29.8233 36.5759
7 29.8233 36.5759
748 29.8233 36.5759
706 29.8233 36.5759
917 29.8233 36.5759
549 29.8233 36.5759
811 29.8234 36.5759
783 29.8234 36.5759
529 29.8234 36.5759
829 29.8234 36.5759
191 29.8234 36.5759
679 29.8234 36.5759
709 29.8234 36.5759
151 34.836 37.1981
250 40.8226 37.9413
945 43.9924 38.3346
790 44.1421 38.3532
257 44.2963 38.3723
421 44.456 38.3921
834 44.61 38.4112
289 44.8076 38.4357
865 45.6405 38.539
555 46.4429 38.6386
209 46.5727 38.7829
681 46.714 38.94
155 46.8534 39.095
472 46.986 39.2424
935 47.1061 39.3759
785 47.2337 39.5178
906 47.3707 39.6702
930 47.5017 39.8158
43 47.6309 39.9594
875 47.6859 40.0207
66 47.7391 40.0797
262 47.7966 40.1437
458 47.7966 40.1437
594 47.7966 40.1437
377 47.7966 40.1437
828 47.7966 40.1437
27 47.732 40.3735
978 47.6364 40.713
634 47.5489 41.024
751 47.4251 41.4637
186 46.813 43.638
355 46.813 43.638
461 43.9603 46.4992
576 41.7149 48.7512
862 41.7149 48.7512
237 41.7149 48.7512
876 41.7149 48.7512
210 41.7149 48.7512
180 41.7149 48.7512
370 41.7149 48.7512
147 41.7149 48.7512
63 41.7149 48.7512
522 41.7149 48.7512
778 41.7149 48.7512
49 41.7149 48.7512
197 41.7149 48.7512
30 41.7149 48.7512
619 41.7149 48.7512
356 41.7149 48.7512
194 41.7149 48.7512
844 41.7149 48.7512
452 41.5527 48.7952
512 41.3909 48.8392
716 41.2319 48.8824
342 40.7988 49
989 40.3367 49.1255
276 39.8999 49.2441
492 39.3678 49.3886
688 37.6521 49.8547
508 36.5941 50.1421
127 35.6859 50.3888
302 34.659 50.6677
414 33.7208 50.9225
535 32.8505 51.1589
397 32.1265 51.3556
413 31.5097 51.5231
438 30.8721 51.6962
391 30.279 51.8573
908 29.7742 51.9944
510 29.3153 52.119
34 28.8467 52.2463
142 28.4541 52.3529
174 28.0928 52.451
705 28.0928 52.451
687 28.0928 52.451
525 27.881 52.5695
388 27.6683 52.6886
797 27.4352 52.819
38 27.2181 52.9404
543 26.9843 53.0713
913 26.7493 53.2028
603 26.5114 53.3359
89 26.2691 53.4715
735 26.018 53.612
269 25.7732 53.749
324 25.5194 53.891
912 25.2744 54.0281
839 24.6576 54.3734
545 23.9789 54.7533
390 23.3014 55.1326
981 22.6052 55.5224
971 21.9248 55.9032
587 21.9248 55.9032
267 21.9248 55.9032
382 21.9248 55.9032
633 21.9248 55.9033
422 21.9248 55.9033
691 21.9248 55.9033
956 21.9248 55.9033
949 21.9248 55.9033
182 21.9248 55.9033
137 21.9248 55.9033
891 21.8275 55.9423
336 21.4664 56.0869
957 21.13 56.2218
858 20.7741 56.3644
565 20.4066 56.5116
901 20.0604 56.6503
349 19.7062 56.7923
59 19.3544 56.9332
938 18.9791 57.0836
601 18.5785 57.2441
79 18.198 57.3965
233 17.8013 57.5555
677 17.389 57.7207
279 17.0001 57.8765
119 16.5851 58.0428
708 15.1501 53.7568
764 15.1569 53.726
303 15.1636 53.6958
589 15.1706 53.6641
475 15.1787 53.6276
228 15.0324 53.6574
154 14.896 53.6853
652 14.7641 53.7122
698 14.6366 53.7382
352 14.4985 53.7664
749 14.3591 53.7948
341 14.2296 53.8212
489 14.1001 53.8476
196 13.9765 53.8728
760 13.8469 53.8993
214 13.7262 53.9239
731 13.6202 53.9455
909 12.9165 54.4123
373 12.2235 54.8719
849 11.4952 55.3549
972 11.0737 55.6345
116 10.6134 55.9398
936 10.613 55.9753
47 10.6126 56.0105
100 10.6122 56.0463
505 10.6118 56.0819
805 10.6113 56.1175
534 10.6109 56.1525
157 10.6105 56.1881
122 10.6073 56.4648
527 10.6041 56.7366
451 10.6007 57.022
272 10.5977 57.2845
630 10.5953 57.4899
376 10.5932 57.664
218 10.5913 57.8313
411 10.589 58.0212
329 10.5876 58.145
758 10.5862 58.2619
192 10.5764 59.1
166 10.5672 59.884
338 10.5563 60.8108
531 10.5474 61.5714
255 10.5379 62.3751
114 10.5291 63.1272
3 10.5207 63.8415
371 10.5125 64.5406
970 10.5042 65.2441
298 10.4961 65.9333
400 10.4937 66.1435
457 10.4914 66.3407
639 10.4894 66.5074
277 10.4876 66.6614
657 10.4857 66.8232
860 10.484 66.9741
234 10.4825 67.1034
925 10.4808 67.2465
747 10.4788 67.4179
132 10.4766 67.606
503 10.4745 67.787
14 10.4725 67.9576
717 10.4705 68.1293
517 10.4684 68.303
694 10.4664 68.4766
734 10.4645 68.637
703 10.4626 68.7991
772 10.4606 68.9745
784 10.4584 69.1629
347 10.4561 69.3619
113 10.4524 69.6727
991 10.4493 69.9401
799 10.4466 70.1693
966 10.4437 70.4186
427 10.4407 70.6792
667 10.4377 70.9339
939 10.4348 71.1784
77 10.4304 71.5568
381 10.4255 71.9797
445 10.4202 72.4316
686 10.4148 72.8868
224 10.4094 73.3475
219 10.4045 73.7714
665 10.3989 74.2531
607 10.3927 74.7775
728 10.3858 75.3648
890 10.3793 75.9247
399 10.373 76.4628
203 10.3678 76.9041
90 10.3629 77.3236
153 10.3581 77.7329
401 10.3549 78.009
207 10.3527 78.1958
792 10.3497 78.4527
556 10.3471 78.6754
75 10.3442 78.918
615 10.3415 79.1534
830 10.3387 79.3886
169 10.3359 79.633
240 10.3333 79.8568
325 10.3306 80.0827
759 10.328 80.3079
736 10.3254 80.5333
719 10.323 80.7352
948 10.3209 80.9149
429 10.3183 81.138
162 10.3152 81.4012
442 10.3108 81.7779
905 10.3078 82.0401
551 10.3048 82.2949
780 10.3016 82.5704
444 10.2982 82.8533
955 10.2951 83.121
244 10.2919 83.3977
554 10.2886 83.6735
301 10.2849 83.9961
300 10.2815 84.2816
637 10.2781 84.5719
914 10.2749 84.8466
982 10.2719 85.1009
446 10.269 85.3523
892 10.2662 85.5914
699 10.2633 85.84
178 10.2605 86.078
364 10.2575 86.3374
321 10.2548 86.572
263 10.2514 86.8566
436 10.2484 87.1144
433 10.2453 87.383
570 10.2413 87.7229
944 10.2369 88.099
426 10.2287 88.7976
213 10.2183 89.6828
247 10.2182 89.6921
199 10.2181 89.7022
106 10.218 89.7123
39 10.2178 89.722
953 10.2177 89.7313
827 10.2176 89.7407
386 10.2175 89.7492
95 10.2174 89.7584
973 10.2173 89.7685
304 10.2172 89.7786
868 10.2171 89.7891
988 10.2169 89.7989
48 10.3771 89.7996
568 10.5122 89.8002
815 10.6522 89.8008
1 10.7865 89.8014
200 10.9199 89.802
236 11.0585 89.8027
380 11.1914 89.8033
585 11.3348 89.8039
183 11.5058 89.8047
916 11.6387 89.8053
546 11.7602 89.8058
969 11.8893 89.8064
678 12.0289 89.807
108 12.181 89.8077
803 12.332 89.8084
405 12.4857 89.8091
718 12.6497 89.8098
447 12.8136 89.8106
547 12.9843 89.8113
776 13.1876 89.8122
711 13.3567 89.813
750 13.5402 89.8138
435 13.7255 89.8146
557 14.1024 89.8163
88 14.4837 89.8181
360 14.8393 89.8197
184 15.1745 89.8212
316 15.4759 89.8225
695 15.825 89.8241
249 16.152 89.8256
58 16.4539 89.8269
495 16.7323 89.8282
768 17.0249 89.8295
628 17.1838 89.8302
693 17.4347 89.8313
462 17.7733 89.8328
115 18.1072 89.8344
15 18.4363 89.8358
138 18.7583 89.8373
441 19.1879 89.8392
871 19.5786 89.841
73 19.9811 89.8428
651 20.3021 89.8442
761 20.6348 89.8457
253 20.9603 89.8472
795 21.2546 89.8485
490 21.463 89.8494
96 21.683 89.8504
672 21.8786 89.8513
608 22.0525 89.8521
833 22.2358 89.8529
885 22.4187 89.8537
13 22.5945 89.8545
611 22.8091 89.8555
859 22.9955 89.8563
786 23.1871 89.8572
753 23.343 89.8579
17 23.5113 89.8586
712 23.6954 89.8595
227 23.8915 89.8604
50 24.1073 89.8613
933 24.3247 89.8623
20 24.5676 89.8634
491 24.7675 89.8643
521 24.98 89.8652
430 25.1999 89.8662
610 25.4115 89.8672
714 25.614 89.8681
368 25.8307 89.8691
631 26.0644 89.8701
409 26.2804 89.8711
456 26.4917 89.872
418 26.7177 89.8731
120 26.9586 89.8741
696 27.1857 89.8752
638 27.4263 89.8762
44 27.643 89.8772
146 27.8883 89.8783
954 28.0838 89.8792
469 28.27 89.88
593 28.5134 89.8811
306 28.8075 89.8824
36 29.1103 89.8838
808 29.4335 89.8853
428 29.7314 89.8866
256 30.0468 89.888
806 30.339 89.8893
960 30.6268 89.8906
265 30.9215 89.8919
28 30.9215 89.8919
271 30.9215 89.8919
206 30.9215 89.8919
752 30.9313 89.7719
974 30.9424 89.6343
288 31.0095 88.8068
296 31.0793 87.946
76 31.1371 87.2325
270 31.1962 86.5044
252 31.2344 86.0331
918 31.2612 85.7027
292 31.2912 85.333
141 31.3182 84.9995
416 31.3457 84.6604
437 31.3749 84.3011
424 31.4038 83.945
877 31.4347 83.5637
150 31.4734 83.0862
689 31.5269 82.4264
789 31.5709 81.8831
872 31.6052 81.4605
757 31.6382 81.0544
724 31.6728 80.6267
16 31.7001 80.2903
92 31.7268 79.962
223 31.7654 79.486
189 31.8024 79.0288
241 31.839 78.578
454 31.8814 78.0548
225 31.9233 77.5385
479 29.6487 77.2082
886 29.2056 77.1439
333 28.8691 77.095
167 28.541 77.0474
946 28.2046 76.9987
359 27.9042 76.9551
649 27.5588 76.905
60 25.8428 76.6558
560 23.9112 76.3753
487 22.8023 76.2143
578 21.7906 76.0675
93 20.7199 75.9121
31 20.7199 75.9121
443 20.7278 75.5783
950 20.7356 75.2493
168 20.7433 74.9281
697 20.7511 74.5975
658 20.7589 74.2695
552 20.7667 73.9419
431 20.7742 73.6258
398 20.782 73.2975
879 20.7897 72.9768
374 20.7897 72.9768
550 20.7972 72.8807
326 20.8054 72.7755
81 20.8142 72.6626
537 20.8214 72.5704
99 20.8294 72.4683
502 20.8376 72.3641
266 20.8454 72.2642
599 20.8539 72.156
500 20.8607 72.0682
361 20.8679 71.9758
825 20.8753 71.8814
482 20.884 71.77
739 20.8919 71.6694
720 20.8992 71.5762
346 20.9057 71.4928
726 20.913 71.4
600 20.9209 71.2994
501 20.929 71.1952
574 20.9368 71.0955
130 20.9453 70.9872
131 20.9532 70.8861
680 21.1058 70.8446
846 21.2766 70.7982
903 21.4365 70.7547
327 21.5824 70.7151
604 21.7268 70.6758
526 21.8594 70.6398
339 21.9884 70.6048
796 22.1268 70.5672
888 22.286 70.5239
635 22.4358 70.4832
220 22.5824 70.4433
41 22.7372 70.4013
275 22.899 70.3573
924 23.0675 70.3115
308 23.2508 70.2617
788 23.3444 70.2363
524 23.4284 70.2134
97 23.5144 70.1901
701 24.2402 69.9928
571 25.0391 69.7756
927 25.7637 69.5787
591 26.5175 69.3738
878 27.208 69.186
21 27.83 69.017
730 28.3939 68.8637
897 28.9633 68.709
507 29.7038 68.5077
756 30.5468 68.2786
662 31.0884 68.2061
523 31.5972 68.138
733 31.9418 68.0918
929 32.3436 68.0381
175 32.7027 67.99
640 33.0291 67.9463
104 33.4048 67.896
676 33.7677 67.8474
404 33.8569 67.8355
291 33.948 67.8233
365 34.0384 67.8112
596 34.1284 67.7991
493 34.2187 67.787
765 34.3153 67.7741
809 34.4059 67.762
729 34.4878 67.751
965 35.4099 67.6277
645 36.667 67.4595
533 38.0599 67.2733
471 39.3538 67.1002
597 40.4362 66.9555
922 40.4873 67.063
144 40.6793 67.4667
513 40.8432 67.8115
540 40.9813 68.1018
80 41.1103 68.3732
54 41.2319 68.629
732 41.3641 68.907
216 41.5129 69.22
910 41.6643 69.5384
715 41.8123 69.8497
171 41.9629 70.1664
459 42.111 70.478
264 42.266 70.8039
769 42.6142 71.5362
743 42.7332 71.7865
134 42.8671 72.0681
410 42.9972 72.3417
683 43.14 72.6422
91 43.2991 72.9767
163 43.441 73.2753
804 43.5933 73.5954
56 44.0039 74.459
826 44.9364 76.4197
976 45.7321 78.0929
754 46.7171 80.1638
406 46.7171 80.1638
350 46.7171 80.1638
894 46.7171 80.1638
484 46.7171 80.1638
921 46.7171 80.1638
800 46.7171 80.1638
564 46.7171 80.1638
814 46.7171 80.1638
947 46.7171 80.1638
807 46.7171 80.1638
636 46.7171 80.1638
12 46.7171 80.1638
802 46.7171 80.1638
575 46.7171 80.1638
782 46.7151 80.1651
887 46.7131 80.1663
248 46.7111 80.1676
671 46.7093 80.1688
259 46.5205 80.2889
229 46.3294 80.4104
986 45.7033 80.8088
880 44.701 81.4464
394 43.1783 82.415
124 42.1586 83.0637
179 42.2283 83.7004
773 42.2904 84.2677
239 42.3551 84.8597
226 42.4066 85.3302
82 42.5091 86.2667
563 42.6205 87.2859
139 42.8868 89.7216
919 42.8868 89.7216
2 42.8868 89.7216
766 42.9927 89.7369
548 43.0937 89.7515
309 43.2012 89.767
343 43.31 89.7827
181 43.4055 89.7965
392 43.5024 89.8105
561 43.6102 89.8261
231 43.7105 89.8406
840 43.8281 89.8576
408 43.9477 89.8749
448 44.0468 89.8892
449 44.1533 89.9046
53 44.258 89.9197
569 44.3649 89.9352
5 44.4768 89.9513
539 44.5791 89.9661
129 44.6785 89.9805
230 44.7773 89.9948
22 44.8823 90.0099
470 44.9873 90.0251
613 45.1081 90.0425
707 45.3129 90.0722
72 45.5478 90.1061
541 45.8329 90.1473
536 46.0771 90.1826
738 46.2971 90.2144
140 46.6724 90.2686
940 47.0141 90.318
511 47.3427 90.3654
874 47.6467 90.4094
532 48.0044 90.461
344 48.3624 90.5128
911 48.6423 90.5532
23 48.6294 90.5037
737 48.6157 90.4508
980 48.6017 90.397
690 48.5879 90.3439
516 48.5746 90.2927
618 48.5623 90.2451
202 48.5503 90.1989
882 48.5386 90.154
584 48.5263 90.1067
856 48.5127 90.054
896 48.4817 89.9348
961 48.4509 89.8159
952 48.4175 89.6875
62 48.3856 89.5646
375 48.3548 89.4457
624 48.3242 89.3279
105 48.2903 89.1974
713 48.2547 89.0604
434 48.2215 88.9325
389 48.1754 88.755
305 48.1298 88.579
559 48.0874 88.4157
415 48.0368 88.2208
245 47.989 88.0366
126 47.9427 87.8584
313 47.9019 87.7012
367 47.8568 87.5274
530 47.8065 87.3338
659 47.7598 87.1537
861 47.7172 86.9898
165 47.678 86.8387
866 47.6344 86.6706
156 47.5851 86.4807
755 47.5249 86.2488
172 47.4738 86.052
215 47.4191 85.8414
614 47.3689 85.6481
763 49.5208 85.8369
9 52.4957 86.0982
851 52.5902 86.1065
746 52.6789 86.1142
94 52.7691 86.1221
320 52.8569 86.1298
294 52.9446 86.1375
562 53.228 86.1623
774 53.6049 86.1954
895 53.9761 86.2279
193 54.3594 86.2615
642 54.8687 86.3061
319 55.4358 86.3558
984 56.2293 86.4254
18 56.9342 86.4872
280 57.4825 86.5353
40 58.0704 86.5868
335 58.7186 86.6437
317 59.405 86.7038
567 60.0628 86.7615
801 60.7066 86.8179
544 61.3448 86.8739
931 61.7176 86.9066
369 62.0891 86.9391
395 62.4967 86.9748
845 62.902 87.0104
816 63.2748 87.043
297 63.6777 87.0783
273 64.0625 87.1121
992 64.451 87.1461
318 64.8563 87.1816
620 65.173 87.2094
42 65.468 87.2352
177 65.7628 87.2611
185 66.0722 87.2882
353 66.42 87.3187
52 66.7296 87.3458
251 67.0368 87.3727
118 67.3127 87.3969
622 67.8657 87.4453
813 68.4184 87.4938
145 68.9222 87.5379
937 69.4331 87.5827
817 69.9354 87.6267
864 70.5054 87.6767
477 71.0202 87.7218
465 71.6207 87.7744
464 72.2398 87.8287
823 73.254 87.9176
158 74.4074 88.0188
135 75.6524 88.1279
149 75.7296 88.1347
983 77.9897 88.3329
285 77.9897 88.3329
666 77.9897 88.3329
494 77.9897 88.3329
854 77.9897 88.3329
159 77.9897 88.3329
742 77.9897 88.3329
820 77.9898 88.3329
322 77.9898 88.3329
580 77.9898 88.3329
893 79.4443 88.3688
928 80.8003 88.4022
473 82.2556 86.1814
25 83.7324 83.9278
889 84.3086 83.0484
450 84.992 82.0053
685 85.1623 81.7453
725 85.3338 81.4835
660 85.5363 81.1743
311 85.6987 80.9265
648 85.8465 80.7008
740 86.0081 80.4542
528 86.1795 80.1925
372 86.3493 79.9333
932 84.7769 62.4787
136 84.7769 62.4787
838 84.7769 62.4787
198 84.7769 62.4787
884 84.7769 62.4787
951 84.7769 62.4787
170 84.7769 62.4787
107 84.7769 62.4787
506 84.7769 62.4787
497 84.7769 62.4787
204 81.9032 64.2634
684 81.2151 64.4586
383 80.472 64.6693
332 79.7635 64.8703
242 79.0591 65.07
900 77.8987 65.3992
975 76.9105 65.6795
852 75.9875 65.9412
579 75.0718 66.2009
744 74.2198 66.4426
83 73.7597 66.573
201 73.7596 66.573
656 73.7596 66.5729
850 73.7595 66.5728
334 73.7594 66.5728
977 73.7593 66.5727
152 71.1029 64.0249
842 68.3377 61.3731
767 68.3365 61.3719
117 68.3354 61.3708
293 68.3398 62.0525
941 68.3448 62.8064
538 68.3496 63.5534
102 68.355 64.3741
942 68.3607 65.2661
420 68.3671 66.2435
190 68.3734 67.2301
378 68.3957 70.6887
71 68.3957 70.6887
654 68.3957 70.6887
727 68.3957 70.6887
605 68.3957 70.6887
460 68.3957 70.6887
481 68.3957 70.6887
110 68.3957 70.6887
385 68.3957 70.6887
837 68.3957 70.6887
962 68.3957 70.6887
775 68.3957 70.6888
417 68.3957 70.6888
818 67.9265 70.4568
904 67.0615 70.0289
51 66.1995 69.6026
867 65.2962 69.1558
290 64.3508 68.6882
340 63.348 68.1922
208 62.3309 67.6891
173 61.3591 67.2084
625 60.3902 66.7292
847 59.4995 66.2886
577 58.5895 65.8385
286 57.8698 65.4825
235 57.2053 65.1539
498 56.663 64.8858
791 56.5662 64.8379
161 56.4675 64.7891
798 56.3683 64.7401
84 56.2749 64.6939
85 56.1779 64.646
779 56.0818 64.5984
558 56.0818 64.5984
440 56.0818 64.5984
832 56.0818 64.5984
432 56.0811 64.513
515 56.0803 64.4191
582 56.0797 64.3399
509 56.079 64.2503
987 56.0782 64.1492
315 56.0773 64.0404
968 56.0763 63.9088
964 56.0753 63.7842
855 56.0744 63.6721
810 56.0735 63.5544
793 56.0726 63.4508
109 56.0719 63.3623
632 56.0712 63.266
857 56.0703 63.1508
112 56.0689 62.975
453 56.0674 62.7882
650 56.066 62.6098
468 56.0639 62.3506
668 56.0619 62.096
478 56.0597 61.818
68 56.0576 61.5568
595 56.0555 61.2877
485 56.0532 61.0061
617 56.0514 60.775
238 56.0493 60.5108
67 56.0471 60.2362
762 56.0436 59.7997
907 56.0398 59.3161
519 56.0359 58.8253
843 56.0326 58.4104
393 56.0306 58.1622
647 56.0242 57.3535
35 56.0166 56.3978
396 56.0085 55.373
188 56.0008 54.4144
870 55.9929 53.4197
282 55.9914 53.2296
623 55.9895 52.9872
621 55.9877 52.7667
848 55.9824 52.0887
101 56.0447 52.0622
69 56.111 52.0341
923 56.1784 52.0055
281 56.2515 51.9744
357 58.334 51.0899
644 59.8694 50.4379
606 61.2348 49.858
675 62.4167 49.3561
217 63.4547 48.9154
358 64.5963 48.4306
70 65.5081 48.0434
592 66.4401 47.6476
314 66.8601 47.4693
926 67.2959 47.2843
232 67.7428 47.0945
323 68.1747 46.9112
745 68.5985 46.7313
967 68.952 46.5812
425 69.2519 46.4539
45 69.5287 46.3364
466 69.8469 46.2013
609 70.1477 46.0736
143 70.4296 45.9539
274 70.7504 45.8177
920 71.0089 45.7079
670 71.2483 45.6063
29 71.5012 45.4989
553 71.7517 45.3926
387 72.0136 45.2814
195 72.4231 44.6064
583 72.83 43.9358
98 82.4392 28.1
835 82.4392 28.1
520 82.663 27.4618
33 83.0091 26.475
590 83.4381 25.2519
627 85.3987 19.6606
979 85.8474 18.3811
260 86.134 17.5638
243 86.1474 17.5257
483 86.16 17.4897
345 84.7698 18.0563
