0,721,260,483,243,979,345,627,835,520,590,33,98,387,143,583,195,274,553,29,670,920,314,45,609,466,358,70,592,745,323,232,926,425,850,644,594,357,217,675,606,485,282,188,870,623,842,595,68,478,668,468,117,293,843,35,647,617,767,538,396,779,743,625,847,577,453,94,112,857,632,109,793,810,855,964,968,315,987,509,582,515,432,832,440,9,558,498,85,84,798,161,791,650,235,286,173,340,852,208,907,900,152,904,654,867,962,290,201,83,744,67,393,579,460,481,837,71,818,417,775,297,942,762,51,238,727,605,420,656,102,190,204,385,110,941,332,383,975,884,838,967,334,951,242,977,506,198,932,136,684,497,107,170,322,740,528,311,648,372,450,889,473,25,660,725,685,928,135,158,983,893,580,864,742,159,353,854,845,273,477,52,145,666,318,813,544,620,42,285,817,149,937,823,464,251,465,494,820,185,992,177,378,395,931,618,622,369,18,575,40,335,317,567,801,984,851,536,584,140,940,816,911,294,559,562,774,408,895,193,642,319,516,856,344,874,179,320,980,746,511,896,23,690,541,882,737,532,202,961,952,62,375,624,105,713,434,389,305,754,880,840,707,118,738,448,415,245,126,313,367,530,394,539,861,561,569,165,866,156,755,172,215,659,231,139,5,548,309,343,72,181,392,766,614,613,470,763,53,449,22,226,773,919,2,129,230,239,82,662,92,134,563,986,259,229,671,782,887,248,280,406,350,894,484,921,800,564,814,947,807,636,12,802,826,872,124,225,189,241,91,804,163,264,683,410,769,216,513,540,80,54,732,597,910,715,171,459,56,144,676,404,291,365,596,493,922,21,308,788,571,591,878,104,523,733,929,175,640,223,131,730,897,507,927,726,903,600,501,574,680,339,524,552,130,635,701,479,658,888,599,537,454,266,99,275,398,502,220,924,327,346,487,326,796,97,443,526,168,560,500,361,81,846,825,950,604,482,41,739,720,551,780,374,879,16,689,550,976,757,724,789,886,946,359,649,60,578,697,431,469,954,252,270,150,918,292,141,416,437,424,877,288,28,271,206,752,974,265,960,631,490,333,761,608,428,368,256,806,146,786,808,296,76,768,418,120,696,638,44,456,167,409,20,441,714,253,795,96,672,833,611,491,753,462,13,430,73,115,933,885,859,651,58,712,17,50,871,306,36,610,593,521,15,227,31,93,249,495,138,693,628,776,695,316,184,360,88,557,435,750,711,442,905,988,547,447,718,405,803,108,678,969,546,916,183,585,380,236,200,1,815,568,48,213,868,304,973,95,386,827,953,39,106,199,247,914,570,433,436,263,321,364,178,699,892,446,982,224,153,90,203,399,890,728,607,665,219,444,637,300,301,554,244,955,401,162,429,948,719,736,759,325,240,169,830,615,75,556,792,207,944,426,272,376,630,298,686,445,381,77,939,667,427,966,799,991,113,347,784,772,703,734,694,517,717,14,503,132,747,925,234,860,657,277,639,457,400,218,329,411,758,970,371,3,114,255,531,338,166,192,57,157,849,451,527,122,805,505,100,47,936,116,972,542,463,373,633,154,708,214,760,196,489,341,749,352,698,652,589,303,764,119,677,705,438,949,391,324,269,735,89,603,174,142,34,510,908,913,279,956,525,397,475,535,688,797,38,543,37,965,809,729,912,981,390,545,839,587,233,79,601,59,349,901,565,957,336,891,137,691,422,382,267,971,765,756,471,645,533,127,938,461,147,370,180,210,876,237,862,576,30,302,508,388,492,101,621,848,63,197,778,522,281,69,923,619,790,945,49,276,989,342,716,512,452,844,194,681,355,66,875,186,519,356,751,906,785,935,472,155,43,262,377,458,930,634,978,250,555,209,257,27,834,421,853,379,261,121,566,692,480,413,7,748,706,917,549,811,783,529,829,414,191,679,602,151,709,354,664,486,32,687,212,858,771,403,268,11,384,205,836,476,731,655,330,958,182,228,222,78,123,863,616,496,87,841,283,723,663,423,990,700,985,10,534,148,128,328,312,909,499,794,710,514,770,46,133,741,898,572,899,331,673,299,412,943,74,86,125,674,366,348,187,963,4,455,258,812,8,629,588,362,402,211,646,881,61,682,722,488,641,439,278,65,702,612,307,474,915,661,704,902,160,221,824,643,787,284,869,822,64,254,883,669,310,363,407,246,351,573,518,626,287,467,289,26,934,337,586,111,19,653,821,419,819,831,865,828,781,55,873,164,176,24,6,777,504,295,959,581,103,598,
value : 468.633 running time : 59.018995
0 80 20
721 80.4838 17.82
260 84.2846 17.123
483 85.5698 16.8873
243 85.417 17.4345
979 85.2354 18.0852
345 85.0157 18.872
627 84.7907 19.6778
835 82.4392 28.1
520 82.4392 28.1
590 82.4392 28.1
33 82.4392 28.1
98 82.4392 28.1
387 71.6739 45.587
143 71.253 45.8083
583 70.9955 45.9437
195 70.7639 46.0655
274 70.5145 46.1966
553 70.205 46.3594
29 69.9288 46.5046
670 69.6439 46.6545
920 69.3682 46.7994
314 69.0546 46.9643
45 68.7685 47.1148
609 68.4956 47.2583
466 68.1916 47.4181
358 67.8604 47.5923
70 67.6619 47.6967
592 67.4806 47.792
745 67.2661 47.9048
323 66.8815 48.107
232 66.4823 48.3169
926 66.0632 48.5373
425 65.6702 48.7439
850 65.0368 49.077
644 64.3411 49.4428
594 63.6626 49.7996
357 63.0495 50.1219
217 62.396 50.4655
675 61.7755 50.7918
606 60.9997 51.1997
485 60.0719 51.6876
282 59.0978 52.1998
188 59.0978 52.1998
870 59.0978 52.1998
623 58.8056 53.1664
842 58.506 54.1577
595 58.1227 55.4259
68 57.9643 55.95
478 57.8351 56.3774
668 57.7023 56.8166
468 57.6108 57.1195
117 57.5293 57.3889
293 57.4311 57.7141
843 57.3365 58.027
35 57.1413 58.6728
647 56.9494 59.3076
617 56.7645 59.9194
767 56.608 60.4372
538 56.354 61.2775
396 56.083 62.1741
779 55.7164 63.3868
743 55.8111 63.4496
625 55.9107 63.5158
847 56.0088 63.5808
577 56.0935 63.637
453 56.1819 63.6957
94 56.2757 63.758
112 56.3388 63.7999
857 56.3986 63.8396
632 56.4583 63.8792
109 56.517 63.9182
793 56.5742 63.9561
810 56.6384 63.9987
855 56.7008 64.0402
964 56.7661 64.0835
968 56.8313 64.1268
315 56.9025 64.174
987 56.9675 64.2172
509 57.0296 64.2584
582 57.086 64.2958
515 57.1431 64.3337
432 57.2019 64.3728
832 57.2606 64.4117
440 57.2825 64.4263
9 57.3049 64.4412
558 57.3243 64.454
498 57.3459 64.4684
85 57.5868 64.6283
84 57.8461 64.8004
798 58.1012 64.9697
161 58.3843 65.1577
791 58.6873 65.3588
650 59.0221 65.5811
235 59.2893 65.7585
286 60.1111 66.304
173 61.4628 67.2013
340 62.649 67.9887
852 63.8093 68.759
208 63.9943 68.8818
907 64.2049 69.0216
900 64.4599 69.1909
152 64.6821 69.3383
904 64.8893 69.4759
654 65.0993 69.6153
867 65.304 69.7512
962 65.5084 69.8869
290 65.7075 70.019
201 65.9079 70.152
83 66.0683 70.2585
744 66.2181 70.3579
67 66.3629 70.454
393 66.5183 70.5572
579 66.6858 70.6684
460 66.8298 70.764
481 66.9997 70.8768
837 67.154 70.9792
71 67.3117 71.0838
818 67.4677 71.1874
417 67.6085 71.2809
775 67.6085 71.2809
297 67.6085 71.2809
942 69.5452 68.5761
762 69.5452 68.5761
51 69.6377 68.4885
238 69.7358 68.3956
727 69.8315 68.3049
605 69.9311 68.2106
420 70.4613 67.7083
656 70.9395 67.2552
102 71.3525 66.864
190 71.6069 66.623
204 81.5472 64.4278
385 81.6635 64.3336
110 81.781 64.2386
941 81.9084 64.1355
332 82.1692 63.9244
383 82.4438 63.7022
975 82.7258 63.4739
884 83.1238 63.1518
838 83.3943 62.9329
967 83.6444 62.7304
334 83.9531 62.6269
951 84.3036 62.5094
242 84.3296 62.5311
977 84.3561 62.5532
506 84.382 62.5748
198 84.4067 62.5954
932 84.4325 62.6169
136 84.6392 62.7893
684 84.8733 62.9845
497 85.1119 63.1834
107 85.1661 63.8883
170 85.2511 64.9944
322 86.3672 79.5234
740 86.3711 79.5739
528 86.3748 79.622
311 86.379 79.6764
648 86.3833 79.7328
372 86.3873 79.7853
450 86.0792 80.243
889 85.6705 80.8504
473 85.3821 81.2788
25 85.1323 81.6499
660 84.8622 82.0513
725 83.8328 83.5807
685 83.0046 84.8114
928 80.4646 88.5852
135 79.6375 88.6277
158 79.0472 88.6581
983 78.5579 88.6833
893 77.9593 88.7141
580 77.343 88.7458
864 76.9274 88.7672
742 76.523 88.788
159 76.1088 88.8093
353 75.6742 88.8317
854 75.2638 88.8528
845 74.8391 88.8747
273 74.4364 88.8954
477 74.1936 88.9079
52 73.9905 88.9184
145 73.7971 88.9283
666 73.6077 88.9381
318 73.4092 88.9483
813 73.2148 88.9583
544 73.0114 88.9688
620 72.8133 88.979
42 72.6242 88.9887
285 72.4495 88.9977
817 72.2658 89.0071
149 72.0947 89.016
937 71.9245 89.0247
823 71.7438 89.034
464 71.5635 89.0433
251 71.3967 89.0519
465 71.2291 89.0605
494 71.0657 89.0689
820 70.8806 89.0785
185 68.6134 89.1952
992 67.3818 89.2587
177 66.2639 89.3163
378 65.2439 89.3689
395 64.3155 89.4167
931 63.436 89.462
618 62.546 89.5079
622 61.9323 89.5395
369 61.2529 89.5745
18 60.6631 89.6049
575 59.9433 89.642
40 59.237 89.6784
335 58.599 89.7113
317 58.0048 89.7419
567 57.3715 89.7746
801 56.699 89.8092
984 55.92 89.8494
851 55.0542 89.894
536 54.2339 89.9362
584 53.5413 89.9719
140 52.7646 90.0119
940 51.9981 90.0514
816 51.2899 90.0879
911 50.4145 90.133
294 48.7206 90.2203
559 48.6733 90.2227
562 48.6259 90.2251
774 48.5803 90.2275
408 48.5328 90.2299
895 48.4852 90.2324
193 48.438 90.2348
642 48.3926 90.2371
319 48.3479 90.2394
516 48.3064 90.2416
856 48.2663 90.2436
344 48.1909 90.2475
874 48.1134 90.2515
179 48.0423 90.2551
320 47.97 90.2589
980 47.9024 90.2623
746 47.8276 90.2662
511 47.7563 90.2698
896 47.6861 90.2735
23 47.6133 90.2772
690 47.539 90.281
541 47.4601 90.2851
882 47.3879 90.2888
737 47.3156 90.2925
532 47.228 90.297
202 47.1467 90.3012
961 47.0582 90.3058
952 46.9756 90.31
62 46.8877 90.3145
375 46.796 90.3192
624 46.7122 90.3236
105 46.6211 90.3282
713 46.5325 90.3328
434 46.4496 90.3371
389 46.3563 90.3419
305 46.2737 90.3461
754 46.1947 90.3502
880 46.1036 90.3549
840 46.0023 90.3601
707 45.9189 90.3644
118 45.849 90.368
738 45.7543 90.3728
448 45.6713 90.3771
415 45.6029 90.3806
245 45.5251 90.3846
126 45.4447 90.3888
313 45.3652 90.3929
367 45.2807 90.3972
530 45.1827 90.4023
394 45.0836 90.4074
539 45.0006 90.4116
861 44.9188 90.4159
561 44.8232 90.4208
569 44.7357 90.4253
165 44.654 90.4295
866 44.5693 90.4338
156 44.4866 90.4381
755 44.3961 90.4428
172 44.2968 90.4479
215 44.2079 90.4525
659 44.1209 90.4569
231 44.0268 90.4618
139 43.9399 90.4663
5 43.9022 90.26
548 43.8616 90.0381
309 43.8231 89.8274
343 43.784 89.6131
72 43.7451 89.4005
181 43.7059 89.1861
392 43.6609 88.9396
766 43.6182 88.706
614 43.5669 88.4255
613 43.5445 88.3026
470 43.4768 87.9327
763 43.4055 87.5426
53 43.3291 87.1244
449 43.2405 86.64
22 43.1403 86.0915
226 43.0245 85.4583
773 42.9611 85.1114
919 42.993 84.9544
2 43.0248 84.7976
129 43.0553 84.6474
230 43.0872 84.4907
239 43.1211 84.3236
82 43.159 84.1369
662 43.193 83.9695
92 43.193 83.9695
134 44.4644 81.5286
563 44.9337 80.6276
986 45.3885 79.7542
259 45.7423 79.0749
229 46.1448 78.3022
671 46.282 78.0387
782 46.2522 78.0027
887 46.2239 77.9685
248 46.1909 77.9287
280 46.16 77.8913
406 46.1273 77.8518
350 46.0911 77.8081
894 46.0583 77.7685
484 46.0286 77.7326
921 46.0006 77.6988
800 45.9716 77.6638
564 45.9411 77.6268
814 45.9122 77.5919
947 45.8823 77.5559
807 45.8484 77.5149
636 45.8179 77.478
12 45.7868 77.4404
802 44.8645 76.326
826 43.901 75.1619
872 42.688 73.6962
124 42.5124 73.4841
225 42.5124 73.4841
189 42.5124 73.4841
241 42.5124 73.4841
91 42.4282 72.9462
804 42.3427 72.4003
163 42.276 71.9744
264 42.2087 71.5447
683 42.2087 71.5447
410 42.2087 71.5447
769 42.2087 71.5447
216 41.9269 70.8102
513 41.7057 70.2337
540 41.4629 69.601
80 41.2051 68.9291
54 40.9332 68.2205
732 40.6818 67.5654
597 40.4509 66.9634
910 40.1606 67.0263
715 39.8925 67.0844
171 39.6268 67.142
459 39.3708 67.1975
56 39.1045 67.2552
144 38.843 67.3118
676 38.5841 67.368
404 38.3089 67.4276
291 38.0461 67.4845
365 37.7812 67.5419
596 37.5164 67.5993
493 37.255 67.656
922 37.0044 67.7103
21 36.4411 67.8323
308 35.9067 67.948
788 35.3715 68.064
571 34.8694 68.1728
591 34.4053 68.2733
878 33.9591 68.37
104 33.5279 68.4634
523 33.0551 68.5658
733 32.5142 68.683
929 32.0483 68.7839
175 30.749 69.0654
640 28.8011 69.4873
223 26.612 69.9615
131 20.6337 71.2562
730 20.6337 71.2562
897 20.6337 71.2562
507 20.6337 71.2562
927 20.6301 71.275
726 20.6267 71.2933
903 20.6237 71.309
600 20.6203 71.327
501 20.6172 71.3436
574 20.6138 71.3615
680 20.6104 71.3793
339 20.6071 71.3969
524 20.6041 71.4124
552 20.6011 71.4286
130 20.5979 71.4452
635 20.5946 71.4628
701 20.5914 71.4799
479 20.5881 71.4971
658 20.5851 71.5132
888 20.5821 71.5286
599 20.5794 71.5432
537 20.5759 71.5615
454 20.5727 71.5786
266 20.5695 71.5953
99 20.5663 71.6121
275 20.5632 71.6288
398 20.5599 71.6461
502 20.5566 71.6635
220 20.5533 71.6808
924 20.5502 71.6974
327 20.5469 71.715
346 20.5432 71.7345
487 20.5399 71.7518
326 20.5367 71.7687
796 20.5336 71.7853
97 20.5305 71.8014
443 20.5273 71.8183
526 20.5243 71.8344
168 20.521 71.8517
560 20.5178 71.8685
500 20.5149 71.884
361 20.5119 71.8997
81 20.509 71.915
846 20.506 71.9309
825 20.5025 71.9496
950 20.4993 71.9662
604 20.4962 71.9827
482 20.4931 71.9992
41 20.4898 72.0169
739 20.4867 72.0327
720 20.4835 72.0501
551 20.4795 72.071
780 20.4762 72.0887
374 20.4731 72.105
879 20.7433 72.2935
16 23.0635 73.913
689 25.2934 75.4695
550 27.2359 76.8253
976 29.2237 78.2128
757 29.2237 78.2128
724 29.2237 78.2128
789 29.2237 78.2128
886 29.2237 78.2128
946 29.2237 78.2128
359 29.2237 78.2128
649 29.3126 78.824
60 29.3906 79.3606
578 29.4681 79.8942
697 29.5453 80.4248
431 29.6245 80.9696
469 29.7071 81.5381
954 29.7831 82.0604
252 29.8641 82.6182
270 29.9542 83.2379
150 30.0597 83.9632
918 30.1447 84.5483
292 30.2231 85.0875
141 30.3085 85.675
416 30.3943 86.2653
437 30.4716 86.7968
424 30.5475 87.3189
877 30.6306 87.8905
288 30.7058 88.4082
28 30.7887 88.9783
271 30.8563 89.443
206 30.9215 89.8919
752 30.9215 89.8919
974 30.9215 89.8919
265 30.9215 89.8919
960 30.0641 89.8854
631 29.1593 89.8784
490 28.3167 89.872
333 27.5132 89.8658
761 27.3427 89.8645
608 27.1711 89.8632
428 27.0192 89.862
368 26.8574 89.8607
256 26.707 89.8596
806 26.5459 89.8583
146 26.3839 89.8571
786 26.1948 89.8556
808 26.0098 89.8542
296 25.8163 89.8527
76 25.6208 89.8511
768 25.4318 89.8497
418 25.2449 89.8482
120 25.0694 89.8469
696 24.8842 89.8454
638 24.7077 89.8441
44 24.5087 89.8425
456 24.3218 89.8411
167 24.1452 89.8397
409 23.9635 89.8383
20 23.7837 89.8369
441 23.5898 89.8354
714 23.4079 89.834
253 23.2336 89.8327
795 23.0541 89.8313
96 22.8557 89.8297
672 22.6512 89.8281
833 22.4259 89.8264
611 22.2172 89.8248
491 21.9768 89.8229
753 21.7412 89.8211
462 21.512 89.8193
13 21.2996 89.8177
430 21.1067 89.8162
73 20.8994 89.8146
115 20.6627 89.8128
933 20.4474 89.8111
885 20.2437 89.8095
859 20.0323 89.8079
651 19.8102 89.8062
58 19.5844 89.8044
712 19.3609 89.8027
17 19.1391 89.801
50 18.9321 89.7994
871 18.7211 89.7978
306 18.5151 89.7962
36 18.2732 89.7943
610 18.0191 89.7924
593 17.7396 89.7902
521 17.459 89.788
15 17.1135 89.7854
227 16.7725 89.7827
31 16.4182 89.78
93 16.113 89.7777
249 15.8162 89.7754
495 15.4788 89.7728
138 15.1406 89.7702
693 14.824 89.7677
628 14.5374 89.7655
776 14.2862 89.7636
695 14.0012 89.7614
316 13.6919 89.759
184 13.4141 89.7568
360 13.0755 89.7542
88 12.7118 89.7514
557 12.3149 89.7484
435 11.9148 89.7453
750 11.5674 89.7426
711 11.2134 89.7399
442 10.8759 89.7373
905 10.5025 89.7344
988 10.1503 89.7317
547 10.1503 89.724
447 10.1502 89.7166
718 10.1502 89.709
405 10.1501 89.7018
803 10.1501 89.694
108 10.15 89.6864
678 10.15 89.6792
969 10.1499 89.6715
546 10.1499 89.6634
916 10.1498 89.6558
183 10.1498 89.6488
585 10.1497 89.6421
380 10.1497 89.6352
236 10.1496 89.628
200 10.1496 89.6209
1 10.1495 89.6132
815 10.1495 89.6057
568 10.1494 89.5988
48 10.1494 89.5916
213 10.1493 89.5853
868 10.1474 89.3108
304 10.1453 89.0256
973 10.1433 88.7441
95 10.1411 88.4412
386 10.1391 88.1614
827 10.1372 87.8881
953 10.1348 87.5591
39 10.1326 87.2498
106 10.1301 86.9082
199 10.1274 86.5221
247 10.1245 86.1259
914 10.1217 85.7327
570 10.1187 85.3081
433 10.1159 84.9206
436 10.1134 84.5777
263 10.111 84.247
321 10.1084 83.8729
364 10.106 83.546
178 10.1034 83.1859
699 10.101 82.8525
892 10.0985 82.5065
446 10.0962 82.1749
982 10.0934 81.7944
224 10.0905 81.3892
153 10.0887 81.1378
90 10.0866 80.842
203 10.0845 80.558
399 10.0825 80.2776
890 10.0803 79.9659
728 10.0781 79.6633
607 10.0759 79.3547
665 10.0742 79.1159
219 10.0727 78.9162
444 10.072 78.8182
637 10.0712 78.7085
300 10.0703 78.5789
301 10.0694 78.4471
554 10.0682 78.2892
244 10.0672 78.1448
955 10.0661 77.9948
401 10.065 77.8426
162 10.0637 77.6532
429 10.0626 77.501
948 10.0614 77.3442
719 10.0605 77.2099
736 10.0594 77.0565
759 10.0581 76.8885
325 10.0569 76.7201
240 10.0557 76.5465
169 10.0544 76.3738
830 10.053 76.1769
615 10.0516 75.9856
75 10.0502 75.7906
556 10.0488 75.5849
792 10.0474 75.3939
207 10.0449 75.0481
944 10.0427 74.7499
426 10.0403 74.4085
272 10.0371 73.9737
376 10.0343 73.5807
630 10.0319 73.2504
298 10.0296 72.9325
686 10.0272 72.5956
445 10.0248 72.2617
381 10.0223 71.9262
77 10.02 71.5983
939 10.0178 71.2903
667 10.0159 71.034
427 10.014 70.7705
966 10.012 70.5011
799 10.0102 70.242
991 10.0084 69.9953
113 10.0064 69.7187
347 10.0041 69.4072
784 10.0024 69.1649
772 10.0007 68.9318
703 9.99908 68.7081
734 9.99752 68.493
694 9.99599 68.2824
517 9.99435 68.0552
717 9.99272 67.8303
14 9.99113 67.61
503 9.98956 67.393
132 9.98787 67.1599
747 9.98613 66.9198
925 9.98447 66.6911
234 9.98297 66.4831
860 9.98164 66.2993
657 9.98005 66.0795
277 9.97836 65.8468
639 9.97672 65.6201
457 9.9749 65.3692
400 9.9669 64.2641
218 9.95521 62.6482
329 9.94679 61.4854
411 9.93785 60.2525
758 9.92046 57.8428
970 9.92007 57.7889
371 9.91965 57.7293
3 9.91917 57.6616
114 9.91869 57.5932
255 9.9182 57.525
531 9.91769 57.4519
338 9.91721 57.3845
166 9.91657 57.2939
192 9.91602 57.2152
57 9.91538 57.1252
157 9.9148 57.043
849 9.92362 57.0426
451 9.93373 57.0423
527 9.93373 57.0423
122 9.93373 57.0423
805 9.93373 57.0423
505 9.93373 57.0423
100 9.93373 57.0423
47 9.93373 57.0423
936 9.93373 57.0423
116 9.93373 57.0423
972 10.5581 57.0398
542 11.1508 57.0374
463 11.7313 57.0351
373 12.3638 57.0326
633 13.0651 57.0298
154 13.0651 57.0298
708 13.0651 57.0298
214 13.0651 57.0298
760 13.0651 57.0298
196 13.0651 57.0298
489 13.0651 57.0298
341 13.0651 57.0298
749 13.0651 57.0298
352 13.0651 57.0298
698 13.0651 57.0298
652 13.0651 57.0298
589 13.0651 57.0298
303 13.0651 57.0298
764 13.0651 57.0298
119 13.0651 57.0298
677 16.0801 56.5097
705 19.4521 55.9278
438 22.4437 55.4117
949 22.5897 55.3865
391 22.7476 55.3593
324 22.9072 55.3317
269 23.0697 55.3037
735 23.212 55.2791
89 23.3689 55.2521
603 23.5084 55.228
174 23.6382 55.2056
142 23.7821 55.1807
34 23.9297 55.1553
510 24.0845 55.1286
908 24.2337 55.1028
913 24.388 55.0762
279 24.5262 55.0523
956 24.679 55.0259
525 24.8447 54.9973
397 24.9968 54.9711
475 25.143 54.9458
535 25.2939 54.9198
688 25.4395 54.8947
797 25.5781 54.8707
38 25.7418 54.8425
543 25.8474 54.992
37 25.9584 55.1492
965 26.1027 55.3537
809 26.2045 55.4978
729 26.1752 55.5089
912 26.149 55.5187
981 26.118 55.5304
390 26.0923 55.5401
545 26.066 55.55
839 26.0399 55.5598
587 26.0101 55.5711
233 25.9817 55.5818
79 25.955 55.5918
601 25.9278 55.6021
59 25.9029 55.6114
349 25.8765 55.6214
901 25.8501 55.6313
565 25.822 55.6419
957 25.822 55.6419
336 25.822 55.6419
891 25.822 55.6419
137 25.822 55.6419
691 25.822 55.6419
422 25.822 55.6419
382 25.822 55.6419
267 25.822 55.6419
971 25.822 55.6419
765 31.3645 52.4786
756 31.5452 52.3755
471 31.7419 52.2632
645 31.8477 52.2028
533 31.9709 52.1325
127 32.0875 52.0659
938 32.1904 52.0072
461 32.5996 51.7736
147 32.9438 51.5772
370 33.3004 51.3736
180 33.6439 51.1775
210 33.9709 50.9909
876 34.2694 50.8205
237 34.5741 50.6466
862 34.8858 50.4687
576 35.1544 50.3154
30 35.6205 50.0484
302 36.1184 49.7632
508 36.6538 49.4566
388 37.2267 49.1284
492 39.1849 48.0068
101 39.7267 47.6965
621 40.1166 47.4733
848 40.5377 47.2321
63 40.9439 46.9994
197 41.2035 46.8507
778 41.4095 46.7328
522 41.6515 46.5942
281 41.9067 46.448
69 42.1813 46.2907
923 42.4322 46.147
619 42.6698 46.0109
790 42.9838 45.8311
945 43.2839 45.6593
49 43.5625 45.4997
276 43.9122 45.2994
989 44.228 45.1185
342 44.5718 44.9216
716 44.9184 44.7231
512 45.229 44.5452
452 45.5599 44.3557
844 45.9112 44.1545
194 46.2281 43.973
681 46.5954 43.7626
355 46.813 43.638
66 46.813 43.638
875 46.813 43.638
186 46.813 43.638
519 46.9338 43.3333
356 47.1068 42.8971
751 47.2861 42.4449
906 47.2866 42.4437
785 47.2871 42.4424
935 47.2872 42.4422
472 47.2873 42.442
155 47.2873 42.4418
43 47.2874 42.4415
262 47.2333 42.3294
377 47.1759 42.2104
458 47.1158 42.086
930 47.0579 41.9662
634 46.9991 41.8444
978 46.6664 41.1554
250 45.7409 39.2391
555 45.034 37.7754
209 45.034 37.7754
257 45.034 37.7754
27 45.034 37.7754
834 42.9022 37.4525
421 41.6882 37.2687
853 40.4024 37.074
379 39.1621 36.8862
261 38.2073 36.7417
121 33.0286 36.6111
566 32.9057 36.608
692 32.7693 36.6045
480 32.6264 36.6009
413 32.4724 36.597
7 32.3329 36.5935
748 32.1881 36.5899
706 32.0506 36.5864
917 31.9119 36.5829
549 31.7532 36.5789
811 31.6157 36.5754
783 31.4808 36.572
529 31.3377 36.5684
829 31.1901 36.5647
414 31.0635 36.5615
191 30.9387 36.5584
679 30.7961 36.5548
602 30.6543 36.5512
151 30.5543 36.5487
709 30.4505 36.546
354 28.7563 36.8417
664 27.3086 37.0943
486 25.7581 37.3648
32 24.1812 37.64
687 22.8154 37.8783
212 18.6954 38.5974
858 18.1079 38.6999
771 17.8108 38.6833
403 17.5149 38.6668
268 17.1775 38.6479
11 16.9076 38.6328
384 16.5363 38.6121
205 16.2329 38.5951
836 15.8879 38.5759
476 15.5476 38.5568
731 15.1844 38.5365
655 14.8642 38.5187
330 14.4803 38.4972
958 14.3579 38.4904
182 14.2461 38.4841
228 14.1167 38.4769
222 13.9884 38.4697
78 13.8692 38.4631
123 13.7279 38.4552
863 13.5964 38.4478
616 13.4745 38.441
496 13.3534 38.4343
87 13.2211 38.4269
841 13.0918 38.4197
283 12.9675 38.4127
723 12.8548 38.4064
663 12.6167 38.3931
423 12.3751 38.3797
990 12.1334 38.3662
700 11.8959 38.3529
985 11.6513 38.3393
10 11.4153 38.3261
534 11.1766 38.3128
148 10.9348 38.2993
128 10.6277 38.2821
328 10.6377 37.9771
312 10.6473 37.6825
909 10.657 37.3857
499 10.6759 36.8081
794 10.7276 35.2263
710 10.749 34.5698
514 10.768 33.988
770 10.7852 33.4623
46 10.8072 32.7879
133 10.8345 31.952
741 10.8601 31.1679
898 10.8757 30.6904
572 10.8916 30.2056
899 10.9073 29.7243
331 10.9196 29.3485
673 10.9312 28.9925
299 10.9427 28.6394
412 10.9547 28.2733
943 10.9613 28.0703
74 10.9684 27.8545
86 10.9753 27.6423
125 10.9828 27.412
674 11.0826 24.3564
366 11.1234 23.108
348 11.1513 22.2535
187 11.1762 21.4928
963 11.195 20.9168
4 11.2148 20.3094
455 11.2475 19.3101
258 11.2854 18.1497
812 11.36 15.8657
8 11.4456 15.9211
629 11.5225 15.971
588 11.6069 16.0256
362 11.6888 16.0787
402 11.7773 16.136
211 11.8559 16.187
646 11.9358 16.2388
881 12.0212 16.2941
61 12.1142 16.3544
682 12.22 16.4229
722 12.3261 16.4917
488 13.4029 17.1893
641 17.7295 19.9926
439 20.5263 21.8046
278 22.9145 23.352
65 23.1842 23.5268
702 23.1842 23.5268
612 23.1842 23.5268
307 23.8815 23.2995
474 24.498 23.0985
915 25.1809 22.8759
661 25.8582 22.6551
704 26.7914 22.3509
902 27.2988 22.1855
160 27.8764 21.9972
221 28.0666 21.9352
824 28.2689 21.8693
643 28.4725 21.8029
787 28.6771 21.7362
284 28.8746 21.6719
869 29.0757 21.6063
822 29.8129 21.366
64 30.4727 21.1509
254 31.1365 20.9346
883 32.2011 20.5876
669 33.1138 20.2901
310 34.1182 19.9627
363 34.9977 19.676
407 35.852 19.3975
246 36.6092 19.1507
351 37.7964 18.7637
573 39.3723 18.2501
518 41.0573 17.7008
626 41.4601 17.9368
287 42.1543 18.3435
467 43.0229 18.8523
289 43.7338 19.2687
26 44.3145 19.6089
934 44.9676 19.9915
337 45.5972 20.3603
586 46.3649 20.8101
111 46.8936 21.084
19 51.5574 23.4994
653 53.4529 22.9684
821 56.7054 22.0582
419 56.7054 22.0582
819 56.7054 22.0582
831 56.7054 22.0582
865 56.7054 22.0582
828 56.7054 22.0581
781 57.1119 21.7648
55 57.5572 21.4434
873 58.0414 21.094
164 58.6398 20.662
176 59.7412 19.8672
24 60.3442 19.4319
6 60.9035 19.0283
777 61.6469 18.4918
504 62.344 17.9886
295 62.9958 17.5182
959 63.6599 17.0389
581 64.4587 16.4624
103 65.3294 15.834
598 70.7985 17.3871
