0,598,176,721,295,581,504,24,103,959,777,751,873,821,819,419,27,555,19,164,681,831,55,458,6,785,828,69,209,623,452,865,355,781,935,930,358,66,314,875,716,217,844,63,377,906,197,634,519,357,978,675,606,870,102,323,609,466,670,842,644,396,45,190,117,70,282,262,793,43,472,276,848,186,522,594,250,194,257,945,853,778,917,278,191,566,356,155,862,461,210,706,388,49,790,512,783,876,621,302,127,597,471,798,370,101,264,286,342,492,498,281,843,216,907,134,923,468,453,625,743,188,791,855,161,964,762,84,779,35,485,235,769,577,91,632,420,293,85,208,109,334,650,478,538,425,745,195,767,926,232,838,592,850,143,852,810,595,440,656,110,941,942,937,68,290,152,900,975,383,385,867,201,173,775,654,605,647,393,71,9,315,229,575,931,837,51,962,18,727,67,340,112,515,238,579,668,460,744,378,921,832,857,782,432,259,94,940,317,395,415,895,215,814,80,947,986,335,800,563,540,350,617,636,226,968,484,976,806,614,252,523,807,965,558,676,910,144,225,804,56,404,571,689,715,730,645,912,410,175,329,533,59,733,604,501,266,89,104,640,735,137,30,878,21,308,359,662,493,765,591,929,163,922,459,596,683,291,576,732,365,809,839,54,901,756,956,739,574,599,587,349,267,510,729,957,897,390,180,688,269,38,525,603,147,397,891,237,989,829,121,549,612,633,811,869,205,151,679,529,771,475,11,7,480,692,687,486,160,64,787,254,439,702,643,899,289,337,586,421,704,653,518,287,934,467,261,26,573,379,883,822,626,363,111,407,669,834,709,354,307,310,488,246,915,284,366,8,351,812,348,646,629,722,881,187,674,299,258,211,74,4,331,61,514,794,362,268,741,455,682,602,572,412,673,588,133,963,710,661,402,902,824,221,949,985,476,474,283,37,723,148,616,87,32,641,943,990,341,125,700,841,652,10,312,212,836,898,157,958,86,663,384,463,46,228,770,731,123,222,863,330,909,328,423,154,499,543,535,65,619,413,508,414,664,174,403,324,858,748,698,496,758,938,182,438,78,913,655,797,391,908,545,382,34,846,764,936,534,542,981,422,505,565,100,972,57,347,747,677,527,970,489,589,849,47,749,708,116,128,214,373,805,336,234,122,196,939,166,784,879,925,219,3,691,303,218,703,192,991,81,376,398,371,734,667,760,445,14,728,381,119,517,531,799,694,966,255,717,686,427,77,401,203,719,736,759,325,240,169,830,615,75,556,792,207,224,607,890,277,374,639,400,503,657,860,31,338,665,443,600,114,130,630,272,948,162,429,131,680,132,275,726,451,346,279,705,507,233,411,142,352,772,924,79,601,788,971,796,927,220,502,327,903,720,954,524,454,825,950,168,701,526,113,635,479,88,888,537,41,557,608,361,552,500,658,399,326,457,482,551,560,780,444,955,184,905,495,578,886,944,93,316,97,699,178,364,321,554,153,90,426,263,436,433,570,298,933,803,969,39,711,213,693,138,695,868,547,447,718,405,301,300,106,546,585,678,637,892,446,982,914,247,827,973,435,380,236,953,200,1,815,568,304,628,48,776,750,108,462,199,249,753,988,490,288,456,593,768,15,441,871,885,442,916,17,13,712,227,44,50,386,611,469,491,428,521,651,613,752,877,28,22,548,918,230,72,707,265,309,974,150,766,449,20,569,631,874,306,430,73,786,181,738,394,392,418,36,296,139,795,672,808,253,271,96,960,833,53,368,409,859,231,714,146,76,696,610,172,761,256,183,120,638,115,58,360,470,487,95,757,244,270,16,872,773,789,919,2,223,189,99,431,550,424,333,946,167,339,124,697,171,92,562,840,241,141,437,292,60,416,82,248,861,649,129,724,894,294,513,561,165,179,406,826,539,206,12,802,369,851,320,343,713,564,659,305,746,536,389,690,40,532,62,239,511,5,23,105,896,882,448,961,774,375,516,980,434,866,584,177,856,541,202,763,367,156,559,952,624,911,618,737,118,887,408,755,880,319,642,193,530,313,126,245,280,140,816,185,984,801,904,671,582,847,987,648,481,145,509,992,754,864,567,813,464,353,149,845,622,494,823,344,52,42,620,580,297,477,251,135,817,666,318,820,159,273,83,158,742,465,322,725,854,544,983,285,417,928,893,818,311,889,473,25,685,660,372,204,740,450,332,528,497,107,170,684,583,977,967,274,932,506,198,920,835,951,387,136,884,242,29,553,98,345,520,590,33,260,627,243,483,979,
value : 588.45 running time : 27.464238
0 80 20
598 75.2204 18.1463
176 73.1206 17.3319
721 72.0374 16.9118
295 71.0391 16.5246
581 70.0968 16.1592
504 69.3178 15.857
24 68.4946 15.5378
103 67.6108 15.195
959 65.6437 19.1968
777 64.3982 21.7307
751 62.412 25.7716
873 62.0057 26.5983
821 61.7326 27.1537
819 61.4862 27.655
419 61.2045 28.2282
27 60.6439 29.3687
555 60.1698 30.3331
19 59.6953 31.2984
164 59.3953 31.9088
681 59.0598 32.5914
831 58.7669 33.1872
55 58.4067 33.92
458 58.0214 34.7037
6 57.6921 35.3738
785 57.2743 36.2237
828 56.8439 37.0993
69 56.3443 38.1156
209 56.1144 38.5833
623 55.5574 39.7166
452 55.2272 40.3882
865 55.342 40.4545
355 55.4896 40.5398
781 55.6268 40.6191
935 55.7468 40.6884
930 56.0388 40.8572
358 56.3185 41.0189
66 56.5632 41.1603
314 56.8468 41.3242
875 57.0773 41.4574
716 57.3122 41.5932
217 57.5812 41.7486
844 57.8205 41.8869
63 58.094 42.045
377 58.376 42.208
906 58.6403 42.3607
197 58.9229 42.5241
634 59.4482 42.8276
519 59.9546 43.1203
357 60.4672 43.4166
978 60.9257 43.6816
675 61.4237 43.9694
606 61.9083 44.2494
870 62.3502 44.5048
102 63.1424 44.9627
323 63.1424 44.9627
609 63.1424 44.9627
466 62.7643 45.1898
670 62.1888 45.5357
842 61.4645 45.971
644 60.7883 46.3773
396 60.0971 46.7927
45 59.5561 47.1178
190 58.685 47.6413
117 57.4751 48.3684
70 56.073 49.211
282 53.7865 50.5851
262 53.0491 50.0073
793 52.371 49.4761
43 51.5845 48.8599
472 50.7127 48.1769
276 49.9155 47.5523
848 49.189 46.9831
186 48.5401 46.4748
522 47.6244 45.7573
594 46.9099 45.1976
250 41.3019 40.8039
194 41.0843 40.7051
257 40.8499 40.5986
945 40.6472 40.5065
853 40.2771 40.3383
778 39.9543 40.1917
917 39.758 40.1025
278 39.5478 40.007
191 39.6042 40.1408
566 39.6662 40.2878
356 39.725 40.4273
155 39.7824 40.5635
862 39.8365 40.6917
461 39.894 40.828
210 39.929 40.911
706 39.9565 40.9763
388 39.9866 41.0478
49 40.3095 41.8136
790 40.5821 42.4602
512 40.9005 43.2152
783 41.1746 43.8655
876 41.4898 44.613
621 41.8175 45.3902
302 41.8175 45.3902
127 43.1033 47.5861
597 44.2226 49.4976
471 45.0402 50.8939
798 45.7425 52.0932
370 46.1515 52.7916
101 46.595 53.549
264 47.0332 54.2975
286 47.4332 54.9806
342 47.7589 55.5367
492 48.1636 56.2278
498 48.6383 57.0385
281 49.0908 57.8112
843 49.5534 58.6013
216 50.2511 59.7928
907 50.8532 60.8211
134 51.2725 61.5372
923 51.3743 61.5742
468 51.4874 61.6153
453 51.5916 61.6531
625 51.6966 61.6912
743 51.7945 61.7268
188 51.8975 61.7642
791 51.9996 61.8012
855 52.1011 61.8381
161 52.2071 61.8766
964 52.3167 61.9163
762 52.4225 61.9548
84 52.5178 61.9894
779 52.6115 62.0234
35 52.7211 62.0632
485 52.8292 62.1024
235 52.9056 62.1302
769 52.9955 62.1628
577 53.1353 62.0857
91 53.2503 62.0223
632 53.4009 61.9393
420 57.7492 59.5422
293 57.7492 59.5422
85 57.7492 59.5422
208 57.7492 59.5422
109 57.7492 59.5422
334 65.8303 54.1311
650 66.4315 53.7285
478 67.203 53.2119
538 68.1244 52.595
425 69.5776 51.622
745 70.6904 50.8768
195 70.7876 51.3297
767 70.8889 51.802
926 70.9789 52.2211
232 71.0723 52.6563
838 71.1948 53.2271
592 71.0108 53.9342
850 70.6251 55.4162
143 70.256 56.8346
852 69.4108 60.0823
810 68.7714 62.5396
595 68.5644 63.335
440 68.3675 64.0913
656 68.2083 64.7033
110 68.0145 65.4477
941 67.8264 66.1705
942 67.5605 67.1924
937 66.8347 69.9814
68 66.8347 69.9814
290 66.8347 69.9814
152 66.8347 69.9814
900 66.8347 69.9814
975 66.8347 69.9814
383 66.8347 69.9814
385 66.8347 69.9814
867 66.6164 70.2266
201 66.413 70.455
173 66.0443 70.8691
775 65.6907 71.2662
654 65.375 71.3576
605 65.046 71.4528
647 64.7639 71.5344
393 64.4885 71.614
71 64.218 71.6923
9 63.8789 71.7904
315 63.5835 71.8758
229 63.3084 71.9554
575 63.0552 72.0286
931 62.9668 72.0542
837 62.8848 72.0779
51 62.7922 72.1047
962 62.698 72.132
18 62.5921 72.1626
727 62.4974 72.19
67 62.3985 72.2186
340 62.2936 72.249
112 62.1851 72.2804
515 62.0921 72.3073
238 62.0026 72.3332
579 61.9163 72.3581
668 61.21 72.5625
460 60.5535 72.7524
744 59.9349 72.9314
378 59.0962 73.174
921 58.2282 73.4251
832 57.5751 73.614
857 56.8567 73.8219
782 56.1993 74.0121
432 55.5963 74.1865
259 54.9547 74.3722
94 54.4575 74.516
940 53.965 74.6585
317 53.5499 74.7786
395 52.9145 74.9624
415 51.3767 75.4073
895 50.0419 75.7935
215 48.6582 76.1938
814 47.7387 76.4598
80 47.482 76.2957
947 47.2953 76.1763
986 47.0136 75.9962
335 46.7628 75.8358
800 46.425 75.6197
563 46.0252 75.3641
540 45.622 75.1063
350 45.2695 74.8808
617 44.9457 74.6738
636 44.5901 74.4464
226 44.1231 74.1478
968 43.7385 73.9018
484 42.3366 73.0053
976 40.9277 72.1044
806 39.4825 71.1802
614 39.1795 70.9456
252 38.8582 70.6967
523 38.5484 70.4568
807 38.2402 70.218
965 37.628 69.7439
558 37.3619 69.5378
676 37.059 69.3033
910 36.7434 69.0588
144 36.4377 68.8221
225 36.0755 68.5415
804 35.69 68.2429
56 35.3214 67.9575
404 34.9624 67.6794
571 34.5807 67.3838
689 34.2349 67.116
715 33.8573 66.8235
730 33.4457 66.5048
645 33.0297 66.1826
912 32.6499 65.8884
410 32.2976 65.6155
175 31.7796 65.2144
329 31.1767 64.7475
533 31.1566 64.7319
59 31.1325 64.7132
733 31.1122 64.6975
604 31.0936 64.6831
501 31.0724 64.6667
266 31.0509 64.65
89 31.0299 64.6338
104 31.0098 64.6182
640 30.9866 64.6002
735 30.9648 64.5833
137 30.9463 64.5691
30 30.9274 64.5544
878 30.9081 64.5394
21 30.8875 64.5235
308 30.8664 64.5072
359 30.8453 64.4908
662 30.8251 64.4752
493 30.7865 64.4453
765 30.7514 64.4181
591 30.7141 64.3892
929 30.677 64.3605
163 30.6432 64.3343
922 30.6053 64.305
459 30.5706 64.2781
596 30.5326 64.2486
683 30.4957 64.2201
291 30.4552 64.1887
576 30.4151 64.1577
732 30.372 64.1244
365 29.9077 63.7647
809 29.3932 63.3662
839 28.8507 62.9461
54 28.3355 62.5471
901 27.5544 61.9421
756 26.8027 61.3599
956 26.105 60.8195
739 25.551 60.3905
574 25.5617 60.3304
599 25.6682 59.7294
587 25.769 59.1602
349 25.8859 58.5005
267 26.0111 57.7943
510 26.1308 57.1185
729 26.2392 56.5068
957 26.3529 55.8653
897 26.4738 55.1833
390 26.6147 54.388
180 27.7923 47.7429
688 27.8043 47.6333
269 27.8165 47.5216
38 27.829 47.4075
525 27.8402 47.3051
603 27.8511 47.2053
147 27.8628 47.0985
397 27.8749 46.9878
891 27.8859 46.8869
237 27.8984 46.7726
989 28.177 44.2266
829 28.39 42.2787
121 28.4605 41.635
549 28.4769 41.4843
612 28.4923 41.3442
633 28.5062 41.2173
811 28.5288 41.0105
869 28.5501 40.8159
205 28.5687 40.6452
151 28.5865 40.4831
679 28.6049 40.3146
529 28.623 40.1489
771 28.6388 40.005
475 28.7242 39.2237
11 28.8225 38.325
7 28.9272 37.3675
480 29.0345 36.3868
692 29.1537 35.2971
687 29.2932 34.021
486 29.4862 32.2565
160 29.6781 30.502
64 29.8624 28.8169
787 29.983 27.7142
254 30.1152 26.5054
439 30.5043 26.4656
702 30.916 26.4233
643 31.3738 26.3764
899 31.9496 26.3174
289 34.7501 26.0301
337 35.0751 25.9968
586 35.4022 25.9633
421 35.7126 25.9315
704 36.1229 21.7461
653 36.4035 18.8841
518 36.6533 16.3351
287 35.8287 17.0026
934 35.0081 17.6668
467 34.1385 18.3707
261 34.1329 18.3752
26 34.1274 18.3796
573 34.1219 18.3841
379 34.1158 18.389
883 34.1103 18.3935
822 34.1045 18.3982
626 34.099 18.4026
363 34.0939 18.4068
111 34.0882 18.4114
407 34.0829 18.4157
669 34.077 18.4205
834 34.0703 18.4259
709 32.132 18.0836
354 30.27 17.7548
307 29.151 17.5572
310 28.0387 17.3607
488 24.1524 16.6745
246 23.8213 16.616
915 23.4596 16.5522
284 23.0689 16.4832
366 22.6331 16.4062
8 22.2744 16.3428
351 21.9214 16.2805
812 13.1349 14.7291
348 13.1199 14.9141
646 13.1065 15.079
629 13.0932 15.2435
722 13.0793 15.4137
881 12.9927 16.4808
187 12.8673 18.0251
674 12.9085 18.5098
299 12.9519 19.0192
258 12.988 19.4428
211 13.019 19.8076
74 13.0551 20.2314
4 13.081 20.5351
331 13.0914 20.6581
61 13.1018 20.7796
514 13.5165 25.6544
794 13.5165 25.6544
362 13.5165 25.6544
268 13.5165 25.6544
741 13.5165 25.6544
455 13.5165 25.6544
682 13.5165 25.6544
602 13.633 25.8403
572 13.7223 25.9829
412 13.8087 26.1208
673 13.961 26.3639
588 14.1039 26.592
133 14.3081 26.9181
963 14.4984 27.2218
710 14.7308 27.5928
661 14.9607 27.9599
402 15.1886 28.3237
902 15.443 28.7298
824 15.7206 29.173
221 15.7075 30.9376
949 15.6845 34.0433
985 15.6839 34.1221
476 15.6832 34.2083
474 15.6827 34.2773
283 15.6753 35.2783
37 15.6683 36.2295
723 15.5404 36.2502
148 15.4001 36.273
616 15.2574 36.2961
87 15.1277 36.3171
32 15.0126 36.3357
641 14.8878 36.3559
943 14.0598 36.49
990 13.1532 36.6367
341 12.2565 36.7819
125 11.9792 36.8268
700 11.6621 36.8782
841 11.3396 36.9304
652 11.0428 36.9784
10 10.7647 37.0235
312 10.4642 37.0721
212 10.197 37.1154
836 9.94171 37.1567
898 9.56367 37.2179
157 9.55431 40.0771
958 9.55431 40.0771
86 9.55431 40.0771
663 9.74036 40.2154
384 9.87773 40.3175
463 10.0245 40.4266
46 10.1615 40.5285
228 10.3151 40.6427
770 10.4541 40.746
731 10.5934 40.8495
123 10.7348 40.9547
222 10.875 41.0589
863 11.0029 41.154
330 11.1341 41.2515
909 11.2864 41.3647
328 11.4192 41.4634
423 11.6196 41.6124
154 11.802 41.748
499 11.9756 41.8771
543 16.0672 44.9188
535 16.9224 45.5545
65 17.5615 46.0297
619 20.0188 47.8564
413 19.9787 47.9211
508 19.9387 47.9857
414 19.8985 48.0507
664 19.853 48.1241
174 19.7729 48.2535
403 19.7068 48.3603
324 19.6382 48.4711
858 19.5729 48.5765
748 19.5141 48.6715
698 19.3214 48.9827
496 19.1502 49.2593
758 18.9759 49.5409
938 18.8052 49.8165
182 18.6438 50.0773
438 18.5024 50.3058
78 18.3309 50.5827
913 18.1466 50.8805
655 17.9304 51.2296
797 17.6022 51.7599
391 17.279 52.2819
908 16.9515 52.8109
545 16.587 53.3997
382 16.1466 54.111
34 16.1466 54.111
846 16.1466 54.1111
764 15.6507 54.1745
936 15.1563 54.2377
534 14.7148 54.2942
542 14.2931 54.3481
981 13.9012 54.3982
422 13.4449 54.4566
505 12.936 54.5217
565 12.4622 54.5823
100 11.9657 54.6458
972 11.5055 54.7047
57 11.0137 54.7676
347 10.5529 54.8265
747 10.5309 54.8293
677 10.5084 54.8322
527 10.4833 54.8354
970 10.461 54.8383
489 10.4367 54.8414
589 10.4127 54.8445
849 10.386 54.8479
47 10.3627 54.8509
749 10.339 54.8539
708 10.3143 54.857
116 10.2897 54.8602
128 10.2671 54.8631
214 10.1978 55.411
373 10.1352 55.9055
805 10.0629 56.4772
336 9.98687 57.0783
234 9.90786 57.7029
122 9.84147 58.2277
196 9.76759 58.8119
939 9.69285 59.4028
166 9.63775 59.8383
784 9.57256 60.3537
879 9.50914 60.8552
925 9.45558 61.2786
219 9.39421 61.7638
3 9.34102 62.1843
691 9.29269 62.5663
303 9.23671 63.0089
218 9.166 63.568
703 9.07786 64.2648
192 8.98743 64.9797
991 8.8923 65.7318
81 8.85305 66.0421
376 8.81105 66.3742
398 8.76573 66.7324
371 8.72272 67.0725
734 8.67891 67.4189
667 8.63397 67.7741
760 8.59441 68.0869
445 8.54511 68.4766
14 8.49994 68.8337
728 8.45231 69.2103
381 8.41494 69.5058
119 8.3772 69.8041
517 8.33854 70.1097
531 8.30121 70.4049
799 8.23562 70.9234
694 8.16869 71.4525
966 8.10732 71.9377
255 8.0454 72.4272
717 7.97722 72.9662
686 7.90388 73.546
427 7.83127 74.1201
77 7.75265 74.7416
401 7.63687 75.657
203 7.69144 75.579
719 7.7436 75.5044
736 7.80058 75.4229
759 7.88131 75.3075
325 7.96309 75.1905
240 8.04032 75.0801
169 8.11701 74.9704
830 8.20373 74.8464
615 8.28978 74.7234
75 8.37584 74.6003
556 8.46885 74.4673
792 8.55131 74.3494
207 8.74874 74.0671
224 8.94029 73.7932
607 9.137 73.5119
890 9.31754 73.2537
277 9.53249 72.9464
374 9.71829 72.6807
639 9.9139 72.401
400 10.1241 72.1004
503 10.3192 71.8214
657 10.5032 71.5582
860 10.6937 71.2859
31 10.8932 71.0007
338 11.1597 70.6195
665 11.4009 70.2745
443 11.6466 69.9232
600 11.9188 69.5341
114 12.1578 69.1922
130 12.3822 68.8714
630 12.588 68.5771
272 12.7905 68.2875
948 12.9887 68.0041
162 13.2089 67.6893
429 13.4357 67.3649
131 13.6766 67.0204
680 13.901 66.6996
132 14.141 66.3564
275 14.362 66.0404
726 14.5731 65.7386
451 14.844 65.3511
346 15.0515 65.0544
279 15.7991 63.9855
705 16.1878 63.4296
507 16.4982 62.9857
233 16.7777 62.5861
411 17.0303 62.2249
142 17.3273 61.8002
352 17.3273 61.8002
772 17.3741 62.4254
924 17.4187 63.0219
79 17.4568 63.5305
601 17.5 64.1082
788 17.5403 64.6464
971 17.6246 65.773
796 17.7062 66.8633
927 17.7588 67.5657
220 17.8131 68.2919
502 17.8612 68.9351
327 17.9075 69.5534
903 17.9541 70.1753
720 18.0249 71.1225
954 18.2173 73.6927
524 18.2173 73.6927
454 18.2173 73.6927
825 17.9648 74.02
950 17.7507 74.2975
168 17.5237 74.5918
701 17.3168 74.8599
526 17.1073 75.1315
113 16.8696 75.4396
635 16.6449 75.7308
479 16.3952 76.0544
88 16.1457 76.3778
888 15.9347 76.6513
537 15.6885 76.9705
41 15.3836 77.3657
557 15.0383 77.8132
608 14.9959 77.8681
361 14.9538 77.9227
552 14.9102 77.9793
500 14.8521 78.0546
658 14.7946 78.1291
399 14.7303 78.2124
326 14.6791 78.2789
457 14.6242 78.35
482 14.5739 78.4152
551 14.4481 78.5782
560 14.3249 78.7379
780 14.2002 78.8996
444 14.0735 79.0638
955 13.9691 79.199
184 13.8674 79.3309
905 13.7486 79.4849
495 13.6449 79.6192
578 13.5498 79.7425
886 13.4365 79.8894
944 13.3135 80.0488
93 13.2601 80.1181
316 13.2075 80.1862
97 13.1596 80.2483
699 13.0634 80.3729
178 12.9742 80.4886
364 12.8872 80.6013
321 12.8157 80.6941
554 12.7306 80.8043
153 12.7292 80.8061
90 12.7278 80.808
426 12.7262 80.81
263 12.7246 80.812
436 12.7246 80.812
433 12.7246 80.812
570 12.7246 80.812
298 12.7246 80.812
933 11.8788 85.0536
803 11.6019 86.4427
969 11.3457 87.7279
39 11.1236 88.8419
711 10.9524 89.7007
213 10.8019 90.4558
693 10.8024 90.4559
138 10.8028 90.456
695 10.8033 90.4561
868 10.8037 90.4562
547 10.8041 90.4563
447 10.8045 90.4563
718 10.8049 90.4564
405 10.8054 90.4565
301 10.8058 90.4566
300 10.8062 90.4567
106 10.8066 90.4567
546 10.807 90.4568
585 10.8074 90.4569
678 10.8078 90.457
637 10.8083 90.4571
892 10.8087 90.4571
446 10.8091 90.4572
982 10.8095 90.4573
914 10.8099 90.4574
247 10.8103 90.4575
827 10.8107 90.4575
973 10.8111 90.4576
435 10.8115 90.4577
380 10.8119 90.4578
236 10.8124 90.4578
953 10.8128 90.4579
200 10.8132 90.458
1 10.8136 90.4581
815 10.8141 90.4582
568 10.8145 90.4582
304 10.8149 90.4583
628 10.8153 90.4584
48 10.8158 90.4585
776 10.8162 90.4586
750 10.8166 90.4586
108 10.817 90.4587
462 10.8175 90.4588
199 10.8179 90.4589
249 10.8183 90.459
753 10.8187 90.4591
988 10.8191 90.4591
490 15.0463 91.2693
288 15.6404 91.3831
456 16.2083 91.492
593 16.7254 91.5911
768 17.2132 91.6846
15 17.6188 91.7623
441 18.0441 91.8438
871 18.438 91.9193
885 18.8226 91.993
442 19.1787 92.0613
916 19.5681 92.1359
17 19.9921 92.2171
13 20.4265 92.3004
712 20.8615 92.3838
227 21.3087 92.4695
44 21.7491 92.5539
50 22.1588 92.6324
386 22.5744 92.712
611 23.1769 92.8275
469 23.6486 92.9179
491 24.2694 93.0369
428 24.8869 93.1552
521 25.4628 93.2656
651 26.0596 93.38
613 26.7348 93.5094
752 27.256 93.6092
877 27.6686 93.6883
28 28.0082 93.7534
22 28.393 93.8272
548 28.7391 93.8935
918 29.0547 93.954
230 29.4091 94.0219
72 29.747 94.0866
707 30.0718 94.1489
265 30.4028 94.2123
309 30.7049 94.2702
974 30.9788 94.3227
150 31.2344 94.3717
766 31.5435 94.4309
449 31.7922 94.4786
20 32.0045 94.5193
569 32.2552 94.5673
631 32.4717 94.6088
874 32.7305 94.6584
306 32.5093 94.482
430 32.3161 94.3279
73 32.1374 94.1854
786 31.9753 94.0561
181 31.8234 93.935
738 31.6394 93.7882
394 31.4379 93.6275
392 31.2337 93.4647
418 31.0122 93.2881
36 30.8394 93.1503
296 30.6702 93.0153
139 30.5456 92.9159
795 30.3827 92.786
672 30.226 92.6611
808 30.0779 92.543
253 29.9168 92.4145
271 29.7781 92.3039
96 29.6236 92.1806
960 29.4738 92.0612
833 29.2989 91.9217
53 29.1628 91.8132
368 28.8774 91.5855
409 28.6487 91.4031
859 28.4068 91.2102
231 28.1895 91.0369
714 27.9533 90.8486
146 27.7262 90.6674
76 27.4428 90.4415
696 27.1933 90.2425
610 26.9571 90.0541
172 26.7248 89.8688
761 26.4327 89.6359
256 26.1547 89.4142
183 25.8522 89.1729
120 25.5904 88.9641
638 25.2936 88.7275
115 24.9704 88.4697
58 24.6682 88.2287
360 24.3882 88.0054
470 24.1582 87.8219
487 23.5965 87.374
95 23.2783 87.1202
757 24.4253 86.2908
244 25.4085 85.5798
270 26.7604 84.6023
16 26.9333 84.4773
872 27.1079 84.3511
773 27.2661 84.2367
789 27.43 84.1181
919 27.5897 84.0027
2 27.7478 83.8883
223 27.9044 83.7751
189 28.0558 83.6657
99 28.1867 83.571
431 28.3099 83.5292
550 28.4447 83.4835
424 28.5806 83.4373
333 28.7214 83.3896
946 28.858 83.3432
167 29.0075 83.2925
339 29.1459 83.2456
124 31.1487 82.5661
697 32.9318 81.9611
171 37.0235 80.573
92 37.2419 80.7491
562 37.4227 80.8948
840 37.6038 81.0409
241 37.7874 81.1888
141 37.9647 81.3317
437 38.1435 81.4759
292 38.3101 81.6102
60 38.4793 81.7466
416 38.6736 81.9033
82 38.8455 82.0418
248 39.0199 82.1825
861 39.1981 82.3261
649 39.1981 82.3261
129 39.1981 82.3261
724 39.1981 82.3261
894 39.1981 82.3261
294 39.979 82.97
513 40.7449 83.6017
561 41.5714 84.2832
165 42.4744 85.0279
179 43.012 85.4712
406 43.5066 85.8791
826 43.9733 86.2639
539 44.4719 86.6751
206 44.9874 87.1001
12 45.4761 87.5032
802 45.8225 87.7888
369 46.2973 88.1803
851 46.379 88.2477
320 46.4548 88.3102
343 46.5317 88.3736
713 46.6115 88.4394
564 46.6859 88.5007
659 46.7691 88.5694
305 46.8569 88.6418
746 46.9445 88.714
536 47.0275 88.7824
389 47.1098 88.8503
690 47.1992 88.924
40 47.2801 88.9907
532 47.3593 89.056
62 47.438 89.1209
239 47.5137 89.1833
511 47.5979 89.2527
5 47.6762 89.3173
23 47.7589 89.3855
105 47.7589 89.3855
896 47.7589 89.3855
882 47.7589 89.3855
448 47.7589 89.3855
961 48.0644 89.2732
774 48.3801 89.1572
375 48.6628 89.0532
516 48.9859 88.9345
980 49.3007 88.8188
434 49.5864 88.7138
866 49.8782 88.6065
584 50.2234 88.4796
177 50.4847 88.3836
856 50.5085 88.3748
541 50.5309 88.3666
202 50.557 88.357
763 50.5798 88.3486
367 50.6066 88.3388
156 50.63 88.3302
559 50.6545 88.3212
952 51.483 88.0167
624 52.2676 87.7284
911 53.2167 87.3796
618 53.3943 87.3061
737 53.5826 87.2281
118 53.7565 87.1561
887 53.9244 87.0866
408 54.0839 87.0206
755 54.2511 86.9513
880 54.5516 86.8269
319 54.8198 86.7159
642 55.1202 86.5915
193 55.4231 86.4661
530 55.8482 86.2901
313 56.3162 86.0963
126 56.7888 85.9006
245 57.2873 85.6942
280 57.8116 85.4771
140 58.32 85.2667
816 58.8719 85.0381
185 59.4032 84.8182
984 60.006 84.5686
801 60.611 84.3181
904 61.2125 84.0691
671 61.2125 84.0691
582 61.2125 84.0691
847 62.0679 84.0432
987 63.04 84.0138
648 69.4706 83.8193
481 69.1163 83.8633
145 68.767 83.9066
509 68.3892 83.9535
992 66.954 86.5877
754 66.2316 87.9136
864 66.1449 88.0728
567 66.0318 88.2804
813 65.9289 88.4692
464 65.8129 88.682
353 65.7114 88.8684
149 65.6055 89.0628
845 65.5128 89.2329
622 65.4182 89.4064
494 65.3218 89.5835
823 64.5803 90.9444
344 63.7411 92.4848
52 64.7932 92.2065
42 65.7907 91.9426
620 66.8131 91.6722
580 67.9029 91.384
297 68.5781 91.2054
477 69.2904 91.017
251 70.1051 90.8015
135 70.9512 90.5777
817 71.2558 90.4971
666 71.6256 90.3993
318 71.9755 90.3068
820 72.361 90.2048
159 72.6819 90.1199
273 72.9665 90.0447
83 73.3333 89.9477
158 73.8793 89.8589
742 74.4684 89.7632
465 75.0019 89.6765
322 75.6599 89.5695
725 76.0967 89.4985
854 76.4753 89.437
544 76.891 89.3694
983 77.6334 89.2487
285 78.2338 89.1512
417 79.0486 89.0187
928 79.9956 88.8648
893 80.7945 87.7244
818 82.3651 85.4824
311 83.7225 83.5447
889 84.078 83.0372
473 84.5048 82.4279
25 85.0367 81.6687
685 85.509 80.9945
660 86.0143 80.2732
372 86.4066 79.7132
204 86.222 77.4931
740 86.0611 75.5577
450 85.8256 72.7248
332 85.5867 69.8509
528 85.3408 66.8941
497 84.8172 60.595
107 84.6756 58.8921
170 84.5577 57.4739
684 84.4507 56.1875
583 84.3268 54.6964
977 84.2434 53.6935
967 84.1403 52.4536
274 84.0386 51.2295
932 84.0352 51.1894
506 84.0319 51.1493
198 84.0281 51.1034
920 84.0241 51.0554
835 84.0201 51.0076
951 84.017 50.9702
387 84.0138 50.9313
136 84.0103 50.8901
884 84.0069 50.849
242 84.0035 50.8073
29 83.9996 50.7614
553 83.9972 50.7316
98 85.2699 32.1618
345 85.593 27.4467
520 85.6409 26.7478
590 85.7176 25.6296
33 85.8311 23.973
260 86.2684 17.5916
627 86.2684 17.5916
243 86.2684 17.5916
483 86.2684 17.5916
979 84.2337 18.3734
