0,627,345,520,590,33,98,835,143,583,195,387,553,29,670,920,274,45,609,466,358,70,592,745,323,232,926,314,850,425,458,930,634,978,27,828,377,594,357,217,675,606,644,681,751,906,785,935,472,155,43,66,875,186,355,396,188,870,623,282,683,264,804,163,91,340,173,769,410,563,134,743,625,847,577,453,94,112,857,632,109,793,810,855,964,968,315,987,509,582,515,432,832,440,9,558,779,85,84,798,161,791,498,235,286,650,595,68,478,668,468,117,293,843,35,647,842,656,102,190,420,262,519,208,907,900,152,904,654,290,867,767,538,485,617,762,51,238,727,605,942,852,201,83,744,67,393,579,460,481,931,71,818,417,775,962,837,395,297,378,385,110,204,332,383,975,684,838,941,334,951,242,977,506,198,932,136,884,967,107,170,497,450,372,528,740,648,311,660,725,685,928,473,25,889,135,158,983,893,580,322,185,820,742,159,353,854,845,494,273,52,145,666,318,813,544,620,42,285,817,149,937,823,464,251,465,477,864,622,369,911,177,992,851,536,584,140,940,816,618,984,118,738,707,344,874,179,320,980,746,511,896,23,690,541,882,856,532,202,961,952,62,375,624,105,713,434,389,305,737,5,548,309,343,72,795,181,392,766,139,613,96,470,92,672,763,53,449,22,614,415,245,126,313,367,530,394,539,861,561,569,165,866,156,755,172,215,840,231,448,559,562,774,408,895,193,642,319,516,294,280,40,335,317,567,801,18,406,350,894,484,921,800,564,814,947,807,636,12,802,575,782,887,248,671,259,229,986,880,659,754,124,976,826,513,540,80,241,54,732,216,910,715,171,459,56,144,676,404,291,365,596,493,591,922,597,523,733,929,175,640,662,137,878,21,308,730,104,225,571,253,60,724,578,697,16,872,773,789,919,2,223,189,469,431,550,954,946,757,886,649,359,129,230,270,141,437,292,918,416,252,239,82,226,150,689,424,877,265,974,752,611,206,271,960,20,631,28,227,288,409,833,695,441,76,296,808,786,146,806,256,368,428,608,761,333,360,490,768,167,776,456,44,638,696,120,418,491,714,15,521,593,183,610,36,306,871,50,17,712,58,651,859,885,933,115,73,430,442,13,462,827,200,213,988,301,263,905,203,759,178,108,380,753,435,31,868,803,39,106,678,547,364,153,236,969,699,914,546,568,386,736,446,95,405,1,711,585,247,447,138,444,953,495,973,199,304,249,325,169,436,48,750,321,892,316,93,401,982,916,184,815,557,927,451,327,924,220,502,398,780,400,275,99,266,454,537,599,888,658,479,701,635,948,130,552,551,524,339,680,574,501,600,903,726,429,346,720,739,41,482,457,657,272,604,950,825,846,81,361,500,554,560,168,433,224,298,526,728,830,607,443,97,119,796,326,665,219,162,487,244,693,88,628,792,374,637,944,615,719,955,718,399,300,556,570,75,240,426,207,347,686,445,381,77,939,667,427,90,966,639,799,991,890,784,879,113,132,630,734,694,517,703,717,277,860,14,503,338,303,131,758,565,329,527,47,589,531,255,505,192,114,3,691,371,805,196,970,214,352,218,341,542,749,166,731,972,376,925,708,760,747,234,116,849,122,463,936,100,489,652,677,336,764,772,507,756,382,897,279,901,971,788,411,510,34,601,233,142,476,174,908,391,422,688,269,698,324,587,912,839,545,390,981,79,735,809,729,965,957,349,89,645,533,59,891,471,267,765,576,862,508,302,237,876,210,180,30,147,603,63,370,778,522,848,101,69,923,281,621,492,197,461,619,356,194,844,452,512,716,342,989,276,49,945,790,257,421,834,261,250,704,354,284,160,824,787,379,902,254,65,643,205,278,221,641,121,915,702,612,661,307,474,853,709,151,602,679,191,414,829,529,783,811,549,917,706,748,7,413,480,692,566,127,938,705,913,543,38,797,388,535,664,475,397,525,956,534,148,858,403,771,687,125,32,633,154,836,486,268,37,384,11,373,330,700,655,438,949,958,990,423,663,723,283,841,87,496,616,863,10,123,78,222,228,182,57,157,312,499,909,128,328,794,212,46,770,86,514,985,710,741,943,412,299,673,331,899,572,898,133,674,366,348,187,963,4,455,258,74,8,629,588,362,402,211,646,881,61,682,722,488,812,310,363,407,246,351,883,669,822,64,439,573,869,626,287,467,518,653,19,26,934,337,586,111,289,209,555,504,777,419,819,831,865,821,24,6,176,55,873,164,781,598,103,959,581,295,260,721,243,979,483,
value : 531.558 running time : 38.981608
0 80 20
627 84.7316 22.2875
345 84.2628 23.3487
520 83.4357 25.2211
590 83.4007 25.3001
33 83.3667 25.3771
98 83.3337 25.4519
835 78.5175 34.9633
143 74.9758 41.9579
583 74.2382 43.4148
195 74.1215 43.6453
387 73.9991 43.887
553 73.6505 43.859
29 73.3077 43.8315
670 72.9674 43.8041
920 72.6473 43.7784
274 72.2842 43.7492
45 71.8739 43.7162
609 71.5772 43.6924
466 71.253 43.6663
358 70.9092 43.6387
70 70.7047 43.6223
592 70.5167 43.6072
745 70.3025 43.5899
323 70.0773 43.5719
232 69.8603 43.5544
926 69.6413 43.5368
314 69.4208 43.5191
850 69.2262 43.5035
425 68.128 43.4152
458 63.6875 43.0585
930 62.7911 42.9864
634 62.0768 42.929
978 61.3859 42.8735
27 60.734 42.8211
828 60.3022 42.7864
377 59.8801 42.7525
594 59.4655 42.7192
357 59.0629 42.6868
217 58.632 42.6522
675 58.2254 42.6195
606 57.7962 42.585
644 57.3063 42.5456
681 56.734 42.4997
751 56.2178 42.4582
906 55.7456 42.4202
785 55.2798 42.3828
935 55.2798 42.3828
472 55.0669 43.8608
155 54.9034 44.9963
43 54.8436 45.4117
66 54.7802 45.8518
875 54.71 46.3396
186 54.6393 46.8308
355 54.579 47.2498
396 54.3186 49.058
188 54.1106 50.5023
870 53.9387 51.6966
623 53.5276 54.5501
282 52.8918 58.9629
683 52.4177 62.2543
264 52.248 63.4333
804 52.0325 64.9299
163 51.7674 66.7706
91 51.7674 66.7707
340 51.7674 66.7707
173 51.7674 66.7707
769 51.7674 66.7707
410 51.7674 66.7707
563 51.7674 66.7707
134 51.8191 66.7288
743 51.8784 66.6806
625 51.9352 66.6345
847 51.987 66.5924
577 52.0395 66.5497
453 52.0853 66.5125
94 52.1327 66.4739
112 52.1824 66.4336
857 52.2302 66.3948
632 52.2811 66.3534
109 52.336 66.3088
793 52.3935 66.262
810 52.4455 66.2198
855 52.4918 66.1822
964 52.5441 66.1397
968 52.5918 66.101
315 52.6396 66.0621
987 52.6901 66.0211
509 52.74 65.9806
582 52.7475 65.9691
515 52.7556 65.9569
432 52.7628 65.9459
832 52.7704 65.9345
440 53.02 65.5562
9 53.246 65.2136
558 53.507 64.8179
779 53.7713 64.4173
85 54.122 63.8856
84 54.378 63.4975
798 54.6358 63.1068
161 54.8993 62.7074
791 55.1621 62.3089
498 55.4299 61.903
235 55.6927 61.5048
286 56.044 60.9721
650 56.3725 60.4742
595 56.3717 60.3338
68 56.3708 60.1858
478 56.37 60.0317
668 56.3691 59.8792
468 56.3681 59.7096
117 56.3671 59.5313
293 56.3664 59.4113
843 56.3657 59.2757
35 57.0166 59.5179
647 57.6216 59.7429
842 58.1559 59.9417
656 59.3324 61.1751
102 59.3324 61.1751
190 59.3324 61.1751
420 59.3324 61.1751
262 59.3324 61.1751
519 59.6846 61.6897
208 60.5588 62.9667
907 61.3112 64.0658
900 62.1272 65.2578
152 62.2669 65.4618
904 62.3936 65.6471
654 62.5126 65.8209
290 62.6248 65.9848
867 62.7326 66.1422
767 62.8297 66.2841
538 62.9468 66.4553
485 63.0672 66.6311
617 63.2103 66.8402
762 63.3683 67.071
51 63.5338 67.3129
238 63.666 67.5059
727 63.8139 67.722
605 63.9501 67.921
942 64.087 68.1211
852 65.0098 69.469
201 65.7347 70.528
83 65.8197 70.6521
744 65.8957 70.7631
67 65.9688 70.8699
393 66.0479 70.9855
579 66.1409 71.1213
460 66.2229 71.2411
481 66.309 71.3669
931 66.3882 71.4826
71 66.8266 71.4101
818 67.2492 71.3403
417 67.6085 71.2809
775 67.6085 71.2809
962 67.6085 71.2809
837 67.6085 71.2809
395 67.6085 71.2809
297 67.6085 71.2809
378 68.0238 71.078
385 73.4721 68.4161
110 76.587 66.8942
204 80.6359 64.9161
332 80.8456 64.7678
383 81.0572 64.6183
975 81.2745 64.4647
684 81.5267 64.2864
838 81.7586 64.1225
941 81.9552 63.9835
334 82.9358 63.2902
951 84.0974 62.4688
242 84.0974 62.4688
977 84.0974 62.4688
506 84.0974 62.4688
198 84.0974 62.4688
932 84.0974 62.4688
136 84.0974 62.4688
884 84.0974 62.4688
967 84.0974 62.4688
107 84.4587 62.7475
170 84.8006 63.0113
497 85.1715 63.2974
450 85.733 72.6181
372 86.2112 80.5551
528 86.0216 80.9532
740 85.8169 81.3832
648 85.6277 81.7805
311 85.4586 82.1356
660 85.2606 82.5516
725 84.4295 84.2974
685 83.772 85.6787
928 82.8818 87.5486
473 82.8818 87.5486
25 82.8818 87.5486
889 81.685 87.7293
135 79.6982 88.0295
158 79.5106 88.0577
983 79.3531 88.0815
893 77.801 88.2368
580 76.1987 88.3972
322 75.5662 88.4605
185 71.0515 88.9123
820 70.9724 88.9202
742 70.7562 88.9419
159 70.5238 88.9651
353 70.2696 88.9906
854 70.0203 89.0155
845 69.7638 89.0412
494 69.5264 89.065
273 69.2409 89.0936
52 68.99 89.1187
145 68.7584 89.1419
666 68.5286 89.1649
318 68.2794 89.1898
813 68.035 89.2143
544 67.77 89.2408
620 67.5111 89.2667
42 67.2603 89.2918
285 67.0219 89.3157
817 66.7685 89.341
149 66.531 89.3648
937 66.2909 89.3889
823 66.035 89.4145
464 65.774 89.4406
251 65.5315 89.4649
465 65.2799 89.49
477 65.0076 89.5173
864 64.7588 89.5422
622 63.3275 89.6855
369 61.7665 89.8417
911 60.6318 89.9553
177 59.7061 90.048
992 58.7059 90.1481
851 57.5457 90.2642
536 56.5022 90.3687
584 55.7062 90.4484
140 54.8406 90.535
940 54.0264 90.6165
816 53.3322 90.686
618 52.5033 90.769
984 51.6778 90.8516
118 50.0341 91.0162
738 47.5711 91.2627
707 47.4549 91.2743
344 47.4549 91.2743
874 47.4549 91.2743
179 47.4549 91.2743
320 47.4549 91.2743
980 47.4549 91.2743
746 47.4549 91.2743
511 47.4549 91.2743
896 47.4549 91.2743
23 47.4549 91.2743
690 47.4549 91.2743
541 47.4549 91.2743
882 47.4549 91.2743
856 47.4549 91.2743
532 47.3937 91.2576
202 47.3373 91.2423
961 47.2738 91.225
952 47.2129 91.2084
62 47.1498 91.1912
375 47.0844 91.1734
624 47.0258 91.1574
105 46.9612 91.1398
713 46.8972 91.1224
434 46.8373 91.1061
389 46.7684 91.0873
305 46.7094 91.0712
737 46.6538 91.0561
5 46.1052 90.9066
548 45.5527 90.7561
309 45.0704 90.6248
343 44.6071 90.4986
72 44.1243 90.3671
795 43.6837 90.247
181 43.4368 90.1798
392 43.1873 90.1118
766 42.9497 90.0471
139 42.7003 89.9792
613 42.4908 89.9221
96 42.2851 89.8661
470 42.4286 89.7549
92 42.5751 89.6416
672 42.7312 89.5207
763 43.1509 89.1958
53 43.5408 88.894
449 43.9642 88.5662
22 44.4027 88.2268
614 44.9162 87.8292
415 44.9444 87.8074
245 44.971 87.7868
126 44.9968 87.7668
313 45.0209 87.7481
367 45.0454 87.7292
530 45.0691 87.7108
394 45.0918 87.6932
539 45.1152 87.6751
861 45.1392 87.6564
561 45.1625 87.6384
569 45.1843 87.6215
165 45.2091 87.6023
866 45.2343 87.5828
156 45.2599 87.5629
755 45.2856 87.5431
172 45.3102 87.524
215 45.3365 87.5036
840 45.3611 87.4845
231 45.385 87.466
448 45.5022 87.3752
559 45.7626 87.1734
562 46.2617 86.7866
774 46.7261 86.4266
408 47.1851 86.0709
895 47.6585 85.704
193 48.0768 85.3798
642 48.5017 85.0505
319 48.9184 84.7276
516 49.344 84.3977
294 49.8102 84.0364
280 50.3033 83.6543
40 50.7604 83.3
335 51.2346 82.9325
317 51.6814 82.5862
567 52.0597 82.293
801 52.0597 82.293
18 52.0597 82.293
406 51.5 81.7767
350 50.9207 81.242
894 50.6333 80.9768
484 50.4845 80.8395
921 50.3938 80.7558
800 50.3022 80.6713
564 50.2082 80.5846
814 50.12 80.5032
947 50.0273 80.4176
807 49.9296 80.3275
636 49.8421 80.2468
12 49.7544 80.1658
802 49.6565 80.0755
575 49.5672 79.9931
782 49.4678 79.9014
887 49.3763 79.8169
248 49.2716 79.7203
671 49.1791 79.6349
259 49.0847 79.5479
229 48.9768 79.4483
986 48.8634 79.3437
880 48.764 79.2519
659 48.6542 79.1506
754 48.5471 79.0518
124 42.5124 73.4841
976 42.5124 73.4841
826 42.5124 73.4841
513 42.5124 73.4841
540 42.5124 73.4841
80 42.5124 73.4841
241 42.5124 73.4841
54 42.1425 72.1154
732 41.96 71.4401
216 41.8597 71.069
910 41.7801 70.7746
715 41.698 70.4705
171 41.6174 70.1723
459 41.5356 69.8697
56 41.4575 69.5806
144 41.3807 69.2966
676 41.2962 68.9838
404 41.2205 68.7036
291 41.1411 68.4096
365 41.0643 68.1255
596 40.9888 67.8463
493 40.913 67.5657
591 40.8602 67.3701
922 40.8 67.1475
597 40.7992 67.1444
523 38.2907 68.1499
733 35.3814 69.3161
929 35.3814 69.3161
175 35.3452 69.3768
640 35.3105 69.4351
662 35.0565 69.8609
137 34.829 70.2425
878 34.5749 70.6687
21 34.3331 71.0742
308 34.0895 71.4826
730 33.8201 71.9344
104 33.5665 72.3598
225 33.0881 73.162
571 32.4247 74.2746
253 31.676 75.5301
60 31.5397 75.7587
724 31.411 75.9745
578 31.2596 76.2285
697 31.1227 76.4581
16 30.991 76.6789
872 30.8613 76.8964
773 30.7252 77.1247
789 30.6005 77.3337
919 30.4718 77.5497
2 30.3496 77.7545
223 30.2321 77.9516
189 30.113 78.1513
469 29.9786 78.3767
431 29.9786 78.3767
550 29.9786 78.3767
954 29.9786 78.3767
946 29.9786 78.3767
757 29.9786 78.3767
886 29.9786 78.3767
649 29.9786 78.3767
359 29.9786 78.3767
129 31.9337 81.7094
230 32.3555 82.4281
270 32.6989 83.0132
141 33.064 83.6353
437 33.4268 84.2534
292 33.7584 84.8183
918 34.0896 85.3827
416 34.4278 85.959
252 34.739 86.4891
239 35.1651 87.2152
82 35.1651 87.2152
226 35.1651 87.2152
150 35.1651 87.2152
689 35.1651 87.2152
424 33.953 88.1555
877 33.7486 88.3141
265 33.52 88.4914
974 33.173 88.52
752 32.4777 88.5773
611 31.6867 88.6426
206 31.5476 88.654
271 30.5408 88.7371
960 29.5012 88.8228
20 28.3757 88.9156
631 27.3318 89.0017
28 26.3654 89.0814
227 25.3872 89.1621
288 25.3158 89.168
409 25.2454 89.1738
833 25.1741 89.1797
695 25.1046 89.1854
441 25.037 89.191
76 24.9746 89.1961
296 24.9104 89.2014
808 24.8421 89.2071
786 24.7751 89.2126
146 24.7109 89.2179
806 24.5831 89.2284
256 24.4314 89.2409
368 24.2535 89.2556
428 24.0933 89.2688
608 23.9234 89.2829
761 23.7672 89.2957
333 23.6062 89.309
360 23.4338 89.3232
490 23.289 89.3352
768 23.139 89.3476
167 22.9881 89.36
776 22.8208 89.3738
456 22.671 89.3862
44 22.5255 89.3982
638 22.3866 89.4096
696 22.211 89.4241
120 22.0422 89.438
418 21.87 89.4522
491 21.6956 89.4666
714 21.5262 89.4806
15 21.3572 89.4945
521 21.1942 89.508
593 21.0265 89.5218
183 20.8608 89.5355
610 20.7013 89.5486
36 20.5394 89.562
306 20.3703 89.576
871 20.1877 89.591
50 20.0103 89.6057
17 19.8283 89.6207
712 19.6579 89.6347
58 19.4938 89.6483
651 19.3275 89.662
859 19.1577 89.676
885 18.9792 89.6907
933 18.7927 89.7061
115 18.6165 89.7206
73 18.457 89.7338
430 18.2539 89.7505
442 16.8188 89.8689
13 15.4927 89.9783
462 14.1003 90.0932
827 12.5944 90.2175
200 11.6426 90.296
213 10.7437 90.3702
988 10.7437 90.3702
301 10.7698 90.3107
263 10.7942 90.2551
905 10.8191 90.1982
203 10.8424 90.145
759 10.8645 90.0946
178 10.8864 90.0448
108 10.9049 90.0027
380 10.9227 89.9619
753 10.9436 89.9144
435 10.9627 89.8708
31 10.9859 89.8179
868 11.006 89.772
803 11.027 89.7241
39 11.0472 89.678
106 11.0684 89.6298
678 11.0901 89.5802
547 11.1123 89.5296
364 11.1342 89.4798
153 11.1556 89.431
236 11.1764 89.3835
969 11.198 89.3342
699 11.2206 89.2828
914 11.2414 89.2352
546 11.2635 89.1849
568 11.2835 89.1394
386 11.3049 89.0906
736 11.3263 89.0417
446 11.3473 88.9938
95 11.3683 88.9459
405 11.3875 88.9021
1 11.4086 88.8541
711 11.4287 88.8082
585 11.4505 88.7585
247 11.4732 88.7066
447 11.4945 88.6582
138 11.5162 88.6086
444 11.5396 88.5554
953 11.5604 88.5079
495 11.5829 88.4565
973 11.6038 88.4089
199 11.6256 88.3593
304 11.6481 88.3078
249 11.6713 88.255
325 11.6935 88.2044
169 11.715 88.1554
436 11.7371 88.105
48 11.7582 88.0568
750 11.7774 88.0131
321 12.1559 87.1497
892 12.4429 86.4954
316 12.727 85.8476
93 13.0203 85.1787
401 13.3082 84.5221
982 13.697 83.6354
916 14.1293 82.6495
184 14.5755 81.6318
815 14.9813 80.7064
557 15.5161 79.4866
927 17.8162 74.2383
451 18.9224 71.7147
327 18.9223 71.7174
924 18.9222 71.72
220 18.9221 71.7225
502 18.9221 71.7249
398 18.922 71.7274
780 18.9219 71.7302
400 18.9218 71.7326
275 18.9218 71.7351
99 18.9217 71.7377
266 18.9216 71.7403
454 18.9215 71.7429
537 18.8981 71.7641
599 18.8757 71.7844
888 18.8432 71.8138
658 18.8117 71.8423
479 18.7805 71.8706
701 18.75 71.8983
635 18.7195 71.9258
948 18.6879 71.9545
130 18.6599 71.9799
552 18.631 72.0061
551 18.5995 72.0346
524 18.5708 72.0606
339 18.5402 72.0883
680 18.511 72.1148
574 18.4826 72.1406
501 18.4531 72.1673
600 18.4217 72.1958
903 18.3915 72.2231
726 18.3572 72.2542
429 18.322 72.2861
346 18.2879 72.317
720 18.2603 72.3421
739 18.2254 72.3737
41 18.1895 72.4063
482 17.9264 72.5745
457 17.6359 72.7603
657 17.4079 72.9061
272 17.227 73.0217
604 17.0407 73.1409
950 16.7446 73.3302
825 16.4387 73.5259
846 16.1604 73.7039
81 15.3355 74.2314
361 14.3751 74.8456
500 13.3418 75.5064
554 12.2225 76.2222
560 12.2521 76.2211
168 12.2791 76.22
433 12.3024 76.2191
224 12.3277 76.2181
298 12.3562 76.217
526 12.3885 76.2157
728 12.2238 76.3784
830 12.0737 76.5267
607 11.9512 76.6477
443 11.829 76.7685
97 11.7006 76.8954
119 11.5652 77.0292
796 11.4214 77.1712
326 11.2822 77.3088
665 11.14 77.4493
219 10.9982 77.5894
162 10.8394 77.7463
487 10.6721 77.9116
244 10.4929 78.0886
693 10.3083 78.271
88 10.2971 78.224
628 10.2864 78.1792
792 10.2753 78.1328
374 10.2636 78.0834
637 10.2539 78.043
944 10.2436 77.9996
615 10.2333 77.9566
719 10.2233 77.9146
955 10.2124 77.8691
718 10.202 77.8254
399 10.1913 77.7807
300 10.1807 77.7361
556 10.0199 77.0632
570 9.87405 76.4523
75 9.71769 75.7975
240 9.54513 75.075
426 9.34714 74.2459
207 9.03933 72.957
347 8.75816 71.7797
686 8.75816 71.7797
445 8.75816 71.7797
381 8.75816 71.7797
77 8.75816 71.7797
939 8.75816 71.7797
667 8.75816 71.7797
427 8.75816 71.7797
90 8.75816 71.7797
966 8.81274 71.3995
639 8.86107 71.0626
799 8.9127 70.7028
991 8.95906 70.3797
890 9.011 70.0178
784 9.08042 69.5342
879 9.1383 69.1307
113 9.19413 68.7416
132 9.25807 68.2961
630 9.31366 67.9087
734 9.36763 67.5325
694 9.42056 67.1636
517 9.47962 66.7521
703 9.54099 66.3245
717 9.5957 65.9432
277 9.65194 65.5512
860 9.70992 65.1472
14 9.82161 64.3689
503 9.94341 63.5202
338 10.1122 62.3445
303 10.3275 60.8445
131 10.4865 59.737
758 10.6652 58.4925
565 10.6716 58.4476
329 10.6778 58.4045
527 10.6842 58.3599
47 10.6906 58.3151
589 10.6964 58.2747
531 10.7022 58.2343
255 10.7081 58.193
505 10.7152 58.1438
192 10.7213 58.1016
114 10.7278 58.056
3 10.7345 58.0091
691 10.7415 57.9608
371 10.7476 57.9183
805 10.7915 57.6122
196 10.8314 57.3345
970 10.8721 57.0506
214 10.9211 56.7096
352 10.9687 56.3779
218 11.0111 56.0819
341 11.0559 55.7698
542 11.0975 55.4803
749 11.1382 55.1967
166 11.1749 54.9406
731 11.2152 54.6597
972 11.2152 54.6597
376 11.2152 54.6597
925 11.2152 54.6597
708 11.2152 54.6597
760 11.2152 54.6597
747 11.2152 54.6597
234 11.2152 54.6597
116 11.2152 54.6597
849 11.4035 54.6923
122 11.6127 54.7285
463 12.0802 54.8094
936 12.5579 54.892
100 13.0317 54.974
489 13.5248 55.0593
652 14.095 55.158
677 14.8216 55.2837
336 15.5663 55.4125
764 16.3076 55.5408
772 17.0419 55.6678
507 17.777 55.795
756 18.4066 55.9039
382 18.8936 55.9882
897 19.3183 56.0617
279 19.7315 56.1332
901 20.203 56.2148
971 20.623 56.2875
788 20.7791 56.1068
411 20.9279 55.9344
510 21.1028 55.7318
34 21.2526 55.5583
601 21.4046 55.3822
233 21.5926 55.1645
142 21.7837 54.9432
476 21.9664 54.7316
174 22.3289 54.7647
908 22.7391 54.8022
391 23.1385 54.8388
422 23.5457 54.876
688 23.9827 54.916
269 24.3782 54.9521
698 24.7138 54.9828
324 25.137 55.0215
587 25.5678 55.0609
912 25.6835 55.0412
839 25.7867 55.0236
545 25.8832 55.0071
390 25.9808 54.9905
981 26.077 54.9741
79 26.1782 54.9569
735 26.2829 54.9391
809 26.3982 54.9194
729 26.3982 54.9194
965 26.3982 54.9194
957 27.0203 54.5942
349 27.6456 54.2674
89 28.5879 53.7748
645 29.3998 53.3505
533 30.3909 52.8324
59 31.0202 52.5034
891 31.8113 52.09
471 32.5779 51.6892
267 32.9219 51.5094
765 33.3194 51.3016
576 34.7806 50.5379
862 35.1773 50.2495
508 35.4917 50.0209
302 35.8308 49.7743
237 36.2024 49.5042
876 36.5791 49.2303
210 36.9585 48.9544
180 37.3208 48.691
30 37.6676 48.4388
147 38.2555 48.0114
603 38.9118 47.5342
63 40.0063 46.7384
370 40.0063 46.7384
778 40.0063 46.7384
522 40.0063 46.7384
848 40.0063 46.7384
101 40.0063 46.7384
69 40.0062 46.7382
923 40.0062 46.738
281 39.9787 46.6471
621 39.9346 46.501
492 39.8501 46.2214
197 39.7543 45.9043
461 39.6753 45.6424
619 39.5814 45.3318
356 39.4954 45.0468
194 39.4116 44.7695
844 39.3256 44.4846
452 39.2482 44.2286
512 39.1706 43.9717
716 39.0867 43.6939
342 39.0051 43.4236
989 38.9149 43.1251
276 38.8293 42.8416
49 38.7372 42.5368
945 38.6417 42.2203
790 38.2012 40.7622
257 37.7797 39.3666
421 37.4012 38.1135
834 37.0402 36.9184
261 36.7341 35.9049
250 36.6378 35.586
704 31.2091 27.1832
354 30.8095 27.289
284 30.4641 27.3805
160 30.1328 27.4683
824 29.782 27.5611
787 29.442 27.6512
379 29.1034 27.7409
902 28.7301 27.8397
254 28.3803 27.9324
65 28.3803 27.9324
643 28.3803 27.9324
205 28.3803 27.9324
278 28.3803 27.9324
221 28.3803 27.9324
641 28.3803 27.9324
121 28.3803 27.9324
915 28.3803 27.9324
702 28.3803 27.9324
612 28.3803 27.9324
661 28.3803 27.9324
307 28.432 28.2558
474 28.485 28.5866
853 28.8621 30.943
709 28.974 31.6426
151 29.1173 32.5379
602 29.2262 33.2185
679 29.3664 34.0947
191 29.4909 34.873
414 29.6202 35.6808
829 29.7275 36.3515
529 29.8546 37.1458
783 29.9894 37.9877
811 30.0993 38.6747
549 30.2106 39.3701
917 30.3373 40.1619
706 30.4491 40.8609
748 30.5563 41.5307
7 30.659 42.1725
413 30.7713 42.8742
480 30.871 43.4975
692 30.9808 44.1835
566 31.1076 44.9755
127 31.238 45.7909
938 27.626 45.7512
705 26.3373 45.737
913 26.0925 45.6026
543 25.8388 45.4634
38 25.5839 45.3234
797 25.3178 45.1773
388 25.0766 45.0449
535 24.8324 44.9108
664 24.5839 44.7744
475 24.3365 44.6386
397 24.0924 44.5046
525 23.8485 44.3707
956 23.5909 44.2292
534 22.9474 43.876
148 22.5509 43.6583
858 22.1808 43.4551
403 21.8047 43.2487
771 21.4096 43.0317
687 21.0462 42.8323
125 20.299 42.4221
32 19.6581 42.0702
633 19.0581 41.7408
154 17.6022 40.9416
836 16.4489 40.3084
486 16.4489 40.3084
268 15.3751 39.9244
37 15.3751 39.9244
384 15.3751 39.9244
11 15.3751 39.9244
373 15.0276 39.9511
330 14.7554 39.9721
700 14.6859 39.9774
655 14.6162 39.9828
438 14.5381 39.9888
949 14.3116 40.0062
958 14.0745 40.0245
990 13.8759 40.0398
423 13.6786 40.055
663 13.4809 40.0702
723 13.2814 40.0855
283 13.0183 40.1058
841 12.7787 40.1243
87 12.5483 40.142
496 12.32 40.1596
616 12.0806 40.178
863 11.8413 40.1964
10 11.6132 40.214
123 11.3772 40.2321
78 11.1581 40.249
222 10.8971 40.2691
228 10.6569 40.2876
182 10.4011 40.3073
57 10.1065 40.33
157 9.83111 40.3512
312 9.87147 39.9464
499 9.9105 39.5548
909 9.94979 39.1608
128 9.99579 38.6994
328 10.1145 37.5085
794 10.2865 35.7835
212 10.3437 35.2095
46 10.4086 34.5586
770 10.4814 33.8284
86 10.5793 32.8465
514 10.6707 31.9302
985 10.7588 31.0462
710 10.856 30.0711
741 10.9484 29.1443
943 11.0154 28.4722
412 11.0881 27.7435
299 11.1261 27.3621
673 11.1659 26.9633
331 11.205 26.5705
899 11.2425 26.1942
572 11.2775 25.8436
898 11.3135 25.4822
133 11.3959 24.6557
674 11.4929 23.6824
366 11.5643 22.9663
348 11.6214 22.3934
187 11.6715 21.8908
963 11.7114 21.4911
4 11.7532 21.0715
455 11.8088 20.5135
258 11.8675 19.925
74 11.935 19.2475
8 12.1325 17.2668
629 12.1486 17.1046
588 12.1639 16.9516
362 12.1793 16.7968
402 12.1948 16.6412
211 12.213 16.4591
646 12.2297 16.2913
881 12.247 16.1177
61 12.2627 15.9606
682 12.2794 15.7923
722 12.2975 15.6108
488 12.3132 15.4534
812 12.3285 15.3003
310 27.8117 20.4524
363 28.62 20.7213
407 29.3375 20.9601
246 29.3972 21.0193
351 29.4536 21.0753
883 29.5159 21.1371
669 29.5711 21.192
822 29.6462 21.2666
64 29.7123 21.3322
439 29.7786 21.398
573 29.8466 21.4655
869 29.9191 21.5375
626 32.7282 20.4689
287 35.8259 19.2906
467 37.7254 18.5679
518 40.2888 17.5927
653 43.7183 20.5265
19 47.5122 23.7719
26 47.5122 23.7719
934 47.5122 23.7719
337 47.5122 23.7719
586 47.5122 23.7719
111 47.5122 23.7719
289 49.128 23.4022
209 50.9418 22.9872
555 53.1671 22.4782
504 55.7604 21.8849
777 55.9794 21.8348
419 56.1806 21.7887
819 56.4234 21.7332
831 56.6406 21.6835
865 56.8473 21.6362
821 58.0937 21.351
24 58.3791 21.1609
6 58.6325 20.9921
176 58.8893 20.821
55 59.0493 20.7144
873 59.2386 20.5883
164 59.4527 20.4457
781 59.7276 20.2625
598 63.5238 17.7345
103 67.0148 15.4096
959 67.8759 15.3659
581 69.2433 15.2964
295 71.1844 15.1978
260 78.2864 14.8363
721 79.5878 14.7702
243 82.8002 14.6069
979 83.33 14.58
483 83.9017 14.5509
