0,483,627,243,260,979,33,590,520,345,98,745,295,466,55,870,821,828,458,27,843,634,217,751,906,716,342,978,606,492,69,117,66,875,197,323,43,623,355,675,357,314,70,644,583,274,835,232,609,143,592,838,670,29,656,932,951,387,553,941,977,850,425,506,967,385,242,110,195,102,900,152,942,383,650,420,684,190,867,478,852,920,170,497,884,107,198,136,975,201,332,775,204,372,740,311,528,660,417,450,928,685,25,889,473,864,494,983,580,725,135,820,322,83,666,71,145,813,159,823,845,648,893,818,742,465,854,937,149,229,931,395,185,251,18,318,273,353,158,464,992,620,202,297,622,737,544,567,477,285,911,42,52,817,317,40,887,618,367,856,671,343,378,118,408,511,344,259,816,980,713,369,335,584,177,179,774,984,434,896,690,882,851,23,624,516,319,961,754,636,947,559,245,895,575,532,129,146,389,539,215,320,437,874,313,375,305,763,156,541,746,952,62,724,126,562,940,280,415,406,738,181,548,265,165,105,530,22,150,139,206,561,840,866,241,239,766,72,230,5,448,449,53,569,877,536,141,292,960,672,309,974,752,394,2,416,256,919,189,124,392,806,172,96,253,795,60,610,638,564,270,814,649,82,659,689,76,271,454,662,469,296,872,833,231,773,470,707,36,808,73,120,757,768,521,611,786,41,28,933,696,430,441,20,631,44,613,714,753,593,918,871,409,306,859,651,418,578,697,557,431,462,92,885,50,13,916,446,115,183,138,247,17,712,227,456,424,608,761,15,491,249,386,678,868,108,827,973,435,380,236,953,200,815,568,304,628,776,750,711,803,969,39,693,106,914,988,301,405,447,718,300,495,1,213,436,263,364,892,982,585,554,95,560,637,48,699,244,780,433,153,442,905,955,444,719,736,759,169,792,199,796,90,860,399,58,240,830,325,178,570,321,695,547,639,401,316,426,31,298,75,615,657,546,457,944,339,490,346,368,428,954,288,924,16,223,93,130,635,604,374,184,658,326,550,333,537,168,789,950,99,946,487,167,479,88,360,764,502,203,600,224,728,607,119,14,219,739,400,991,556,445,799,3,131,747,234,734,531,551,114,890,192,565,347,760,207,879,113,338,703,503,132,630,376,500,196,784,381,77,371,482,970,81,939,694,667,517,686,162,717,277,255,665,966,772,329,427,701,272,948,429,411,443,735,903,680,886,526,220,97,927,552,846,825,398,705,691,361,390,888,275,788,451,391,349,698,756,79,233,981,59,971,269,524,34,422,324,599,510,891,929,965,54,137,912,733,957,365,21,601,587,382,267,591,291,878,765,56,266,726,901,574,501,493,729,640,327,459,571,252,730,359,720,683,558,676,370,471,804,576,732,163,540,533,484,134,104,894,175,144,910,404,225,715,596,171,809,80,308,645,826,226,807,779,523,976,350,857,861,782,802,248,140,642,755,513,921,563,294,614,410,94,432,986,193,12,880,51,481,582,290,837,801,625,762,769,654,847,800,987,791,68,668,632,91,173,605,832,9,727,238,509,109,315,460,67,340,393,334,904,744,579,962,595,767,855,485,538,293,577,112,85,923,647,161,798,84,498,617,793,968,188,208,440,468,515,964,743,907,453,286,235,282,621,264,281,597,216,926,930,842,35,262,396,810,194,519,186,844,512,989,356,522,127,790,566,922,101,472,452,30,461,276,210,63,480,191,147,413,778,862,783,49,155,180,935,89,945,917,853,706,237,545,811,655,403,508,687,748,543,397,535,876,938,302,278,37,858,486,633,388,603,688,38,11,7,913,619,529,414,664,525,612,151,869,476,549,65,908,148,679,228,652,279,771,723,663,542,205,174,534,123,496,475,78,438,990,616,212,839,949,142,507,956,897,489,336,222,116,708,166,925,589,122,218,677,849,157,303,312,936,47,100,505,805,128,909,958,863,770,214,527,749,797,972,341,841,57,328,46,283,423,154,32,463,182,10,352,499,731,330,700,384,87,758,373,836,673,268,514,985,125,4,299,794,898,86,331,258,133,121,710,829,602,572,943,439,643,902,702,187,661,366,963,674,646,741,61,455,211,348,74,899,722,588,641,402,488,682,629,881,812,412,474,8,362,824,284,307,822,915,254,354,709,261,704,518,883,626,407,669,351,246,787,834,363,379,337,64,287,221,289,573,310,26,467,111,160,653,934,692,250,164,419,209,681,586,257,848,421,19,873,594,555,377,358,865,781,6,785,831,45,504,777,721,959,176,103,581,24,819,598,
value : 481.717 running time : 51.167566
0 80 20
483 86.1687 17.498
627 86.1604 17.5219
243 86.1524 17.545
260 86.144 17.5693
979 85.7379 18.7404
33 84.1464 23.3313
590 83.7868 24.3682
520 83.5835 24.9547
345 83.5835 24.9547
98 83.5835 24.9547
745 73.4022 30.5649
295 71.3496 31.6958
466 67.5994 34.45
55 63.2151 37.6698
870 61.8994 39.1916
821 61.4384 39.7247
828 60.8682 40.3843
458 60.245 41.105
27 59.6505 41.7926
843 58.8372 42.7334
634 58.679 42.9164
217 58.5024 43.1206
751 58.3328 43.3167
906 57.8915 43.8272
716 57.4846 44.2978
342 57.0931 44.7506
978 57.2945 44.7863
606 57.4798 44.8191
492 57.62 44.844
69 57.7787 44.8721
117 57.9735 44.9066
66 58.1162 44.9319
875 58.2833 44.9615
197 58.4539 44.9917
323 59.7614 45.2235
43 60.315 45.3215
623 60.878 45.4213
355 61.4959 45.5307
675 62.9169 45.7826
357 64.3471 46.036
314 65.8311 46.299
70 67.5221 46.5987
644 69.3875 46.9294
583 72.0354 47.3989
274 74.4309 47.8235
835 76.1732 48.1323
232 76.2262 48.5469
609 76.2819 48.9818
143 76.3448 49.4725
592 76.4061 49.9514
838 76.4739 50.4809
670 76.5307 50.9245
29 76.5967 51.4398
656 76.6817 52.1038
932 76.7462 52.6077
951 76.8117 53.119
387 76.8811 53.6611
553 76.9473 54.178
941 77.023 54.7692
977 77.0921 55.309
850 77.1513 55.7717
425 77.2123 56.2477
506 77.288 56.839
967 77.3497 57.3213
385 77.426 57.9166
242 77.4367 58.0004
110 77.4485 58.0926
195 77.4582 58.168
102 77.4724 58.2795
900 77.4892 58.4103
152 77.4995 58.4905
942 77.5085 58.5607
383 77.5194 58.6463
650 77.5289 58.7203
420 77.538 58.7911
684 77.5472 58.8635
190 77.5565 58.9359
867 77.8489 61.2183
478 77.8489 61.2183
852 78.5451 61.4447
920 79.2528 61.6749
170 83.6277 63.0989
497 85.376 63.6677
884 85.376 63.6677
107 85.376 63.6677
198 85.376 63.6677
136 85.376 63.6677
975 84.9637 67.7015
201 84.7517 69.7747
332 84.2973 74.2211
775 83.8206 78.8884
204 84.808 80.5867
372 85.9926 82.6243
740 85.951 82.6902
311 85.916 82.7455
528 85.8765 82.8081
660 85.8368 82.871
417 85.7878 82.9485
450 85.7512 83.0064
928 82.8818 87.5486
685 82.8818 87.5486
25 82.8818 87.5486
889 82.3506 87.6331
473 81.7078 87.7353
864 80.9964 87.8485
494 80.4053 87.9425
983 79.8633 88.0287
580 76.4225 88.0483
725 76.3106 88.049
135 76.1869 88.0497
820 75.892 88.0514
322 75.5947 88.0531
83 75.0758 88.0561
666 74.6375 88.0587
71 74.2183 88.0611
145 73.8271 88.0634
813 73.4847 88.0654
159 73.1429 88.0674
823 72.7439 88.0697
845 72.4003 88.0717
648 72.1046 88.0734
893 71.6821 88.0759
818 71.0186 88.0797
742 70.2786 88.084
465 69.3977 88.0891
854 68.5898 88.0938
937 67.6721 88.0991
149 66.6969 88.1048
229 65.5172 88.1117
931 65.2797 88.113
395 65.0575 88.1143
185 64.854 88.1155
251 64.6608 88.1166
18 64.4273 88.118
318 64.2282 88.1191
273 63.9889 88.1205
353 63.7724 88.1218
158 63.5252 88.1232
464 63.2397 88.1249
992 62.9637 88.1265
620 62.7062 88.128
202 62.4111 88.1297
297 62.1686 88.1311
622 61.9166 88.1325
737 61.6402 88.1341
544 61.4061 88.1355
567 61.1229 88.1371
477 60.8551 88.1387
285 60.5957 88.1402
911 60.2474 88.1422
42 59.9692 88.1438
52 59.6733 88.1455
817 59.3203 88.1476
317 58.9254 88.1499
40 58.4989 88.1524
887 58.1272 88.1545
618 57.7625 88.1566
367 57.4254 88.1586
856 57.1011 88.1605
671 56.7723 88.1624
343 56.3565 88.1648
378 56.1542 88.166
118 55.9052 88.1674
408 55.6406 88.1689
511 55.4117 88.1703
344 55.2052 88.1715
259 55.0158 88.1726
816 54.8231 88.1737
980 54.6068 88.1749
713 54.3827 88.1762
369 54.2177 88.1772
335 54.0381 88.1782
584 53.8614 88.1793
177 53.6728 88.1804
179 53.4414 88.1817
774 53.2416 88.1829
984 53.0594 88.1839
434 52.8355 88.1852
896 52.6261 88.1864
690 52.4196 88.1876
882 52.1977 88.1889
851 51.9842 88.1902
23 51.7653 88.1914
624 51.4551 88.1932
516 51.1446 88.1951
319 50.8409 88.1968
961 50.5498 88.1985
754 50.2909 88.2
636 50.001 88.2017
947 49.7031 88.2034
559 49.3828 88.2053
245 49.1623 88.2066
895 48.921 88.208
575 48.669 88.2095
532 48.2932 88.2116
129 47.9238 88.2138
146 47.5937 88.2157
389 47.5279 88.2161
539 47.4628 88.2165
215 47.3982 88.2169
320 47.3357 88.2172
437 47.2646 88.2176
874 47.201 88.218
313 47.057 88.1174
375 46.8869 87.9986
305 46.7126 87.8768
763 46.5459 87.7604
156 46.3898 87.6513
541 46.2269 87.5375
746 45.7376 87.1957
952 45.2016 86.8214
62 44.395 86.2579
724 42.2395 84.7522
126 42.2395 84.7522
562 42.2395 84.7523
940 42.2395 84.7523
280 42.2395 84.7523
415 41.9278 85.3308
406 41.5106 86.105
738 41.0441 86.9704
181 40.7792 87.4621
548 40.5844 87.8238
265 40.3853 88.1933
165 40.3207 88.3131
105 40.2559 88.4336
530 40.2315 88.438
22 40.2054 88.4428
150 40.1808 88.4473
139 40.1602 88.4511
206 40.1602 88.4511
561 40.1602 88.4511
840 40.1602 88.4511
866 40.1602 88.4511
241 40.1602 88.4511
239 40.1602 88.4511
766 40.1602 88.4511
72 40.1602 88.4511
230 40.1602 88.4511
5 40.1602 88.4511
448 39.7745 88.421
449 39.4034 88.3921
53 39.0226 88.3624
569 38.6372 88.3323
877 38.249 88.302
536 37.8752 88.2729
141 37.0642 88.2098
292 36.2612 88.1473
960 35.4478 88.084
672 35.4478 88.084
309 35.4478 88.084
974 35.4478 88.084
752 35.4478 88.084
394 35.4478 88.084
2 35.4478 88.084
416 35.4478 88.084
256 35.4478 88.084
919 35.4478 88.084
189 35.4478 88.084
124 35.4478 88.084
392 35.4477 88.084
806 35.4477 88.084
172 35.4477 88.084
96 35.4477 88.084
253 35.4477 88.084
795 35.4477 88.084
60 35.4477 88.084
610 35.4477 88.084
638 35.4477 88.084
564 35.4477 88.084
270 35.3836 88.0724
814 35.326 88.0619
649 35.2573 88.0495
82 35.1929 88.0378
659 34.6704 87.9431
689 32.3867 87.5287
76 32.2648 87.5497
271 32.1619 87.5674
454 32.06 87.5849
662 31.956 87.6028
469 30.1358 87.9164
296 29.9794 87.9433
872 29.8183 87.971
833 29.6506 87.9999
231 29.5055 88.0248
773 29.3435 88.0527
470 29.1889 88.0793
707 29.021 88.1082
36 28.8296 88.1411
808 28.6601 88.1703
73 28.4765 88.2019
120 28.2952 88.2331
757 28.1012 88.2665
768 27.9324 88.2955
521 27.8617 88.3077
611 27.8617 88.3077
786 27.8617 88.3077
41 27.8617 88.3077
28 27.8617 88.3077
933 27.8616 88.3077
696 27.8616 88.3077
430 27.8616 88.3077
441 27.8616 88.3077
20 27.8616 88.3077
631 27.8616 88.3077
44 27.8616 88.3077
613 27.8616 88.3077
714 25.6054 88.5274
753 25.309 88.5563
593 25.0446 88.5821
918 24.8072 88.6053
871 24.5105 88.6342
409 24.2547 88.6592
306 23.9969 88.6843
859 23.7388 88.7095
651 23.4684 88.7359
418 23.2192 88.7602
578 22.9555 88.786
697 22.6719 88.8136
557 22.3494 88.8451
431 22.1025 88.8692
462 21.8481 88.894
92 21.6374 88.9146
885 21.2413 88.9532
50 20.8271 88.9936
13 20.4065 89.0346
916 20.0203 89.0723
446 19.6266 89.1107
115 19.3199 89.1406
183 19.0069 89.1712
138 18.6542 89.2055
247 18.3618 89.2341
17 18.1009 89.2595
712 17.8339 89.2856
227 17.562 89.3121
456 17.2993 89.3378
424 17.0294 89.3641
608 16.7344 89.3929
761 16.4161 89.424
15 16.0347 89.4612
491 15.677 89.4961
249 15.0693 89.5553
386 14.346 89.6258
678 13.624 89.6962
868 13.1383 89.7436
108 13.009 89.7562
827 12.8763 89.7691
973 12.7571 89.7808
435 12.6175 89.7944
380 12.4908 89.8067
236 12.3759 89.818
953 12.2513 89.8301
200 12.1379 89.8412
815 12.0296 89.8517
568 11.9113 89.8633
304 11.7948 89.8746
628 11.6762 89.8862
776 11.5603 89.8975
750 11.4236 89.9108
711 11.2906 89.9238
803 11.1619 89.9364
969 11.0297 89.9493
39 10.9038 89.9615
693 10.7881 89.9728
106 10.6624 89.9851
914 10.5434 89.9967
988 10.4186 90.0089
301 10.4199 90.0009
405 10.421 89.9938
447 10.4223 89.9861
718 10.4236 89.9783
300 10.4248 89.971
495 10.426 89.9635
1 10.4271 89.9571
213 10.4281 89.9507
436 10.5247 89.3594
263 10.6002 88.8971
364 10.6791 88.4141
892 10.7631 87.8998
982 10.8382 87.4402
585 10.9116 86.9911
554 11.1176 85.7296
95 11.1332 85.6343
560 11.1502 85.5302
637 11.165 85.4395
48 11.1817 85.3374
699 11.1972 85.242
244 11.2146 85.1358
780 11.2314 85.0326
433 11.2472 84.9359
153 11.261 84.8514
442 11.276 84.7601
905 11.2938 84.651
955 11.3106 84.5478
444 11.326 84.4535
719 11.3416 84.3583
736 11.3576 84.2601
759 11.3747 84.1556
169 11.3904 84.0593
792 11.4063 83.9617
199 11.422 83.866
796 11.4423 83.7418
90 11.4593 83.6372
860 11.476 83.5354
399 11.4901 83.4487
58 11.5058 83.353
240 11.5231 83.2466
830 11.5402 83.1419
325 11.556 83.0451
178 11.5727 82.9431
570 11.589 82.8435
321 11.6049 82.746
695 11.6192 82.6584
547 11.6355 82.5584
639 11.6544 82.4429
401 11.6605 82.4054
316 11.667 82.3655
426 11.6745 82.3197
31 11.6817 82.2757
298 11.6894 82.2285
75 11.8803 82.1644
615 12.0985 82.0911
657 12.3299 82.0134
546 12.5474 81.9403
457 12.7855 81.8603
944 13.0156 81.7831
339 14.9426 81.1357
490 16.3879 80.6503
346 17.2596 80.3575
368 18.3694 79.9847
428 19.5527 79.5873
954 19.5527 79.5873
288 19.5527 79.5873
924 19.5527 79.5872
16 19.5527 79.5872
223 19.5527 79.5872
93 18.5047 78.2881
130 17.6522 77.2311
635 17.6522 77.2311
604 17.6522 77.2311
374 17.6522 77.2311
184 17.6522 77.2311
658 17.6522 77.2311
326 17.6522 77.2311
550 17.6522 77.2311
333 17.6522 77.2311
537 17.6522 77.2311
168 17.6522 77.2311
789 17.6522 77.2311
950 17.6521 77.2311
99 17.6521 77.2311
946 17.6521 77.2311
487 17.6521 77.2311
167 17.6521 77.2311
479 16.6114 76.1187
88 15.5319 74.965
360 14.288 73.6355
764 12.1451 71.3458
502 11.9378 71.3776
203 11.7183 71.4112
600 11.6764 71.3038
224 11.6399 71.2107
728 11.6031 71.1165
607 11.5619 71.0111
119 11.5223 70.9099
14 11.4839 70.8117
219 11.4467 70.7165
739 11.4111 70.6253
400 11.3795 70.5447
991 11.3465 70.4602
556 11.3091 70.3646
445 11.2672 70.2573
799 11.2248 70.149
3 11.1846 70.0462
131 11.1452 69.9453
747 11.1071 69.8479
234 11.0716 69.7571
734 11.0401 69.6767
531 11.0076 69.5936
551 11.0076 69.5936
114 11.0076 69.5936
890 11.0076 69.5936
192 11.1549 69.0986
565 11.2907 68.6422
347 11.2907 68.6422
760 11.2907 68.6422
207 11.2907 68.6422
879 11.3327 68.6426
113 11.3735 68.643
338 11.406 68.6433
703 11.4401 68.6436
503 11.4764 68.644
132 11.5138 68.6444
630 11.5445 68.6447
376 11.574 68.645
500 11.6075 68.6453
196 11.6372 68.6456
784 11.6652 68.6459
381 11.693 68.6462
77 11.725 68.6465
371 11.7602 68.6469
482 11.8006 68.6473
970 11.8339 68.6476
81 11.8658 68.6479
939 11.8913 68.6482
694 11.9222 68.6485
667 11.955 68.6488
517 11.9896 68.6492
686 12.0262 68.6495
162 12.0648 68.6499
717 12.0951 68.6502
277 12.1286 68.6506
255 12.1616 68.6509
665 12.197 68.6512
966 12.2335 68.6516
772 12.8224 68.6575
329 13.3329 68.6626
427 13.7616 68.6669
701 14.2903 68.6722
272 14.7406 68.6767
948 15.2006 68.6813
429 15.7343 68.6867
411 16.258 68.6919
443 16.7773 68.6971
735 17.2356 68.7017
903 17.2356 68.7017
680 17.2356 68.7017
886 17.2356 68.7017
526 17.5243 68.4246
220 17.784 68.1753
97 18.0515 67.9185
927 18.3629 67.6196
552 18.6443 67.3495
846 18.9184 67.0864
825 19.1502 66.8639
398 19.6993 66.3367
705 20.333 65.7284
691 20.7804 65.299
361 21.168 64.927
390 21.7546 64.3638
888 22.208 63.9286
275 22.8231 63.3382
788 23.5552 62.6354
451 24.1572 62.0576
391 24.7953 61.445
349 24.7953 61.445
698 24.7953 61.445
756 24.9206 61.4282
79 25.0304 61.4135
233 25.1401 61.3988
981 25.253 61.3837
59 25.3739 61.3675
971 25.4866 61.3524
269 25.6098 61.3359
524 25.7295 61.6133
34 25.8346 61.8566
422 25.9377 62.0954
324 26.0481 62.3511
599 26.1752 62.6453
510 26.2872 62.9046
891 26.4063 63.1805
929 26.7309 63.932
965 27.0859 64.7539
54 27.3907 65.4596
137 27.4006 65.5139
912 27.4103 65.5669
733 27.4207 65.6234
957 27.431 65.6792
365 27.4417 65.7379
21 27.4524 65.7961
601 27.4622 65.8494
587 27.4718 65.9021
382 27.4809 65.9514
267 27.4906 66.0042
591 27.502 66.0663
291 27.5117 66.1192
878 27.5221 66.1758
765 27.5313 66.2262
56 27.5421 66.2848
266 27.5527 66.343
726 27.5624 66.3957
901 28.0731 66.442
574 28.6178 66.4913
501 29.1463 66.5392
493 29.6714 66.5867
729 30.1536 66.6304
640 30.721 66.6818
327 31.3115 66.7353
459 32.0524 66.8024
571 32.5644 66.8488
252 33.1268 66.8997
730 33.6177 66.9442
359 34.1579 66.9931
720 34.7158 67.0436
683 35.5222 67.1167
558 36.1976 67.1779
676 36.6858 67.2221
370 37.0991 67.2595
471 37.3312 67.3507
804 37.5621 67.4413
576 37.7868 67.5295
732 38.0146 67.6189
163 38.2407 67.7076
540 38.4726 67.7986
533 38.6859 67.8824
484 38.9337 67.9796
134 39.1483 68.0638
104 39.3451 68.1411
894 39.5788 68.2328
175 39.7845 68.3135
144 40.0112 68.4025
910 40.213 68.4817
404 40.423 68.5642
225 40.6443 68.651
715 40.851 68.7321
596 41.0564 68.8127
171 41.279 68.9001
809 41.4935 68.9843
80 41.7398 69.081
308 41.9703 69.1714
645 42.2326 69.2744
826 43.5786 69.8027
226 44.0626 69.9926
807 44.6576 70.2262
779 45.1401 70.4156
523 45.6245 70.6057
976 46.137 70.8068
350 46.6992 71.0275
857 47.3336 71.2765
861 47.8826 71.4919
782 48.042 71.5545
802 48.1918 71.6133
248 48.3428 71.6725
140 48.5053 71.7363
642 48.5053 71.7363
755 48.5053 71.7363
513 48.5053 71.7363
921 48.5053 71.7363
563 48.5053 71.7363
294 48.5053 71.7363
614 48.5053 71.7363
410 48.9482 71.7291
94 49.4503 71.721
432 49.9088 71.7135
986 50.2957 71.7072
193 50.6898 71.7008
12 55.2034 71.6274
880 55.5256 71.5901
51 60.1261 71.0584
481 61.9099 70.8521
582 61.9629 70.7358
290 62.0184 70.6142
837 62.0695 70.5022
801 62.1161 70.4002
625 62.1765 70.2679
762 62.2248 70.1621
769 62.2679 70.0677
654 62.3174 69.9591
847 62.3651 69.8547
800 62.4123 69.7512
987 62.4679 69.6294
791 62.5274 69.499
68 62.5274 69.499
668 62.5274 69.499
632 62.5274 69.499
91 62.5274 69.499
173 62.6617 69.2441
605 62.7886 69.003
832 62.9104 68.7717
9 63.0473 68.5118
727 63.1983 68.225
238 63.3504 67.9363
509 63.4832 67.684
109 63.6267 67.4115
315 63.7867 67.1076
460 63.9832 66.7346
67 64.2121 66.3
340 64.4278 65.8904
393 64.647 65.4743
334 64.8651 65.06
904 64.8651 65.06
744 64.8651 65.06
579 64.8651 65.06
962 63.9386 64.3916
595 62.4892 63.346
767 60.9513 62.2365
855 59.4054 61.1212
485 59.2986 61.0442
538 59.186 60.9629
293 59.0684 60.8781
577 58.9492 60.7921
112 58.8435 60.7159
85 58.7079 60.6181
923 58.574 60.5215
647 58.4747 60.4499
161 58.3505 60.3603
798 58.2304 60.2736
84 58.1216 60.1951
498 58.0044 60.1106
617 57.9047 60.0386
793 57.7994 59.9627
968 57.6982 59.8897
188 57.5967 59.8164
208 57.5019 59.7481
440 57.398 59.6731
468 57.2843 59.5911
515 57.1774 59.514
964 57.0601 59.4294
743 56.941 59.3434
907 56.8367 59.2682
453 56.713 59.179
286 56.5949 59.0938
235 56.4719 59.005
282 56.0136 58.339
621 55.5107 57.608
264 55.1285 57.0525
281 55.2514 56.3534
597 55.3814 55.6147
216 55.5197 54.8279
926 55.7313 53.6241
930 52.7975 50.895
842 52.7975 50.895
35 52.4668 50.8187
262 52.1109 50.7366
396 51.7799 50.6602
810 51.401 50.5728
194 50.3788 50.3368
519 49.6867 50.1771
186 48.8862 49.9924
844 48.0045 49.7889
512 47.0968 49.5794
989 46.2525 49.3846
356 45.6423 49.2437
522 45.0764 49.1132
127 44.5405 48.9895
790 44.0165 48.8686
566 43.5844 48.7689
922 43.1874 48.6773
101 42.8372 48.5965
472 42.4139 48.4988
452 41.943 48.3901
30 41.4737 48.2818
461 41.258 48.1346
276 41.0452 47.9893
210 40.8116 47.8299
63 40.5829 47.6737
480 38.5046 46.2546
191 36.766 45.0675
147 36.766 45.0675
413 36.766 45.0675
778 36.766 45.0675
862 36.766 45.0675
783 36.766 45.0675
49 36.766 45.0675
155 36.766 45.0675
180 36.766 45.0675
935 36.766 45.0675
89 36.6457 45.0429
945 36.5398 45.0213
917 35.7677 44.8634
853 34.977 44.7018
706 34.0993 44.5223
237 33.2678 44.3523
545 31.9257 44.078
811 31.4199 43.9746
655 30.914 43.8712
403 30.4999 43.7865
508 30.1456 43.7141
687 29.7653 43.6363
748 29.3589 43.5532
543 28.9364 43.4668
397 28.5277 43.3833
535 28.1443 43.3049
876 27.7812 43.2306
938 27.3125 43.1348
302 27.1821 42.9169
278 27.0325 42.667
37 26.8067 42.7432
858 26.5902 42.8163
486 26.4372 42.868
633 26.2597 42.928
388 26.1055 42.98
603 25.941 43.0356
688 25.7702 43.0933
38 25.6124 43.1466
11 25.4453 43.203
7 25.2881 43.2561
913 25.0847 43.3248
619 24.9038 43.3859
529 24.723 43.4469
414 24.5035 43.521
664 24.283 43.5955
525 24.0556 43.6723
612 23.8474 43.7426
151 23.6423 43.8119
869 23.4111 43.89
476 23.0944 43.9969
549 22.8481 44.0801
65 22.5482 44.1814
908 22.2651 44.277
148 21.9804 44.3732
679 21.729 44.4581
228 21.2955 44.6045
652 20.9285 44.7284
279 20.8372 44.7592
771 20.7495 44.7888
723 20.6607 44.8188
663 20.5555 44.8544
542 20.4507 44.8898
205 20.3665 44.9182
174 20.2581 44.9548
534 20.1523 44.9905
123 20.0567 45.0228
496 19.9754 45.0503
475 19.8931 45.078
78 19.7988 45.1099
438 19.7047 45.1417
990 19.5874 45.1813
616 19.4809 45.2173
212 19.3845 45.2498
839 23.6785 51.6012
949 22.8763 51.4002
142 22.2231 51.2365
507 21.5995 51.0803
956 20.7939 50.8784
897 19.9825 50.6751
489 15.7279 49.6091
336 14.3985 49.276
222 12.8244 48.8816
116 11.4099 48.5272
708 11.0745 48.4432
166 10.7696 48.3668
925 10.4942 48.2978
589 10.2568 48.2383
122 9.91802 48.1534
218 9.93301 48.0033
677 9.94808 47.8524
849 9.96363 47.6967
157 9.98173 47.5154
303 9.99844 47.3482
312 10.017 47.1627
936 10.0319 47.0133
47 10.0471 46.8613
100 10.063 46.7015
505 10.0797 46.5348
805 10.0962 46.3691
128 10.114 46.1908
909 10.1315 46.0158
958 10.1503 45.8272
863 10.166 45.67
770 10.1802 45.5285
214 10.1927 45.4032
527 10.21 45.2298
749 10.2307 45.0227
797 10.2504 44.8259
972 10.2686 44.6429
341 10.2926 44.403
841 10.3162 44.1663
57 10.3399 43.9296
328 10.3676 43.6526
46 10.3917 43.4107
283 10.4145 43.1824
423 10.4349 42.9786
154 10.4548 42.7793
32 10.4771 42.5565
463 10.4956 42.3705
182 10.5159 42.1675
10 10.5403 41.9229
352 10.5602 41.7238
499 10.5849 41.4774
731 10.6089 41.2364
330 10.6336 40.9892
700 10.658 40.7453
384 10.681 40.5147
87 10.7045 40.2798
758 10.7244 40.0801
373 10.8272 39.0517
836 11.126 36.0598
673 11.2528 34.7903
268 11.3111 34.2073
514 11.3617 33.7002
985 11.4115 33.2021
125 11.4639 32.6773
4 11.5208 32.1079
299 11.5732 31.5838
794 11.6195 31.12
898 11.6636 30.6792
86 11.7085 30.2291
331 11.7604 29.7103
258 11.8045 29.269
133 11.8441 28.8724
121 11.884 28.4734
710 11.9313 27.9992
829 11.9751 27.5608
602 12.1019 26.2925
572 12.235 24.9601
943 12.3808 23.5004
439 12.5981 21.3254
643 12.6867 20.4384
902 12.7217 20.0882
702 12.7562 19.7423
187 12.7872 19.4326
661 12.7942 19.3795
366 12.8014 19.3246
963 12.8075 19.2783
674 12.8149 19.2227
646 12.8217 19.171
741 12.8284 19.1202
61 12.8352 19.0686
455 12.8419 19.018
211 12.8498 18.9584
348 12.8564 18.9079
74 12.8625 18.8618
899 13.0387 17.527
722 13.3532 15.1444
588 13.3625 15.0736
641 13.3714 15.0064
402 13.383 14.9184
488 13.3966 14.8152
682 13.4077 14.7314
629 13.4194 14.6428
881 13.4301 14.5614
812 13.4401 14.4854
412 14.0583 14.5222
474 14.9264 14.5738
8 15.6592 14.6174
362 16.2655 14.6534
824 24.3721 15.1368
284 25.3468 15.1948
307 26.2855 15.2506
822 27.0688 15.2972
915 27.0688 15.2972
254 27.0688 15.2972
354 27.0688 15.2972
709 30.0727 15.285
261 33.5042 15.271
704 34.2516 15.2681
518 35.0057 15.2651
883 35.1359 15.7731
626 35.2502 16.2194
407 35.3494 16.607
669 35.462 17.0464
351 35.6154 17.6455
246 35.8043 18.3831
787 36.0002 19.1479
834 36.1393 19.6911
363 36.2325 20.0547
379 36.3538 20.5286
337 36.4515 20.91
64 36.5527 21.305
287 36.6547 21.7032
221 36.842 22.4347
289 37.4738 23.0829
573 37.8859 23.5058
310 38.4037 24.037
26 38.9928 24.6414
467 39.6177 25.2825
111 40.1592 25.8382
160 40.8322 26.5286
653 41.4753 27.1884
934 42.3761 28.1127
692 43.3485 29.1103
250 43.9211 29.6978
164 44.4532 30.2438
419 44.9777 30.7818
209 45.5744 31.3941
681 46.162 31.9969
586 46.6182 32.465
257 47.1619 33.0229
848 47.7693 33.646
421 48.6215 33.1876
19 49.5125 32.7083
873 50.417 32.2218
594 51.217 31.7915
555 51.8021 31.3732
377 52.3435 30.9862
358 52.8803 30.6024
865 53.3154 30.2913
781 53.8123 29.9361
6 54.2686 29.6099
785 54.6751 29.3193
831 55.1601 28.9725
45 55.6043 28.655
504 61.1106 22.0614
777 63.3099 19.4272
721 65.1482 17.2253
959 65.5401 16.7558
176 66.0682 16.1232
103 66.5426 15.5549
581 67.6125 15.9084
24 68.8019 16.3014
819 70.0116 16.7011
598 73.9845 18.0133
