0,345,627,243,483,260,979,176,721,103,24,504,777,581,295,419,781,634,209,930,935,458,785,27,865,164,598,959,6,819,831,873,675,828,43,55,323,45,716,377,842,314,606,358,466,66,553,425,190,594,978,907,942,583,143,117,644,286,617,595,538,767,85,485,70,647,478,238,101,625,276,848,452,357,926,843,751,217,355,197,821,870,492,906,681,844,370,210,533,471,798,237,945,49,63,69,512,264,127,623,875,281,262,35,519,186,472,577,188,522,342,743,922,175,410,558,498,597,765,809,778,576,645,308,30,525,596,732,901,349,913,461,783,233,938,422,391,493,989,180,269,688,876,302,89,790,862,480,692,917,194,566,155,356,748,147,438,612,205,655,543,397,508,619,37,476,388,78,698,869,283,797,65,174,123,182,148,87,770,771,352,475,990,985,908,958,46,125,142,700,909,403,154,228,841,222,731,341,212,652,723,32,221,824,354,602,836,915,899,307,439,535,121,486,549,687,151,414,38,811,664,829,11,679,529,706,261,191,257,853,19,289,421,586,555,160,822,26,7,467,934,250,834,64,278,787,653,573,363,379,351,709,337,626,702,883,111,643,310,669,518,407,704,287,588,722,187,629,812,366,881,402,741,674,362,682,348,646,246,488,8,902,641,254,284,211,661,61,572,268,943,455,474,794,710,412,331,673,299,258,133,963,4,74,898,86,499,10,514,542,128,330,863,328,116,616,384,423,312,527,925,373,734,214,849,805,347,122,749,57,708,100,505,157,218,255,760,47,381,531,589,565,879,607,336,677,489,463,517,192,970,279,196,131,972,166,303,114,703,552,545,735,219,784,747,502,756,981,130,764,496,897,936,97,705,507,758,633,956,324,949,663,691,534,858,603,733,59,772,132,739,413,912,891,839,729,104,510,957,267,788,971,390,929,571,291,635,382,21,134,54,404,523,171,225,163,459,715,724,574,878,894,350,189,56,779,910,683,282,80,632,216,676,804,513,802,621,855,847,605,987,468,791,440,484,173,91,964,396,515,668,793,84,923,810,762,161,582,112,208,235,832,51,152,579,460,867,393,744,18,297,68,968,769,509,248,671,921,575,477,378,259,800,280,335,432,315,782,273,415,984,395,118,980,896,690,434,536,82,931,140,229,245,9,618,317,887,202,12,343,320,126,561,109,986,880,564,94,239,895,562,826,857,365,215,453,129,614,270,563,540,642,789,294,394,755,231,144,72,226,2,172,807,241,437,539,649,840,919,672,223,428,76,124,60,662,976,22,141,150,773,271,92,806,292,146,470,230,253,608,36,120,859,638,761,249,578,424,183,167,701,550,400,244,88,955,431,695,266,916,360,469,429,48,326,443,730,16,501,41,359,526,689,81,903,846,888,697,454,252,872,757,296,726,658,451,411,640,720,99,137,537,950,965,587,954,79,333,524,275,924,599,927,591,327,34,113,220,487,184,500,329,604,601,946,339,272,551,717,427,14,298,630,694,321,665,948,338,119,3,680,277,860,376,398,482,600,433,436,503,361,892,686,207,546,224,457,162,939,445,799,966,234,371,77,639,31,667,178,759,728,203,240,570,944,830,554,374,792,890,364,991,153,325,953,969,108,803,301,914,711,263,718,199,678,447,547,401,615,236,75,300,426,90,905,719,693,200,585,213,988,868,106,39,316,405,568,435,827,380,556,444,657,736,169,825,442,1,780,346,479,628,750,982,593,93,386,495,462,58,637,138,115,304,446,17,796,168,560,651,399,753,815,521,557,50,490,610,886,306,885,918,776,631,833,288,95,699,712,247,430,768,714,491,933,441,871,227,15,13,611,973,368,795,44,456,28,409,974,786,448,20,696,960,73,256,418,752,96,866,139,265,808,613,5,713,309,754,636,861,659,193,530,319,389,406,179,541,548,206,344,516,952,305,375,961,624,511,774,874,569,392,707,416,738,53,181,814,449,882,877,766,105,408,763,559,156,23,532,940,367,746,851,165,856,40,992,947,620,42,464,149,62,544,584,185,911,177,622,816,567,313,817,369,737,727,71,83,290,837,481,465,801,937,818,823,494,135,983,820,251,854,845,813,285,353,318,52,580,928,145,742,417,775,864,648,666,158,473,893,725,322,159,740,372,311,889,685,660,25,528,204,385,450,334,941,102,656,420,852,67,110,850,332,904,383,975,900,201,962,650,293,654,340,684,506,170,497,977,107,242,387,745,232,198,835,838,932,951,967,592,884,920,136,609,670,195,98,274,29,33,590,520,
value : 569.635 running time : 35.236171
80 20
83.5443 16.153
84.3401 15.2891
84.3401 15.2891
84.3401 15.2891
82.3894 15.238
80.0255 15.176
72.6459 14.9828
70.6418 14.9303
68.365 14.8706
66.9703 16.6531
65.7368 18.2294
64.4876 19.826
63.163 21.5188
61.6822 23.4113
59.8877 25.7048
58.6305 27.3115
57.5086 28.7453
56.8114 29.6362
56.2104 30.4042
55.7276 31.0212
56.2616 31.0203
56.819 31.0194
57.3985 31.0184
58.0059 31.0174
58.7057 31.0163
59.6239 31.0149
59.6947 31.2793
59.7727 31.5705
59.8533 31.8713
59.9493 32.2295
60.0531 32.617
60.3357 33.6718
60.5153 34.3425
60.7022 35.0402
60.8487 35.5867
61.0715 36.4186
61.2165 36.96
61.358 37.4882
61.754 38.5904
62.1655 39.7357
62.3237 40.1758
62.4791 40.6085
62.6262 41.0176
62.7795 41.4444
62.9083 41.8028
64.272 45.5997
64.8193 47.1232
64.2067 47.7768
63.6224 48.4002
63.0561 49.0044
62.4815 49.6174
62.2354 49.88
61.9942 50.1373
61.1414 51.0473
60.2256 52.0245
59.2515 53.064
58.0957 54.2974
56.9848 55.483
56.9848 55.483
56.9631 55.3414
56.9411 55.1976
56.9185 55.0497
56.896 54.9032
56.8734 54.7552
56.8511 54.6098
56.8268 54.4512
56.7904 54.2134
56.5944 52.9313
56.3902 51.5955
56.0065 49.0851
55.7465 47.3845
55.5445 46.0629
55.7815 45.6472
56.0028 45.2592
56.1957 44.5318
56.4316 43.642
56.4981 43.3909
56.5644 43.1408
56.626 42.9084
56.6865 42.6802
55.8374 43.4784
55.0446 44.2236
54.4305 44.8008
53.8207 45.3741
51.7938 47.2791
48.7886 50.1036
48.1702 50.6848
47.6401 51.1832
47.5375 51.2796
47.4435 51.368
47.3541 51.452
47.2746 51.5268
47.1919 51.6046
47.1919 51.6046
47.1918 51.6046
47.1918 51.6046
47.1918 51.6046
47.1918 51.6046
47.1918 51.6046
47.1918 51.6046
47.1918 51.6046
47.1918 51.6046
47.1918 51.6046
46.9742 51.7938
46.7661 51.9746
46.5587 52.155
46.3406 52.3445
46.1244 52.5324
45.9271 52.7039
45.7135 52.8896
45.4975 53.0773
42.346 53.4177
39.5134 53.7236
39.4223 53.7334
39.3171 53.7448
38.962 53.7831
38.4274 53.8408
37.7351 53.9156
37.0338 53.9913
36.3271 54.0676
35.6368 54.1421
34.7737 54.2353
34.0402 54.3144
33.964 54.3099
33.8854 54.3052
33.8088 54.3006
33.3343 54.2722
32.7093 54.2347
32.1503 54.2012
32.0867 54.0491
32.0294 53.9121
31.9707 53.7716
31.92 53.6502
31.868 53.5259
31.8275 53.429
31.7612 52.6127
31.6932 51.7757
31.6267 50.9571
31.5686 50.2417
31.5128 49.554
31.457 48.8679
31.4005 48.1716
31.3432 47.4663
31.2836 46.7329
31.2234 45.9907
31.217 45.9883
31.2102 45.9857
31.2034 45.9831
31.1965 45.9806
31.1896 45.978
31.1817 45.975
31.1736 45.9719
30.7768 45.8223
30.1602 45.5896
29.4963 45.339
28.8787 45.1059
28.2663 44.8747
27.6679 44.6489
27.0952 44.4329
26.5291 44.2194
25.9868 44.0148
25.4244 43.8027
24.8785 43.5968
24.3433 43.3948
23.7995 43.1897
23.2204 42.9712
22.6703 42.7637
22.1097 42.5522
21.5586 42.3443
20.9567 42.1172
20.7407 42.0358
20.5334 41.9576
20.3146 41.8751
20.1095 41.7978
19.9114 41.7231
19.7237 41.6524
19.5431 41.5843
19.3617 41.5159
19.1787 41.447
19.0052 41.3816
18.8575 41.3259
18.7194 41.2739
18.5774 41.2204
18.432 41.1656
18.3018 41.1165
18.253 41.0981
18.253 41.0981
18.253 41.0981
18.253 41.0981
18.253 41.0981
18.2908 41.0551
18.3257 41.0153
18.3634 40.9725
18.4008 40.9299
18.4412 40.8838
18.4855 40.8334
18.5312 40.7815
18.731 40.554
18.985 40.2651
20.0228 39.0845
21.1416 37.8118
22.3149 36.4771
23.1491 35.5281
23.6453 34.9636
24.0892 34.4584
24.5065 33.9837
24.9349 33.4963
25.3382 33.0374
25.7105 32.6137
26.055 32.2217
27.4832 33.042
27.7065 32.9744
27.939 32.904
28.1725 32.8333
28.4118 32.7609
28.6473 32.6896
28.8826 32.6183
29.1271 32.5443
29.414 32.4574
29.7033 32.3698
30.0091 32.2772
30.3618 32.1704
31.0767 31.9539
31.8426 31.722
32.6349 31.4821
34.8977 30.7969
36.2571 30.3853
37.5888 29.982
38.7855 29.6196
40.0566 29.2347
40.0566 29.2347
40.0566 29.2347
40.0566 29.2347
40.0566 29.2347
39.9844 29.0453
39.9132 28.8587
39.8419 28.6716
39.7711 28.4859
39.4928 27.7563
39.2131 27.023
38.9295 26.2795
38.5874 25.3826
38.234 24.4564
37.9745 23.7762
37.6708 22.98
37.3386 22.1093
37.0325 21.307
36.7463 20.5567
36.4707 19.8341
36.1765 19.063
35.9293 18.4148
35.6708 17.7372
35.4074 17.0464
35.1325 16.3258
35.0891 16.1354
35.0452 15.9429
35.0001 15.7453
34.9546 15.5456
34.9091 15.346
34.8656 15.1551
33.2109 15.1566
31.3346 15.1584
29.0343 15.1606
17.6393 15.1702
12.8398 15.1745
12.5182 15.1748
12.5182 15.1748
12.5182 15.1748
12.7104 15.3813
12.9053 15.5906
13.1184 15.8195
13.3262 16.0427
13.5308 16.2625
13.7407 16.4879
13.9627 16.7264
14.2003 16.9816
14.4438 17.2432
15.4186 18.2905
15.4186 18.2905
15.2438 18.4963
15.0404 18.7358
14.8348 18.9778
14.6163 19.2349
14.406 19.4826
14.0065 19.953
13.6351 20.3904
13.2455 20.8493
13.185 21.4636
13.123 22.0936
13.0633 22.7004
12.9981 23.3633
12.9362 23.992
12.8745 24.6189
12.8184 25.1888
12.7585 25.7974
12.7005 26.3872
12.6416 26.9856
12.5828 27.5836
12.5234 28.187
12.4647 28.7836
12.4032 29.4081
12.3448 30.0016
12.2859 30.6004
12.2298 31.1703
11.965 33.8553
11.5626 37.9362
11.5548 38.0156
11.5471 38.0938
11.3048 40.5502
11.1979 41.6338
11.1358 42.2634
11.0726 42.9031
11.0085 43.5526
10.7344 46.3321
10.6646 47.0386
10.5896 47.799
10.497 48.7379
10.3674 50.0511
10.198 51.7682
10.0416 53.3541
9.90515 54.7369
9.74303 56.3802
9.73703 56.441
9.73094 56.5027
9.72491 56.5637
9.71831 56.6306
9.7124 56.6904
9.70669 56.7483
9.70048 56.8112
9.69391 56.8778
9.68763 56.9414
9.68114 57.0072
9.6742 57.0774
9.60079 57.8215
9.52676 58.5718
9.46371 59.2108
9.40085 59.8477
9.33288 60.5366
9.33048 60.5609
9.32807 60.5854
9.32563 60.6101
9.32298 60.6369
9.32061 60.6609
9.7572 60.4013
10.1998 60.138
10.6335 59.8801
11.0323 59.6429
11.0323 59.6429
11.3474 59.5672
11.6644 59.4911
11.9862 59.4138
12.2936 59.34
12.5966 59.2672
12.9027 59.1937
13.2082 59.1203
13.6777 59.0075
14.196 58.8831
14.7244 58.7561
15.2726 58.6244
15.618 58.5415
15.618 58.5415
15.618 58.5415
15.618 58.5415
15.618 58.5415
15.618 58.5415
16.3057 57.958
16.3256 57.9411
16.3444 57.9251
16.3657 57.9071
16.388 57.8882
16.407 57.8721
16.4262 57.8557
16.4438 57.8408
16.9093 57.446
17.3274 57.0912
17.7115 56.7654
18.0515 56.477
18.3471 56.2262
18.6362 55.981
18.9035 55.7543
19.1268 55.5649
19.529 55.7457
19.9443 55.9324
20.5299 56.1956
21.1493 56.4739
21.5755 56.6655
21.9697 56.8427
22.3547 57.0157
22.7411 57.1894
23.1125 57.3563
23.8712 57.6973
24.7639 58.5449
25.3023 59.0562
25.7952 59.5244
26.2541 59.9602
26.6932 60.3773
27.0565 60.7223
27.4171 61.0648
27.7731 61.403
28.1287 61.7407
28.4821 62.0764
28.8273 62.4042
29.1674 62.7273
29.5046 63.0476
29.8214 63.3485
30.1302 63.6418
31.1801 64.2474
32.2966 64.8913
33.3768 65.5142
33.8016 65.7593
34.2109 65.9954
34.6053 66.2231
34.9764 66.4371
35.3322 66.6425
35.6724 66.8387
36.003 67.0295
36.3288 67.2175
36.6524 67.4042
36.97 67.5875
37.2912 67.7728
37.6078 67.9555
37.9157 68.1332
38.2133 68.3049
39.4537 68.0767
40.7432 67.8394
41.8335 67.6388
43.1125 67.4035
44.4303 67.161
45.0397 67.0489
45.799 66.9092
46.392 66.8
46.9193 66.703
47.4657 66.6025
48.0972 66.4863
48.7883 66.3592
49.6488 66.2008
50.8737 65.9755
52.2052 65.7305
52.5092 65.6745
52.7916 65.6226
53.038 65.5773
53.2826 65.5323
53.532 65.4864
53.7637 65.4437
54.0546 65.3902
54.2738 65.3499
54.5141 65.3057
54.7504 65.2622
54.7504 65.2622
54.7504 65.2622
54.7504 65.2622
54.7504 65.2622
54.7504 65.2622
55.3596 65.8235
56.0041 66.4174
56.6697 67.0309
57.3559 67.6632
58.0095 68.2654
58.6649 68.8694
59.3361 69.488
59.9259 70.0309
60.7694 70.8078
61.8323 71.7869
61.8323 71.7869
61.6589 72.1044
61.4811 72.4298
61.2939 72.7726
61.1038 73.1205
60.9125 73.4708
60.7223 73.819
60.5497 74.1349
60.1768 74.8178
59.4086 76.2247
58.6447 77.6237
57.81 79.1525
57.5566 79.6164
57.2981 80.0898
57.0309 80.579
56.7651 81.0657
56.5287 81.4984
56.2888 81.9377
56.0461 82.382
55.8008 82.831
55.5488 83.2925
55.2921 83.7626
54.9416 84.4042
54.4712 85.2656
53.8389 86.4234
53.7429 86.5478
53.6466 86.6725
53.5492 86.7985
53.4454 86.9328
53.3415 87.0674
53.2371 87.2026
53.1332 87.337
53.0297 87.471
52.7815 87.1126
52.5292 86.7483
52.2808 86.3897
52.0439 86.0475
51.803 85.6997
51.5671 85.359
51.3323 85.0199
51.1515 84.7588
50.9754 84.5044
50.7874 84.233
50.5899 83.9476
50.3704 83.6307
50.1409 83.2994
49.9084 82.9637
49.6764 82.6287
49.4497 82.3014
49.2241 81.9757
49.1328 81.9959
49.0348 82.0177
48.9404 82.0386
48.8467 82.0594
48.7468 82.0816
47.4944 80.8057
46.2401 79.5277
44.9908 78.255
43.7185 76.9587
42.5047 75.7223
42.5047 75.7223
42.5047 75.7223
39.9197 77.5344
39.4418 77.8693
38.9729 78.1979
38.4997 78.5295
37.9433 78.9194
37.3385 79.3433
35.0148 80.9721
34.8468 81.0898
34.669 81.2144
34.4885 81.3409
34.2408 81.5145
33.9976 81.6848
32.3784 82.8199
32.35 82.8215
32.3225 82.8231
32.2961 82.8246
32.2696 82.8262
32.2418 82.8278
32.2143 82.8293
32.1864 82.831
32.1523 82.8329
32.1183 82.8349
32.0823 82.837
32.0472 82.839
32.0132 82.841
31.98 82.8429
31.9479 82.8447
31.9171 82.8465
31.8867 82.8483
31.8581 82.8499
31.8299 82.8515
31.7391 82.8568
31.6352 82.8627
31.5333 82.8686
31.4317 82.8745
31.3326 82.8802
31.1242 82.8922
30.9138 82.9043
30.6995 82.9166
30.4662 82.9301
30.1915 82.9459
29.8586 82.9651
29.4576 82.9882
29.0595 83.0111
28.6962 83.0321
28.3214 82.7857
27.9331 82.5304
27.5339 82.268
27.1222 81.9973
26.5826 81.6425
26.0532 81.2944
25.5121 80.9386
24.9833 80.591
24.3635 80.1833
23.8061 79.8166
23.2011 79.4188
22.6347 79.0464
22.1753 78.7444
21.7347 78.4547
21.3054 78.1725
21.4106 77.9675
21.5167 77.7606
21.62 77.5593
21.7308 77.3431
21.8458 77.1191
21.9591 76.8982
22.0684 76.6849
22.1861 76.4555
22.3265 76.1818
22.4725 75.8969
22.6189 75.6113
22.7631 75.3301
22.902 75.0591
23.047 74.7764
23.1696 74.5373
23.1696 74.5373
23.1696 74.5373
23.1696 74.5373
23.1696 74.5372
23.1696 74.5372
23.1696 74.5372
23.1696 74.5372
23.1696 74.5372
23.1696 74.5372
23.0528 73.9755
22.9271 73.3709
22.7975 72.7478
22.6757 72.1634
22.5567 71.5921
22.4618 71.1371
22.3427 70.5641
22.2258 70.0022
22.2258 70.0022
22.2258 70.0022
22.2258 70.0022
22.1188 70.0172
22.0124 70.0321
21.9083 70.0467
21.8019 70.0616
21.6934 70.0768
21.5622 70.0951
21.4226 70.1147
21.2808 70.1345
21.1446 70.1536
21.008 70.1727
20.8719 70.1918
20.7277 70.212
20.5823 70.2323
20.3273 70.2681
20.0622 70.3052
19.7599 70.3476
19.463 70.3891
19.1687 70.4304
18.881 70.4707
18.6007 70.5099
18.326 70.5484
18.0462 70.5876
17.4606 70.6697
16.8283 70.7584
16.1396 70.8549
15.3971 70.959
14.6847 71.0589
13.9933 71.1558
13.6236 71.2076
13.2941 71.2538
13.0208 71.2921
12.8268 71.3192
12.6322 71.3465
12.4781 71.3681
12.3273 71.3892
12.183 71.4094
12.0405 71.4293
11.8991 71.4491
11.7577 71.4689
11.6167 71.4886
11.474 71.5086
11.3342 71.5282
11.1961 71.5475
11.0584 71.5668
10.917 71.5866
10.7723 71.6069
10.5282 71.641
10.2951 71.6737
10.0882 71.7027
9.87917 71.7319
9.65611 71.7632
9.6561 71.7632
9.6561 71.7632
9.65609 71.7632
9.65609 71.7632
9.65608 71.7632
9.65608 71.7632
9.65607 71.7632
9.65607 71.7632
9.65606 71.7632
9.65606 71.7632
9.65605 71.7632
9.60449 72.2573
9.54159 72.8602
9.44568 73.7795
9.3535 74.6629
9.28295 75.3391
9.19351 76.1963
9.12296 76.8725
9.06657 77.4129
9.00968 77.9582
8.95805 78.453
8.90994 78.9141
8.86439 79.3506
8.82123 79.7643
8.77804 80.1783
8.73543 80.5867
8.68771 81.044
8.64514 81.452
8.59924 81.892
8.56186 82.2502
8.51804 82.6702
8.47876 83.0466
8.43782 83.4391
8.40307 83.7721
8.37437 84.0472
8.34598 84.3192
8.31916 84.5763
8.29332 84.824
8.26895 85.0575
8.25231 85.2171
8.23585 85.3748
8.21918 85.5345
8.20339 85.6859
8.1886 85.8276
8.1742 85.9657
8.15986 86.1031
8.14577 86.2381
8.13007 86.3886
8.11679 86.5159
8.10224 86.6553
8.0877 86.7946
8.07262 86.9392
8.05599 87.0986
8.03834 87.2678
8.02038 87.44
8.00225 87.6137
7.98628 87.7668
7.97098 87.9134
7.96185 88.001
7.96185 88.001
7.96185 88.001
7.96185 88.001
7.96185 88.001
7.96185 88.001
7.96185 88.001
7.96185 88.001
8.2892 87.6766
8.64849 87.3206
9.25643 86.7177
9.95616 86.0242
10.6427 85.3437
10.897 85.3849
11.1577 85.427
11.4204 85.4696
11.6791 85.5114
11.9458 85.5546
12.2163 85.5983
12.4839 85.6416
12.7494 85.6846
14.5291 87.6605
15.3662 88.5898
15.4278 88.5783
15.4881 88.567
15.5505 88.5553
15.611 88.5441
15.673 88.5325
15.7335 88.5212
15.797 88.5094
15.8564 88.4983
15.9168 88.487
15.9799 88.4752
16.0431 88.4634
16.1084 88.4512
16.1758 88.4387
16.244 88.4259
16.6332 88.4495
17.0213 88.473
17.4027 88.4961
17.793 88.5197
18.1629 88.5421
18.5652 88.5664
18.9386 88.589
19.2111 88.6055
19.4647 88.6209
19.7176 88.6361
19.9686 88.6513
20.232 88.6672
20.4744 88.6819
20.7015 88.6956
20.9234 88.709
21.1478 88.7226
21.3644 88.7357
21.4962 88.7436
21.6269 88.7515
21.7609 88.7596
21.8987 88.7679
22.0388 88.7763
22.1812 88.7849
22.3669 88.7962
22.5456 88.807
22.7214 88.8176
22.8962 88.8281
23.073 88.8388
23.2465 88.8493
23.4226 88.8599
23.6 88.8706
23.8006 88.8828
24.0224 88.8962
24.2483 88.9098
24.4343 88.921
25.4285 88.9815
26.3805 89.0394
27.4575 89.1049
28.5321 89.1702
29.6171 89.2363
30.7285 89.3039
31.4239 89.3463
31.8211 89.3704
32.213 89.3941
32.6188 89.4187
33.0561 89.4452
33.5026 89.4722
33.9864 89.5015
34.4693 89.5308
34.9562 89.5603
35.6699 89.6037
36.3913 89.6475
37.0786 89.6892
37.7609 89.7306
38.4475 89.7723
39.1532 89.8151
39.8917 89.86
40.6603 89.9068
41.4171 89.9528
42.1738 89.9987
42.8913 90.0422
43.2821 90.0659
43.6329 90.0871
43.9564 90.1067
44.2727 90.1258
44.5841 90.1446
44.8984 90.1636
45.2168 90.1829
45.5193 90.2012
45.8257 90.2197
46.1393 90.2387
46.4402 90.2569
46.7656 90.2765
47.094 90.2964
47.094 90.2964
47.094 90.2964
47.094 90.2964
47.094 90.2964
47.094 90.2964
47.094 90.2964
47.094 90.2964
47.094 90.2964
47.094 90.2964
47.094 90.2964
47.094 90.2964
47.094 90.2964
47.094 90.2964
47.094 90.2964
47.2725 90.2714
47.4598 90.2452
47.6874 90.2134
47.9221 90.1806
48.1643 90.1467
48.4032 90.1133
48.6839 90.074
49.0821 90.0183
49.4989 89.9599
49.9306 89.8995
50.3722 89.8377
50.9111 89.7622
51.4657 89.6845
52.0036 89.6092
52.5806 89.5284
53.1576 89.4476
53.7402 89.366
54.3185 89.285
54.9206 89.2007
55.806 89.0764
56.8568 88.9288
57.8009 88.7963
59.0019 88.6277
59.8358 88.5106
60.8537 88.3679
61.8903 88.2227
62.915 88.0791
62.915 88.0791
62.9453 88.0549
62.9734 88.0324
63.0039 88.008
63.0343 87.9837
63.2671 87.7976
63.5042 87.6082
63.7466 87.4144
63.9878 87.2216
64.2374 87.0221
64.7092 86.6452
65.2637 86.2021
65.8288 85.7506
67.8331 84.1498
67.987 84.2346
68.1383 84.318
68.2903 84.4017
68.7239 84.6407
69.2453 84.928
69.7782 85.2216
70.3195 85.5199
71.3081 86.0645
72.3785 86.6542
73.5873 87.3202
74.8337 88.0068
75.954 88.624
76.3706 88.8536
76.3706 88.8536
76.3706 88.8536
76.3706 88.8536
76.3706 88.8536
76.3706 88.8536
76.3706 88.8536
76.3706 88.8536
76.3706 88.8536
76.3706 88.8536
77.849 88.8917
79.8718 88.9435
79.8718 88.9435
80.0367 88.7612
80.1999 88.5806
80.3508 88.4136
80.5022 88.2462
80.6558 88.0763
80.7949 87.9224
80.9563 87.7438
81.3598 87.2974
81.7272 86.891
82.3678 86.1823
83.044 85.4342
83.8083 84.5887
84.8996 83.3814
86.0106 82.1523
85.8498 81.9268
85.6924 81.7063
85.4719 81.3971
85.1911 81.0034
84.9179 80.6203
83.5342 78.68
82.4853 77.2092
81.408 75.6985
80.6789 74.6762
76.3789 68.6456
74.8807 66.5446
74.1975 65.5867
74.0558 65.388
73.9261 65.2062
73.804 65.0349
73.6796 64.8605
73.5612 64.6946
73.4417 64.5271
73.3391 64.3833
73.2064 64.1972
72.9922 63.897
72.7612 63.5731
72.5104 63.2215
72.2356 62.8362
71.9418 62.4244
71.6023 61.9485
71.2643 61.4746
71.2643 61.4746
71.7395 61.1799
77.821 57.4084
80.9723 55.4542
83.1355 54.1128
84.6577 53.1689
84.4307 52.2582
84.1486 51.1268
83.7891 49.6849
83.319 47.7995
82.6455 45.0984
82.2463 43.4971
82.2463 43.4971
82.2463 43.4971
82.2463 43.4971
82.2463 43.4971
82.2463 43.4971
82.2463 43.4971
82.2463 43.4971
82.2463 43.4971
82.295 42.9491
82.3501 42.3292
82.4197 41.5449
82.4913 40.74
82.7858 37.4193
83.0033 34.9631
83.0033 34.9631
83.0033 34.9631
82.6202 33.0546
82.2239 31.0807
81.733 28.6354
