0,504,103,295,721,176,598,581,24,777,959,6,819,831,27,586,653,421,289,379,865,164,55,419,555,751,844,681,209,930,935,785,821,873,355,634,45,828,781,143,606,644,217,458,63,842,314,70,906,978,594,358,357,870,472,69,377,716,625,843,117,512,522,281,188,186,743,676,216,370,210,264,101,66,619,621,875,452,262,197,492,276,180,989,19,278,853,257,250,834,26,934,467,7,160,822,307,246,612,518,111,284,287,310,439,261,573,407,337,824,883,787,64,474,8,669,351,704,709,363,902,643,702,626,488,254,741,455,899,348,673,572,412,588,722,682,646,674,366,362,258,133,812,881,629,211,661,61,187,402,299,963,331,4,86,514,499,710,74,794,898,384,123,222,174,328,46,990,663,228,87,373,616,731,423,863,770,749,330,312,57,708,422,677,166,303,542,212,218,59,148,534,972,142,771,279,438,858,797,938,698,543,10,909,341,154,352,463,633,652,32,496,505,958,829,11,221,641,602,65,283,205,268,985,679,37,535,700,125,943,836,486,655,915,121,151,908,723,508,354,529,476,949,78,664,811,38,388,706,414,603,869,191,549,687,397,945,49,790,848,461,748,356,155,566,194,917,692,480,862,913,525,89,809,413,269,922,147,839,237,493,783,876,302,688,403,324,137,475,805,336,758,267,451,956,391,132,587,182,965,764,691,565,957,501,599,966,517,841,376,489,100,784,739,717,747,128,122,849,936,527,157,703,234,925,116,694,347,760,47,427,686,219,14,589,214,131,939,503,502,531,77,799,255,734,607,371,639,381,277,300,445,298,316,207,556,991,108,667,969,457,657,321,792,825,90,665,426,955,892,615,444,178,433,224,75,944,95,570,728,830,803,325,554,718,263,399,890,719,236,48,905,693,637,301,13,380,213,953,678,442,988,106,199,447,585,200,405,17,39,914,435,115,750,933,711,973,462,568,446,401,628,736,386,712,15,50,557,827,547,304,868,364,153,203,886,487,982,699,31,240,346,759,658,119,436,169,916,184,58,360,244,249,796,500,469,1,780,113,860,551,546,272,680,266,552,635,162,99,526,924,3,429,220,81,333,275,192,443,338,361,400,339,601,114,879,948,97,479,196,630,507,168,729,550,970,398,756,903,545,600,130,482,927,971,411,524,79,329,34,891,901,510,640,349,733,735,846,772,233,705,929,981,21,897,720,382,778,390,225,788,724,715,459,163,533,471,54,171,523,540,327,732,596,270,614,683,910,779,56,189,574,894,604,878,689,645,30,308,571,359,912,642,80,563,252,350,91,484,294,562,755,144,82,861,636,530,800,591,954,60,129,976,253,404,76,789,16,124,41,431,888,773,730,662,950,93,490,608,578,757,946,872,537,288,697,454,88,167,701,326,726,374,560,138,247,183,833,495,815,695,491,256,859,36,409,918,296,73,696,368,306,753,424,418,610,456,651,227,20,714,776,631,768,871,521,808,611,707,230,92,416,449,139,44,960,761,28,430,569,593,441,120,786,638,806,241,437,539,150,53,649,840,919,877,672,223,885,428,72,394,408,141,226,2,172,561,807,392,343,231,795,292,271,146,613,738,181,96,470,548,22,766,309,434,5,206,344,40,952,375,752,448,874,536,974,265,541,961,856,896,516,305,866,511,165,980,690,624,737,464,940,367,746,851,239,389,559,105,532,23,882,156,202,763,817,816,567,313,947,369,774,544,62,622,584,185,911,177,315,259,406,179,713,659,754,245,814,126,140,193,575,801,857,564,921,319,378,618,432,671,986,880,9,887,248,12,335,931,320,826,847,340,208,235,282,112,804,94,513,365,215,968,769,632,576,798,104,765,597,498,558,410,175,291,127,907,923,793,519,35,342,623,85,656,964,515,942,810,286,727,791,668,762,67,238,538,440,605,453,582,161,577,468,84,855,134,802,617,109,832,895,478,904,647,654,393,867,782,229,987,509,83,317,477,280,51,415,984,395,118,273,297,18,290,460,71,864,158,666,818,481,465,937,823,149,494,620,42,992,580,251,854,845,813,285,353,318,52,820,135,983,928,473,893,725,322,332,450,372,25,889,528,311,204,660,685,740,159,648,742,417,775,145,900,744,102,173,837,385,110,579,201,152,962,975,68,396,190,850,595,485,852,650,420,767,293,334,941,670,553,43,675,926,466,583,29,232,323,274,745,242,592,684,136,835,506,967,170,977,425,932,383,497,387,920,198,951,195,107,884,838,590,33,609,520,345,98,627,979,260,483,243,
value : 807.05 running time : 33.632740
80 20
65.8069 13.9277
65.8069 13.9277
65.8069 13.9277
65.8069 13.9277
65.8069 13.9277
65.8069 13.9277
65.8069 13.9277
65.8069 13.9277
65.8069 13.9277
65.8069 13.9277
56.2548 21.2577
56.2548 21.2577
56.2548 21.2577
56.2548 21.2577
45.4787 22.4886
45.4787 22.4886
45.4787 22.4886
45.4787 22.4886
45.4787 22.4886
45.4787 22.4886
45.4787 22.4886
45.4787 22.4886
45.4787 22.4886
45.4787 22.4886
47.35 30.7672
47.35 30.7672
47.35 30.7672
47.35 30.7672
47.35 30.7672
47.35 30.7672
47.35 30.7672
50.847 32.921
50.847 32.921
50.847 32.921
50.847 32.921
57.9355 36.9337
57.9355 36.9337
57.9355 36.9337
59.3829 38.2283
59.3829 38.2283
59.3829 38.2283
59.3829 38.2283
59.3829 38.2283
59.3829 38.2283
58.864 45.3036
58.864 45.3036
58.864 45.3036
58.864 45.3036
58.864 45.3036
58.864 45.3036
58.864 45.3036
58.864 45.3036
58.864 45.3036
58.864 45.3036
55.1404 48.302
55.1404 48.302
55.1404 48.302
55.8979 51.029
55.8979 51.029
55.8979 51.029
51.5247 52.6992
51.5247 52.6992
51.5247 52.6992
51.5247 52.6992
51.5247 52.6992
51.5247 52.6992
44.5475 53.5427
44.5475 53.5427
44.5475 53.5427
44.5475 53.5427
44.5475 53.5427
44.5475 53.5427
43.8035 45.3654
43.8035 45.3654
43.8035 45.3654
43.8035 45.3654
43.8035 45.3654
43.8035 45.3654
43.8035 45.3654
43.8035 45.3654
43.8035 45.3654
43.8035 45.3654
43.8035 45.3654
43.8035 45.3654
38.4091 34.0596
38.4091 34.0596
38.4091 34.0596
38.4091 34.0596
38.4091 34.0596
34.8359 31.7982
34.8359 31.7982
34.8359 31.7982
34.8359 31.7982
34.8359 31.7982
34.8359 31.7982
34.8359 31.7982
31.0152 27.3124
31.0152 27.3124
33.0021 13.3025
33.0021 13.3025
33.0021 13.3025
33.0021 13.3025
33.0021 13.3025
33.0021 13.3025
31.3233 15.7866
31.3233 15.7866
31.3233 15.7866
31.3233 15.7866
31.3233 15.7866
31.3233 15.7866
31.3233 15.7866
31.3233 15.7866
28.4039 17.0104
28.4039 17.0104
28.4039 17.0104
28.4039 17.0104
28.4039 17.0104
28.4039 17.0104
28.4039 17.0104
28.4039 17.0104
28.4039 17.0104
28.4039 17.0104
28.4039 17.0104
24.4297 16.8816
24.4297 16.8816
11.0223 17.5505
11.0223 17.5505
11.0223 17.5505
11.0223 17.5505
11.0223 17.5505
11.0223 17.5505
11.0223 17.5505
11.0223 17.5505
11.0223 17.5505
11.0223 17.5505
11.0223 17.5505
11.0223 17.5505
11.0223 17.5505
11.0223 17.5505
11.0223 17.5505
11.0223 17.5505
10.1404 16.4188
10.1404 16.4188
10.1404 16.4188
10.1404 16.4188
10.1404 16.4188
10.1404 16.4188
10.1404 16.4188
10.1404 16.4188
10.1404 16.4188
10.1404 16.4188
10.1404 16.4188
3.09799 28.1546
3.09799 28.1546
3.09799 28.1546
1.86157 29.5483
1.86157 29.5483
1.86157 29.5483
1.86157 29.5483
1.86157 29.5483
11.5473 36.4703
11.5473 36.4703
11.5473 36.4703
10.7283 40.8475
10.7283 40.8475
10.7283 40.8475
10.7283 40.8475
10.7283 40.8475
10.7283 40.8475
10.7283 40.8475
10.7283 40.8475
10.7283 40.8475
10.7283 40.8475
10.7283 40.8475
10.7283 40.8475
10.7283 40.8475
10.7283 40.8475
10.7283 40.8475
10.7283 40.8475
10.7283 40.8475
9.92475 50.0113
9.92475 50.0113
9.92475 50.0113
9.92475 50.0113
9.92475 50.0113
9.92475 50.0113
9.92475 50.0113
9.92475 50.0113
14.0662 53.4554
14.0662 53.4554
14.0662 53.4554
14.0662 53.4554
14.0662 53.4554
14.0662 53.4554
16.857 51.5144
16.857 51.5144
16.857 51.5144
16.857 51.5144
16.857 51.5144
16.857 51.5144
16.857 51.5144
15.6179 49.8372
15.6179 49.8372
15.6179 49.8372
15.6179 49.8372
15.6179 49.8372
15.6179 49.8372
15.6179 49.8372
15.6179 49.8372
15.6179 49.8372
14.95 44.1344
14.95 44.1344
14.95 44.1344
16.8355 38.6117
16.8355 38.6117
17.5103 33.6044
17.5103 33.6044
17.5103 33.6044
17.5103 33.6044
17.5103 33.6044
17.5103 33.6044
17.5103 33.6044
17.5103 33.6044
21.5491 34.5503
21.5491 34.5503
21.5491 34.5503
21.5491 34.5503
21.5491 34.5503
21.5491 34.5503
21.5491 34.5503
21.5491 34.5503
21.5491 34.5503
21.5491 34.5503
21.5491 34.5503
21.5491 34.5503
22.1745 38.2603
22.1745 38.2603
22.1745 38.2603
22.1745 38.2603
22.1745 38.2603
24.5904 46.9105
24.5904 46.9105
24.5904 46.9105
24.5904 46.9105
24.5904 46.9105
24.5904 46.9105
24.5904 46.9105
24.5904 46.9105
24.5904 46.9105
24.5904 46.9105
33.6516 41.8462
33.6516 41.8462
33.6516 41.8462
33.6516 41.8462
33.6516 41.8462
35.4594 48.3675
35.4594 48.3675
35.4594 48.3675
35.4594 48.3675
35.4594 48.3675
35.4594 48.3675
35.4594 48.3675
35.4594 48.3675
35.4594 48.3675
35.4594 48.3675
35.4594 48.3675
35.4594 48.3675
35.4594 48.3675
35.4594 48.3675
35.4594 48.3675
35.4594 48.3675
35.4594 48.3675
35.4594 48.3675
35.4594 48.3675
35.7543 50.1604
35.7543 50.1604
35.7543 50.1604
35.0175 53.0228
35.0175 53.0228
35.0175 53.0228
35.0175 53.0228
35.0175 53.0228
35.0175 53.0228
35.0175 53.0228
22.5756 56.7649
22.5756 56.7649
22.5756 56.7649
22.5756 56.7649
18.9745 60.0077
18.9745 60.0077
18.9745 60.0077
18.9745 60.0077
18.9745 60.0077
18.9745 60.0077
18.9745 60.0077
18.9745 60.0077
18.9745 60.0077
18.9745 60.0077
18.9745 60.0077
18.9745 60.0077
18.9745 60.0077
18.9745 60.0077
18.9745 60.0077
17.8482 63.3694
17.8482 63.3694
5.79905 58.9651
5.79905 58.9651
5.79905 58.9651
5.79905 58.9651
5.79905 58.9651
5.79905 58.9651
5.79905 58.9651
5.79905 58.9651
5.79905 58.9651
5.79905 58.9651
4.62981 55.5955
4.62981 55.5955
4.62981 55.5955
4.62981 55.5955
4.62981 55.5955
4.62981 55.5955
4.62981 55.5955
4.62981 55.5955
4.62981 55.5955
4.62981 55.5955
-1.23313 59.8954
-1.23313 59.8954
-1.23313 59.8954
-1.23313 59.8954
4.25687 62.7728
4.25687 62.7728
4.25687 62.7728
4.25687 62.7728
4.25687 62.7728
4.25687 62.7728
4.25687 62.7728
4.25687 62.7728
4.25687 62.7728
3.25976 66.3415
3.25976 66.3415
3.25976 66.3415
3.25976 66.3415
3.25976 66.3415
3.25976 66.3415
3.25976 66.3415
3.25976 66.3415
3.25976 66.3415
3.25976 66.3415
3.25976 66.3415
0.844719 79.1704
0.844719 79.1704
0.844719 79.1704
0.844719 79.1704
0.844719 79.1704
0.844719 79.1704
0.844719 79.1704
0.844719 79.1704
0.844719 79.1704
5.39445 79.5291
5.39445 79.5291
5.39445 79.5291
5.39445 79.5291
5.39445 79.5291
5.39445 79.5291
5.39445 79.5291
5.39445 79.5291
5.39445 79.5291
5.39445 79.5291
5.39445 79.5291
5.39445 79.5291
5.39445 79.5291
5.39445 79.5291
5.39445 79.5291
5.39445 79.5291
5.39445 79.5291
5.39445 79.5291
5.39445 79.5291
5.39445 79.5291
5.39445 79.5291
5.39445 79.5291
5.39445 79.5291
5.39445 79.5291
5.39445 79.5291
5.39445 79.5291
5.39445 79.5291
5.39445 79.5291
5.39445 79.5291
5.39445 79.5291
2.8726 89.3999
2.8726 89.3999
2.8726 89.3999
2.8726 89.3999
2.8726 89.3999
2.8726 89.3999
6.85615 101.682
6.85615 101.682
6.85615 101.682
11.2799 91.2275
11.2799 91.2275
11.2799 91.2275
11.2799 91.2275
11.2799 91.2275
11.2799 91.2275
11.2799 91.2275
11.2799 91.2275
11.2799 91.2275
11.2799 91.2275
11.2799 91.2275
11.2799 91.2275
11.2799 91.2275
11.2799 91.2275
11.2799 91.2275
11.2799 91.2275
11.2799 91.2275
11.2799 91.2275
11.2799 91.2275
11.2799 91.2275
11.2799 91.2275
11.2799 91.2275
11.2799 91.2275
11.2799 91.2275
11.2799 91.2275
11.2799 91.2275
11.2799 91.2275
11.2799 91.2275
11.2799 91.2275
11.2799 91.2275
11.2799 91.2275
11.2799 91.2275
11.2799 91.2275
11.2799 91.2275
11.2799 91.2275
11.2799 91.2275
12.0502 81.4217
12.0502 81.4217
12.0502 81.4217
12.0502 81.4217
12.0502 81.4217
12.0502 81.4217
12.0502 81.4217
12.0502 81.4217
12.0502 81.4217
12.7152 78.6832
12.7152 78.6832
12.7152 78.6832
12.7152 78.6832
12.7152 78.6832
12.7152 78.6832
12.7152 78.6832
12.7152 78.6832
12.7152 78.6832
12.7152 78.6832
12.7152 78.6832
12.7152 78.6832
12.7152 78.6832
12.7152 78.6832
12.7152 78.6832
12.7152 78.6832
12.7152 78.6832
12.7152 78.6832
12.7152 78.6832
12.7152 78.6832
12.7152 78.6832
13.1492 68.8686
13.1492 68.8686
13.1492 68.8686
13.1492 68.8686
13.1492 68.8686
13.1492 68.8686
13.1492 68.8686
13.1492 68.8686
16.3111 71.9189
16.3111 71.9189
16.3111 71.9189
16.3111 71.9189
16.3111 71.9189
16.3111 71.9189
16.3111 71.9189
16.3111 71.9189
16.3111 71.9189
16.3111 71.9189
16.3111 71.9189
16.3111 71.9189
16.3111 71.9189
16.3111 71.9189
16.3111 71.9189
16.3111 71.9189
16.3111 71.9189
20.4575 69.5943
20.4575 69.5943
20.4575 69.5943
20.4575 69.5943
20.4575 69.5943
20.3736 68.6381
20.3736 68.6381
20.3736 68.6381
23.0614 64.4086
23.0614 64.4086
23.0614 64.4086
23.0614 64.4086
23.0614 64.4086
23.0614 64.4086
23.0614 64.4086
23.0614 64.4086
22.1474 62.7027
22.1474 62.7027
22.1474 62.7027
22.1474 62.7027
22.1474 62.7027
25.5731 62.9045
25.5731 62.9045
25.5731 62.9045
25.5731 62.9045
27.2539 62.8935
27.2539 62.8935
27.2539 62.8935
27.2539 62.8935
27.2539 62.8935
27.2539 62.8935
27.2539 62.8935
27.2539 62.8935
27.2539 62.8935
27.2539 62.8935
27.2539 62.8935
27.2539 62.8935
27.2539 62.8935
36.0535 62.4886
36.0535 62.4886
36.0535 62.4886
36.0535 62.4886
36.0535 62.4886
36.0535 62.4886
36.0535 62.4886
36.0535 62.4886
36.0535 62.4886
36.0535 62.4886
36.0535 62.4886
36.0535 62.4886
36.0535 62.4886
35.9845 65.98
35.9845 65.98
35.9845 65.98
35.9845 65.98
35.9845 65.98
37.298 70.1228
37.298 70.1228
37.298 70.1228
37.298 70.1228
37.298 70.1228
37.298 70.1228
37.298 70.1228
37.298 70.1228
37.298 70.1228
37.298 70.1228
37.298 70.1228
37.298 70.1228
37.298 70.1228
37.298 70.1228
37.298 70.1228
37.298 70.1228
37.298 70.1228
41.6804 72.2347
41.6804 72.2347
41.6804 72.2347
41.6804 72.2347
41.6804 72.2347
41.6804 72.2347
41.6804 72.2347
41.6804 72.2347
41.6804 72.2347
41.6804 72.2347
41.6804 72.2347
41.6804 72.2347
44.3826 78.7383
44.3826 78.7383
44.3826 78.7383
44.3826 78.7383
37.1929 80.7591
37.1929 80.7591
37.1929 80.7591
37.1929 80.7591
37.1929 80.7591
37.1929 80.7591
37.1929 80.7591
31.5927 80.4851
31.5927 80.4851
31.5927 80.4851
31.5927 80.4851
31.5927 80.4851
31.5927 80.4851
31.5927 80.4851
31.7537 77.269
31.7537 77.269
31.7537 77.269
31.7537 77.269
25.4071 83.1172
25.4071 83.1172
25.4071 83.1172
25.4071 83.1172
25.4071 83.1172
25.4071 83.1172
25.4071 83.1172
25.4071 83.1172
25.4071 83.1172
25.4071 83.1172
25.4071 83.1172
25.4071 83.1172
25.4071 83.1172
20.4361 84.1073
20.4361 84.1073
20.4361 84.1073
17.3496 85.5878
17.3496 85.5878
17.3496 85.5878
17.3496 85.5878
17.3496 85.5878
17.3496 85.5878
17.3496 85.5878
17.3496 85.5878
17.3496 85.5878
25.8944 92.3482
25.8944 92.3482
25.8944 92.3482
25.8944 92.3482
25.8944 92.3482
25.8944 92.3482
25.8944 92.3482
25.8944 92.3482
25.8944 92.3482
25.8944 92.3482
25.8944 92.3482
25.8944 92.3482
25.8944 92.3482
25.8944 92.3482
25.8944 92.3482
25.8944 92.3482
25.8944 92.3482
25.8944 92.3482
25.8944 92.3482
25.8944 92.3482
25.8944 92.3482
25.8944 92.3482
25.8944 92.3482
25.8944 92.3482
25.8944 92.3482
25.8944 92.3482
25.8944 92.3482
25.8944 92.3482
25.8944 92.3482
25.8944 92.3482
30.3917 90.2004
30.3917 90.2004
30.3917 90.2004
30.3917 90.2004
30.3917 90.2004
30.3917 90.2004
30.3917 90.2004
30.3917 90.2004
30.3917 90.2004
30.3917 90.2004
30.3917 90.2004
30.3917 90.2004
30.3917 90.2004
30.3917 90.2004
30.3917 90.2004
30.3917 90.2004
30.3917 90.2004
30.3917 90.2004
30.3917 90.2004
30.3917 90.2004
34.9627 88.2394
34.9627 88.2394
34.9627 88.2394
34.9627 88.2394
34.9627 88.2394
34.9627 88.2394
34.9627 88.2394
34.9627 88.2394
34.9627 88.2394
34.9627 88.2394
39.9123 87.3983
39.9123 87.3983
39.9123 87.3983
39.9123 87.3983
39.9123 87.3983
39.9123 87.3983
39.9123 87.3983
39.9123 87.3983
39.9123 87.3983
39.9123 87.3983
39.9123 87.3983
39.9123 87.3983
39.9123 87.3983
39.9123 87.3983
39.9123 87.3983
39.9123 87.3983
39.9123 87.3983
39.9123 87.3983
39.9123 87.3983
39.9123 87.3983
39.9123 87.3983
39.9123 87.3983
39.9123 87.3983
42.9653 92.472
42.9653 92.472
42.9653 92.472
45.573 91.6555
45.573 91.6555
45.573 91.6555
45.573 91.6555
47.8565 97.8028
47.8565 97.8028
47.8565 97.8028
47.8565 97.8028
47.8565 97.8028
47.8565 97.8028
47.8565 97.8028
47.8565 97.8028
47.8565 97.8028
47.8565 97.8028
47.8565 97.8028
47.8565 97.8028
47.8565 97.8028
47.8565 97.8028
47.8565 97.8028
47.8565 97.8028
47.8565 97.8028
52.108 97.3611
52.108 97.3611
52.8551 93.0495
53.0385 91.9912
53.0385 91.9912
53.0385 91.9912
53.0385 91.9912
53.0385 91.9912
53.0385 91.9912
53.0385 91.9912
53.0385 91.9912
53.0385 91.9912
53.0385 91.9912
53.0385 91.9912
53.0385 91.9912
53.0385 91.9912
53.0385 91.9912
53.8282 92.2415
53.8282 92.2415
53.8282 92.2415
53.8282 92.2415
53.8282 92.2415
53.8282 92.2415
53.8282 92.2415
56.8952 91.5385
56.8952 91.5385
56.8952 91.5385
56.8952 91.5385
56.8952 91.5385
56.8952 91.5385
56.8952 91.5385
50.6909 85.1563
50.6909 85.1563
50.6909 85.1563
50.6909 85.1563
50.6909 85.1563
50.6909 85.1563
50.6909 85.1563
50.6909 85.1563
50.6909 85.1563
50.6909 85.1563
50.6909 85.1563
50.6909 85.1563
50.6909 85.1563
50.6909 85.1563
50.6909 85.1563
50.6909 85.1563
46.5717 83.0812
46.5717 83.0812
53.509 80.8625
53.509 80.8625
53.509 80.8625
53.509 80.8625
53.509 80.8625
53.509 80.8625
53.509 80.8625
53.509 80.8625
53.509 80.8625
53.509 80.8625
53.509 80.8625
53.509 80.8625
53.509 80.8625
53.509 80.8625
53.509 80.8625
52.0774 72.4489
52.0774 72.4489
52.0774 72.4489
52.0774 72.4489
52.0774 72.4489
44.924 71.3956
44.924 71.3956
44.924 71.3956
44.924 71.3956
44.924 71.3956
44.924 71.3956
44.924 71.3956
44.924 71.3956
44.924 71.3956
44.924 71.3956
44.4166 64.3288
44.4166 64.3288
44.4166 64.3288
44.4166 64.3288
44.4166 64.3288
44.4166 64.3288
44.4166 64.3288
44.4166 64.3288
44.4166 64.3288
52.4078 62.9687
52.4078 62.9687
52.4078 62.9687
52.4078 62.9687
52.4078 62.9687
54.548 56.965
54.548 56.965
54.548 56.965
60.0325 59.9263
60.0325 59.9263
60.0325 59.9263
60.0325 59.9263
60.0325 59.9263
60.0325 59.9263
57.5576 64.5529
57.5576 64.5529
57.5576 64.5529
57.5576 64.5529
57.5576 64.5529
57.5576 64.5529
57.5576 64.5529
57.5576 64.5529
57.5576 64.5529
57.5576 64.5529
57.5576 64.5529
57.5576 64.5529
57.5576 64.5529
57.5576 64.5529
57.5576 64.5529
57.5576 64.5529
55.479 69.1208
55.479 69.1208
55.479 69.1208
55.479 69.1208
55.479 69.1208
55.479 69.1208
59.5278 68.702
59.5278 68.702
59.5278 68.702
59.5278 68.702
59.5278 68.702
59.5278 68.702
59.5278 68.702
59.5278 68.702
59.5278 68.702
59.5278 68.702
63.7397 82.2571
63.7397 82.2571
63.7397 82.2571
63.7397 82.2571
63.7397 82.2571
63.7397 82.2571
63.7397 82.2571
63.7397 82.2571
63.7397 82.2571
63.7397 82.2571
63.7397 82.2571
63.7397 82.2571
63.7397 82.2571
63.7397 82.2571
63.7397 82.2571
63.7397 82.2571
67.1882 87.5397
67.1882 87.5397
67.1882 87.5397
67.1882 87.5397
67.1882 87.5397
67.1882 87.5397
67.1882 87.5397
67.1882 87.5397
67.1882 87.5397
67.1882 87.5397
67.1882 87.5397
67.1882 87.5397
68.3981 89.5529
68.3981 89.5529
68.3981 89.5529
68.3981 89.5529
68.3981 89.5529
68.3981 89.5529
68.3981 89.5529
68.3981 89.5529
68.3981 89.5529
73.8596 96.8661
73.8596 96.8661
73.8596 96.8661
86.1282 95.6987
86.1282 95.6987
86.1282 95.6987
86.1282 95.6987
86.1282 95.6987
89.0664 80.2364
89.0664 80.2364
89.0664 80.2364
89.0664 80.2364
89.0664 80.2364
89.0664 80.2364
89.0664 80.2364
89.0664 80.2364
89.0664 80.2364
89.0664 80.2364
89.0664 80.2364
78.0557 81.0841
78.0557 81.0841
78.0557 81.0841
78.0557 81.0841
78.0557 81.0841
71.3047 80.5217
71.3047 80.5217
71.3047 80.5217
68.8081 64.1554
68.8081 64.1554
68.8081 64.1554
68.8081 64.1554
68.8081 64.1554
68.8081 64.1554
68.8081 64.1554
68.8081 64.1554
68.8081 64.1554
68.8081 64.1554
68.8081 64.1554
64.8763 61.4593
64.8763 61.4593
64.8763 61.4593
64.8763 61.4593
64.8763 61.4593
64.8763 61.4593
64.8763 61.4593
64.8763 61.4593
64.8763 61.4593
64.8763 61.4593
64.8763 61.4593
64.8763 61.4593
66.288 54.4187
66.288 54.4187
69.7876 46.9592
71.6452 42.9997
71.6452 42.9997
71.6452 42.9997
71.6452 42.9997
73.7503 44.8898
73.7503 44.8898
73.7503 44.8898
73.7503 44.8898
73.7503 44.8898
82.334 50.8978
82.334 50.8978
82.334 50.8978
82.334 50.8978
82.334 50.8978
82.334 50.8978
82.334 50.8978
82.334 50.8978
82.334 50.8978
82.3771 55.1764
82.3771 55.1764
82.3771 55.1764
85.0637 52.2754
85.0637 52.2754
85.0637 52.2754
85.0637 52.2754
85.0637 52.2754
85.0637 52.2754
85.0637 52.2754
85.0637 52.2754
85.0637 52.2754
86.3251 43.7608
86.3251 43.7608
86.3251 43.7608
86.9861 39.2996
97.7255 29.0804
97.7255 29.0804
97.7255 29.0804
84.5281 14.6095
84.5281 14.6095
84.5281 14.6095
84.5281 14.6095
