0,243,627,979,260,483,98,345,745,274,592,884,838,590,33,609,835,242,520,684,136,107,387,920,198,951,195,383,506,967,170,977,425,932,497,900,744,372,417,742,648,159,740,685,660,204,311,528,889,25,332,450,290,864,71,775,145,158,494,149,823,937,465,481,818,666,620,42,473,322,725,893,928,992,983,135,820,52,318,353,285,813,845,854,251,580,816,229,297,273,118,395,984,51,477,544,911,642,659,947,464,185,177,62,40,882,817,434,961,541,974,536,874,448,752,375,344,206,5,856,774,618,313,763,202,156,23,532,105,559,389,239,851,746,737,624,980,165,511,866,516,896,584,713,931,335,140,921,754,179,814,509,632,952,406,305,245,280,259,415,801,317,622,378,671,690,861,367,369,887,12,208,567,847,319,513,320,880,432,575,617,782,94,769,484,806,649,82,940,129,530,80,215,636,350,976,248,840,223,672,877,919,241,807,408,226,309,766,22,548,470,96,181,738,613,146,271,292,795,343,392,172,72,394,256,808,768,53,150,539,437,786,120,569,960,44,139,449,416,230,707,918,360,141,265,296,859,753,73,761,288,183,593,28,631,611,409,20,36,430,714,15,521,441,491,306,227,610,871,833,456,712,695,50,776,435,446,568,462,973,711,933,750,115,693,153,364,236,13,301,637,868,426,457,827,304,547,969,168,657,90,825,792,321,380,442,678,953,213,988,914,39,17,405,200,585,447,199,106,401,386,736,628,860,719,694,399,263,718,554,325,803,830,728,570,95,944,75,224,433,178,444,615,892,955,1,886,879,948,97,316,667,108,991,556,207,300,298,445,966,517,346,760,347,47,277,381,639,371,607,734,255,799,77,531,502,503,939,131,214,589,14,219,686,427,717,747,534,376,784,739,630,196,482,970,398,756,545,130,691,507,59,475,182,493,501,957,565,764,965,267,587,132,391,451,913,269,89,302,137,324,603,922,382,778,971,411,524,79,329,34,891,901,510,640,733,735,846,772,233,705,929,981,897,720,912,645,658,729,730,349,927,604,788,359,689,333,272,680,266,552,162,390,924,3,429,220,81,114,275,192,338,361,400,339,601,600,635,443,546,780,113,665,759,905,240,890,31,526,119,184,58,244,796,500,469,431,888,550,48,557,138,495,169,368,203,551,982,651,815,247,699,436,93,916,424,490,249,487,560,773,374,726,326,701,167,88,697,537,872,946,757,578,608,950,885,428,479,252,2,92,638,231,696,418,253,144,591,662,189,614,724,16,76,41,124,789,954,99,327,715,894,571,599,804,779,163,878,404,225,471,365,54,596,56,270,21,903,308,104,291,410,765,562,60,540,171,454,523,574,564,459,986,732,235,910,561,126,193,91,755,294,282,895,802,134,855,84,798,810,857,109,968,9,791,832,563,826,582,460,340,112,161,577,800,315,987,18,83,173,68,975,962,152,201,579,110,385,837,478,867,393,654,647,904,907,605,440,238,67,762,668,727,515,964,334,538,942,102,35,926,656,190,850,595,485,852,650,420,767,293,232,583,466,675,396,43,941,670,553,323,29,781,355,634,45,828,377,143,606,644,217,458,63,842,314,70,906,978,594,358,357,870,472,69,935,930,844,751,716,66,621,875,452,262,117,625,843,519,623,175,558,85,468,286,30,453,216,512,461,281,188,186,743,676,793,533,576,683,237,180,492,155,619,101,197,264,370,210,498,342,923,945,356,194,597,127,276,839,147,508,11,413,522,37,151,397,438,876,809,917,848,862,679,566,529,388,748,706,414,811,535,783,797,612,664,78,688,19,989,480,949,655,915,908,723,354,121,525,687,486,829,476,221,496,49,38,956,218,312,57,708,422,677,166,303,542,212,128,116,925,234,703,157,527,936,849,122,328,384,123,222,174,330,46,990,663,228,87,373,616,731,423,863,770,749,489,100,805,758,336,972,148,841,633,142,771,279,858,938,698,543,10,909,341,154,352,463,505,652,32,403,898,4,86,514,499,710,74,794,836,958,869,641,602,65,283,205,268,985,700,125,943,572,673,133,258,331,402,299,963,348,254,741,455,899,187,211,661,61,812,629,881,362,412,588,722,682,646,674,366,8,64,474,488,902,643,702,626,669,787,824,883,363,351,704,246,518,337,111,284,287,310,439,407,573,261,549,160,822,307,709,7,278,853,257,250,834,26,934,467,692,209,790,379,586,653,421,289,191,681,555,865,164,55,419,27,598,581,24,777,959,6,819,831,873,785,821,103,504,176,295,721,
value : 654.786 running time : 33.932662
80 20
86.2684 17.5916
86.2684 17.5916
86.2684 17.5916
86.2684 17.5916
86.2684 17.5916
85.2733 22.6056
85.2733 22.6056
81.9873 42.237
81.9873 42.237
81.9873 42.237
82.3058 43.806
82.3058 43.806
82.3058 43.806
82.3058 43.806
82.3058 43.806
82.3058 43.806
82.3058 43.806
82.3058 43.806
83.7391 50.8646
83.7391 50.8646
83.7391 50.8646
83.7391 50.8646
83.7391 50.8646
83.7391 50.8646
83.7391 50.8646
83.7391 50.8646
83.8705 56.1839
83.8705 56.1839
83.8705 56.1839
83.8705 56.1839
83.8705 56.1839
83.8705 56.1839
83.8705 56.1839
83.8705 56.1839
79.9195 75.3428
79.9195 75.3428
86.0818 81.3685
86.0818 81.3685
86.0818 81.3685
86.0818 81.3685
86.0818 81.3685
86.0818 81.3685
86.0818 81.3685
86.0818 81.3685
86.0818 81.3685
86.0818 81.3685
86.0818 81.3685
86.0818 81.3685
86.0818 81.3685
86.0818 81.3685
86.0818 81.3685
74.0793 79.51
74.0793 79.51
74.0793 79.51
74.0793 79.51
74.0793 79.51
76.5873 89.3483
76.5873 89.3483
76.5873 89.3483
76.5873 89.3483
76.5873 89.3483
76.5873 89.3483
76.5873 89.3483
76.5873 89.3483
76.5873 89.3483
75.9806 89.6296
75.9806 89.6296
75.9806 89.6296
76.9773 91.5659
76.9773 91.5659
76.9773 91.5659
76.9773 91.5659
73.9472 90.3521
73.9472 90.3521
73.9472 90.3521
73.9472 90.3521
73.9472 90.3521
73.9472 90.3521
73.9472 90.3521
73.9472 90.3521
73.9472 90.3521
73.9472 90.3521
73.9472 90.3521
73.9472 90.3521
73.9472 90.3521
64.9127 86.0508
64.9127 86.0508
64.9127 86.0508
64.9127 86.0508
64.9127 86.0508
64.9127 86.0508
64.9127 86.0508
64.9127 86.0508
64.9127 86.0508
64.9127 86.0508
53.8282 92.2415
53.8282 92.2415
53.8282 92.2415
53.8282 92.2415
53.8282 92.2415
53.8282 92.2415
53.8282 92.2415
53.8282 92.2415
53.8282 92.2415
53.8282 92.2415
53.8282 92.2415
53.8282 92.2415
53.8282 92.2415
53.8282 92.2415
45.851 93.2099
45.851 93.2099
45.851 93.2099
45.851 93.2099
45.851 93.2099
45.851 93.2099
45.851 93.2099
45.851 93.2099
45.851 93.2099
47.5221 91.1748
47.5221 91.1748
47.5221 91.1748
47.5221 91.1748
47.5221 91.1748
47.5221 91.1748
47.5221 91.1748
47.5221 91.1748
47.5221 91.1748
47.5221 91.1748
47.5221 91.1748
47.5221 91.1748
47.5221 91.1748
47.5221 91.1748
47.5221 91.1748
47.5221 91.1748
47.5221 91.1748
47.5221 91.1748
47.5221 91.1748
47.5221 91.1748
47.5221 91.1748
47.5221 91.1748
47.5221 91.1748
47.5221 91.1748
47.5221 91.1748
50.6909 85.1563
50.6909 85.1563
50.6909 85.1563
50.6909 85.1563
50.6909 85.1563
50.6909 85.1563
50.6909 85.1563
53.2192 82.5872
53.2192 82.5872
53.2192 82.5872
53.2192 82.5872
53.2192 82.5872
53.2192 82.5872
53.2192 82.5872
53.2192 82.5872
53.2192 82.5872
53.2192 82.5872
53.2192 82.5872
56.216 82.3926
56.216 82.3926
56.216 82.3926
56.216 82.3926
56.216 82.3926
56.216 82.3926
56.216 82.3926
56.216 82.3926
56.216 82.3926
53.57 80.8143
53.57 80.8143
53.57 80.8143
53.57 80.8143
53.57 80.8143
53.57 80.8143
53.57 80.8143
49.7468 81.4719
49.7468 81.4719
48.6372 75.9189
48.6372 75.9189
48.6372 75.9189
48.6372 75.9189
48.6372 75.9189
43.6559 76.3963
43.6559 76.3963
43.6559 76.3963
43.6559 76.3963
44.3826 78.7383
44.3826 78.7383
44.3826 78.7383
44.3826 78.7383
44.3826 78.7383
44.3826 78.7383
44.3826 78.7383
44.3826 78.7383
44.3826 78.7383
38.1604 85.0233
38.1604 85.0233
38.1604 85.0233
38.1604 85.0233
38.1604 85.0233
38.1604 85.0233
38.1604 85.0233
38.1604 85.0233
38.1604 85.0233
36.4592 88.139
36.4592 88.139
36.4592 88.139
36.4592 88.139
36.4592 88.139
36.4592 88.139
36.4592 88.139
36.4592 88.139
36.4592 88.139
36.4592 88.139
36.4592 88.139
36.4592 88.139
36.4592 88.139
36.4592 88.139
36.4592 88.139
36.4592 88.139
36.4592 88.139
36.4592 88.139
36.4592 88.139
33.6198 92.7235
33.6198 92.7235
33.6198 92.7235
33.6198 92.7235
33.6198 92.7235
33.6198 92.7235
33.6198 92.7235
33.6198 92.7235
33.6198 92.7235
33.6198 92.7235
33.6198 92.7235
33.6198 92.7235
33.6198 92.7235
33.6198 92.7235
33.6198 92.7235
33.6198 92.7235
28.8662 88.7507
28.8662 88.7507
28.8203 91.7955
28.8203 91.7955
28.8203 91.7955
28.8203 91.7955
28.8203 91.7955
28.8203 91.7955
28.8203 91.7955
28.8203 91.7955
28.8203 91.7955
28.8203 91.7955
28.8203 91.7955
28.8203 91.7955
28.8203 91.7955
28.8203 91.7955
28.8203 91.7955
28.8203 91.7955
28.8203 91.7955
25.8944 92.3482
25.8944 92.3482
25.8944 92.3482
25.8944 92.3482
25.8944 92.3482
25.8944 92.3482
25.8944 92.3482
25.8944 92.3482
25.8944 92.3482
25.8944 92.3482
25.8944 92.3482
25.8944 92.3482
19.1839 93.5727
19.1839 93.5727
16.744 91.9884
16.744 91.9884
16.744 91.9884
16.744 91.9884
16.744 91.9884
16.744 91.9884
16.744 91.9884
16.744 91.9884
16.744 91.9884
16.744 91.9884
13.4601 92.5058
13.4601 92.5058
13.4601 92.5058
13.4601 92.5058
13.4601 92.5058
13.4601 92.5058
13.4601 92.5058
12.1712 87.3505
12.1712 87.3505
12.1712 87.3505
12.1712 87.3505
12.1712 87.3505
12.1712 87.3505
12.1712 87.3505
8.76882 85.7823
8.76882 85.7823
8.76882 85.7823
8.76882 85.7823
8.76882 85.7823
7.31981 87.0515
7.31981 87.0515
7.31981 87.0515
7.31981 87.0515
7.31981 87.0515
6.70191 87.3241
6.70191 87.3241
6.70191 87.3241
6.70191 87.3241
6.70191 87.3241
6.70191 87.3241
6.70191 87.3241
6.70191 87.3241
6.70191 87.3241
6.70191 87.3241
6.70191 87.3241
6.70191 87.3241
6.70191 87.3241
6.70191 87.3241
6.70191 87.3241
6.70191 87.3241
7.15948 81.3958
7.15948 81.3958
7.15948 81.3958
7.15948 81.3958
7.15948 81.3958
7.15948 81.3958
7.15948 81.3958
7.15948 81.3958
7.15948 81.3958
7.15948 81.3958
7.15948 81.3958
7.15948 81.3958
7.15948 81.3958
7.15948 81.3958
7.15948 81.3958
7.15948 81.3958
7.15948 81.3958
7.15948 81.3958
7.15948 81.3958
7.15948 81.3958
7.15948 81.3958
7.52652 78.8368
7.87086 76.436
7.87086 76.436
7.87086 76.436
7.87086 76.436
7.87086 76.436
7.87086 76.436
7.87086 76.436
7.87086 76.436
7.87086 76.436
7.87086 76.436
7.87086 76.436
7.87086 76.436
7.87086 76.436
7.87086 76.436
7.87086 76.436
8.88516 65.3947
8.88516 65.3947
7.22969 63.7368
7.22969 63.7368
7.22969 63.7368
7.22969 63.7368
7.22969 63.7368
7.22969 63.7368
7.22969 63.7368
7.22969 63.7368
7.22969 63.7368
7.22969 63.7368
7.22969 63.7368
7.22969 63.7368
7.22969 63.7368
7.22969 63.7368
7.22969 63.7368
7.22969 63.7368
7.22969 63.7368
7.22969 63.7368
7.22969 63.7368
7.22969 63.7368
7.22969 63.7368
7.22969 63.7368
7.22969 63.7368
16.1021 57.3986
16.1021 57.3986
16.1021 57.3986
16.1021 57.3986
16.1021 57.3986
16.1021 57.3986
16.1021 57.3986
16.1021 57.3986
16.1021 57.3986
18.4717 57.7373
18.4717 57.7373
18.4717 57.7373
18.4717 57.7373
18.4717 57.7373
18.4717 57.7373
20.9904 56.897
20.9904 56.897
20.9904 56.897
22.7137 59.3227
22.7137 59.3227
22.7137 59.3227
22.7137 59.3227
22.7137 59.3227
22.7137 59.3227
22.7137 59.3227
22.7137 59.3227
22.7137 59.3227
22.7137 59.3227
22.7137 59.3227
25.2071 58.993
25.2071 58.993
25.2071 58.993
25.2071 58.993
25.2071 58.993
25.2071 58.993
25.5805 59.6833
25.5805 59.6833
26.7581 60.0743
26.7581 60.0743
26.7581 60.0743
26.7581 60.0743
26.7581 60.0743
26.7581 60.0743
26.7581 60.0743
26.7581 60.0743
26.7581 60.0743
26.7581 60.0743
26.7581 60.0743
26.7581 60.0743
26.7581 60.0743
26.7581 60.0743
26.7581 60.0743
26.7581 60.0743
26.7581 60.0743
26.7581 60.0743
26.7581 60.0743
26.7581 60.0743
26.7581 60.0743
26.7581 60.0743
26.7581 60.0743
26.1994 65.279
26.1994 65.279
26.1994 65.279
26.1994 65.279
26.1994 65.279
26.1994 65.279
26.1994 65.279
26.1994 65.279
26.1994 65.279
20.5986 66.9964
20.5986 66.9964
20.5986 66.9964
20.5986 66.9964
20.5986 66.9964
20.5986 66.9964
20.5986 66.9964
20.5986 66.9964
20.5986 66.9964
20.5986 66.9964
20.5986 66.9964
20.5986 66.9964
20.5986 66.9964
20.5986 66.9964
20.5986 66.9964
20.5986 66.9964
20.5986 66.9964
20.5986 66.9964
20.5986 66.9964
20.5986 66.9964
20.5986 66.9964
20.5986 66.9964
20.5986 66.9964
15.159 74.5288
15.159 74.5288
15.159 74.5288
15.159 74.5288
14.1232 77.4092
14.1232 77.4092
14.1232 77.4092
14.1232 77.4092
14.1232 77.4092
14.1232 77.4092
15 79.5921
15 79.5921
15 79.5921
15 79.5921
15 79.5921
15 79.5921
15 79.5921
15 79.5921
15 79.5921
15 79.5921
15 79.5921
15 79.5921
15.0818 82.9833
15.0818 82.9833
15.0818 82.9833
15.0818 82.9833
15.0818 82.9833
15.0818 82.9833
15.0818 82.9833
17.3207 84.895
17.3207 84.895
17.3207 84.895
17.3207 84.895
17.3207 84.895
17.3207 84.895
17.3207 84.895
17.3207 84.895
17.3207 84.895
17.3207 84.895
17.3207 84.895
17.3207 84.895
20.2757 79.5347
20.2757 79.5347
20.2757 79.5347
20.2757 79.5347
20.2757 79.5347
20.2757 79.5347
20.2757 79.5347
20.2757 79.5347
20.2757 79.5347
20.2757 79.5347
20.2757 79.5347
20.2757 79.5347
20.2757 79.5347
20.2757 79.5347
20.2757 79.5347
20.2757 79.5347
20.2757 79.5347
20.2757 79.5347
26.0113 84.0231
26.0113 84.0231
26.0113 84.0231
26.0113 84.0231
26.0113 84.0231
26.0113 84.0231
26.0113 84.0231
26.0113 84.0231
32.3047 80.1317
32.3047 80.1317
32.3047 80.1317
32.3047 80.1317
32.3047 80.1317
32.3047 80.1317
32.3047 80.1317
32.3047 80.1317
32.3047 80.1317
32.3047 80.1317
32.3047 80.1317
32.3047 80.1317
33.499 76.8736
35.4496 71.5531
35.4496 71.5531
35.4496 71.5531
35.4496 71.5531
34.7195 67.4645
34.7195 67.4645
34.7195 67.4645
34.7195 67.4645
34.7195 67.4645
34.7195 67.4645
34.7195 67.4645
34.7195 67.4645
34.7195 67.4645
34.7195 67.4645
34.7195 67.4645
34.7195 67.4645
34.7195 67.4645
34.7195 67.4645
34.7195 67.4645
34.7195 67.4645
34.7195 67.4645
34.7195 67.4645
34.7195 67.4645
34.7195 67.4645
37.219 70.281
37.219 70.281
37.219 70.281
37.219 70.281
37.219 70.281
37.219 70.281
37.219 70.281
38.5816 69.7176
38.5816 69.7176
38.5816 69.7176
38.5816 69.7176
38.5816 69.7176
38.5816 69.7176
41.6804 72.2347
41.6804 72.2347
41.6804 72.2347
41.6804 72.2347
41.6804 72.2347
41.6804 72.2347
43.9168 70.1602
43.9168 70.1602
43.9168 70.1602
43.9168 70.1602
43.9168 70.1602
43.9168 70.1602
43.9168 70.1602
49.439 69.7005
49.439 69.7005
49.439 69.7005
49.439 69.7005
49.439 69.7005
49.439 69.7005
49.439 69.7005
49.439 69.7005
52.755 70.2288
52.755 70.2288
52.755 70.2288
52.755 70.2288
52.755 70.2288
52.755 70.2288
56.326 69.4238
56.326 69.4238
59.5278 68.702
59.5278 68.702
59.5278 68.702
71.0923 66.9648
71.0923 66.9648
71.0923 66.9648
71.0923 66.9648
71.0923 66.9648
71.0923 66.9648
71.0923 66.9648
71.0923 66.9648
71.0923 66.9648
71.0923 66.9648
71.0923 66.9648
71.0923 66.9648
71.0923 66.9648
71.0923 66.9648
71.0923 66.9648
71.0923 66.9648
71.0923 66.9648
71.0923 66.9648
67.4233 63.4911
67.4233 63.4911
67.4233 63.4911
67.4233 63.4911
67.4233 63.4911
67.4233 63.4911
67.4233 63.4911
67.4233 63.4911
67.4233 63.4911
67.4233 63.4911
67.4233 63.4911
67.4233 63.4911
67.4233 63.4911
67.4233 63.4911
66.2358 58.4819
66.2358 58.4819
66.2358 58.4819
66.2358 58.4819
66.2358 58.4819
66.2358 58.4819
66.2358 58.4819
66.2358 58.4819
66.2358 58.4819
66.2358 58.4819
66.2358 58.4819
68.1808 53.6531
68.1808 53.6531
67.14 52.1071
67.14 52.1071
67.14 52.1071
68.4463 49.7747
68.4463 49.7747
68.4463 49.7747
68.4463 49.7747
68.4463 49.7747
68.4463 49.7747
57.6489 43.8388
57.6489 43.8388
57.6489 43.8388
57.6489 43.8388
57.6489 43.8388
57.6489 43.8388
57.6489 43.8388
57.6489 43.8388
57.6489 43.8388
57.6489 43.8388
57.6489 43.8388
57.6489 43.8388
57.6489 43.8388
57.6489 43.8388
57.6489 43.8388
57.6489 43.8388
57.6489 43.8388
57.6489 43.8388
57.6489 43.8388
57.6489 43.8388
57.6489 43.8388
57.6489 43.8388
57.6489 43.8388
55.5514 41.897
55.5514 41.897
55.5514 41.897
55.5514 41.897
55.5514 41.897
55.5514 41.897
52.4864 50.4586
52.4864 50.4586
52.4864 50.4586
52.4864 50.4586
52.4864 50.4586
52.4864 50.4586
52.4864 50.4586
52.4864 50.4586
52.4864 50.4586
48.0503 58.7077
48.0503 58.7077
48.0503 58.7077
48.0503 58.7077
48.0503 58.7077
48.0503 58.7077
48.0503 58.7077
48.0503 58.7077
48.0503 58.7077
48.0503 58.7077
46.3779 56.6777
46.3779 56.6777
46.3779 56.6777
46.3779 56.6777
46.3779 56.6777
46.3779 56.6777
46.3779 56.6777
46.3779 56.6777
46.3779 56.6777
46.3779 56.6777
46.3779 56.6777
46.3779 56.6777
43.7281 46.9708
43.7281 46.9708
43.7281 46.9708
43.7281 46.9708
41.9694 47.6902
41.9694 47.6902
41.9694 47.6902
41.9694 47.6902
41.9694 47.6902
41.9694 47.6902
41.9694 47.6902
41.9694 47.6902
41.9694 47.6902
41.9694 47.6902
41.9694 47.6902
41.9694 47.6902
35.7543 50.1604
35.7543 50.1604
35.7543 50.1604
35.7543 50.1604
35.7543 50.1604
35.7543 50.1604
35.4594 48.3675
35.4594 48.3675
35.4594 48.3675
35.4594 48.3675
35.4594 48.3675
35.4594 48.3675
35.4594 48.3675
35.4594 48.3675
35.4594 48.3675
35.4594 48.3675
35.4594 48.3675
34.4412 47.1573
34.4412 47.1573
34.4412 47.1573
34.4412 47.1573
34.4412 47.1573
34.4412 47.1573
34.4412 47.1573
34.4412 47.1573
30.9763 44.8469
30.9763 44.8469
30.9763 44.8469
30.8849 44.7677
30.8849 44.7677
38.4097 36.8182
38.4097 36.8182
38.4097 36.8182
26.9759 37.4507
26.9759 37.4507
26.9759 37.4507
26.9759 37.4507
26.9759 37.4507
26.9759 37.4507
26.9759 37.4507
26.9759 37.4507
26.9759 37.4507
26.9759 37.4507
26.9759 37.4507
26.9759 37.4507
26.9759 37.4507
24.5904 46.9105
24.5904 46.9105
24.5904 46.9105
24.5904 46.9105
11.3873 52.9306
11.3873 52.9306
11.3873 52.9306
11.3873 52.9306
11.3873 52.9306
11.3873 52.9306
11.3873 52.9306
11.3873 52.9306
11.3873 52.9306
11.3873 52.9306
11.3873 52.9306
11.3873 52.9306
11.3873 52.9306
11.3873 52.9306
11.3873 52.9306
11.3873 52.9306
11.3873 52.9306
11.3873 52.9306
11.3873 52.9306
11.3873 52.9306
10.0455 46.6217
10.0455 46.6217
10.0455 46.6217
10.0455 46.6217
10.0455 46.6217
10.0455 46.6217
10.0455 46.6217
10.0455 46.6217
10.0455 46.6217
10.0455 46.6217
10.0455 46.6217
10.0455 46.6217
10.0455 46.6217
10.0455 46.6217
10.0455 46.6217
10.0455 46.6217
10.0455 46.6217
10.0455 46.6217
10.0455 46.6217
10.0455 46.6217
10.0455 46.6217
10.0455 46.6217
10.0455 46.6217
10.0455 46.6217
10.0455 46.6217
10.0455 46.6217
15.8696 42.3346
15.8696 42.3346
15.8696 42.3346
15.8696 42.3346
15.8696 42.3346
15.8696 42.3346
15.8696 42.3346
15.8696 42.3346
15.8696 42.3346
15.8696 42.3346
15.8696 42.3346
15.8696 42.3346
15.8696 42.3346
15.8696 42.3346
15.8696 42.3346
15.8696 42.3346
15.8696 42.3346
15.8696 42.3346
9.84441 36.8766
9.84441 36.8766
9.84441 36.8766
9.84441 36.8766
9.84441 36.8766
9.84441 36.8766
9.84441 36.8766
9.84441 36.8766
9.84441 36.8766
9.84441 36.8766
17.3435 33.8347
17.3435 33.8347
17.3435 33.8347
17.3435 33.8347
17.3435 33.8347
17.3435 33.8347
17.3435 33.8347
17.3435 33.8347
17.3435 33.8347
17.3435 33.8347
17.3435 33.8347
17.3435 33.8347
17.3435 33.8347
17.3435 33.8347
14.1138 29.2216
14.1138 29.2216
14.1138 29.2216
14.1138 29.2216
14.1138 29.2216
16.0184 27.3369
16.0184 27.3369
16.0184 27.3369
16.0184 27.3369
16.0184 27.3369
12.1936 22.0122
12.1936 22.0122
12.1936 22.0122
12.1936 22.0122
11.306 15.8937
11.306 15.8937
11.306 15.8937
11.306 15.8937
11.306 15.8937
11.306 15.8937
11.306 15.8937
11.306 15.8937
11.306 15.8937
11.306 15.8937
11.306 15.8937
11.306 15.8937
19.5643 14.2627
19.5643 14.2627
19.5643 14.2627
19.5643 14.2627
19.5643 14.2627
19.5643 14.2627
24.5625 20.6039
24.5625 20.6039
24.5625 20.6039
24.5625 20.6039
24.5625 20.6039
27.1227 14.1654
27.1227 14.1654
27.1227 14.1654
27.1227 14.1654
33.2957 13.6527
33.2957 13.6527
33.2957 13.6527
33.2957 13.6527
33.2957 13.6527
33.2957 13.6527
33.2957 13.6527
33.2957 13.6527
33.5133 17.2952
33.5133 17.2952
30.0575 25.1958
30.0575 25.1958
30.0575 25.1958
30.0575 25.1958
30.0575 25.1958
36.2777 27.4124
36.2777 27.4124
36.2777 27.4124
36.2777 27.4124
36.2777 27.4124
36.2777 27.4124
36.2777 27.4124
36.2777 27.4124
36.2777 27.4124
36.2777 27.4124
43.0432 28.5181
43.0432 28.5181
43.0432 28.5181
43.0432 28.5181
43.0432 28.5181
43.0432 28.5181
43.0432 28.5181
43.0432 28.5181
55.0787 23.5335
55.0787 23.5335
55.0787 23.5335
55.0787 23.5335
55.0787 23.5335
55.0787 23.5335
55.0787 23.5335
56.4197 22.5322
56.4197 22.5322
56.4197 22.5322
56.4197 22.5322
56.4197 22.5322
56.4197 22.5322
56.4197 22.5322
56.4197 22.5322
56.4197 22.5322
56.4197 22.5322
56.4197 22.5322
63.3028 16.0156
63.3028 16.0156
63.3028 16.0156
63.3028 16.0156
63.3028 16.0156
