0,979,243,260,483,627,98,345,33,590,520,835,274,107,583,334,198,506,497,884,838,170,110,136,951,195,387,932,420,842,920,102,850,941,967,926,242,466,745,767,29,323,117,670,143,553,609,425,232,592,35,975,650,656,977,152,740,71,579,83,385,528,684,383,852,201,900,332,204,311,450,660,322,685,372,725,473,928,25,742,820,135,813,983,889,893,648,149,494,318,854,158,580,845,159,251,52,285,823,620,984,818,177,297,42,477,567,417,666,864,775,145,353,544,817,992,737,464,622,343,516,896,536,202,931,273,851,369,40,317,636,690,861,584,575,882,408,305,367,952,185,940,541,618,375,532,874,156,511,434,624,239,172,559,713,539,961,416,23,911,856,313,105,389,766,548,165,877,309,707,344,5,774,129,960,448,752,610,28,631,470,449,613,428,786,409,808,139,231,181,437,206,974,569,265,120,72,738,392,761,296,859,141,20,406,22,53,561,146,92,150,241,394,763,215,294,564,432,280,91,109,986,659,540,126,193,118,82,755,814,642,335,415,826,179,245,980,866,947,746,320,921,769,9,530,248,562,140,754,259,857,62,395,816,229,801,319,481,880,887,12,465,290,582,632,509,18,937,782,315,962,727,378,68,904,173,67,51,94,647,605,460,832,671,654,867,837,744,161,393,847,987,112,396,286,625,668,84,538,595,238,515,485,190,810,964,70,923,340,478,293,942,186,85,410,208,453,798,968,793,498,468,216,225,617,577,732,800,235,264,762,791,440,175,558,459,802,563,976,743,895,513,855,523,134,124,484,56,226,779,765,270,144,350,894,308,676,163,912,910,189,493,80,596,872,454,171,591,724,604,99,773,490,16,924,635,113,431,730,501,333,946,796,918,574,578,41,73,697,662,919,571,404,689,614,649,252,230,807,256,223,840,292,2,76,167,50,36,806,916,696,885,795,244,418,638,424,954,60,658,888,757,168,695,672,593,430,271,611,768,306,651,871,521,456,714,441,491,13,183,712,58,699,469,96,886,44,368,253,833,776,108,753,15,442,435,236,227,933,973,386,200,678,364,750,560,325,360,568,462,115,138,199,827,405,953,792,988,890,90,300,815,495,447,982,628,914,401,39,153,301,213,380,868,316,436,426,17,444,803,169,892,546,905,944,547,637,240,830,585,969,718,247,554,106,693,728,711,991,399,433,719,446,93,304,479,361,178,75,780,203,400,955,249,825,557,759,48,1,263,615,298,736,321,429,277,694,966,457,31,224,374,607,326,81,376,657,220,686,503,196,556,184,346,789,570,950,95,726,608,550,288,88,130,701,443,680,551,860,502,339,524,971,526,537,266,665,927,275,487,411,3,272,336,347,972,531,371,500,338,77,427,667,879,799,381,445,234,734,218,939,207,131,925,747,970,255,517,219,14,192,162,703,630,114,639,97,119,849,784,166,398,717,948,482,329,691,938,373,534,352,527,100,128,677,116,122,489,47,841,936,805,341,303,760,312,222,123,616,749,708,157,214,57,330,496,985,283,958,384,212,797,909,652,463,514,328,863,770,731,898,499,4,87,299,187,86,46,74,121,354,205,836,65,549,307,702,943,268,794,133,348,366,588,331,741,682,673,61,812,258,963,211,362,412,646,674,722,881,629,488,710,402,455,254,246,643,902,572,661,641,899,284,915,824,602,474,8,439,221,869,278,518,287,351,669,363,704,407,787,64,337,310,573,653,586,709,679,379,822,834,261,829,160,7,626,151,619,853,525,811,664,917,543,783,663,655,414,125,397,228,486,10,612,32,438,771,78,700,422,698,388,758,11,279,633,59,174,391,908,535,423,990,148,505,142,302,475,154,413,37,508,267,897,913,507,79,981,451,949,510,34,858,705,324,565,589,956,403,723,476,542,182,545,772,739,327,599,764,729,846,390,21,552,601,903,600,587,733,929,137,878,965,349,132,645,233,291,359,788,382,735,237,715,688,901,127,54,720,461,210,269,101,756,603,147,471,839,778,891,38,922,49,522,356,180,30,365,683,809,89,804,576,957,640,104,907,597,623,945,282,357,66,358,681,594,533,621,452,188,876,281,370,492,519,276,844,989,262,843,197,906,191,748,69,472,935,687,342,870,194,862,566,512,848,421,692,706,257,209,26,934,111,873,883,529,467,865,555,289,480,875,164,155,716,634,790,27,217,828,377,930,978,19,250,45,63,819,55,675,43,644,606,314,785,355,6,831,959,751,458,419,24,781,581,295,821,598,777,103,176,721,504,
value : 543.969 running time : 34.942094
80 20
84.0318 18.4509
85.6326 17.8359
86.2684 17.5916
86.2684 17.5916
86.138 19.9729
85.8787 24.706
85.8141 25.8846
85.5603 30.5177
85.3883 33.6588
85.2178 36.7715
85.0346 40.1142
84.8467 43.5446
84.5021 49.8351
84.3804 52.0575
84.5105 52.2738
84.6171 52.4509
84.7236 52.6278
84.82 52.7881
83.7783 52.9872
82.6017 53.2122
81.4336 53.4355
76.763 54.3289
76.6063 54.1489
76.445 53.9636
76.2682 53.7605
76.1203 53.5906
75.9631 53.41
75.8101 53.2342
75.6358 53.034
75.5213 52.9025
75.4035 52.7673
75.2863 52.6326
75.1667 52.4952
75.0369 52.3461
74.8983 52.1869
74.7768 52.0473
74.626 51.8741
74.5041 51.7341
74.5041 51.7341
74.5041 51.7341
74.5041 51.7341
74.2523 52.0443
74.0572 52.2847
73.8415 52.5504
73.6429 52.7951
73.4499 53.0329
73.1132 53.4478
72.7558 53.8882
72.0854 54.7144
68.7361 58.8444
70.9153 61.4992
71.9301 62.7352
73.019 64.0615
74.6895 66.0964
76.1513 67.8771
77.9511 70.0696
77.9511 70.0696
77.9511 70.0696
77.9511 70.0696
77.9511 70.0696
77.9511 70.0696
77.9511 70.0696
78.3852 70.7551
78.8371 71.4689
79.3705 72.3113
80.0495 73.3841
80.9296 74.7745
81.8547 76.2361
82.7427 77.6389
83.4955 78.8281
84.2993 80.098
85.0995 81.3622
85.5889 82.1352
85.9908 82.7699
84.9249 84.4085
83.8834 86.0093
82.8818 87.5486
82.8818 87.5486
81.788 87.714
80.751 87.8708
79.7623 88.0202
79.5516 88.052
79.3719 88.0792
79.3547 88.0808
78.1156 88.1999
76.8747 88.3192
75.2675 88.4737
74.8414 88.5147
74.3784 88.5592
73.984 88.5971
73.5855 88.6354
73.204 88.6721
72.8016 88.7108
72.4384 88.7457
72.0046 88.7874
71.5918 88.8271
71.2328 88.8616
70.8664 88.8968
70.5006 88.932
70.1558 88.9651
69.8805 88.9916
69.4764 89.0304
69.1503 89.0618
68.8273 89.0928
68.5203 89.1224
68.2276 89.1505
67.9752 89.1748
67.5454 89.2161
67.091 89.2598
66.4958 89.317
65.7365 89.39
64.9777 89.463
64.0481 89.5523
62.9963 89.6534
61.8944 89.7594
60.8066 89.8639
59.8782 89.9532
58.7552 90.0612
56.7317 90.2557
56.5063 90.2773
56.2961 90.2975
56.0845 90.3179
55.9005 90.3356
55.7112 90.3538
55.4921 90.3748
55.2468 90.3984
55.0243 90.4198
54.7922 90.4421
54.5727 90.4632
54.2871 90.4907
54.0498 90.5135
53.7892 90.5385
53.5662 90.56
53.3219 90.5834
53.0423 90.6103
52.7609 90.6374
52.5001 90.6624
52.2749 90.6841
52.0378 90.7069
51.8032 90.7294
51.4783 90.7607
51.1758 90.7897
50.8949 90.8167
50.5847 90.8466
50.319 90.8721
50.0477 90.8982
49.829 90.9192
49.6132 90.9399
49.3908 90.9613
49.1451 90.9849
48.8803 91.0104
48.6214 91.0353
48.5739 91.0398
48.5257 91.0445
48.4761 91.0492
48.4308 91.0536
48.3807 91.0584
48.3383 91.0625
48.293 91.0669
48.1365 91.0819
47.9139 91.1033
47.6598 91.1277
47.4132 91.1514
47.1829 91.1735
46.9728 91.1937
46.8019 91.2102
46.6147 91.2282
46.4429 91.2447
46.2673 91.2615
46.1423 91.2736
44.776 91.4049
43.4074 91.5364
41.3635 91.7328
39.2911 91.9319
38.5945 91.9989
37.8841 92.0672
37.1981 92.1331
36.8684 92.1648
36.6391 92.1868
36.5315 92.1972
36.4192 92.208
36.2944 92.22
36.1695 92.232
36.0468 92.2438
35.9276 92.2552
35.9716 92.2008
36.0156 92.1463
36.0614 92.0896
36.1052 92.0354
36.1503 91.9796
36.1906 91.9297
36.229 91.8823
36.2695 91.8321
36.3079 91.7846
36.3473 91.7358
36.3883 91.6851
36.4287 91.6351
36.469 91.5852
36.5054 91.5401
36.5495 91.4857
36.5495 91.4856
36.7393 91.3367
36.9158 91.1982
39.3694 89.2736
39.6112 89.0839
39.87 88.8808
40.1517 88.6597
40.3909 88.472
40.6469 88.2711
40.9317 88.0476
41.7862 87.3772
42.6407 86.7068
43.5885 85.9631
44.7413 85.0587
45.935 84.1222
47.1 83.2083
48.2955 82.2704
48.4884 82.119
48.6805 81.9683
48.8611 81.8265
48.8753 81.9779
48.8921 82.1575
48.9067 82.3129
48.9241 82.499
48.9414 82.6829
48.9589 82.8699
48.9731 83.0213
48.9882 83.1828
49.0052 83.3638
49.0193 83.5146
49.034 83.6711
49.0499 83.8412
49.0644 83.9962
49.0805 84.1681
49.0976 84.3503
49.1152 84.5383
49.1293 84.6881
49.4571 84.4656
49.7618 84.2587
50.1527 83.9934
50.5814 83.7024
50.9659 83.4413
51.2764 83.2306
51.5033 83.0765
51.7624 82.9007
52.0328 82.7171
52.3326 82.5136
52.6251 82.3151
52.9364 82.1038
53.2421 81.8962
53.5124 81.7128
54.1704 81.2661
54.6844 80.9172
55.2072 80.5623
55.7068 80.2232
56.1328 79.934
57.4805 79.0192
57.7108 78.8628
57.9734 78.6846
58.2635 78.4877
58.5994 78.2597
58.606 78.0852
58.6119 77.9277
58.6172 77.7838
58.6224 77.6459
58.6274 77.511
58.6326 77.3731
58.6817 76.0649
58.7294 74.7918
58.7771 73.5198
58.7771 73.5198
58.7771 73.5197
58.7771 73.5197
58.7771 73.5197
58.7771 73.5196
58.7771 73.5196
58.7772 73.5195
58.7772 73.5195
58.7772 73.5194
58.7772 73.5194
58.7772 73.5194
58.7772 73.5193
58.7772 73.5193
58.7772 73.5193
58.7772 73.5192
58.7772 73.5192
58.7401 72.2744
58.6937 70.7222
58.6628 69.6811
58.633 68.6784
58.6027 67.6568
58.5713 66.6031
58.5392 65.5241
58.5303 65.2227
58.5219 64.9372
58.5136 64.6539
58.5052 64.3658
58.4963 64.0637
58.488 63.7789
58.4797 63.4975
58.4713 63.2107
58.4625 62.9103
58.4543 62.6311
58.4468 62.3762
58.4392 62.1154
58.4311 61.8384
58.0618 62.0165
57.8714 62.1084
57.6848 62.1984
57.4726 62.3007
57.2691 62.3989
56.3675 62.8338
55.4752 63.2641
54.2789 63.8411
53.9733 63.9885
53.6523 64.1434
53.3556 64.2865
53.0661 64.4262
52.7857 64.5615
52.4664 64.7155
52.1518 64.8672
51.8241 65.0253
51.4892 65.1868
51.3046 65.2759
51.1134 65.3681
50.8867 65.4775
50.7029 65.5662
50.267 65.7444
49.8573 65.9118
49.5045 66.056
49.0472 66.243
48.5586 66.4427
47.6466 66.8155
47.1032 67.0376
46.5344 67.2702
46.0262 67.4779
45.5165 67.6862
45.0543 67.8752
44.6655 68.0341
44.1979 68.2253
43.4823 68.5178
42.7606 68.8128
41.8741 69.1752
40.9949 69.5346
40.0314 69.9284
39.9135 69.9766
39.7803 70.0311
39.6455 70.0862
39.5308 70.133
39.4009 70.1861
39.2616 70.2431
39.1425 70.2917
39.0184 70.3425
38.8956 70.3927
38.7635 70.4467
38.6437 70.4957
38.5077 70.5512
38.3698 70.6076
38.2276 70.6657
38.0797 70.7262
37.957 70.7764
37.2017 71.2498
36.3872 71.7603
35.4649 72.3385
34.7292 72.7996
34.1201 73.1814
33.3678 73.653
32.6148 74.125
31.6915 74.7038
30.837 75.2394
30.146 75.6726
29.5324 76.0572
29.1097 76.3221
28.6877 76.5866
28.3147 76.8204
27.9493 77.0494
27.8709 77.0986
27.8003 77.1428
27.725 77.19
27.6376 77.2448
27.5521 77.2984
27.4731 77.3479
27.8657 77.6853
28.1035 77.8896
28.3396 78.0926
28.5918 78.3094
28.8536 78.5343
28.8536 78.5343
28.8536 78.5343
28.8536 78.5343
28.8536 78.5343
28.8536 78.5343
28.8394 79.0335
28.8244 79.5594
28.8086 80.1123
28.7938 80.6335
28.7765 81.2408
28.7765 81.2408
28.6101 81.4645
28.4579 81.6691
28.3069 81.8721
28.1268 82.1142
27.9188 82.3939
27.7081 82.6772
27.52 82.93
27.3115 83.2103
27.1373 83.4445
27.02 83.6022
26.8785 83.7925
26.7633 83.9474
26.6597 84.0866
26.5615 84.2187
26.4595 84.3558
26.3595 84.4902
26.2618 84.6215
26.157 84.7624
26.064 84.8874
25.9634 85.0227
25.8531 85.171
25.7335 85.3318
25.5078 85.6352
25.2716 85.9528
24.9918 86.329
24.7508 86.6529
24.4716 87.0283
24.3063 87.2505
24.3063 87.2506
22.7991 88.7271
22.5809 88.7336
22.369 88.7399
22.1442 88.7466
21.9271 88.7531
21.7222 88.7592
21.5094 88.7656
21.2994 88.7718
21.0882 88.7781
20.8742 88.7845
20.6517 88.7911
20.4446 88.7973
20.2355 88.8035
20.0327 88.8096
19.822 88.8159
19.644 88.8211
19.4716 88.8263
19.1093 88.8371
18.762 88.8474
18.3932 88.8584
18.0243 88.8694
17.2379 88.8929
16.3884 88.9182
15.4807 88.9453
14.8771 88.9633
14.1884 88.9839
13.3508 89.0089
12.4999 89.0343
12.3963 89.0374
12.2971 89.0403
12.1635 89.0443
12.0204 89.0486
11.8757 89.0529
11.7243 89.0574
11.5835 89.0616
11.4586 89.0653
11.3389 89.0689
11.2235 89.0723
11.0909 89.0763
10.9626 89.0801
10.8115 89.0846
10.6768 89.0886
10.5329 89.0929
10.3707 89.0977
10.2111 89.1025
10.0536 89.1072
9.90673 89.1116
9.76673 89.1157
9.63237 89.1197
9.49574 89.1238
9.45692 88.7976
9.45692 88.7976
9.45692 88.7976
9.45692 88.7976
9.45692 88.7976
9.45692 88.7976
9.45692 88.7976
9.45692 88.7976
9.45692 88.7976
9.45692 88.7976
9.45692 88.7975
9.45692 88.7975
9.45692 88.7975
9.45692 88.7975
9.47426 88.6546
9.49498 88.4839
9.51885 88.2873
9.54117 88.1034
9.56063 87.9431
9.57878 87.7935
9.59863 87.6299
9.61738 87.4754
9.63799 87.3056
9.65822 87.1389
9.67787 86.977
9.69648 86.8236
9.71481 86.6726
9.73136 86.5362
9.74901 86.3907
9.7681 86.2334
9.78569 86.0885
9.8008 85.9638
9.8201 85.8047
9.84084 85.6338
9.861 85.4678
9.88229 85.2923
9.90015 85.1451
9.92358 84.952
9.94871 84.745
9.96925 84.5757
10.0106 84.2352
10.0425 83.9723
10.0762 83.6943
10.1056 83.452
10.1361 83.2005
10.1698 82.9231
10.2043 82.6387
10.2481 82.2778
10.281 82.007
10.3042 81.8154
10.3283 81.6169
10.3527 81.4156
10.3772 81.2144
10.403 81.0011
10.4231 80.836
10.444 80.6636
10.4692 80.4556
10.4923 80.2652
10.5199 80.0376
10.5475 79.8102
10.5738 79.5931
10.6061 79.3275
10.674 78.7681
10.7428 78.2012
10.8019 77.7144
10.9248 76.7027
11.0496 75.6746
11.1639 74.7337
11.2604 73.939
11.3504 73.198
11.4171 73.1154
11.4839 73.033
11.5523 72.9484
11.6298 72.8526
11.7082 72.7557
11.7922 72.6518
11.8703 72.5552
11.9393 72.47
12.0062 72.3874
12.0816 72.2942
12.1488 72.2111
12.2248 72.1172
12.3022 72.0215
12.7284 72.7425
13.1712 73.4915
13.5055 74.0569
13.8611 74.6586
14.0329 74.9491
14.496 75.6817
14.9425 76.3879
15.2046 76.8025
15.4717 77.2253
15.7144 77.6091
15.9431 77.9711
15.6413 77.2173
15.3288 76.437
15.1707 76.0424
15.0141 75.6514
14.8468 75.2338
14.6931 74.8502
14.5355 74.4567
14.3833 74.077
14.2361 73.7096
14.0765 73.3112
13.9342 72.9561
13.9323 72.953
13.9304 72.9498
13.62 72.441
13.2425 71.822
12.8769 71.2226
12.3952 70.4329
11.8739 69.5782
11.2772 68.5996
10.5921 67.476
9.88869 66.3225
9.27316 65.3129
9.27316 65.3129
9.27315 65.3129
9.27315 65.3129
9.27315 65.3129
9.27315 65.3129
9.27315 65.3129
9.27314 65.3129
9.27314 65.3129
9.27314 65.3129
9.27314 65.3129
9.27314 65.3129
9.27314 65.3129
9.27313 65.3129
9.27313 65.3129
9.27313 65.3129
9.27313 65.3129
9.27313 65.3129
9.27313 65.3129
9.26755 65.1883
9.26212 65.0666
9.25738 64.9606
9.25284 64.8592
9.24817 64.7546
9.2434 64.6482
9.23846 64.5376
9.23347 64.426
9.22828 64.31
9.22342 64.2012
9.21784 64.0763
9.21279 63.9635
9.20758 63.8468
9.20277 63.7393
9.18005 63.2312
9.15471 62.6645
9.12439 61.9861
9.10952 61.6538
9.09387 61.3038
9.08069 61.0091
9.06363 60.6277
9.04518 60.2152
9.01839 59.6159
8.98576 58.886
8.909 57.1679
8.83218 55.4487
8.8126 55.011
8.79492 54.6157
8.77905 54.2609
8.76377 53.9195
8.74792 53.5653
8.73197 53.2087
8.71902 52.9193
8.70446 52.5939
8.69097 52.2924
8.67642 51.9672
8.6624 51.6538
8.64797 51.3311
8.63447 51.0296
8.62077 50.7233
8.60655 50.4053
8.59309 50.1045
8.57882 49.7856
8.556 49.2752
8.53743 48.86
8.51865 48.4402
8.50167 48.0607
8.48655 47.7231
8.47154 47.3878
8.45306 46.9747
8.4353 46.5778
8.41206 46.0581
8.38631 45.4822
8.3652 45.0102
8.34018 44.4508
8.32431 44.096
8.30955 43.7661
8.29566 43.4558
8.28221 43.1553
8.26929 42.8666
8.23797 42.1669
8.19941 41.3049
8.1564 40.3434
8.0949 38.9677
8.06573 38.3161
8.03513 37.6321
8.00257 36.9045
7.96419 36.0465
7.91355 34.9138
7.879 34.1416
7.79925 32.3578
7.74114 31.059
7.66706 29.4021
7.60342 27.9792
7.74875 28.0447
7.9079 28.1164
10.1374 27.7684
13.3861 27.2611
14.6893 27.0577
15.3835 26.9494
15.8228 26.8809
16.2869 26.8085
16.7422 26.7375
16.7422 26.7375
16.0161 25.7811
15.2759 24.806
14.4521 23.7209
13.5726 22.5623
13.4172 21.8744
13.2113 20.963
13.0372 20.1929
12.8884 19.534
12.7541 18.9395
12.6045 18.2774
12.4494 17.5908
12.3118 16.9819
12.1351 16.1997
11.9809 15.5173
11.9809 15.5173
12.0808 15.558
12.182 15.5993
12.2768 15.6379
12.3748 15.6779
12.4751 15.7188
12.5859 15.764
12.6897 15.8063
12.9846 15.9266
13.2966 16.0538
13.6413 16.1943
13.9578 16.3234
14.2905 16.459
14.6004 16.5854
15.191 16.8261
15.7168 17.0405
15.8009 17.0748
15.8815 17.1076
15.9584 17.139
16.9227 17.532
17.8556 17.9122
18.7271 18.2674
19.5474 18.6018
20.2906 18.9047
20.941 19.1698
21.4877 19.3926
21.9896 19.5972
22.4891 19.8009
23.8065 20.3377
25.0924 20.8617
26.2516 21.3341
27.3415 20.6146
35.2115 15.4206
35.106 15.7804
34.9896 16.1775
34.864 16.6059
34.7216 17.0915
34.5692 17.6111
34.4137 18.1414
34.2073 18.8452
34.0798 19.2801
33.9577 19.6964
33.831 20.1286
33.6928 20.5997
33.5405 21.1192
32.4936 24.6888
32.1031 26.0205
31.6814 27.4586
31.5482 27.9127
31.4082 28.3902
31.2491 28.9326
31.0935 29.4631
30.8873 30.1664
30.7196 30.7383
30.5336 31.3727
30.3954 31.8439
29.941 33.3931
29.6045 34.5408
29.5091 34.8661
29.3942 35.2579
29.3378 35.4502
29.2794 35.6493
29.221 35.8483
27.8267 37.6543
27.128 38.559
26.4034 39.4974
25.9752 40.0519
25.5682 40.5789
25.1442 41.1279
24.7107 41.6892
24.2903 42.2337
24.0233 42.5793
23.592 43.1378
23.5446 43.3857
23.49 43.6716
23.4321 43.9748
23.3772 44.2619
23.326 44.53
23.2727 44.8085
23.1997 45.1904
23.1644 45.3755
23.132 45.5448
23.0946 45.7404
23.0607 45.918
23.0213 46.1244
22.9877 46.3002
22.9551 46.4705
22.9259 46.6233
22.8966 46.7765
22.8683 46.925
22.8408 47.0686
22.813 47.2142
22.7825 47.3737
22.6915 47.8498
22.5902 48.3799
22.5862 48.4007
22.5823 48.4212
22.5782 48.4427
22.5738 48.4657
22.5129 48.9692
22.4492 49.4964
22.3769 50.0949
22.2911 50.8056
22.2379 51.2452
22.2026 51.5373
22.1616 51.8765
22.1255 52.1755
22.0922 52.4509
22.0606 52.7118
22.0329 52.9409
21.9991 53.2206
21.9659 53.495
21.9361 53.7414
21.9036 54.0108
21.8726 54.2668
21.84 54.5364
21.8089 54.7939
21.8089 54.7939
21.8089 54.7939
21.8089 54.7939
21.8089 54.7939
22.0161 55.1226
22.3345 55.628
22.7965 56.3612
23.2228 57.0377
23.6396 57.6993
23.9759 58.233
24.1902 58.5731
24.3948 58.8978
24.6229 59.2598
24.8553 59.6285
25.0866 59.9956
25.3016 60.3368
25.3883 60.4745
25.4752 60.6124
25.5666 60.7574
25.6596 60.9051
26.1792 60.6772
26.7187 60.4407
27.264 60.2016
27.7222 60.0007
28.161 59.8082
28.3594 59.694
28.5673 59.5743
28.7796 59.452
29.2153 59.201
29.6035 58.9774
30.0514 58.7195
30.4383 58.4966
30.8425 58.2638
31.2601 58.0233
31.7369 57.7487
32.3266 57.4091
32.7865 57.1442
33.069 56.8996
33.3401 56.665
33.6402 56.4052
33.9148 56.1675
34.1916 55.9278
34.7122 55.4773
35.1949 55.0596
35.6484 54.667
36.0949 54.2806
36.0949 54.2806
36.0949 54.2806
36.0949 54.2806
36.0949 54.2806
36.0949 54.2806
36.0949 54.2806
36.0949 54.2806
36.0949 54.2806
36.3608 54.2562
36.6215 54.2324
36.892 54.2076
37.1558 54.1835
37.2651 54.1735
37.3695 54.1639
37.4787 54.1539
37.5925 54.1435
37.6916 54.1344
37.791 54.1254
37.9046 54.115
38.0088 54.1054
38.1054 54.0966
38.3116 54.0777
41.5717 53.779
52.7545 52.753
52.7566 52.3622
52.7587 51.959
52.7607 51.5719
52.7626 51.2109
52.7787 48.2409
52.7835 47.33
52.7876 46.5543
52.7876 46.5543
50.4116 47.2318
45.2155 48.7144
45.2155 48.7144
45.2155 48.7144
45.2155 48.7144
45.0857 48.4134
44.9745 48.1553
44.8449 47.8547
44.7042 47.5283
44.5638 47.2025
44.3494 46.7053
44.14 46.2197
43.9513 45.7821
43.7719 45.3661
43.4441 44.6058
43.0492 43.6902
42.6832 42.8416
42.2871 41.9231
42.0277 41.3216
42.0263 41.0561
42.0248 40.7698
42.0231 40.4448
42.0217 40.173
42.0203 39.9075
42.0186 39.5638
42.0168 39.2197
42.0147 38.8244
42.0127 38.4304
42.0106 38.0211
42.0077 37.4696
42.004 36.7605
42.0008 36.1439
41.9975 35.4993
41.9904 34.1267
41.9831 32.7074
41.9767 31.4718
41.9749 31.1299
41.9732 30.8037
41.9725 30.6562
41.9717 30.5005
42.3391 30.7128
43.3384 31.2897
44.4026 31.9041
45.3932 32.476
46.3127 33.0069
47.3258 33.5918
48.6177 34.3376
48.6177 34.3376
48.6177 34.3376
49.3317 34.3848
50.0328 34.4312
50.5316 34.4643
51.5444 34.5312
52.4569 34.5916
53.1437 34.637
53.7836 34.6794
54.3801 34.7189
54.9735 34.7582
55.5004 34.7931
56.0868 34.8319
56.9306 34.8877
57.5914 34.9314
58.6352 35.0005
58.7307 35.057
58.8388 35.1209
58.9341 35.1772
59.0314 35.2348
59.1984 34.7379
59.4337 34.0377
59.6965 33.2559
59.948 32.5077
60.2212 31.6949
60.4765 30.9353
60.7179 30.2172
60.9341 29.5739
61.1704 28.8708
61.6923 27.3188
62.2086 26.2625
62.6693 25.3197
63.2346 24.163
63.7251 23.1592
64.1964 22.1946
65.2946 19.9483
66.4422 17.6008
67.6201 15.1913
69.7036 16.0008
72.276 17.0002
75.3569 18.197
