0,979,243,627,483,260,345,98,745,33,590,520,835,670,609,274,190,977,242,506,198,170,29,195,967,592,884,201,951,136,838,107,387,497,385,528,648,660,204,311,450,25,372,685,322,889,928,473,580,666,494,725,742,159,135,149,983,820,893,285,620,817,318,52,251,854,158,813,567,775,847,818,145,417,864,937,744,900,509,579,71,83,481,465,837,823,801,378,856,353,367,737,369,947,313,816,622,177,911,185,584,544,62,464,42,992,952,516,575,408,434,690,896,344,961,774,511,624,931,40,193,140,126,814,851,51,845,18,297,273,118,395,984,415,880,887,9,248,280,477,317,782,229,618,335,12,215,513,832,109,617,802,294,530,636,564,895,319,755,562,563,515,173,791,987,605,440,112,632,91,894,235,582,468,94,743,208,671,986,315,432,968,769,144,861,921,800,82,662,857,855,56,765,558,779,798,282,216,471,264,370,493,732,54,291,21,645,225,715,804,929,459,16,124,523,484,576,404,350,410,683,171,104,175,910,604,957,689,365,596,359,965,591,724,878,540,252,578,163,757,501,308,80,141,807,561,172,2,189,129,270,614,253,976,296,226,134,642,940,305,539,437,241,150,672,877,919,840,649,416,746,206,448,245,754,980,406,179,259,165,202,826,320,713,659,707,230,394,449,53,239,763,23,156,882,559,532,105,541,5,786,974,866,808,265,139,874,536,375,569,766,389,392,309,343,22,548,470,96,181,738,613,146,271,292,795,231,60,806,92,72,428,885,752,610,120,773,918,73,960,28,36,386,462,611,424,469,431,244,916,495,249,442,17,15,115,13,399,695,227,430,631,409,521,651,456,491,954,490,697,825,306,714,768,933,288,48,696,712,871,593,183,41,167,76,223,20,50,761,441,888,833,454,368,256,58,859,418,88,638,44,608,327,571,792,321,699,982,31,93,886,361,500,726,400,346,1,973,304,169,711,380,213,560,446,753,827,153,776,678,199,405,557,106,719,435,236,750,200,988,39,914,718,444,637,263,868,803,736,447,325,568,759,426,95,138,401,585,547,955,316,693,247,364,905,969,203,360,436,240,14,168,162,860,90,686,300,657,546,457,551,301,502,184,503,487,953,728,639,615,108,556,890,433,892,554,178,427,75,944,570,830,815,628,224,298,991,207,667,601,600,607,897,680,119,338,948,665,277,219,946,326,479,717,374,272,131,879,550,339,333,398,927,924,658,411,599,630,524,587,772,950,796,780,113,97,872,99,537,443,429,705,901,81,422,130,132,376,701,730,789,574,275,635,756,324,79,382,735,981,640,510,89,846,729,279,788,938,691,451,552,903,533,507,137,922,839,34,971,390,545,220,526,482,266,739,233,720,698,733,329,764,677,349,633,956,565,747,784,142,758,3,196,114,267,543,59,341,47,123,496,116,542,77,192,517,381,970,371,234,734,939,799,347,445,531,708,966,694,255,218,760,214,589,925,166,527,373,703,303,749,505,100,122,841,849,499,212,157,463,489,972,731,312,128,616,154,985,652,57,10,909,222,829,805,936,148,182,723,283,700,205,352,78,391,797,535,748,679,619,397,151,913,336,534,771,525,663,858,475,32,949,49,688,403,869,687,174,438,908,388,476,65,125,655,612,37,862,783,706,811,221,278,474,602,121,641,836,486,307,246,354,549,915,990,228,328,299,46,331,710,330,863,770,87,963,943,423,384,572,455,258,133,514,794,74,4,86,898,268,958,187,661,402,61,412,673,211,899,8,254,722,348,682,362,674,741,881,629,366,812,588,646,351,669,488,64,902,439,702,643,704,363,26,518,379,626,310,287,284,111,883,824,337,407,573,653,822,709,356,467,787,529,257,586,7,853,917,160,934,191,209,261,164,419,555,55,865,785,873,250,342,69,452,289,421,930,844,828,27,870,276,692,594,217,458,681,63,751,194,66,197,848,834,155,935,989,790,414,19,11,180,603,891,566,237,302,664,38,413,269,508,480,876,210,30,912,809,147,778,453,621,945,281,597,498,843,101,461,623,676,512,522,127,906,492,472,186,519,117,286,716,70,188,875,577,810,35,926,485,68,942,793,262,907,85,923,161,762,595,538,396,84,668,964,152,460,767,393,867,625,238,478,647,852,102,420,656,904,340,654,293,650,962,290,727,332,334,740,67,110,684,975,932,383,941,583,850,425,232,606,920,466,143,45,358,644,842,553,323,314,357,634,355,377,781,821,43,675,978,295,819,504,6,598,24,777,831,959,721,103,581,176,
value : 543.095 running time : 34.232040
80 20
83.6269 18.6064
85.1705 18.0134
85.795 17.7735
86.2684 17.5916
86.2684 17.5916
85.3093 21.6015
83.8688 27.6257
82.5199 33.2655
82.18 34.6864
81.8045 36.2562
81.3334 38.2257
80.7223 40.7804
80.0229 43.7042
79.5584 45.6461
79.0169 47.9096
77.6981 53.4242
77.9307 53.7171
78.1226 53.9586
78.3109 54.1956
78.4681 54.3936
78.6264 54.5928
78.6654 54.6418
78.9544 55.0057
79.2769 55.4116
79.6005 55.819
80.2211 56.6003
80.7747 57.2972
81.3128 57.9746
81.8846 58.6943
82.4984 59.467
83.1781 60.3227
83.8472 61.165
84.6494 62.1749
85.164 67.5078
85.5099 71.0926
85.7945 74.0414
85.8829 74.9579
85.9748 75.9097
86.0703 76.8993
86.1676 77.9078
86.2943 79.2204
86.3592 79.8938
84.8592 82.1187
83.199 84.5811
82.0965 86.2163
80.5207 88.5536
79.4838 88.5967
78.3678 88.643
78.1205 88.6533
77.9023 88.6623
77.6894 88.6712
77.4473 88.6812
77.2155 88.6908
76.9871 88.7003
76.745 88.7103
76.745 88.7103
76.1849 88.5493
75.5683 88.3719
74.8963 88.1786
74.2366 87.9889
74.1625 87.8655
73.9149 87.4533
73.6477 87.0085
73.2954 86.422
72.8233 85.6361
72.3017 84.768
71.7308 83.8178
71.1686 82.8823
70.5524 81.8568
69.9526 80.8586
69.9526 80.8586
69.9526 80.8586
69.9526 80.8586
69.9526 80.8586
69.9526 80.8586
69.9526 80.8586
69.9526 80.8586
69.4002 81.241
68.9078 81.5818
68.3357 81.9779
67.7438 82.3875
67.1301 82.8124
66.5058 83.2445
65.8693 83.6851
64.887 84.3655
63.7058 85.1834
62.5626 85.975
61.5562 86.672
61.5562 86.672
61.3317 86.7887
61.1385 86.8891
60.9557 86.9841
60.7555 87.0881
60.5768 87.181
60.4121 87.2666
60.2445 87.3537
60.0519 87.4537
59.8527 87.5573
59.6974 87.638
59.5387 87.7204
59.3923 87.7965
59.0627 87.9678
58.7953 88.1067
58.5083 88.2559
58.1971 88.4176
57.8761 88.5844
57.5694 88.7438
57.3141 88.8765
57.0071 89.036
56.7261 89.182
56.514 89.2923
56.2738 89.4171
56.0377 89.5398
55.8105 89.6579
55.8671 89.2656
55.9187 88.9081
55.988 88.4283
56.1089 87.5907
56.2009 86.9528
56.2989 86.2738
56.5396 85.9289
56.7737 85.5936
57.0038 85.264
57.7112 84.2506
58.5625 83.0309
58.5625 83.0309
58.4437 82.9333
58.3362 82.845
58.231 82.7586
58.0548 82.6139
57.8903 82.4788
57.7347 82.351
57.5455 82.1955
57.3696 82.0511
57.2024 81.9137
57.0236 81.7668
56.8528 81.6265
56.7203 81.5177
56.5913 81.4117
56.4288 81.2782
56.2512 81.1324
56.1008 81.0088
55.9526 80.887
54.7035 79.8609
53.3853 78.778
51.901 77.5584
51.9478 77.3331
51.9929 77.1163
52.036 76.9087
52.0763 76.715
52.1113 76.5466
52.147 76.3748
52.1853 76.1908
52.2257 75.9964
52.2659 75.8029
52.3074 75.6032
52.3458 75.4184
52.3896 75.208
52.4342 74.9931
52.4834 74.7567
52.5377 74.4951
52.5683 74.3483
52.2995 74.1985
52.1115 74.0936
51.9074 73.9797
51.7005 73.8643
51.4884 73.746
51.2684 73.6233
51.0468 73.4997
50.8136 73.3696
50.6104 73.2563
50.4267 73.1538
50.2187 73.0378
50.0151 72.9242
49.7934 72.8005
49.6075 72.6969
49.4173 72.5907
49.176 72.4562
48.9684 72.3403
48.7327 72.2089
48.477 72.0663
48.2501 71.9397
48.0028 71.8017
47.7982 71.6877
47.3151 71.4181
46.8134 71.1383
45.9038 70.6309
44.536 69.868
44.3848 69.7836
44.2037 69.6827
43.9977 69.5678
43.8202 69.4687
43.6655 69.3825
43.5043 69.2925
43.346 69.2042
43.1846 69.1142
42.5295 68.7488
41.6852 68.2778
41.0532 67.9253
40.4146 67.5691
40.3746 67.5965
40.3391 67.6209
40.3015 67.6467
40.2629 67.6731
40.2241 67.6997
40.1876 67.7247
40.1515 67.7495
40.1157 67.7741
40.0805 67.7982
40.0435 67.8236
38.1579 69.1163
36.2691 70.4111
36.2691 70.4111
36.2691 70.4111
36.2691 70.4111
36.2691 70.4111
36.2691 70.4111
36.2691 70.4111
36.2691 70.4111
36.2691 70.4111
36.2691 70.4111
36.2691 70.4111
36.2691 70.4111
36.2691 70.4111
36.2691 70.4111
36.2691 70.4111
36.2004 70.8985
36.1424 71.3098
36.078 71.7666
36.0086 72.2596
35.935 72.7816
35.8278 73.5426
35.7186 74.3178
35.6078 75.1042
35.488 75.9538
35.361 76.8554
35.2319 77.7714
35.2403 77.7838
35.2485 77.7959
35.2562 77.8074
35.3337 77.9221
35.4874 78.1497
35.6399 78.3757
35.7863 78.5924
35.9284 78.8028
36.0668 79.0078
36.1896 79.1897
36.3182 79.3801
36.4542 79.5816
36.5654 79.7463
36.6862 79.9251
36.8062 80.1028
36.9207 80.2724
37.0384 80.4467
37.1568 80.622
37.2797 80.804
38.1129 82.0385
38.7537 82.9876
39.051 83.4279
39.275 83.7596
39.4929 84.0824
39.7101 84.404
39.9253 84.7227
40.2665 85.1028
40.6482 85.5281
40.9896 85.9086
41.3663 86.3283
41.7816 86.7911
42.259 87.323
42.7434 87.8627
43.1138 88.2754
43.4803 88.6838
43.8315 89.0752
44.1856 89.4698
44.4796 89.7974
44.6766 90.0168
44.8942 90.2593
45.1325 90.5247
45.3442 90.7607
45.5567 90.9975
45.5567 90.9975
45.5567 90.9975
45.5567 90.9975
45.5567 90.9975
45.5567 90.9975
45.5567 90.9975
45.5567 90.9975
45.5567 90.9975
45.5567 90.9975
45.5567 90.9975
45.5567 90.9975
45.5567 90.9975
45.2503 90.9579
44.964 90.9208
44.4314 90.852
43.9329 90.7875
43.3816 90.7162
42.7982 90.6408
42.0216 90.5403
41.0688 90.4171
40.7998 90.3823
40.5363 90.3483
40.2303 90.3087
39.9846 90.2769
39.7359 90.2448
39.5077 90.2153
39.2602 90.1833
38.9571 90.1441
38.6359 90.1025
38.3356 90.0637
38.0317 90.0244
37.6951 89.9809
37.3971 89.9423
37.0978 89.9036
36.7372 89.857
36.3922 89.8124
36.0455 89.7675
35.7031 89.7233
35.4126 89.6857
35.0768 89.6423
34.7261 89.5969
34.3739 89.5514
34.0145 89.5049
33.6715 89.4606
33.2945 89.4118
32.9328 89.365
32.5575 89.3165
32.2256 89.2736
31.9015 89.2317
31.569 89.1887
31.1869 89.1393
30.8331 89.0935
30.5411 89.0557
30.0403 88.991
29.5956 88.9335
29.1501 88.8759
28.7038 88.8181
28.257 88.7604
27.8258 88.7046
26.754 88.566
25.517 88.406
24.1876 88.2341
24.1876 88.2341
24.1876 88.2341
24.1479 88.2215
24.1079 88.2087
24.0698 88.1966
24.031 88.1842
23.9926 88.1719
23.9548 88.1599
23.9181 88.1482
23.8787 88.1356
23.8414 88.1238
23.8048 88.1121
23.7657 88.0996
23.7266 88.0872
23.6864 88.0744
23.65 88.0628
23.6135 88.0511
23.5956 88.0454
23.5765 88.0393
23.5563 88.0329
23.5356 88.0263
23.5152 88.0198
23.4952 88.0134
23.4762 88.0074
23.4587 88.0018
23.4377 87.9951
23.4168 87.9885
23.3946 87.9814
23.3804 87.9768
23.3642 87.9717
23.3472 87.9663
23.3288 87.9604
23.3112 87.9548
23.2925 87.9488
23.364 88.003
23.4276 88.0511
23.4934 88.1009
23.5545 88.1472
23.6088 88.1883
23.6636 88.2298
23.723 88.2747
23.7837 88.3207
23.8431 88.3656
23.8456 88.3679
23.8428 87.8922
23.8401 87.437
23.8372 86.9435
23.8279 85.3656
23.8261 85.0516
23.8238 84.6724
23.8222 84.4014
23.8203 84.0801
23.8186 83.7791
23.8167 83.4683
23.8147 83.1242
23.8127 82.7777
23.8107 82.4491
23.8088 82.1232
23.804 81.3119
23.7991 80.4646
23.7975 80.2019
15.1055 84.6778
15.1055 84.6778
15.1055 84.6778
15.1055 84.6778
15.1055 84.6778
15.1055 84.6778
15.1055 84.6778
15.1055 84.6778
15.1055 84.6778
15.1055 84.6778
15.1055 84.6778
14.4253 85.2439
13.6444 85.894
12.8684 86.5399
12.1357 87.1497
11.4201 87.7453
10.7788 88.2789
10.1894 88.7695
9.76273 89.1246
9.76273 89.1246
9.76273 89.1246
9.76273 89.1246
9.76273 89.1246
9.76273 89.1246
9.76273 89.1246
9.73879 89.1264
9.71732 89.128
9.69556 89.1297
9.67623 89.1311
9.65313 89.1329
9.6324 89.1345
9.61069 89.1361
9.58949 89.1377
9.56689 89.1394
9.54295 89.1413
9.51812 89.1432
9.50206 88.9063
9.48545 88.6613
9.46911 88.4202
9.45367 88.1924
9.4394 87.9819
9.4249 87.768
9.41115 87.5651
9.39466 87.322
9.37826 87.08
9.36276 86.8513
9.34595 86.6033
9.33117 86.3853
9.31336 86.1226
9.2976 85.8901
9.28334 85.6797
9.26917 85.4707
9.2524 85.2233
9.2369 84.9946
9.21168 84.6226
9.18664 84.2531
9.16446 83.926
9.14199 83.5944
9.11814 83.2426
9.09333 82.8766
9.0664 82.4793
9.04238 82.1249
9.00604 81.5888
8.97322 81.1047
8.93631 80.5602
8.89825 79.9987
8.85712 79.3919
8.85712 79.3919
8.85712 79.3919
8.85712 79.3919
8.85712 79.3919
8.85712 79.3919
8.85712 79.3919
8.85712 79.3919
8.85712 79.3919
8.85712 79.3919
8.85712 79.3919
8.85712 79.3919
8.85712 79.3919
8.85712 79.3919
8.85712 79.3919
8.85712 79.3919
8.85712 79.3919
8.98163 79.2384
9.10321 79.0885
9.21717 78.948
9.33454 78.8033
9.46366 78.6442
9.58387 78.496
9.70788 78.3431
9.8282 78.1948
9.94765 78.0475
10.0763 77.8889
10.2124 77.7211
10.3285 77.578
10.4541 77.4231
10.5858 77.2608
10.717 77.0991
10.8514 76.9334
10.9929 76.7589
11.1423 76.5747
11.2964 76.3848
11.4505 76.1948
11.6068 76.0021
12.0996 75.3946
13.611 73.5313
13.9187 73.152
14.207 72.7966
14.8486 72.0057
14.8486 72.0057
14.8486 72.0057
14.8486 72.0057
14.8486 72.0057
14.8486 72.0057
14.8486 72.0057
14.8486 72.0057
14.8486 72.0057
14.8486 72.0057
14.8486 72.0057
14.8486 72.0057
15.1791 71.973
15.5212 71.9392
15.8474 71.907
16.1829 71.8739
16.568 71.8358
16.8919 71.8038
17.2277 71.7707
17.514 71.7424
17.8409 71.7101
18.1331 71.6813
18.4294 71.652
18.7097 71.6243
19.0212 71.5935
19.1874 71.5771
19.3826 71.5578
19.5952 71.5368
19.7715 71.5194
19.9543 71.5014
20.1255 71.4845
20.3023 71.467
20.7489 71.4229
21.2026 71.3781
21.8527 71.3139
21.7163 70.7793
21.5854 70.2663
21.4407 69.6995
21.2763 69.0552
21.1102 68.4045
21.0256 68.0731
20.9427 67.7485
20.8551 67.4052
20.7962 67.1744
20.7355 66.9366
20.6718 66.687
20.8721 66.4334
21.0939 66.1524
21.3255 65.8592
21.5749 65.5433
21.8138 65.2408
22.0668 64.9203
22.3812 64.5221
22.6124 64.2294
22.7983 63.994
22.9863 63.7558
23.1763 63.5153
23.364 63.2776
23.5613 63.0276
23.7544 62.7831
23.9349 62.5545
23.9349 62.5545
23.9349 62.5545
23.9349 62.5545
24.4018 62.4251
24.7976 62.3155
25.1993 62.2042
25.6687 62.0742
26.1436 61.9426
26.7139 61.7847
27.2975 61.623
27.103 61.6571
26.9446 61.6849
26.7846 61.713
26.3465 61.7899
25.8364 61.8795
25.3991 61.9562
24.9888 62.0283
24.5384 62.1074
24.0347 62.1958
23.8405 61.9828
23.6353 61.7579
23.456 61.5612
23.0402 61.1052
22.6509 60.6783
22.2862 60.2783
21.8911 59.8451
21.5662 59.4888
21.2207 59.1098
20.8616 58.716
20.5057 58.3258
20.1911 57.9807
19.8229 57.5769
19.4828 57.204
19.1455 56.8341
18.8175 56.4743
18.8175 56.4743
18.8175 56.4743
18.8175 56.4743
18.8175 56.4743
18.7674 56.3099
18.7185 56.1493
18.6641 55.9707
18.5956 55.746
17.3443 55.5206
15.0954 55.1155
13.8249 54.8866
12.9961 54.7374
12.0895 55.5409
8.70124 58.5434
8.54005 58.7381
8.34299 58.9763
8.18865 59.1628
8.02056 59.3659
7.87758 59.5387
7.82009 59.6081
7.75521 59.6865
7.69558 59.7586
7.63186 59.8356
7.57044 59.9098
7.51021 59.9826
7.45276 60.052
7.39248 60.1249
7.34044 60.1878
7.28531 60.2544
7.21962 60.3338
7.16435 60.4006
7.30302 59.8059
7.46483 59.1121
7.60141 58.5265
7.74547 57.9088
7.87913 57.3357
8.01863 56.7375
8.16584 56.1063
8.31282 55.4761
8.46002 54.8449
8.58494 54.3092
8.74287 53.632
8.90219 52.9489
9.04295 52.3454
9.17857 51.7638
9.31632 51.1731
9.50076 50.3823
9.66887 49.6615
9.9466 48.4706
10.3057 48.2518
10.6204 48.0601
10.9993 47.8292
11.3616 47.6085
11.7447 47.3751
12.1268 47.1423
12.499 46.9156
12.8872 46.679
13.7224 46.1702
14.5116 45.6894
15.3439 45.1824
15.721 45.0929
16.115 44.9995
16.6305 44.8772
17.1559 44.7525
17.794 44.6012
18.5336 44.4257
18.6036 44.4091
18.707 44.3846
18.8312 44.3552
18.9407 44.3292
19.0631 44.3002
19.1671 44.2755
19.2893 44.2465
19.4139 44.2169
19.5118 44.1937
19.6383 44.1637
19.7559 44.1358
19.8761 44.1073
20.008 44.076
20.1373 44.0453
20.2576 44.0168
20.2576 44.0168
20.2576 44.0168
20.2576 44.0168
20.2576 44.0168
20.2576 44.0168
20.7391 43.846
21.3231 43.6388
21.9344 43.4219
22.4496 43.2392
23.0105 43.0402
23.6815 42.8021
24.3294 42.5723
25.0143 42.3293
25.8984 42.0156
25.8984 42.0156
25.8984 42.0156
25.8984 42.0156
25.8984 42.0156
25.8984 42.0156
26.1675 41.8346
26.4194 41.6651
26.6947 41.4798
26.9356 41.3178
27.2228 41.1245
27.5123 40.9298
27.8248 40.7195
28.149 40.5013
28.467 40.2873
28.8253 40.0463
28.3301 39.2759
27.6904 38.2808
26.7338 36.7927
25.6273 35.0712
24.8358 33.84
23.9295 32.43
23.7104 32.0892
23.4893 31.7454
23.2468 31.368
23.0326 31.0349
22.8317 30.7223
22.6052 30.3699
22.3739 30.0101
21.1593 30.1774
19.8195 30.3619
18.0035 30.612
13.7658 31.1957
11.496 31.5083
8.98336 31.8544
9.01117 31.7379
9.03315 31.6459
9.06128 31.5282
9.08319 31.4365
9.10258 31.3553
9.12562 31.2588
9.15036 31.1553
9.17953 31.0331
9.2087 30.9111
9.23411 30.8047
9.25642 30.7113
9.30923 30.4902
9.37516 30.2142
9.43554 29.9615
9.49103 29.7292
9.54395 29.5077
9.59657 29.2875
9.65352 29.0491
9.70997 28.8127
9.76423 28.5856
9.81683 28.3654
9.87462 28.1235
9.9356 27.8683
9.98937 27.6432
11.0666 23.1339
11.2595 22.3263
11.453 21.5164
11.6465 20.7062
11.809 20.026
11.9706 19.3497
12.1609 18.5531
12.3245 17.8682
12.5798 16.7995
12.679 16.3846
12.777 15.9742
12.8064 15.8513
12.8368 15.724
12.8671 15.5971
12.8987 15.4647
12.9296 15.3354
12.9658 15.1838
12.998 15.049
13.0277 14.9248
13.0609 14.7858
13.6569 14.8078
14.2552 14.8298
22.3944 15.1299
23.2219 15.1604
23.8761 15.1845
24.9533 15.2242
25.8619 15.2577
26.9367 15.2973
28.1006 15.3402
29.4887 15.3914
31.3406 15.4597
32.8224 15.5143
34.275 15.5678
35.4783 15.6122
35.9714 16.8135
36.1631 17.2803
36.354 17.7454
36.5412 18.2015
36.7604 18.7354
37.0021 19.3243
37.2344 19.8902
37.4662 20.4549
37.6477 20.8971
37.8237 21.3258
38.2022 22.2477
38.6642 23.3732
39.1561 24.5714
39.6697 25.8227
41.8531 31.1416
41.8531 31.1416
41.8531 31.1416
41.8858 31.1623
41.9219 31.1852
41.9546 31.2059
41.9859 31.2257
42.0191 31.2468
42.0518 31.2675
42.083 31.2873
42.1162 31.3083
42.1488 31.329
42.184 31.3513
42.2147 31.3708
42.2499 31.3931
42.2829 31.414
43.7113 33.475
45.0463 35.4013
45.2375 35.6772
45.4355 35.9629
45.6354 36.2512
45.8961 36.6274
46.1473 36.9898
46.2288 37.1074
46.3034 37.215
46.3731 37.3156
46.4607 37.4419
46.5573 37.5813
46.6402 37.701
46.7235 37.8211
46.7243 37.8389
46.7252 37.8588
46.726 37.8769
46.7268 37.8934
46.7276 37.9118
46.7285 37.931
46.5053 38.0857
46.269 38.2495
46.0132 38.4268
45.7742 38.5924
45.4739 38.8006
45.2182 38.9778
44.9496 39.164
44.6753 39.3541
44.4168 39.5333
43.7672 40.0934
43.1778 40.6016
42.5143 41.1737
41.9216 41.6847
41.2929 42.2269
41.1104 42.3843
38.9561 44.2419
39.035 44.3594
39.1025 44.4597
39.1688 44.5585
39.2304 44.65
39.2931 44.7433
39.347 44.8235
39.4031 44.907
39.7078 45.3603
40.0611 45.8859
40.4338 46.4404
40.7915 46.9725
41.2487 47.6527
41.8884 48.6045
42.6476 49.7338
43.3355 50.7573
43.8012 51.4501
44.1051 51.646
44.3973 51.8345
44.9151 52.1685
49.5947 55.1865
49.7017 55.0794
49.8104 54.9706
49.9036 54.8773
50.0027 54.7782
50.1052 54.6756
50.2115 54.5692
50.307 54.4736
50.4074 54.3732
50.5157 54.2648
50.6124 54.168
50.7249 54.0555
50.8303 53.95
50.9824 53.7978
51.167 53.613
51.3062 53.4738
51.4464 53.3335
51.5796 53.2001
51.7246 53.055
51.8689 52.9106
51.8689 52.9106
51.8689 52.9106
53.9039 54.5386
54.4525 54.9775
54.9871 55.4051
55.9662 56.1885
56.9678 56.9897
57.925 57.7554
58.9036 58.5383
59.0158 58.6281
59.1332 58.7219
59.24 58.8074
59.3388 58.8864
59.4485 58.9742
59.5706 59.0718
59.6821 59.161
59.7936 59.2502
60.334 59.6824
60.9191 60.1504
61.5109 60.6238
62.0913 61.088
62.6794 61.5584
63.3497 62.0945
64.1685 62.7495
65.0187 63.4295
66.1666 64.3477
67.2647 65.226
67.2647 65.226
67.2647 65.226
67.2647 65.226
67.2647 65.226
67.3678 65.3018
67.4714 65.3781
67.5757 65.4548
67.6897 65.5387
67.7817 65.6063
67.8873 65.684
67.9921 65.7611
68.1011 65.8413
68.2024 65.9159
68.3077 65.9933
68.3953 66.0578
69.3753 66.7787
70.4194 67.5469
71.3982 68.267
72.3645 68.9779
73.4245 69.7578
74.1975 70.3264
75.5143 71.2953
74.7856 68.0875
74.2597 65.7724
73.7237 63.413
73.4351 62.1426
73.0033 60.2413
72.7955 59.3268
72.3976 57.5751
71.9965 55.8095
71.6054 54.0876
71.1884 52.2519
70.7945 50.5177
70.5122 49.2748
70.2959 48.323
70.0046 47.0405
69.7577 45.9534
69.485 44.7531
69.306 43.9649
69.1901 43.4547
69.0687 42.9205
68.9262 42.293
68.7257 41.4104
68.5409 40.5968
68.3646 39.8207
68.161 38.9246
67.9825 38.1388
67.9825 38.1388
67.9825 38.1388
67.9825 38.1388
67.9825 38.1388
67.9825 38.1388
67.9825 38.1388
68.3124 31.8168
68.4351 29.4651
68.5243 27.7535
68.5921 26.4539
68.6761 24.8421
68.7552 23.3257
68.8334 21.8254
68.8744 21.0398
68.9744 19.1206
69.1171 16.3856
69.2193 14.4252
70.5568 15.1168
72.6821 16.2159
