0,979,243,260,483,627,345,98,33,590,884,520,198,170,506,838,136,684,242,497,107,195,951,835,274,745,358,43,45,323,606,926,967,466,314,609,29,675,842,425,592,932,670,553,977,920,387,383,900,478,538,440,941,583,102,293,656,334,852,767,420,650,975,485,595,850,190,35,117,582,109,727,837,201,579,110,385,378,51,962,152,648,818,417,71,740,353,725,149,42,494,813,145,473,322,159,528,332,660,204,311,450,889,25,372,685,928,135,820,983,893,864,854,580,434,344,584,318,185,742,775,481,465,931,83,823,464,845,158,666,52,567,620,817,273,202,544,285,251,395,477,737,774,367,992,248,984,816,62,532,177,896,406,193,179,659,320,165,259,851,911,375,624,763,690,746,980,856,40,952,23,618,394,713,265,541,22,5,961,882,105,516,530,408,539,613,814,53,343,511,313,156,559,239,536,874,569,766,974,206,230,866,146,707,611,389,738,752,72,448,672,610,470,58,960,44,449,256,840,859,167,437,36,885,409,918,392,309,96,795,416,305,181,877,548,129,271,755,807,292,139,120,786,638,92,231,99,697,2,60,266,454,872,150,124,919,252,270,253,649,41,976,773,404,223,563,241,614,561,80,189,163,724,226,523,826,676,410,779,171,564,294,118,140,12,940,245,754,319,642,861,636,280,82,880,126,215,350,894,415,335,800,987,317,94,782,562,369,460,297,947,622,887,9,937,575,173,744,904,238,282,67,762,668,315,791,832,801,632,867,393,654,647,68,18,290,671,208,847,340,112,229,509,144,484,986,513,895,802,281,576,84,855,216,617,235,857,798,264,921,769,577,432,468,605,453,558,91,286,623,85,498,793,396,907,810,743,515,964,968,804,63,54,732,161,492,210,621,906,512,155,69,452,197,716,875,472,945,625,143,594,186,923,870,519,848,942,188,644,262,357,843,70,232,781,634,844,978,27,821,751,19,865,355,785,217,377,276,935,930,421,250,522,66,692,191,160,257,853,7,337,709,379,834,790,626,261,419,111,883,822,787,354,284,602,702,679,915,664,869,307,221,641,783,771,37,908,49,706,414,989,508,549,862,356,917,147,811,397,529,525,237,461,180,566,619,89,194,413,370,913,480,459,533,101,127,342,778,59,809,597,765,225,591,501,291,689,308,359,104,683,175,134,596,365,471,929,540,662,910,604,715,56,730,571,267,507,600,733,903,487,361,339,326,878,272,574,680,329,411,957,545,34,705,981,891,876,839,965,21,688,382,788,645,599,137,756,720,603,269,30,912,493,922,901,451,349,640,390,589,422,510,772,909,505,279,336,130,100,938,352,784,79,691,925,341,956,805,764,565,347,376,169,892,220,502,796,457,178,701,113,400,479,114,948,780,550,551,433,500,325,635,48,503,760,196,131,739,927,601,192,552,971,524,729,897,482,81,924,97,398,846,132,587,275,162,726,658,184,560,327,526,954,888,429,490,333,806,244,608,578,288,537,789,950,249,946,886,757,443,955,916,168,360,815,16,695,346,76,138,247,183,833,495,825,469,93,88,491,753,424,418,172,141,296,73,431,428,696,368,306,441,593,808,442,462,227,714,651,20,521,430,761,28,631,106,557,933,750,386,827,236,871,115,768,50,399,108,456,17,776,712,304,15,13,953,699,213,401,39,988,711,435,830,868,447,380,199,678,969,973,914,200,405,547,736,615,446,628,719,1,300,546,792,95,570,728,224,905,693,637,759,803,554,718,263,153,585,436,301,364,316,31,444,982,568,427,657,686,517,890,445,939,90,240,298,381,665,75,944,203,860,207,667,321,556,426,630,747,703,3,338,234,219,77,799,14,607,734,970,277,694,879,991,639,531,119,966,374,677,255,717,373,371,214,57,122,283,330,990,731,128,46,157,708,116,463,849,489,384,212,499,312,749,218,527,841,166,87,228,476,154,222,652,328,47,936,542,958,700,496,534,797,663,423,182,123,303,65,616,148,391,38,403,543,698,233,735,438,758,324,972,32,388,475,858,174,142,278,205,633,687,949,302,535,121,655,748,723,151,829,943,985,78,486,11,268,10,863,710,899,770,612,299,741,258,963,125,902,673,572,455,514,682,187,61,412,674,362,331,133,4,794,74,898,86,722,812,646,211,629,588,881,439,254,348,488,8,366,643,836,824,661,474,402,363,704,64,653,246,573,287,669,351,407,103,777,310,518,934,289,26,467,586,209,828,55,873,681,555,819,458,164,959,6,24,831,176,504,295,721,581,598,
value : 840.878 running time : 35.622926
80 20
82.976 13.6598
82.976 13.6598
82.976 13.6598
88.9303 19.4608
88.9303 19.4608
88.9303 19.4608
91.7956 29.5861
91.7956 29.5861
91.7956 29.5861
86.3585 41.8858
86.3585 41.8858
86.5144 50.7214
86.5144 50.7214
86.5144 50.7214
86.5144 50.7214
86.5144 50.7214
86.5144 50.7214
86.5144 50.7214
86.5144 50.7214
86.5144 50.7214
86.5144 50.7214
86.5144 50.7214
86.5144 50.7214
74.8313 33.2633
74.8313 33.2633
70.3278 45.3943
70.3278 45.3943
70.3278 45.3943
70.3278 45.3943
70.3278 45.3943
70.3278 45.3943
70.3278 45.3943
70.3278 45.3943
70.3278 45.3943
70.3278 45.3943
70.3278 45.3943
70.3278 45.3943
70.3278 45.3943
70.3278 45.3943
70.3278 45.3943
70.3278 45.3943
70.3278 45.3943
70.3278 45.3943
71.5795 58.9512
71.5795 58.9512
71.5795 58.9512
71.5795 58.9512
71.5795 58.9512
71.5795 58.9512
71.5795 58.9512
68.2533 60.4326
68.2533 60.4326
68.2533 60.4326
68.2533 60.4326
68.2533 60.4326
68.2533 60.4326
68.2533 60.4326
68.2533 60.4326
68.2533 60.4326
68.2533 60.4326
68.2533 60.4326
68.2533 60.4326
68.2533 60.4326
68.2533 60.4326
68.2533 60.4326
68.2533 60.4326
68.2533 60.4326
68.2533 60.4326
62.2673 65.9514
62.2673 65.9514
62.2673 65.9514
62.2673 65.9514
69.5914 70.898
69.5914 70.898
69.5914 70.898
69.5914 70.898
73.5196 76.9784
73.5196 76.9784
73.5196 76.9784
73.5196 76.9784
73.5196 76.9784
73.5196 76.9784
73.5196 76.9784
73.5196 76.9784
73.5196 76.9784
70.6535 87.232
70.6535 87.232
70.6535 87.232
70.6535 87.232
70.6535 87.232
70.6535 87.232
70.6535 87.232
78.797 85.1473
78.797 85.1473
78.797 85.1473
85.6474 81.831
85.6474 81.831
85.6474 81.831
85.6474 81.831
85.6474 81.831
85.6474 81.831
85.6474 81.831
85.6474 81.831
89.4952 91.3206
89.4952 91.3206
89.4952 91.3206
88.1106 93.0541
88.1106 93.0541
88.1106 93.0541
88.1106 93.0541
70.1101 95.0602
70.1101 95.0602
70.1101 95.0602
62.9083 93.1335
62.9083 93.1335
62.9083 93.1335
62.9083 93.1335
62.9083 93.1335
64.688 86.7455
64.688 86.7455
64.688 86.7455
64.688 86.7455
64.688 86.7455
64.688 86.7455
64.688 86.7455
64.688 86.7455
64.688 86.7455
64.688 86.7455
64.688 86.7455
64.688 86.7455
64.688 86.7455
64.688 86.7455
64.688 86.7455
64.688 86.7455
64.688 86.7455
64.688 86.7455
64.688 86.7455
64.688 86.7455
64.688 86.7455
64.688 86.7455
64.688 86.7455
57.8212 88.3229
57.8212 88.3229
57.8212 88.3229
51.2808 89.9658
51.2808 89.9658
51.2808 89.9658
51.2808 89.9658
51.2808 89.9658
51.2808 89.9658
51.2808 89.9658
51.2808 89.9658
51.2808 89.9658
51.2808 89.9658
51.2808 89.9658
51.2808 89.9658
51.2808 89.9658
51.2808 89.9658
51.2808 89.9658
51.2808 89.9658
51.2808 89.9658
51.2808 89.9658
51.2808 89.9658
51.2808 89.9658
51.2808 89.9658
51.2808 89.9658
51.2808 89.9658
51.2808 89.9658
51.2808 89.9658
51.2808 89.9658
51.2808 89.9658
47.2276 94.8173
47.2276 94.8173
47.2276 94.8173
47.2276 94.8173
47.2276 94.8173
47.2276 94.8173
47.2276 94.8173
47.2276 94.8173
47.2276 94.8173
47.2276 94.8173
47.2276 94.8173
47.2276 94.8173
47.2276 94.8173
47.2276 94.8173
47.2276 94.8173
47.2276 94.8173
47.2276 94.8173
47.2276 94.8173
47.2276 94.8173
47.2276 94.8173
47.2276 94.8173
47.2276 94.8173
47.2276 94.8173
47.2276 94.8173
47.2276 94.8173
47.2276 94.8173
47.2276 94.8173
47.2276 94.8173
47.2276 94.8173
47.2276 94.8173
47.2276 94.8173
47.2276 94.8173
33.4899 98.9039
33.4899 98.9039
33.4899 98.9039
33.4899 98.9039
33.4899 98.9039
33.4899 98.9039
33.4899 98.9039
33.1852 92.973
33.1852 92.973
30.6924 89.7078
30.6924 89.7078
30.6924 89.7078
30.6924 89.7078
30.6924 89.7078
30.6924 89.7078
30.6924 89.7078
30.6924 89.7078
30.6924 89.7078
30.6924 89.7078
30.6924 89.7078
30.6924 89.7078
30.6924 89.7078
30.6924 89.7078
30.6924 89.7078
30.6924 89.7078
30.6924 89.7078
30.6924 89.7078
39.9123 87.3983
39.9123 87.3983
39.9123 87.3983
39.9123 87.3983
39.9123 87.3983
39.9123 87.3983
39.9123 87.3983
39.9123 87.3983
39.9123 87.3983
36.8802 87.8838
36.8802 87.8838
36.8802 87.8838
36.8802 87.8838
36.8802 87.8838
36.8802 87.8838
31.9778 80.4966
31.9778 80.4966
31.9778 80.4966
31.9778 80.4966
31.9778 80.4966
31.9778 80.4966
31.9778 80.4966
31.9778 80.4966
31.9778 80.4966
31.9778 80.4966
31.9778 80.4966
31.9778 80.4966
31.9778 80.4966
31.9778 80.4966
31.9778 80.4966
31.9778 80.4966
31.9778 80.4966
31.9778 80.4966
31.9778 80.4966
35.6522 74.3803
35.6522 74.3803
35.6522 74.3803
35.6522 74.3803
35.6522 74.3803
35.6522 74.3803
35.6522 74.3803
35.6522 74.3803
35.6522 74.3803
35.6522 74.3803
39.0712 72.0158
39.0712 72.0158
39.0712 72.0158
39.0712 72.0158
39.0712 72.0158
39.0712 72.0158
39.0712 72.0158
46.5717 83.0812
46.5717 83.0812
46.5717 83.0812
46.5717 83.0812
46.5717 83.0812
46.5717 83.0812
46.5717 83.0812
46.5717 83.0812
46.5717 83.0812
46.5717 83.0812
46.5717 83.0812
46.5717 83.0812
46.5717 83.0812
46.5717 83.0812
46.5717 83.0812
46.5717 83.0812
46.5717 83.0812
46.5717 83.0812
46.5717 83.0812
46.5717 83.0812
53.1317 83.3711
53.1317 83.3711
53.1317 83.3711
53.1317 83.3711
53.1317 83.3711
53.1317 83.3711
53.1317 83.3711
53.1317 83.3711
53.1317 83.3711
57.9548 80.0893
57.9548 80.0893
57.9548 80.0893
57.9548 80.0893
57.9548 80.0893
58.7762 72.114
58.7762 72.114
58.7762 72.114
58.7762 72.114
58.7762 72.114
58.7762 72.114
58.7762 72.114
58.7762 72.114
58.7762 72.114
58.7762 72.114
58.7762 72.114
58.7762 72.114
58.7762 72.114
58.7762 72.114
58.7762 72.114
58.7762 72.114
58.7762 72.114
58.7762 72.114
58.7762 72.114
58.7762 72.114
58.7762 72.114
58.7762 72.114
58.7762 72.114
58.7762 72.114
58.7762 72.114
58.7762 72.114
58.7762 72.114
50.4178 69.7737
50.4178 69.7737
50.4178 69.7737
50.4178 69.7737
50.4178 69.7737
50.4178 69.7737
48.3556 66.4978
48.3556 66.4978
48.3556 66.4978
48.3556 66.4978
48.3556 66.4978
48.3556 66.4978
48.3556 66.4978
48.3556 66.4978
48.3556 66.4978
48.3556 66.4978
48.3556 66.4978
48.3556 66.4978
48.3556 66.4978
48.3556 66.4978
48.3556 66.4978
48.3556 66.4978
48.3556 66.4978
48.3556 66.4978
48.3556 66.4978
48.3556 66.4978
52.426 61.4602
52.426 61.4602
52.426 61.4602
52.426 61.4602
52.426 61.4602
55.2948 57.4257
55.2948 57.4257
55.2948 57.4257
55.2948 57.4257
55.2948 57.4257
55.2948 57.4257
48.8851 55.5324
48.8851 55.5324
48.8851 55.5324
48.8851 55.5324
48.8851 55.5324
48.8851 55.5324
48.8851 55.5324
48.8851 55.5324
54.1167 49.1754
54.1167 49.1754
54.1167 49.1754
54.1167 49.1754
54.1167 49.1754
54.1167 49.1754
54.1167 49.1754
54.1167 49.1754
54.1167 49.1754
54.1167 49.1754
54.1167 49.1754
55.1404 48.302
55.1404 48.302
55.1404 48.302
55.1404 48.302
55.1404 48.302
55.1404 48.302
55.1404 48.302
60.3076 50.3075
60.3076 50.3075
60.3076 50.3075
60.3076 50.3075
60.3076 50.3075
60.3076 50.3075
60.3076 50.3075
59.4239 45.3252
57.9355 36.9337
57.9355 36.9337
57.9355 36.9337
57.9355 36.9337
57.9355 36.9337
57.9355 36.9337
57.9355 36.9337
57.9355 36.9337
57.9355 36.9337
57.9355 36.9337
57.9355 36.9337
57.9355 36.9337
57.9355 36.9337
52.3085 34.4598
52.3085 34.4598
52.3085 34.4598
52.3085 34.4598
52.3085 34.4598
41.9203 39.9855
41.9203 39.9855
41.9203 39.9855
41.9203 39.9855
41.9203 39.9855
41.9203 39.9855
41.9203 39.9855
41.9203 39.9855
37.5292 31.6258
37.5292 31.6258
37.5292 31.6258
37.5292 31.6258
37.5292 31.6258
40.209 28.5456
40.209 28.5456
40.209 28.5456
40.209 28.5456
40.209 28.5456
40.209 28.5456
40.209 28.5456
31.0152 27.3124
31.0152 27.3124
31.0152 27.3124
31.0152 27.3124
28.6216 30.1372
28.6216 30.1372
28.6216 30.1372
28.6216 30.1372
28.6216 30.1372
28.6216 30.1372
28.6216 30.1372
27.4811 38.6556
27.4811 38.6556
27.4811 38.6556
27.4811 38.6556
30.2164 39.2296
30.2164 39.2296
30.2164 39.2296
30.2164 39.2296
30.2164 39.2296
30.2164 39.2296
30.2164 39.2296
29.9962 42.0651
29.9962 42.0651
29.9962 42.0651
29.9962 42.0651
29.9962 42.0651
29.9962 42.0651
29.9962 42.0651
35.7606 43.8195
35.7606 43.8195
35.7606 43.8195
35.7606 43.8195
35.7606 43.8195
35.7606 43.8195
35.7606 43.8195
35.7606 43.8195
36.048 44.204
36.048 44.204
36.048 44.204
38.0836 53.3928
38.0836 53.3928
38.0836 53.3928
38.0836 53.3928
38.0836 53.3928
38.0836 53.3928
37.5128 58.4046
37.5128 58.4046
37.5128 58.4046
37.5128 58.4046
34.7988 65.0066
34.7988 65.0066
34.7988 65.0066
34.7988 65.0066
34.7988 65.0066
34.7988 65.0066
34.7988 65.0066
34.7988 65.0066
34.7988 65.0066
34.7988 65.0066
34.7988 65.0066
34.7988 65.0066
34.7988 65.0066
34.7988 65.0066
34.7988 65.0066
34.7988 65.0066
34.7988 65.0066
34.7988 65.0066
34.7988 65.0066
34.7988 65.0066
34.7988 65.0066
34.7988 65.0066
34.7988 65.0066
34.7988 65.0066
34.7988 65.0066
30.7686 68.8927
30.7686 68.8927
30.7686 68.8927
25.7344 68.5029
25.7344 68.5029
25.7344 68.5029
25.7344 68.5029
25.7344 68.5029
23.2665 65.8779
23.2665 65.8779
23.2665 65.8779
23.2665 65.8779
23.2665 65.8779
23.2665 65.8779
23.2665 65.8779
23.2665 65.8779
23.2665 65.8779
23.2665 65.8779
29.7746 59.2189
29.7746 59.2189
29.7746 59.2189
29.7746 59.2189
29.7746 59.2189
29.7746 59.2189
29.7746 59.2189
29.7746 59.2189
29.7746 59.2189
29.7746 59.2189
29.7746 59.2189
29.7746 59.2189
29.7746 59.2189
29.7746 59.2189
29.7746 59.2189
29.7746 59.2189
29.7746 59.2189
29.7746 59.2189
29.7746 59.2189
29.7746 59.2189
29.7746 59.2189
29.7746 59.2189
29.7746 59.2189
29.7746 59.2189
21.4421 56.0998
21.4421 56.0998
21.4421 56.0998
21.4421 56.0998
19.831 53.2563
19.831 53.2563
19.831 53.2563
19.831 53.2563
19.072 53.4956
19.072 53.4956
19.072 53.4956
19.072 53.4956
16.2314 54.9431
16.2314 54.9431
16.2314 54.9431
16.2314 54.9431
16.2314 54.9431
16.2314 54.9431
16.2314 54.9431
16.2314 54.9431
16.2314 54.9431
10.8685 69.6115
10.8685 69.6115
9.95178 74.4827
9.95178 74.4827
9.95178 74.4827
9.95178 74.4827
9.95178 74.4827
9.95178 74.4827
9.95178 74.4827
9.95178 74.4827
9.95178 74.4827
9.95178 74.4827
9.95178 74.4827
9.95178 74.4827
9.95178 74.4827
9.95178 74.4827
14.0045 75.4199
14.0045 75.4199
14.0045 75.4199
14.0045 75.4199
14.0045 75.4199
14.0045 75.4199
14.0045 75.4199
14.0045 75.4199
18.9506 65.6028
18.9506 65.6028
18.9506 65.6028
18.9506 65.6028
18.9506 65.6028
18.9506 65.6028
18.9506 65.6028
18.9506 65.6028
18.9506 65.6028
18.9506 65.6028
18.9506 65.6028
18.9506 65.6028
18.9506 65.6028
18.9506 65.6028
18.9506 65.6028
18.9506 65.6028
18.9506 65.6028
18.9506 65.6028
18.9506 65.6028
18.9506 65.6028
18.9506 65.6028
18.9506 65.6028
18.9506 65.6028
18.9506 65.6028
21.3124 75.5604
21.3124 75.5604
21.3124 75.5604
24.1142 76.3977
24.1142 76.3977
24.1142 76.3977
24.1142 76.3977
24.1142 76.3977
24.1142 76.3977
24.1142 76.3977
21.8912 82.9698
21.8912 82.9698
21.8912 82.9698
21.8912 82.9698
21.8912 82.9698
21.8912 82.9698
21.8912 82.9698
21.8912 82.9698
21.8912 82.9698
21.8912 82.9698
21.8912 82.9698
21.8912 82.9698
21.5538 83.1104
21.5538 83.1104
21.5538 83.1104
21.5538 83.1104
21.1288 82.6608
21.1288 82.6608
21.1288 82.6608
17.6856 84.882
17.6856 84.882
17.6856 84.882
17.6856 84.882
17.6856 84.882
17.6856 84.882
17.6856 84.882
17.6856 84.882
17.6856 84.882
17.6856 84.882
17.6856 84.882
23.0447 88.6119
23.0447 88.6119
23.0447 88.6119
23.0447 88.6119
25.0071 90.3228
25.0071 90.3228
25.0071 90.3228
25.0071 90.3228
25.0071 90.3228
25.0071 90.3228
25.0071 90.3228
25.0071 90.3228
25.0071 90.3228
25.0071 90.3228
25.0071 90.3228
25.0071 90.3228
25.0071 90.3228
25.0071 90.3228
25.0071 90.3228
25.0071 90.3228
25.0071 90.3228
25.0071 90.3228
25.0071 90.3228
25.0071 90.3228
25.0071 90.3228
25.0071 90.3228
25.0071 90.3228
15.2163 96.9313
15.2163 96.9313
15.2163 96.9313
15.2163 96.9313
15.2163 96.9313
15.2163 96.9313
15.2163 96.9313
15.2163 96.9313
15.2163 96.9313
15.2163 96.9313
15.2163 96.9313
15.2163 96.9313
12.9464 93.9861
12.9464 93.9861
12.9464 93.9861
12.9464 93.9861
12.9464 93.9861
12.9464 93.9861
12.9464 93.9861
12.9464 93.9861
12.9464 93.9861
12.9464 93.9861
5.30562 93.8308
5.30562 93.8308
5.30562 93.8308
5.30562 93.8308
5.30562 93.8308
5.30562 93.8308
4.59616 90.9822
4.59616 90.9822
4.59616 90.9822
4.59616 90.9822
4.59616 90.9822
4.59616 90.9822
4.59616 90.9822
4.59616 90.9822
4.59616 90.9822
4.59616 90.9822
4.59616 90.9822
4.59616 90.9822
4.59616 90.9822
4.59616 90.9822
4.59616 90.9822
4.59616 90.9822
4.59616 90.9822
4.59616 90.9822
4.59616 90.9822
4.59616 90.9822
4.59616 90.9822
4.59616 90.9822
4.59616 90.9822
2.91094 81.9646
2.91094 81.9646
2.91094 81.9646
2.91094 81.9646
2.91094 81.9646
2.91094 81.9646
2.91094 81.9646
2.91094 81.9646
2.91094 81.9646
2.91094 81.9646
2.91094 81.9646
2.91094 81.9646
2.91094 81.9646
2.91094 81.9646
2.91094 81.9646
2.91094 81.9646
2.91094 81.9646
2.91094 81.9646
2.91094 81.9646
2.91094 81.9646
-1.94018 74.7453
-1.94018 74.7453
-1.94018 74.7453
-1.94018 74.7453
-1.94018 74.7453
-1.94018 74.7453
-1.94018 74.7453
-1.94018 74.7453
-1.94018 74.7453
-1.94018 74.7453
-1.94018 74.7453
-1.94018 74.7453
-1.94018 74.7453
-1.94018 74.7453
-1.94018 74.7453
-1.94018 74.7453
-1.94018 74.7453
-1.94018 74.7453
-1.94018 74.7453
-1.94018 74.7453
-1.94018 74.7453
3.93598 71.7861
3.93598 71.7861
4.23186 71.7917
4.23186 71.7917
4.23186 71.7917
4.23186 71.7917
4.23186 71.7917
4.23186 71.7917
4.23186 71.7917
4.23186 71.7917
4.23186 71.7917
4.23186 71.7917
4.23186 71.7917
4.23186 71.7917
4.23186 71.7917
4.23186 71.7917
4.23186 71.7917
4.23186 71.7917
4.23186 71.7917
4.23186 71.7917
4.23186 71.7917
4.23186 71.7917
-0.130636 56.5516
-0.130636 56.5516
-0.130636 56.5516
-0.130636 56.5516
-0.130636 56.5516
-0.130636 56.5516
-0.130636 56.5516
-0.130636 56.5516
5.78503 49.3838
5.78503 49.3838
5.78503 49.3838
5.78503 49.3838
5.78503 49.3838
5.78503 49.3838
5.78503 49.3838
5.78503 49.3838
5.78503 49.3838
5.78503 49.3838
5.78503 49.3838
5.78503 49.3838
5.78503 49.3838
5.78503 49.3838
5.78503 49.3838
5.78503 49.3838
5.78503 49.3838
5.78503 49.3838
5.78503 49.3838
5.78503 49.3838
5.78503 49.3838
0.675802 41.2503
5.60617 41.8291
5.60617 41.8291
5.60617 41.8291
5.60617 41.8291
5.60617 41.8291
5.60617 41.8291
5.60617 41.8291
5.60617 41.8291
5.60617 41.8291
11.6984 43.2573
11.6984 43.2573
11.6984 43.2573
11.6984 43.2573
11.6984 43.2573
11.6984 43.2573
11.6984 43.2573
11.6984 43.2573
11.6984 43.2573
11.6984 43.2573
16.9246 46.6804
16.9246 46.6804
16.9246 46.6804
16.9246 46.6804
20.9931 50.967
20.9931 50.967
20.9931 50.967
20.9931 50.967
20.9931 50.967
20.9931 50.967
20.9931 50.967
20.9931 50.967
20.9931 50.967
20.9931 50.967
27.9366 47.3864
27.9366 47.3864
27.9366 47.3864
27.9366 47.3864
27.9366 47.3864
27.9366 47.3864
24.0847 41.0844
24.0847 41.0844
24.0847 41.0844
24.0847 41.0844
24.0847 41.0844
24.0847 41.0844
24.0847 41.0844
24.0847 41.0844
24.2897 37.8658
24.2897 37.8658
24.2897 37.8658
24.2897 37.8658
24.2897 37.8658
24.2897 37.8658
19.4582 37.0816
19.4582 37.0816
19.4582 37.0816
19.4582 37.0816
19.4582 37.0816
19.4582 37.0816
13.5852 33.877
13.5852 33.877
13.5852 33.877
13.5852 33.877
13.5852 33.877
13.5852 33.877
11.4494 32.4028
11.4494 32.4028
11.4494 32.4028
11.4494 32.4028
11.2955 26.8181
11.2955 26.8181
11.2955 26.8181
11.2955 26.8181
11.2955 26.8181
1.99764 21.0152
1.99764 21.0152
1.99764 21.0152
1.99764 21.0152
1.99764 21.0152
1.99764 21.0152
1.99764 21.0152
1.99764 21.0152
1.99764 21.0152
1.99764 21.0152
1.99764 21.0152
1.99764 21.0152
1.99764 21.0152
8.77254 8.2376
8.77254 8.2376
8.77254 8.2376
8.77254 8.2376
8.77254 8.2376
8.77254 8.2376
8.77254 8.2376
17.8886 12.8822
17.8886 12.8822
17.8886 12.8822
17.8886 12.8822
17.8886 12.8822
17.8886 12.8822
17.8886 12.8822
18.611 17.5901
18.611 17.5901
18.611 17.5901
18.611 17.5901
18.611 17.5901
28.4039 17.0104
28.4039 17.0104
28.4039 17.0104
32.469 17.2392
32.469 17.2392
32.469 17.2392
32.469 17.2392
32.469 17.2392
32.469 17.2392
32.469 17.2392
53.5962 11.1445
53.5962 11.1445
50.0783 14.3318
50.0783 14.3318
45.4787 22.4886
45.4787 22.4886
45.4787 22.4886
45.4787 22.4886
45.4787 22.4886
45.4787 22.4886
52.1195 23.5694
52.1195 23.5694
52.1195 23.5694
52.1195 23.5694
52.1195 23.5694
52.1195 23.5694
54.2888 25.3277
54.2888 25.3277
54.2888 25.3277
54.2888 25.3277
56.2548 21.2577
56.2548 21.2577
57.5653 20.6754
57.5653 20.6754
57.5653 20.6754
65.8069 13.9277
65.8069 13.9277
65.8069 13.9277
